14132754149030090505
5 4 6 5 -1  1
14133251573283285792
4 2 5 1 -1  1
14133261464646493715
0 0 0 4 -1  1
14133356408543591477
3 7 2 6 -1  1
14133518433011082811
0 4 0 6 -1  1
14133607561558865514
3 5 4 6 -1  1
14133786513202339410
0 5 1 4 -1  1
14133937896320683740
1 5 3 5 -1  1
14134326332969836552
3 0 1 2 -1  1
14134340995713225303
1 3 2 4 -1  2
14134666266255076199
1 3 2 5 -1  1
14134767679771929130
2 5 1 4 -1  1
14135030293885557215
0 1 1 1 -1  1
14135126063457086174
6 7 7 7 -1  1
14135141442318139969
2 4 1 3 -1  1
14135378877965131358
2 4 3 5 -1  1
14135653015863303245
3 3 4 1 -1  1
14135714417100205371
6 1 5 0 -1  1
14135844275877875335
5 1 7 3 -1  1
14135860633590929892
3 6 3 7 -1  1
14135908435071042960
3 5 1 7 -1  1
14136046370185776572
0 3 1 2 -1  2
0 3 1 4 -1  1
0 5 2 3 -1  2
14136258033906108100
3 3 3 6 -1  1
14136421321838612147
5 7 5 5 -1  1
14136839650080461343
1 5 2 5 -1  1
14136876822604690373
1 4 0 3 -1  1
14137391311982911056
3 3 4 4 -1  1
14137642448085061871
0 2 1 2 -1  1
14137642781016153922
0 2 1 1 -1  1
14137902114060677306
1 7 4 4 -1  1
14138071856823139249
4 4 4 1 -1  1
14138383061958501788
0 3 2 1 -1  1
14139017814750696155
0 1 4 5 -1  1
14139020746518667761
3 0 2 1 -1  5
14139022521226623288
2 5 2 6 -1  1
14139096882551196248
1 7 3 7 -1  1
14139175346657160263
3 3 4 5 -1  1
14139341355163510502
1 7 2 7 -1  2
14139591564313835238
1 3 2 3 -1  1
14139654381039093130
0 5 1 5 -1  1
14139905872210860447
0 7 1 6 -1  1
14140325868518058463
1 1 3 1 -1  1
14140416897167793660
6 1 7 3 -1  1
14140552936435907082
7 4 7 5 -1  1
14140961746331765500
0 3 3 3 -1  1
14141006522300418995
0 2 1 3 -1  1
14141073513351238754
3 7 4 6 -1  1
14141091128374111690
1 5 2 5 -1  1
14141224225610783330
2 7 3 7 -1  1
14141228272016611957
0 1 2 3 -1  1
14141718481055648843
1 3 2 3 -1  1
14142030175927742443
2 2 3 4 -1  1
14142053491870398240
3 0 4 0 -1  1
14142055178503343178
0 6 1 6 -1  1
14142168589680639449
4 5 2 6 -1  1
14142349928874596841
4 3 6 5 -1  1
14142391421658775436
0 3 1 2 -1  1
14142550827253709832
4 2 4 7 -1  1
14142772507361061280
2 1 3 1 -1  1
14142822677179965493
1 4 2 3 -1  1
14143414489387700170
1 5 2 5 -1  1
14143474284077434776
1 7 2 7 -1  1
14143810135003187157
4 2 5 4 -1  1
14144017494909344190
2 5 3 6 -1  1
14144239859869469267
7 7 6 5 -1  1
14144513089547675541
5 4 4 5 -1  1
14144583284065287213
0 2 2 0 -1  1
14144595041054187210
1 5 3 5 -1  1
14144861849639041360
3 7 4 6 -1  1
14144877160990979566
1 2 3 2 -1  1
14144926180525980542
0 1 2 2 -1  1
14145218098439582981
0 2 0 3 -1  1
14145336557654691914
4 4 3 2 -1  1
14145439961638049500
2 5 7 0 -1  1
14145458333214651456
6 6 4 4 -1  1
14145500890344946494
3 3 2 5 -1  1
14145537794363735336
0 5 2 3 -1  1
14145548704947384645
1 1 2 1 -1  1
14145664093408763761
5 4 6 4 -1  1
14145829219710855438
0 5 1 4 -1  1
14145877530969503119
0 4 2 6 -1  1
14145971879631699285
4 3 6 5 -1  1
14145976478157727753
1 6 2 6 -1  1
14146226447158925162
0 0 0 4 -1  1
14146452346982415233
0 2 4 2 -1  1
14146597822219043596
1 4 0 5 -1  1
14146623570371615606
0 4 4 0 -1  1
14146698133607757042
3 2 2 3 -1  2
14146809598361599348
1 5 3 5 -1  1
14146895351479042682
2 2 2 6 -1  1
14147177720940851885
3 7 4 6 -1  1
14147632714780507452
0 3 2 4 -1  1
14147675518882640132
1 0 3 0 -1  1
14147861413845503130
3 5 4 4 -1  1
14147878083295439305
4 6 5 7 -1  1
14148139557714615024
2 2 1 2 -1  1
14148258813288255482
3 4 4 3 -1  1
14148526408018008764
6 7 3 7 -1  1
14148615010374785009
3 6 4 5 -1  1
14148776459539608172
2 3 1 3 -1  1
14148812256374710294
5 5 4 6 -1  1
14148812565062668053
3 0 3 5 -1  1
14148939035740695756
3 5 4 4 -1  1
14148939789999234396
2 5 1 3 -1  1
14148976397304117829
4 0 3 0 -1  1
14149102283447292715
0 1 2 2 -1  71
0 6 2 5 -1  148
1 4 2 4 -1  6
3 2 4 3 -1  6
14149128282747922534
3 4 4 6 -1  1
14149190711855428567
1 3 2 2 -1  1
14149600564815231956
4 7 5 7 -1  1
14149617517117911735
4 1 6 1 -1  1
14149726430057844692
5 4 7 5 -1  1
14149821427441377430
0 5 1 4 -1  1
14149822444565138190
4 0 5 1 -1  1
14149828318478422730
2 3 4 4 -1  1
14150371492001384606
0 2 3 2 -1  1
14150465472715239781
5 4 3 6 -1  1
14150682802880508709
1 5 3 5 -1  1
14150972150431542177
2 6 2 2 -1  1
14151269906354681109
2 5 1 6 -1  1
14151921610305579135
2 5 0 4 -1  1
14152086248505224236
3 2 5 1 -1  1
14152212369329183123
2 3 3 4 -1  1
14152231183641799875
2 6 3 6 -1  1
14152369891569740853
0 5 0 4 -1  1
14152442468684008300
2 4 1 5 -1  2
14152606483393521074
2 1 0 0 -1  2
14153408009467274652
4 6 5 6 -1  1
14153454758869868274
3 6 4 6 -1  1
14153706642351206279
1 2 3 3 -1  1
14153757840817450351
5 0 0 0 -1  1
14153770909430329641
3 2 4 3 -1  1
14153917292700174779
3 6 2 6 -1  1
14154058855712631019
5 2 6 4 -1  1
14154294251002085339
0 1 3 4 -1  1
14154403331961600714
6 6 6 3 -1  1
14154436735357677582
1 5 2 5 -1  1
4 5 6 4 -1  1
14154501133622730775
6 3 2 3 -1  1
14154586569205565720
2 0 2 2 -1  1
14154814675865217638
0 2 2 1 -1  1
14154844433917437409
3 4 4 3 -1  1
14154877147505351320
1 2 2 3 -1  1
14154957178410317950
2 3 3 2 -1  1
14154978883744114089
0 4 1 5 -1  1
14154992007241539854
4 7 5 7 -1  1
14155070608129295033
7 6 7 0 -1  1
14155110125226412035
2 3 3 4 -1  1
14155120045944200248
0 0 0 2 -1  1
14155173403758417174
2 3 3 4 -1  1
14155306512785005404
2 6 3 6 -1  1
14155431680345482198
3 2 2 4 -1  1
14155528555928178760
1 4 3 4 -1  1
14155702607566411167
0 2 1 2 -1  1
14155778713113643451
0 3 0 4 -1  1
14156039018820696932
2 3 1 1 -1  1
14156188280812391344
2 2 0 3 -1  1
14156252540964480755
3 3 1 2 -1  1
14156268372413543542
3 7 4 7 -1  1
14156549530301631795
1 4 0 5 -1  1
14156815511670787663
0 3 1 2 -1  1
14156852712862659765
3 4 1 3 -1  1
14157133934411152644
2 6 1 4 -1  1
14157351352945937242
3 5 4 5 -1  1
14157412119217586117
1 5 3 6 -1  1
14157572184617660673
0 0 0 5 -1  1
14157665380346243185
0 4 7 4 -1  1
14157686069174306575
5 1 4 2 -1  1
14158063889839445222
0 4 5 4 -1  1
14158165877552030425
4 4 4 3 -1  1
14158347895556034047
0 3 6 3 -1  1
14158539909789422935
2 5 1 3 -1  1
14158569085573424128
1 1 1 5 -1  1
14158569254123105450
6 1 0 1 -1  1
14158574403719610499
0 4 0 7 -1  1
14158675618549164070
4 6 5 6 -1  1
14158810130006957518
1 4 2 4 -1  1
14158910881252639799
3 5 4 5 -1  1
14158950861823187012
1 7 2 7 -1  1
14159321280329235533
5 2 6 2 -1  1
14159371898603155532
1 6 0 5 -1  1
14159422710478098049
0 6 1 6 -1  1
14159639671725707330
0 3 2 3 -1  1
14159766159084243965
3 0 4 0 -1  1
14160141089556491651
3 7 4 6 -1  1
14160181857367898975
1 6 3 6 -1  1
14160257112157196867
0 3 1 3 -1  1
14160343565033650472
1 4 3 4 -1  1
14160373279759068148
1 3 3 3 -1  1
14160838902173734721
5 2 5 3 -1  1
14161203505562991360
0 2 4 6 -1  1
14161342005763540007
4 1 6 2 -1  1
14161414917294554612
0 3 0 2 -1  1
14161588228750563583
4 7 5 7 -1  1
14161601520219042259
6 1 4 1 -1  1
14161661440869214375
3 4 2 3 -1  1
14161734441999902799
3 7 4 6 -1  1
14161854865114261040
2 5 3 3 -1  1
14161884250280521860
7 6 7 5 -1  1
14161903574276391176
2 3 3 3 -1  1
14161944322459568731
1 6 1 5 -1  1
14161952898414126916
4 4 5 4 -1  1
14162203055890643217
0 4 1 4 -1  1
14162235529347608606
1 3 2 3 -1  1
14162947225432033085
6 0 6 3 -1  1
14162951951685139892
6 4 5 3 -1  1
14163029814754805582
0 1 2 2 -1  1
14163108023749640450
0 4 2 3 -1  1
14163148157143542076
0 5 4 5 -1  1
14163200891990237268
3 3 4 2 -1  1
14163213792131339261
3 6 4 6 -1  1
14163325354777217362
3 6 4 5 -1  1
14163465559962237339
2 1 4 3 -1  1
14163518501910387354
0 3 1 3 -1  1
14163656508236571008
2 3 3 3 -1  1
14163972398111335976
4 1 5 0 -1  1
14164175378288073952
0 2 5 2 -1  1
14164442413635236219
1 0 2 0 -1  1
14164545681468050132
3 3 4 3 -1  1
14164744807780814312
0 5 4 1 -1  1
14164765875824757525
2 1 3 1 -1  1
14164935054315237398
5 5 6 5 -1  1
14164985729946236399
1 3 3 2 -1  1
14165292576574098457
1 1 1 3 -1  1
14165548185934537159
2 3 1 4 -1  1
14165564966818633286
2 0 2 1 -1  1
14165940185400750732
6 6 3 6 -1  1
14165979633164715109
3 3 4 4 -1  1
14166165832608412848
1 3 4 6 -1  1
14166214990051852061
0 1 1 3 -1  1
14166310504636766484
4 1 6 2 -1  1
14166333738753081745
5 1 5 0 -1  1
14166397248581914897
4 3 3 4 -1  1
14166449783193915671
4 6 6 4 -1  1
14166469213025193052
5 6 0 6 -1  1
14166502816006155111
1 4 2 5 -1  1
14166514944924040754
2 2 4 3 -1  1
14166541705773352778
2 1 4 2 -1  1
14166689895392323191
2 6 3 4 -1  1
14166849649804867812
1 4 7 4 -1  1
14166911519405142986
0 5 1 6 -1  1
14166928287500492614
4 7 5 6 -1  1
14167070334074452378
0 0 0 3 -1  1
14167137731067636786
3 7 2 6 -1  1
14167415440124221085
0 2 0 4 -1  1
14167482877460863237
2 4 4 6 -1  1
14167483204797596348
2 3 1 2 -1  1
14167740332293046736
3 2 2 3 -1  1
14167847614692284344
1 1 2 1 -1  1
14167881926807682312
0 7 3 7 -1  1
14168031637620849356
0 0 0 5 -1  1
14168035289168845925
0 4 0 3 -1  1
14168090607978175235
6 1 4 2 -1  1
14168135752923566558
0 4 0 3 -1  1
14168402576997032117
5 4 4 3 -1  1
14168599783460456064
3 7 4 7 -1  1
14168628194568609842
1 5 2 6 -1  1
14168640946967420915
5 5 3 4 -1  1
14168686678928691027
1 0 3 0 -1  1
14168852757032818876
0 2 0 7 -1  1
14168886451653609740
0 6 0 7 -1  1
14168923685926393248
1 4 2 2 -1  1
14169014922726601162
3 5 2 3 -1  1
14169170436152952360
5 3 5 1 -1  1
14169264435411129697
6 6 7 5 -1  1
14169297170091429080
0 0 0 3 -1  1
14169571522560451281
0 5 0 0 -1  1
14169573086870666501
0 5 2 5 -1  1
14169813670417384068
3 4 6 7 -1  1
14169817732932271844
3 5 2 4 -1  1
14169972190353333407
6 5 5 6 -1  1
14169979209690881198
7 3 4 0 -1  1
14170254026463686844
3 4 1 4 -1  1
14170506108589546404
0 3 0 0 -1  1
14170537818089937313
0 4 0 6 -1  1
14170648928394660187
5 3 2 0 -1  1
14170769411470498457
3 4 4 3 -1  1
14171041413795439251
1 4 0 5 -1  1
14171295904678362657
0 4 5 4 -1  1
14171323432344056080
0 4 0 7 -1  1
14171362892302423207
4 1 5 2 -1  1
14171527134854218712
4 0 3 2 -1  1
14171717834746511295
0 3 1 4 -1  1
14171721336552232480
0 2 7 2 -1  1
14171868198610602348
1 3 3 5 -1  1
14171874976142397027
4 2 5 3 -1  1
14172072492069158249
0 4 0 6 -1  1
14172088161939251997
5 7 4 5 -1  1
14172159642830115742
4 4 2 3 -1  1
14172174240067797453
0 7 0 5 -1  1
14172268136064981252
3 2 4 3 -1  1
14172324348359488230
3 5 4 3 -1  1
14172497684001791569
2 6 4 5 -1  1
14172700803600535974
7 6 4 6 -1  1
14172796875472513000
0 5 0 4 -1  1
14173007717221515140
3 0 4 0 -1  1
14173356601342804248
0 2 3 5 -1  1
14173504542855995589
0 2 4 6 -1  1
14173882255683026836
0 0 0 3 -1  1
14173958298106148432
1 3 1 2 -1  1
14174277456042708275
2 4 4 2 -1  1
14174329835858379340
0 4 0 6 -1  1
14174664528030585223
1 2 3 4 -1  1
14174731223506470929
4 6 6 4 -1  1
14174783256208382589
3 0 4 1 -1  1
14174798452873980077
1 1 2 1 -1  1
14174906968116334906
1 2 0 2 -1  1
14174979493037464751
0 3 0 4 -1  1
14175429706607626067
6 1 4 1 -1  1
14175712466875693629
4 6 3 5 -1  1
14175756416645851548
0 2 1 1 -1  1
14176103716585799295
1 4 2 5 -1  1
14176435424056551069
2 4 3 4 -1  1
14176554647451063857
1 4 0 4 -1  1
14176592900184710195
2 0 2 1 -1  1
14176696754678964211
0 3 1 4 -1  1
14176702181603966653
0 1 0 2 -1  1
14176729801437297475
1 7 3 7 -1  1
14176887450979762515
2 3 3 5 -1  1
14176909767309751143
0 7 3 7 -1  1
14176971040139829752
7 3 5 4 -1  1
14177471731041357022
0 5 1 6 -1  1
14177528968325869326
1 6 3 4 -1  1
14177574545149268741
3 3 2 1 -1  1
14177694136135436792
1 6 3 6 -1  1
14177993571447542189
1 0 1 1 -1  1
14178527134939229062
1 2 3 0 -1  1
14178573104123563810
1 4 3 2 -1  2
14178865889082179894
1 0 2 0 -1  1
14178961568305573068
6 5 4 7 -1  1
14179021846778374747
2 4 1 5 -1  1
14179043307080091081
0 3 3 0 -1  1
14179317113461240464
7 5 6 4 -1  1
14179452347504961918
1 3 1 4 -1  1
14179648363620938036
1 6 2 6 -1  1
14179709385057963387
1 0 2 0 -1  1
14179806346452266510
1 7 3 7 -1  1
14180239087605576963
2 1 0 3 -1  1
14180348814774840126
0 6 0 2 -1  1
14180414367813820110
2 1 6 1 -1  1
14180534970181413748
1 3 3 3 -1  1
14180544354553024416
1 1 2 1 -1  1
14180702336005061385
5 3 6 3 -1  1
14180757932589136753
0 3 0 2 -1  1
14180966542609588261
1 1 3 1 -1  1
14181012459729481532
0 2 2 4 -1  1
14181254130218711771
1 0 3 0 -1  1
14181435658511096633
3 7 3 2 -1  1
14181573757489625119
0 2 0 1 -1  1
14181665875614497196
2 1 1 3 -1  1
14181667116023451194
2 2 3 4 -1  1
14181725341165912669
0 1 1 3 -1  1
14181924392695960162
1 1 2 2 -1  1
14181957031903716372
2 4 3 4 -1  1
14181976666542749073
2 4 4 5 -1  1
14182079371990102021
0 3 3 6 -1  1
14182218179911931044
2 0 0 1 -1  1
14182318631199696186
2 4 2 6 -1  1
14182737755466687365
0 3 1 4 -1  1
14182881908189934962
1 3 3 4 -1  1
14183094481275215850
4 6 2 4 -1  1
14183196499148913389
2 1 3 1 -1  1
14183338787789332531
0 2 4 6 -1  1
14183359721714223930
2 2 1 2 -1  1
14183463264000610551
0 6 1 5 -1  1
14183809272783682740
0 5 1 4 -1  1
14183914880392693037
6 1 6 5 -1  1
14183976033616928745
0 5 0 3 -1  1
14184256926896954951
0 1 4 1 -1  1
14184286055356213536
2 2 2 0 -1  1
14184320289426585282
6 3 4 3 -1  1
14184519134321983670
1 1 2 1 -1  1
14184519419716495172
1 2 3 0 -1  1
14184542710067805731
0 5 4 1 -1  1
14184707704456521978
3 2 1 4 -1  1
14184794208771985812
3 6 6 6 -1  1
14184842189544448894
2 1 4 3 -1  1
14184962607412531956
5 5 4 3 -1  1
14185231646353042125
1 7 3 7 -1  1
14185297137166248356
1 3 2 1 -1  1
14185407986005261590
1 2 2 2 -1  1
14185658584571338297
1 2 2 3 -1  1
14185761626101989389
5 3 6 2 -1  1
14186184465849135218
1 1 2 1 -1  1
14186217241488758076
1 0 3 0 -1  1
14186414842317014576
3 2 4 1 -1  1
14186602143659502726
5 4 4 5 -1  1
14186616466199173552
2 3 4 1 -1  1
14186713788142297700
2 2 4 3 -1  1
14186844833083526152
4 5 5 7 -1  1
14186926148413058645
2 2 3 0 -1  1
14186983928520533718
1 7 1 5 -1  1
14187048218639214181
6 3 5 1 -1  1
14187360729437244608
5 4 5 3 -1  1
14187531138843067943
7 6 7 3 -1  1
14187606603522615932
1 3 5 7 -1  1
14187655366800282616
0 2 3 2 -1  1
14187775864079587643
3 6 2 6 -1  1
14187828702081366780
0 5 2 3 -1  1
14187923966195432825
2 2 0 0 -1  1
14188112480685069405
1 4 3 4 -1  1
14188183855676793340
6 7 1 2 -1  1
14188352117094113374
2 4 2 3 -1  1
14188423292249512299
2 1 2 5 -1  1
14188481960196359374
0 6 1 6 -1  1
14188828046379619080
2 3 3 4 -1  1
14188874757619621289
2 4 0 4 -1  1
14188967981231428717
0 0 2 0 -1  1
14188968413814374064
0 4 0 0 -1  1
14188981628739289388
2 1 3 0 -1  1
14189006253027506400
5 7 6 7 -1  1
14189372891243616249
4 6 5 5 -1  1
14189575186028208468
4 6 5 6 -1  1
14189583587373090643
4 2 4 3 -1  1
14189757008501386942
0 3 3 3 -1  1
14189782869565047364
1 4 3 2 -1  1
14190396502023858444
1 3 0 5 -1  1
14190692467228794614
0 3 1 4 -1  1
14190904033826098305
4 6 2 5 -1  1
14191226012374242139
5 7 6 6 -1  1
14191679854354949361
4 2 0 2 -1  1
14191696358589031156
3 4 4 4 -1  1
14191725478211094552
3 2 3 1 -1  1
14191983292832026174
4 1 5 1 -1  1
14191992811839737835
1 7 2 7 -1  1
14192104812294280894
7 3 6 4 -1  1
14192487028579691329
1 2 1 3 -1  1
14192535807213248933
2 1 1 2 -1  1
14192652226695872114
1 6 3 6 -1  1
14192676841947886752
6 1 4 2 -1  1
14193267676711894267
1 3 2 5 -1  1
14193437081735619546
1 3 3 4 -1  1
14193582112644102272
1 0 3 0 -1  1
14193720320639696966
1 3 1 2 -1  1
14194025923324616577
0 6 2 7 -1  1
14194065404977010249
1 4 2 4 -1  1
14194158836583598667
3 3 4 2 -1  1
14194178631465608303
0 6 0 7 -1  1
14194353245111753625
0 3 2 1 -1  1
14194373437397695810
0 4 5 4 -1  1
14194671044418817188
1 1 5 5 -1  1
14194707374767702057
1 3 3 4 -1  1
14194767839346805310
4 5 5 4 -1  1
14194772217311518899
2 4 3 4 -1  1
14194853829682842200
2 3 3 3 -1  1
14195088055410762838
1 5 2 3 -1  1
14195134436696091743
1 3 0 4 -1  1
14195193685695675427
2 1 3 3 -1  1
14195319391398775873
1 5 3 5 -1  1
14195659113658217641
4 3 5 3 -1  1
14195953914121814401
3 2 7 2 -1  1
14195986243581417188
1 4 0 5 -1  1
14196107121106511195
0 5 1 6 -1  1
14196203428278150519
2 2 3 1 -1  1
14196251114719610185
1 5 2 5 -1  1
14196318624975243276
4 6 5 7 -1  1
14196433925834040919
4 6 6 4 -1  1
14196485991465723198
0 0 0 4 -1  1
14196754107000274216
1 3 3 3 -1  6
1 6 2 6 -1  1
14196944336780134187
2 5 4 6 -1  1
14197054575391085305
2 4 0 2 -1  1
14197096627335976469
0 0 0 4 -1  1
14197155120500833102
5 3 6 4 -1  1
14197185467528976336
3 3 1 5 -1  1
14197220257100550893
3 5 4 5 -1  1
14197499687192744319
5 6 4 4 -1  1
14197556319536893765
2 5 1 4 -1  1
14197562188674543443
4 6 2 4 -1  1
14197588066779163842
4 6 5 5 -1  1
14197700498593970152
0 0 0 1 -1  1
14197975110157299232
1 1 2 0 -1  1
14198236027090343289
1 7 0 6 -1  1
14198508389376498557
1 5 3 5 -1  1
14198808272045331495
4 4 5 4 -1  1
14198879109748204082
2 5 2 6 -1  1
14199018495791881950
3 0 4 1 -1  1
14199045224487023642
1 2 7 2 -1  1
14199393455074732347
1 1 5 5 -1  1
14199526496501872596
1 4 3 4 -1  1
14199618592431809725
3 1 1 3 -1  1
14199878615531383760
3 0 3 2 -1  1
14199949260266433284
1 1 6 6 -1  1
14199950862243521414
2 6 4 7 -1  1
14199955167000097534
6 1 4 1 -1  1
14200408289440302938
2 6 3 6 -1  1
14200421318619627265
0 4 0 6 -1  1
14200428767957194889
2 0 0 2 -1  1
14200651276953958075
1 0 2 0 -1  1
14200807076670077105
5 5 5 6 -1  1
14201025755153479511
3 4 4 2 -1  1
14201041914789420338
2 4 1 5 -1  1
14201226694098581314
3 5 4 5 -1  1
14201510499010491463
0 4 0 6 -1  1
14201510696586495196
0 4 1 4 -1  1
14201711120696600929
1 6 3 6 -1  2
14201733810292313092
1 6 0 5 -1  1
14202010738002995288
0 6 2 5 -1  1
14202075113254685486
2 3 1 3 -1  1
14202196427736368069
1 2 3 1 -1  1
14202300134245568436
0 2 2 4 -1  1
14202647561444865869
0 2 0 1 -1  1
14202749069596076238
7 5 7 4 -1  1
14202779740741684904
2 2 3 1 -1  1
14202799102474271486
3 3 2 3 -1  1
14202804235642257652
0 0 0 1 -1  1
14202817022388959004
4 6 3 5 -1  1
14202922154953694835
1 3 4 0 -1  1
14203608015935624875
3 2 4 3 -1  1
14203639219599473184
1 3 5 7 -1  1
14203706309565717154
6 2 5 1 -1  1
14203737618972475614
0 6 1 6 -1  1
14203813070019554192
5 5 6 6 -1  1
14203949701653060615
2 4 3 5 -1  1
14204125289076742981
2 2 1 3 -1  1
14204484838324128192
0 2 1 2 -1  1
14204505031309573457
4 2 4 0 -1  1
14204795239856827913
1 2 2 3 -1  1
14204838726045173959
0 4 1 3 -1  1
14205154124256107808
1 7 2 7 -1  1
14205218221078665692
1 1 2 2 -1  1
14205406644722825745
3 3 1 2 -1  1
14205697318092364486
1 3 2 4 -1  1
14205898166805769897
0 3 0 6 -1  1
14205904145451204331
1 7 3 7 -1  1
14206080877050278788
1 2 4 2 -1  1
14206086146600162592
1 0 1 4 -1  1
14206194534720393099
3 5 4 6 -1  1
14206303717034016444
2 5 3 3 -1  1
14206367929323531956
0 4 0 2 -1  1
14206474430413380157
4 3 5 3 -1  1
14206503880163183428
2 5 2 6 -1  1
14206741120735628708
1 1 3 1 -1  1
14206760446208532265
2 5 4 4 -1  1
14206797463355937686
3 7 4 6 -1  1
14206851253394617444
0 7 6 7 -1  1
14206865020674748794
0 7 0 1 -1  1
14207039621046834191
1 6 2 6 -1  1
14207116169484283216
4 3 1 6 -1  1
14207174929903747882
3 4 4 4 -1  1
14207196491750047161
5 0 7 0 -1  1
14207387851121824645
0 6 0 5 -1  1
14207453167478269398
3 0 4 1 -1  1
14207636661294485772
0 7 0 6 -1  1
14207880046995620005
0 2 0 0 -1  1
14208158046227847729
2 7 3 7 -1  1
14208248541155687615
1 5 2 6 -1  1
14208593376249857172
0 3 4 3 -1  1
14208656416314356722
2 5 4 6 -1  1
14208728493318824167
4 3 3 4 -1  1
14208797217881441853
1 6 2 6 -1  1
14208831768641077082
2 0 1 0 -1  1
14208911274595105876
2 0 4 2 -1  1
14208920026908696173
6 2 6 1 -1  1
14209029334042978303
3 3 0 3 -1  1
14209240146676851424
1 2 0 3 -1  1
14209414068611635829
0 3 4 3 -1  1
14209430048486751983
1 2 3 3 -1  1
14209924328789603155
2 6 4 5 -1  1
14210066614952483208
7 2 7 5 -1  1
14210113317938414368
0 2 4 6 -1  1
14210208907140652975
3 2 4 3 -1  4
14210241357796538320
1 5 3 5 -1  1
14210323466275191563
0 2 0 0 -1  1
14210344937118287769
2 1 3 2 -1  1
14210390875598300296
6 2 4 3 -1  1
14210525104424110039
0 6 2 5 -1  1
14210535178274721199
1 6 0 6 -1  1
14210713245936857679
2 0 3 1 -1  1
14210725025388535901
3 1 3 2 -1  1
14210905244432627723
2 4 1 5 -1  1
14211084391083442418
0 3 1 4 -1  1
14211085553471101693
2 5 1 4 -1  1
14211206772116213020
1 5 2 5 -1  1
14211257581968456791
1 4 3 6 -1  1
14211428306433639702
4 1 2 3 -1  1
14211512295929234688
0 6 1 7 -1  1
14211670781873772469
4 6 5 6 -1  1
14211698932599976934
2 2 1 0 -1  1
14211972598658853744
2 0 3 0 -1  1
14212000119880450845
0 6 1 5 -1  1
14212204872725579035
2 7 3 5 -1  1
14212285852513661575
2 4 2 5 -1  1
14212291580892095643
2 1 3 2 -1  1
14212428816635209728
3 5 4 6 -1  1
14212466347791716438
2 3 1 2 -1  1
14212635772656926347
7 3 4 3 -1  1
14212666429750276638
4 7 6 5 -1  1
14212677626419103975
3 2 1 4 -1  1
14212713008741908379
1 3 1 2 -1  1
14212748138284088920
2 2 4 3 -1  1
14212787760727615802
3 3 5 4 -1  1
14212885522123580585
6 7 7 7 -1  1
14212980781017012194
4 1 3 1 -1  1
14213059916225804536
2 5 3 3 -1  1
14213347731691514563
3 2 4 3 -1  1
14213380672449461972
4 2 2 2 -1  1
14213716966638840133
3 7 4 6 -1  1
14213906328781265027
2 5 4 4 -1  1
14213917100370204897
4 4 4 6 -1  1
14214054331671224125
3 4 4 5 -1  1
14214204105454519008
2 5 3 4 -1  1
14214394206555645621
0 3 2 3 -1  1
14214401417990439529
1 3 2 1 -1  1
14214418417009590227
3 3 2 3 -1  1
14214468114530853120
1 7 3 7 -1  1
14214482885158953441
0 1 1 3 -1  1
14214583835415776852
2 1 0 1 -1  1
14214609729368234332
0 2 1 1 -1  1
14214752875344433720
0 4 0 6 -1  1
14214785362000009463
2 1 3 0 -1  1
14214868882237013897
2 5 4 4 -1  1
14215093293851812265
0 6 1 4 -1  1
14215099072635708266
3 5 6 2 -1  1
14215868803079183595
4 3 5 4 -1  1
14216069829957037271
2 3 4 4 -1  1
14216086512587608258
1 0 2 1 -1  1
14216216850976775896
1 2 7 2 -1  1
14216463610774502879
0 0 0 3 -1  1
14216632984500544784
4 6 5 4 -1  1
14216749915404038459
4 3 6 4 -1  1
14216758145487087928
4 1 1 4 -1  1
14216958585167522139
1 7 2 7 -1  1
14217034468333643346
0 6 1 7 -1  1
14217039503673281679
4 4 5 5 -1  1
14217059744867114080
2 0 2 1 -1  1
14217260663627737923
4 0 2 1 -1  1
14217570639776616053
6 3 7 3 4  1
14217756358485139803
0 4 6 4 -1  1
14218001015961594521
2 4 6 0 -1  2
14218086874500868265
1 5 2 5 -1  1
14218116814582923547
5 3 3 3 -1  1
14218313629505393546
6 6 0 6 -1  1
14218331538082363752
3 5 3 4 -1  1
14218416248097010897
2 1 3 1 -1  1
14218692027345287044
1 4 2 5 -1  1
14218827313265581000
2 2 1 4 -1  1
14218852074124554564
1 6 1 4 -1  1
14218895470621386606
0 2 1 1 -1  1
14219559286409383412
0 1 1 1 -1  1
14219575613003971744
0 3 0 4 -1  1
14219827129117105802
0 4 0 6 -1  1
14220007633491750432
0 0 0 3 -1  1
14220092222919559772
1 3 3 2 -1  1
14220336232314273794
2 2 1 4 -1  1
14220443321277802456
3 4 4 4 -1  1
14220586529621815658
0 4 1 4 -1  2
14220712151082014859
3 3 5 2 -1  1
14220806834973124944
3 4 4 2 -1  1
14220950040880628993
0 3 6 3 -1  1
14221088530392800872
2 1 3 2 -1  1
14221117396140845518
2 5 1 3 -1  1
14221156913318321445
3 4 4 4 -1  1
14221653779192533351
4 2 4 0 -1  1
14221954126514340103
6 3 6 2 -1  1
14221954532129373968
3 2 3 5 -1  1
14222055046332498614
3 4 4 4 -1  1
14222124009431007531
3 4 4 3 -1  1
14222232309298021802
1 7 2 7 -1  1
14222253197326282282
1 0 3 0 -1  1
14222360838243216685
2 7 3 5 -1  1
14222782512911748364
0 2 4 6 -1  1
14222803866590153267
4 2 3 3 -1  1
14222952953951549251
0 6 0 7 -1  1
14223003678247772967
4 1 5 2 -1  1
14223207899674227884
0 6 1 6 -1  1
14223234973252027957
5 1 0 1 -1  1
14223254320936609653
0 2 3 2 -1  1
14223284840053243472
1 3 4 6 -1  1
14223292482169117115
0 3 3 3 -1  1
14223305819337146682
2 3 4 1 -1  1
14223470743767884260
1 2 2 2 -1  1
14223534508722364049
0 5 7 5 -1  1
14223582583596250959
2 2 3 0 -1  1
14223776063329733177
4 5 5 6 -1  1
14223782200017693016
6 2 6 1 -1  1
14223849624733555201
2 4 3 2 -1  1
14224270180098442935
0 5 0 4 -1  1
14224469500361310509
0 5 0 2 -1  1
14224629451974661583
0 5 1 4 -1  1
14224657877897277740
3 4 4 3 -1  1
14225093031584217999
4 7 5 7 -1  1
14225152224833387115
0 3 7 3 -1  1
14225182047715380996
0 0 0 3 -1  1
14225183649656332398
3 7 2 6 -1  1
14225351814932706808
3 1 2 3 -1  1
14225454437942184965
1 5 2 5 -1  1
14225781094988610247
0 1 2 2 -1  1
14225887444724365285
3 5 3 4 -1  1
14226101354864861033
4 7 3 7 -1  1
14226127271356847282
0 1 4 5 -1  1
14226182801567117098
2 4 5 7 -1  1
14226273277285507322
1 6 2 4 -1  1
14226641264209999753
1 4 1 5 -1  1
14226752308111851181
3 4 3 6 -1  1
14226909842035140359
2 4 0 4 -1  1
14227002744504696584
2 3 5 3 -1  1
14227068571745826572
0 4 1 3 -1  1
14227298975453445295
1 5 2 5 -1  1
14227645611059325540
6 1 6 4 -1  1
14227649630525591175
1 0 2 0 -1  1
14227662879981260991
2 6 3 6 -1  1
14227742163118667682
4 3 3 4 -1  1
14227830111374947172
2 4 2 0 -1  1
14227841352423757047
2 0 1 0 -1  1
14227873202568761265
0 0 0 3 -1  1
14227960080518855762
4 2 2 3 -1  1
14228006496789486961
4 5 5 4 -1  1
14228270262579983837
4 5 5 5 -1  1
14228427188518745831
4 7 5 7 -1  1
14228515360733872058
2 6 4 7 -1  1
14228582269038984050
1 2 2 2 -1  1
14228646248037412235
4 1 4 0 -1  1
14229216854951784749
2 0 4 1 -1  1
14229299210666849878
1 2 1 3 -1  1
14229482484579533648
2 6 1 5 -1  1
14229783310309513267
2 4 3 3 -1  1
14230145728184159101
1 0 2 1 -1  1
14230194461483454834
0 7 2 7 -1  1
14230207600217986788
2 5 4 6 -1  1
14230220187345647274
6 1 4 2 -1  1
14230436008545355100
3 7 4 7 -1  1
14230444925000465652
3 6 4 5 -1  1
14230454959631829718
2 4 1 3 -1  1
14230480745939228552
0 3 1 3 -1  1
14230523622236759558
0 5 3 2 -1  1
14230650995183209058
1 3 2 1 -1  1
14230694311462579614
0 0 0 5 -1  1
14230866249266510077
2 2 3 4 -1  1
14230896512533528528
1 6 0 5 -1  1
14230959375481974067
0 2 0 1 -1  1
14230970229084201578
6 0 6 6 -1  1
14231256417754682310
0 2 1 1 -1  1
14231487877632947155
5 4 6 4 -1  1
14231588231901156159
6 0 1 0 -1  1
14231604900564996339
0 1 1 3 -1  1
14231725921006076148
0 2 1 2 -1  1
14231833217555015081
3 5 1 3 -1  1
14232103377483173562
4 3 5 4 -1  1
14232295381900573564
2 4 3 4 -1  4
14232423032523082339
0 3 0 7 -1  1
14232744440221101367
3 5 4 5 -1  1
14232803675949054370
2 3 5 6 -1  1
14233194399977602865
2 5 1 4 -1  1
14233200430510481919
3 3 4 4 -1  1
14233518855542703808
0 0 0 2 -1  1
14233528704708483112
0 4 0 6 -1  1
14233549593928168654
5 1 5 6 -1  1
14233648419971217237
3 5 4 4 -1  1
14233823073314477744
3 5 2 5 -1  1
14234051222943691492
2 3 4 5 -1  1
14234266364573962032
2 1 3 2 -1  1
14234336081771183996
2 3 3 4 -1  1
14234653040491450873
1 2 3 3 -1  1
14234745420944684378
3 2 5 3 -1  1
14234797489866018951
3 4 4 5 -1  1
14234968003716777210
2 3 3 3 -1  1
14234987590543475820
3 6 4 6 -1  1
14235003306336081464
6 2 6 5 -1  1
14235474165104130978
1 0 3 0 -1  1
14235521392892264510
1 6 0 6 -1  1
14235555163745624565
1 3 3 2 -1  1
14235948792224298371
3 2 4 1 -1  1
14235971756758344409
3 1 4 1 -1  1
14236267807704050896
0 3 7 3 -1  1
14236311138851767540
4 3 5 3 -1  1
14236581984703721048
1 1 2 1 -1  1
14237503548680718541
3 5 4 7 -1  1
14237535802999083105
0 0 0 1 -1  1
14237714681224966049
1 2 2 2 -1  1
14237794907011276045
1 5 2 4 -1  1
14237887528894225803
2 5 4 3 -1  1
14237905038934218345
7 5 7 7 -1  1
14237912987826914125
2 3 3 5 -1  1
14237964726009365442
1 2 1 1 -1  1
14237978231129268356
2 5 3 3 -1  1
14238136640197150109
2 7 0 5 -1  1
14238193008131209868
2 5 4 6 -1  1
14238199701536078358
1 3 1 2 -1  1
14238248550881625529
1 5 2 5 -1  1
14238290601194407732
1 7 2 7 -1  1
14238441466326247936
1 7 3 7 -1  1
14238697593298359028
0 4 0 6 -1  1
14238701213382192203
0 4 0 2 -1  1
14239011112223893836
1 5 0 4 -1  1
14239203462481255340
3 0 4 0 -1  1
14239301465730707866
1 0 2 0 -1  1
14239367430375882750
7 1 7 3 -1  1
14239454927001653072
5 4 3 5 -1  1
14239565897849009038
1 4 2 4 -1  1
14239692519173970135
1 7 2 7 -1  1
14239810732281848969
1 6 0 5 -1  1
14239870297936925683
3 0 1 2 -1  1
14239883068457665014
7 5 6 4 -1  1
14240031830259626603
0 4 1 5 -1  1
14240100315608442862
1 2 2 1 -1  1
14240130255798686242
2 5 1 6 -1  1
14240165410172551490
2 5 2 7 -1  1
14240412392849454343
1 3 0 4 -1  1
14240557913864127613
0 0 0 3 -1  1
14240595997873833387
0 1 2 2 -1  1
14240745339090678313
3 5 3 6 -1  1
14240824698695461365
0 3 2 3 -1  1
14240848423911556249
0 1 2 2 -1  1
3 2 4 1 -1  1
14240867189870379134
1 5 2 4 -1  1
14240915375571297708
0 1 0 0 -1  1
14241110437969673538
1 7 3 7 -1  1
14241223290444695432
3 6 1 5 -1  1
14241307462685338618
1 3 0 2 -1  1
14241329545106464266
1 3 3 4 -1  1
14241412825211599055
0 3 2 1 -1  1
14241686039948025310
2 4 3 3 -1  1
14241794550204628105
2 0 1 1 -1  1
14241925966411106057
3 3 1 1 -1  1
14241988979134889701
3 4 4 4 -1  1
14242161343172524516
2 1 2 6 -1  1
14242444219077512796
0 5 0 4 -1  1
14242779653449851200
1 7 3 7 -1  1
14242798504771535631
0 1 0 4 -1  1
14242816514620513597
3 3 4 4 -1  1
14242943500569219667
0 5 3 2 -1  1
14243126801010932663
0 2 3 2 -1  1
14243183932694743844
0 0 0 2 -1  1
14243202785138510928
2 3 4 1 -1  1
14243328839514623408
5 5 7 5 -1  1
14243444583009218088
2 6 1 7 -1  1
14243494733486917814
5 2 6 3 -1  1
14243698568058253207
1 4 3 4 -1  1
14243833976523178534
2 2 1 0 -1  1
14244307483889815274
0 1 2 2 -1  1
14244540690330467921
2 7 1 6 -1  1
14244659374463514580
2 6 3 6 -1  1
14244801890876232209
4 3 4 2 -1  1
14244917757454926123
2 5 4 6 -1  1
14244923018066017572
1 2 2 1 -1  1
14245050170035145300
0 3 0 1 -1  1
14245307683384540181
3 3 5 2 -1  1
14245822209174981961
0 4 2 4 -1  1
14245842305809619503
3 3 5 5 -1  1
14245851366597277324
3 4 4 4 -1  1
14245929565115308462
1 7 2 7 -1  1
14245954325689337451
0 1 2 2 -1  1
14245993833981545490
3 5 4 4 -1  1
14246013869652976826
0 4 2 5 -1  1
14246814824796413466
1 1 2 2 -1  1
14246838343275288086
0 4 0 3 -1  1
14246973019396564048
5 1 6 1 -1  1
14247088897611534580
3 3 4 4 -1  1
14247328669282834915
2 5 1 6 -1  1
14247383664159772448
2 4 3 3 -1  1
14247458048320287301
0 3 0 5 -1  1
14247897282981367993
0 0 0 2 -1  4
0 5 3 2 -1  6
14247944690799203980
3 4 2 3 -1  1
14247945529062580261
1 7 2 7 -1  1
14248022296457786896
1 7 2 7 -1  1
14248214932812278345
6 1 2 5 -1  1
14248371714496054204
6 3 5 3 -1  1
14248462669579863080
4 3 2 3 -1  1
14248463593425708303
1 3 3 3 -1  1
14248656767586592344
4 4 3 6 -1  1
14248698731718636968
1 0 3 0 -1  1
14248702086269054476
1 3 2 3 -1  1
14248752266598044886
1 7 3 7 -1  1
14248768208414083834
2 7 3 7 -1  1
14248989632167607581
1 3 1 2 -1  1
14249318018960415496
0 5 1 4 -1  1
14249374321849074790
1 0 2 1 -1  1
14249555719411926507
3 4 4 3 -1  1
14249593661763072355
2 5 1 3 -1  1
14249660182203835059
4 6 5 5 -1  1
14250067475967696609
1 3 2 4 -1  1
14250302115797761475
3 6 4 5 -1  1
14250419921217396842
3 5 3 3 -1  1
14250543496820034388
0 3 7 3 -1  1
14251112347832374943
1 1 2 1 -1  1
14251139509081950638
6 3 6 1 -1  1
14251142411536611882
1 2 3 2 -1  1
14251290474987699887
2 1 2 0 -1  1
14251676371788450377
3 2 3 0 -1  1
14251844786187605029
0 3 0 4 -1  1
0 6 0 7 -1  1
14251914224224728562
0 0 0 5 -1  1
14251937356295762514
3 3 5 2 -1  1
14252182496966299985
0 5 0 4 -1  1
14252393121799267152
0 7 1 6 -1  1
14252407503596686480
1 7 4 7 -1  1
14252559286766587548
3 3 1 4 -1  1
14252667244338732327
1 3 2 3 -1  1
14252703873645442171
1 4 3 4 -1  1
14252790649552974964
0 1 2 0 -1  2
0 1 2 2 -1  31
0 6 1 4 -1  1
0 6 2 5 -1  544
1 0 2 0 -1  1
1 1 2 1 -1  2
1 1 3 1 -1  1
1 2 2 2 -1  11
1 3 2 3 -1  2
1 3 3 3 -1  3
1 5 3 5 -1  1
14252832836603986651
3 6 4 6 -1  1
14252892966853241468
1 7 2 7 -1  2
14253221667797775992
1 5 0 6 -1  1
14253535865444228083
3 5 4 4 -1  1
14253577231289251616
7 3 7 5 -1  1
14253602888300941213
3 4 4 4 -1  1
14253638453113931192
0 1 2 2 -1  1
14253911761220209098
0 4 0 6 -1  1
14253914615935642634
0 7 0 3 -1  1
14253915616660504208
2 3 0 3 -1  1
14254200868296152772
2 3 1 3 -1  1
14254277160347548055
0 4 0 6 -1  1
14254301139618209779
1 1 3 1 -1  1
14254310614080431277
0 5 0 3 -1  1
14254500569878004874
2 7 3 6 -1  1
14254593132373914781
4 4 5 3 -1  1
14254651750137949092
1 6 2 6 -1  1
14254860534997452632
0 5 2 6 -1  1
14255331415246314571
5 1 5 4 -1  1
14255604462811147545
0 1 2 0 -1  1
14255700356178706251
1 6 6 1 -1  1
14255728816595395094
4 2 5 1 -1  1
14255822026644696444
3 0 3 3 -1  1
14255846432258741085
2 5 3 7 -1  1
14255983162358372848
2 3 5 0 -1  1
14256219839040072881
4 4 5 5 -1  1
14256534667985674701
3 6 3 5 -1  1
14256615210458221028
3 0 4 1 -1  1
14256717256732291696
2 5 3 6 -1  1
14256838465559139282
5 7 7 5 -1  1
14257188715798270443
1 5 1 1 -1  1
14257393282820897154
1 4 2 4 -1  3
14257580497287527744
5 3 6 3 -1  1
14257794583215388154
1 4 2 5 -1  1
14257845351248932233
3 2 4 3 -1  1
14257955778949447372
2 5 1 3 -1  1
14258053114252961819
2 1 3 1 -1  1
14258140468731703983
6 5 5 3 -1  1
14258236255821002747
0 6 2 5 -1  1
14258455885541865644
0 7 0 6 -1  1
14258514597012866835
3 4 4 4 -1  1
14258561104186477447
2 5 4 6 -1  1
14258595254546824482
0 0 3 0 -1  1
14258634080024943749
2 2 3 3 -1  1
14258999393135598626
0 2 7 2 -1  1
14259070551560822603
3 0 4 2 -1  1
14259077208622167152
0 3 0 7 -1  1
14259195307731815738
0 6 1 5 -1  1
14259196820629642102
0 5 1 4 -1  1
14259555499571619189
1 3 2 3 -1  1
14259556717312496005
0 0 0 2 -1  1
14259583944003273607
1 4 2 2 -1  1
14259809827143915350
3 4 4 5 -1  1
14260110028560186403
0 0 0 2 -1  1
14260133149400619608
0 1 2 2 -1  1
14260497635661938758
2 1 1 3 -1  1
14260505083540362367
6 5 5 6 -1  1
14260736493391783720
3 4 1 3 -1  1
14260941477997068456
0 0 0 3 -1  1
14261275087886491626
2 4 1 3 -1  1
14261310805314237245
7 6 5 6 -1  1
14261333435971132286
6 2 5 4 -1  1
14261394793061126177
2 5 0 4 -1  1
14261645529372101158
1 7 3 7 -1  1
14262072452038275843
2 6 3 6 -1  1
14262136076811744450
3 4 5 4 -1  1
14262161627632534989
3 6 5 5 -1  1
14262400314250047740
0 4 0 2 -1  1
14262428163907210769
0 1 2 2 -1  7
1 1 2 1 -1  1
1 3 3 3 -1  2
14262489814033330828
4 6 3 5 -1  1
14263070467793174527
4 1 5 3 -1  1
14263081980385327494
2 1 3 2 -1  1
14263100495905450197
0 2 2 2 -1  1
14263131103719930922
4 1 6 2 -1  1
14263223805606778208
0 5 1 6 -1  1
14263315514843319923
0 4 0 5 -1  2
14263328259795152759
3 2 5 1 -1  1
14263583871983142165
1 4 2 3 -1  1
14263695294318529172
5 7 3 5 -1  1
14263886251658854197
4 3 5 2 -1  1
14263920730718133407
0 2 6 2 -1  1
14264071044561672637
2 2 4 3 -1  1
14264185796758610511
4 2 3 4 -1  1
14264347507513196340
0 3 0 4 -1  1
14264454457212090438
0 4 4 4 -1  1
14264503414948584925
1 1 3 3 -1  1
14264832591118342529
1 4 0 4 -1  1
14264905019998445777
1 3 3 4 -1  1
14264929783166952812
0 2 1 2 -1  1
14264944870520843594
3 2 4 3 -1  1
14265409342450460711
0 3 3 0 -1  1
14265484499556404479
0 0 0 4 -1  1
14265486382833783977
3 5 3 6 -1  1
14265732364299939821
0 6 0 7 -1  1
14265733015648772045
2 1 0 2 -1  1
14265882427786531069
0 3 2 3 -1  1
14265970333151052918
2 4 0 5 -1  1
14266286483881193414
0 0 2 0 -1  1
14266298949689998142
3 2 3 7 -1  1
14266347712700068825
0 5 0 6 -1  1
14266416273481051572
2 4 3 5 -1  1
14266428675888005690
1 6 2 6 -1  1
14266632782380483571
4 5 5 6 -1  1
14266778315237346008
2 2 3 3 -1  1
