15624698382250835766
0 5 1 6 -1  1
15624707577594333274
2 0 3 1 -1  1
15624843444913988110
3 4 4 3 -1  1
15624882437969878588
0 2 1 3 -1  1
15624987667034625711
1 4 0 5 -1  1
15625274611684649916
2 4 3 4 -1  1
15625670846225396029
0 1 0 0 -1  1
15625764147508210439
0 6 0 5 -1  1
15625824260677587440
3 3 4 2 -1  2
15625856673167283683
5 1 5 0 -1  1
15626087384331547701
2 2 5 5 -1  1
15626510306656828452
2 5 3 5 -1  1
15626695812253994491
2 5 4 4 -1  1
15626932526834998136
0 2 2 4 -1  1
15627060652750921426
0 2 0 3 -1  1
15627164819885170715
6 4 6 3 -1  1
15627199244877693286
3 6 4 5 -1  1
15627494464815379181
2 3 2 1 -1  1
15627606171938961132
1 2 2 3 -1  1
15627859720705272168
0 4 4 4 -1  1
15627946856441552281
2 1 2 0 -1  1
15627949843872304273
5 6 6 6 -1  1
15628029591817736135
2 2 3 4 -1  1
15628065954634968492
3 7 4 7 -1  1
15628313815958192243
4 2 5 1 -1  1
15628479352689039500
3 3 4 3 -1  4
15628622274706022384
5 4 3 5 -1  1
15628760306269971698
2 0 3 0 -1  1
15628949169526706881
0 4 0 3 -1  1
15629221747175370491
0 5 0 6 -1  1
15629222618613317645
3 4 4 5 -1  1
15629227574640597969
3 0 4 1 -1  1
15629419222193251040
2 6 3 6 -1  1
15629539295659743773
3 3 4 4 -1  1
15629597963843408050
3 4 5 3 -1  1
15629655467263028209
0 0 0 2 -1  1
15630049005563543442
4 2 5 2 -1  1
15630552935688511768
3 4 4 3 -1  1
15630628621926180580
1 3 3 4 -1  1
15630719646748024879
1 0 3 0 -1  1
15630824010853095674
2 1 3 2 -1  1
15631065882819182783
3 5 1 6 -1  1
15631396810419135070
3 1 7 1 -1  1
15631716279505731413
3 2 3 0 -1  1
15631826184944921659
0 1 1 3 -1  1
15631884738779654441
0 5 0 4 -1  2
1 7 2 7 -1  1
3 3 4 4 -1  1
15631982797895405902
1 4 1 3 -1  1
15632178300631945896
4 4 4 5 -1  1
15632456802114721371
6 0 5 0 -1  1
15632469110251642813
4 0 4 3 -1  1
15632587623586004371
2 5 4 5 -1  1
15632811968090380921
1 1 2 2 -1  1
15632884063882709858
1 5 2 5 -1  1
15632998214056567725
4 3 6 1 -1  1
15633069720586830522
1 0 6 0 -1  1
15633309213318136361
2 0 4 1 -1  1
15633416699275016094
0 4 0 6 -1  1
15633421798260443630
1 1 3 1 -1  1
15633496567917857312
2 3 3 3 -1  2
15633582664917325171
1 5 4 5 -1  1
15633624386988736129
1 2 3 2 -1  2
15633649085908604955
1 6 2 5 -1  1
15634110047127499091
0 3 0 4 -1  1
15634196864409735024
2 3 0 5 -1  1
15634701868015069517
3 2 2 3 -1  1
15634828426241403166
5 3 5 5 -1  1
15634993464528833105
3 0 4 0 -1  1
15635005334908772640
0 5 3 2 -1  1
15635056531751681224
6 2 3 2 -1  1
15635070376314632153
6 2 4 4 -1  1
15635159067435856082
2 2 4 3 -1  1
15635495012925358048
0 3 2 1 -1  1
15635571205334418823
0 0 0 3 -1  1
15635895680389793084
3 4 2 6 -1  1
15636080776500392471
1 6 2 6 -1  1
15636144922798003087
0 1 1 3 -1  2
15636205399161130075
1 3 3 2 -1  1
15636318293004755576
1 3 3 2 -1  1
15636485084064460472
0 4 0 2 -1  1
15636587829561811213
2 3 1 4 -1  1
15636595468662903198
1 6 2 5 -1  1
15636638888088801741
2 5 1 3 -1  1
15636722519114289526
0 5 3 2 -1  1
15636778408666139796
0 3 2 1 -1  1
15637020512512088889
2 4 5 7 -1  1
15637274316823394565
3 5 4 4 -1  1
15637309371625162456
0 5 2 4 -1  1
15637328133071278177
5 0 4 0 -1  1
15637610418398323266
0 1 2 2 -1  1
0 6 1 4 -1  1
15637849400838256808
6 2 6 6 -1  1
15638163503066801072
0 4 7 4 -1  1
15638247049008296030
0 6 1 4 -1  1
15638273588114692832
4 6 5 5 -1  1
15638296033398709368
1 3 3 3 -1  1
15638524603384146186
3 4 4 3 -1  1
15638567925645957123
0 4 0 6 -1  1
15638797270407751990
1 0 2 0 -1  1
15639232129240109471
0 0 0 2 -1  1
15639311487542405419
1 4 1 1 -1  1
15639421742636518900
4 1 5 1 -1  1
15639476468041536182
1 2 2 2 -1  1
15639701898409364420
3 3 1 3 -1  1
15639762644555382565
1 5 2 4 -1  1
15639787252449212382
1 6 2 6 -1  1
15639915297337424892
3 7 4 7 -1  1
15639929027022922044
1 0 2 1 -1  1
15639990486332694756
0 3 0 2 -1  1
15640464185196922635
2 2 0 3 -1  1
15640729754926114088
0 5 1 6 -1  1
15641000222374714491
1 1 3 1 -1  1
15641303079871938975
3 6 4 6 -1  1
15641455008886029322
1 6 3 6 -1  1
15641482299521193174
0 6 1 6 -1  1
15641882952663220830
4 1 6 3 -1  1
15641919785897219537
1 6 0 5 -1  1
15642006066187490042
0 5 1 5 -1  1
15642011169858294515
0 3 7 3 -1  1
15642011610956189743
2 1 1 3 -1  1
15642212345341285982
2 5 4 6 -1  1
15642286088793972442
1 7 3 7 -1  1
15642316326563927635
3 2 1 3 -1  1
15642346206044146271
5 3 7 1 -1  1
15642469774538599640
2 3 1 2 -1  1
15642500287781993269
1 3 3 3 -1  1
15642534509001818517
0 5 1 6 -1  1
15642900792467028168
5 0 6 0 -1  1
15642923287337615359
0 4 1 3 -1  1
15643030514096252563
1 7 3 6 -1  1
15643045142926854729
0 4 0 6 -1  1
15643085602533600600
2 1 3 2 -1  1
15643118457080449479
1 0 2 0 -1  1
3 0 0 3 -1  1
15643194980970771820
3 7 6 4 -1  1
15643309720989047496
1 3 3 3 -1  1
15643447552243591254
6 0 5 1 -1  1
15643457004599842936
1 7 0 7 -1  1
15643487134645678688
4 1 2 1 -1  1
15643759295635596555
2 2 2 1 -1  1
15644480470457027108
3 5 4 6 -1  1
15644490086153768040
1 2 2 1 -1  1
15644529304926758063
3 4 4 6 -1  1
15644619996271527890
3 5 4 5 -1  1
15644814896718449409
3 3 4 5 -1  1
15644887141956305488
6 3 6 4 -1  1
15645035331970009998
2 5 4 4 -1  1
15645136614273400159
7 4 7 0 -1  1
15645168085832363226
3 1 3 2 -1  1
15645321060942971835
1 5 4 5 -1  1
15645583648429166120
6 3 6 7 -1  1
15645634043479953296
0 2 1 2 -1  1
15645697030949305745
2 2 1 2 -1  1
15645999882025239617
7 7 5 7 -1  1
15646013399606588856
0 2 3 5 -1  1
1 7 2 7 -1  1
2 5 3 7 -1  1
15646026823066387804
3 2 4 3 -1  1
15646115737668223322
2 2 4 1 -1  1
15646117448794746230
2 2 3 3 -1  1
15646426654392281714
6 3 7 4 -1  1
15646563603644046009
0 2 4 6 -1  1
0 6 2 5 -1  5
1 0 2 0 -1  13
1 4 3 4 -1  3
15646640270161947342
4 3 4 4 -1  1
15646820186008157727
1 4 3 2 -1  1
15646912792263575305
0 3 4 7 -1  1
15647172920430424691
5 2 6 4 -1  1
15647274986842282857
3 3 3 5 -1  1
15647319795595519052
3 4 4 3 -1  1
15647747204305960069
2 5 3 7 -1  1
15647916902798452815
3 3 4 4 -1  1
15647942066743763453
0 2 4 2 -1  1
15647963305108333234
4 0 1 3 -1  1
15648066132722401109
2 3 1 2 -1  1
15648067596805926188
3 4 7 4 -1  1
15648144277182985071
2 3 2 2 -1  1
15648163346137592991
1 5 2 5 -1  1
15648197904654137430
1 4 3 2 -1  1
15648396607346101726
1 6 2 5 -1  1
15648400416853905633
0 5 3 5 -1  1
15648594856018632892
1 5 2 6 -1  1
15648764014210936043
1 3 2 3 -1  1
15649017304477086081
3 7 4 7 -1  1
15649118222895192409
4 7 5 5 -1  1
15649228085390361799
2 3 2 2 -1  1
15649890205762898584
0 6 1 7 -1  1
15649978061933150661
1 5 3 5 -1  1
15650805808806435663
3 3 1 2 -1  1
15650987033146405839
4 0 5 0 -1  1
15651438093218926402
0 7 1 6 -1  1
15651768648751890393
0 4 2 4 -1  1
15651990471591925731
3 5 2 6 -1  1
15652009971760284112
4 4 5 3 -1  1
15652075389027140322
4 1 5 3 -1  1
15652291355185612995
0 2 4 6 -1  1
15652416960650763369
3 3 4 5 -1  1
15653193838709416557
1 0 2 0 -1  1
15653334428436464149
1 4 3 6 -1  1
15653541331654958064
3 2 4 2 -1  1
15653681663457142269
2 4 3 5 -1  1
15653848801853563945
1 6 4 3 -1  1
15653892211135983109
3 4 4 4 -1  1
15653926032984367014
3 4 4 4 -1  1
15654029579391788254
1 3 3 3 -1  1
15654225665655358433
1 4 2 2 -1  1
15654732713993438718
1 3 1 4 -1  1
15654859374988748125
3 3 4 3 -1  1
15654865733895275713
0 1 0 2 -1  1
15654913280494897156
4 6 2 5 -1  1
15654943388342563050
7 2 2 2 -1  1
15654959797802228928
3 1 4 2 -1  1
15655237894588437282
2 4 4 3 -1  1
15655536068876376330
0 0 0 2 -1  1
15655666952633732196
2 5 4 4 -1  1
15655678005558236266
4 6 6 7 -1  1
15655820979711315322
1 4 3 2 -1  1
15655991788893785866
0 1 0 2 -1  1
15656106153718373766
1 4 1 0 -1  1
15656189538017826671
0 6 2 6 -1  1
15656195345894728468
2 5 1 4 -1  1
15656231447443516756
0 0 2 0 -1  1
15656306652383354717
7 1 6 1 -1  1
15656392495994867511
7 2 6 2 -1  1
15656393816107652315
0 1 1 3 -1  1
15656526641832615823
2 5 4 4 -1  1
15656663903086206854
1 1 2 0 -1  1
15656919019816962430
3 3 2 2 -1  1
15657265766471537950
0 5 1 4 -1  1
15657324559085774641
1 4 4 1 -1  1
15657463265740830007
3 3 4 2 -1  1
15657592004504705128
4 1 3 0 -1  1
15657617307379203449
0 3 1 3 -1  1
15657708773593052491
1 2 2 1 -1  1
15657749545503710182
1 4 2 4 -1  1
15657835520588295606
0 0 3 0 -1  1
15658230908943574829
7 5 2 0 -1  1
15658373626314602787
7 2 7 5 -1  1
15658396969350143268
1 6 4 3 -1  1
15659002719558724533
6 6 3 3 -1  1
15659004931086577530
0 5 1 3 -1  1
15659058314279275868
2 1 5 1 -1  1
15659126124684716335
0 2 5 7 -1  1
15659215062214296659
0 4 3 4 -1  1
15659258943131643444
1 5 2 4 -1  1
15660286574835205800
3 1 6 1 -1  1
15660431814346375713
0 2 0 4 -1  1
15660481195790037481
3 4 4 4 -1  1
15660583135460199635
3 2 2 4 -1  1
15660829631499377043
4 5 4 3 -1  1
15660870137268322375
4 4 5 5 -1  1
15660927482730193170
3 2 3 5 -1  1
15660954558653652172
5 0 6 0 -1  1
15660959349530402259
1 3 1 0 -1  1
15661027292640915788
1 5 2 4 -1  1
15661322984262849426
0 3 2 3 -1  1
15661374099722245746
1 7 2 7 -1  1
15661473890953506395
1 4 4 7 -1  1
15661521985894526351
1 6 2 6 -1  1
15661523516450495421
0 5 0 3 -1  1
15661889194161918027
1 0 2 1 -1  1
15662419966574099870
0 2 4 6 -1  1
15662438083936359269
3 3 4 5 -1  1
15662491484086993394
4 7 4 6 -1  1
15662535902919747668
2 1 2 7 -1  1
15662637639735195415
0 1 1 3 -1  1
15662649416407165915
1 3 2 1 -1  1
15662753468800338938
2 5 3 6 -1  1
15662755519380137118
0 6 0 5 -1  1
15662802582636281866
2 1 0 2 -1  1
15662905074536686202
4 0 2 2 -1  1
15662965276062445681
1 3 3 2 -1  1
15663085826613922122
1 6 2 6 -1  1
15663088392339843428
1 1 2 0 -1  1
15663228795850321631
1 3 3 4 -1  1
15663501204107973284
3 4 4 6 -1  1
15663588008414685678
3 3 4 2 -1  1
15663646061615274003
0 3 0 1 -1  1
15663852301203181415
1 6 2 5 -1  1
15664039947828881607
0 2 1 3 -1  1
15664101524171936924
2 6 3 4 -1  1
15664109467672546831
1 1 1 2 -1  1
15664131222073657608
2 4 2 3 -1  1
15664140522709950248
6 5 5 3 -1  1
15664323766362098007
0 0 0 3 -1  1
15664393357103044989
2 5 1 3 -1  1
15664531084179199576
1 6 2 6 -1  1
15664660602689755532
0 5 7 5 -1  1
15664939098395396955
3 6 4 6 -1  1
15665186405224982859
3 3 4 3 -1  1
15665335617978784312
1 4 5 4 -1  1
15665586058252702819
3 5 2 7 -1  1
15665773771169935760
2 6 4 7 -1  1
15665956957085519002
0 4 1 4 -1  1
15666247811770355759
3 0 3 6 -1  1
15666453082345573889
3 5 4 5 -1  1
15666550725667551966
2 6 4 4 -1  1
15666708831234227295
4 4 5 4 -1  1
15666715528054370035
0 4 0 6 -1  1
15666923442118855771
1 1 2 1 -1  1
15667093759612957919
5 5 2 2 -1  1
15667130124081345592
0 2 2 4 -1  1
15667206894029629813
0 6 2 5 -1  1
15667233609271124818
0 0 7 0 -1  1
15667444892700817485
1 4 3 5 -1  1
15667849293706698384
7 2 7 0 -1  1
15667917240502072506
1 7 2 7 -1  1
15667921453446591288
1 7 2 6 -1  1
15668203424827271280
1 7 3 7 -1  1
15668298479967037675
7 5 5 7 -1  1
15668342744517264732
4 6 5 4 -1  1
15668382824012701929
2 5 4 4 -1  1
15668385696755550159
3 2 2 1 -1  1
15668409575344327089
0 4 0 6 -1  1
15668474036245803087
1 1 3 1 -1  1
15668784175971355606
0 0 0 2 -1  1
15668916090949220600
0 1 2 2 -1  2
15668931725417970130
0 1 2 2 -1  1
15669086245259068088
3 4 6 1 -1  1
15669217738216609277
0 0 7 0 -1  1
15669386980676570691
1 2 3 1 -1  1
15669566586283293163
4 3 5 2 -1  1
15669579382768606153
2 2 3 2 -1  1
15669687680443482930
3 6 4 5 -1  1
15669823443416431960
0 3 6 3 -1  1
15669935149579198737
1 4 2 3 -1  1
15669988774213783821
1 6 2 5 -1  1
15670029464504054219
0 1 1 3 -1  1
15670090522495472748
4 3 2 1 -1  1
15670116853001810704
1 4 3 5 -1  1
15670235490434923796
0 0 0 3 -1  1
15670450912747412523
0 4 0 0 -1  1
15670486081127680400
1 5 2 5 -1  1
15670533049450871500
2 2 3 2 -1  1
15670570953861169689
1 6 3 6 -1  1
15670749858403064942
1 1 2 1 -1  1
15671004278489801753
0 2 4 6 -1  1
15671225337350954326
2 7 3 7 -1  1
15671362559282101195
1 4 3 4 -1  1
15671830563450259034
4 4 5 3 -1  1
15671872085494623994
0 0 0 1 -1  1
15672082398277335432
6 2 3 2 -1  1
15672082994785599805
3 4 3 7 -1  1
15672342107719699260
2 4 4 3 -1  1
15672353493447715140
4 2 6 1 -1  1
15672566761284795273
4 5 5 7 -1  1
15672615614098553062
2 2 3 3 -1  1
15672653754028285216
1 3 4 3 -1  1
15672667712349786561
4 1 3 1 -1  1
15672679559281149233
1 1 2 0 -1  1
15672720039389834596
0 2 2 4 -1  1
15672764045870779385
3 4 5 5 -1  1
15673068580699385912
3 4 7 4 -1  1
15673390375600064376
1 7 1 6 -1  1
15673562501941512251
1 2 2 1 -1  1
15673595740402945497
0 3 0 6 -1  1
15673598067501888933
1 4 2 4 -1  1
15673695741995447065
1 4 3 3 -1  1
15673726483230439123
0 4 0 5 -1  1
15673911844279004597
1 1 3 1 -1  1
15674065517024335666
2 6 3 5 -1  1
15674144755125793886
0 0 2 2 -1  1
15674225278080919500
4 2 5 1 -1  1
15674313215058699015
0 3 2 4 -1  1
15674314200457272233
0 5 2 3 -1  4
1 0 2 0 -1  1
1 6 2 6 -1  2
15674414810986287642
1 7 0 6 -1  1
15674555688230374572
1 5 3 5 -1  1
15674568570152969017
1 6 5 2 -1  1
15674702358501109579
1 4 2 4 -1  1
15674784764063031582
0 3 0 6 -1  1
15674816239614992615
1 7 2 6 -1  1
15674852140480219828
4 5 5 5 -1  1
15674881402742832919
1 3 0 5 -1  1
15674900380921566449
3 5 4 4 -1  1
15674977190989519137
3 5 4 6 -1  1
15675076563183665740
2 5 3 5 -1  1
15675153611302864043
2 6 3 4 -1  1
15675249114216419424
0 4 0 5 -1  1
15675983739820813834
1 0 3 0 -1  1
15676950227009711145
2 3 3 2 -1  1
15677050581961650288
2 5 3 3 -1  1
15677223386879261209
2 6 4 7 -1  1
15677551291853404235
0 5 0 4 -1  1
1 5 3 5 -1  1
15677672693576237494
2 5 0 3 -1  1
15677776403203160582
1 1 3 1 -1  1
15677942957465728173
5 5 5 4 -1  1
15678064734156956496
0 0 5 0 -1  1
15678355407528087887
1 0 0 2 -1  1
15678455236966213120
5 3 3 5 -1  1
15678579010492685926
0 0 0 1 -1  1
15678589440556709314
3 2 4 3 -1  1
15678909770462599200
0 6 0 5 -1  1
15678923135680590084
0 1 0 4 -1  1
15678931341577170848
1 7 3 7 -1  1
15678959507031513314
2 1 3 1 -1  1
15679081936173615299
1 5 3 7 -1  1
15679146171088866859
0 2 0 1 -1  1
15679174052670274455
5 0 5 2 -1  1
15679340488951587995
3 1 4 1 -1  1
15679372964837184489
6 5 6 3 -1  1
15679619107129421330
2 6 5 6 -1  1
15679909206629663040
0 7 1 6 -1  1
15679921358676071184
3 2 4 0 -1  1
15679938717870799528
0 4 2 4 -1  1
15680280269197536723
2 5 3 5 -1  1
15680299444247690768
2 3 1 2 -1  1
15680302440753224044
7 3 7 5 -1  1
15680338559216753833
2 5 3 3 -1  1
15680426175643086582
4 6 5 5 -1  1
15680520382375458060
4 5 5 5 -1  1
15680749745924363869
0 4 0 5 -1  1
15680841452272043866
4 2 5 2 -1  1
15680953996687358099
0 4 0 2 -1  1
15680996895038571910
0 5 0 4 -1  2
15681040173755734403
3 4 4 5 -1  1
15681148125036252569
1 6 2 6 -1  2
15681254270580716373
2 4 1 5 -1  1
15681265775917236856
1 6 2 4 -1  1
15681294207861048538
2 3 2 2 -1  1
15681743390591668272
1 6 2 5 -1  1
15681779417956679281
0 1 2 2 -1  1
1 1 3 1 -1  1
15681856496347995771
2 7 3 6 -1  1
15682099432452809255
3 2 5 2 -1  1
15682515826429341545
0 2 2 4 -1  1
15682548214999476439
6 1 5 0 -1  1
15683321370708066476
0 7 0 6 -1  1
15683491244576478315
1 7 3 7 -1  1
15683549318578752683
3 7 4 7 -1  1
15683610906107903919
3 4 1 3 -1  1
15683633912704985115
1 5 2 5 -1  1
15683838573411112525
1 3 3 3 -1  4
15683929852501753442
1 2 0 3 -1  1
15684262264970437409
3 7 4 5 -1  1
15684339578167876993
3 3 5 5 -1  1
15684511968398870120
0 5 1 6 -1  1
15684780645198042360
0 1 5 1 -1  1
15685465734813070309
6 1 5 1 -1  1
15685518821376364816
1 3 0 5 -1  1
15685598585869291970
2 7 3 7 -1  1
15685660335256805414
3 2 2 4 -1  1
15685891147197410247
1 5 3 5 -1  1
15685908762171727175
6 1 7 1 4  1
15686057671464940735
2 4 3 4 -1  1
15686143443888623803
0 2 4 6 -1  1
15686246051350116732
1 7 3 7 -1  1
15686348123726063245
2 4 4 4 -1  1
15686690349848426933
2 6 2 5 -1  1
15686727670100514731
1 5 3 5 -1  1
15686786941029474731
5 7 4 7 -1  1
15686891230675535019
1 1 3 1 -1  1
15687103431875916071
2 5 1 4 -1  1
15687104705803782615
1 3 2 5 -1  1
15687139941331141342
0 2 3 5 -1  1
15687194982782289066
2 3 3 2 -1  1
15687277602798610743
3 6 4 6 -1  1
15687279549390602842
4 4 1 1 -1  1
15687646334054225661
0 3 3 0 -1  1
15687651658744425270
5 4 6 3 -1  1
15687661286019373413
4 5 4 6 -1  1
15687681582143606134
1 1 2 1 -1  1
15687910712679417414
1 3 1 1 -1  1
15687938758634933899
0 0 0 3 -1  1
15688094354135159404
5 4 2 7 -1  2
15688155570069194222
4 4 5 4 -1  1
15688253448503690727
4 3 2 4 -1  1
15688327669624669689
1 7 3 7 -1  1
15688725014049029063
2 2 3 4 -1  1
15688730899154720837
0 1 1 0 -1  1
15688804253842149407
3 7 2 6 -1  1
15689081888125906923
4 1 2 3 -1  1
15689128853813855666
1 3 3 1 -1  1
15689229980383212674
7 2 6 2 -1  1
15689389761111442532
1 4 2 5 -1  1
15689562102894825588
5 5 6 6 -1  1
15689770912091476706
0 3 0 4 -1  1
15689793268151990553
2 5 3 4 -1  1
15689924029083450717
3 2 4 1 -1  1
15690027425560610280
0 2 1 3 -1  1
15690068658015312418
2 2 4 1 -1  1
15690093998530540064
2 5 4 6 -1  1
15690324641029880237
1 1 2 2 -1  1
15690622614163456273
2 2 3 0 -1  1
15690655089970470882
0 5 1 6 -1  1
15690782971264773423
0 5 0 7 -1  1
15690824269188915503
0 2 5 7 -1  1
15690904611258265917
4 2 4 1 -1  1
15690974296472556112
0 0 0 2 -1  1
15691174499161674061
0 5 0 4 -1  1
15691192266958689386
4 3 4 2 -1  1
15691488351467865983
4 4 5 5 -1  1
15691573205236509342
4 1 5 1 -1  1
15691652718530044616
3 2 0 5 -1  1
15691688609027183795
2 1 5 4 -1  1
15691824869755287095
3 7 0 4 -1  1
15691879792597016087
1 3 3 4 -1  1
15691888369435526591
1 7 2 6 -1  1
15692043724559285026
0 0 0 4 -1  1
15692055157427939334
1 6 2 5 -1  1
15692127163441235335
2 5 3 6 -1  1
15692127461553883353
5 1 6 1 -1  1
15692177957475370977
2 0 0 0 -1  1
15692246336367850545
1 4 3 3 -1  1
15692365882830618417
1 2 2 2 -1  1
15692380408679587831
3 7 4 7 -1  1
15692418246269276095
0 5 1 5 -1  1
15692516418647845688
1 5 2 4 -1  1
15692662797584802416
4 6 6 4 -1  1
15693020188738863526
0 5 0 4 -1  1
15693225655841162036
6 1 7 0 -1  1
15693332347949772763
3 2 4 3 -1  1
15693384093685012383
2 3 3 2 -1  1
15693395331282258886
0 3 1 3 -1  1
15693395349119303719
0 0 0 1 -1  1
15693498016062780620
4 4 5 3 -1  1
15693872396519890796
3 2 4 2 -1  1
15693946963250230625
2 3 3 4 -1  1
15693948292449961755
0 5 0 6 -1  1
15694005941244350086
0 6 2 5 -1  1
15694026742015383722
2 1 1 2 -1  1
15694048467707074039
1 3 3 4 -1  1
15694072929690280130
0 3 6 3 -1  1
15694357362220093694
6 1 6 5 -1  1
15694412033944780445
1 1 3 1 -1  1
15694524992403068548
1 6 3 6 -1  1
15694606067078964554
0 5 2 5 -1  1
15694954064326756077
1 2 0 1 -1  1
15695557910202097863
0 1 2 2 -1  1
0 5 2 3 -1  2
1 1 2 1 -1  1
15695593762885349520
0 3 3 0 -1  1
15695694813292874176
0 4 0 5 -1  1
15695746276676646894
4 3 4 4 -1  1
15695770211490102944
0 4 3 7 -1  1
15696192972018893931
1 1 2 1 -1  1
15696206397854732279
3 6 4 5 -1  1
15696398143831313534
7 5 7 6 -1  1
15696459578753367373
1 3 1 4 -1  1
15696498111011824618
1 5 3 5 -1  1
15696502474187969167
3 0 5 2 -1  1
15696600341211250766
6 7 4 5 -1  1
15696764219960305578
0 1 0 2 -1  1
15696841919261942282
1 2 3 4 -1  1
15697065668639035991
4 4 3 6 -1  1
15697137703587832375
3 5 5 4 -1  1
15697299670249165475
2 4 3 4 -1  1
15697613970007500397
1 7 3 6 -1  1
15697658943322065462
2 5 6 1 -1  1
15697706535266066741
2 7 3 7 -1  1
15697960351364370927
1 7 3 7 -1  1
15698125491674564706
5 2 4 4 -1  1
15698536461525956636
3 6 4 6 -1  1
15699217833118287737
2 3 5 3 -1  1
15699300963819444411
6 5 5 5 -1  1
15699847788405303524
1 4 3 5 -1  1
15699988552304985379
2 1 3 1 -1  1
15700251224070907395
1 2 3 4 -1  1
15700366641804716554
3 2 2 1 -1  1
15700475426208500184
2 4 1 3 -1  1
15700617682019188220
2 2 3 2 -1  1
15700748545151167873
0 5 1 4 -1  1
15700846481425558026
2 1 4 3 -1  1
15700949112591966442
3 2 4 3 -1  1
15701113997610566498
5 4 7 2 -1  1
15701117754019063491
1 1 3 3 -1  1
15701131437738851114
2 6 3 7 -1  1
15701240725731417905
4 4 5 4 -1  1
15701888733639863235
0 3 0 4 -1  1
15702058127292263228
0 5 1 4 -1  1
15702288290171191359
1 2 3 2 -1  1
15702392699363732309
4 1 5 1 -1  1
15702437094589787934
3 2 2 1 -1  1
15702595800953869929
0 1 6 1 -1  1
15702843826358524323
2 5 3 6 -1  1
15702925384711694975
2 5 1 6 -1  1
15702934781954815851
5 2 2 5 -1  1
15702940519029575653
1 3 0 1 -1  1
15703010283966675396
1 3 7 3 -1  1
15703164675997818701
5 0 3 0 -1  1
15703370564895345287
0 4 0 3 -1  1
15703442302169514520
1 1 2 1 -1  1
15703603856535446835
4 6 1 3 -1  1
15703771838472715639
4 4 6 4 -1  1
15703792063162336227
7 6 7 5 -1  1
15703841705437342648
0 3 1 3 -1  1
15703946095477020228
4 4 5 4 -1  1
15703971819387355517
0 6 1 5 -1  1
15704144971613993670
3 3 5 4 -1  1
15704467746192362876
1 6 2 7 -1  1
15704697670099856046
5 4 4 5 -1  1
15704967182342294812
0 6 0 5 -1  1
15705342618617765200
1 5 1 4 -1  1
15705425292132127092
3 3 4 2 -1  1
15705478305793107128
0 4 3 7 -1  1
15705639920509379664
4 2 4 4 -1  1
15705741333015655815
2 2 3 3 -1  1
15705882142110253072
0 1 1 3 -1  2
1 1 2 1 -1  2
15706229941524098210
2 5 3 4 -1  1
15706267317328926210
2 4 3 4 -1  1
15706401377764867427
3 2 2 0 -1  1
15706889084659635031
0 4 0 6 -1  1
15707059766448372764
1 6 0 5 -1  1
15707106416562674570
2 5 4 4 -1  1
15707372602711583573
1 0 2 0 -1  1
15707380573840760352
0 5 2 3 -1  1
15707454507666083668
3 3 2 2 -1  1
15707546028413196860
0 0 2 0 -1  1
15707921938282816770
2 5 4 6 -1  1
15708009411320153258
2 5 3 3 -1  1
15708024486141514014
4 0 5 1 -1  1
15708106165797030283
0 3 2 2 -1  1
15708122983377302176
5 7 2 4 -1  1
15708282952727756717
2 5 4 6 -1  1
15708317871699273605
1 3 1 4 -1  1
15708404600768689825
2 2 4 2 -1  1
15708667495540699044
0 6 2 5 -1  1
15708936642269808296
4 0 5 0 -1  1
15709128723982182168
3 3 5 2 -1  1
15709139232848326444
3 5 2 6 -1  1
15709193222340011838
2 2 3 4 -1  1
15709207440390334742
1 3 1 5 -1  1
15709237561823120176
0 0 0 5 -1  1
15709285899055950318
1 7 2 7 -1  1
15709491430722123633
1 2 2 0 -1  1
15710356761623199046
3 4 1 3 -1  1
15710440402437923364
3 4 5 6 -1  1
15710714308079791497
7 6 5 6 -1  1
15710830447176405033
0 1 0 5 -1  1
15710934001565786756
0 0 0 1 -1  1
15711043285518734340
0 2 4 6 -1  2
1 0 2 0 -1  6
1 4 2 4 -1  1
15711293109911525707
2 4 4 6 -1  1
15711586460406295864
1 1 2 2 -1  1
15711593582935218520
1 2 4 2 -1  1
15711811989533654493
3 2 4 3 -1  1
15711907193035739323
1 5 4 2 -1  1
15711984573071738862
4 7 5 6 -1  1
15712044880864959216
4 2 2 0 -1  1
15712355770621225058
0 5 0 6 -1  1
15712560484411784551
1 3 5 3 -1  1
15712580898940324156
1 7 2 7 -1  1
15712635075019562661
1 2 3 4 -1  1
15712847677008723340
2 2 4 3 -1  1
15712910480892836718
4 1 5 1 -1  1
15712925748870690074
5 4 6 3 -1  1
15713037102547196418
5 7 6 7 -1  1
15713052241585816903
3 3 5 4 -1  1
15713103689754587138
5 3 5 0 -1  1
15713124385192843317
2 0 4 2 -1  1
15713163626199643206
0 5 0 2 -1  1
15713221908332248458
1 6 2 5 -1  1
15713231895585624050
1 0 2 0 -1  1
15713259733438007861
1 5 2 5 -1  1
15713503837893314945
4 6 4 4 -1  1
15713604191892172560
1 4 3 5 -1  1
15713666220261283001
2 7 0 5 -1  1
15713667836337041316
0 4 1 5 -1  1
15713823839140175820
0 4 2 6 -1  1
15713863096454404319
0 5 0 4 -1  1
15713935184682357553
0 3 2 5 -1  1
15714018421886554217
2 2 3 4 -1  1
15714095932471453012
2 6 3 6 -1  1
15714107385293621581
3 4 3 6 -1  1
15714113973027250013
1 3 2 3 -1  1
3 2 4 3 -1  1
15714181277527874758
3 0 4 1 -1  1
15714366481111476160
0 0 0 1 -1  1
15714462760376940697
2 5 1 6 -1  1
15714624650681789274
6 3 7 3 -1  1
15714711893404393412
0 6 1 6 -1  1
15714722756946484361
0 5 0 4 -1  1
15714732192643707246
3 5 4 5 -1  1
15714732398169080950
1 5 1 4 -1  1
15715010080382970267
2 4 3 3 -1  1
15715082490139256647
3 5 3 6 -1  1
15715145088228353763
0 0 0 2 -1  1
15715156809805552538
2 2 2 3 -1  1
15715216779391095579
2 6 4 5 -1  1
15715242689314227840
0 1 0 3 -1  1
15715406023461867229
2 0 1 0 -1  1
15715417606213846410
0 1 2 1 -1  1
15715562509650422204
4 3 5 3 -1  1
15715873126506927775
6 7 7 7 -1  1
15715968465262380089
1 3 1 2 -1  1
15715981334729849036
1 3 3 4 -1  1
15716002017496121661
4 5 3 6 -1  1
15716055164139958389
0 5 0 4 -1  1
15716226987916888130
2 7 3 7 -1  1
15716381359071276018
2 5 2 6 -1  1
15716404201903123936
3 4 4 4 -1  1
15716420381429473328
3 0 2 2 -1  1
15716578344750333836
2 6 3 5 -1  1
15716666916209135793
1 4 2 6 -1  1
15716766834534166691
5 6 6 6 -1  1
15717156546536355552
0 4 0 6 -1  1
15717397952477287300
4 4 2 2 -1  1
15717425710557466232
0 5 2 5 -1  1
15717779995234083968
1 7 3 5 -1  1
15717813492694154108
2 3 4 5 -1  1
15717969864903920426
3 2 4 3 -1  1
15718133198832998623
3 4 2 5 -1  1
15718307553720782828
3 1 4 1 -1  1
15718337056993312299
7 6 5 7 -1  1
15718369661004637059
2 6 3 6 -1  1
15718498837717421531
1 5 0 4 -1  1
15718629768831535659
1 3 2 5 -1  1
15718636877243560380
0 5 0 2 -1  1
15718710330763691538
3 2 4 0 -1  1
15718904713612407481
4 4 5 2 -1  1
15719296300435065864
0 3 2 5 -1  1
15719433889648149675
3 5 2 4 -1  1
15719562258225926419
3 5 4 7 -1  1
15719872442833571793
0 5 2 3 -1  2
15720050166463891923
0 3 7 3 -1  1
15720341127110262541
1 5 2 5 -1  2
15720364509408323137
1 4 2 3 -1  1
15720424275073322124
3 3 1 2 -1  1
15720485393603339746
6 1 5 1 -1  1
15720537604770104335
2 6 3 5 -1  1
15720557768502099462
3 4 4 5 -1  1
15720770491746618163
1 3 2 1 -1  1
15720771630040177669
2 1 3 3 -1  1
15720964098114614311
1 3 4 6 -1  1
15721154694956858942
3 5 3 6 -1  1
15721156673466537211
2 6 2 3 -1  1
15721429062598836300
0 1 1 1 -1  2
15721945754866597713
0 4 0 6 -1  2
15721994140981692485
3 3 2 2 -1  1
15722007143956343842
0 1 1 3 -1  1
15722046553066438902
1 6 2 5 -1  1
15722097333381022831
2 4 3 3 -1  1
15722162376498319499
0 2 1 3 -1  1
15722336680899067216
5 2 6 2 -1  1
15722758001317617502
1 7 3 7 -1  1
15722826242117725961
0 2 3 5 -1  1
15722967465053805281
1 5 2 6 -1  1
15723068268040895777
2 3 2 5 -1  1
15723105110519494471
0 5 2 5 -1  1
15723156502701276003
5 3 5 1 -1  1
15723294438229651531
1 1 1 2 -1  1
15723320530310327397
0 5 0 4 -1  1
15723457395797470651
3 0 1 2 -1  1
15723457972546901813
5 3 6 3 -1  1
15723528663187777171
4 1 2 2 -1  1
15723776302358737271
0 0 0 2 -1  1
15724268768075632965
0 6 0 7 -1  1
15724515402280222663
5 6 1 6 -1  1
15724653210264588064
4 6 3 7 -1  1
15724698956589144169
0 2 1 3 -1  1
15724706222531406527
3 3 7 3 -1  1
15724752827859731918
2 2 2 5 -1  1
15724786771724293059
5 7 6 6 -1  1
15725138783513980796
0 3 6 3 -1  1
15725251409382998233
1 0 6 0 -1  1
15725304257778561997
1 3 1 1 -1  1
15725319267300525081
3 7 3 3 -1  1
15725342031819726047
5 7 6 5 -1  1
15725367032446484660
2 1 6 5 -1  1
15725433089093108175
2 6 2 1 -1  1
15725492538468586454
7 3 7 7 -1  2
15725548239121801812
4 7 4 6 -1  1
15725572223709173193
4 1 4 2 -1  1
15725686955944093560
2 4 5 1 -1  1
15725788969349435838
1 0 2 0 -1  1
15725902373661648161
0 1 1 3 -1  1
15726775843671918991
6 1 7 1 -1  1
15726986156838696817
1 3 3 2 -1  1
15727363190763623318
1 6 1 5 -1  1
15727916965536978471
1 4 0 5 -1  1
15728394458210458897
2 2 4 3 -1  1
15728432614836103125
0 7 0 0 -1  1
15728443327124068124
2 5 6 5 -1  1
15728459353159767207
2 6 3 6 -1  1
15728483495964640902
3 1 4 1 -1  1
15728813348864111970
4 6 1 3 -1  1
15728840314244373291
2 4 2 2 -1  1
15729338578332208118
0 2 2 2 -1  1
15729474128077794752
1 4 4 1 -1  1
15729506631061246904
2 2 3 2 -1  1
15729539716961922657
4 4 5 5 -1  1
15729698885122024141
2 1 3 1 -1  1
15730072837471790047
1 3 2 3 -1  1
15730173923840609987
1 2 1 5 -1  1
15730286266317349167
3 3 4 3 -1  1
15730581846385644305
1 5 3 5 -1  1
15730622337200839914
1 7 3 7 -1  1
15730674847700271727
3 3 4 3 -1  1
15730685044905554147
0 6 1 5 -1  1
15730736634489421055
0 2 1 3 -1  1
15730987147994383114
2 2 3 0 -1  1
15731179600591607366
3 3 5 2 -1  1
15731629217727267016
4 6 2 5 -1  1
15731689997873707604
2 2 1 3 -1  1
15731803033585245533
0 5 0 4 -1  3
15732065210375651829
4 2 5 3 -1  1
15732208247476441457
0 4 0 6 -1  1
15732244806153825683
3 2 4 3 -1  1
15732327849692589657
2 2 7 2 -1  1
15732352173043965119
2 7 3 7 -1  1
15732571886213182633
1 3 3 3 -1  11
15732638201977708552
0 3 3 6 -1  1
15732859302625690148
2 6 3 6 -1  1
15732893015010869554
2 6 3 6 -1  1
15733022382394310663
3 6 5 4 -1  1
15733149684805790606
0 4 0 6 -1  1
15733166730113606569
2 4 4 4 -1  1
15733694202091209218
0 0 5 0 -1  1
15733872866897870868
1 3 1 4 -1  1
2 2 3 0 -1  1
15733921681353198835
3 4 4 3 -1  1
15733943824838993587
1 7 2 7 -1  1
15734050331470706115
1 5 3 5 -1  1
15734058137101924372
0 4 0 3 -1  1
15734069878935471986
0 5 1 4 -1  1
15734339977241305588
0 3 1 4 -1  1
15734440230914904927
5 0 7 1 -1  1
15734642717789115510
0 2 1 3 -1  1
15734741590962817803
5 3 7 2 -1  1
15734767728721705674
2 5 4 4 -1  1
15735094572584496443
0 4 0 6 -1  1
15735305015818820353
1 6 4 3 -1  1
15735465383900930307
1 3 2 1 -1  2
1 3 3 4 -1  1
15735552117472519365
0 0 3 0 -1  1
15735879832935321951
1 4 2 4 -1  1
15736312892350514669
5 6 4 6 -1  1
15736848827056988635
0 4 0 6 -1  1
15736993504291870649
1 7 7 1 -1  1
15737492166875210694
1 5 2 5 -1  1
15737501865723162279
0 3 0 4 -1  1
15738013672952616143
3 4 4 4 -1  1
15738043639158077791
0 2 0 1 -1  1
15738087331615607473
1 3 4 3 -1  1
15738099021635090611
3 5 2 4 -1  1
15738195133405884739
5 2 6 1 -1  1
15738712890020506988
2 4 1 2 -1  1
15738733534130468049
1 4 3 5 -1  1
15738762569357105684
2 2 3 3 -1  1
15738817995440980850
2 6 2 5 -1  1
15738933346468326356
3 7 5 7 -1  1
15738975293708382739
3 1 4 1 -1  1
15739006038721621828
6 3 5 2 -1  1
15739080494211484835
2 0 3 1 -1  1
15739126167144439766
0 5 1 6 -1  1
15739763179082311620
4 2 6 2 -1  1
15739879628299112522
4 4 5 4 -1  1
15739883360968530329
1 0 3 0 -1  1
15739936396313251471
2 6 4 4 -1  1
15739947573849298380
2 5 1 6 -1  1
15740045137311402168
2 5 4 4 -1  1
15740129614254468145
1 5 2 5 -1  1
15740323844015966402
3 4 5 3 -1  1
15740363882454335024
4 6 6 5 -1  1
15740554403007371082
1 6 2 6 -1  1
15740561277208720913
3 0 4 0 -1  1
15740645440723453099
2 2 4 3 -1  1
15740807545588577199
5 5 4 7 -1  1
15740940963381615476
1 1 2 1 -1  1
15741119671543910310
1 7 2 6 -1  1
15741760263015678596
0 5 2 6 -1  1
15741876131418799728
7 3 7 2 -1  1
15741921658335304859
2 1 1 2 -1  1
15741923818331235890
0 3 1 3 -1  1
15741986713749716505
2 0 3 0 -1  1
15742023480551964801
0 5 2 3 -1  17
0 6 1 4 -1  5
15742251623471815053
2 2 0 0 -1  1
2 2 3 3 -1  1
15742432582825424018
3 4 4 4 -1  1
15742441045632798461
5 6 6 5 -1  1
15742748513398069506
1 6 2 6 -1  1
15742794700902726960
2 4 0 2 -1  1
15743134415862205973
0 0 0 5 -1  1
15743134976206485124
3 2 4 2 -1  1
15743214133627280957
2 1 7 1 -1  1
15743466141658209005
0 1 6 1 -1  1
15743670466920777768
2 3 3 3 -1  1
15744005890130114795
0 2 1 2 -1  1
15744118330851517321
5 4 7 3 -1  1
15744222622711339272
1 4 1 6 -1  1
15744358045478232447
1 0 3 0 -1  1
15744759438944884150
3 5 4 5 -1  1
15744765650273427225
2 2 6 2 -1  1
15744967715877224531
0 5 4 1 -1  1
15745182545509543782
1 7 2 6 -1  1
15745232156995363858
3 4 1 3 -1  1
15745271132408504187
0 1 7 1 -1  1
15745368794766384156
4 5 6 5 -1  1
15745469570264305217
1 0 3 0 -1  1
15745852800767356633
0 3 0 2 -1  1
15745877981709893879
0 5 0 3 -1  1
15746272764452203424
1 1 3 1 -1  1
15746330090921344693
0 3 4 3 -1  1
15746716178572163798
0 3 0 6 -1  1
15746855972027210447
1 6 2 6 -1  1
15746935964086385435
1 1 2 2 -1  1
15747011188658162501
2 1 3 0 -1  1
15747139815762070803
2 2 3 3 -1  1
15747569442931984382
1 6 2 6 -1  1
15747570444591977546
1 2 1 3 -1  1
15747857731339543178
2 2 3 2 -1  1
15747943605506556226
2 5 1 3 -1  1
15748045436314121955
2 4 2 5 -1  1
15748048039254972857
5 1 6 1 -1  1
15748262797802503183
4 6 3 7 -1  1
15748319769223700438
0 5 0 4 -1  1
15748616217040934354
0 4 0 1 -1  1
15748683201443105673
3 2 2 1 -1  1
15748937850143223561
3 7 4 6 -1  1
15749411776180104713
0 3 1 4 -1  1
15749426182323161363
5 1 4 1 -1  1
15749884634949169402
2 5 4 5 -1  1
15749962080513483562
0 7 6 7 -1  1
15750022248714008690
1 4 3 4 -1  1
15750099630838293412
0 6 1 5 -1  1
15750113779889426491
1 3 6 3 -1  1
15750147243965419733
7 4 7 6 -1  1
15750210678574318364
1 3 2 4 -1  1
15750220266238169040
4 5 5 5 -1  1
15750261133531248554
7 6 7 0 -1  1
15750272798210157446
0 5 1 4 -1  1
15750290873709507888
0 6 1 6 -1  1
15750452042896277596
1 4 2 5 -1  1
15750535197369058421
0 1 3 1 -1  1
15750703151381038936
4 3 4 1 -1  1
15750870773962104089
1 6 2 7 -1  1
15750879871669910278
3 3 4 2 -1  1
15751290595542479529
2 4 3 2 -1  1
15751362029462255093
1 1 2 1 -1  1
15751371709722751980
0 3 1 4 -1  1
15751598220186728888
1 3 3 4 -1  1
15751632029728436046
1 2 2 4 -1  1
15751699376520343029
3 3 2 2 -1  1
15751810653571716339
4 0 5 1 -1  1
15751832731382675852
0 3 2 3 -1  1
1 7 2 7 -1  1
15751948484829197134
1 5 2 4 -1  1
15752236783796426228
3 5 2 6 -1  1
15752452785206430280
0 0 0 3 -1  1
15752579297029929417
0 4 0 6 -1  1
15752824649800113126
2 4 4 5 -1  1
15753016982917044510
0 2 0 1 -1  1
15753019135695811186
1 4 2 3 -1  1
15753173549426572132
1 3 3 3 -1  1
15753184377012592552
2 5 2 6 -1  1
15753627242745987679
3 1 5 2 -1  1
15753730404081849059
2 2 3 4 -1  1
15753776839503226569
1 0 2 0 -1  1
15753893786744993141
1 5 3 5 -1  1
15753982843803770086
1 6 2 5 -1  1
15753987549972402254
4 1 2 0 -1  1
15754012098544069947
0 7 0 3 -1  1
15754021799151058729
0 3 3 3 -1  1
15754163220762004575
1 4 0 4 -1  1
15754352448855794116
2 1 3 0 -1  1
15754366593786902629
3 4 2 5 -1  1
15754422890124887693
7 4 6 4 -1  1
15754593402410644184
1 4 2 3 -1  1
15754689008890570315
1 2 0 3 -1  1
15755014553223646755
1 6 2 6 -1  1
15755388570694857764
6 0 6 5 -1  1
15755403292358593863
1 2 2 2 -1  1
15755503660550619118
6 1 6 2 -1  1
15755645484373383606
5 1 6 1 -1  1
15755767987933057217
4 1 3 0 -1  1
15756295843151710158
0 3 0 5 -1  1
15756479546267800810
1 0 2 0 -1  1
15756507671205310556
5 2 4 1 -1  1
15756515315656585863
2 5 4 6 -1  1
15756531965944848410
0 4 0 2 -1  1
15756678195107400865
1 6 2 6 -1  1
15756810244593395449
2 5 2 6 -1  1
15757044042030954214
4 4 2 3 -1  1
15757101597118615524
2 5 1 5 -1  1
15757459261382549882
3 4 6 1 -1  1
15757560033509168271
3 4 3 5 -1  1
15757725338450348985
0 1 1 3 -1  1
15758061950533956122
0 1 0 2 -1  1
15758081471853913898
0 5 0 4 -1  1
15758217399285215897
3 5 3 7 -1  1
15758432458457633368
0 3 1 3 -1  1
15758549646957525040
4 4 5 3 -1  1
15758998499012323657
2 3 1 2 -1  1
15759021341940344677
2 5 3 4 -1  1
15759071174796720041
0 4 4 0 -1  1
15759157636391766284
3 2 4 3 -1  1
15759243879905890604
2 5 4 4 -1  1
15759372951997821009
0 7 0 6 -1  1
15759388265814673759
1 2 3 2 -1  2
15759664312818629874
1 5 1 6 -1  1
15759824313450525029
1 5 0 6 -1  1
15759839622494169479
5 5 5 4 -1  1
15759991014599340492
0 5 4 1 -1  2
15760095857977930083
3 6 4 6 -1  1
15760165507532851171
0 2 1 1 -1  1
15760567450189732665
0 3 1 3 -1  1
15760702320237099674
1 6 3 5 -1  1
15760740855637498758
2 3 1 3 -1  1
15760880028861056097
1 6 0 6 -1  1
15760919998450427897
2 1 1 1 -1  1
15761016315797578525
2 4 3 6 -1  1
15761124896820643574
3 2 4 3 -1  1
15761306534164852390
3 3 1 2 -1  1
15761320914491613302
2 3 3 4 -1  1
15761328631027059885
2 3 3 3 -1  1
15761860966812116208
1 3 2 2 -1  1
