16730949198110821356
7 3 7 1 -1  1
16730970083768000380
5 4 4 3 -1  1
16730984331902621072
2 4 4 6 -1  1
16731225841410808436
3 4 4 4 -1  1
16731620919031547547
2 3 2 2 -1  1
16731721273552027999
0 3 1 4 -1  1
16731796845094844779
2 5 6 5 -1  1
16732060078786138871
2 4 4 2 -1  1
16732457974671975172
0 1 6 1 -1  1
16732700747050804267
6 3 5 3 -1  1
16732811313665681762
2 4 1 5 -1  1
16732967548806458138
2 2 2 1 -1  1
16733084451844009393
0 2 4 6 -1  1
2 5 4 4 -1  1
16733335012188304611
1 1 3 1 -1  1
16733356169410305946
2 4 3 6 -1  1
16733504006098061927
3 6 3 7 -1  1
16733597678616375680
5 2 7 2 -1  1
16733989505923337886
2 5 3 4 -1  1
16734027852382785112
4 0 6 2 -1  1
16734044888654252046
0 4 0 2 -1  1
16734187523790766919
1 2 3 2 -1  1
16734393102252225740
1 2 2 3 -1  1
16734551928849528414
1 5 2 4 -1  1
16734607930168396766
0 0 0 3 -1  1
16734752847513450979
2 5 0 4 -1  1
16734862460955356493
1 3 2 1 -1  1
16734870996490124254
4 3 0 3 -1  1
16735133885090095537
1 7 3 6 -1  1
16735145314050252299
6 0 7 0 4  1
16735148312798211024
0 4 0 6 -1  1
16735597493618644029
0 6 1 4 -1  1
16735606570577247891
0 2 1 2 -1  1
16735824817889872603
0 2 5 7 -1  1
16735875680674317180
1 6 3 4 -1  1
16736325860463164300
2 2 4 4 -1  1
16736568815045393672
4 4 5 3 -1  1
16736595494251003954
1 5 1 2 -1  1
16736919578582943059
3 1 5 1 -1  1
16737299930850135964
0 4 3 7 -1  1
16737372944733571234
2 3 3 2 -1  1
16737461487795742313
6 0 7 0 -1  1
16737534123841651766
3 3 4 3 -1  1
16737580469817512902
1 6 2 5 -1  1
16737793273113629456
0 6 1 6 -1  1
16738096205304511440
1 7 2 7 -1  1
16738101691729668010
0 3 3 0 -1  2
16738107625082036619
7 3 4 3 -1  1
16738118994291341310
2 5 6 1 -1  1
16738254358213876483
3 3 5 2 -1  1
16738548006797443091
6 4 6 5 -1  1
16738659259205444976
0 3 4 3 -1  1
16738721564881673682
4 1 7 1 -1  1
16738777125820759824
0 7 0 6 -1  1
16738788978775012692
1 0 2 0 -1  1
16738818138719687208
2 4 3 3 -1  1
16738832753580085489
4 3 2 4 -1  1
16738912774625051673
3 7 5 5 -1  1
16739038201581002192
2 2 4 3 -1  1
16739044049337309046
3 4 4 3 -1  1
16739118237481321483
2 4 3 3 -1  1
16739179375481252092
5 7 4 7 -1  1
16739426592606708283
0 4 1 4 -1  1
16739533381645764782
0 3 0 6 -1  1
16739560860892187013
2 2 1 4 -1  1
16739671972140222845
0 5 1 4 -1  1
16740120954671094423
2 1 2 2 -1  1
16740161838234059406
0 4 0 6 -1  1
16740442826588285952
0 6 1 5 -1  1
16740629747809107985
0 4 0 6 -1  1
16740730261828241153
1 7 2 7 -1  1
16740741234559616049
0 1 2 2 -1  1
16740887628663090368
1 0 3 0 -1  1
16740893959590739283
3 0 4 1 -1  1
16741041500673630661
0 3 1 3 -1  1
16741116711574115014
5 4 2 7 -1  1
16741216295422190942
0 5 0 4 -1  1
16741322373436971403
0 1 2 2 -1  1
16741594950528721579
6 5 5 6 -1  1
16741879482388905945
0 3 1 4 -1  1
16741912249510900988
1 5 2 5 -1  6
16742055498775652855
2 4 3 3 -1  1
16742074287524641735
0 0 0 3 -1  1
16742209587599584914
2 4 3 4 -1  1
16742218663622348402
2 6 3 6 -1  1
16742474050598031766
2 0 4 0 -1  1
16742867846774323932
1 5 1 3 -1  1
16742937806243461467
0 0 2 0 -1  1
16743141884970787707
0 2 5 2 -1  1
16743360273927210732
2 7 3 6 -1  1
16743688564891078674
1 2 1 4 -1  1
16744015615528605469
1 7 2 7 -1  1
16744031034061956153
2 7 3 6 -1  1
16744072380414405654
2 1 3 2 -1  1
16744097805499730694
2 0 3 0 -1  1
16744167528784268905
0 2 4 6 -1  1
16744393521565538157
1 0 3 0 -1  1
16744570711822738294
3 2 4 2 -1  1
16744601103753654292
2 3 4 3 -1  1
16744700254490727623
2 6 2 5 -1  1
16744889246566949347
3 5 5 4 -1  1
16744898276415039234
3 4 4 4 -1  1
16745170862345047892
0 3 3 6 -1  1
16745174077570139103
0 3 0 1 -1  1
16745250098538331682
2 1 3 2 -1  1
16745366997387780754
0 5 1 6 -1  1
16745508671254378216
3 4 4 3 -1  1
16745802172727787890
3 2 1 4 -1  1
16746386241630742945
0 3 0 7 -1  1
16746394315161731094
1 2 4 5 -1  1
16746506741155421885
2 2 4 2 -1  1
16746553938996411014
0 1 1 2 -1  1
16746599630833826151
1 7 2 7 -1  1
16746622098598797352
3 6 3 5 -1  1
16746800383543004517
1 5 2 6 -1  1
16746931052130272725
2 4 3 4 -1  1
16746962748601681321
3 5 2 3 -1  1
16747141302079537079
0 5 1 6 -1  1
16747300809444631648
0 7 1 6 -1  1
16747303452157280742
3 3 5 2 -1  1
16747304441590669926
4 7 6 5 -1  1
16747394038702342633
0 1 3 1 -1  1
16747522020100324872
1 4 2 4 -1  1
16747655603530451167
0 3 2 1 -1  1
16748011076930829845
4 6 3 4 -1  1
16748095986331696114
0 1 0 2 -1  1
16748339080131437808
1 3 3 4 -1  1
16748341099329125203
5 1 3 1 -1  1
16748552111137473828
0 1 2 2 -1  1
16749073825044896589
0 3 0 5 -1  1
16749268181947520159
0 4 6 4 -1  1
16749340585137389752
1 4 3 3 -1  1
16749560922705137366
2 2 1 0 -1  1
16749709825998073630
3 5 4 4 -1  1
16750007089463495865
0 3 7 3 -1  34
16750039399242943800
0 2 0 1 -1  1
16750087715182232635
1 6 2 6 -1  1
16750209966671400712
3 4 4 4 -1  1
16750217193007195048
4 4 5 3 -1  1
16751283471787245429
0 3 2 5 -1  2
16751749702169204474
1 6 5 2 -1  1
16751944540927487366
6 3 0 3 -1  1
16752115337927096879
0 0 6 0 -1  1
16752446384222339292
0 6 1 7 -1  1
16752555865263248710
1 2 0 3 -1  1
16752615018674430591
0 0 0 1 -1  1
16752723405490190833
2 5 1 4 -1  1
16752802175172827959
1 1 2 2 -1  1
16752818980331249658
0 4 0 6 -1  3
1 3 3 5 -1  1
16752879026780687860
3 7 2 7 -1  1
16753077798326358381
5 5 3 4 -1  1
16753099799877817262
1 5 2 5 -1  1
16753289431965037051
2 2 3 4 -1  1
16753318785183611250
1 5 2 5 -1  1
16753425918802510563
1 5 2 5 -1  1
16754010193722060125
1 6 2 7 -1  1
16754045760024351059
0 0 0 1 -1  1
16754222168223732130
4 4 3 3 -1  1
16754384361292015345
0 0 4 0 -1  1
16754507591764203882
5 5 5 7 -1  1
16754517383540963540
1 5 2 4 -1  1
16754545746530655653
6 4 5 2 -1  1
6 4 5 6 -1  1
16754920563136102464
3 0 5 1 -1  1
16755047295081219654
3 0 5 1 -1  1
16755268708523403175
2 2 3 4 -1  1
16755394710559468418
0 5 0 1 -1  1
16755443134727896195
0 3 7 3 -1  1
16755669062100545787
1 0 7 0 -1  1
16755871205143158863
0 5 0 4 -1  1
16755897148737484480
2 4 1 4 -1  1
16756330802098210706
0 0 0 3 -1  1
16756668790559544452
2 3 3 2 -1  1
16756698574346616583
2 4 3 5 -1  1
16756809108149636997
5 4 4 6 -1  1
16756884081970395343
3 6 2 6 -1  1
16757362537046437229
7 4 4 4 -1  1
16757593046785596271
3 2 4 3 -1  1
16757620019887930632
2 5 0 5 -1  1
16757780041094276805
0 6 1 7 -1  1
16757868086058832644
3 6 4 6 -1  1
16757957693639285776
1 7 2 7 -1  1
16757971759231945971
2 2 4 3 -1  1
16758135841804142655
1 0 2 0 -1  1
16758556212505466589
3 5 4 5 -1  1
16758617226200649537
4 1 5 3 -1  1
16758856789640642511
2 5 0 4 -1  1
16759516421962373546
3 3 4 4 -1  1
16759707910102872541
1 0 3 0 -1  1
16759715802304856083
4 2 5 2 -1  1
16759949559292596136
2 1 6 1 -1  1
16760295651652594797
2 4 3 5 -1  1
16760365749859751330
0 2 2 4 -1  1
16760553499034957030
1 3 0 5 -1  1
16760565725709033267
1 6 2 6 -1  1
16760577153809881357
3 5 4 4 -1  1
16760687114344280581
3 1 3 5 -1  1
16760935260550495439
3 2 4 1 -1  1
16761237332670370705
1 3 2 5 -1  1
16761285819684583768
3 5 4 5 -1  1
16761322418781267221
2 4 4 3 -1  1
16761352072029966603
3 3 3 5 -1  1
16761359344470463198
0 7 3 7 -1  1
16761373576533719353
2 3 5 6 -1  1
16761374424818071121
2 6 2 7 -1  1
16761395822378321303
2 3 3 3 -1  1
16761738115947699366
3 3 4 1 -1  1
16762319346379000558
0 1 2 2 -1  1
16762340279051438636
3 4 2 5 -1  1
16762344841470386102
1 0 2 0 -1  1
16762395564367919435
3 4 4 4 -1  1
16762598496843552714
1 0 2 0 -1  1
16762648151606781755
0 1 0 0 -1  1
16763014122250252172
0 1 2 2 -1  1
16763188586138529014
2 2 2 7 -1  1
16763289170209090037
4 4 4 6 -1  1
16763649403635417124
2 5 0 3 -1  1
16764057678171998515
2 5 3 3 -1  1
16764082253758299201
0 4 1 4 -1  1
16764180697283559282
3 0 1 1 -1  1
16764268953379146386
1 4 3 4 -1  1
16764303851764376128
5 4 6 4 -1  1
16764444463280958664
2 2 1 2 -1  1
16764480285741145897
0 3 1 4 -1  1
16764480394760414360
2 4 1 5 -1  1
16764586249449156655
4 5 5 5 -1  1
16764962670183096137
2 3 6 3 -1  1
16765441048624612370
5 3 7 5 -1  1
16765603757064477940
3 5 4 5 -1  1
16765682836547475187
1 3 3 1 -1  1
16765835786012538993
2 7 3 7 -1  1
16766041634415122851
1 3 3 2 -1  1
16766230324075602038
2 0 3 1 -1  1
16766453808512877122
2 5 3 3 -1  1
16766741084175753640
3 3 1 3 -1  1
16766779871749173252
3 2 4 3 -1  1
16766811583225857132
1 3 3 2 -1  1
16766920086417535101
7 7 4 7 -1  1
16766956223417345747
4 6 3 7 -1  1
16767036784380287651
0 7 0 6 -1  1
16767280093221159242
2 1 1 1 -1  1
16767441194750981481
2 1 3 1 -1  1
16767499217851785589
0 5 1 4 -1  1
16767500677968110826
4 6 6 4 -1  1
16767678795532423856
1 6 2 5 -1  1
16767693906552804031
2 2 0 0 -1  1
16767726154914862753
5 0 1 4 -1  1
16767756501733109971
0 2 4 2 -1  1
16767812752349191589
0 3 0 0 -1  3
16767814578191858098
0 5 0 3 -1  1
16768125524069457361
2 6 3 6 -1  1
16768196924215484656
2 0 3 1 -1  1
16768440612687024865
1 4 3 2 -1  1
16768519839923471410
3 3 4 2 -1  1
16768598735219198462
0 5 4 1 -1  1
16768855586668705824
5 4 6 4 -1  1
16768878884228463221
0 5 0 3 -1  1
16768887345480036756
1 5 2 5 -1  1
16769098291020116547
2 3 0 3 -1  1
16769151903746400667
4 5 3 4 -1  1
16769163144576177413
3 4 4 3 -1  1
16769187273773215426
2 0 3 1 -1  1
16769276598109737880
3 3 3 5 -1  1
16769424385318591714
2 6 3 5 -1  1
16769500967518670251
2 6 6 6 -1  1
16769696983266178408
2 0 5 3 -1  1
16769701120317085005
2 6 3 5 -1  1
16769753941124912030
3 4 4 3 -1  1
16769814999272868691
2 5 3 7 -1  1
16769968352945433017
3 4 4 3 -1  1
16770274817887225343
2 1 3 1 -1  1
16770293236830923466
4 2 5 2 -1  1
16770368151474898066
4 1 1 4 -1  1
16771024901145408438
3 3 4 3 -1  1
16771106092710110678
4 3 3 3 -1  1
16771371386399353301
1 7 3 7 -1  1
16771390682630005555
1 5 2 4 -1  1
16772039716927229444
2 3 3 3 -1  1
16772088918620382072
0 2 4 2 -1  1
16772214027546312171
0 6 1 7 -1  1
16772250796348874684
3 5 5 3 -1  1
16772315181925050741
4 6 5 5 -1  1
16772323930290886354
1 5 3 5 -1  1
16772436418104902954
4 3 5 3 -1  1
16772774116254555699
2 5 4 4 -1  1
16772868504789385633
1 3 2 1 -1  1
16772872639526440354
0 3 1 4 -1  1
16773034400865217302
3 3 4 3 -1  3
16773180530639631725
0 4 2 3 -1  1
16773262604573824743
3 2 2 3 -1  1
16773269053896558669
0 0 0 2 -1  1
16773637295269669220
3 2 3 3 -1  1
16773910206907402235
3 4 5 3 -1  1
16773932164179917943
5 1 2 1 -1  1
16773935778452718137
2 4 4 2 -1  1
16774102367858143953
1 0 2 1 -1  1
16774336900132218180
0 0 2 0 -1  1
16774709915442304303
6 3 6 5 -1  1
16774829508644895213
3 3 6 0 -1  1
16775027399259524455
4 4 4 5 -1  1
16775230537944244221
5 4 6 2 -1  1
16775286607986641016
3 1 4 1 -1  1
16775310311459183180
1 7 0 7 -1  1
16775385296490100237
1 3 3 2 -1  1
16775456425942376612
3 3 4 3 -1  3
16775594046646696121
0 5 1 4 -1  1
16775616752182835211
2 6 2 3 -1  1
16775809345401813722
5 4 3 4 -1  1
16775904634981555460
4 3 5 3 -1  1
16775971638520748435
1 3 3 3 -1  1
16775996848754420454
2 2 1 4 -1  1
16776081931174077880
1 4 2 5 -1  1
16776130548041646576
2 6 1 4 -1  1
16776287394793603826
4 4 2 3 -1  1
16776296844787686401
4 3 6 4 -1  3
16776313030248369704
0 6 0 5 -1  1
16776628502823703466
2 7 3 7 -1  1
16776755215443547378
0 4 2 2 -1  1
16776855806978407405
1 7 2 7 -1  1
16776996872856875491
1 1 2 1 -1  1
16777386027982913457
0 0 0 1 -1  1
16777397264621400406
1 0 2 0 -1  1
16777416053876457457
2 7 1 5 -1  1
16777523356642530655
1 6 2 6 -1  1
16777603764937051374
3 7 4 6 -1  1
16777668755672559967
0 0 0 1 -1  1
16777794835178900546
4 0 2 1 -1  1
16777906610469860740
3 4 4 4 -1  1
16777921023618048696
1 7 2 7 -1  1
16778370576500975968
3 3 4 1 -1  1
16778424573786620736
5 2 3 2 -1  1
16778426750716579198
1 3 1 4 -1  1
16778472340291152051
2 0 3 1 -1  1
16778571162462518314
5 1 4 1 -1  1
16778590323916284179
1 1 2 1 -1  1
16778676752165593212
3 5 4 5 -1  1
16778933404165374410
4 1 6 2 -1  1
16778975991671210094
2 2 1 4 -1  1
16779388814807781248
7 5 6 5 -1  1
16779520364834096064
3 1 4 1 -1  1
16780251264128012504
2 4 1 4 -1  1
16780306940279745809
4 6 2 6 -1  1
16780367604722340883
1 1 2 1 -1  1
16780530474176586378
0 6 1 7 -1  1
16780923729626985627
0 6 1 6 -1  1
16780984907041574159
3 0 2 2 -1  1
16781199324521283747
1 7 2 6 -1  1
16781363680832543418
0 0 0 2 -1  1
16781413371167834522
1 4 4 7 -1  1
16781513913859435084
1 2 2 1 -1  1
16781528510868881057
0 2 1 3 -1  1
16781567330476557340
3 7 1 5 -1  1
16781589991283441335
1 3 4 3 -1  1
16781707739663210923
1 3 2 3 -1  1
16781985727043006048
3 2 4 3 -1  1
16782073344463835543
2 6 3 5 -1  1
16782124537167416945
0 4 0 7 -1  1
16782167524878353622
0 3 0 4 -1  1
16782427371457188471
4 4 2 5 -1  1
16782656797252302803
0 2 5 7 -1  1
16782937638528545178
3 2 4 2 -1  1
16782987006349707156
0 4 0 6 -1  1
16783019806453439069
1 1 0 0 -1  1
16783207074633034601
0 3 1 2 -1  1
16783378832827239264
0 4 0 6 -1  1
16783429463742489408
2 3 3 3 -1  1
16783510502053137227
1 2 0 1 -1  1
16783648872935120261
3 4 4 4 -1  1
16783756638019630989
1 6 2 6 -1  1
16783781208731091214
2 4 3 4 -1  2
16784600716889056694
0 4 3 4 -1  1
16784698384473099530
0 4 0 6 -1  1
16784739651007918521
0 2 6 2 -1  1
16784799553856151122
0 3 1 3 -1  1
16785060490317728878
6 0 0 0 -1  1
16785083714461385064
7 1 3 1 -1  1
16785220474633907617
0 5 0 6 -1  1
16785531921039306810
7 3 7 6 -1  1
16785788809399515365
4 5 3 5 -1  1
16785889532216826135
6 7 7 5 -1  1
16785920181054390423
0 0 0 2 -1  1
16786178253475304422
2 4 5 7 -1  1
16786226775976193949
0 0 2 0 -1  1
16786481167160757561
5 1 5 3 -1  1
16786644062259423100
1 4 2 5 -1  1
16786664725069396489
0 4 0 6 -1  1
16786766293187342875
5 2 7 2 -1  1
16787046779267668167
2 5 3 3 -1  1
16787281833121829935
5 2 5 1 -1  1
16787288496250906837
1 3 4 0 -1  2
16787293061039586941
4 2 3 4 -1  1
16787342221262388901
1 4 1 2 -1  1
16787687618744937410
3 3 4 5 -1  1
16787779472892631529
2 4 2 5 -1  1
16788018248549377668
1 1 0 2 -1  1
16788471566614676703
3 4 4 4 -1  1
16788500092026346424
1 0 2 1 -1  1
16788644218006072644
4 2 5 3 -1  1
16788663751065606000
1 6 2 6 -1  1
16788674024815468949
1 2 2 3 -1  1
16788713964633933146
1 1 2 1 -1  1
16788991422106319058
0 5 1 6 -1  1
16789052598176952955
3 3 2 5 -1  1
16789156752840334104
0 3 1 3 -1  1
16789358465003971418
1 0 3 0 -1  2
16789580323906240367
6 1 4 1 -1  1
16789592127673007141
3 1 4 3 -1  1
16789609319859575753
1 5 3 5 -1  1
16789726538996422426
1 3 2 4 -1  1
16790053232479741330
0 6 1 7 -1  1
16790119936057588299
3 3 4 3 -1  1
16790334470289804568
1 4 5 0 -1  1
16790364940660779662
1 4 0 4 -1  1
16790541096615954100
0 6 0 7 -1  1
16790584547904589664
2 4 4 6 -1  1
16790816720557882891
0 5 0 3 -1  1
16790844569503313668
1 0 2 0 -1  1
16790999607274015010
0 4 0 6 -1  1
16791032183654500849
2 4 2 3 -1  1
16791138852645745282
1 6 2 7 -1  1
16791386576528996862
1 3 3 2 -1  1
16791954765653809574
0 4 0 2 -1  1
16792125205704869968
7 3 6 2 -1  1
16792427381774250048
1 3 2 3 -1  1
16792652331785069079
2 5 1 3 -1  1
16792669491596460265
0 7 0 1 -1  1
16792695355068202935
0 7 1 6 -1  1
16792748700073082255
2 0 1 1 -1  1
16792892126228778868
3 0 7 4 -1  1
16792909785536142089
2 6 4 5 -1  1
16793082994275655419
0 6 1 6 -1  1
16793169321385110514
2 2 3 4 -1  1
16793498481017698615
1 2 1 3 -1  1
16793517061373864244
0 1 3 4 -1  1
16793747564606402945
4 4 6 5 -1  1
16793891235599201128
1 5 2 5 -1  1
16794102484155606161
3 6 4 6 -1  1
16794297985723688777
1 3 2 4 -1  1
16794478920288801062
1 5 3 5 -1  1
16794514175975702523
0 6 2 5 -1  11
16794661229353998318
5 2 7 4 -1  1
16794825473717179546
0 3 2 1 -1  1
16794901777530949064
2 7 3 7 -1  1
16794913215101299804
4 3 5 1 -1  1
16794931126630390037
3 6 2 4 -1  1
16794948511681729141
0 2 2 2 -1  1
16795014379341894282
3 0 4 1 -1  1
16795137917514154997
3 4 5 4 -1  1
16795245824317349542
3 3 4 4 -1  1
16795253535624429514
1 7 0 7 -1  1
16795378753038383706
2 5 3 3 -1  1
16795401583122768864
1 3 3 4 -1  1
16795744955049253855
1 5 2 6 -1  1
16795796019037492087
5 3 1 3 -1  1
16795933689048072286
3 3 3 2 -1  1
16796073209613128485
1 4 1 3 -1  1
16796126470503674271
5 3 6 5 -1  1
16796174426655407581
6 2 4 2 -1  1
16796361635715860175
3 4 3 3 -1  1
16796648998866435374
2 2 3 4 -1  1
16796658789444789311
2 5 3 3 -1  1
16796735730954665249
2 4 2 0 -1  1
16796774133813724430
2 7 2 6 -1  1
16796845324774729731
4 5 4 4 -1  1
16796851744612672985
7 1 2 1 -1  1
16796896728464054661
3 3 2 4 -1  1
16796991849490357353
3 4 4 6 -1  1
16797041026679924739
4 7 5 7 -1  1
16797141290303390389
2 6 3 6 -1  1
16797177931864541336
2 6 4 5 -1  1
16797253981316002298
5 6 3 5 -1  1
16797369902770197193
3 3 2 2 -1  1
16797441698543212148
4 3 5 4 -1  1
16797445603772789698
6 3 5 3 -1  1
16797522516888051372
5 3 5 7 -1  1
16797713811697821379
2 2 0 3 -1  1
16797797128712308671
2 5 0 3 -1  1
16797825823352702617
2 3 6 7 -1  1
16797888117360041220
2 4 1 4 -1  1
16798016058788671231
5 3 7 3 -1  1
16798021859622595788
3 3 3 2 -1  1
16798237649039009440
3 3 4 3 -1  1
16798258832205615367
3 4 4 3 -1  1
16798295559714218685
1 2 2 4 -1  1
16798395210475430267
1 0 2 2 -1  1
16798545953759871137
3 4 4 3 -1  1
16798563358127065945
0 0 5 0 -1  1
16798587206284310495
4 2 4 0 -1  1
16798605954686618137
3 3 5 2 -1  1
16798731872285814966
1 3 0 2 -1  1
16798781174908509071
2 6 3 5 -1  1
16798955283457274355
4 3 5 3 -1  1
16799114372113033236
2 5 4 6 -1  1
16799127983153178897
2 5 4 4 -1  1
16799652672218503457
2 5 3 5 -1  1
16799807583247813617
7 0 0 0 -1  1
16799868968239953613
1 4 3 5 -1  1
16799890907654174360
1 3 3 2 -1  1
16799963764432206982
1 2 2 2 -1  1
16800213707914538198
2 2 2 5 -1  1
16800325361701914515
2 2 4 3 -1  1
16800371193441811664
2 2 4 1 -1  1
16800374098700900592
2 4 4 3 -1  1
16800903694037495273
0 4 0 3 -1  1
16801134111047569580
1 3 3 3 -1  1
16801330379713434367
1 3 0 2 -1  1
16801429488081229398
1 4 3 6 -1  1
16801468448213175317
4 6 2 6 -1  1
16801862764763932338
4 1 5 1 -1  1
16801868535765867042
0 0 2 0 -1  1
16802081197709905722
2 2 4 3 -1  1
16802212769004781563
1 0 2 0 -1  2
16802487846929265147
3 5 5 7 -1  1
16802541832849740664
1 0 3 0 -1  1
16802624214992791879
3 4 6 7 -1  1
16802808284723481334
7 1 6 1 -1  1
16802878450599592441
0 3 1 3 -1  1
16802974967082065404
1 4 2 6 -1  1
16802982371974817557
0 3 1 3 -1  1
16803058321972294071
2 1 1 2 -1  2
16803085296617556047
3 2 2 3 -1  1
16803088588992314480
0 3 5 3 -1  1
16803264375089625069
0 6 2 5 -1  1
16803398474930591509
2 2 3 0 -1  1
16803484389401418327
3 6 4 6 -1  1
16803945993475532960
1 4 5 0 -1  1
16803957933357287925
4 1 3 2 -1  2
16804012982359974713
0 5 0 4 -1  1
16804126713002483210
6 4 5 4 -1  2
16804213563895040821
4 3 3 4 -1  1
16804288885031230354
0 4 0 5 -1  1
16804338770553189727
3 3 2 1 -1  1
16804343562133802227
4 6 6 4 -1  1
16804356508097519849
3 2 4 4 -1  1
16804494315064226297
0 1 1 3 -1  1
0 2 2 4 -1  1
16804505130215083852
4 4 6 3 -1  1
16804740612268130983
4 3 5 3 -1  1
16804805469773885024
1 4 2 3 -1  1
16804819963177559526
3 7 4 7 -1  2
16804825341850738169
2 2 4 3 -1  1
16804835220975784940
2 4 1 3 -1  1
16805126012454044452
2 2 1 2 -1  1
16805183968130027005
1 5 2 5 -1  1
16805196082835905543
4 6 3 5 -1  1
16805239453884675798
1 0 2 0 -1  1
16805432086665870862
1 5 1 4 -1  1
16805554033505302537
3 2 2 1 -1  1
16805627450872061846
3 4 4 4 -1  1
16805701650142821357
3 6 2 4 -1  1
16805773349590112615
4 1 6 2 -1  1
16805780767341650943
1 4 3 6 -1  1
16806083364231640806
2 1 3 1 -1  1
16806156974207571564
0 0 0 2 -1  1
16806549154935420726
4 3 3 4 -1  1
16806577969331017194
0 0 0 1 -1  1
16806836490041588438
0 3 7 3 -1  1
16807047376362019738
0 2 0 1 -1  1
16807228756155995387
1 3 1 2 -1  1
16807241533987547508
0 4 0 6 -1  1
16807466534091138399
4 4 3 3 -1  1
16807821101941599518
2 5 4 5 -1  1
16807885022191060417
5 6 3 4 -1  1
16807897907943670339
0 2 2 4 -1  1
16808192062878486766
3 7 4 6 -1  1
16808442811896488104
1 2 1 0 -1  1
16808937149824864199
1 3 3 1 -1  1
16808961764307542524
1 3 1 2 -1  1
16809134546036179565
0 4 0 6 -1  1
16809178945437377954
4 1 5 3 -1  1
16809238599523567437
1 4 2 4 -1  1
16809447341821283609
2 3 1 3 -1  1
16809762934534193066
0 4 3 4 -1  1
16809957232726323246
1 1 2 1 -1  1
16810081873225368573
1 5 0 3 -1  1
16810119093760168624
1 3 3 5 -1  1
16810273023765312688
2 4 4 2 -1  1
16810448261982495888
0 4 1 3 -1  1
16810448352450499089
2 2 3 1 -1  1
16810505548321713944
1 3 2 3 -1  1
16810635501382084367
0 4 3 1 -1  1
16810885873311225775
6 1 5 1 -1  1
16810967689970733922
0 4 0 6 -1  8
4 1 5 2 -1  4
16810971901404176784
4 6 7 3 -1  1
16811048715538059247
4 4 5 4 -1  1
16811175257335729664
0 3 2 4 -1  1
16811386616242259429
5 2 5 0 -1  1
16811487159797298434
1 3 2 1 -1  1
16811679563881667080
1 4 0 5 -1  1
16811792274946213563
3 3 4 4 -1  1
16811834843691800222
6 2 4 2 -1  1
16812044380869372443
1 6 2 6 -1  1
16812046979163250142
3 3 4 2 -1  1
16812192451914134700
2 5 1 3 -1  1
16812306161494472474
4 3 3 2 -1  1
16812435337907670451
0 5 4 1 -1  1
16812476912140779383
3 2 4 1 -1  1
16812701324673243980
4 5 5 6 -1  1
16812884387309058030
1 5 0 6 -1  1
16812884617026986588
5 6 4 7 -1  1
16813004577826159303
1 1 0 1 -1  1
16813346973486802425
1 2 4 2 -1  1
16813362696618262597
1 5 3 5 -1  1
16813435881720893239
1 2 1 0 -1  1
16813916352855332375
5 6 6 6 -1  1
16813926275929199967
2 4 1 5 -1  1
16814170334235434876
4 0 4 1 -1  1
16814211843909654697
2 7 3 7 -1  1
16814227266617702198
1 1 1 2 -1  1
16814444451036220566
6 2 3 2 -1  1
7 6 6 5 -1  1
16814611928990072533
0 5 2 3 -1  2
0 5 4 1 -1  1
16814704372951957336
2 7 3 7 -1  1
16815008309462893295
3 4 4 3 -1  1
16815029876712051474
3 6 6 3 -1  1
16815062316666410955
0 5 0 3 -1  1
16815099677847222840
2 2 3 3 -1  1
16815145747842149231
0 3 1 2 -1  4
1 4 2 4 -1  4
16815372177464181215
6 3 7 4 -1  1
16815417023962600548
1 1 3 1 -1  1
16815500108093288058
0 5 4 1 -1  1
16815630415682706251
4 3 5 3 -1  1
16815631720541962004
1 6 2 5 -1  1
16815687863885816360
1 7 2 7 -1  1
16815824647750363587
3 2 4 3 -1  1
16815862657612259396
1 6 3 4 -1  1
16815996905130349477
4 4 5 5 -1  1
16816066520444339660
1 4 2 5 -1  1
16816193443467717920
0 5 0 4 -1  1
16816227359343028016
0 0 7 0 -1  1
16816326918289756068
3 7 4 6 -1  1
16816378622729586910
3 4 4 4 -1  1
16816425324373882160
2 4 2 5 -1  1
16816707047878091980
3 5 3 2 -1  1
16816796018091838011
0 6 3 6 -1  1
16817049555336999002
3 2 3 0 -1  1
16817236709160001925
2 6 3 7 -1  1
16817297393018772463
3 6 4 6 -1  1
16817375039294624154
4 4 5 4 -1  1
16817456148887923239
0 4 2 3 -1  1
16817494374264558029
2 7 3 6 -1  1
16817508018772378719
3 6 2 6 -1  1
16817776343053850356
1 1 2 1 -1  1
16817835869587655266
1 4 3 5 -1  1
16818193756692834561
0 3 0 2 -1  1
16818213473395049204
0 4 0 6 -1  2
16818310455007195559
1 6 3 6 -1  1
16818399473263325497
3 6 4 6 -1  1
16818438897091283775
4 6 5 6 -1  1
16818688230823141324
0 5 0 3 -1  2
16818831137355709138
3 4 4 4 -1  1
16819057158857297250
0 3 2 5 -1  1
16819425025708410713
0 4 1 5 -1  1
16819494512266571878
2 6 4 4 -1  1
16819667614489391007
1 4 2 4 -1  1
16819686328543768924
3 2 7 2 -1  1
16819752015436902232
0 3 1 3 -1  1
16819835735743757426
0 3 2 3 -1  1
16819853975351734678
1 3 2 4 -1  1
16819929826522312497
0 0 0 1 -1  1
16819939981551051943
0 4 0 0 -1  1
16819967959375732568
0 3 2 4 -1  1
16820411098599589467
2 5 4 6 -1  1
16820414447695981966
1 6 2 5 -1  1
16820636104767630801
2 5 2 7 -1  1
16820698556973068454
0 5 0 3 -1  1
16820908425914083263
0 2 0 6 -1  1
16821215484848280674
3 2 4 3 -1  1
16821288692262732773
0 6 2 5 -1  1
16821331033823054985
1 7 2 6 -1  1
16821561114571200011
0 6 0 3 -1  1
16821568790544964422
0 4 1 2 -1  1
16821601624133564070
1 6 0 5 -1  1
16822028708764294289
5 4 4 3 -1  1
16822099994482836850
1 3 2 3 -1  1
16822145008876948106
1 5 3 4 -1  1
16822291198399377621
4 1 4 3 -1  1
16822570789274124232
1 2 7 2 -1  1
16822734704861160358
2 2 4 3 -1  1
16822751423614993707
1 5 2 4 -1  1
16822817679715908296
3 6 4 7 -1  1
16823191837148712935
0 0 3 0 -1  1
16823216920844816843
0 0 0 2 -1  1
16823291320760735876
2 4 3 4 -1  1
16823325405115235003
0 0 0 3 -1  1
16823381564050435615
0 6 1 7 -1  1
16823513305573247333
1 0 3 0 -1  1
16823590721460874352
4 2 4 7 -1  1
16823697985678439961
6 2 6 1 -1  1
16823831615931995248
0 6 1 6 -1  1
16824471240461606747
0 2 7 2 -1  1
16824624964123658821
2 0 2 2 -1  1
16824752275101471058
5 3 4 3 -1  1
16824854656219352539
3 4 2 4 -1  1
16824930774473640064
0 5 1 6 -1  1
16824999128683314603
3 3 4 2 -1  1
16825103393013943820
6 1 4 1 -1  1
16825143409920700655
4 1 7 1 -1  1
16825167683902292270
1 7 3 7 -1  1
16825576272258579149
2 0 3 0 -1  1
16825716671620044837
6 5 5 5 -1  1
16826104496800413100
0 4 0 6 -1  1
16826239508826743670
2 5 0 4 -1  1
16826405490935168534
0 0 0 3 -1  1
16826579087707906313
4 5 5 6 -1  1
16826611826471272521
2 6 3 4 -1  1
16826662015570833358
2 3 0 1 -1  1
16826882482074345611
2 7 3 7 -1  1
16826909543340923318
6 0 6 2 -1  1
16826919768155847112
0 2 3 5 -1  1
16826976447156713903
2 4 3 5 -1  1
16827022467268661874
1 2 2 3 -1  1
16827145039134819463
0 1 0 2 -1  1
16827248203761332649
0 0 0 4 -1  1
16827287890869278846
3 5 2 5 -1  1
16827292045748209075
1 0 3 0 -1  1
16827320034062574098
2 1 1 2 -1  1
16827635759011035809
7 6 5 6 -1  1
16827696497812042295
2 1 3 2 -1  1
16827800049983279947
2 3 3 4 -1  1
16827805678124104537
0 4 0 6 -1  1
16827855332608445714
0 5 2 3 -1  1
16828221295518254697
4 4 2 5 -1  1
16828227389388129299
2 6 3 5 -1  1
16828230171688408000
3 5 4 5 -1  1
16828284465561451776
3 5 2 6 -1  1
16828342880413537528
4 6 1 3 -1  1
16828450226894609599
3 5 4 4 -1  1
16828519786693503343
1 5 2 6 -1  1
16828687014732094988
1 5 3 5 -1  1
16828755444441677840
0 4 2 2 -1  1
16828771053788889785
0 3 7 3 -1  1
16828876379495796492
6 2 7 1 -1  1
16828876806673927635
6 0 7 0 -1  1
16828929150405323852
0 7 3 7 -1  1
16828962793006056419
1 4 0 5 -1  1
16829076431304491671
3 4 5 3 -1  1
16829095978848342308
1 7 2 7 -1  1
16829226788961238769
3 7 2 6 -1  1
16829300903212981636
0 5 0 4 -1  1
1 3 2 3 -1  22
1 3 3 3 -1  2
16829703731237144007
1 5 3 7 -1  1
16829710782042506698
0 6 1 6 -1  1
16829856551351700748
7 3 4 3 -1  1
16829927831448867564
2 2 2 1 -1  1
2 3 1 2 -1  1
16830006286601265574
3 5 5 3 -1  1
16830395559825816701
2 2 3 2 -1  1
16830531042173196553
2 0 6 0 -1  1
16830706878481876108
0 2 2 2 -1  2
16830792686350546142
5 3 3 3 -1  1
16831064869013045266
0 7 1 7 -1  1
16831172779931902179
1 5 2 5 -1  1
16831206967168979729
0 6 2 5 -1  1
16831505859598655303
3 7 2 6 -1  1
16831584689815528301
0 4 1 3 -1  1
16831770284742774545
2 6 3 6 -1  1
16831927493425761626
2 2 3 4 -1  1
16831940796424181551
3 1 4 1 -1  1
16832199681781880299
2 5 3 5 -1  1
16832304974976841590
0 5 0 3 -1  1
16832341545243076410
2 3 4 3 -1  1
16832393626332127641
2 5 3 7 -1  1
16832810214785989412
0 5 1 6 -1  1
16833136871603421828
3 1 4 1 -1  1
16833191944590585670
6 1 1 6 -1  1
16833212423387887191
3 1 4 3 -1  1
16833325503497683097
1 1 2 2 -1  1
16833341931685965822
2 3 3 2 -1  1
16833365958735978893
1 5 3 5 -1  1
7 2 7 3 -1  1
16833636463640303747
3 0 3 2 -1  1
16833772024904342841
2 4 3 4 -1  1
16834066031270727919
3 2 4 2 -1  1
16834241116408652953
3 4 2 5 -1  1
16834418454788986674
0 3 4 7 -1  1
16834502158682140462
5 5 6 5 -1  1
16834502225339215001
5 4 6 4 -1  1
16834524546314411117
2 5 2 4 -1  1
16834548520208657179
3 4 4 4 -1  1
16834614446150703702
2 0 2 5 -1  1
16834639254039554987
1 1 3 1 -1  1
16834918049329965958
1 7 3 7 -1  1
16834969636717727547
4 0 7 0 -1  1
16835289382704976010
0 6 2 5 -1  1
16835304291762543522
1 7 2 7 -1  1
16835353427776873865
1 1 2 2 -1  1
16835661040722181237
2 1 3 2 -1  1
16835707904577028144
4 5 3 4 -1  1
16836116225189696507
4 1 1 4 -1  1
16836337704691955925
5 3 5 4 -1  1
16836399896726745779
0 1 1 3 -1  3
0 2 4 6 -1  1
0 5 0 4 -1  1
1 7 2 7 -1  1
4 1 3 0 -1  1
16836426503927366225
0 2 2 4 -1  1
16836616123340123944
0 2 0 1 -1  1
16836720379555697662
0 3 1 3 -1  1
16836794513785001770
1 6 3 6 -1  4
2 2 4 3 -1  1
16836943345630834390
3 3 1 2 -1  1
16837053701348505272
1 4 2 4 -1  1
16837085703783714176
3 2 4 3 -1  1
16837103378357856806
2 6 2 5 -1  1
16837413390088200550
0 5 4 1 -1  1
16837748554502333842
2 3 4 3 -1  1
16837774774898691001
1 5 3 5 -1  1
16837967929387438078
2 5 0 3 -1  1
16838158047937502073
4 3 5 2 -1  1
16838324608128201833
5 1 6 1 -1  1
16838423112033217234
0 4 0 6 -1  1
2 5 1 3 -1  1
16838516916719638626
0 3 1 2 -1  1
16838527903787849118
0 2 1 3 -1  1
16838745530511279773
2 5 3 3 -1  1
16838776808556870753
3 3 3 0 -1  1
16838867064781144092
0 5 1 5 -1  1
16839313925692977124
1 6 3 6 -1  1
16839594434645684120
0 7 7 7 -1  1
16839749667080395741
0 7 0 6 -1  1
16839974269270807228
6 0 4 0 -1  1
16840274685512749281
6 1 6 0 -1  1
16840534556940629911
1 7 3 6 -1  1
16840592488192373827
1 1 2 0 -1  1
16840604654367620372
2 3 0 5 -1  1
16840624640590255936
2 5 3 3 -1  10
16840779516932981985
3 3 4 1 -1  1
16840802861502443165
3 2 5 0 -1  1
16841155471171976185
0 2 1 2 -1  1
16841357871965252103
3 0 1 2 -1  1
16841535745973399590
2 7 1 5 -1  1
16841552527930237739
5 1 7 1 -1  1
16841560988293532598
0 0 0 1 -1  1
16841586381585527361
3 1 3 0 -1  1
16841860758957470857
5 4 6 5 -1  1
16841979178384921752
1 7 2 7 -1  1
16842392614512213859
0 2 4 6 -1  1
16842514872127513364
6 7 4 6 -1  1
16842937225084791394
0 2 4 6 -1  1
16842987067766615586
2 4 4 6 -1  1
16843012456493488388
0 3 0 2 -1  1
16843731061907010350
2 5 1 3 -1  1
16843835979958105497
0 4 0 2 -1  1
16843906799942118203
1 3 1 1 -1  1
16843944980941253768
2 5 3 3 -1  1
16844116435856560852
2 1 1 2 -1  1
16844134070222598658
1 1 3 1 -1  1
16844144550696578739
5 4 6 4 -1  1
16844192467346736797
1 4 0 5 -1  1
16844193410010888564
1 1 3 1 -1  1
16844575566469244974
1 0 3 0 -1  1
16844685098571461256
0 2 5 2 -1  1
16844983163600198439
1 4 2 5 -1  1
16845329463176792757
2 2 4 3 -1  1
16845330016690283490
3 4 3 3 -1  1
16845514673849395540
1 7 3 7 -1  1
16845529641493506540
2 2 2 3 -1  1
16845674512933894560
5 7 2 7 -1  1
16846137136713485421
0 2 5 7 -1  1
16846293122134939579
1 6 2 5 -1  1
16846463596098490767
0 5 0 2 -1  1
16846603391487895487
0 3 2 3 -1  1
16846745827371814644
0 2 1 1 -1  1
16846760795672612502
2 5 3 5 -1  1
16846853158679403583
0 2 4 6 -1  1
16846932069382436460
2 6 1 7 -1  1
16847009922964949754
1 6 0 5 -1  1
16847066445486954426
1 1 2 2 -1  1
16847089395045855176
3 0 7 0 -1  1
16847112471267738265
0 4 1 2 -1  1
16847579356292158334
2 4 2 1 -1  1
16847665164017833358
1 4 3 2 -1  1
16847820697834563672
1 6 2 5 -1  1
16847839426018195247
5 1 5 2 -1  1
16848022092862140129
1 0 3 0 -1  1
16848342754149743144
4 1 0 5 -1  1
16848347076338160077
3 7 4 7 -1  1
16848382474171586796
6 2 6 7 -1  1
16848485662452211517
2 0 1 2 -1  1
16848556600902062869
5 3 7 5 -1  1
16848652409380357419
2 1 4 2 -1  1
16848788038593192627
6 1 6 2 -1  1
16848808028727244732
1 2 2 2 -1  1
16849032758171027049
1 5 1 7 -1  1
16849258046275558619
3 5 4 7 -1  1
16849382475816171889
2 6 3 5 -1  1
16849668338109845942
3 4 4 5 -1  1
16849671333060981416
3 1 4 0 -1  1
16849841253058800719
0 5 1 4 -1  2
16850044533663355052
0 4 0 6 -1  1
16850353593373297074
6 1 3 1 -1  1
16850575943997994433
0 6 0 7 -1  1
16850672038652087814
0 3 5 3 -1  1
16850972335911582179
6 5 5 3 -1  1
16850983823300814623
0 3 0 0 -1  1
16851047509688175924
3 0 5 1 -1  1
16851194782666908116
1 1 2 1 -1  1
16851445265187665323
4 1 5 0 -1  1
16851445317131056656
4 2 7 5 -1  1
16851542173882895013
0 1 4 1 -1  1
16851548224284659116
6 4 2 4 -1  1
16851655350983103590
4 1 6 3 -1  1
16851780425352488250
7 0 7 7 -1  1
16851859903795008553
5 4 2 7 -1  1
16851948003098350863
1 0 3 0 -1  1
16852011267642742667
1 7 3 7 -1  1
16852333678270321803
4 2 3 1 -1  1
16852876256561354390
4 0 5 0 -1  1
16853002624662458131
3 3 4 4 -1  1
16853065643582924704
0 5 0 4 -1  1
16853335894501774068
3 5 4 5 -1  1
16853490389590665072
2 2 3 4 -1  1
16853517879794382973
3 3 4 3 -1  2
16853634100390036195
2 7 1 6 -1  1
16853887179375061782
2 5 4 6 -1  1
16853891224601282354
2 2 4 3 -1  1
16854114801094327975
3 3 2 5 -1  1
16854388637741618680
2 5 3 5 -1  1
16854507866587755107
3 6 1 4 -1  1
16854530601267351918
1 7 3 6 -1  1
16854646093761013573
6 0 4 0 -1  1
16855092066039896151
1 5 3 7 -1  1
16855207158413308604
0 3 0 4 -1  1
16855460097956802215
4 0 5 1 -1  1
16855820811549023575
1 0 2 0 -1  1
16855976067714609728
1 3 2 3 -1  1
16856233136448561960
1 4 2 6 -1  1
16856728477893821139
1 2 2 2 -1  1
16856735882534355229
0 0 0 4 -1  1
16856759372667451428
0 3 1 2 -1  1
16856814103051623788
3 0 4 1 -1  1
16856985642725397114
0 6 0 5 -1  1
16857255412750460518
1 5 0 4 -1  1
16857752199586250410
1 3 4 0 -1  1
16857807849408215749
2 5 3 5 -1  1
16857863656161384719
0 6 1 6 -1  1
16857920829501367765
2 2 4 3 -1  1
16858214479475027925
3 2 4 2 -1  1
16858342263616710572
0 4 2 4 -1  1
16858395371699172400
0 5 0 4 -1  1
16858427418506751292
0 6 1 6 -1  1
16858523613605043506
1 4 2 3 -1  1
16858606501006750499
2 3 4 4 -1  1
16858701086994342364
0 2 0 1 -1  1
16858712491196484189
0 5 3 2 -1  1
16858768231337796414
3 0 5 2 -1  1
16858787873788173625
3 5 4 5 -1  1
16858820085371694139
1 2 2 2 -1  1
16858839962265766053
2 3 4 5 -1  1
16858927810958425072
3 5 4 5 -1  1
16858946821272025430
0 2 2 0 -1  1
16859068341361092742
0 5 2 4 -1  1
16859667675876636040
2 2 1 1 -1  1
16859778029115424723
0 5 0 4 -1  1
16859814802773406547
3 0 4 1 -1  1
16859853647761825036
1 3 2 3 -1  1
16860524011273470249
0 5 0 3 -1  2
16860581411493191640
0 6 1 7 -1  1
16860642232791668621
1 1 2 1 -1  1
16861007103261935206
0 0 5 0 -1  1
16861062875137848903
5 1 7 1 -1  1
16861264539014558553
2 4 5 1 -1  1
16861368172896795157
3 3 4 3 -1  1
16861404609517630993
4 5 4 0 -1  1
16861424662448392228
3 0 5 1 -1  1
16861515746319205612
2 4 4 2 -1  1
16861569371446011506
0 5 2 3 -1  1
16861666310175293323
0 3 3 3 -1  1
16861723985876578583
0 4 0 6 -1  1
16861850053481685574
1 2 3 1 -1  1
16861914728470389662
0 4 0 6 -1  4
1 2 3 2 -1  1
16861982035375017619
3 0 2 1 -1  1
16861985539933824491
0 1 1 3 -1  1
16861994590095027580
2 4 3 3 -1  1
16862014167666287474
0 6 1 6 -1  1
16862051737717559139
2 3 1 4 -1  1
16862238131254670471
3 5 2 6 -1  1
16862345203376480764
1 4 3 2 -1  1
16862371566122197612
1 0 3 0 -1  1
16862486423505461348
2 4 4 2 -1  1
16862923953631171152
4 2 3 0 -1  1
16863019852396540126
1 0 2 0 -1  1
16863390950378695300
7 5 7 4 -1  1
16863402423975732317
1 2 3 0 -1  1
16863529436376570730
0 3 2 1 -1  1
16863620118807344748
0 6 1 6 -1  1
16863818245265533404
6 0 7 0 -1  1
16863846285867838400
0 2 2 4 -1  2
16863872614666508054
3 2 2 0 -1  1
16863882963053913969
3 5 4 4 -1  1
16863915366389290361
1 6 2 5 -1  1
16864347438680587228
0 1 2 0 -1  1
16864523533471126726
2 7 3 7 -1  1
16864645169443581862
2 7 3 5 -1  1
16864654625820112738
4 4 5 2 -1  1
16864681553991579658
2 7 3 6 -1  1
16864718979796862086
4 0 6 0 -1  1
16864782010082116949
2 0 6 4 -1  1
16864882979916828455
5 0 2 0 -1  1
16865033961193955397
0 5 0 4 -1  1
16865381743635599201
0 7 0 1 -1  1
16865421019872015512
5 1 5 2 -1  1
16865449815746909039
1 7 2 6 -1  1
