2572433883729505750
2 5 2 2 -1  1
2572540061620143216
0 5 2 7 -1  1
2572581771872947166
0 4 0 6 -1  1
2572627505888771615
0 1 1 3 -1  1
2572940519666947813
1 1 2 3 -1  1
2573149921285984006
2 2 4 3 -1  1
2573378155747008147
3 3 4 3 -1  1
2573459634251796600
6 0 2 0 -1  1
2574034362495554867
7 6 7 5 -1  1
2574256012588818168
1 7 3 7 -1  1
2574351270467343714
2 1 3 2 -1  1
2574396986452340063
3 4 4 5 -1  1
2574452577794746332
1 2 2 2 -1  1
2574567447014065921
1 4 0 3 -1  1
2574942430673422503
2 0 3 2 -1  1
2574963862641862575
0 5 5 5 -1  1
2575433945458765470
0 3 1 2 -1  1
2575452526446184963
0 3 1 3 -1  1
2575470126022669657
2 3 1 2 -1  1
2575493009085237306
0 5 0 0 -1  1
2575715582538466348
3 2 2 1 -1  1
2575718006907187138
0 3 0 1 -1  1
2575720793455427713
2 5 3 3 -1  1
2575722796259583718
2 7 3 7 -1  1
2576436462849572163
0 4 4 4 -1  1
2576900854562595229
4 2 5 2 -1  1
2576933664003049200
3 4 4 4 -1  2
2577031559016686615
3 2 4 3 -1  1
2577063267901188759
5 0 6 0 -1  1
2577295544514465976
3 7 4 7 -1  1
2577323818980224491
1 2 3 4 -1  1
2577569777287050831
3 7 4 7 -1  1
2577811151776213571
5 5 5 6 -1  2
2577831992043284369
4 6 2 5 -1  1
2577860682273871349
6 3 5 2 -1  1
2577890594396069087
1 2 1 1 -1  1
2578063538947472948
3 2 4 1 -1  1
2578209939554078025
5 4 6 4 -1  1
2578305083189338536
4 5 5 6 -1  1
2578419130347048794
0 5 1 4 -1  1
2578673183962341900
1 4 2 6 -1  1
2578816773525370642
0 0 0 1 -1  1
2579086598048489715
2 0 5 0 -1  1
2579174747342396915
3 2 0 2 -1  1
2579206783360399395
1 5 2 5 -1  1
2579371032849248275
0 5 0 3 -1  1
2579923291786782145
2 1 3 2 -1  1
2580379379392570521
0 6 1 5 -1  1
2580681755521744489
0 6 2 5 -1  1
2580701133245716418
2 4 3 3 -1  1
2580752614188930214
2 7 2 4 -1  1
2580828533825756104
3 3 5 3 -1  1
2580945588227790148
2 6 1 5 -1  1
2581011063502933568
1 6 3 6 -1  1
2581387404927605008
1 6 2 6 -1  1
2581852266772375694
0 2 0 1 -1  1
2581919202126601817
2 5 3 3 -1  1
2582212120563666711
3 0 2 0 -1  1
2582298263380959578
2 0 3 1 -1  1
2582336696076977442
2 3 1 4 -1  1
2582477841044288480
2 0 4 2 -1  1
2582518696299136124
1 4 2 4 -1  1
2582548982439967660
1 3 3 4 -1  1
2582577904664353763
3 0 7 4 -1  1
2582756706166680409
3 6 4 5 -1  1
2582853972130231272
3 2 0 2 -1  1
2583512185322762471
1 7 3 7 -1  1
2583840236153094389
4 4 2 5 -1  1
2583883964572103273
2 5 3 6 -1  1
2583901290179387186
4 2 5 2 -1  1
2583940510670104424
4 1 2 3 -1  1
2584135353857141844
0 2 1 2 -1  1
2584141168895898063
3 7 4 7 -1  1
2584377824597457471
0 5 2 3 -1  1
2584457442087022389
3 5 4 5 -1  1
2584488248668340836
6 0 6 7 -1  1
2584493401638493391
0 6 1 6 -1  1
2584557158961122907
3 2 4 2 -1  1
2584970473361078796
3 7 4 7 -1  1
2584982509415337925
4 1 6 0 -1  1
2585149101991618167
3 3 4 3 -1  1
2585305569754238884
6 4 6 0 -1  1
2585565411096831332
1 1 2 1 -1  1
2585627118210624858
3 1 5 0 -1  1
2585635178905079942
1 4 2 3 -1  1
2585651267184721620
3 6 4 6 -1  1
2586112809877359839
6 0 6 3 -1  1
2586326793555244958
1 4 5 4 -1  1
2586328719490483543
4 3 5 4 -1  1
2586398076308411419
0 3 1 3 -1  1
2 5 1 3 -1  1
2586584304845874626
4 3 5 4 -1  1
2586622077141830644
2 5 3 7 -1  1
2587096655790273724
2 5 1 4 -1  1
2587153525935781409
1 1 3 1 -1  1
2587252671689853588
3 5 2 6 -1  1
2587301630348992830
2 3 4 4 -1  1
2587349020238314193
2 3 3 2 -1  1
2587491250439258965
2 5 4 4 -1  1
2587508864575252926
7 4 6 4 -1  1
2587613154949248484
4 6 6 5 -1  1
2587692891878591202
0 5 1 4 -1  1
2587845010671322668
0 1 2 2 -1  1
2587892442379432257
6 0 5 0 -1  2
2588329672068301058
0 5 4 1 -1  1
2588355065978302180
2 7 3 6 -1  1
2588511235209075553
1 3 1 6 -1  1
2588678500877754826
3 2 4 2 -1  1
2588689398756886982
0 4 4 4 -1  1
2588692829216719412
1 0 1 4 -1  1
2588799232775197660
2 3 4 1 -1  1
2588804126904579913
0 6 2 5 -1  1
2589036507168542771
3 3 1 1 -1  1
2589618894950923571
3 3 0 3 -1  1
2589647904890864464
3 2 0 5 -1  1
2589992370598402584
2 0 3 1 -1  1
2590196224711784333
3 3 3 4 -1  1
2590269631460608049
3 0 5 1 -1  1
2590354362963800467
3 6 4 6 -1  1
2590486977866359613
1 1 5 5 -1  1
2590675363134333567
1 3 0 4 -1  1
2591162305213812135
2 4 4 6 -1  1
2591586782915036155
3 0 4 0 -1  1
2591604853724564401
0 3 1 4 -1  1
2591611509401177729
5 4 5 6 -1  1
2591741080534258177
1 7 0 6 -1  1
2591799612791417841
0 0 7 0 -1  1
2591965159239609510
3 7 6 7 -1  1
2592043657395279715
1 5 3 7 -1  1
2592250990669091192
1 4 0 3 -1  1
2592734646951918128
3 2 4 3 -1  1
2592866456312988383
1 7 2 7 -1  1
2593000194020244064
6 6 4 7 -1  1
2593180331924097035
4 1 6 3 -1  1
2593202875986731156
4 0 5 0 -1  1
2593273889119962905
0 6 1 7 -1  1
2593617741593133700
2 5 1 3 -1  1
2593762761241537260
0 4 1 6 -1  1
2594047309373846061
2 5 4 3 -1  1
2594154370885356720
4 5 3 7 -1  1
2594244680217189741
0 3 3 3 -1  1
2594492955603275107
0 2 0 1 -1  1
2594533175818698970
3 7 2 6 -1  1
2594667467988984290
2 2 3 2 -1  1
2594708167822929652
2 3 3 2 -1  1
2594789600073696644
0 7 0 6 -1  1
2595107613157451785
2 5 3 4 -1  1
2595138750846104084
3 4 4 3 -1  1
2595257115709468472
2 5 4 4 -1  1
2595405754125805302
0 3 1 3 -1  1
2595630433640877128
2 5 3 3 -1  1
2595632105874281654
1 1 3 2 -1  1
2595673158631490839
4 0 5 1 -1  1
2595851870242672513
1 1 2 1 -1  1
1 3 2 1 -1  1
2 3 3 3 -1  1
2595861571788070552
2 1 4 3 -1  1
2596040366464886493
6 5 6 6 -1  1
2596359067133976592
2 5 2 7 -1  1
2596380686123990859
2 5 3 7 -1  1
2596756439674409732
0 4 0 6 -1  1
2596803688701549875
3 2 2 3 -1  1
2596929025191933954
0 2 0 1 -1  1
2597201682728435095
1 3 2 1 -1  1
2597254072024893963
6 3 5 4 -1  1
2597445826284801940
0 4 0 3 -1  1
2598181383077800384
0 5 1 4 -1  1
2598536831071313382
0 3 3 3 -1  1
2598550210696297879
0 7 0 6 -1  1
2598623956627341418
0 7 0 6 -1  1
2598642153302077570
0 1 4 1 -1  1
2598714879041950882
1 2 2 1 -1  1
2598919100287247555
3 1 2 1 -1  1
2599164271811381582
4 5 5 6 -1  1
2599440996527075957
0 2 2 4 -1  1
2599960685648714886
4 0 5 0 -1  1
2600405021748483512
1 2 1 6 -1  1
2600827352908579111
4 4 5 4 -1  1
2600918528050399376
1 4 3 3 -1  1
2600998695502021981
2 1 7 6 -1  1
2601018664536533151
0 3 0 4 -1  1
2601068872722966366
2 5 3 4 -1  1
2601106972433201716
2 2 6 2 -1  1
2601188818483751668
2 3 4 4 -1  1
2601292954319778491
0 5 1 4 -1  1
2601404756345900852
2 1 3 2 -1  1
2601650699201737009
3 0 4 0 -1  1
2601809179772703980
0 7 0 2 -1  1
2601983589719255637
1 4 1 3 -1  1
2602030622066445223
1 4 2 2 -1  1
2602356040782037149
0 3 1 2 -1  1
2602590936039410941
4 3 5 3 -1  1
2602714916867883029
1 0 6 0 -1  1
2603104226438255058
1 4 2 4 -1  1
2603214758351135291
2 4 3 4 -1  1
2603536669670041529
3 4 4 3 -1  1
2603627550126572717
0 2 1 2 -1  1
2603635994305239019
1 2 3 2 -1  1
2603945438731068930
1 0 3 0 -1  1
2604031663846145276
7 7 7 1 -1  1
2604430569335680972
1 6 2 6 -1  1
2604440464106617015
0 0 0 1 -1  1
2604677808049265042
0 3 2 1 -1  1
2604833855571287082
1 1 3 1 -1  1
2605110804410464738
0 6 0 5 -1  1
2605177537724423408
3 4 4 5 -1  1
2605185188337343447
2 2 1 3 -1  1
2605926311493484672
0 2 1 1 -1  1
2606412103612062983
1 4 2 4 -1  1
2606648962547949052
5 0 6 0 -1  1
2606660353910872181
2 3 1 3 -1  1
2606668962550653575
1 7 2 7 -1  1
2607004893372278743
1 6 3 6 -1  1
2607177990272441863
1 5 6 5 -1  1
2607191852115805967
1 3 2 3 -1  1
2607391700042003271
0 1 1 2 -1  1
2607551697485206600
0 0 0 3 -1  1
2607720756035670514
1 7 3 7 -1  1
2607860356521995618
1 7 1 6 -1  1
2607903906391348518
4 6 3 5 -1  1
2608056184533278791
0 5 0 3 -1  1
2608082970646687692
3 2 4 3 -1  1
2608123862456257070
6 4 5 4 -1  1
2608310773158030998
3 0 4 0 -1  1
2608400816701549959
3 2 2 1 -1  1
2608425193770942144
2 4 3 5 -1  1
2608470301234318182
6 4 4 3 -1  1
2608502345125390618
0 5 1 4 -1  1
2608658159076898184
5 6 3 7 -1  1
2608658775665058791
4 0 5 2 -1  1
2608665261835749514
1 7 2 6 -1  1
2608679903323368178
3 3 4 4 -1  1
2608760777506134685
2 0 3 1 -1  1
2609304311906520405
1 2 2 2 -1  1
2609342603780908046
1 7 3 7 -1  1
2609576935012657436
0 7 2 6 -1  1
2609640743109505916
1 6 0 7 -1  1
2610060336930488907
4 1 4 7 -1  1
2610198161618730413
1 2 3 2 -1  1
2610220166857971332
1 7 2 7 -1  1
2610325980604266450
3 1 4 2 -1  1
2610434303905042627
3 0 4 2 -1  1
2610523841182119903
2 5 4 4 -1  1
2610680798831197310
2 4 3 4 -1  1
2610721871808331155
1 3 5 7 -1  1
2611134596792911363
0 2 2 4 -1  1
2611251527797270959
0 6 0 5 -1  1
2611388322029391477
0 5 0 4 -1  1
2611484735786452982
4 2 5 4 -1  1
2611712008715025833
0 6 1 5 -1  1
2611792310010114004
2 3 3 4 -1  1
2611971674638991219
7 3 6 4 -1  1
2612141226733446317
0 2 4 6 -1  1
2612258248010877368
0 2 2 4 -1  1
2612345880629009933
3 6 3 5 -1  1
2612374141526682430
7 3 6 2 -1  1
2612664931241445578
1 3 5 3 -1  1
2612764964994971864
4 0 6 1 -1  1
2612815558449897456
7 6 2 1 -1  1
2612876938273147977
1 3 3 2 -1  1
2612917371112179218
1 3 4 0 -1  1
2612973607015297143
0 4 5 4 -1  1
2613021855944331155
2 7 3 7 -1  1
2613122934951567348
1 5 2 4 -1  1
2613240960566720512
0 4 0 6 -1  1
2613359281150119343
0 6 1 6 -1  1
2613494741177292582
1 4 3 6 -1  1
2613511629220258851
2 2 3 0 -1  1
2613696486409480224
0 0 0 4 -1  1
2613923599925622254
0 4 2 6 -1  1
2614589168049170999
0 3 5 3 -1  1
2614672263499820878
0 5 1 4 -1  1
2614672665738750402
2 6 2 7 -1  1
2614741100385631497
4 1 5 2 -1  1
2614763073811490923
0 2 2 0 -1  1
2614776443024434226
0 6 2 5 -1  1
2615051516783556053
1 1 2 1 -1  1
2615075556593965557
2 5 4 4 -1  1
2615094234976408285
0 1 0 4 -1  1
2615100423814687420
1 1 2 2 -1  1
2615135188279624507
2 5 3 6 -1  1
2615180745780240885
2 5 4 4 -1  1
2615487565739798265
1 4 1 3 -1  1
2615550974866324923
4 4 4 5 -1  1
2615854351865306871
3 0 4 1 -1  1
2615914107829789281
4 1 5 2 -1  1
2615952942517729682
0 1 2 1 -1  1
2616014193785030165
2 4 0 2 -1  1
2616056386170427408
2 3 2 0 -1  1
2616153328925021028
2 5 4 6 -1  1
2616218419657793606
0 5 1 6 -1  1
2616222671040863824
0 0 0 1 -1  1
2616232761947534027
6 2 2 2 -1  1
2616405130564030625
2 2 4 1 -1  1
2616480657361960428
1 3 4 3 -1  1
2616886290244991982
5 1 5 6 -1  1
2617268211516322084
4 6 2 4 -1  1
2617459075624973096
2 2 3 2 -1  1
2617460845961754406
0 3 0 5 -1  1
2617509277794030197
4 4 5 2 -1  1
2617524592031396879
0 5 0 2 -1  1
2617646936316963132
1 2 3 4 -1  1
2618288771157470327
1 5 2 6 -1  1
2618469843564732999
4 4 3 3 -1  1
2618809253422899734
0 2 3 5 -1  1
2619141174613334234
1 5 3 5 -1  1
2619452884803306212
0 3 0 4 -1  1
2619568699870685321
3 3 2 1 -1  1
2619607168334424276
2 0 3 0 -1  1
2619618333247746889
1 2 2 2 -1  1
2619779921336066498
6 5 6 4 -1  1
2620070650349341620
2 6 3 6 -1  1
2620152020667188791
1 1 3 1 -1  1
2620152750953486768
2 5 3 4 -1  1
2620329818747991071
1 6 2 6 -1  1
2620385563735166010
2 6 3 6 -1  1
2620439646890237935
2 5 3 3 -1  1
2620491381461111194
7 1 4 1 -1  1
2620574445024403266
0 4 0 6 -1  1
2620575978638910497
0 2 3 5 -1  1
2620661270519414688
6 3 3 0 -1  1
2620727600711080396
0 4 4 4 -1  1
2620740110800017124
0 0 0 1 -1  1
2620818959913729711
5 2 4 0 -1  1
2620869767857459605
1 4 2 4 -1  1
2620880497886422186
3 2 4 3 -1  1
2621097080240166180
2 4 2 5 -1  1
2621183649237087472
1 4 5 0 -1  1
2621324392322209589
0 2 2 0 -1  1
2621399219062600400
4 5 4 6 -1  1
2621571736284086500
6 0 6 1 -1  1
2621618763332162956
0 0 3 0 -1  1
2621921206123074207
0 2 4 6 -1  1
2621964506041962183
3 5 4 4 -1  1
2622011402598684712
0 6 1 5 -1  1
2622090127892809756
4 6 5 5 -1  1
2622203955604541670
4 4 5 3 -1  1
2622229760428409347
0 4 0 6 -1  1
2622303590989110756
0 3 3 3 -1  1
2622341431322992061
2 2 0 1 -1  1
2622350180030345851
6 2 4 1 -1  1
2622696759172939662
0 5 0 2 -1  1
2622736426300705086
3 0 4 1 -1  1
2622784671665099514
1 3 3 5 -1  1
2622900029525314163
3 3 7 3 -1  1
2622987684214455862
0 5 0 6 -1  1
2623055686332365339
0 0 0 2 -1  1
2623115099523597624
1 6 2 6 -1  1
2623177981963619818
0 4 2 2 -1  1
2623274718998128965
4 2 3 2 -1  1
2623372856471929971
1 5 0 4 -1  1
2623379376926503457
4 3 6 1 -1  1
2623381037456707159
2 3 3 3 -1  1
2623486254435706469
4 2 3 3 -1  1
2623705723553951910
0 0 0 3 -1  1
2624359287204687080
6 3 6 0 -1  1
2624513979857962052
2 2 1 4 -1  1
2624561131779255056
0 1 1 2 -1  1
2624580026487098788
1 3 1 2 -1  1
2624893204281899403
3 2 4 3 -1  1
2625083382420564280
1 3 2 4 -1  1
2625113311514360271
0 3 0 0 -1  1
2625195212884397611
0 0 1 0 -1  1
2625254273523785127
0 3 0 4 -1  1
2625377502933362002
3 4 4 2 -1  1
2625636693359100811
1 2 2 4 -1  1
2625655786380793343
1 5 3 5 -1  1
2625862634730767567
2 6 1 5 -1  1
2625919225721004854
2 5 3 3 -1  1
2625941941611941499
2 2 3 2 -1  3
2625962152945497750
7 0 6 1 -1  1
2626006232876248342
1 5 2 3 -1  1
2626072634105184388
1 0 2 0 -1  1
2626137275377075503
0 5 3 2 -1  1
0 6 2 5 -1  4
2626149744615060355
6 7 5 7 -1  1
2626265467124844045
2 3 1 4 -1  1
2626560999298015377
2 1 3 1 -1  1
2626617727009474552
2 4 3 3 -1  1
2626893590723727239
4 3 5 4 -1  1
2626913672260618378
4 0 7 0 -1  1
2626933619969560365
0 4 0 2 -1  1
2626944350085581956
5 5 3 3 -1  1
2627025878391103708
4 6 5 7 -1  1
2627033328899837757
0 4 1 4 -1  1
2627320997089827423
0 0 0 3 -1  1
2627639205605852372
1 6 2 6 -1  1
2627687445717284783
2 2 6 6 -1  1
2627721845176937452
3 1 4 1 -1  1
2627841366617071387
0 2 5 2 -1  1
2627884403441527510
4 1 5 1 -1  1
2628001455284478766
3 5 2 6 -1  1
2628055578874351488
0 6 2 5 -1  1
2628180854129573906
3 2 1 4 -1  1
2628229980522816968
0 5 2 3 -1  1
2628310512303615958
0 4 0 6 -1  1
2628441969386231466
4 1 4 4 -1  1
2628801821487489326
7 3 4 3 -1  1
2628869239024644594
5 7 6 6 -1  1
2628916847592187869
1 2 3 2 -1  1
2629231639552437598
0 1 1 3 -1  1
2629471594287216166
0 2 1 2 -1  1
2629561251409335664
1 4 1 3 -1  1
2629845586838620585
1 1 1 3 -1  1
2629859664127304686
2 3 3 2 -1  1
2629942548566178604
2 5 3 5 -1  1
2630212633113470811
1 3 1 6 -1  1
2630516288302752371
3 5 3 6 -1  1
2630870713011059785
2 2 3 3 -1  1
2630939188411354871
0 6 1 7 -1  1
2631060610245884624
2 6 3 6 -1  1
2631234147079677580
3 6 4 5 -1  1
2631309011940919484
2 6 1 7 -1  1
2631383542325326544
1 1 2 1 -1  1
2631490317026612858
1 5 3 3 -1  1
2631537520314826366
1 2 2 3 -1  1
2631878886065202662
2 5 3 3 -1  1
2631931471813598089
2 4 3 4 -1  1
2632132364603080339
0 3 0 4 -1  1
2632182043020955767
6 2 6 5 -1  1
2632357435703847375
1 3 3 3 -1  1
2632390749770054138
1 6 2 6 -1  1
2632596040926152580
0 6 1 6 -1  1
2632731657034990526
2 0 3 1 -1  1
2632788527293591408
1 2 2 0 -1  2
2632869700734116747
3 6 3 7 -1  1
2632879613109212978
0 6 1 7 -1  1
2632984533309763473
3 4 3 2 -1  1
2633017797703469777
5 7 6 6 -1  1
2633150998324229106
0 4 1 3 -1  1
2633160547966062327
1 6 2 6 -1  1
2633401745349596501
0 4 0 2 -1  1
2633499601117033779
2 1 4 0 -1  1
2633534083254382113
3 4 4 3 -1  1
2633552042068878528
2 4 2 3 -1  1
2633560876670582983
1 5 2 6 -1  1
2633750292991695313
4 3 4 2 -1  1
2633795905807941690
5 3 5 1 -1  1
2633936731935559011
2 3 4 1 -1  1
2634008491199603906
0 2 1 3 -1  1
2634172934938115482
0 5 0 2 -1  1
2634274621515783240
6 0 5 0 -1  1
2634314889913048112
0 3 3 6 -1  1
2634319597853554519
2 6 3 5 -1  1
2634587602497545477
0 3 5 3 -1  1
2634643726958205012
3 5 6 2 -1  1
2634846085355678645
4 2 3 4 -1  1
2634887003482585095
0 1 1 1 -1  1
2635061848202232794
2 3 0 5 -1  1
2635353478122311424
0 2 0 4 -1  1
2635366302346879405
1 4 3 5 -1  1
2635416920634408550
0 4 6 4 -1  1
2635446565734631671
0 4 0 6 -1  1
2635909766067372814
2 5 3 5 -1  1
2635970591256905607
1 0 2 0 -1  1
2635987216542527935
4 5 3 5 -1  1
2636066896892933674
0 5 1 5 -1  1
2636382207374416568
1 4 3 4 -1  1
2636412597053163931
5 3 6 3 -1  1
2636433129811388956
0 2 7 2 -1  1
2636469365947765115
5 6 6 6 -1  1
2636607345308711400
5 4 6 6 -1  1
2636866556137267119
1 1 2 1 -1  1
2636991447408680764
0 4 2 4 -1  1
2637177657355746087
0 6 6 6 -1  1
2637259803610265350
3 5 4 4 -1  1
2637439649283681054
0 6 1 6 -1  1
2637471305256041223
1 2 1 3 -1  1
2637483116453013298
0 7 1 6 -1  1
2637563937037235686
1 3 3 3 -1  1
2637691561458847819
0 4 0 6 -1  1
2637714198764936002
1 4 2 4 -1  1
2637742374426611373
4 2 4 7 -1  1
2637890081574240127
3 7 4 7 -1  1
2637909924427158173
3 1 4 1 -1  1
2638049460181274455
3 6 4 4 -1  1
2638066429279228162
4 1 2 3 -1  1
2638163886707189921
1 5 3 4 -1  1
2638377825734915011
1 5 3 5 -1  1
2638430058864703713
3 4 6 7 -1  1
2638632265239483068
3 4 3 3 -1  1
2638799447351063076
3 6 4 4 -1  1
2639455949181676404
0 3 0 2 -1  1
2639460916249416993
6 4 7 2 -1  1
2639483969166224818
2 6 5 6 -1  1
2639768971142209846
2 3 3 3 -1  1
2639890744988251499
1 1 3 1 -1  1
2640035306838938508
3 3 4 5 -1  1
2640079853456904246
1 3 3 3 -1  1
2640627578484416640
0 4 0 2 -1  1
2640647314560060882
0 6 1 7 -1  1
2640719519107605554
1 2 1 3 -1  1
2640726836830257388
3 7 2 6 -1  1
2640794190608479541
2 5 4 4 -1  1
2640839154920857347
1 2 1 1 -1  1
2640983498281504040
4 1 5 1 -1  1
2641008013612726921
4 4 1 4 -1  1
2641067399552586636
4 4 5 6 -1  1
2641099370028923837
3 4 3 1 -1  1
2641110042765154604
3 2 5 3 -1  1
2641130645740505093
5 6 3 7 -1  1
2641280759593617328
5 6 2 6 -1  1
2641491339241280252
7 4 6 4 -1  1
2641615274123833278
4 7 5 6 -1  1
2641622400714898662
2 4 1 3 -1  1
2641733900425613235
2 2 3 0 -1  1
2641893138198102509
2 4 3 5 -1  1
2641900977626408457
5 2 6 2 -1  1
2642002265324219979
2 5 4 6 -1  1
2642039279490850000
5 3 6 3 -1  1
2642069133121192387
0 0 0 3 -1  1
2642608429729035008
3 1 3 0 -1  1
2643269850570471800
4 0 5 0 -1  1
2643414133564071043
5 2 6 3 -1  1
2643445515342868581
0 1 6 1 -1  1
2643583752333080165
2 2 3 0 -1  1
2643620155798322757
0 2 3 5 -1  1
0 6 2 5 -1  1
2643715379535831498
4 5 5 4 -1  1
2643761924676380419
3 0 2 2 -1  1
2643854584453063119
0 0 3 0 -1  1
2644075461982110922
2 3 3 3 -1  1
2644118167213977211
6 1 2 5 -1  1
2644150822971260673
7 2 6 3 -1  1
2644312064122425262
1 0 3 0 -1  1
2644413487322009730
3 2 2 1 -1  1
2644496407976068388
0 2 2 0 -1  1
2644631634993837478
2 2 3 0 -1  1
2644695304335240692
1 7 3 7 -1  1
2644715958727638389
0 5 2 4 -1  1
2645066677979252065
2 1 3 1 -1  1
2645117550263354777
2 3 2 6 -1  1
2645229421379846931
2 1 2 6 -1  1
2645411288349487354
3 6 4 4 -1  1
2645458371174731077
2 4 2 5 -1  1
2645490534974578286
3 3 1 2 -1  1
2645825332463795772
2 3 1 4 -1  1
2645865348367427717
2 3 4 1 -1  1
2646119340221754435
3 2 4 3 -1  1
2646182140233206592
0 0 0 2 -1  1
2646283516681814515
3 3 4 4 -1  1
2646307325416034758
1 2 2 2 -1  1
2646428646781295095
0 3 2 3 -1  1
2 2 4 3 -1  1
2646502662246029779
1 3 2 2 -1  1
2646594623888893036
1 7 2 6 -1  1
2646659020026542709
5 2 4 4 -1  1
2647059844413663547
0 3 0 0 -1  1
2647091725004867843
0 5 1 6 -1  1
2647322423617127512
2 0 3 0 -1  1
2647571006613019293
1 6 2 6 -1  1
2647623816986626191
5 7 6 7 -1  1
2647752605006700665
1 7 3 7 -1  2
2 5 3 5 -1  5
2647758853274999582
0 4 0 6 -1  1
2647920221236420558
0 5 0 3 -1  1
2648210437449630218
0 4 0 6 -1  2
2648384085300513238
5 0 0 0 -1  1
2648661650245047126
3 7 2 6 -1  1
2648755700150325886
3 3 4 1 -1  1
2648758098510065988
0 4 0 6 -1  1
2648950520457472896
0 4 2 4 -1  1
2648998014338238332
0 2 2 4 -1  1
2649009267636549762
0 5 0 4 -1  1
3 3 4 2 -1  1
2649209011616076101
3 1 3 2 -1  1
2649256807152735253
3 6 3 5 -1  1
2649298288561581717
2 5 2 4 -1  1
2649493170324528382
0 0 0 3 -1  1
2649805102769441934
2 3 1 4 -1  1
2649849408172153326
1 7 2 7 -1  1
2650087639093077312
2 6 0 5 -1  1
2650107153655475759
1 5 2 5 -1  1
2650223008241974021
5 4 3 4 -1  1
2650277412556185521
7 6 7 0 -1  1
2650389891363395033
0 4 0 6 -1  1
2650564104336528135
2 4 3 3 -1  1
2650723062836480129
0 3 0 1 -1  1
2650736465651405142
3 2 2 1 -1  2
2650863402308333764
2 4 1 4 -1  1
2650927670901620412
3 1 4 2 -1  1
2650969756454420449
0 6 1 7 -1  1
2651062228263997031
1 6 2 6 -1  1
2651089826462370957
0 6 1 5 -1  1
2651149386445238750
2 5 4 4 -1  1
2651482714760469259
4 1 5 1 -1  1
2651560288769928201
6 1 6 3 -1  1
2651616423265351823
7 5 7 6 -1  1
2651616943540806577
0 6 1 7 -1  1
2651920363934473930
3 1 3 5 -1  1
2651955659452406054
0 0 0 3 -1  1
2652156467380904965
0 5 3 5 -1  1
2652484601697900956
0 6 1 7 -1  1
2652595492835521880
0 2 4 6 -1  1
2652645660294725965
5 1 3 0 -1  1
2652846921629882268
4 5 5 3 -1  1
2652926597387450651
3 3 5 4 -1  1
2653143212214536936
3 1 1 2 -1  1
2653403774542124689
4 0 5 1 -1  1
2653574119263180051
0 6 0 7 -1  1
2653737327948721328
5 2 2 2 -1  1
2654048074286027026
2 2 3 2 -1  1
2654082465924172246
0 0 0 3 -1  1
2654227621865278790
6 0 6 7 -1  1
2654358026471771607
0 1 7 1 -1  1
2654390056529334582
0 0 0 1 -1  1
2654603658595650402
1 5 2 5 -1  1
2654622102140013846
2 6 2 5 -1  1
2654701262533660122
3 5 3 2 -1  1
2654744549747907991
0 5 1 4 -1  1
2654860197331775914
0 5 0 6 -1  1
2655373748229059088
2 4 2 3 -1  1
2655541621784848680
0 6 1 7 -1  1
2655640222868034821
5 4 5 5 -1  1
2655693020827782166
0 5 0 6 -1  1
2655813815128778336
1 4 2 4 -1  1
2656177231396085953
4 5 5 6 -1  1
2656210630566538874
0 5 1 4 -1  1
2656359527476193797
0 5 2 3 -1  1
2656413231441915797
2 5 3 7 -1  1
2656653013897222029
4 2 3 4 -1  1
2656804697666345028
2 4 1 4 -1  1
2656962968144795575
1 5 2 5 -1  1
2656995579378088416
2 4 5 7 -1  1
2657067753366760907
1 4 2 3 -1  1
2657168481364828765
2 5 0 4 -1  1
2657319614866022349
5 0 6 0 -1  1
2657462762021900451
2 1 2 0 -1  1
2657463552900331644
1 0 3 0 -1  1
2657832450536022264
6 4 3 4 -1  1
2657876111479154427
6 7 3 4 -1  1
6 7 4 5 -1  1
2658122026043075744
1 7 3 7 -1  1
2658142755951594113
0 4 0 5 -1  1
2658232907543615158
3 3 4 3 -1  1
2658285714198276200
3 2 3 1 -1  1
2658318116603264154
1 4 0 2 -1  1
2658528145662271518
6 3 5 3 -1  1
2658530149198538838
1 5 3 5 -1  1
2658625573422489690
0 6 7 6 -1  1
2658630964471756592
2 5 2 1 -1  1
2658675791786610316
2 1 4 0 -1  1
2658709449681903691
1 3 2 3 -1  1
2658755719652160860
0 5 1 6 -1  1
2658872920356654391
1 3 3 3 -1  1
2658992199263247867
3 7 4 7 -1  1
2659065811290672508
2 4 3 4 -1  1
2659178251692505361
0 5 3 2 -1  1
2659924012313866052
1 4 2 2 -1  1
2659927906198484614
2 7 2 6 -1  1
2660229032974593631
2 4 2 5 -1  1
2660414515109081060
0 4 0 3 -1  1
2660426148082822249
1 0 2 0 -1  1
2660481413869429600
3 4 2 4 -1  1
4 4 5 4 -1  1
2660572182219807531
0 5 0 3 -1  1
2660616419027324989
3 0 4 0 -1  1
2660737800854589235
4 3 3 5 -1  1
2660890663208759496
1 2 2 2 -1  1
2661167757532422265
0 6 1 7 -1  1
2661227523869188280
1 3 3 2 -1  1
2661307604185025842
2 4 3 6 -1  1
2661328209096765961
4 6 6 7 -1  1
2661409430321820980
1 7 2 7 -1  1
2661496099550402098
5 0 6 0 -1  1
2661640002261261160
0 1 1 3 -1  1
2661706624412586908
1 2 3 2 -1  1
2661716311713961087
0 5 0 4 -1  1
2661720501953314643
1 4 3 6 -1  1
2661785826591009818
1 4 3 6 -1  1
2661855044146048168
4 6 2 5 -1  1
2661959984819319276
3 2 5 3 -1  1
2662403498505979507
2 2 1 3 -1  1
2662493991984965327
0 5 2 5 -1  1
2662550349308932570
3 6 4 6 -1  1
2662556519162989361
1 5 2 5 -1  1
2662783915574730657
0 7 1 6 -1  1
2662853371896846409
0 2 1 3 -1  1
2662968450603190767
2 5 3 5 -1  1
2663054101215676550
0 5 0 4 -1  1
2663190018789920351
1 0 2 1 -1  1
2663209673324932823
4 5 4 6 -1  1
2663326043360665268
2 0 3 0 -1  1
2663344783737238610
2 5 4 4 -1  1
2663767154165577803
3 1 7 5 -1  1
2663874462389067158
0 6 1 7 -1  1
2663936024564025568
3 2 5 0 -1  1
2663945532724675403
2 2 1 4 -1  1
2663968534061584957
0 5 0 4 -1  1
2664114666689492024
1 1 2 2 -1  1
2664390897837764256
7 7 7 6 -1  1
2664549566998682920
1 0 2 0 -1  1
2664591694038639957
1 1 2 1 -1  1
2664598219049860425
4 0 4 1 -1  1
2664744467960425947
1 4 3 5 -1  1
2665480872538209484
1 4 2 3 -1  1
2665989612828594981
2 6 4 5 -1  1
2666341296943354839
1 1 1 4 -1  1
2666861868613301725
5 7 3 5 -1  1
2666932535671091906
3 2 4 3 -1  1
2667114853122787360
2 2 2 3 -1  1
2667347881384485746
2 5 1 3 -1  1
2667358397295974098
3 6 4 7 -1  1
2667484886200817444
2 4 1 4 -1  1
2667494098790849927
1 0 0 1 -1  1
2667509813532855669
1 2 2 3 -1  1
2667682650712257434
0 4 2 5 -1  1
2667794001870252661
2 6 3 5 -1  1
2668055400580733626
6 4 5 3 -1  1
2668163865306841562
3 4 4 6 -1  1
2668254313280752421
1 2 2 3 -1  1
2668362140023557667
2 2 2 3 -1  1
2668381203487813271
6 3 4 5 -1  1
2668393250796286750
5 1 6 2 -1  1
2668400300543561871
1 3 4 6 -1  1
2668550754791027342
3 6 2 5 -1  1
2668691462365514708
1 2 2 2 -1  1
2668784257818070171
3 5 3 2 -1  1
2668833607122602663
0 3 3 3 -1  1
2668901202174619935
5 5 4 6 -1  1
2669211714412252929
2 5 2 3 -1  1
2669346881287771873
6 3 6 2 -1  1
2669388842865260531
2 0 1 2 -1  1
2669594192737604883
0 5 4 5 -1  1
2669720838381482736
0 3 0 2 -1  1
2669765002432749573
3 6 4 6 -1  1
2669777625098823433
3 2 2 4 -1  1
2669789509120756961
4 6 3 5 -1  1
4 6 4 5 -1  1
2670046693634479987
0 3 1 3 -1  1
2670226772041255985
0 3 7 3 -1  1
2670237471702772370
3 0 4 0 -1  1
2670238322508419996
0 7 0 4 -1  1
2670619218133648228
2 6 4 5 -1  1
2670708772256427401
1 1 2 0 -1  1
2670807474469785342
3 7 4 6 -1  1
2671020816627708391
2 1 0 1 -1  1
2671033886331161736
1 6 2 5 -1  1
2671122753642783100
0 4 1 5 -1  1
2671298414420496823
0 6 1 6 -1  1
2671525316505569211
1 6 3 6 -1  1
2671688262555302964
6 6 4 7 -1  1
2671742968243299836
2 1 4 1 -1  1
2671795970243831557
0 5 3 5 -1  1
2671806747005770419
0 4 0 3 -1  1
2671879034692243089
3 7 4 7 -1  1
2672022451275536179
5 1 6 3 -1  1
2672070964942537155
4 3 5 4 -1  1
2672102354954279364
3 7 2 6 -1  1
2672267153352591490
0 2 4 6 -1  1
2672278569699020982
2 2 4 3 -1  1
2672357508667189574
2 2 4 3 -1  1
2672483167152927293
0 0 0 2 -1  1
2672794970738672650
3 4 4 4 -1  1
2672866896443816339
5 0 6 0 -1  1
2673025643139953697
0 6 2 5 -1  25
2673046238536955626
0 5 3 2 -1  7
2673115946202157138
4 6 5 6 -1  1
2673295278480134095
6 6 5 5 -1  1
2673334291728790874
2 2 3 0 -1  1
2673357266622399690
0 2 2 4 -1  1
2673364393340375774
1 3 3 3 -1  1
2673702372138295216
1 0 2 0 -1  1
2673832201066967461
4 3 5 2 -1  1
2674216429548073028
4 6 5 6 -1  1
2674319283652032927
0 5 2 3 -1  1
2674411562864253838
5 7 7 7 -1  1
2674429610193368924
3 3 1 2 -1  1
2674446063066261286
3 7 0 7 -1  1
2674632301423824898
3 6 3 7 -1  1
2674774785168209863
5 1 6 1 -1  1
2674790129517030784
1 5 2 5 -1  1
2674948931211368058
2 5 3 5 -1  1
2675016818908986164
3 6 2 7 -1  1
5 0 5 6 -1  1
2675319801631472126
6 4 4 4 -1  1
2675833919236985969
1 0 2 1 -1  1
2675916949216302249
0 2 0 1 -1  1
2676069351106184483
0 5 0 4 -1  1
2676100644731786105
6 7 2 3 -1  1
2676202157898947219
3 2 4 3 -1  1
2676422980020598803
2 6 2 7 -1  1
2676465656404353053
6 4 7 2 -1  1
2676596699380403802
0 1 5 1 -1  1
2676650611659094067
4 6 3 4 -1  1
2676653284044647522
0 5 1 4 -1  5
2676732591815537551
1 0 0 1 -1  1
2676741676273298400
0 4 2 4 -1  1
2676754877377759709
5 4 3 2 -1  1
2676764319416432242
3 2 0 5 -1  1
2676780247857579334
1 2 1 3 -1  1
2676909132171278724
2 4 0 4 -1  1
2676940019892895596
0 7 1 6 -1  1
2676945706942706644
0 3 7 3 -1  1
2677541423983706881
1 3 2 5 -1  1
2677633437921981141
4 5 6 3 -1  1
2677972618602578644
1 4 2 5 -1  1
2678101107604847640
3 4 4 4 -1  1
2678257500610346007
5 2 4 1 -1  1
2678428041995162385
3 0 3 5 -1  1
2678538529391400358
4 1 5 1 -1  1
2678709659103541306
3 2 4 3 -1  1
2678747442705032776
3 5 0 2 -1  1
2679172918986238566
2 5 1 4 -1  1
2679193404792058305
2 5 1 3 -1  1
2 5 4 6 -1  1
2679325911876040095
2 6 1 6 -1  1
2679331892099900097
0 4 1 3 -1  1
2679436924021837150
1 7 2 7 -1  1
2679718452828674144
3 4 4 4 -1  1
2679889264527812414
3 3 3 1 -1  1
2680004974606394842
1 3 1 4 -1  1
2680190648890941312
0 4 0 6 -1  2
2680201700135237257
5 4 1 4 -1  1
2680343107334548928
3 0 4 0 -1  1
2680459869199168445
2 4 3 5 -1  1
2680670680133939971
3 5 4 5 -1  1
2680818421089919110
2 7 1 6 -1  1
2680830945374743015
0 5 0 7 -1  1
2680923631044108838
1 7 2 7 -1  1
2680954294233018861
1 0 2 0 -1  1
2681208598000321399
0 0 0 2 -1  1
2681485054130756885
1 3 2 3 -1  1
2681599252414347433
6 4 4 6 -1  1
2681648844038814389
3 3 4 2 -1  1
2681783139245205078
3 4 4 2 -1  1
2681873237917944991
3 4 4 3 -1  5
2681979722184809983
6 3 5 2 -1  2
2682360297426044471
0 5 0 4 -1  1
2682714801564540280
1 2 3 1 -1  1
1 3 0 2 -1  1
2683008855871676491
2 3 1 4 -1  1
2683011928924282152
1 3 2 2 -1  1
2683074741849078075
0 4 3 4 -1  1
2683150770777181720
0 6 1 5 -1  1
2683218040960894823
1 7 3 6 -1  1
2683356847505736541
5 5 6 4 -1  1
2683374602722751761
0 0 0 3 -1  1
2683425713826157886
1 3 7 3 -1  1
2683482090842528405
2 3 4 1 -1  1
2683505394157217101
4 0 6 0 -1  1
2683517111066499089
2 3 2 5 -1  1
2683679491802771056
2 4 1 5 -1  1
2683900347617534250
1 1 0 2 -1  1
2683902412940009833
2 3 3 2 -1  2
2683908636055748292
5 3 5 2 -1  1
2683934136439851264
6 2 5 3 -1  1
2684010372654457449
1 0 2 0 -1  1
2684138525434230245
7 2 7 5 -1  1
2684379161788955579
4 4 5 4 -1  1
2684414060906032752
2 5 3 4 -1  1
2684733432977701989
0 4 2 3 -1  1
2685023468397350611
2 5 1 6 -1  1
2685252366433007758
3 7 4 6 -1  1
2685348926845771243
3 5 4 4 -1  1
2685637870549188312
4 6 3 7 -1  1
2685678948402925164
1 0 3 0 -1  1
2685822689260225698
1 7 2 7 -1  1
2686133103147295165
1 2 3 2 -1  1
2686422140700235793
2 4 3 4 -1  1
2686619913779878717
2 4 3 5 -1  1
2686902255650362808
2 0 3 1 -1  1
2686983663464447627
3 0 5 1 -1  1
2687072101463123804
4 2 2 3 -1  1
2687117518377504095
5 1 6 1 -1  1
2687151872682909613
4 0 1 3 -1  1
2687167349844247160
2 1 6 1 -1  1
2687510664850265452
3 2 4 3 -1  1
2687649354038139686
1 3 2 3 -1  1
2687761765568871578
1 0 3 1 -1  1
2687809862899044106
3 2 5 3 -1  1
2687845806293802122
4 5 5 7 -1  1
2687932879547222852
3 0 4 0 -1  1
2688306511802343871
2 3 3 5 -1  1
2688361067179177997
4 3 2 3 -1  1
2688675216879990998
2 5 2 7 -1  1
2689028518730536765
0 0 0 3 -1  1
2689101699867691396
3 0 4 0 -1  1
2689117888068157243
3 5 2 6 -1  1
2689164030535273041
6 7 6 6 -1  1
2689191239387761017
0 1 2 2 -1  1
2689202609916551690
1 5 3 7 -1  1
2689399156938423362
1 1 7 1 -1  1
2689481924949204835
0 2 4 6 -1  1
2689637101673181725
5 3 0 3 -1  1
2689697806924735817
2 2 1 4 -1  1
2689715092954792891
2 2 3 3 -1  1
2689817367461058337
0 1 2 2 -1  1
1 3 2 3 -1  3
2 5 4 4 -1  1
2689874201354469586
4 5 4 3 -1  1
2690018777576311992
4 6 2 4 -1  1
2690021881784637546
2 3 3 2 -1  1
2690513710601824317
0 1 2 2 -1  1
2690637792403185339
1 0 3 0 -1  1
2690650942165633418
2 5 3 3 -1  1
2690849213014136910
4 0 6 0 -1  1
2690882357275542613
2 5 5 5 -1  1
2690933995889459880
4 4 6 4 -1  1
2690948460948129218
2 5 3 6 -1  1
2691133878101826350
1 2 2 0 -1  1
2691398412668833185
2 4 3 5 -1  1
2691462872009649621
1 0 3 0 -1  1
2691474005691806121
0 3 1 4 -1  1
2691569462215338067
2 2 1 3 -1  1
2691599244114897922
2 3 1 2 -1  1
2691818742887905299
0 1 1 3 -1  1
2692089350796271406
3 3 4 2 -1  1
2692400142561993964
4 3 6 4 -1  1
2692471639465285910
4 7 5 7 -1  1
2692657870552531689
0 4 0 3 -1  1
2692833304759794488
0 1 5 1 -1  1
2693081804424914908
1 0 3 0 -1  1
2693307090131582650
2 3 4 2 -1  1
2693368738866448351
2 5 0 4 -1  1
2693748895796879890
3 6 4 6 -1  1
2694027487531643444
4 3 5 2 -1  1
2694203329262733659
4 0 0 4 -1  1
2694238655147048584
1 2 3 2 -1  1
2694517909244894302
1 7 2 7 -1  1
2694606187786286839
0 3 1 3 -1  1
2694672303083205304
5 0 5 3 -1  1
2694862408490449980
2 5 4 4 -1  1
2694875144828768272
4 4 4 7 -1  1
2694884618467762022
1 7 0 6 -1  1
2694923225670953171
4 1 6 1 -1  1
2694936076017210397
4 7 4 0 -1  1
2694990908881880420
0 1 0 3 -1  1
2695122490821840876
0 3 3 3 -1  1
2 5 3 3 -1  1
2695205611904578273
7 3 7 6 -1  1
2695217975447214116
0 2 1 2 -1  1
2695287538756301747
5 7 4 5 -1  1
2695333770348054660
5 0 7 0 -1  1
2695372532126072129
2 2 3 1 -1  1
2695473062759306021
2 2 1 3 -1  1
2695796814240315830
3 2 4 3 -1  1
2695952433057074473
2 4 3 3 -1  1
2696102627679250986
3 0 3 2 -1  3
2696124722394153260
0 2 0 1 -1  1
2696130653483046002
6 4 4 4 -1  1
2696316187706462494
5 3 2 3 -1  1
2696362361682262686
3 3 4 2 -1  1
2696503134912555675
1 6 2 6 -1  1
2696545688039993653
1 4 0 2 -1  1
2696650772987087565
0 3 1 3 -1  1
2696817171559521899
0 3 5 3 -1  1
2696928421309808963
6 0 3 3 -1  1
2697158503643949869
2 4 2 5 -1  1
2697318245360351718
0 5 3 5 -1  1
2697340062522752013
0 3 2 1 -1  1
2697455520679468860
0 0 0 2 -1  1
2697687759603466890
1 3 1 1 -1  1
2697714443789651765
4 1 3 3 -1  1
2697762745493130389
0 4 0 6 -1  1
2697869292389002757
2 7 4 6 -1  1
2698152470188760609
0 4 0 3 -1  1
2698181979489922083
0 0 0 1 -1  1
2698298290261729741
1 6 2 5 -1  1
2698340554770491758
7 1 7 5 -1  1
2698378494716935855
0 5 0 4 -1  1
2698484969511135129
3 2 4 3 -1  1
2698655821982244413
4 3 3 3 -1  1
2698657583631771192
4 4 4 3 -1  1
2698816231770042074
0 3 1 3 -1  1
2698829481985215233
7 5 6 5 -1  1
2698982190020424297
1 4 2 3 -1  1
2699192899302251062
0 4 0 3 -1  1
2699195319291474285
2 3 3 3 -1  1
2699221424372116216
3 7 2 5 -1  1
2699307766510610863
1 3 2 1 -1  1
2699310641878675621
5 5 6 6 -1  1
2699441309766912110
0 4 0 6 -1  1
2699646329244910444
5 0 6 0 -1  1
2699881878067656635
2 3 0 1 -1  1
2699902728284175475
2 0 1 1 -1  1
2699990782929825000
0 2 3 5 -1  1
2700075805541736251
4 1 5 1 -1  1
2700115856349207865
5 2 6 2 -1  1
2700571632532456414
0 2 0 1 -1  1
2700635916988202813
2 4 6 0 -1  1
2701018994627333767
1 4 4 4 -1  1
2701444426046006124
3 0 7 4 -1  1
2701478974393915373
4 2 6 4 -1  1
2701540612117617672
0 1 3 1 -1  1
2701647017554412218
7 1 6 2 -1  1
2701670786647467913
0 4 0 6 -1  1
2701825738933456579
4 5 7 5 -1  1
2701883721093089807
2 5 0 5 -1  1
2701988958517023634
0 5 0 4 -1  1
2702228211192434559
6 2 4 2 -1  1
2702390453805865562
1 3 2 1 -1  1
2702396445988528704
2 6 2 1 -1  1
2702460709119847140
2 2 3 4 -1  1
2702855441899994205
2 4 1 5 -1  1
2702914285561944773
0 3 1 2 -1  1
2703129257776076469
6 7 6 5 -1  1
2703334649648213275
0 5 0 4 -1  1
2704041804842785320
1 6 2 6 -1  1
2704048129445862516
5 1 6 2 -1  1
2704118156847174789
0 5 1 6 -1  1
2704275089775084838
7 6 2 6 -1  1
2704652240490778669
2 1 3 1 -1  1
2704951495580621337
1 3 2 3 -1  1
2705267739729819561
3 7 4 5 -1  1
2705404756347643062
6 3 4 1 -1  1
2705447437122271361
0 4 0 2 -1  1
2705497182066813783
3 4 0 4 -1  1
2706025141839935360
0 6 0 7 -1  1
