4765823933484717636
5 5 6 5 -1  1
4766048777604049264
2 2 3 3 -1  1
4766418561987896265
0 4 6 4 -1  1
4766499422630788561
5 7 6 5 -1  1
4766568771578848826
1 4 3 4 -1  1
4766589495221755574
2 6 2 5 -1  1
4766949248530347433
2 5 1 7 -1  1
4766961964080580301
1 1 3 1 -1  1
4767147999363036730
2 6 4 5 -1  1
4767315467727062702
1 7 2 6 -1  1
4767460483062705570
4 1 5 2 -1  1
4767462286391343209
2 1 2 3 -1  1
4767799952246007960
2 4 4 2 -1  1
4768161752760928397
2 5 4 5 -1  1
4768544058815177632
4 2 2 4 -1  1
4768572407823340009
4 0 4 3 -1  1
4768579551696130685
0 6 1 7 -1  1
4768737591074894512
1 5 2 4 -1  1
4768776119087055681
3 2 1 4 -1  1
4768806338547144435
0 6 1 4 -1  1
4768953909102429044
2 6 3 6 -1  1
4768955501619596952
3 5 5 4 -1  1
4768960452932942884
1 5 2 4 -1  1
4769047655374045949
4 2 6 1 -1  1
4769083017773353277
0 3 1 2 -1  1
4769145450836660878
0 4 0 6 -1  1
4769162941433637241
1 0 6 0 -1  1
4769178944964084226
4 7 6 5 -1  1
4769264776228391557
0 3 3 6 -1  1
4769324117573540512
0 5 0 2 -1  1
4769361704793225073
0 5 0 0 -1  1
4769435106516787398
3 6 4 6 -1  1
4769732852362959299
1 3 0 4 -1  1
4769768759621019212
2 3 3 2 -1  2
4769857228159686943
2 5 2 6 -1  1
4770018249141875808
0 2 1 1 -1  1
4770314465940225759
0 0 0 2 -1  1
4770346563805532475
6 3 6 0 -1  1
4770369495843594148
0 5 0 0 -1  1
4770559817565167347
1 7 1 6 -1  1
4770633081328248794
4 5 3 5 -1  1
4770642054091495635
2 3 3 3 -1  1
4771072848107595746
1 4 2 4 -1  2
4771162466240806760
2 7 3 7 -1  1
4771257812664884783
1 5 1 4 -1  1
4771497513842986223
3 4 5 4 -1  1
4771551558952561793
0 6 2 5 -1  7
1 4 2 4 -1  5
1 4 3 4 -1  9
4771706653254264718
0 1 2 3 -1  1
4771747519931015014
1 5 2 6 -1  1
4772121098463337458
1 3 2 3 -1  1
4772350375526303807
1 5 2 5 -1  1
4772573422614508552
0 3 3 6 -1  1
4772790383046947404
4 5 5 4 -1  1
4773001719884623778
7 5 6 5 -1  1
4773045779916918588
0 4 1 4 -1  1
4773690206641225550
1 3 5 3 -1  1
4773801358249059877
3 3 7 3 -1  1
4773921684028121230
2 1 3 3 -1  1
4774329636604147124
2 3 3 5 -1  1
4774577123847279064
4 1 3 3 -1  1
4774655013761670063
1 4 2 4 -1  1
4774659473199434833
2 5 5 5 -1  1
4774763144946298987
1 5 2 5 -1  1
4775108545392690745
1 1 2 2 -1  1
4775401616294618490
1 2 3 2 -1  1
4775515346101498449
0 2 0 1 -1  1
4775828340739659734
2 5 4 4 -1  1
4776338982176596708
0 1 1 3 -1  1
4776450984689503230
3 4 5 3 -1  1
4776706328659597441
2 5 3 6 -1  1
4776834182866422006
4 7 5 7 -1  1
4776930783597966874
5 2 6 2 -1  1
4776961098777317956
5 6 5 7 -1  1
4777023040420422154
1 6 4 3 -1  1
4777188003453802867
6 4 5 6 -1  1
4777203726622775737
2 3 2 4 -1  1
4777253093192949563
0 3 2 1 -1  1
4777294801877445994
1 3 3 2 -1  1
4777445029583729807
3 2 3 3 -1  1
4777580605895316990
3 6 5 7 -1  1
4777823076803638569
0 4 0 7 -1  1
4777829459588059036
7 6 7 3 -1  1
4777842208250633097
1 1 2 2 -1  1
4778024823039310044
4 4 5 4 -1  1
4778098041097680171
0 2 6 2 -1  1
4778403363462961679
3 0 7 0 -1  1
4778488516476220203
2 3 3 2 -1  1
4778701369927934973
3 0 4 1 -1  1
4778818720997069107
3 2 4 4 -1  1
4778916149359097535
0 0 0 2 -1  1
4779058187288996468
0 4 0 6 -1  1
4779125397732020866
4 7 5 7 -1  1
4779599873576643313
4 6 5 7 -1  1
4779661296441101557
0 4 1 4 -1  1
4779717757353736035
3 4 5 5 -1  1
4779937598794146926
1 3 3 3 -1  1
4779998626704221180
3 1 5 2 -1  1
4780328910213547983
1 5 1 2 -1  1
4780348076078948142
3 0 4 0 -1  1
4781004411153033914
0 3 0 2 -1  1
4781009595833262534
1 6 1 5 -1  1
4781142624456606223
3 2 4 3 -1  1
4781212160952431124
2 5 4 4 -1  1
4781244102569245123
5 3 7 3 -1  1
4781291682667767922
0 6 1 5 -1  1
4781335648588754892
0 0 0 3 -1  3
0 4 0 2 -1  2
2 5 1 3 -1  1
4781385509029146193
0 0 5 0 -1  1
4781447533093573942
2 6 3 6 -1  1
4781535002381941685
2 1 3 0 -1  1
4781756878689078479
4 2 3 1 -1  1
4781789087030235616
2 3 2 4 -1  1
4782144085979874204
2 6 3 6 -1  1
4782271309967678274
0 3 1 4 -1  1
4782313266184179862
1 6 3 4 -1  1
4782610490163449987
1 4 2 4 -1  1
4782973203457010824
1 0 0 1 -1  1
4783074936154611555
0 1 1 3 -1  1
4783163068563038774
3 0 3 5 -1  1
4783396194422044703
3 7 2 6 -1  1
4783476614565784909
2 1 5 4 -1  1
4783672907426333975
3 6 6 3 -1  1
4783749734926011407
2 5 2 3 -1  1
4783936517382228066
1 6 2 7 -1  1
4783985131713173836
4 6 5 5 -1  1
4784019399091775160
0 2 4 6 -1  1
4784304883340037842
3 4 4 4 -1  1
4784380842439441145
3 5 4 4 -1  1
4784750106764653460
3 3 2 2 -1  1
4784864734836837649
3 4 4 5 -1  1
4785030431718768547
3 3 4 5 -1  1
4785036849711566959
2 7 3 6 -1  1
4785258942362385469
2 4 1 5 -1  1
4785383032376972009
4 5 5 3 -1  1
4785420309407341041
0 3 0 4 -1  1
4785802418469257538
5 7 2 4 -1  1
4785932651704405441
2 4 0 4 -1  1
4785996271566326837
2 1 3 2 -1  1
4786085181511298397
1 6 0 6 -1  1
4786530536770976244
0 6 0 5 -1  1
4786814796785658906
1 2 3 4 -1  1
4786816273004903667
1 4 2 3 -1  1
4787005136950642949
0 2 4 6 -1  1
4787081409726679721
3 6 4 6 -1  1
4787103654681220747
2 4 3 5 -1  1
4787180418092798474
3 3 4 3 -1  1
4787286521459381276
0 3 1 3 -1  1
4787411931476767471
4 5 5 7 -1  1
4787502839757367077
6 6 4 5 -1  1
4787510539116014895
3 3 4 3 -1  2
4787841453340557995
0 5 3 2 -1  1
4788137196277741698
3 7 2 6 -1  1
4788273874039241013
2 5 3 5 -1  1
4788646766460753276
3 3 3 0 -1  1
4788674554149329176
2 0 2 1 -1  1
4788702708221133221
6 4 4 6 -1  1
4788936484854459436
3 4 4 2 -1  1
4789089965021866618
0 5 2 6 -1  1
4789159980058452986
0 0 4 0 -1  1
4789175572700997729
1 0 0 2 -1  1
4789202251838064208
2 5 0 5 -1  1
4789361154528585975
0 6 0 5 -1  1
4789382752552453855
4 3 5 4 -1  1
4789468806279107900
1 6 2 5 -1  1
4789618492933148195
5 0 4 2 -1  1
4789681021835535986
0 5 0 0 -1  1
4789717225881948810
2 5 4 6 -1  1
4789832307019666136
0 1 1 0 -1  1
4789853749661824597
0 0 3 0 -1  1
4790005289587207265
0 4 0 5 -1  1
4790242870420166366
1 5 2 4 -1  1
4790248778542337130
2 0 3 1 -1  1
4790345792910548156
1 5 3 4 -1  1
4790433910680755618
1 7 3 7 -1  1
4790456119397342391
0 1 1 0 -1  1
4790968631278234735
2 5 4 4 -1  1
4791146558742220292
4 5 3 7 -1  1
4791350392554627351
4 7 5 6 -1  1
4791383900057069291
0 4 1 4 -1  1
4791718158802188751
3 2 4 2 -1  1
4791726442663615928
3 6 4 5 -1  1
4791761568957034328
3 0 2 2 -1  1
4791792747524385056
0 1 6 1 -1  1
4791900494173445168
2 1 3 1 -1  1
4791980062155166959
0 5 1 6 -1  1
4792033352526255657
2 3 4 4 -1  1
4792048134605657695
4 6 2 4 -1  1
4792072527173498905
4 4 2 6 -1  1
4792101732277415450
1 1 2 1 -1  1
4792228376370835590
0 0 0 7 -1  1
4792234736898451920
1 1 2 2 -1  1
4792325189655242422
2 2 5 5 -1  1
4792546524570241960
0 0 0 2 -1  1
4792649951260906444
2 3 1 4 -1  1
4792762882065231513
3 5 4 4 -1  1
4792949945122416324
0 4 4 4 -1  1
4793083430876317944
2 6 2 5 -1  1
4793412509145914798
2 6 7 1 -1  1
4793422316883787186
0 5 0 4 -1  1
4793522238963808714
1 7 2 7 -1  1
4793531252378701751
3 4 4 4 -1  1
4793682297943262317
1 7 2 7 -1  1
4793698197409578086
0 1 1 3 -1  1
4793793393667808665
6 4 5 5 -1  1
4794058110015784914
1 2 2 1 -1  1
4794090866216584873
0 4 0 7 -1  1
4794122122548365405
6 3 7 5 -1  1
4794154462635156212
7 4 4 4 -1  1
4794219481316618656
2 0 6 0 -1  1
4794244649220127438
5 3 6 5 -1  1
4794286559847913138
1 6 1 4 -1  1
4794631992866914245
2 5 3 3 -1  1
4794685688834209788
6 4 4 2 -1  1
4794814533805902568
0 4 2 5 -1  1
4794940008795856861
3 4 4 4 -1  1
4795109067125221580
3 4 2 5 -1  1
4795135757009199452
3 1 4 2 -1  1
4795517519038564987
3 2 5 2 -1  1
4795587878447525836
2 5 1 4 -1  1
4795971412672459747
0 7 6 7 -1  1
4796116419581062623
4 6 6 4 -1  1
4796150592341205491
0 2 2 4 -1  1
4796164046232413802
3 4 4 3 -1  1
4796194337365861030
5 7 7 5 -1  1
4796305924028205489
3 5 4 4 -1  1
4796537721230064960
1 7 2 7 -1  1
4796959930200929182
0 5 0 3 -1  1
4796980208757118774
2 1 4 0 -1  1
4797000238439930833
1 6 4 3 -1  1
4797097864643244139
1 4 2 4 -1  1
4797318627217049243
1 1 3 1 -1  1
4797504646449701042
0 0 1 0 -1  1
4798165875107937487
3 6 4 5 -1  1
4798211513038519587
3 4 6 1 -1  1
4798307852124102755
1 3 3 2 -1  1
4798450185754181110
5 0 6 0 -1  1
4798492717932933879
1 6 2 6 -1  1
4798679438701402734
1 3 2 3 -1  1
4799308296049889360
0 1 2 2 -1  1
0 3 1 4 -1  1
4799559905392102634
5 2 5 1 -1  1
4799664133248820210
0 5 1 4 -1  1
4799699048356028734
4 7 2 5 -1  1
4799915949312137181
1 5 2 5 -1  1
4800043219784648863
1 5 3 5 -1  1
4800054983159554448
1 4 0 3 -1  1
4800439565239359349
0 3 2 4 -1  1
4800906424555105832
3 2 4 3 -1  1
4800972747435947945
1 3 3 4 -1  1
4801089842735032076
1 4 2 3 -1  1
4801121544124837955
1 0 2 0 -1  1
4801436099029864429
0 0 0 2 -1  1
4801461046475416230
2 5 3 4 -1  1
4801485060564308263
1 0 2 0 -1  1
4801575074188325028
2 6 3 6 -1  1
4801602213595394778
4 4 6 6 -1  1
4801805659546024969
1 2 3 4 -1  1
4801964993728072261
1 5 2 5 -1  1
4801984649397834564
3 5 2 6 -1  1
4802037598043957432
0 0 0 2 -1  1
4802044983677309409
3 2 4 1 -1  1
4802067616462031866
3 4 2 3 -1  1
4802377828749054963
1 2 3 2 -1  1
4802409381424542317
0 1 0 2 -1  1
4802546140212570082
0 5 4 1 -1  1
4802638301013876426
0 6 0 5 -1  1
4802773395633238725
3 3 3 2 -1  1
4802775798648506823
0 5 1 4 -1  1
4803038677137486262
1 6 6 1 -1  1
4803052375107486395
0 2 4 6 -1  1
4803204664670032572
4 7 5 7 -1  1
4803257560240398869
0 4 4 4 -1  1
4803373266341277208
0 1 0 4 -1  1
4803442583415145942
0 4 0 5 -1  1
4803462521093562841
0 2 1 2 -1  1
4803481052757554482
1 3 6 3 -1  1
4803504796426567130
3 3 5 2 -1  1
4803684120213612447
3 6 4 7 -1  1
4803743866495443478
1 3 3 3 -1  1
4803854177552071165
0 5 0 1 -1  1
4803867721752241866
6 5 6 7 -1  1
4803882361128233909
2 7 3 6 -1  1
4803907209972103489
2 5 4 4 -1  1
4804021919477609675
3 4 0 1 -1  1
4804060155475411480
0 4 1 4 -1  1
4804063174886928828
1 2 1 3 -1  1
4804514151468840919
3 6 3 3 -1  1
4804582518502926883
5 4 7 4 -1  1
4804698138581937579
3 5 5 3 -1  1
4805202797003504016
1 3 1 2 -1  1
4805350904590789162
3 2 1 4 -1  2
4805367828718935072
1 2 3 4 -1  1
4805532123191280857
3 4 4 3 -1  1
4805599334063312702
0 7 0 3 -1  1
4805611662888541797
2 6 3 5 -1  1
4805700241198451411
0 6 0 5 -1  1
4805784226057429893
0 0 0 2 -1  1
4805867942265456218
1 4 2 3 -1  1
4805872926327133980
2 7 3 7 -1  1
4805907240677382012
3 2 2 1 -1  1
4806196612962778159
3 4 3 6 -1  1
4806327662386076910
1 3 1 2 -1  1
4806359300924076940
1 6 3 6 -1  1
4806362697018221859
5 6 6 6 -1  1
4806548607263909534
5 3 2 3 -1  1
4806941764736377452
2 1 3 1 -1  1
4807015278723325462
6 3 7 3 -1  1
4807424035412006671
0 3 2 1 -1  1
4807430589483390233
2 0 5 0 -1  1
4808145922929408911
7 4 5 4 -1  1
4808149718452440816
1 4 1 3 -1  1
4808268210564903427
1 4 2 5 -1  1
4808442921698488218
1 2 2 3 -1  1
4808455734896992628
1 6 3 6 -1  1
4808508183422772768
1 0 2 0 -1  1
4808656411332498056
1 4 2 6 -1  1
4808873934276676532
1 5 2 6 -1  1
4808925352299565228
3 4 4 2 -1  1
4808970813900277343
3 3 2 5 -1  1
4809022686014654848
2 6 1 6 -1  1
4809197139320829518
1 4 0 5 -1  1
4809235800374679694
0 2 2 0 -1  1
4810008965325574024
3 4 4 5 -1  1
4810052202887792242
3 0 3 2 -1  1
4810152530824193828
0 5 0 4 -1  1
4810163000081257302
0 2 7 2 -1  1
4810231279584168762
2 3 3 3 -1  1
4810751123449284825
0 5 3 2 -1  1
4810843230892488849
3 3 2 4 -1  1
4811282463942816024
5 6 5 7 -1  1
4811455220684795312
2 1 3 1 -1  1
4811530727917732523
1 5 3 5 -1  1
4811670841965397160
4 6 6 5 -1  1
4811721837107112639
3 4 2 5 -1  1
4811786576705349790
3 3 1 3 -1  1
4811803519735607762
6 6 7 6 -1  1
4811980399403569796
0 2 2 4 -1  1
4811980580997040875
0 0 0 3 -1  1
4811986220185120399
3 5 2 4 -1  1
4811997256313761088
2 5 3 6 -1  1
4812036425106086629
0 4 0 6 -1  1
4812382784633352501
0 3 4 3 -1  1
4812414356598069751
0 2 2 2 -1  1
4812452823409781280
1 3 2 3 -1  1
4812608002988317142
2 4 2 6 -1  1
4812760701827174197
3 3 4 3 -1  1
4812907870097885896
4 0 5 2 -1  1
4813134522139813779
1 7 3 7 -1  1
4813140491801022745
4 4 5 3 -1  1
4813431362971635292
0 3 1 3 -1  1
2 2 3 0 -1  1
4813637190446787464
0 4 1 5 -1  1
4813710659972287127
0 2 4 6 -1  1
4813865892602882043
2 2 3 0 -1  1
4813872005811462808
1 0 2 0 -1  1
4814019906619456485
5 5 4 5 -1  1
4814023382696296081
5 2 6 2 -1  1
4814306942740975830
0 2 2 2 -1  1
4814316272439201597
2 3 4 5 -1  1
4814363055882266488
5 7 6 6 -1  1
4814366796476879073
3 2 3 1 -1  1
4814464977058949148
3 0 6 3 -1  1
4814867501401772647
2 5 6 1 -1  1
4815035629780893046
0 3 4 7 -1  1
4815127761430442361
5 5 6 3 -1  1
4815192789003694210
3 5 2 4 -1  1
4815254599494984726
4 4 5 4 -1  1
4815409670866288663
3 3 2 5 -1  1
4815532744214066962
2 3 2 5 -1  1
4815796441701826861
4 3 5 3 -1  1
4815846170499431571
2 3 3 3 -1  1
4815909537512961942
3 4 2 2 -1  1
4816051020198361594
0 5 0 4 -1  1
4816511026313689637
2 2 3 0 -1  1
4816567866560120941
6 3 6 2 -1  1
4816965490124589672
3 2 4 3 -1  1
4817061792264439646
0 6 1 6 -1  1
4817080295712174908
0 2 5 2 -1  1
4817600386250789582
0 4 0 6 -1  1
4817632891842635611
0 3 0 4 -1  1
4817963917399931098
0 4 6 4 -1  1
4818017599546268291
2 1 3 1 -1  1
4818081797293401649
2 1 1 2 -1  1
4818398815717363026
1 6 3 6 -1  1
4818618128058749502
2 4 3 3 -1  1
4818722338391154890
1 2 3 4 -1  1
4818816627275049207
3 7 5 6 -1  1
4819072046817740952
0 3 7 3 -1  1
4819075583482842872
2 3 4 4 -1  1
4819206746814915445
2 0 3 0 -1  1
4819362050748982057
0 4 0 3 -1  1
4819585972333000999
0 4 0 6 -1  1
4819664709586798856
2 5 3 6 -1  1
4820102289411168685
5 3 6 3 -1  1
4820454351849942234
4 3 2 2 -1  1
4820537208617905205
2 0 2 1 -1  1
4820566475622062406
1 4 1 2 -1  1
4820709679902356374
0 3 6 3 -1  1
4821241712051675146
5 1 6 1 -1  1
4821321810665258453
4 2 5 4 -1  1
4821340565733723659
3 7 4 7 -1  1
4821376788970098794
1 1 2 2 -1  1
4821527961671887989
5 1 4 0 -1  1
4821617380204891360
1 2 0 3 -1  1
4821654250710238616
0 2 3 5 -1  1
4821804957768313872
2 4 4 3 -1  1
4822016158288923900
4 1 1 4 -1  1
4822127319614660068
2 4 4 5 -1  1
4822172584598069603
4 2 2 2 -1  1
4822606793195884421
0 2 2 2 -1  1
4822609181908633680
2 5 0 4 -1  1
4822640816794512122
5 0 6 0 -1  1
4822717595197456326
4 4 5 5 -1  1
4823082738513604388
2 5 3 7 -1  1
4823137772514055835
0 1 0 0 -1  1
4823175391361359114
5 7 6 6 -1  1
4823205724569176216
6 7 6 2 -1  1
4823425342060083551
0 2 2 2 -1  1
4823448994570614593
7 7 7 1 -1  1
4823485925623708433
3 2 2 3 -1  1
4823497305444294943
3 5 2 4 -1  1
4823657786020032631
2 6 2 5 -1  1
4823887973898441626
2 3 1 2 -1  1
2 5 4 4 -1  1
4823958888826071861
6 6 5 7 -1  1
4824186707299232705
0 0 0 4 -1  1
4825069179916889736
0 2 1 3 -1  1
4825272159316504725
0 0 6 0 -1  1
4825477213672998134
1 3 4 3 -1  1
4825493232713696891
4 4 5 5 -1  1
4825948233519728656
2 6 1 5 -1  1
4826049086438671273
1 3 5 3 -1  1
4826103629755744349
3 3 5 4 -1  1
4826107197776154459
0 3 0 4 -1  1
4826114702694681804
0 4 0 2 -1  1
4826128053652119994
6 7 2 7 -1  1
4826272644203175420
0 5 1 4 -1  1
4826432645971539245
1 3 2 3 -1  1
4826614260329098370
1 3 2 2 -1  1
4826685636440193309
0 4 2 4 -1  1
4826725568092163806
0 2 2 0 -1  1
4826730167386545776
2 6 3 7 -1  1
4826904088695695988
4 4 3 4 -1  1
4826947788138784453
2 5 4 6 -1  3
4827117033802885065
4 1 2 3 -1  1
4827132331233199101
0 6 1 7 -1  1
4827433238812868013
3 3 2 5 -1  1
4827466665131850885
0 0 0 2 -1  1
4827622149054369200
1 4 2 2 -1  1
4828090622120251732
1 7 3 7 -1  1
4828100018174488824
2 2 3 2 -1  1
4828149568699225935
0 4 4 4 -1  1
4828226920129502967
2 2 3 0 -1  1
4828513431781558407
0 0 0 3 -1  1
4828746920071386993
5 2 5 0 -1  1
4829110016630134476
2 5 4 6 -1  1
4829154394459012431
0 5 3 2 -1  2
4829229383139008531
1 4 0 5 -1  1
4829613600187718892
0 3 1 3 -1  1
4829635141550130564
4 6 5 5 -1  1
4829693280855766333
0 4 2 4 -1  1
4829750861139964315
1 7 2 7 -1  1
4829959279453986992
3 5 4 5 -1  1
4830169823312521683
1 5 2 5 -1  1
4830301878767355265
3 4 3 6 -1  1
4830325309679554130
3 3 4 4 -1  1
4830413797620483310
2 7 3 5 -1  1
4830478452257675736
4 2 5 2 -1  1
4830494088366898052
3 5 2 4 -1  1
4830604021844200023
0 2 3 5 -1  1
4831038975191285890
4 1 5 2 -1  1
4831050919730096510
0 6 1 6 -1  1
4831179077835398392
2 4 4 4 -1  1
4831354343409522931
4 6 2 5 -1  1
4831423234879792177
1 6 2 6 -1  1
4831470233787857237
2 2 3 0 -1  1
4831707407681730844
1 5 3 5 -1  1
4831737531897015486
0 5 5 5 -1  1
4831860842151026120
3 1 4 1 -1  1
4831873839193006687
0 4 0 5 -1  1
4831980871962592494
1 5 3 5 -1  1
4832093131881704315
1 6 3 4 -1  1
4832220531883345710
4 1 2 0 -1  1
4832473558953984459
2 4 3 3 -1  1
4832493560470256738
0 5 0 4 -1  1
4832561281187399927
0 0 0 3 -1  1
4832585811246659351
5 1 4 0 -1  1
4832686928793013421
0 1 1 3 -1  5
1 0 2 0 -1  1
3 3 4 3 -1  2
4832807753886106769
1 3 2 3 -1  1
4832815725839270011
1 4 4 1 -1  1
4832825318625965622
1 7 2 7 -1  1
4832827578530239226
3 4 4 4 -1  1
4832871620029724412
3 0 4 2 -1  1
4832921554505562244
1 7 1 6 -1  1
4833372136501699031
4 6 2 4 -1  1
4833770516521521696
0 6 1 7 -1  1
4834323694919941111
0 3 3 3 -1  1
4834668156530704329
0 0 0 2 -1  1
4834682598545009912
0 2 5 7 -1  1
4 3 2 5 -1  1
4834704497421702247
0 4 0 2 -1  3
1 6 3 6 -1  1
4 6 5 5 -1  1
4834869053940265779
4 6 1 3 -1  1
4834932196398737311
0 4 0 6 -1  1
4834935260061941752
4 1 3 3 -1  1
4834944872701753630
5 4 6 5 -1  1
4835091030663672859
2 4 2 5 -1  1
4835093352433091946
0 2 3 5 -1  1
4835126436689011159
3 1 4 1 -1  1
4835327172055180139
1 1 2 2 -1  1
4835611516513005956
0 4 0 0 -1  1
4835647448261576113
4 4 2 5 -1  1
4835794939453123615
2 4 3 3 -1  1
4835798480330247191
2 6 4 6 -1  1
4835849465110072496
3 4 5 6 -1  1
4836130554739821633
4 6 6 5 -1  1
4836286757070692115
0 2 4 6 -1  1
4836491893924542651
1 2 1 4 -1  1
4836509626885762763
0 0 0 1 -1  1
4836602126682239265
0 2 3 5 -1  1
4836783325396877100
0 1 2 2 -1  3
0 6 2 5 -1  1
1 4 3 4 -1  4
4836898261203941774
2 5 3 3 -1  1
4837125624914099659
4 4 2 3 -1  1
4837134013842418157
3 6 4 5 -1  1
4837211039466941048
3 5 5 4 -1  1
4837327965988996431
4 5 5 3 -1  1
4837493901861345144
3 4 4 2 -1  1
4837762307654914675
1 0 2 0 -1  1
4837881701697397826
2 0 4 1 -1  1
4838031149315159497
1 4 1 3 -1  1
4838110742912047610
2 6 3 6 -1  1
4838215357750176777
5 2 5 1 -1  1
4838219321924790124
2 7 3 7 -1  1
4838345913405413249
5 6 6 5 -1  1
4838443364861023412
0 6 0 7 -1  1
4838645912405569872
0 3 1 4 -1  1
4838688430165539646
2 6 3 6 -1  1
4838838067102904853
0 3 6 3 -1  1
4838847830996580022
3 1 7 5 -1  1
4838955061658006354
1 6 2 6 -1  1
4838976527470092138
0 6 1 6 -1  1
4838988060327552365
1 1 2 1 -1  1
4839058853948898810
2 5 3 5 -1  1
4839194227837838939
4 4 5 5 -1  4
4839288111236395226
5 6 4 5 -1  1
4839498383672464663
0 0 0 3 -1  1
4839757010671366396
0 5 5 0 -1  1
4839757057626187997
2 5 1 6 -1  1
4840396274627465204
0 6 1 6 -1  1
4840460825130535094
1 4 2 3 -1  1
4840548935005368882
7 6 7 5 -1  1
4840654247647857131
2 2 1 3 -1  1
4840992302548157511
0 7 0 4 -1  1
4841059699320636790
1 4 5 0 -1  1
4841143310467328649
1 6 3 6 -1  1
4841160041243463767
1 3 3 3 -1  1
4841190639296768371
0 3 0 7 -1  1
4841290848499654718
4 7 1 4 -1  1
4841362006508843630
2 6 1 6 -1  1
4841586307884262468
0 2 1 1 -1  1
4841592845439351352
1 4 2 4 -1  1
4841841071504585652
1 7 3 7 -1  1
4841910105871994632
7 5 7 6 -1  1
4842270976980249203
2 2 2 4 -1  1
4842548290132033492
6 3 6 5 -1  1
4842750914471999726
2 6 2 5 -1  1
4842777929030657112
3 6 7 6 -1  1
4842878576956291914
1 4 3 6 -1  1
4842946191032125879
1 7 2 7 -1  1
4842987053656253877
0 4 0 6 -1  1
4843075041018345287
4 4 5 5 -1  1
4843076647739541211
0 5 0 3 -1  1
4843289367448534150
0 3 1 3 -1  1
4843480076761417849
3 2 1 2 -1  1
4843952286625761685
3 5 4 4 -1  1
4844152628328999470
7 6 7 5 -1  1
4844285460443270911
0 6 1 6 -1  1
4844518246162534866
1 1 3 3 -1  1
4844685818975016417
1 1 2 1 -1  1
4845109760947005537
1 5 0 4 -1  1
4845325542619243524
2 4 6 4 -1  1
4845474884346058937
1 2 2 3 -1  1
4845784723182812867
1 0 0 1 -1  1
4846264268411008915
6 3 6 7 -1  1
4846711565399586850
6 6 4 5 -1  1
4846825073812723608
1 3 2 1 -1  1
4847089105265532536
2 2 1 3 -1  1
4847098482142510013
3 4 4 3 -1  1
4847230992233826764
0 2 1 2 -1  1
4847417463772805346
0 2 0 3 -1  1
4847541737489549399
5 2 7 0 -1  1
4847811729041421270
0 6 1 4 -1  1
4848056397568202309
1 7 3 7 -1  1
4848069542348161125
1 3 3 5 -1  1
4848140228825313511
4 5 5 4 -1  1
4848208095201184873
5 4 5 1 -1  1
4848232204690724340
3 3 4 1 -1  1
4848251849202094620
4 5 2 5 -1  1
4848372109770910841
0 4 0 3 -1  1
4848551042884751548
1 6 2 7 -1  1
4848599591540188732
2 5 4 4 -1  1
4848657134573291685
2 2 2 7 -1  1
4848783442287620560
3 3 4 2 -1  1
4848919090564555776
7 7 4 4 -1  1
4848971977448355697
1 4 3 5 -1  1
4849333663599319258
6 3 4 4 -1  1
4849666192770720184
1 1 3 1 -1  1
4849742044923117312
1 4 1 5 -1  1
4849802126525068627
0 4 0 0 -1  1
4849916931912056324
3 7 4 7 -1  1
4849937438167312658
5 0 6 0 -1  1
4849951970951786694
5 0 6 0 -1  1
4849994824956191407
1 3 1 0 -1  1
4850261738557412453
0 4 0 6 -1  1
4850541590908182431
1 5 2 5 -1  1
4850836699276561566
1 5 0 4 -1  1
4850943523729689893
1 3 6 3 -1  1
4851028312421366198
0 0 0 3 -1  1
4851279510377653046
2 5 3 4 -1  1
4851297668178593710
0 7 0 5 -1  1
4851331206345885165
2 3 0 5 -1  1
4851848076484501210
5 2 5 1 -1  1
4851852014985858019
1 4 2 4 -1  1
4851955962848899614
1 4 3 2 -1  1
4852020050555746178
1 1 2 1 -1  1
4852086451539794377
5 4 2 1 -1  1
4852217402657214498
0 4 0 3 -1  1
4852245272102679917
1 0 0 1 -1  1
4852296216570497970
2 1 3 2 -1  1
4852644145661889484
0 0 0 5 -1  1
4852799317545323735
6 5 2 1 -1  1
4852824341619362639
0 2 4 6 -1  1
4853272597104149665
3 5 3 6 -1  1
4853360029567938132
0 4 0 6 -1  1
4853757166786069338
6 5 7 5 -1  1
4853764927653493065
5 1 4 2 -1  1
4853871637646400271
3 0 4 0 -1  1
4853883356132994970
1 1 3 1 -1  1
4853885254544007275
3 0 2 2 -1  1
4854040339142137755
3 2 4 3 -1  1
4854408580142278008
1 5 3 5 -1  1
4854456936024958935
4 6 3 4 -1  1
4854523769553759318
0 4 0 6 -1  1
4854608444543315836
0 7 0 5 -1  1
4854628346478625254
0 5 2 4 -1  1
4854764319332587261
1 6 2 6 -1  1
4855114381609456663
2 4 3 4 -1  1
4855144750361151344
1 1 2 1 -1  1
4855260542203471855
0 6 2 7 -1  1
4855509785485600383
1 1 3 1 -1  1
4855623923181109930
1 6 2 6 -1  1
4855744882422269228
2 6 4 6 -1  1
4855753668136353898
1 4 2 4 -1  1
4855781480001946345
2 2 3 2 -1  1
4855984907369776426
5 6 3 6 -1  1
4856257784341978467
0 1 2 2 -1  1
4856352229524211779
1 0 3 0 -1  1
4856897179952407267
2 4 0 2 -1  1
4857089674323106112
2 3 4 4 -1  1
4857124381238293307
0 4 5 4 -1  1
4857275715403934170
1 5 1 7 -1  1
4857340486503326727
3 0 4 0 -1  1
4857407615938903859
4 0 5 1 -1  1
4857551010816075249
3 3 4 2 -1  3
4857674433180414856
1 6 2 5 -1  1
4857794192766766282
3 4 4 3 -1  1
4857972362301784607
1 5 0 6 -1  1
4858065377917977469
1 6 3 4 -1  1
4858217728798636427
3 7 3 6 -1  1
4858352480681891567
3 4 4 5 -1  1
4858490249676488489
0 5 1 4 -1  1
4858810595744982238
6 4 5 2 -1  1
4858837303844617632
4 5 3 6 -1  1
4858973239999627776
3 3 4 4 -1  1
4859048108446079536
1 5 0 5 -1  1
4859125527791777981
1 0 2 1 -1  1
4859280858292845223
2 1 1 3 -1  1
4859304784953130643
2 2 3 2 -1  1
4859429726603030751
6 2 4 2 -1  1
4859708937170538898
4 6 3 5 -1  1
4859714299582823146
0 5 2 4 -1  1
4859808174896352404
2 6 3 6 -1  1
4859816635683184215
0 5 2 3 -1  1
4860448031994888738
0 4 0 6 -1  3
4860476683191341754
1 1 2 1 -1  2
1 3 3 5 -1  2
4860668869595807454
4 1 5 2 -1  1
4860692138317140914
3 2 1 0 -1  1
4860999922299157980
0 3 0 5 -1  1
4861130732988317991
1 4 0 4 -1  1
4861464807194994373
1 7 2 7 -1  1
4861486564837264452
0 0 0 2 -1  1
4861500487757490894
4 5 5 6 -1  1
4861537667496299142
2 1 1 0 -1  1
4861577406977217908
1 7 2 7 -1  1
4861682848910096487
1 4 2 4 -1  1
4861786205297086148
5 2 7 2 -1  1
4862091720420231043
1 2 2 4 -1  1
4862099454243182150
4 4 1 1 -1  1
4862226934792291448
5 1 3 2 -1  1
4862295341676726670
1 2 2 2 -1  1
4862406542776371310
3 0 4 1 -1  1
4862445538011980575
2 5 4 4 -1  1
4862460675178626291
4 6 3 7 -1  1
4862508397946789742
1 6 2 5 -1  1
4862817168249508224
0 3 0 0 -1  1
4862866913375523281
0 5 3 5 -1  1
2 4 3 5 -1  2
4862917165957366865
6 5 5 7 -1  1
4863030995038162454
3 4 3 7 -1  1
4863065711585977324
0 6 0 5 -1  1
4863130236999770741
2 7 5 4 -1  1
4863203608397500592
2 3 3 3 -1  1
4863246752085728741
3 5 2 6 -1  1
4863345536628592841
0 6 1 6 -1  1
4863419061401669911
2 3 1 4 -1  1
4863624424253878838
2 2 4 1 -1  1
4863638392716691258
4 3 4 2 -1  1
4863806659149371359
3 1 5 1 -1  1
4863843304329579260
0 1 1 1 -1  1
4864149508983087086
1 0 3 0 -1  1
4864325653678896369
5 2 5 3 -1  1
4864472031164903867
0 5 3 2 -1  1
4864504242485076946
0 5 0 4 -1  1
4864677066164560266
2 3 3 2 -1  1
4864684171190369217
0 3 1 3 -1  1
4864874378992104711
3 4 2 5 -1  1
4865154046046218887
4 2 5 3 -1  1
4865321666676926896
0 0 2 0 -1  1
4865443933630682457
3 7 4 7 -1  1
4865770571630687447
2 0 1 2 -1  1
4866321093629400792
4 2 1 5 -1  1
4866601711021303267
1 3 1 2 -1  1
4866877852617815016
6 1 7 1 4  1
4866940714244040655
1 0 2 0 -1  1
4867003000982719984
1 4 3 6 -1  1
4867070252757037579
2 2 3 4 -1  1
4867144198011179878
0 6 1 6 -1  1
4867230996166293017
3 7 4 7 -1  1
4867272277991936677
3 3 4 4 -1  1
4867636006064418041
3 0 2 1 -1  1
4867848846866572362
1 5 2 5 -1  1
4867994341626750951
0 4 2 4 -1  1
4868555787367228148
4 7 1 4 -1  1
4869038561624644387
2 5 2 1 -1  1
4869234959362373936
1 2 1 1 -1  1
4869286601749603603
0 4 0 2 -1  1
4869294525162376393
2 5 0 4 -1  1
4869400735891289255
4 6 5 5 -1  1
4869440628735470095
4 3 7 3 -1  1
4869495411366221142
0 1 1 3 -1  1
4869603915240360821
1 4 2 2 -1  1
4869717506526492336
0 2 2 4 -1  2
4870002526309071438
1 7 1 4 -1  1
4870029307240369742
5 1 5 2 -1  1
4870189536278670513
4 6 3 4 -1  1
4870323628593309429
3 3 5 5 -1  1
4870363828151447005
2 2 3 2 -1  1
4870395614084889199
0 4 2 5 -1  1
4870481198704043002
0 4 1 4 -1  1
4870508814139954969
0 4 0 3 -1  1
4870554115495591473
3 4 4 3 -1  1
4870582005776739565
2 2 3 2 -1  1
4870737286358613932
1 5 2 5 -1  1
4870786332616471883
3 3 4 4 -1  1
4870800611310658835
0 2 6 2 -1  1
4871044859405091552
6 4 6 3 -1  1
4871113872272131856
2 5 3 5 -1  1
4871410832075463559
2 4 1 3 -1  1
4871587206049558460
0 3 4 7 -1  1
4871705131406449676
2 5 6 5 -1  1
4871947713554352246
1 4 2 3 -1  1
4872122111083255392
3 2 4 3 -1  1
4872335273041769337
3 4 5 4 -1  1
4872462393238998772
2 7 1 5 -1  1
4872526858763881625
1 7 3 7 -1  1
4872548535869843506
1 4 0 3 -1  1
4872817306633947453
2 4 3 4 -1  1
4872862802612864746
1 3 2 4 -1  1
4873023545112460605
5 3 4 4 -1  1
4873085922853065743
2 3 1 3 -1  1
4873136722895499131
1 2 2 2 -1  1
4873163574297729932
3 0 6 3 -1  1
4873295991215522653
1 2 2 2 -1  1
4873498898833422375
5 4 6 4 -1  1
4873500614279740733
7 3 6 3 -1  1
4873817202373575962
1 6 2 6 -1  1
4874299853314324963
3 2 3 5 -1  1
4874396402340933682
4 0 1 3 -1  2
4874470819690265425
2 5 1 6 -1  1
4874486558283452584
0 4 2 3 -1  1
4874565222675216323
1 6 2 5 -1  1
4874729192667899875
6 3 6 1 -1  1
4874807261091290427
1 2 2 2 -1  1
4874884667253822360
0 6 0 5 -1  1
4875012761821796230
0 4 0 3 -1  1
4875028913856701638
4 2 2 3 -1  1
4875033092412962360
2 4 2 6 -1  1
4875048450622517974
0 2 1 1 -1  1
4875060090080837164
0 4 0 6 -1  1
4875196930809244126
2 2 4 3 -1  1
4875253219452093956
1 0 2 0 -1  2
4875259400363982292
0 4 7 4 -1  1
4875287690685122653
3 2 4 3 -1  1
4875361500450301816
2 1 0 0 -1  1
4875603341547604736
3 3 3 4 -1  1
4875637307669408837
2 2 4 2 -1  1
4875773376888375278
0 6 6 0 -1  1
4875898363380280565
1 6 2 7 -1  1
4875954395957839773
2 1 1 0 -1  1
4876064900066594176
3 4 4 3 -1  1
4876190247913440786
1 2 2 2 -1  1
4876410955678849720
0 7 6 7 -1  1
4876425100868330698
4 3 5 2 -1  1
4876504561009750960
3 3 5 3 -1  1
4876784308034381614
2 5 4 4 -1  1
4877095829091194010
1 0 3 0 -1  1
4877114844552788435
6 7 5 5 -1  1
4877220210052006611
0 1 2 2 -1  1
4877349228467604993
2 6 4 5 -1  1
4877421530554698595
1 4 1 5 -1  1
4877462114932995073
1 0 2 0 -1  1
4877557263880064887
4 0 5 1 -1  1
4877588986055539730
2 1 4 1 -1  1
4877651652336829917
0 3 1 4 -1  1
4877771071485182388
0 1 2 2 -1  1
4877788345468771774
2 2 3 1 -1  1
4877822823766703998
1 3 1 2 -1  1
4877925033394212322
0 2 3 2 -1  1
4877934774971489156
6 0 4 0 -1  1
4877969228327839915
3 4 4 3 -1  1
4878129891624276884
1 1 0 2 -1  1
4878139159823696354
0 3 2 3 -1  1
4878251298611331296
0 5 1 6 -1  1
4878311207934462207
0 3 1 3 -1  1
4878424985349518746
2 3 3 2 -1  1
4878489228524237775
2 6 1 5 -1  1
4878513984795640131
3 5 4 5 -1  1
4878564335477013750
3 2 2 3 -1  1
4878878812470720233
2 6 4 7 -1  1
4878944621792085834
2 3 3 2 -1  1
4879143433316159969
0 4 0 2 -1  1
4879279069867997790
4 4 5 4 -1  1
4879651457951122872
1 3 3 4 -1  1
4880078115693904179
0 5 1 4 -1  1
4880461857606333383
6 3 5 2 -1  1
4880664550144212683
0 6 1 6 -1  1
4880835265759257616
1 0 3 0 -1  1
1 3 3 5 -1  1
4880945730575309334
0 4 6 4 -1  1
4881757770662669634
0 2 4 6 -1  1
4882072389455855586
0 2 1 3 -1  1
4882109996186527562
2 7 4 5 -1  1
4882268166147363349
7 1 7 2 -1  1
4882364626091661062
3 7 0 4 -1  1
4882508668329849306
4 5 5 5 -1  1
4882609198817690492
2 6 4 6 -1  1
4882732042917863179
3 5 2 6 -1  1
4883020940351731202
3 0 4 2 -1  1
4883180889663361591
3 2 3 4 -1  1
4883262035945097140
0 5 0 4 -1  1
4883504322841129081
5 5 3 5 -1  1
4883750985783424318
3 5 4 5 -1  1
4883766317527195442
0 3 1 3 -1  1
4883866868131206482
7 5 6 5 -1  1
4884097911159977718
0 2 1 2 -1  1
4884149877889023284
0 2 0 3 -1  1
4884269195310020717
3 2 6 5 -1  1
4884512285284271498
1 3 3 1 -1  1
4884639941977781988
1 1 2 2 -1  1
4885286197111635688
3 2 4 3 -1  2
4885334058206124469
2 3 4 3 -1  1
4885345257000270449
3 0 4 1 -1  1
4885451489517496147
1 4 4 7 -1  1
4885465088509123222
2 2 1 4 -1  1
4885602712555539099
0 5 0 3 -1  1
4885631978542214253
0 6 0 7 -1  1
4885681835048802475
0 6 0 5 -1  1
4885875019598524277
0 0 0 2 -1  1
4886041582141275925
3 5 4 7 -1  1
4886311301273043041
0 2 3 2 -1  1
4886529076920831465
0 4 0 5 -1  1
4886548188124843036
4 2 3 2 -1  1
4886587021941348704
0 3 1 2 -1  1
4886677440905406609
0 6 4 6 -1  1
4886784994269912852
0 5 0 4 -1  1
4886836003088197629
3 6 7 2 -1  1
4886954812414693655
2 5 1 3 -1  1
4886988446626875716
0 4 0 5 -1  1
4887063164071845765
0 1 5 1 -1  1
4887449991042352355
4 2 5 3 -1  1
4887493489707456637
1 7 2 7 -1  1
4887529006791624855
3 4 2 2 -1  1
4887713319423109691
3 4 4 4 -1  1
4887830740493355568
6 2 7 2 -1  1
4887842323489193549
1 4 5 0 -1  1
4887845081988743428
2 7 3 6 -1  1
4887849713688164716
0 5 2 3 -1  1
4887930636467728406
4 6 5 5 -1  1
4887987556504792113
3 4 4 6 -1  1
4888111925723133363
5 4 6 4 -1  1
4888292096262363699
2 5 1 7 -1  1
4888345240251626590
0 3 3 0 -1  1
4888602019751634691
3 5 4 4 -1  1
4888710212202248725
0 1 2 2 -1  1
4888951642456420622
2 0 3 0 -1  1
4889043789289073732
1 4 1 0 -1  1
4889164710694809661
1 6 2 6 -1  1
4889217894480114078
1 0 2 0 -1  1
4889501989919972950
1 3 5 7 -1  1
4889590387530962801
2 4 3 2 -1  1
4889960094446865908
2 2 4 3 -1  1
4890095130478535153
1 3 3 3 -1  2
4890235321590155930
0 5 2 3 -1  1
4890412493423671834
2 4 3 3 -1  1
4890892019556430970
4 6 5 5 -1  1
4890929759783829881
4 4 6 5 -1  1
4890970024425313580
2 1 2 5 -1  1
4891007012668518722
4 6 6 5 -1  1
4891149846467697722
0 5 1 4 -1  1
4891232743160433400
2 5 3 3 -1  1
4891309450756718998
0 1 0 0 -1  1
2 1 1 2 -1  1
4891624085402616831
5 6 3 6 -1  1
4891685788684815301
0 4 1 5 -1  1
4892073122393859588
1 1 3 1 -1  1
4892208220587236808
3 2 2 3 -1  1
4892210151628239750
3 1 4 0 -1  1
4892425377919159725
1 7 2 6 -1  1
4892716869910496051
4 6 3 4 -1  1
4892959782047113570
1 4 2 3 -1  1
4893068031362110980
0 5 3 2 -1  1
4893158711550872010
3 4 2 6 -1  1
4893263403104222934
2 5 1 4 -1  1
4893284747018587401
5 3 4 2 -1  1
4893321136501509391
2 5 3 4 -1  1
4893691390013611847
5 3 2 6 -1  1
4893792308019418852
3 7 4 7 -1  1
4894071854968285883
0 3 0 2 -1  1
4894077191009381018
0 2 2 0 -1  1
4894087390607952374
0 2 1 3 -1  1
4894093229749518977
0 5 7 5 -1  1
4894235934264671037
5 6 7 4 -1  1
4894289245380433820
5 1 1 1 -1  1
4894301420569627926
1 4 0 3 -1  1
4894495585930934474
2 5 3 5 -1  1
4894516779916818808
1 2 2 1 -1  1
4894571121521707913
1 5 2 5 -1  1
4894645596158218886
3 3 4 4 -1  1
4894669115517128912
1 7 0 7 -1  2
4894703657296623715
3 3 4 3 -1  1
4895303561298746977
3 3 4 3 -1  1
4895529372912812932
3 3 4 3 -1  1
4895606835957086017
3 7 6 4 -1  1
4895632378550906826
1 5 3 5 -1  1
4895704901217750545
3 2 2 4 -1  1
4895797520280902051
2 4 4 4 -1  1
4895862507997682241
0 3 0 5 -1  1
4896275715233903767
0 6 1 6 -1  1
4896303605195813790
0 2 2 4 -1  1
4896445564330173912
0 0 0 2 -1  1
4896703134089651592
0 5 0 4 -1  1
4897037017018759264
4 1 6 2 -1  1
4897177675953404378
4 4 4 3 -1  1
4897337139508701345
0 7 2 7 -1  1
4897497400049543662
2 7 5 7 -1  1
4897569042663350079
6 0 6 5 -1  1
4897619760011482604
1 0 2 0 -1  1
4898098605658025285
2 7 3 7 -1  1
4898107006840077702
0 2 3 2 -1  1
4898146102211458518
1 5 2 5 -1  1
4898424329049164739
0 7 0 2 -1  1
4898427790685376281
7 3 7 6 -1  1
4898647456219012906
2 4 3 3 -1  1
4898696656895533287
3 0 4 0 -1  1
4898718780993075536
6 3 1 3 -1  1
4899239385016953064
3 0 2 0 -1  1
4899247675826355224
1 5 2 4 -1  1
4899279294714830236
3 4 2 2 -1  1
4899342374272461481
2 1 2 2 -1  1
4899361134631401918
3 3 4 2 -1  1
4899843885366640518
0 0 0 1 -1  1
4899858171142331243
3 0 4 1 -1  1
4899918307034685249
4 0 2 0 -1  1
4900562027378374419
4 3 2 1 -1  1
4900584191457979397
4 4 2 3 -1  1
4900613044332318859
0 2 1 3 -1  1
4900667173001368041
0 4 0 6 -1  1
4900725878605798959
5 4 3 4 -1  1
4900726044265800798
0 6 6 6 -1  1
4900797021407431117
1 3 4 0 -1  1
4900876551592734515
4 4 7 1 -1  1
4901051490113775574
2 6 3 6 -1  1
4901247374269595785
0 3 0 4 -1  1
4901795751277057498
1 0 3 0 -1  1
4902065921821518197
1 3 0 4 -1  1
4902319150641161168
3 7 4 6 -1  1
4902340517834434316
1 7 2 7 -1  1
4902450395242612156
0 0 0 1 -1  1
4902739748274807697
3 2 4 0 -1  1
4902880725356525368
6 6 7 6 4  1
4902913307642842554
2 5 3 6 -1  1
