11436997010442723024
3 3 6 6 -1  2
11437203478119410561
1 2 2 2 -1  1
11437213085072433789
4 2 0 6 -1  1
11437223223613548979
0 3 5 3 -1  1
11437243861200390024
1 6 2 5 -1  1
11437297990515347601
0 1 6 1 -1  1
11437455831147830893
2 1 3 1 -1  1
11437552718080567531
2 1 4 0 -1  1
11437598795400545392
0 3 6 3 -1  1
11437741173682868033
0 5 1 4 -1  1
11437743176499793605
0 2 2 4 -1  3
11437747761458792326
4 6 5 6 -1  1
11438059712234227546
1 6 2 7 -1  1
11438115233836523021
2 5 1 4 -1  1
11438220522217956880
1 3 2 4 -1  1
11438436291228088714
2 2 4 3 -1  1
11438479743844445585
6 7 4 7 -1  1
11438520022703485902
1 1 2 1 -1  1
11438882377457709572
0 0 0 3 -1  1
11438884800457993062
1 3 2 1 -1  1
11439166698047925904
2 2 1 4 -1  1
11439416099313247414
3 4 3 6 -1  1
11439446360073655571
2 2 3 2 -1  1
11439472812631981141
2 2 4 0 -1  1
11439778742403027968
7 5 6 7 -1  1
11439851208876135663
0 4 2 3 -1  1
11440217137911347485
0 2 2 4 -1  1
11440319264049728778
0 4 1 4 -1  1
11440328887023654901
0 2 0 1 -1  1
11440359873510007024
2 3 2 4 -1  1
11440390325746484423
2 6 2 7 -1  1
11440419454388605938
2 5 3 3 -1  1
11440648228363218083
4 1 3 2 -1  1
11440844215772504369
3 0 3 3 -1  1
11440962626542081845
2 0 3 1 -1  1
11441107378651365593
1 2 0 1 -1  1
11441152662143580757
1 7 3 7 -1  1
11441167221069013197
3 3 1 3 -1  1
11441249198633558328
1 1 2 3 -1  1
11441332539233274249
1 2 1 3 -1  1
11441378059638927509
2 5 2 7 -1  1
11441487777849296686
4 5 3 4 -1  1
11441666695499184275
1 4 0 5 -1  1
11441791479463163538
0 6 0 0 -1  2
11441900855752195208
1 3 2 5 -1  1
11441946987336068777
5 6 1 2 -1  1
11442107882000159642
0 3 2 3 -1  1
11442240429297169789
2 5 2 3 -1  1
11442352779677786297
7 5 4 5 -1  1
11442464125425123035
1 3 5 7 -1  2
11442755736188722356
0 2 2 4 -1  1
11443000399165710071
3 1 4 1 -1  1
11443185354692086904
1 5 3 5 -1  1
11443483667059476202
0 0 0 2 -1  1
11443560568971694243
1 4 2 4 -1  1
11443581488536332646
2 5 4 3 -1  1
11443674556945440748
0 5 1 4 -1  1
11443839907226702782
0 0 0 2 -1  3
11443845699140839268
3 0 4 0 -1  1
11444347528232621526
3 5 4 6 -1  1
11444358725659708510
3 5 4 5 -1  1
11444426988454685972
5 0 5 3 -1  1
11444466156561893787
3 0 4 0 -1  1
11444593251482510495
1 4 2 3 -1  1
11444958988656908384
2 5 3 5 -1  1
11445124060035182516
1 6 5 2 -1  1
11445150663370033068
2 4 5 1 -1  1
11445500199494961631
3 2 3 6 -1  1
11445734150616122654
2 3 3 1 -1  1
11445875314962147455
2 4 3 4 -1  3
11445970114769597349
0 3 1 4 -1  2
11446125018512173270
3 3 4 3 -1  1
11446189894460299006
1 4 2 3 -1  1
11446802424187204499
3 3 2 4 -1  2
11446808774689513276
3 5 4 5 -1  1
11446819403499569360
2 6 4 4 -1  1
11446961570457280801
0 2 2 4 -1  1
11446980529904611326
0 3 0 5 -1  1
11447017141225188576
2 3 3 4 -1  2
11447105827907723463
2 1 3 1 -1  1
11447380613710494089
3 4 4 2 -1  1
11447681256373169978
2 1 0 3 -1  2
11447685784025020902
1 1 2 2 -1  2
11447803003674477448
4 3 5 2 -1  1
11448033471646549904
0 0 0 4 -1  1
11448269241460928798
0 3 0 0 -1  1
11448371992636903217
3 2 3 3 -1  1
11448382917899599591
1 3 1 1 -1  1
11448517918115204878
2 2 3 1 -1  1
11448614611748761083
2 6 3 6 -1  1
11449332665323937699
2 5 3 3 -1  1
11449388272526805625
0 4 2 3 -1  2
11449599216632534920
1 2 3 3 -1  1
11449704148568944109
6 5 4 4 -1  1
11449917320571469803
1 2 1 3 -1  1
11450007492430822116
4 5 5 6 -1  4
11450149700607057523
4 0 5 1 -1  1
11450387650072428720
5 7 3 6 -1  1
11450630110258747677
2 2 0 3 -1  1
11450710578489832641
0 6 1 5 -1  1
11450940672861135728
0 0 0 3 -1  1
11450954614224589039
1 5 2 4 -1  1
11451177272380582037
3 2 4 4 -1  4
11451347909518148876
5 5 6 6 -1  1
11451507975635372939
2 5 4 4 -1  1
11451705409061105683
1 2 0 1 -1  1
11451775897542098653
2 3 1 2 -1  1
11451943657335109744
0 4 0 5 -1  1
11451945144938902385
2 6 3 5 -1  1
11452013165472920936
0 0 0 3 -1  1
11452179566387741006
1 0 2 1 -1  1
11452316959676715233
1 4 2 4 -1  2
11452320343190314809
5 2 6 4 -1  1
11452533381145934662
3 4 4 4 -1  1
11452558994485613531
1 2 2 2 -1  1
11452583226830291132
2 2 2 1 -1  1
11452702324360802184
2 2 3 3 -1  1
11452759149277316256
7 3 2 3 -1  1
11453091937777900471
1 4 2 5 -1  1
11453188335525591024
4 6 3 4 -1  1
11453354765446311425
4 2 5 1 -1  2
11453356622159024693
2 7 3 7 -1  1
11453586840410221758
1 0 3 0 -1  1
11453600455894732218
0 0 0 3 -1  1
11453675359184477781
1 3 2 4 -1  1
11453772251784013372
2 3 3 1 -1  1
11453789205993208884
0 1 1 3 -1  1
11453817349825248630
0 5 0 4 -1  1
11453969435658707406
1 0 3 0 -1  1
11454276824270407735
4 0 2 1 -1  1
11454459028814881255
0 3 2 5 -1  5
11454494365932850158
1 2 4 5 -1  2
11454651251047782006
1 1 3 1 -1  1
11454712408038108524
2 4 3 3 -1  1
11454727751172550150
2 5 4 4 -1  1
11454833630053720519
0 6 2 5 -1  1
11454985319060689252
4 2 5 1 -1  1
4 2 5 3 -1  1
11455000755785889972
5 5 7 6 -1  1
11455697335415904294
2 7 3 7 -1  1
11455778456280813308
1 3 0 3 -1  1
11455940656839358372
0 1 2 2 -1  1
11456049949712405323
4 6 6 4 -1  2
11456094177237022515
4 3 5 2 -1  1
11456145351010259327
3 2 4 2 -1  1
11456299350297543178
3 4 2 4 -1  1
11456333389812082435
1 7 0 6 -1  1
11456342350203422552
7 3 4 3 -1  1
11456621572230728039
1 3 1 4 -1  3
11456785887688219560
3 2 4 0 -1  1
11456829901277249347
0 3 1 3 -1  1
11457022870111811591
4 7 3 6 -1  1
11457111556243943290
6 6 3 6 -1  1
11457118534259796679
1 2 3 2 -1  1
11457252113094212689
1 6 3 6 -1  1
11457459687936374862
2 5 2 6 -1  1
11457698347275402333
3 3 4 3 -1  1
11458012440948297468
2 5 4 4 -1  1
11458037368466639366
2 5 3 3 -1  1
11458052084344501714
0 5 0 3 -1  1
11458246259380156318
4 0 2 2 -1  1
11458692018958939475
1 6 0 5 -1  1
11458953614158520605
0 3 1 3 -1  13
11458963277649635598
0 5 3 2 -1  2
11459008824061764184
7 6 7 7 -1  1
11459156460472299801
3 5 4 5 -1  1
11459190611462130342
3 3 3 5 -1  3
11459224423343772634
1 2 2 1 -1  1
11459269682626907027
5 3 4 4 -1  1
11459293182419325664
1 2 1 1 -1  1
11459460980052262137
4 2 3 3 -1  1
11459510973569433704
5 2 3 2 -1  1
11459632641748648095
0 3 6 3 -1  1
11459678673008374765
3 4 4 4 -1  1
11459692958396904480
3 7 4 7 -1  1
11460046658018900078
5 0 5 2 -1  2
11460413906389186483
3 5 2 3 -1  1
11460603608955753259
3 4 4 4 -1  1
11460706613787222733
3 4 1 4 -1  1
11460721857998684672
0 1 5 1 -1  1
11460728627649752135
2 5 1 6 -1  1
11460761332667484645
2 4 1 3 -1  1
11461067866145279920
0 5 1 6 -1  1
11461260935464389716
0 3 0 2 -1  2
11461280779750612161
0 1 1 3 -1  1
11461346724932978002
0 2 2 4 -1  1
11461356126391818011
2 4 3 3 -1  1
11461773956136353003
6 2 6 4 -1  1
11461965845483411489
0 3 6 3 -1  1
11462187784936524133
0 3 3 0 -1  1
11462415148051511722
4 1 5 2 -1  1
11462529110616473373
5 2 6 1 -1  1
11462678546202972538
0 5 1 4 -1  2
11462711882357488340
2 3 3 5 -1  1
11462738617093580015
0 3 4 7 -1  1
11462861090817013004
0 6 1 5 -1  1
11462974047259727680
3 4 4 3 -1  1
11463033250235370902
1 0 3 0 -1  1
11463267060431015279
3 4 4 3 -1  1
11463280088745785617
0 3 5 3 -1  1
11463361773295692092
0 1 4 1 -1  1
11463448103088384414
0 3 0 0 -1  1
11463513636016238630
3 5 2 6 -1  1
11463548453607853164
0 3 0 4 -1  1
11463577808453304110
4 6 5 6 -1  1
11463603083739943944
0 0 0 2 -1  1
11463634514512960511
0 5 4 1 -1  2
11463704489917112394
1 5 1 4 -1  1
11464009849902460847
0 3 0 1 -1  1
11464088495264438508
1 2 0 1 -1  1
11464107679906870177
5 2 3 1 -1  2
11464113999076270819
4 6 7 3 -1  1
11464170350052788897
1 3 3 3 -1  1
11464183497439682069
1 5 2 5 -1  1
11464517286992677340
0 1 1 3 -1  1
1 2 2 2 -1  6
11464559305696234524
2 3 2 2 -1  1
11464796095735455267
1 0 2 1 -1  1
11464819946575466932
2 0 5 0 -1  1
11464858879396799521
1 1 2 1 -1  1
11464883721845575294
4 0 5 0 -1  1
11464977643565787019
0 6 2 5 -1  1
11465390709064322560
5 5 5 6 -1  1
11465403506153752042
3 2 4 3 -1  1
11465583417084155194
5 3 3 3 -1  1
11465635364951189589
0 5 0 7 -1  1
11465714878405923548
4 5 2 4 -1  1
11465801886101335501
0 4 0 6 -1  2
11465855291287386515
4 3 5 3 -1  1
11465924080293964434
0 5 0 4 -1  1
11466088666880985296
1 4 2 4 -1  1
11466129794155172914
5 6 6 4 -1  1
11466235227842223130
4 6 3 7 -1  4
11466340970614581891
0 6 1 6 -1  1
11466459778741903129
0 4 0 6 -1  1
11466497427329337076
1 7 2 6 -1  1
11466643908506399466
3 4 2 4 -1  1
11466845377412407833
1 0 2 0 -1  2
11466845948968023767
1 3 2 2 -1  1
11466980187104837613
1 6 3 6 -1  2
11467048711088299379
1 5 3 5 -1  1
11467136558903342818
4 2 3 3 -1  1
11467222663777198555
0 5 0 0 -1  1
11467234682959725838
1 3 3 2 -1  3
11467640142096878665
1 6 3 6 -1  1
11467691833877100661
2 4 1 3 -1  1
11467830897252452880
1 6 1 5 -1  1
11467925934339484862
2 4 3 4 -1  1
11468054182149009352
1 5 4 2 -1  1
11468099069227402187
4 3 2 4 -1  1
11468141531122036424
3 2 1 4 -1  1
3 2 2 3 -1  29
11468209341084196196
4 4 5 5 -1  1
11468351917324678585
0 2 1 3 -1  3
11468391203631745224
3 1 4 0 -1  1
11468653844691584412
4 5 3 3 -1  1
11468688730203660045
0 1 0 2 -1  2
11468798396375305975
3 5 4 5 -1  4
11468874678286509417
1 7 1 0 -1  1
11468983061422183542
1 5 2 5 -1  1
3 4 4 4 -1  1
11469075910171986218
0 1 0 4 -1  1
11469102180298307758
4 5 5 7 -1  1
11469311683576251618
0 1 1 3 -1  1
11469329651487345404
4 5 5 5 -1  1
11469466145755113303
2 5 3 3 -1  1
11469530062533724346
0 5 0 4 -1  1
11469595014656057445
1 2 3 1 -1  1
11469784502048009825
4 5 5 4 -1  1
11469832350780290799
4 3 5 2 -1  1
11469872339909446104
7 7 2 7 -1  1
11469975066258965038
0 2 0 1 -1  1
11469994935445079572
0 1 1 3 -1  3
11470022786259376439
1 4 1 3 -1  1
11470232183522061320
1 7 1 2 -1  1
11470295986291715451
4 4 3 2 -1  1
11470522137763491199
2 2 3 4 -1  1
11470809075626675066
0 3 0 2 -1  1
11470899467159734610
0 3 1 3 -1  1
11471108586122291747
2 4 2 2 -1  1
11471376500464504379
0 3 1 4 -1  1
11471385789630852241
1 5 2 4 -1  1
11471458971216764001
6 4 5 2 -1  1
11471549786063981242
3 3 4 1 -1  1
11471605949499312418
2 1 3 1 -1  1
11471933148143935836
2 5 1 4 -1  1
11472125513540150816
2 2 1 3 -1  1
11472658507300724786
1 5 2 6 -1  1
11472927401958487999
1 1 2 1 -1  1
11472961243630614169
0 5 1 6 -1  1
11472966092480209797
0 0 0 2 -1  1
11472968132484824209
1 1 2 1 -1  1
11473012080433531539
3 5 5 4 -1  1
11473516434786352190
3 6 3 5 -1  1
11473692559106178032
3 3 4 3 -1  2
11473961370074594825
3 2 2 2 -1  1
11474208961625556701
0 6 0 5 -1  1
11474344239107074003
3 4 4 3 -1  1
11474733121943845490
0 6 3 6 -1  1
11474828628142586587
5 3 5 4 -1  1
11474837413087661692
0 3 1 4 -1  2
11475028027885370525
4 6 5 5 -1  1
11475071299338574651
3 7 0 4 -1  1
11475142846621391505
1 6 2 6 -1  1
11475334146339717123
2 0 3 1 -1  1
11475567564753791285
0 5 1 4 -1  1
11475608401229692711
2 5 3 3 -1  2
11475613324302750295
0 4 7 4 -1  1
11475984450232532918
1 7 2 6 -1  1
11476178738520635827
3 4 4 4 -1  1
11476237633561264959
0 1 2 2 -1  1
0 5 0 4 -1  1
1 3 2 3 -1  14
11476341958735015169
1 0 3 0 -1  1
11476418805030689781
0 4 5 4 -1  2
11476531511083526263
2 2 3 4 -1  1
11476605134987445651
0 1 0 3 -1  1
11476647534138691020
5 3 5 4 -1  1
11476679692215939745
2 5 0 3 -1  1
11476932552460464214
1 1 1 0 -1  1
11476956600278708428
0 5 1 4 -1  1
11476965028157062078
1 2 3 2 -1  1
11477071184008174931
0 4 4 4 -1  1
11477132342550896972
3 5 2 5 -1  1
11477275410835139153
3 6 4 5 -1  1
11477367608988407590
2 1 3 3 -1  1
11477631753581775790
2 4 3 4 -1  1
11477641725130518034
0 5 1 4 -1  1
11477743006014838847
2 3 3 2 -1  1
11477776507844395323
1 2 0 2 -1  1
11477884463363757714
1 4 0 4 -1  1
11477906240080179426
2 2 3 0 -1  1
11477957649118130496
4 3 5 4 -1  1
11478081239539460870
1 1 1 2 -1  1
11478242111853153244
0 2 3 5 -1  1
11478319852874637567
3 2 3 4 -1  1
11478355727894810155
0 5 0 3 -1  1
11478378125086811286
1 4 6 4 -1  1
11478413328799607488
0 1 2 2 -1  1
11478429609644546519
3 5 4 5 -1  1
11478564386846818370
0 3 2 3 -1  1
11479189468858407270
7 3 6 1 -1  1
11479385179031097721
0 3 1 3 -1  1
11479502962583883889
2 2 5 5 -1  1
11479587591663024039
2 4 4 2 -1  1
11479694060411887727
4 4 1 7 -1  1
11479744360863358125
1 5 1 6 -1  1
11479803067258323435
1 7 2 7 -1  1
11479864826075216883
0 3 1 2 -1  1
11479958599940823828
0 0 0 4 -1  1
11480116063834498426
0 4 0 5 -1  1
11480335034776353652
1 7 2 6 -1  1
11480507978541601413
3 5 4 5 -1  1
11480634088467469481
2 4 3 3 -1  1
11480675278527305281
0 5 0 3 -1  1
11480719832984924683
2 2 4 1 -1  1
11481033636188913854
0 2 7 2 -1  1
11481297863235533780
5 7 6 5 -1  2
11481329496169862657
3 6 0 3 -1  1
11481520180144694199
2 5 4 6 -1  1
11481569504522588931
4 2 5 3 -1  1
11481792098152728798
5 5 5 4 -1  1
11481908964164134923
1 6 2 6 -1  1
11481933419324551928
2 7 3 7 -1  1
11482080149942169716
1 3 1 4 -1  1
11482178584638247605
2 1 5 4 -1  1
11482183223590567239
1 1 3 0 -1  1
11482281083288525337
2 6 1 7 -1  1
11482401759955779423
6 2 4 4 -1  1
11482406549002493417
0 3 1 1 -1  1
11482409479488298605
1 3 1 0 -1  1
11482413560436351042
6 6 6 2 -1  1
11482519412422282960
3 6 7 2 -1  1
11482529309384498628
3 1 4 1 -1  1
11482545355464033966
1 1 3 1 -1  1
11482716428206057496
0 6 1 6 -1  1
11482717214259561519
5 1 6 1 -1  1
11482834142131246673
1 5 2 4 -1  1
11483029833944872183
1 7 2 7 -1  1
11483453477198285470
2 4 5 1 -1  1
11483546403976682377
2 2 4 3 -1  1
11483948179543078936
4 0 5 2 -1  1
11484098479134032719
2 3 3 2 -1  2
11484108267492414732
1 4 2 3 -1  1
11484226970522212772
2 5 3 4 -1  1
11484230841994500065
6 4 6 5 -1  1
11484304254654587223
6 4 5 5 -1  1
11484342088428321247
1 4 2 3 -1  1
11484454152983145741
4 5 5 4 -1  2
11484540962692824674
2 4 6 4 -1  1
11484553688714111817
1 1 2 1 -1  1
11484684559440964744
1 1 3 1 -1  1
11484994483478675543
6 6 6 5 -1  1
11485133676636122291
0 3 1 3 -1  2
11485194924962791928
2 3 1 4 -1  1
11485494008533128418
4 3 5 3 -1  1
11485796935643386394
3 3 2 5 -1  2
11485830139671038770
4 0 3 2 -1  1
11486113671135530948
2 3 2 0 -1  1
11486249414354157100
5 4 4 5 -1  1
11486263220117965324
1 6 6 1 -1  1
11486454757349531581
4 6 4 2 -1  1
11486870641752404793
3 5 1 7 -1  1
11486877377593381355
0 4 2 4 -1  1
11486910658737757652
3 5 5 6 -1  1
11487063754430140140
1 5 3 5 -1  1
11487295385854953037
1 2 3 2 -1  1
11487415676151207825
1 1 2 1 -1  1
11487672237063877116
3 5 4 5 -1  1
11487746314334944118
0 2 1 2 -1  1
11487788008532171422
1 1 3 1 -1  1
11487859149280063308
3 4 3 5 -1  1
11488255615302720834
1 1 2 2 -1  42
11488292444532131042
0 5 2 4 -1  1
11488336112460467867
5 3 6 3 -1  1
11488411472455335183
1 4 2 3 -1  1
11488463448028340536
2 5 4 3 -1  1
11488638677036332539
0 0 0 2 -1  1
11488860336393004993
1 6 1 2 -1  1
11488885396472391474
4 6 5 6 -1  1
11488907010181513675
0 3 2 5 -1  1
11489019139186063621
5 0 5 3 -1  1
11489284556050100135
3 5 1 7 -1  1
11489648036467440072
1 0 2 0 -1  1
11489716233694751960
3 3 4 2 -1  1
11489900529604166044
1 1 2 1 -1  1
11489907271394328862
1 6 2 5 -1  1
11489920057790523666
0 3 5 3 -1  1
11490028376373142343
0 2 2 3 -1  1
11490192623110787689
5 5 5 6 -1  1
11490345086739694194
1 3 7 3 -1  1
11490359122252849844
6 0 6 7 -1  1
11490487425329374310
2 7 3 7 -1  1
11490562184187314307
2 4 4 6 -1  1
11490597882857967744
2 3 3 3 -1  2
11490964427085249593
0 3 3 0 -1  1
11491120075486135613
2 1 3 2 -1  1
11491190934529073033
2 7 2 5 -1  1
11491234441148616065
1 2 0 1 -1  1
11491379811681907929
3 4 4 3 -1  1
11491587913146275526
6 4 6 2 -1  1
11492059299506564801
2 5 1 7 -1  1
11492427352853432221
2 5 4 6 -1  1
11492428538721534926
0 5 1 6 -1  1
11492553165385377177
4 2 5 4 -1  1
11492812616664285239
3 5 4 5 -1  1
11493086611079877578
2 2 4 4 -1  1
11493100131146322685
0 5 3 2 -1  1
11493179810468528892
4 6 3 7 -1  1
11493205247101002203
1 5 3 3 -1  1
11493212648779231317
0 5 0 3 -1  1
11493270415520374010
5 3 3 5 -1  1
11493286782954598343
0 3 0 1 -1  1
11493392236952084866
3 3 5 2 -1  1
11493401699484329080
1 2 2 2 -1  1
11493603813900572787
4 7 4 5 -1  1
11493785086205099129
1 7 2 7 -1  1
11494039755539300047
4 1 4 0 -1  1
11494204469160089716
5 7 6 6 -1  1
11494233414240832754
0 3 1 4 -1  1
11494927490455542776
1 5 3 5 -1  1
11495128402317346244
0 4 0 3 -1  1
11495226066285074660
0 5 1 4 -1  1
11495227291648180740
4 6 5 5 -1  1
11495267628275226437
2 7 2 6 -1  1
11495390355278100661
2 6 3 5 -1  1
11495440872207045973
0 3 1 2 -1  1
11496267789249967424
3 4 4 4 -1  1
11496633464017418528
2 6 3 6 -1  1
11496762250520057523
3 1 5 0 -1  1
11496916521111393729
1 5 3 5 -1  1
11497105607815089934
2 3 4 1 -1  1
11497236157865348863
5 5 6 6 -1  1
11497260165478761972
1 0 3 0 -1  1
11497298950376317405
1 5 2 5 -1  1
11497331040258969114
0 6 1 7 -1  1
11497853638823994733
0 0 0 1 -1  1
11497862179941153654
2 6 3 5 -1  1
11498088156684725998
0 0 0 1 -1  1
11498151304718920828
0 6 1 7 -1  1
11498384833871231830
0 2 1 3 -1  1
11498397660346965795
2 5 1 3 -1  1
11498413237541713723
5 7 6 7 -1  1
11498524603411421363
1 5 2 5 -1  1
11498582049142939148
0 3 2 3 -1  2
11498650363981295597
1 7 2 7 -1  1
11498691650746007404
6 4 6 2 -1  1
11498714910449403022
1 5 3 5 -1  1
11498716273525805987
5 5 6 5 -1  1
11499038493432461887
0 2 3 5 -1  1
11499092718248894523
2 3 5 6 -1  1
11499186596984508550
2 3 4 5 -1  1
11499253323357812561
1 3 2 3 -1  1
11499273178001067836
0 3 5 3 -1  1
11499467767206325648
7 1 4 4 -1  1
11499562148614062049
1 4 2 5 -1  1
11499761272815039647
0 0 0 3 -1  1
11499790840733049336
3 4 4 2 -1  1
11500267356781566730
1 3 2 1 -1  1
11500277841784986891
0 1 2 2 -1  1
1 1 2 1 -1  2
1 3 2 3 -1  1
11500287799529287124
1 7 2 7 -1  2
11500371619137601750
1 3 2 1 -1  1
11500475745253790854
3 5 4 6 -1  1
11500495767601540772
2 3 3 2 -1  1
11500614196959049118
1 6 0 5 -1  1
11500752747767099667
2 5 3 5 -1  1
11500780625804734420
3 3 7 3 -1  1
11500994962155906687
1 1 2 1 -1  2
11501065588179641980
3 2 4 1 -1  1
11501122942473041323
2 2 3 4 -1  1
11501168793916389181
0 4 0 5 -1  1
11501415612417591031
2 1 0 3 -1  1
11501742722172544779
5 6 4 5 -1  1
11501851159446695730
3 3 3 7 -1  1
11501868462550017437
4 6 2 4 -1  2
11502077549910298479
0 2 3 5 -1  1
11502185286445737712
0 5 2 3 -1  12
11502190488874549091
3 3 3 5 -1  1
11502197839594258074
3 4 2 2 -1  1
11502226065528340195
1 2 3 3 -1  1
11502253053915716789
3 4 1 2 -1  1
11502319490175407929
0 5 1 5 -1  1
11502681572346606778
1 3 0 5 -1  2
11502792031118993328
1 5 2 5 -1  1
11503144880665156832
0 3 2 2 -1  1
11503217137302273177
4 4 6 3 -1  1
11503247455771618801
1 4 2 3 -1  2
11503308577446890635
0 0 0 1 -1  1
11503336665436555637
2 5 1 7 -1  1
11503481993979034440
4 3 3 2 -1  3
11503550278920950394
3 6 4 6 -1  1
11503583575927547366
6 1 5 1 -1  1
11503698669304993841
2 6 2 7 -1  1
11503927389015494051
5 7 5 4 -1  1
11503948943927181902
4 2 5 2 -1  3
11503972043665975461
5 4 6 4 -1  1
11504176385549757103
1 7 2 7 -1  2
11504301455993140614
4 6 3 7 -1  2
11504308133975587349
1 7 2 6 -1  1
11504381670492070947
3 1 5 3 -1  1
11504595122824521801
0 4 0 2 -1  1
11504902428086252572
1 1 3 1 -1  1
11504988143306844551
7 2 7 7 -1  2
11505009453090317515
3 2 2 3 -1  1
11505057218174572457
2 5 3 5 -1  1
11505264155112459494
6 1 6 5 -1  1
11505467775169657450
1 6 4 3 -1  1
11505554907574607332
3 7 3 4 -1  1
11505697645545764859
3 2 6 5 -1  1
11505805110991417937
3 4 2 5 -1  1
11505970270014259476
1 1 2 1 -1  1
11506150820146192166
4 1 3 3 -1  1
11506194134228746340
4 6 2 4 -1  1
11506485170929301645
4 5 4 4 -1  1
11506548215296190131
0 6 2 5 -1  2
11506633084111936497
1 2 2 1 -1  1
11506693792140224793
2 2 3 3 -1  1
11506797006112567289
0 4 0 5 -1  1
11506937529297101935
3 1 4 0 -1  1
11506975592312547332
1 4 1 0 -1  2
11507019803669544806
4 1 3 0 -1  1
11507080961598120822
2 7 6 3 -1  1
11507088407479299235
4 6 6 6 -1  1
11507342976449356978
0 6 1 5 -1  1
11507352708067866775
1 3 2 4 -1  1
11507422314715707958
2 5 0 4 -1  1
11507824980350056135
3 5 7 5 -1  1
11507841793454233039
1 2 3 0 -1  1
11507921106380542649
3 2 0 5 -1  1
11508101295188131317
0 5 0 3 -1  1
11508136021025886589
0 2 2 0 -1  1
11508489872783035335
1 6 2 6 -1  1
11508505154270742851
0 6 1 4 -1  1
11508518727735621991
0 5 1 4 -1  1
11508571199039358599
1 1 2 1 -1  1
11508801958361656352
0 1 5 1 -1  1
11508950286048681574
4 3 6 2 -1  1
11508954210898715814
2 5 3 5 -1  1
11508995138827373541
4 3 5 2 -1  1
11509131673254251543
6 3 6 0 -1  1
11509150624715536206
4 2 5 3 -1  1
11509697556147730557
4 1 0 5 -1  1
11509885296659178660
0 0 0 1 -1  1
11509999034408549011
7 2 7 0 -1  1
11510224940321025409
2 0 6 0 -1  1
11510228127983489833
0 4 0 6 -1  1
11510436295992235935
3 3 4 4 -1  1
11510481974718689119
0 2 0 6 -1  1
11510755295807745889
6 0 7 0 4  1
11510887129508316770
7 4 2 4 -1  1
11510933082171728096
0 0 0 3 -1  1
11510938763916043063
3 3 2 5 -1  1
11511097977113861969
5 1 6 1 -1  1
11511261952925287238
1 0 2 1 -1  1
11511301135041131567
1 4 1 3 -1  1
11511303843717781147
0 4 0 6 -1  1
11511347968683989904
3 4 2 6 -1  1
11511429337592650596
2 4 3 4 -1  1
11511544163035488653
6 0 5 1 -1  1
11511559532524123009
4 6 3 7 -1  10
4 6 5 5 -1  2
11511623106580652814
5 0 6 0 -1  1
11511814272530134193
2 4 4 5 -1  1
11511820075097285411
3 2 2 1 -1  1
11511832260298183941
0 2 0 1 -1  1
11512500393468857082
0 2 2 4 -1  1
11512516665609343319
1 2 3 3 -1  1
11512691181413037518
1 4 2 5 -1  1
11512806036269675038
1 4 3 2 -1  1
11512838016770101410
2 5 3 5 -1  1
11513121659129304704
0 4 3 4 -1  1
11513153773098573709
2 4 3 4 -1  1
11513435908680155354
4 7 6 7 -1  1
11513508330076111369
5 4 7 3 -1  1
11513577981208138104
0 5 3 2 -1  1
11513638070151312547
6 5 0 5 -1  1
11513832949432956633
3 7 5 5 -1  1
11513856098706022595
3 5 2 4 -1  1
11513970810807838215
4 2 4 3 -1  1
11513988991749356262
0 4 6 4 -1  1
11514089394107310472
2 0 0 1 -1  1
11514176455932147498
3 7 4 7 -1  2
11514231612853590429
1 4 3 4 -1  1
11514236565608788062
0 4 2 4 -1  1
11514298704642302766
2 3 2 1 -1  1
11514611777490010486
0 5 1 4 -1  1
11514658985866194348
1 0 3 0 -1  1
11514743269320273907
2 3 3 3 -1  1
11514979765927295683
0 3 0 5 -1  1
11515278145299590015
1 2 1 4 -1  1
11515605117141473242
0 6 1 6 -1  1
11515607387147416926
2 0 3 2 -1  1
11515675640002034762
3 6 1 6 -1  1
11515732563971736856
2 4 2 3 -1  1
11515734450520591012
6 6 6 7 -1  1
11515927954450574292
4 4 5 5 -1  1
11515941933680287104
3 2 4 4 -1  5
11516006777242393275
0 4 1 3 -1  1
11516045016287659194
1 6 0 5 -1  2
11516542869515284548
2 3 1 5 -1  1
11516755542189076298
1 3 3 3 -1  3
11516851613419273414
0 6 1 4 -1  1
11517028325152557507
0 6 1 7 -1  1
11517131257104657261
0 3 2 3 -1  1
11517200390329866492
1 3 5 3 -1  1
11517619930736463400
0 4 0 6 -1  1
11517628714780253756
1 4 1 5 -1  1
11517724931108826735
1 4 0 5 -1  1
11517739348268161824
3 6 2 4 -1  1
11517908763889539804
4 6 1 3 -1  1
11518033307536565201
0 0 0 2 -1  1
11518126182894660215
2 0 3 0 -1  1
11518266221689357228
3 1 4 1 -1  1
11518337772554665044
3 3 4 2 -1  1
11518485983613230069
6 1 5 0 -1  1
11518520115072901485
4 3 6 5 -1  1
11518561196081893832
5 1 6 1 -1  1
11518563535827094975
1 3 3 4 -1  1
11518613718787707088
3 7 4 7 -1  1
11518832231295875204
2 4 4 6 -1  3
11518888302784667222
1 2 2 2 -1  1
11518984648591474436
0 5 4 1 -1  1
11519234173115900693
2 5 3 4 -1  1
11519319797650691703
3 0 5 1 -1  1
11519323291752183948
0 7 0 6 -1  1
11519382602389858066
0 0 0 3 -1  1
11519652852011916239
7 5 6 5 -1  1
11519692364933460765
1 3 2 4 -1  1
11519807437196401489
0 7 0 5 -1  1
11520070296900172900
6 5 7 5 -1  1
11520365119799332783
2 5 5 5 -1  1
11520424330194714810
1 4 2 4 -1  1
11520523547892298710
1 5 2 5 -1  1
11520645986409262721
1 4 3 4 -1  3
11520761328673618426
4 4 3 6 -1  2
11520835524335658393
0 1 1 3 -1  1
0 5 0 4 -1  3
1 1 3 1 -1  1
1 7 2 7 -1  1
11520982287968305615
3 0 2 0 -1  1
11521042818253275801
1 4 3 5 -1  2
11521091088923546448
0 4 0 2 -1  1
11521138592663631354
1 7 2 6 -1  1
11521233417050669217
4 1 6 1 -1  1
11521871052476048703
4 6 7 6 -1  1
11521908308330582889
3 6 4 6 -1  1
11521931612180581602
6 1 5 2 -1  1
11521993738473538205
0 5 0 4 -1  1
11522138880323132291
4 7 4 2 -1  1
11522181942402788088
1 2 1 3 -1  1
11522263988301038060
1 6 2 5 -1  1
11522345094920252585
6 4 6 0 -1  1
11522393181109273694
2 6 3 4 -1  1
11522420291937781674
3 4 4 3 -1  1
11522496624186552361
5 5 5 6 -1  1
11522666195310675516
0 2 2 4 -1  1
11522706556107858158
3 5 4 6 -1  1
11522762715345577158
3 7 4 7 -1  1
11522791247161668292
2 6 3 7 -1  1
11522825370519842238
1 4 2 4 -1  2
11522868646664364644
2 3 3 4 -1  1
11522960344850780036
3 1 1 3 -1  1
11523040843738712932
1 3 3 2 -1  1
11523060350329467810
0 4 0 2 -1  1
11523072779632697773
3 7 4 6 -1  1
11523282780760862242
1 2 1 4 -1  1
11523397985644193877
0 5 1 6 -1  3
11523404059587972619
2 6 3 5 -1  1
11523686293930910671
2 4 3 5 -1  1
11523884747013518206
2 7 3 6 -1  2
11524033645671231913
0 4 0 6 -1  1
11524171059762040086
3 2 5 4 -1  1
11524394516695352860
3 5 4 3 -1  1
11524609111975956011
0 5 2 3 -1  1
11524649777629808823
3 2 2 1 -1  2
11524784402858001376
5 6 5 5 -1  1
11524918056271197918
0 4 0 0 -1  1
11525446663969070896
2 2 1 4 -1  1
11525502117040354559
0 5 3 2 -1  1
11525560525904850828
3 2 2 3 -1  1
11525606814203538181
3 2 2 1 -1  1
11525900665549242916
1 6 0 6 -1  1
11526037728105096387
5 0 7 0 -1  1
11526143091841667510
2 6 2 5 -1  1
11526346918023565751
1 1 2 1 -1  1
11526978736105944311
2 2 3 3 -1  1
11527103246282922421
1 3 3 2 -1  1
11527240676972304960
0 5 2 3 -1  1
11527604758954594485
1 6 2 5 -1  1
11527610083951867689
3 6 4 7 -1  1
11527726411731410320
1 6 1 7 -1  1
11527742916983117768
2 2 3 4 -1  1
11527829066189718758
3 2 4 3 -1  1
11527878836542037982
1 1 3 1 -1  1
11527937812256872790
1 3 2 1 -1  1
11528251183023270356
0 2 5 2 -1  1
11528314976908377011
5 3 6 3 -1  1
11528481130625819198
0 4 3 4 -1  1
11528744229654316483
1 6 2 5 -1  1
11528823580923490452
3 0 4 0 -1  1
11528834282485160127
6 3 7 3 -1  2
11528844799390278470
2 5 3 3 -1  1
11528937876881509341
0 2 3 5 -1  1
11528995882459345763
1 7 2 7 -1  1
11529185600909293961
1 3 4 6 -1  1
11529642993541204823
7 7 6 5 -1  1
11529794922654035287
2 2 3 0 -1  3
11529903228233497062
2 3 3 4 -1  1
11529921584794193039
7 2 7 7 -1  2
11530513015484807053
1 1 2 1 -1  1
11530543127762563714
0 2 2 4 -1  1
11530604850487496604
2 5 3 5 -1  1
11530784797253629819
3 6 4 5 -1  1
11530804331760461002
4 3 1 3 -1  1
11530873559996817378
3 0 4 0 -1  1
11530876132439790949
5 3 6 3 -1  2
11530974399838383050
0 5 0 0 -1  1
11531058114641388777
0 5 1 6 -1  1
11531156850840042575
2 3 4 1 -1  1
11531251251271432927
0 6 1 4 -1  1
11531518076450975555
2 7 5 4 -1  1
11531802210974509185
1 4 0 6 -1  1
11531835354784212622
3 1 5 3 -1  1
11532260157676735165
3 7 4 5 -1  1
11532410446210495742
3 4 4 4 -1  1
11532413795600916717
1 2 2 2 -1  1
11532413905261185367
0 2 2 4 -1  1
0 5 1 4 -1  2
1 0 3 0 -1  1
11532748622202088745
2 3 3 2 -1  1
11532761630545921268
2 5 1 4 -1  2
11532830504813802033
5 0 5 4 -1  1
11532894921312624790
4 4 2 2 -1  1
11532903457155765413
6 4 7 3 -1  1
11532909049879485637
3 7 4 7 -1  1
11533464529533636615
3 5 4 6 -1  1
11533613376269640195
2 2 4 3 -1  1
11533616472456133255
1 7 2 7 -1  1
11533635320473588886
4 2 2 3 -1  1
11533873899446104158
3 3 0 0 -1  1
11533993997236307204
2 0 3 1 -1  1
11534280456438894185
3 5 4 4 -1  1
11534509426081927251
2 7 3 7 -1  1
11534641044657500864
1 3 0 5 -1  1
11534898297933267850
0 6 0 7 -1  1
11535106354425307425
1 6 1 5 -1  1
11535218184020583778
0 1 4 1 -1  1
11535417766487145753
0 0 0 3 -1  1
11535483253987536120
1 1 1 0 -1  1
11535609752696389745
1 3 2 1 -1  1
11536113856649208261
3 2 3 3 -1  1
11536167042314968085
0 5 1 4 -1  1
11536217526828400151
4 3 5 3 -1  1
11536282564577477786
1 2 1 0 -1  1
11536483111150205061
3 2 4 3 -1  6
11536545123251980354
4 2 2 3 -1  1
11536611940687430753
4 2 5 2 -1  1
11536690133233004008
2 5 7 0 -1  1
11536708210202259957
5 4 6 6 -1  1
11536758715651112424
5 6 5 1 -1  1
11536782354067548837
4 6 3 7 -1  1
11536939735778317045
1 4 0 5 -1  1
11537030072447903379
1 5 1 4 -1  1
11537057811849177712
2 2 4 3 -1  1
11537375539742176128
0 1 2 2 -1  1
11537434757407730452
1 3 2 2 -1  1
11537707859528897416
0 3 2 1 -1  1
11537733844647260229
7 7 7 6 -1  1
11537835463343775033
4 4 5 4 -1  1
11538038710611649091
2 5 3 3 -1  1
4 1 3 0 -1  4
4 1 3 2 -1  3
11538054529835681560
5 6 6 5 -1  1
11538098257707730564
2 1 1 2 -1  1
11538433381271283840
6 0 6 2 -1  1
11538544491436895953
2 5 3 5 -1  1
11538562663861727850
5 7 6 6 -1  1
11538752546722895654
1 5 0 4 -1  2
11538880396274869139
1 4 1 6 -1  1
11538910252696028845
3 5 1 7 -1  1
11539234389890291466
0 4 2 2 -1  3
11539316263921065475
1 2 2 1 -1  1
11539332520175917474
0 0 1 0 -1  1
11539465183803940964
0 4 0 6 -1  1
11539474344224081868
1 3 0 4 -1  1
11539508702212367988
3 0 4 0 -1  2
11539560391815913261
0 1 3 1 -1  1
11539829232663037121
2 2 3 1 -1  1
11539836886600529169
3 6 1 4 -1  1
11539919886231289851
4 6 2 7 -1  1
11539929289946533317
1 5 3 7 -1  1
11540054260388362360
1 6 3 4 -1  1
11540121213467772484
4 3 2 5 -1  1
11540171648553872299
1 2 0 1 -1  1
11540268359817805086
2 3 1 4 -1  1
11540302631481834626
1 3 1 2 -1  1
11541010079676274481
0 0 0 2 -1  1
11541254025314659248
3 6 1 4 -1  1
11541272467538418509
4 1 3 3 -1  1
11541328738337999722
0 3 1 4 -1  2
0 4 0 6 -1  1
11541470732069744471
2 4 3 3 -1  2
11541632620728730125
2 2 2 1 -1  2
11541768157823177783
1 4 2 4 -1  1
11542312398253817109
1 4 1 2 -1  1
11542372783943819671
4 7 5 7 -1  2
11542393855109514575
4 3 3 5 -1  1
11542552856075463299
0 5 0 4 -1  1
11543037589091248741
3 2 2 4 -1  1
11543287909852852080
4 3 5 2 -1  1
11543306996541332238
7 3 7 1 -1  1
11543424498322252508
6 2 3 5 -1  1
11543545072111354235
1 6 0 6 -1  1
11543595226829586400
0 2 0 1 -1  1
11543783729829449034
6 3 6 1 -1  1
11543799005493545649
0 1 5 1 -1  1
11543803783918053515
0 7 3 7 -1  1
11543960800845130406
1 6 2 5 -1  1
11544000582461703962
4 6 4 7 -1  1
11544054080042085554
2 4 3 3 -1  1
11544143911776110475
0 5 2 6 -1  1
11544176076141158347
5 3 6 2 -1  2
11544227566978537212
3 3 6 6 -1  1
11544311662206337646
3 4 2 5 -1  1
3 4 3 3 -1  1
11544672467487999912
0 5 2 5 -1  1
11545151355720688550
3 1 5 0 -1  1
11545525416840296473
1 3 2 5 -1  1
11545546901162908331
6 3 6 4 -1  1
11545589455123214560
3 1 4 1 -1  1
11545620378919027896
1 6 2 6 -1  1
11545722847236273274
0 5 1 4 -1  1
11545725882767904795
3 5 4 5 -1  1
11545934797830270821
2 6 3 7 -1  1
11546032411265727771
2 0 3 2 -1  1
11546237814484481502
1 4 3 4 -1  1
11546272653346493572
2 6 1 5 -1  1
11546278575191717372
6 6 7 6 -1  1
11546385083181230741
0 7 0 5 -1  1
11546391321881473853
7 0 2 0 -1  1
11546629613165898753
2 5 3 4 -1  1
11546798752361154369
1 3 3 1 -1  1
11546812457856087622
2 4 5 7 -1  1
11546895810358657996
6 6 6 3 -1  1
11547033815599030911
3 2 5 4 -1  1
11547042941817979930
0 2 2 4 -1  1
11547045274124163837
2 1 1 3 -1  1
11547411642533923543
0 4 0 6 -1  18
1 2 3 2 -1  1
11547457711579764482
3 2 4 2 -1  1
11547664646451046417
0 5 1 6 -1  4
11547687203529426010
2 6 3 6 -1  1
11547804608774453401
3 3 5 3 -1  1
11547837750669781304
3 2 4 2 -1  1
11547877940149310318
2 6 4 7 -1  1
11547984478269169020
3 4 4 3 -1  1
11548118689628756011
2 5 4 7 -1  1
11548236410568158246
0 5 1 5 -1  1
11548431546406865882
4 7 5 7 -1  1
11548507299134064967
4 5 6 4 -1  1
11548705428783596741
5 1 5 4 -1  1
11548709720704481617
0 1 0 2 -1  1
11549060951928201744
0 5 3 5 -1  1
11549175901622209972
0 0 0 3 -1  1
11549184255729096570
4 4 5 4 -1  1
11549193032558012041
3 7 4 7 -1  1
11549240857877311685
0 2 1 1 -1  1
11549243384869472651
0 1 1 1 -1  1
11549313209609161118
1 4 2 3 -1  1
11549400006164014354
1 3 2 1 -1  3
11549416932854185148
2 6 3 5 -1  1
11549453704126626736
3 7 3 5 -1  1
11549689109844842747
7 3 7 4 -1  1
11549715474329788920
5 7 7 5 -1  1
11549755361566818277
5 3 5 1 -1  1
11549909501685789998
0 6 0 3 -1  1
11549935069515080720
3 2 4 2 -1  1
11549935795667572513
1 6 2 7 -1  1
11550011400100862914
1 6 3 6 -1  1
11550023742814577383
5 5 7 4 -1  1
11550427034919409397
0 4 2 4 -1  1
11550610689233958613
1 6 2 6 -1  1
11550624980672680401
4 3 3 5 -1  1
11550676280372399072
3 2 5 1 -1  1
11550735138140552691
3 4 5 3 -1  1
11550946649964432868
0 0 0 2 -1  1
11550968077333474567
0 3 1 4 -1  1
11551046639348723378
4 7 5 6 -1  1
11551117092319521647
2 4 6 0 -1  1
11551195051315479262
2 2 3 2 -1  1
11551321618868679855
1 1 2 2 -1  2
11551345910759647979
4 0 4 2 -1  1
11551611395877645906
2 2 3 4 -1  1
11552021392990577505
1 7 2 6 -1  1
11552026683190265172
0 3 5 3 -1  1
11552224135612650505
2 1 1 2 -1  1
11552285429199956258
4 5 5 4 -1  1
11552311422608718292
1 5 3 5 -1  1
11552903389971568327
3 6 4 5 -1  1
11552943577295299208
0 3 0 2 -1  1
11553064935000630695
3 0 4 0 -1  1
11553311721099056846
1 2 1 3 -1  1
11553544594348350026
0 3 3 0 -1  1
11554175704405036751
2 5 3 5 -1  1
11554281363060640463
2 6 3 6 -1  1
11554389560024695828
1 6 2 6 -1  1
11554423014816862909
4 3 4 5 -1  1
11554692467439220939
3 4 7 4 -1  1
11554731228841421404
1 0 3 0 -1  1
11554813421723117250
4 4 5 5 -1  1
11554879768812481530
0 5 1 4 -1  1
11555079120426104389
0 2 4 6 -1  1
11555120163468022194
3 5 4 4 -1  1
11555252024794332635
3 4 4 3 -1  1
11555284661708917056
0 5 1 4 -1  1
11555334805494622448
4 6 2 7 -1  1
11555424130327870819
3 4 4 2 -1  1
11555456103532130080
2 1 6 1 -1  1
11555540295909772453
2 2 4 0 -1  1
11555855484160891431
3 1 0 4 -1  1
11555867397130580342
4 3 3 5 -1  1
11555882967359461308
1 1 5 1 -1  1
11556001082507582011
2 1 3 3 -1  1
11556001500192638013
0 5 0 4 -1  1
11556010278896180948
0 4 0 6 -1  1
11556098418163912941
1 4 2 5 -1  1
11556104011695992772
4 6 5 5 -1  1
11556121309968680123
3 3 4 2 -1  1
11556362516718170735
4 1 6 1 -1  1
11556453184566284581
3 2 4 1 -1  1
11556770524654136626
3 3 5 2 -1  1
11556794582006913376
1 4 6 4 -1  1
11556830518786959509
0 3 0 4 -1  1
11556978846616211198
0 3 4 7 -1  1
11557069247992890115
2 4 1 2 -1  1
11557208893159316423
4 4 5 6 -1  1
11557221335493920210
1 4 2 3 -1  1
11557300844198440745
0 3 7 3 -1  1
11557415776191951779
2 4 3 3 -1  1
11557428688647739674
3 6 3 5 -1  1
11557433116761411178
4 4 5 2 -1  1
11557510897919889263
7 0 6 0 -1  1
11557580780875366206
3 0 5 0 -1  2
11557644581578434343
1 1 2 0 -1  1
11557825975993035404
0 3 2 1 -1  1
11557868969250180595
2 1 4 1 -1  1
11557937991669527723
2 3 3 3 -1  1
11558162156987607691
1 7 6 7 -1  1
11558311327083136459
2 4 3 4 -1  1
11558592842237821927
3 0 4 0 -1  1
11558811277015915711
2 6 1 6 -1  1
11558839778291719504
3 4 4 3 -1  2
11558864410338250511
1 0 2 0 -1  1
11559518979459431388
4 6 5 7 -1  1
11559542178322218885
4 0 5 1 -1  1
11559610485768218245
6 5 6 7 -1  1
11559742435827751799
0 6 1 6 -1  1
11559907770136438215
0 3 1 3 -1  1
11560036404418205611
0 4 0 6 -1  1
11560106188204224797
5 4 4 3 -1  1
11560213243856182792
4 3 4 4 -1  1
11560283688270325948
4 2 3 2 -1  2
11560336531295893649
0 3 1 3 -1  1
11560663939286563730
1 5 3 5 -1  1
11560726184806341329
2 3 1 2 -1  2
11560895085553018051
3 2 7 6 -1  1
11560946966878002301
0 4 5 4 -1  1
11560984329247621062
2 4 4 3 -1  1
11560987911144260646
4 7 6 6 -1  1
11561009548666666357
0 5 2 6 -1  1
11561422334865226160
3 5 4 4 -1  1
11561423613027772154
0 2 1 3 -1  1
11561442486209095893
2 3 6 3 -1  1
11561749895259168370
2 0 1 1 -1  1
11562018913124364673
0 2 0 1 -1  1
11562132161217461608
3 4 0 4 -1  1
11562183860932664209
1 1 4 4 -1  2
11562278000608117048
0 3 0 0 -1  1
11562447644018798607
0 3 0 5 -1  1
11562528748946717447
4 1 4 3 -1  1
11562610247242344296
1 2 0 3 -1  1
11563022581110727340
3 7 4 5 -1  1
11563077946839652955
1 3 2 5 -1  1
11563504657145215762
5 3 3 1 -1  1
11563690836659324773
3 4 4 3 -1  1
11563715059096110766
2 5 3 4 -1  1
11563808840344361510
2 6 3 6 -1  1
11564107560398408984
3 0 2 2 -1  1
11564125514620606040
0 2 1 1 -1  1
11564249413432011626
2 7 2 6 -1  1
11564334124157999982
2 7 2 5 -1  1
11564548313656837995
0 3 3 6 -1  1
11564674841341161134
7 1 7 2 -1  1
11565046617333929688
0 7 3 7 -1  1
11565212951032425420
2 2 1 4 -1  1
11565494246729521629
1 3 3 4 -1  1
11565646011287576972
1 4 0 4 -1  1
11565674007246315713
2 2 0 1 -1  1
11565837933598751622
3 5 4 4 -1  2
11565953949412359986
1 1 2 2 -1  1
11566059779114484591
4 1 1 4 -1  1
11566442307311103618
0 5 4 1 -1  1
11566715574854959083
0 1 2 2 -1  2
0 5 2 3 -1  2
11566771204535619102
0 0 1 0 -1  1
11566809236208073538
0 5 1 6 -1  16
11566854645254871238
1 2 2 2 -1  1
11566878224513581371
1 6 2 6 -1  1
11567064028497498195
7 5 5 5 -1  1
11567077227698372361
1 2 3 2 -1  1
11567135431867368806
0 0 0 1 -1  1
11567357285210068660
0 5 0 4 -1  1
11567395315187786284
2 3 2 5 -1  1
11567479875948799386
1 3 2 1 -1  1
11567518427731112935
1 3 2 3 -1  1
11567645103340042817
2 2 4 3 -1  1
11567715539232993401
0 2 4 6 -1  1
11567761523840961263
1 6 0 7 -1  1
11567890897675752533
6 1 4 0 -1  1
11567952755995434932
1 3 2 2 -1  1
11568076600100915909
4 6 6 7 -1  1
11568113768516336588
7 2 7 3 -1  1
11568193645673325638
0 0 0 1 -1  1
11568302908628531815
2 4 3 4 -1  1
11568313506277782199
2 1 3 2 -1  1
11568326750363710283
1 2 1 5 -1  1
11568731781321772503
2 4 4 2 -1  1
11568772478745886456
7 7 6 6 -1  3
11568778294220209834
2 2 3 4 -1  1
11568843773710789926
5 6 6 6 -1  1
11568930223359011325
0 6 0 5 -1  1
11569004978164640134
1 1 2 1 -1  1
11569151988585552332
0 5 0 3 -1  1
11569229739319658688
2 5 3 3 -1  3
11569367162807208057
4 1 5 1 -1  1
11569450042626450766
3 0 0 3 -1  1
11569513125932289728
6 3 5 3 -1  2
11569538433671013927
1 5 1 1 -1  1
11569707143888480522
3 3 4 3 -1  1
11570156860611680838
0 4 3 4 -1  1
11570317710232874002
0 1 6 1 -1  1
11570357295651469120
0 6 1 6 -1  1
11570398057232890469
1 6 2 5 -1  1
11570771515212229053
0 2 1 3 -1  1
11570791759103619993
3 2 4 2 -1  1
11571310161715554167
1 7 1 6 -1  1
11571400525371510557
1 3 2 3 -1  1
11571558980509869692
1 2 1 3 -1  1
11571597942572322933
4 1 1 4 -1  1
11571835875461183637
3 3 4 4 -1  2
11571975458149169019
3 5 4 5 -1  1
11572072452993321133
2 5 4 4 -1  1
11572219971380912915
6 5 4 7 -1  1
11572247370435107611
0 2 5 2 -1  1
11572442755733181576
1 2 2 2 -1  1
11572477313045614600
1 3 3 2 -1  1
11572698239077485779
0 5 0 4 -1  1
11572703176620127070
2 2 3 0 -1  1
11572715772512768752
0 5 3 2 -1  1
11573000915704897995
1 5 7 5 -1  1
11573423278955453527
4 3 2 5 -1  1
11573653281279342118
1 2 2 2 -1  1
11573682744005102716
3 5 4 5 -1  1
11573778999095888231
1 4 2 4 -1  1
11573951237978416849
3 1 2 2 -1  1
11574139322292946987
0 3 0 0 -1  1
11574227186675893951
0 7 0 4 -1  1
11574294895186993187
0 4 2 4 -1  1
11574709983919625438
2 3 2 6 -1  1
11574712490958676786
4 2 5 2 -1  1
11574728921037436628
0 5 1 6 -1  1
11574816811971428051
1 4 2 5 -1  1
11574886274414567716
0 4 0 6 -1  2
11575069099479215831
0 5 0 4 -1  1
11575197725054247794
5 0 7 0 -1  3
11575212558284324717
3 3 3 4 -1  1
11575230950144057460
2 1 3 1 -1  1
11575484728489511375
2 0 4 2 -1  1
11575666519469994296
3 3 4 4 -1  1
11575726037580847499
3 2 4 3 -1  1
11575760232799600223
2 3 2 5 -1  1
11575890866507680201
3 5 4 4 -1  1
11575933884196867763
0 6 1 5 -1  1
11575992526678265910
4 4 5 2 -1  1
11576006523902681782
3 3 4 1 -1  2
11576307340204888566
0 6 2 6 -1  1
11576452048125382602
1 6 2 6 -1  1
11576583281233376807
3 3 4 1 -1  1
11576669249455893198
0 4 1 4 -1  1
11576965033741973734
2 6 3 6 -1  1
11577045556584854992
3 6 2 6 -1  1
11577091984282213327
3 4 5 5 -1  1
11577190451907459395
1 6 3 6 -1  1
11577274077521743885
3 5 4 6 -1  1
11577407639649575047
4 4 5 3 -1  1
11577522258307806884
0 6 2 5 -1  1
11577555913035563104
2 6 4 4 -1  1
11577590591284966841
3 3 4 3 -1  4
11578177498131002236
0 5 0 4 -1  1
11578277942813307768
0 3 3 0 -1  1
11578435943890840949
0 4 2 3 -1  1
11578799493031475896
0 4 1 4 -1  3
11579066627190469859
0 5 1 4 -1  1
11579148258744243355
3 2 4 2 -1  1
11579333514454781632
2 7 3 6 -1  1
11579583690980584975
3 7 4 7 -1  1
11580074332046630541
4 1 5 2 -1  1
11580393945738884305
6 6 4 6 -1  1
11580744070468337098
2 7 6 7 -1  1
11580849146634708393
4 1 4 0 -1  1
11580948539919802135
0 2 1 1 -1  1
11581012872271940915
3 2 1 4 -1  1
11581036709881032058
6 1 6 7 -1  1
11581229856359849602
3 4 4 3 -1  2
11581272566230319381
1 1 3 1 -1  1
11581293747820366623
2 5 4 4 -1  1
11581504618757962936
3 0 4 0 -1  1
11581530316678405480
1 4 2 4 -1  1
11581687439712481549
4 5 5 6 -1  1
11581825587319528933
2 0 3 1 -1  1
11582077042245602592
3 0 6 3 -1  1
11582190753103022115
3 3 4 3 -1  1
11582258900363281071
2 5 3 3 -1  1
11582373755433296952
0 6 1 7 -1  1
11582414678081617667
2 5 3 7 -1  1
11582530849724833443
3 5 4 5 -1  1
11582578328777881366
0 3 1 3 -1  1
11582798698604109196
0 3 0 1 -1  1
11582830460362187186
4 1 5 1 -1  1
11582862567377795006
5 2 3 2 -1  1
11582967981012085766
0 2 7 2 -1  1
11583281216405950717
0 1 0 5 -1  1
11583538431015645652
3 1 4 1 -1  1
11583683616625150077
4 7 7 4 -1  1
11583702730141795811
1 4 2 2 -1  2
11583851642578148698
1 1 3 1 -1  2
11583920750001719575
0 5 0 3 -1  1
11584020011734137622
4 3 5 5 -1  1
11584258659059062356
1 1 2 1 -1  1
11584282081495291965
1 5 3 3 -1  1
11584343292871884197
5 0 5 2 -1  1
11584621380805595280
5 7 7 7 -1  1
11584919522269308136
0 2 4 6 -1  1
11585177129268039235
2 4 3 4 -1  1
11585199201222132181
2 5 3 6 -1  1
11585461361431794908
0 5 0 4 -1  1
11585539961654051505
2 5 3 7 -1  1
11585597129766561367
1 5 2 6 -1  1
11585643340167773134
3 3 2 3 -1  1
11585821772869145283
5 6 5 1 -1  1
11585841508825081905
3 2 4 4 -1  1
11586109419315594737
0 3 0 2 -1  1
11586332345485805918
4 5 5 5 -1  1
11586531819710589451
1 6 1 5 -1  2
11586811356720933977
7 3 5 3 -1  1
11586842956748889521
0 6 1 7 -1  1
11586853575917614918
1 6 1 5 -1  1
11586869157501597001
2 7 3 7 -1  1
11586897864467995194
4 4 5 5 -1  1
11587447301074090775
1 7 2 7 -1  1
11587705142127064420
2 5 4 6 -1  1
11587886080532955863
2 3 4 4 -1  1
11588066503896513357
0 2 6 2 -1  1
11588235074202029349
4 6 4 5 -1  1
11588563665237959613
1 4 2 4 -1  1
11588600553603493955
3 4 4 3 -1  1
11588861663719811507
0 5 1 4 -1  3
11588988829332669046
4 3 2 4 -1  1
11589197328545317285
1 7 0 7 -1  1
11589526365524756192
0 1 2 2 -1  4
1 2 3 2 -1  1
11589548881783865228
0 3 0 1 -1  1
11589636514557541932
3 2 4 3 -1  3
11589872450631249161
6 2 5 0 -1  1
11590039976504007298
2 0 3 1 -1  1
11590157135779987013
3 5 5 3 -1  1
11590360642644392175
0 1 1 3 -1  1
11590866938786516667
2 1 1 2 -1  1
11591028860626987239
1 7 2 6 -1  1
11591203574921944663
0 7 0 4 -1  1
11591311900329547571
2 1 1 2 -1  1
11591348306159970723
2 0 1 0 -1  1
11591502878323160851
0 4 0 6 -1  1
11591524831650574157
0 6 0 7 -1  1
11591625505643139047
0 4 0 3 -1  1
11591674304247929913
3 2 1 4 -1  1
11591857061207566029
0 1 1 2 -1  1
11591901305197777422
1 5 2 5 -1  1
11591920500002159535
0 4 1 4 -1  1
11592134830799405780
6 1 5 0 -1  1
11592247271160000283
1 4 2 4 -1  5
11592286643059659753
5 2 4 3 -1  1
11592300695843185224
0 6 1 6 -1  1
11592378337523745190
1 1 2 2 -1  1
11592522515061833741
1 0 2 2 -1  1
11592694518066834764
2 4 0 2 -1  1
11592783378007348042
0 3 3 3 -1  1
11592783741095583185
1 1 2 1 -1  3
11592806093186327376
2 1 4 0 -1  1
11593075121866233131
2 6 3 4 -1  1
11593141734776821888
0 1 1 3 -1  1
11593339193775515925
5 7 6 7 -1  1
11593346391120221169
1 7 2 7 -1  1
11593509620712268471
4 4 5 4 -1  1
11593536518004443892
1 5 2 5 -1  1
11593561993009485199
3 4 3 5 -1  1
11593568037463631633
0 3 1 3 -1  1
11593669789035241249
2 5 2 4 -1  1
11593767396975727907
3 3 7 3 -1  1
11593935933132403906
4 7 6 6 -1  1
11593974746030852719
5 2 6 3 -1  1
11594080393055134458
1 3 2 3 -1  3
11594151979026127788
0 2 1 3 -1  1
11594175864292855612
2 7 1 5 -1  1
11594208734206993370
0 0 0 1 -1  1
11594633062051315270
0 3 1 3 -1  1
11594739268967501434
2 3 4 3 -1  2
11594823973713447614
2 7 3 6 -1  3
11595307985694143540
0 4 1 4 -1  1
11595329731529247611
0 2 5 7 -1  1
11595405335049265006
3 6 4 7 -1  1
11595562509408432847
0 6 0 5 -1  1
11596005250975834412
0 5 2 5 -1  1
11596224360171885583
6 2 4 2 -1  1
11596249239528327737
2 4 4 3 -1  1
11596254943965374303
0 3 3 3 -1  1
11596263001517251485
0 3 0 4 -1  1
11596304313362395085
1 7 2 6 -1  1
11596380659404711984
1 1 1 5 -1  1
11596475746762850322
6 0 5 1 -1  1
11596520522346723618
2 4 4 2 -1  1
11596563576230292891
2 6 3 6 -1  3
11596642085508755194
0 2 0 3 -1  1
11596861553696824888
0 4 1 4 -1  1
11596901099634499343
3 1 4 1 -1  1
11597203090506713227
0 5 1 4 -1  1
11597219798776618420
3 4 4 6 -1  1
11597306190359212308
3 1 7 1 -1  1
11597312570014172858
3 1 4 1 -1  1
11597432031576651062
0 0 0 2 -1  1
11597550688089185816
1 6 2 7 -1  1
11597873172814957251
0 0 0 2 -1  1
11597891442291298238
6 0 6 2 -1  1
11597955433778767035
0 4 0 6 -1  1
11597978402986882192
6 5 7 6 -1  2
11598131502223922537
2 5 3 4 -1  1
11598196149957762868
1 7 3 7 -1  1
11598336864460302515
1 4 4 1 -1  1
11598406227336081556
1 0 3 0 -1  1
11598459890337467630
2 7 3 7 -1  1
11598788818370877967
5 7 7 7 -1  1
11598879409895438512
3 3 4 3 -1  1
11598997040771745497
4 1 7 1 -1  1
11599003383283983301
2 5 3 5 -1  1
11599008853918482117
2 7 3 7 -1  1
11599187195078400393
3 5 4 6 -1  1
11599281261817835529
4 2 5 1 -1  1
11599569738321233520
3 3 4 3 -1  1
11599654035497310342
0 4 0 6 -1  1
11599713904283749861
6 6 6 5 -1  1
11599750781483330781
4 1 3 2 -1  1
11599850322119318584
1 0 2 0 -1  1
11599890220392809747
3 7 4 5 -1  1
11599917828704868441
1 3 3 5 -1  1
11599971026096596459
3 3 3 4 -1  1
11600034755576417648
0 5 0 2 -1  1
11600087184101064250
6 1 6 5 -1  1
11600412127576864658
0 3 1 4 -1  1
11600460055614608667
0 3 2 3 -1  1
11600624077042514661
0 4 0 6 -1  1
11600671286200533470
0 4 0 1 -1  1
11601244543363259942
4 1 3 2 -1  1
11601340357673460792
3 6 4 7 -1  1
11601487822205199433
2 4 2 5 -1  1
11601532844339749176
6 3 5 3 -1  1
11601698267525728201
5 2 5 1 -1  1
11601714373871569148
2 5 4 7 -1  1
11601823470053009154
2 2 3 2 -1  1
11601894970723650252
1 4 4 7 -1  1
11601928992501463479
0 2 1 3 -1  1
11601994270292639207
0 2 3 2 -1  1
11602197879615700079
1 3 3 1 -1  1
11602281100673585449
5 5 5 7 -1  1
11602348751431129509
6 5 7 4 -1  1
11602452148849013789
1 5 0 5 -1  1
11602861863381796545
0 1 1 3 -1  2
11602973323449109718
1 5 1 6 -1  1
11603005806335544707
3 7 4 7 -1  1
11603027371718197540
0 0 2 0 -1  1
11603056570243097193
5 7 6 6 -1  1
11603143803199816823
2 5 4 6 -1  1
11603144592299721610
2 4 1 5 -1  1
11603602766427755452
5 4 4 6 -1  1
11603740221868049134
3 0 4 0 -1  1
11603763175406344219
3 4 2 2 -1  1
11603939096260503953
4 3 4 1 -1  1
11604007278326329856
0 6 0 7 -1  1
11604047938233023873
1 2 2 1 -1  1
11604064263426177422
0 7 0 4 -1  1
11604124611178702553
0 3 5 3 -1  1
11604269076384947940
5 3 6 1 -1  1
11604306995677367025
2 4 4 3 -1  1
11604365681457650227
0 2 0 1 -1  1
11604399711152302201
4 3 5 1 -1  1
11604414525140612152
2 1 3 1 -1  1
11604467344530221247
0 6 1 6 -1  1
11604556792250894363
2 2 4 3 -1  2
11604593624308290496
5 6 3 4 -1  1
11604650826983792321
0 5 0 4 -1  1
11604661902078185771
1 6 2 5 -1  1
11604761730803643407
5 0 3 0 -1  1
11605032217403193123
0 5 1 4 -1  1
11605060531541626335
2 3 3 2 -1  1
11605066913475025569
3 4 4 3 -1  1
11605259968859381535
3 4 4 4 -1  1
11605372913530394214
3 0 4 0 -1  1
11605399516415435387
1 0 2 1 -1  1
11605603170624774594
2 2 1 1 -1  1
11605658459333848033
0 5 0 3 -1  1
11605738683283637053
1 3 2 3 -1  1
11605790454188131737
0 5 4 1 -1  1
11605942194810406991
2 0 3 1 -1  1
11605951844264225791
3 4 4 3 -1  1
11606060162557391285
2 5 1 3 -1  1
11606156267757457550
5 2 4 1 -1  1
11606443189486355579
1 2 2 2 -1  1
11606572770501450116
0 1 2 2 -1  1
11606857214340038453
0 2 1 3 -1  1
11606872853912269854
2 0 3 1 -1  1
11606908132891124321
0 4 0 6 -1  1
11606935243505463024
2 5 3 4 -1  1
11607423173137553429
0 0 0 3 -1  1
11607650895701993504
2 3 4 2 -1  1
11607678721884635344
0 4 0 6 -1  1
11607729644595091577
0 5 2 3 -1  1
11607793035264994962
0 5 1 4 -1  1
11607804595274288587
0 5 0 3 -1  1
11607855076507107376
1 2 1 4 -1  1
11607902686256741747
0 2 3 5 -1  1
11608061196715055201
7 3 6 4 -1  1
11608143661131637489
3 5 1 4 -1  1
11608193403778183550
1 1 3 1 -1  1
11608247780012513793
4 3 3 4 -1  1
11608270749037334873
1 3 3 4 -1  1
11608404208489581911
2 2 3 3 -1  1
11608584635341383488
2 3 1 4 -1  1
11608720361331850479
1 0 2 0 -1  1
11608780417934471420
0 5 4 1 -1  1
11609066491860552653
2 4 4 2 -1  1
11609103040897945694
5 1 4 2 -1  1
11609563375853483079
7 0 7 4 -1  1
11609676653655895732
1 4 2 2 -1  1
11609701714844538591
0 6 1 6 -1  1
11609762129774919039
1 4 3 2 -1  1
11610180814376543361
2 1 2 2 -1  1
11610237970838357062
0 1 1 3 -1  1
11610285289889328849
2 2 5 5 -1  1
11610309211530149933
1 1 3 1 -1  1
11610549542423579842
2 5 0 4 -1  1
11610685394733220970
0 4 2 6 -1  1
11610880670004856791
1 3 0 5 -1  1
11610991467436467549
3 3 4 4 -1  1
11611126942532851977
3 6 6 6 -1  1
11611332238507566886
2 1 3 1 -1  1
11611350342949988284
0 4 0 6 -1  1
11611364821546990052
0 5 2 3 -1  4
11611377384656094688
1 3 2 4 -1  1
11611609880578017139
1 3 3 5 -1  1
11611636415614461986
0 6 0 7 -1  1
11611709697119147951
0 4 0 6 -1  1
11611754480974869034
1 7 2 7 -1  1
11611892295983465471
3 2 2 3 -1  1
11612204344367636860
1 2 1 3 -1  1
11612398006751175573
1 7 2 7 -1  2
11612415900854250816
0 0 2 0 -1  1
11612449116989195975
0 2 1 3 -1  1
11612507195111646136
5 4 2 1 -1  1
11612738243270033754
4 2 2 4 -1  1
11612814872826619997
0 5 1 6 -1  1
11612836091738231221
4 6 2 4 -1  1
11612890502433823700
2 0 6 0 -1  1
11612947206590971850
0 1 0 2 -1  2
11612956971293754816
2 7 4 5 -1  1
11613020502925327838
3 6 4 6 -1  1
11613104111781990940
0 6 1 7 -1  1
11613119998946483383
2 2 3 4 -1  1
11613444295375588086
0 2 2 1 -1  1
11613523557739607743
1 1 2 2 -1  1
2 1 2 2 -1  1
11613526046073195316
1 2 1 4 -1  1
11613737677216094019
2 1 3 1 -1  2
11613808820716825411
6 1 2 5 -1  1
11613858371561438310
0 4 1 4 -1  1
11614020657584136062
0 2 4 6 -1  1
11614274732537116219
1 6 2 6 -1  1
11614287676615534488
5 1 5 0 -1  2
11614381814342206313
0 6 0 7 -1  1
11614617115882137483
0 6 0 5 -1  1
11614630376042503272
1 1 0 1 -1  1
11614719651732956662
0 3 1 4 -1  1
11614855885983170500
4 6 6 6 -1  1
11614876411483092692
0 4 1 3 -1  1
11614905337941565504
0 3 1 2 -1  1
11615154524808920536
4 4 5 4 -1  1
11615389876345414571
0 0 0 3 -1  1
11615403684001700072
2 4 3 3 -1  1
11615498662151971971
5 4 6 6 -1  1
11615627521337834808
2 7 3 7 -1  1
11615668300680230996
1 3 2 5 -1  1
11615913812960992466
3 5 5 3 -1  1
11615928058684212173
2 2 3 3 -1  1
11615970401108402918
0 3 2 5 -1  1
11616137753715357693
3 4 2 3 -1  1
11616146866113441596
3 3 1 3 -1  1
11616219065603642449
2 4 4 5 -1  1
11616220246896876312
4 3 5 1 -1  1
11616394971091710157
1 3 2 3 -1  1
11616432365932239749
0 3 0 4 -1  1
0 6 1 7 -1  1
11616559775686304439
2 1 5 4 -1  1
11616586904426596753
0 0 0 3 -1  1
11616747081899395923
2 4 3 3 -1  2
11616797500812744014
5 4 6 5 -1  1
11616851320646551277
4 4 5 3 -1  1
11616998400611761899
0 5 0 6 -1  1
11617014384747213118
1 4 2 4 -1  1
11617214013247806350
0 7 0 6 -1  3
11617456190602904969
0 5 1 4 -1  1
1 5 3 5 -1  3
11617541767945155679
0 3 6 3 -1  1
11617625187083487774
0 2 0 0 -1  1
11617712810945984120
1 4 2 4 -1  1
11617764732395780062
5 2 4 2 -1  1
11617926275979230875
1 4 1 5 -1  1
11618058337463499380
0 3 3 6 -1  1
11618144410051655146
0 6 1 6 -1  1
11618161960925048328
1 3 0 1 -1  1
11618200128334262218
3 2 4 4 -1  3
11618484204023489226
3 4 4 3 -1  2
11618681421835064398
3 4 3 1 -1  1
11618691097600150229
7 3 3 3 -1  1
11618935823844174530
4 2 5 3 -1  1
11618985332386313841
0 7 0 6 -1  1
11619340793795388645
4 1 3 3 -1  1
11619409280508060748
1 1 3 1 -1  1
11619597424033616725
0 5 3 2 -1  1
11619940987457534367
5 0 6 0 -1  1
11619979720877298096
0 1 2 2 -1  1
11620102581667480757
0 4 0 6 -1  1
11620167305068227072
1 1 2 2 -1  1
11620172266831387892
2 2 3 2 -1  1
11620491177110851198
1 7 3 7 -1  1
11620690988360057763
1 6 4 3 -1  1
11620757248864989835
1 7 2 6 -1  1
11620774407660138803
4 4 3 3 -1  1
11620778119913002074
2 5 3 5 -1  1
11620877606960751250
2 1 3 1 -1  1
11620971760523966776
1 4 2 3 -1  1
11621056243728156914
0 0 0 5 -1  1
11621193215042435940
2 4 3 3 -1  1
11621202991777525973
4 3 5 2 -1  1
11621557560690229007
2 1 2 0 -1  1
11621676600044270323
1 6 5 2 -1  1
11621722517277963344
1 2 3 3 -1  1
11621729524114015487
0 2 2 4 -1  1
11621787716248690910
2 6 3 6 -1  1
11621808346274171024
3 6 4 5 -1  1
11621867420110232556
3 0 4 0 -1  1
11621886608048432041
2 7 3 7 -1  1
11622025826731293957
4 7 5 6 -1  1
11622281774823920860
2 4 1 5 -1  1
11622347973873774325
4 4 3 3 -1  2
11622379428523470604
0 6 1 5 -1  1
11622397818287603114
1 3 2 5 -1  1
11622422384092124344
3 2 4 2 -1  1
11622753864561606450
1 5 2 4 -1  1
11622932615521854946
1 0 3 0 -1  1
11623003148991747225
2 2 2 1 -1  1
11623215315726389295
1 5 2 5 -1  2
11623236447610158649
3 3 4 1 -1  1
11623323543262480144
2 4 2 5 -1  1
11623412051392974217
0 2 4 6 -1  1
11623572803525829995
3 3 2 1 -1  2
11623620845598936214
3 6 4 5 -1  1
11623769442187468706
0 1 1 0 -1  1
11624004541296565809
1 0 3 0 -1  1
11624058605995544390
1 5 3 5 -1  1
11624065695360835413
2 0 2 5 -1  1
11624072997117378110
4 3 2 5 -1  1
11624098646774025892
1 3 3 4 -1  2
11624180431423518118
3 5 4 4 -1  1
11624374688819872230
3 0 3 7 -1  1
11624457793784342566
3 3 4 5 -1  1
11624531751270228039
1 4 0 4 -1  1
11624582078716992624
1 4 2 5 -1  1
11624940710845038371
3 4 1 3 -1  1
11624970850972213820
1 5 3 3 -1  1
11625144338911119253
0 7 0 4 -1  1
11625181150168187086
3 2 4 3 -1  1
11625190741563217396
6 1 6 2 -1  1
11625398733424208086
1 0 3 0 -1  1
11625609909363319711
1 3 0 5 -1  1
11625644518288449406
1 2 0 2 -1  1
11625747838064424148
1 7 1 6 -1  1
11625796233881131098
1 5 2 5 -1  1
11626099904034096501
0 0 0 1 -1  1
11626120038538314959
0 5 0 3 -1  1
11626371411489702070
2 6 3 7 -1  1
11626428245863938887
0 2 1 2 -1  1
11626606419149871617
5 4 4 6 -1  1
11626623904125015763
1 5 2 5 -1  1
11626877920651986725
1 2 3 2 -1  1
11626893693281736892
2 4 7 4 -1  1
11627014714657999718
0 3 2 3 -1  1
11627036352741814574
0 7 1 7 -1  1
11627084156924916015
1 4 2 5 -1  1
11627106990076832607
0 4 1 4 -1  1
11627152835392897611
0 5 0 3 -1  1
11627169968034263452
0 6 1 6 -1  1
11627397362667986355
1 1 2 1 -1  1
11627588404685238482
1 4 0 4 -1  1
11627595576266684802
6 2 7 2 4  1
11627695472543765278
0 4 2 3 -1  1
11627700489194313786
2 5 1 5 -1  1
11627923871521569689
5 7 5 5 -1  1
11627971489796775347
0 6 4 6 -1  1
11627992800411076862
1 3 2 2 -1  3
11628129060900476090
3 4 4 4 -1  1
11628192408961275275
1 3 2 2 -1  1
11628340559227374277
5 4 3 4 -1  1
11628350705250470063
1 3 3 3 -1  1
11628430501192161379
3 4 4 4 -1  1
11628459456923019777
3 4 2 3 -1  1
11628701163446643815
6 0 6 2 -1  1
11628904697088205641
1 2 5 6 -1  1
11629031242724213747
2 5 3 7 -1  1
11629192973607105920
2 3 3 3 -1  1
11629344611696957291
4 2 5 3 -1  1
11629359048766811919
0 6 0 1 -1  1
11629490885546223302
1 1 1 2 -1  1
3 2 4 3 -1  1
11629588402904601302
0 1 2 2 -1  1
3 2 4 3 -1  1
11629648400490565542
0 6 1 6 -1  1
11629819135845217201
0 3 2 1 -1  2
11630072760343928258
2 4 6 0 -1  1
11630194553554670875
0 4 0 6 -1  1
11630286992388262998
5 2 6 3 -1  1
11630334219054145681
2 4 0 3 -1  1
11630433014274861892
0 4 0 5 -1  1
11630493666491261474
1 7 2 7 -1  1
11630500819068466025
3 3 6 3 -1  1
11630640599317518447
1 7 1 6 -1  1
11630943426752939646
4 1 5 1 -1  1
11630985329047021243
2 1 3 2 -1  1
11631524767965128058
1 2 2 2 -1  1
11631562098316064198
3 1 2 1 -1  1
11631618010373682400
3 5 4 6 -1  1
11631695175590504150
3 2 4 1 -1  1
11631719196752506603
5 7 3 5 -1  1
11631813115015045282
6 2 7 2 -1  1
11631872988359108357
1 5 3 5 -1  1
11632248988888001801
2 5 1 4 -1  1
11632700775148983079
1 3 2 2 -1  1
11632748360799727200
0 5 2 4 -1  3
11632865617164165960
2 5 1 7 -1  1
11633346806163564997
2 0 0 0 -1  1
11633678657473099961
1 1 2 1 -1  1
11633736377611258025
2 2 4 4 -1  1
11633752344820470111
2 4 3 4 -1  1
11633839880453186111
0 3 7 3 -1  1
11633891478539494438
3 4 4 5 -1  1
11633943769271520003
0 7 1 6 -1  1
11633977816397165622
6 3 4 2 -1  1
11634200841530299512
2 4 1 3 -1  1
11634221591376809230
1 5 3 5 -1  1
11634312182333555826
0 6 0 7 -1  1
11634328936737772491
0 3 4 3 -1  1
11634386576659001476
0 4 0 6 -1  1
11634485173069558213
1 0 1 1 -1  3
11634681049512081821
1 3 2 4 -1  1
11634833131987429951
3 4 4 3 -1  2
11634854431197967477
6 2 5 4 -1  1
11635116391226770489
3 0 2 2 -1  1
11635194106680010201
0 2 1 2 -1  1
11635278004293788701
4 4 5 5 -1  1
11635585553354217592
1 6 2 5 -1  2
11635612673693537782
0 4 5 4 -1  1
11635618957952442576
0 4 2 4 -1  1
11635626241522948964
3 4 5 3 -1  1
11635844236657795938
3 7 4 7 -1  1
11635864371997198950
2 1 4 2 -1  1
11635974358360378660
1 4 2 3 -1  1
11636031553795753775
0 4 2 4 -1  1
11636297277866921226
0 2 1 3 -1  1
11636503941601920026
6 5 5 4 -1  1
11636514472750124683
3 3 2 4 -1  1
11636738546499391543
2 0 4 0 -1  1
11636948760698339920
7 2 6 1 -1  1
11637197246730531109
5 1 5 3 -1  1
11637327568975345370
1 3 2 2 -1  1
11637477440460189282
2 2 3 4 -1  1
11637648771135825065
1 4 3 6 -1  1
11637773783281636369
2 2 0 3 -1  2
11637968916087922862
0 3 0 1 -1  1
11638072681017811912
0 3 0 2 -1  1
11638208189274516730
2 2 4 1 -1  1
11638404924801413031
3 4 4 4 -1  1
11638413259915790851
5 0 3 1 -1  1
11638796456495238641
1 6 2 7 -1  1
11638848000013727987
2 2 2 3 -1  1
11638931416597865614
0 4 0 6 -1  1
11639173660776164786
1 1 2 1 -1  1
11639369607704805700
1 1 1 4 -1  1
11639430846011176613
3 0 1 1 -1  2
11639682630675303520
0 2 1 3 -1  1
11639918103525475984
0 4 7 4 -1  1
11639958399196593835
5 6 5 5 -1  1
11639970394625687720
3 2 0 5 -1  1
11639971483820400071
4 1 5 2 -1  1
11640015904590103751
0 2 1 1 -1  1
11640073365834478985
0 3 7 3 -1  2
11640108058418165954
0 4 5 4 -1  1
11640132650356766713
3 5 4 4 -1  1
11640445612834805859
3 2 4 4 -1  1
11640850635472618974
1 3 0 3 -1  1
11640885039333958836
0 5 0 4 -1  1
11640994639324774980
2 6 4 5 -1  1
11641060560837375248
5 5 6 6 -1  1
11641061195644892085
1 7 3 7 -1  1
11641232989468308754
2 5 4 4 -1  1
11641241670262353143
1 0 2 1 -1  1
11641390171211540638
4 4 4 3 -1  1
11641476741209317404
2 5 3 5 -1  1
11641479365182315023
0 7 0 1 -1  1
11641695674553363527
1 3 3 4 -1  1
11642137852874457070
3 3 1 4 -1  1
11642157993099889618
1 4 3 4 -1  1
11642173329653367792
3 0 4 2 -1  1
11642187486127472244
1 1 2 1 -1  1
11642272677370812981
3 7 6 4 -1  1
11642324940370926312
2 6 3 6 -1  1
11642402682162284209
5 0 6 0 -1  1
11642776047079108705
1 5 1 6 -1  1
11642854143666412494
1 7 2 7 -1  1
11643133339909742500
5 3 6 3 -1  1
11643570141401423452
6 3 5 4 -1  1
11643667400128039142
2 6 4 5 -1  1
11643949328679005271
4 3 5 2 -1  1
11644037229040570920
1 1 2 1 -1  1
11644357772417462635
1 0 2 0 -1  1
11644466907482886848
1 1 2 2 -1  1
11644701918500235730
2 5 3 5 -1  1
11644781517591069224
3 1 4 1 -1  1
11644898921923539263
0 1 2 2 -1  1
0 2 4 6 -1  1
0 6 2 5 -1  6
1 2 3 2 -1  4
1 4 3 4 -1  1
1 6 2 6 -1  16
11644949076399352200
1 2 1 3 -1  1
11645017195531625320
2 7 5 7 -1  1
11645128804996350659
0 5 0 0 -1  1
11645158497430940874
1 6 2 6 -1  1
11645175303165839461
2 5 1 3 -1  1
11645238433736995307
1 0 3 0 -1  1
11645394156938854263
0 2 1 1 -1  1
11645484825670948353
1 1 2 1 -1  1
11645603216574104478
0 4 0 6 -1  2
11645628356417823092
0 3 1 3 -1  1
11645793396067941907
3 2 5 4 -1  1
11646138011718915358
4 2 6 2 -1  1
11646227828296152888
0 3 3 6 -1  1
11646267624296412871
0 2 4 2 -1  1
11646578882438899604
0 4 0 6 -1  2
11646723404038605169
2 3 1 2 -1  1
11646790469470899035
1 4 1 3 -1  1
11647054040126142185
1 5 2 5 -1  2
11647237929361583029
3 4 5 6 -1  1
11647332231471139146
0 1 2 2 -1  1
11647363463273532910
2 2 1 2 -1  1
11647397919812531512
3 5 5 7 -1  1
11647426530889220219
0 5 1 4 -1  1
11647585940905503248
6 1 7 1 -1  1
11647618271429840445
1 2 1 1 -1  1
11647809953715907164
3 0 3 3 -1  1
11648005262745097854
2 3 3 2 -1  1
11648012755250442675
1 6 0 5 -1  1
11648210215770068012
0 3 0 4 -1  1
11648265665044862161
1 3 2 3 -1  1
11648328351023891024
5 4 5 0 -1  1
11648433265937935144
3 7 2 6 -1  1
11648456106380696984
0 4 0 3 -1  1
11648466236692468161
4 5 5 6 -1  1
11648607341208575177
1 0 2 0 -1  1
11648772553545122525
0 5 0 4 -1  1
11648972742370809905
0 2 4 6 -1  1
1 6 3 6 -1  1
11649004205804692791
3 3 0 3 -1  1
11649036473853647512
1 1 1 0 -1  1
11649297109331073555
2 4 3 3 -1  1
11649419505913377268
1 3 3 1 -1  1
11649568009922333860
2 2 3 3 -1  2
11649613199569346041
2 4 1 5 -1  3
11649706314574979670
1 7 2 7 -1  1
11649864822161564233
0 6 0 7 -1  1
11650066893819108713
3 4 4 4 -1  1
11650252178576027979
7 3 5 1 -1  1
11650367603018508084
0 3 2 3 -1  1
11650535677329137807
1 3 3 5 -1  1
11650724404393525251
2 6 4 7 -1  1
11650878884688650547
0 1 1 3 -1  1
1 4 3 4 -1  1
11651022401422928598
4 5 2 4 -1  1
11651076101866838511
0 0 0 3 -1  1
11651083715421788263
3 2 5 4 -1  1
11651214452225951495
0 6 1 5 -1  1
11651419640809382743
6 4 7 3 -1  1
11651565642743183240
1 7 3 7 -1  1
11651589545333221404
1 2 2 3 -1  1
11651592615058169459
3 4 3 5 -1  1
11651633818869423179
3 5 4 5 -1  1
11652012018732535501
5 5 4 4 -1  1
11652102930629991978
0 5 1 6 -1  1
11652112933148335550
1 0 3 0 -1  1
11652476202610418098
0 5 2 3 -1  1
11652563256229912225
2 2 2 5 -1  1
11652747466305992330
1 3 4 6 -1  1
11652912655130677569
3 2 2 3 -1  1
11652959352596670104
4 2 5 2 -1  1
11652995759703300220
0 2 2 4 -1  1
11653190572028663307
0 2 2 4 -1  1
11653305786378102225
0 3 3 3 -1  1
11653889940932533579
4 1 5 3 -1  1
11653947793148379602
4 6 3 6 -1  1
11654085654555453467
0 5 0 3 -1  1
11654226414208186740
5 2 4 0 -1  1
11654237344037995527
2 5 3 6 -1  1
11654243390000252178
0 6 2 5 -1  1
11654283864133871409
1 7 3 7 -1  1
4 6 3 7 -1  7
11654372985614206957
0 3 2 3 -1  3
11654460565173074055
2 0 4 0 -1  1
11654637344802117822
3 0 4 0 -1  1
11654755435311877156
2 3 1 4 -1  1
11654819634963824617
4 6 4 5 -1  1
11654837430760807358
1 7 3 6 -1  1
11654947684072937132
4 4 5 4 -1  1
11654956182082246766
0 5 0 4 -1  7
1 2 2 2 -1  1
11655161653632591323
0 0 0 2 -1  1
0 4 0 6 -1  1
11655274150357978703
0 0 0 2 -1  1
0 3 2 1 -1  1
11655301666815784006
4 3 5 4 -1  3
11655325200800704604
0 3 1 3 -1  1
11655719430290075738
2 5 2 4 -1  1
11655728616294330636
0 5 0 4 -1  1
11655778298172713009
5 4 5 1 -1  2
11655861723785922815
1 4 2 5 -1  1
11655919876619649371
6 6 6 0 -1  1
11656023056519324754
0 4 4 4 -1  1
11656188214628062385
1 1 2 1 -1  2
11656413630954773740
0 4 0 6 -1  1
11656544283489147683
1 4 1 3 -1  1
11656561782684289875
2 6 1 4 -1  1
11656682950673515274
3 7 4 7 -1  1
11656752944298332749
4 7 7 7 -1  1
11656780922770697445
3 5 5 4 -1  1
11656831055547701648
0 2 0 3 -1  1
11656951926306141354
5 3 6 1 -1  1
11657477662638389659
0 6 2 5 -1  1
11657786044768831000
2 5 1 3 -1  1
11657987100978343618
1 3 1 5 -1  1
11658138987148281899
0 2 0 1 -1  1
11658204506707649544
2 4 1 3 -1  1
11658262120797901224
0 1 0 0 -1  1
11658453698483857763
0 3 2 5 -1  2
11658513100021377136
4 1 6 2 -1  1
11658562955613241713
1 5 2 4 -1  1
11658567435979035687
3 3 0 0 -1  1
11658579897372254153
4 6 2 4 -1  1
11658615304795847118
3 1 7 5 -1  2
11658862556531357951
0 4 1 4 -1  1
11659131355193623085
1 4 3 4 -1  1
11659386259360107481
4 2 5 2 -1  1
11659780531235022482
6 3 6 1 -1  1
11659871965837425193
1 6 0 5 -1  1
11659874956874369996
2 5 0 3 -1  1
11659920305621132128
0 2 0 0 -1  1
11660130664777207365
1 0 3 0 -1  1
11660167175195595370
0 2 2 1 -1  1
11660276082571421571
0 3 3 0 -1  1
11660276151426048357
1 6 2 6 -1  1
11660325640194413153
1 6 2 6 -1  1
11660441836789630501
3 2 3 1 -1  1
11660703553033797628
0 3 0 4 -1  1
11660847194614990253
0 2 0 1 -1  1
11661111839724912897
0 4 2 5 -1  1
11661165008556218950
1 5 3 5 -1  1
11661363496512391198
2 5 3 6 -1  2
11661657682583075617
4 4 3 4 -1  1
11661677787026754293
4 6 5 5 -1  1
11661812091350665216
2 1 3 1 -1  1
11661892151479398306
2 1 1 2 -1  1
11662129827264174666
3 2 4 2 -1  1
11662305673077304624
3 4 5 3 -1  1
11662317593740446017
0 6 1 5 -1  1
11662545405702614563
0 7 1 7 -1  1
11662619534565121710
2 2 4 4 -1  1
11662666069008766276
3 0 1 2 -1  1
11662727838115364694
1 1 0 2 -1  1
11662986445684100114
1 2 2 4 -1  1
11663032683380009715
1 1 2 3 -1  1
1 1 3 2 -1  1
11663162020177729219
1 0 2 0 -1  1
11663268375387346740
2 3 4 2 -1  2
11663454903531501931
4 6 1 3 -1  1
11663493619531122369
1 6 0 5 -1  1
11663547214780574981
6 4 7 3 -1  1
11663577340644157115
3 3 2 2 -1  1
11663834759130154306
4 0 3 0 -1  1
11664317217843557672
1 3 3 1 -1  1
11664463046451737140
1 5 2 5 -1  1
11664596123229474996
3 2 4 3 -1  2
11664651812669257768
3 7 4 7 -1  1
11664812775674266230
4 6 1 3 -1  1
11664851115524005203
6 0 4 2 -1  1
11664891668969313647
2 4 3 4 -1  1
11665052943665239310
0 5 1 4 -1  1
0 5 2 3 -1  2
11665054502594210891
6 4 5 4 -1  1
11665116130108341505
0 3 2 1 -1  1
11665252590395703967
5 3 3 2 -1  1
11665302988422642446
0 3 2 1 -1  2
11665429378136160842
6 5 1 0 -1  1
11665943863384049982
2 6 2 5 -1  1
11666143680020368217
2 1 7 6 -1  1
11666167748259915126
0 4 0 6 -1  1
11666364638888624155
1 4 3 5 -1  1
11666401971671711656
1 7 3 7 -1  1
11666480986897991004
2 6 2 7 -1  1
11666501398986302799
2 2 3 3 -1  1
11666526019151909067
1 1 3 1 -1  1
11666631781443262652
1 5 2 5 -1  1
11666775611542156875
4 3 5 3 -1  1
11666803980925187380
1 5 3 5 -1  2
11667275932132018662
1 1 3 3 -1  1
11667325888433766172
0 4 2 3 -1  1
11667375617877670426
0 5 1 4 -1  1
11667433129324621774
1 4 1 0 -1  1
11667722667844244746
4 4 5 2 -1  1
11667952175236432793
1 0 2 1 -1  2
11668027772869391932
0 6 1 4 -1  1
11668159450372962244
2 0 3 1 -1  1
11668534404543978910
1 1 2 1 -1  1
11669098251856603651
0 0 0 4 -1  3
11669489920838121254
0 6 0 5 -1  1
11669740629163883462
2 2 1 4 -1  1
11669759420544062049
2 3 3 4 -1  1
11669830058367038618
1 3 0 3 -1  1
11670081522757288298
1 3 3 3 -1  1
11670096653779084574
2 4 2 5 -1  1
11670113755195590786
4 4 4 3 -1  1
11670192820161794137
1 7 3 7 -1  1
11670462255576935725
6 0 4 2 -1  1
11670491986404294337
0 4 0 3 -1  1
11670557794307313744
3 2 3 0 -1  1
11670860631680435815
0 4 0 6 -1  1
11670879411194172118
5 3 5 4 -1  1
11670958399917580758
3 1 5 0 -1  1
11671009510659194282
1 3 3 3 -1  1
11671215470824830790
0 2 1 3 -1  1
11671349345062232623
2 4 3 4 -1  1
11671358067510223668
2 2 3 4 -1  1
2 4 3 3 -1  1
11671438700370737499
1 6 0 7 -1  1
11671510229905450636
7 1 6 1 -1  1
11671792029456857064
1 3 3 2 -1  1
11671855176165839578
4 4 5 5 -1  1
11671868433410345281
1 2 2 1 -1  1
11671952127304406467
1 6 2 7 -1  1
11672032539561657028
0 7 0 4 -1  3
11672035487493614285
3 0 2 2 -1  3
11672140992743738751
1 5 3 5 -1  1
11672171523553723977
0 0 0 2 -1  1
3 2 4 2 -1  2
11672199017000980979
1 1 2 1 -1  1
11672293597831498430
2 3 1 2 -1  1
11672474982088162816
1 4 1 5 -1  1
11672695698672453396
2 7 3 7 -1  1
11672750703466407244
0 4 0 6 -1  1
11672833661674857065
2 1 3 1 -1  1
11672891935114908156
0 5 0 4 -1  1
11673034870883182754
3 2 4 2 -1  1
11673144923228603235
3 2 4 0 -1  1
11673274280258610581
2 0 3 0 -1  1
11673275051950672947
1 4 1 0 -1  1
11673357382478905708
2 2 4 3 -1  1
11673398591731764885
4 1 5 1 -1  1
11673466998650589570
3 3 1 2 -1  1
11673545382590365495
5 5 5 6 -1  1
11673874832950171864
1 5 1 4 -1  1
11673916205710278633
4 7 5 6 -1  1
11673921144041780710
1 6 2 7 -1  1
11673952242087684982
0 6 0 7 -1  1
11674060371126803795
1 5 2 4 -1  1
11674294657014660409
5 0 5 1 -1  1
11674480912979703775
5 1 4 0 -1  1
11674526055076261124
1 5 1 4 -1  1
11674826625125838790
5 3 5 2 -1  1
11675112751931683437
2 3 3 4 -1  1
11675310532994369579
1 4 3 2 -1  1
11675570996340358233
6 6 6 4 -1  1
11675650596534644849
0 3 2 5 -1  1
11676114861337635716
2 5 3 5 -1  1
11676242939059275429
3 4 4 5 -1  1
11676463455458888626
2 4 2 3 -1  1
11676511678742511585
4 4 5 4 -1  1
11676687793340718593
2 2 3 0 -1  1
11676705993734271499
1 4 1 1 -1  1
11676721291969201073
3 6 4 5 -1  1
11677497233330956060
0 0 1 1 -1  1
11677749551466246006
0 6 1 5 -1  1
11677760715428132940
0 0 0 2 -1  1
11677979286936286721
1 3 2 1 -1  1
11678109434184302753
0 5 4 5 -1  1
11678135223792069952
0 6 0 7 -1  2
11678766847938746065
1 4 2 6 -1  1
11678955064986060529
5 5 4 4 -1  1
11679774329002143301
3 3 4 3 -1  1
11679937255411330397
6 5 4 3 -1  1
11680003538955955516
4 1 1 4 -1  1
11680017198718550342
2 0 4 2 -1  1
11680182409431166344
2 3 1 2 -1  3
11680253458705864612
0 1 2 2 -1  1
11680352896634767416
1 3 3 2 -1  4
11680388471823576105
1 2 2 1 -1  1
11680863866164483370
6 2 7 0 -1  1
11681101834767097098
5 6 3 4 -1  1
11681382199698385152
0 4 2 3 -1  1
11681508967882654695
3 3 4 1 -1  1
11681532992036081827
2 1 2 5 -1  1
11681865786639026687
1 2 3 2 -1  1
11682248289916051648
6 2 7 3 -1  2
11682257222209659953
0 5 0 3 -1  1
11682420694777925107
4 7 3 7 -1  1
11682439882444150587
7 0 7 5 -1  2
11682734650744688295
5 5 6 4 -1  1
11682864551705238097
0 5 0 4 -1  1
11683334437078814127
0 5 0 1 -1  1
11683339599914700098
1 5 2 6 -1  1
11683603127642882785
1 7 2 7 -1  1
11683729974571592525
3 2 4 3 -1  1
11684066862430872546
0 5 0 3 -1  1
11684076879884248819
1 5 3 5 -1  1
11684158443391902433
1 0 2 2 -1  1
11684393227945991554
0 2 2 4 -1  1
11684443120949513265
3 0 0 0 -1  1
11684473135087724603
1 3 3 1 -1  2
11684585803052954629
1 7 2 5 -1  1
11684615262904924693
3 3 2 1 -1  1
11684640806604410047
1 1 2 1 -1  1
11684981915049965756
3 4 6 4 -1  1
11685085116817300394
2 1 2 5 -1  2
11685238487038436081
0 1 1 3 -1  1
11685333669264847631
1 5 3 5 -1  1
11685534648849613137
0 3 2 5 -1  1
11685576672645875618
1 4 3 3 -1  1
11685725836300761614
3 0 4 0 -1  1
11685790111660995389
0 3 6 3 -1  1
11685873059821072996
4 0 5 0 -1  1
11685911497536768742
1 5 1 6 -1  1
11686040850140486333
1 2 2 1 -1  1
11686241448905741769
3 7 4 7 -1  1
11686246645259170034
0 5 1 6 -1  1
11686450878234659328
3 2 2 4 -1  1
11686673974162838825
3 2 4 3 -1  1
11686881903773584219
0 5 1 5 -1  1
11687184134443476815
0 4 0 6 -1  1
11687194811429699827
0 1 6 1 -1  1
11687294238803052702
5 0 4 1 -1  1
11687438712896033943
3 5 4 4 -1  1
11687595104339068543
3 2 4 2 -1  1
11687641650136583462
0 3 0 0 -1  1
11687803861372415046
2 1 1 2 -1  1
11687893156334434351
6 2 5 2 -1  1
11687988803398970358
2 5 4 6 -1  1
11688039173077001531
2 0 2 6 -1  1
11688188148110743851
0 3 2 5 -1  1
11688254834092424113
6 6 6 7 -1  2
11688536075700957831
1 7 2 7 -1  1
11688774806878166292
4 5 5 6 -1  2
11688780278061776906
0 5 1 5 -1  1
11688874804055156625
6 3 5 1 -1  1
11688881038123599288
2 5 4 4 -1  1
11688927473202270628
2 5 2 6 -1  1
11688931799216340412
4 1 5 2 -1  1
11688968703720908588
1 1 2 1 -1  1
11688977970333508654
3 6 3 5 -1  1
11689024855319485654
3 7 4 5 -1  1
11689254785305656875
2 5 3 5 -1  1
11689761663059930558
0 5 1 3 -1  1
11689799160689843676
0 5 2 3 -1  1
11689996552090075446
1 2 1 3 -1  1
11690097577238421532
0 1 5 1 -1  1
11690412795657815306
1 7 2 6 -1  1
11690416044567281087
3 7 4 6 -1  1
11690758606613427585
5 1 4 3 -1  1
11690821011727743541
0 3 0 5 -1  1
11690942345653956984
2 7 3 7 -1  1
11691399947556520223
3 5 6 2 -1  1
11691485949996603521
0 5 1 6 -1  4
11691521844322692376
3 0 2 2 -1  1
11691569614435771508
7 3 1 3 -1  1
11691656409780321575
1 7 1 5 -1  1
11691690172375656795
7 5 6 5 -1  1
11691838586733806062
6 5 3 2 -1  1
11691844463658402351
3 6 4 7 -1  1
11692184394675681805
1 1 0 2 -1  1
11692226259433457842
2 2 4 3 -1  1
11692290836297552420
3 5 6 2 -1  1
11692699771569144302
4 7 4 1 -1  1
11692772460968590529
4 1 2 3 -1  1
11692809610619466398
0 3 0 4 -1  1
11693138382728117761
2 2 1 0 -1  1
11693236813526952972
2 1 4 0 -1  1
11693267328382059621
4 6 5 7 -1  1
11693338882277113617
1 5 2 5 -1  1
11693550155340925251
0 0 0 4 -1  1
11693600205670077904
0 2 6 2 -1  1
11693617665100018892
1 3 1 4 -1  1
11694372876745367171
0 2 2 2 -1  1
11694479972537358906
0 2 1 1 -1  1
11694813833459755586
0 3 2 3 -1  2
2 2 4 3 -1  3
11694818036156227853
5 5 6 5 -1  1
11695186079852665774
0 5 0 4 -1  2
11695197374895077668
6 5 7 5 -1  2
11695369983811446908
1 5 2 5 -1  1
11695443360753083745
2 4 3 6 -1  1
11695635101535115813
4 3 6 3 -1  1
11695759548106614353
1 2 1 4 -1  1
11696094888341279934
1 3 1 2 -1  1
11696103307516889615
4 3 2 4 -1  1
11696214311040204735
1 7 2 6 -1  2
11696328260183759618
0 4 0 1 -1  1
11696375638635033407
1 7 2 6 -1  1
11696596589215841535
0 4 6 4 -1  1
11696853236276173849
1 7 2 7 -1  1
11696938321897835117
0 3 0 4 -1  1
11697023388723061997
2 0 3 0 -1  1
11697028186469441242
2 5 3 4 -1  1
11697279412017721403
2 5 3 4 -1  1
11697540471826752054
2 2 1 4 -1  2
11697802898564137014
4 7 5 6 -1  1
11698139474546207457
3 4 4 4 -1  1
11698189117736707785
0 0 7 0 -1  1
11698234084319110043
0 4 0 2 -1  1
11698489201064679002
7 6 7 3 -1  2
11698532555635379252
5 7 6 7 -1  2
11698621640521363317
1 7 3 7 -1  1
11698645515812665581
1 7 2 7 -1  1
11698707864224537183
2 2 4 3 -1  1
11698842780835442197
3 4 2 4 -1  1
11698912361873151049
0 0 4 0 -1  1
11699131050990570220
1 4 3 2 -1  1
11699254544735669629
3 4 4 5 -1  1
11699617143683791877
3 5 3 6 -1  1
11699689841176754054
0 4 6 4 -1  1
11699707401516016170
4 6 5 4 -1  1
11699717528354933013
0 1 3 4 -1  1
11699780531824454252
3 1 4 2 -1  1
11699865201949759079
3 7 4 7 -1  1
11699972498354524030
7 0 5 0 -1  1
11700310755319576889
2 5 3 3 -1  1
11700323575132023966
1 7 2 7 -1  1
11700457765526163882
2 4 4 2 -1  1
11700462945395038318
1 6 3 6 -1  1
11700640181059693677
0 3 2 1 -1  1
11700850057937510761
7 0 4 0 -1  2
11700867805018426213
2 0 3 1 -1  1
11701145337710313665
2 0 3 0 -1  1
11701267934591880814
2 5 3 6 -1  1
11701480667847286658
5 3 6 2 -1  1
11701695987729808205
1 5 2 5 -1  1
11701803454482623760
2 6 3 7 -1  1
11701818711258086880
0 6 0 5 -1  1
11701957043212485124
6 2 4 3 -1  1
11702044225781375891
3 2 4 3 -1  1
11702134489298809734
1 6 2 7 -1  1
11702348796412168074
3 6 3 7 -1  1
11702398656088571097
3 3 1 5 -1  1
11702420331982281217
2 1 0 3 -1  1
11702943994658878014
0 1 3 1 -1  1
11702977585082320340
3 5 4 4 -1  1
11703253592544712794
4 1 5 2 -1  1
11703294090835347326
0 4 0 6 -1  2
11703332951676823727
0 3 0 4 -1  1
11703463456204569833
2 4 6 4 -1  1
11703673125329155537
1 7 2 6 -1  1
11703678567083019465
3 2 2 3 -1  2
11703784192408888293
4 5 4 6 -1  1
11703912070515082681
2 5 4 4 -1  1
11704141210171418235
1 3 2 5 -1  1
11704247432446026282
1 7 2 7 -1  1
11704311896526154317
3 7 4 7 -1  1
11704546524541302727
2 2 3 0 -1  1
11704569518266953798
0 6 0 1 -1  1
11704600361679105724
0 2 1 1 -1  1
11704633830743902470
0 1 1 3 -1  2
11704840083519180278
0 2 1 1 -1  1
11704882678173790124
2 4 3 5 -1  1
11704998589247166888
2 4 3 5 -1  1
11705209533846274011
1 4 3 4 -1  1
11705523984614106822
4 2 6 1 -1  1
11705532237299075430
3 7 4 6 -1  1
11706219018218051648
0 2 2 4 -1  1
11706371219549400738
3 3 1 2 -1  2
11706383060544464765
3 4 4 4 -1  1
11706403530849430828
1 2 2 2 -1  3
11706504056758956688
0 5 0 4 -1  1
11706534748313055255
1 1 2 1 -1  1
11706635666984335425
5 3 6 3 -1  2
11706697418212857063
3 3 4 1 -1  1
11706702147349800711
2 6 3 7 -1  1
11706860599660135872
0 2 0 1 -1  1
11707015095839228965
2 4 4 3 -1  3
11707045211513093790
1 6 3 6 -1  1
11707173167403313843
0 5 0 3 -1  1
1 7 2 7 -1  3
11707319248383884507
2 1 2 3 -1  1
11707351879416547957
3 7 4 5 -1  1
11707553697680520436
3 4 2 5 -1  1
11707694565514405586
3 3 4 4 -1  1
11707928096802304620
0 1 3 1 -1  1
11707976339291409069
2 2 2 3 -1  1
11708243474744738333
1 6 3 4 -1  2
11708593487955160057
1 3 3 5 -1  1
11708701950889101256
1 7 3 7 -1  1
11708922759310244539
0 7 1 6 -1  3
11708986305846119295
0 4 1 4 -1  1
11709076304156918647
6 5 6 1 -1  1
11709093656337521123
2 4 1 4 -1  1
11709145599585060101
2 4 2 3 -1  1
11709591144529788762
3 4 4 5 -1  1
11709733319482771008
1 7 3 7 -1  1
11709791202359187080
3 6 4 6 -1  1
11709853510239846727
1 4 0 2 -1  1
11709909172435717411
3 0 4 1 -1  1
11710025933603117096
3 6 2 7 -1  1
11710036724607843787
2 4 3 6 -1  1
11710139410689653604
0 4 0 1 -1  2
11710160651765290280
0 6 1 5 -1  1
11710165897467053037
2 7 3 7 -1  1
11710174418977494907
1 4 3 2 -1  1
11710285597207244896
2 2 1 4 -1  1
11710345058069814197
5 4 6 4 -1  1
11710374952268438913
1 3 0 5 -1  1
11710565147779990937
0 3 1 4 -1  1
11710702240207462371
1 1 2 1 -1  1
11710815489587717142
0 4 3 4 -1  1
11711080111854898597
1 1 2 1 -1  1
11711316599498514764
1 7 3 7 -1  1
11711342401796411453
7 0 7 4 -1  1
11711350329700889756
3 3 4 2 -1  1
11711479358453796035
0 2 2 4 -1  1
11711598328723280603
5 7 6 7 -1  1
11711677639643103025
2 3 3 2 -1  1
11711796625184407087
7 3 5 3 -1  1
11711802832507115933
0 2 2 4 -1  1
11711907275756512899
7 2 5 2 -1  1
11712122916185600681
2 3 2 2 -1  1
11712479502716239801
2 4 3 4 -1  1
11712551029768525219
3 3 4 3 -1  1
11712680194359230490
0 2 0 3 -1  3
11712731485781857982
0 0 0 4 -1  1
11712742849168947360
4 6 5 5 -1  1
11712897610320974597
2 5 3 5 -1  1
11713201616841449406
5 3 5 2 -1  1
11713205203231564466
2 4 5 7 -1  1
11713367274483483110
2 6 2 5 -1  1
11713376023218444666
1 2 3 2 -1  1
11713478536123663279
1 6 2 6 -1  1
11713829737640653921
1 6 3 6 -1  1
11714032155888651006
6 6 2 6 -1  1
11714121416879911235
1 0 2 1 -1  1
11714261898350799028
4 3 5 2 -1  1
11714337152038878074
1 5 2 4 -1  1
11714429560781954934
2 6 7 6 -1  1
11714580856594164904
1 5 2 4 -1  1
11714829522472473024
0 6 0 4 -1  1
11714855908979603395
1 3 3 3 -1  2
11714884488131440103
5 2 6 4 -1  1
11714903173948438411
4 3 1 3 -1  1
11715098420956593926
2 6 3 6 -1  1
11715483194873239194
1 5 0 4 -1  1
11715505746206712199
4 4 4 5 -1  1
11715556119404335005
1 3 1 6 -1  1
11715565041681459332
2 7 3 6 -1  1
11715868706791075920
3 7 4 7 -1  1
11715916713503624599
5 3 7 2 -1  1
11715974602268465202
2 4 3 3 -1  1
11716179674149000353
0 6 0 7 -1  1
11716280941087113771
2 6 3 6 -1  1
11716398807372582720
2 4 4 3 -1  1
11716466130011655563
0 2 1 3 -1  1
11716513741987819282
0 4 0 0 -1  1
11716530493845313123
0 5 1 4 -1  1
11716803416653218797
4 1 5 2 -1  1
11716919809718961974
0 3 1 3 -1  1
11717098894895085197
0 3 1 4 -1  1
11717244751486122414
1 4 0 3 -1  2
11717488480250571551
1 1 2 2 -1  3
11717590843661450268
2 1 3 2 -1  1
11717686010193210283
5 5 5 4 -1  1
11717793399619966464
5 3 7 2 -1  1
11717849325798713002
3 4 3 7 -1  1
11717851701875130780
5 2 7 2 -1  1
11717887108974846580
3 5 4 5 -1  1
11717920473014769880
0 3 3 3 -1  1
11718004824186720232
1 0 3 0 -1  1
11718142913606694215
0 6 0 5 -1  1
11718343902713207455
4 6 5 5 -1  1
11718536136355013230
1 6 2 5 -1  1
11718553588701675829
1 5 2 5 -1  1
11718584215603843581
5 3 3 5 -1  1
11718724246272499301
3 6 6 6 -1  2
11718739560831849578
0 1 2 2 -1  1
11719023011242090690
2 5 2 4 -1  1
11719213444874306476
2 6 3 7 -1  1
11719217234372827061
0 3 3 3 -1  1
11719246186942158250
3 4 5 3 -1  1
11719346958717393404
1 6 2 5 -1  1
11719398786031566369
0 0 0 1 -1  1
11719479319540635387
1 5 1 4 -1  1
11719554060467717527
1 6 2 4 -1  1
11719607110679524004
1 2 2 2 -1  1
11719717788915704120
0 0 7 0 -1  2
11719752087846215791
0 4 3 4 -1  1
11720240085729882143
2 2 3 3 -1  1
11720413881422328822
5 5 6 7 -1  1
11720527018965044624
1 7 2 6 -1  3
11720587134985160923
2 2 0 3 -1  1
11720749794229496545
3 3 4 3 -1  1
11720875166860259766
4 7 5 7 -1  1
11721066033114132942
3 3 5 3 -1  1
11721227577554698824
4 4 5 2 -1  1
11721434589997279486
0 3 1 3 -1  9
1 6 3 6 -1  2
11721502044939934675
2 4 3 3 -1  1
11721894195915887587
0 5 4 1 -1  1
11721942475723906727
4 6 2 4 -1  1
11722034692828193861
1 0 3 0 -1  1
11722309998691757050
2 0 3 1 -1  1
11722436085217278955
0 3 2 1 -1  1
11722459924325712028
0 3 2 3 -1  1
11722476085812226717
1 5 2 6 -1  1
11722621543175838537
1 5 3 5 -1  1
11722654794354766220
0 5 0 6 -1  1
11722778685938993767
4 6 2 7 -1  1
11722809621832009061
3 3 4 4 -1  1
11722987829314515596
4 6 4 7 -1  1
11723442987970895618
1 1 2 1 -1  1
11723770196241918630
2 3 3 4 -1  1
11723809514650342022
0 1 2 2 -1  1
11723955334594403477
3 1 4 1 -1  1
11724306709162849171
0 5 0 4 -1  1
11724468536664997954
2 2 3 2 -1  1
11724815547351516652
0 2 0 3 -1  1
11724855947662709029
4 4 5 5 -1  2
11724891155033164343
3 2 3 7 -1  1
11725012046077268630
0 4 0 2 -1  1
11725060268341918350
1 2 2 3 -1  1
11725141537961732246
2 0 7 0 -1  1
11725182897810486037
1 3 1 4 -1  1
11725221745037806334
2 6 4 4 -1  1
11725274446155626780
3 3 4 3 -1  1
11725329871053138106
1 1 2 2 -1  1
11725489204096155155
1 6 3 6 -1  1
11725536261134598933
4 2 5 1 -1  1
11725539088867908506
0 5 2 4 -1  2
11725796970317303997
4 1 6 0 -1  1
11725898193449123872
1 2 2 2 -1  2
11725905618473118461
0 4 2 4 -1  1
11726159836334053117
3 1 4 1 -1  2
11726263836747569119
0 1 0 0 -1  1
11726405982692427800
4 0 4 2 -1  1
11726518614931991527
4 1 4 2 -1  1
11726580392294226762
0 2 2 1 -1  1
11726598683945730951
3 2 4 2 -1  1
11726735636018559038
0 4 3 4 -1  1
11727114408641809492
6 2 5 3 -1  1
11727335617177793037
0 3 0 2 -1  1
11727496726121112021
0 5 0 6 -1  1
11727676349372651049
1 4 3 4 -1  2
11727975926416466041
0 1 1 3 -1  1
11727997734638946572
0 3 1 3 -1  1
11728136180620133719
2 5 4 4 -1  2
11728165409777625492
1 4 3 4 -1  1
11728566360688147453
5 2 6 2 -1  1
11728773490413560183
4 3 5 3 -1  1
11729212559371274855
1 6 3 5 -1  1
11729288900515433116
1 4 1 3 -1  1
11729458263113038220
0 1 2 2 -1  1
11729530344172667396
4 5 5 5 -1  1
11729595474840669169
4 4 4 5 -1  1
11729799220515215293
0 6 1 7 -1  1
11729832151094179780
1 3 3 4 -1  1
11729915416705311771
6 4 6 6 -1  1
11729976027130283245
3 7 4 7 -1  1
11730190429312131319
5 4 7 6 -1  1
11730288288293519147
0 6 0 5 -1  1
11730604877062207152
1 1 2 1 -1  1
11730795830190688009
3 4 2 6 -1  2
11730796767495449440
6 4 5 4 -1  1
11730821213275365446
3 7 4 5 -1  1
11730879281070140208
0 0 0 6 -1  1
11731120363123664001
3 7 4 7 -1  1
11731200903302266800
3 5 5 3 -1  1
11731409677069301324
3 3 6 3 -1  1
11731956567773712715
0 4 0 6 -1  3
11731974160163460530
3 4 3 6 -1  1
11732324046023492061
0 2 2 4 -1  1
11732496353391888445
0 7 1 7 -1  1
11732516133387009348
1 2 3 0 -1  1
11732964659745679079
3 3 4 2 -1  1
11733074503474487317
2 5 4 6 -1  1
11733118728493045149
0 4 0 2 -1  1
11733228040709839155
6 1 4 2 -1  1
11733380523751110769
0 4 0 5 -1  1
11733678475075397826
0 2 4 6 -1  1
11733723038923934254
1 2 1 5 -1  1
11733783309072753238
4 3 5 3 -1  1
11733794747544231832
6 6 7 5 -1  1
11733870304198992441
0 7 1 6 -1  1
11733931171953789074
1 0 2 0 -1  1
11734214732769889909
5 0 6 2 -1  1
11734267951472624742
1 4 2 4 -1  1
11734316804120181751
2 2 1 3 -1  1
11734645966708360985
1 6 3 6 -1  1
11734685750425447336
1 3 3 4 -1  1
11734935111122482359
5 3 7 5 -1  2
11735125183969869061
7 2 7 7 -1  1
11735272726629104506
0 6 1 5 -1  1
11735297954683730528
2 5 4 4 -1  1
11735496071385576721
1 6 2 6 -1  1
11735695369361316205
4 1 5 2 -1  1
11735785982454789015
7 7 6 7 -1  1
11735793260331608458
5 6 4 7 -1  1
11735801106953490918
1 4 3 6 -1  1
11735813364898588312
3 2 4 3 -1  1
11736061379098340006
2 2 3 2 -1  1
11736106852732378754
0 7 0 6 -1  1
11736122997213622511
1 2 2 2 -1  1
11736245191192446567
7 3 7 4 -1  1
11736307396493454643
2 4 6 4 -1  1
11736307863522944379
1 3 2 3 -1  1
11736489249305538478
1 2 3 2 -1  1
11736908383609994544
4 3 3 2 -1  1
11736927711264563165
1 1 1 3 -1  1
11736954195183206080
0 2 2 4 -1  1
11737002838068066926
3 2 4 3 -1  1
11737028743794304119
2 0 1 2 -1  1
11737043231165810546
2 7 3 7 -1  1
11737072494697109412
2 5 1 3 -1  1
11737194808860335373
2 2 4 1 -1  1
11737218996646082294
3 4 0 4 -1  1
11737256394456371713
5 3 6 3 -1  1
11737559960315428967
0 2 1 3 -1  1
11737593692918574458
4 4 5 4 -1  1
11738004213415209916
4 3 2 2 -1  2
11738018484281770393
2 6 2 7 -1  1
11738080783426418895
3 2 4 2 -1  1
11738416941444001224
1 4 2 5 -1  1
11738568671600952943
7 6 5 4 -1  1
11738569117309338794
4 7 5 7 -1  1
11738596357483195086
7 2 7 7 -1  1
11738665071907492941
3 5 4 5 -1  1
11738678816389432628
2 5 3 3 -1  1
11738829032818134909
2 3 1 4 -1  1
11738879024061138654
1 5 2 5 -1  1
11739107281864964565
5 5 6 6 -1  1
11739117997952756777
3 2 4 4 -1  1
11739180982214009775
3 7 1 6 -1  1
11739215111023160670
0 4 3 4 -1  1
11739217138748947520
0 3 7 3 -1  2
11739349902249291056
1 2 2 3 -1  1
11739416287563572922
3 2 4 2 -1  1
11739503712802881816
6 2 3 2 -1  1
11739581663333204307
6 1 6 0 -1  1
11739739222609706531
0 1 0 0 -1  1
11739761170179233351
4 5 5 4 -1  1
11739941863289945609
0 3 2 4 -1  1
11739968048481201599
2 0 1 2 -1  1
11740164726176040885
7 3 4 3 -1  1
11740710385967443858
6 1 6 2 -1  1
11740737613095042192
1 4 3 4 -1  1
11740763223565443784
4 5 5 4 -1  1
11740818836386819989
0 2 2 4 -1  1
11740896316924152500
1 0 2 0 -1  2
11740964658566948385
1 7 3 7 -1  1
11741180167268566742
1 3 2 5 -1  1
11741384493117749074
4 3 5 3 -1  1
11741562639972715174
0 6 4 6 -1  1
11741582910413545687
3 2 3 1 -1  1
11741634927546580004
0 4 0 6 -1  1
11741668403454821048
7 6 5 4 -1  1
7 6 6 5 -1  1
11741726207644005733
3 5 2 5 -1  1
11741904381811339575
0 2 3 2 -1  1
11742004723089607696
2 2 3 1 -1  1
11742017780398139008
0 7 0 3 -1  2
11742261148541300583
1 6 3 6 -1  1
11742379947353726527
0 2 4 6 -1  2
11742406180309434889
2 3 3 4 -1  1
11742575699924816843
1 0 3 0 -1  1
11742602664528799352
0 2 2 3 -1  1
11742745982345148931
4 7 5 7 -1  1
11742954456406760192
0 3 3 6 -1  1
11743052290571955182
2 7 3 6 -1  1
11743117622277525284
2 1 2 2 -1  1
11743240912460320362
5 6 5 7 -1  1
11743345763254068229
1 6 2 5 -1  1
11743417894489636272
3 4 7 0 -1  1
11743516252613130479
0 0 0 3 -1  1
11743601276656181109
2 5 1 4 -1  1
11743610721416592270
3 2 4 3 -1  1
11743653094005407739
0 5 1 6 -1  1
11743708252349571607
6 2 6 5 -1  1
11743764004240246030
0 3 1 3 -1  1
11743800412071288899
0 1 2 2 -1  2
1 7 2 7 -1  2
11743888109699120824
3 2 2 3 -1  1
11744193824211341209
1 2 3 0 -1  3
11744330002107994868
2 4 1 3 -1  1
11744344268708778787
2 1 1 3 -1  2
11744477404575693506
1 6 2 6 -1  1
11744515393071683724
3 3 4 5 -1  1
11744520598232295538
2 4 3 3 -1  1
11744677536141628158
4 5 3 3 -1  1
11745020260981739946
0 2 0 0 -1  1
11745075375802087761
1 3 2 2 -1  2
11745207770114699373
3 4 4 5 -1  1
11745269818212595496
2 7 2 4 -1  1
11745282976601010982
1 5 6 5 -1  1
11745582538345310266
1 6 2 6 -1  1
11745655887181333848
3 2 1 1 -1  1
11746000105654429736
4 3 4 4 -1  1
11746080856135409095
2 4 3 4 -1  2
11746091656485366343
2 2 2 7 -1  3
11746502925088589502
5 3 6 3 -1  1
11747196294761741516
2 1 1 2 -1  1
11747444362913266389
0 5 1 7 -1  1
11747570790506873637
2 4 2 5 -1  1
11747680957753220934
1 7 3 7 -1  1
11747919026591326769
1 6 2 6 -1  1
11747937295404649835
4 5 5 4 -1  1
11747939863285260444
0 6 1 5 -1  1
11747941042775787759
0 0 0 3 -1  1
11748030820476803626
1 3 2 5 -1  2
11748048993746143726
5 0 7 1 -1  1
11748090344954559825
0 5 1 4 -1  1
11748219806541293485
0 4 0 6 -1  1
11748234070555899954
6 2 7 2 4  1
11748350908924005465
1 1 3 1 -1  1
11748492176547310139
0 7 0 6 -1  1
11748529091677969595
1 5 2 5 -1  1
11748571212394150031
2 2 1 2 -1  1
11748593897631505943
4 7 5 7 -1  1
11748675155069077705
0 2 4 2 -1  1
11748947448303506064
0 2 0 1 -1  1
11749124980780741415
5 1 7 1 -1  1
11749352831050678769
0 5 2 3 -1  1
11749377183929453477
2 4 2 3 -1  1
11749814988044701263
4 3 5 3 -1  1
11749915046393563769
6 2 6 3 -1  1
11749937576754300099
3 0 4 2 -1  1
11750345888291662387
3 4 4 4 -1  1
11750475710518919503
2 4 3 2 -1  1
11750615362036347684
1 5 1 4 -1  1
11750633187880026544
1 7 2 7 -1  1
