5448609994866719499
5 3 6 3 -1  1
5448621422919357622
0 5 0 2 -1  1
5449161267676881026
0 3 2 1 -1  1
5449346987909991578
2 6 3 6 -1  1
5449450718646490552
1 7 2 7 -1  1
5449518684911658212
1 6 3 6 -1  1
5449614542791103818
1 4 5 0 -1  1
5449723062456041381
3 3 4 3 -1  1
5449804518255492124
0 3 1 2 -1  1
5449857640343209229
0 4 0 3 -1  1
5449949110454537382
5 6 6 5 -1  1
5450069066625006919
0 6 2 5 -1  1
5450280807067747576
1 3 2 1 -1  3
5450325221183647216
1 2 2 2 -1  1
5450492057279403103
2 5 4 6 -1  1
5450515116499265725
0 5 0 4 -1  1
5450526707692397853
0 5 0 3 -1  1
5450969097722488654
1 1 5 1 -1  1
5451111769026784831
1 6 2 7 -1  1
5451416226489447734
1 4 2 4 -1  1
5451834179928042576
1 6 3 6 -1  1
5451874221780457681
2 5 1 3 -1  1
5452377547315167186
0 3 1 4 -1  1
5452399761360594223
0 0 0 3 -1  1
5452502470612566204
2 7 5 7 -1  1
5452546800192298851
5 4 6 4 -1  1
5452552684692284961
2 5 1 3 -1  1
5452621213172546862
0 2 4 6 -1  2
1 7 2 7 -1  1
5452674199174759221
2 1 4 3 -1  1
5452710905478225694
3 2 4 1 -1  1
5452747219728036798
0 4 2 3 -1  1
5452747392843839998
2 4 0 2 -1  1
5452924942176326079
2 2 3 4 -1  1
5453181197242789717
3 7 4 7 -1  1
5453365555023734377
1 6 3 6 -1  1
5453390392030001099
2 5 4 7 -1  1
5453467479905063647
1 1 2 1 -1  1
5453611400433755438
2 6 5 3 -1  1
5453759676136641140
4 4 5 3 -1  1
5453829527450509826
2 5 4 6 -1  1
5453877705267411177
3 3 4 2 -1  2
5453920376086232906
0 6 2 5 -1  1
5453982786900361143
2 2 3 0 -1  1
5454068875064665175
4 3 3 3 -1  1
5454091896324288600
5 0 3 1 -1  1
5454129356904526947
3 1 4 0 -1  1
5454187952216713550
0 6 0 4 -1  1
5454261568364959537
1 1 3 1 -1  1
5454308579639691768
0 0 3 3 -1  1
5454587166894271815
4 6 4 7 -1  1
5454704497880853264
0 6 0 7 -1  1
5454716978803179437
2 4 3 6 -1  1
5454768578170899162
1 6 6 1 -1  1
5455118257745506053
1 3 2 2 -1  1
5455467590168988498
0 2 5 2 -1  1
5455485159191081112
4 2 5 2 -1  1
5455490791224066832
0 3 4 3 -1  1
5455511278593656630
1 4 1 3 -1  1
5455591293030049680
0 4 0 6 -1  1
5455839966533746128
7 7 3 7 -1  1
5456236331330086888
0 7 1 6 -1  1
5456307811093286779
2 5 3 3 -1  1
5456549696778560225
3 4 7 4 -1  1
5456900941195065913
1 5 2 4 -1  1
5457220859144819190
1 2 2 2 -1  5
5457221423680086992
4 2 3 2 -1  1
5457594477270890951
3 3 3 4 -1  1
5457704088759591498
1 4 1 3 -1  1
5457709554561929329
0 7 0 4 -1  1
5457736519693550938
3 3 5 2 -1  1
5457931856402540203
5 1 7 1 -1  1
5457946141625141204
2 5 3 5 -1  1
5458007089242446404
3 4 4 5 -1  1
5458289256501097907
0 4 3 4 -1  1
5458563801179600613
2 5 2 6 -1  1
5458643985497455477
3 4 4 5 -1  1
5458728768919894127
4 0 2 2 -1  1
5459054165855374602
0 5 0 1 -1  1
5459172490110329957
3 2 2 1 -1  1
5459204844173987346
6 6 7 6 4  1
5459214812392298801
5 4 3 2 -1  1
5459257520040895072
3 7 5 5 -1  1
5459473380175151544
4 6 3 7 -1  1
5459508026101061289
0 2 0 3 -1  1
5459557376970505408
0 3 1 5 -1  1
5459640799174296245
2 2 3 4 -1  1
5459669317583349055
5 0 1 0 -1  1
5459746101813157659
0 6 0 4 -1  1
5459834254824681382
4 4 5 4 -1  1
5459928412099813573
1 4 2 3 -1  1
5459980471606914611
6 4 4 6 -1  1
5459990654323383586
3 5 4 4 -1  1
5460129723341258796
3 4 4 3 -1  1
5460516282040466398
5 1 5 0 -1  1
5460687644599054068
3 5 2 3 -1  1
5460838502419129020
1 5 2 5 -1  1
5460885923928780983
2 6 3 5 -1  1
5460923858798516941
1 7 2 7 -1  1
5461105817577216264
3 4 4 3 -1  1
5461160628186369800
4 6 6 4 -1  1
5461272801915015042
1 4 2 5 -1  1
5461505534722934129
2 5 1 4 -1  1
5461582025133531728
1 5 3 5 -1  1
5461656748508225682
0 3 1 2 -1  1
5461743273553968005
2 1 3 3 -1  1
5462241916784144674
4 0 5 0 -1  1
5462532095525766014
0 3 7 3 -1  1
5462688812280149735
3 7 2 6 -1  1
5462693723254798017
2 3 3 4 -1  1
5462747443205971705
2 7 1 6 -1  1
5462878227854746987
1 4 2 4 -1  1
5463148200075120695
1 4 3 4 -1  1
5463402528867397326
3 3 4 2 -1  1
5463628621833697458
0 3 1 2 -1  1
5463734323615106199
0 6 4 6 -1  1
5463816171365209707
1 1 2 1 -1  1
5463909147427692013
3 5 4 5 -1  1
5463965722906082031
0 3 0 2 -1  1
5463996770353487941
2 1 3 2 -1  1
5464039817631056058
3 0 4 0 -1  1
5464070257315665730
1 3 4 3 -1  1
5464137865322462064
0 5 0 2 -1  1
5464173349366572661
4 7 5 6 -1  1
5464501578011533227
1 2 3 2 -1  5
5464584733757322292
1 4 3 4 -1  1
5464655144219558767
0 2 1 1 -1  1
5464698961742149526
1 1 2 1 -1  1
5464906712298229206
2 4 3 4 -1  1
5464983256475662724
1 4 4 7 -1  1
5465057634724679888
5 1 2 4 -1  1
5465093715550016314
4 6 2 4 -1  1
5465099258719706656
2 5 0 4 -1  1
5465107338735194513
4 1 6 3 -1  1
5465115384404178730
5 3 1 3 -1  1
5465222706812956038
1 4 3 4 -1  1
5465285038968670508
5 2 6 4 -1  1
5465295263251218117
0 1 2 2 -1  1
5465341224899885381
0 0 0 1 -1  1
5465521259607470458
3 2 1 0 -1  1
5465805160551584209
2 4 1 5 -1  1
5465983298517622180
2 7 3 7 -1  1
5466104284127117240
1 1 2 1 -1  1
5466292078439953101
0 0 0 3 -1  1
5466449464047267753
0 3 0 6 -1  1
5466534882054858364
4 1 0 5 -1  12
5466635605253195322
0 3 0 1 -1  1
5467136276303825721
2 5 3 5 -1  1
5467156200132345963
0 2 4 2 -1  1
5467244830658905144
3 3 5 2 -1  1
5467474296518787051
5 0 6 0 -1  1
5467830496360868120
3 5 4 4 -1  1
5468132133305466949
1 6 3 4 -1  1
5468370745080395518
2 4 3 6 -1  1
5468489379212039722
2 6 1 7 -1  1
5468530097753585040
4 0 5 0 -1  1
5468662856712527980
7 3 6 2 -1  1
5469175796429036785
1 0 2 0 -1  1
5469258647191041228
0 1 0 3 -1  1
5469275665734916214
0 3 0 5 -1  1
5469304570913218568
2 1 3 1 -1  1
5469324934142426394
0 3 1 5 -1  1
5469550101132559057
3 2 2 1 -1  1
5469618884209604221
4 1 2 2 -1  1
5469658789762062040
0 6 2 5 -1  3
5469660573219804599
0 5 1 7 -1  1
5469764182222999887
5 5 6 4 -1  1
5469993092055829461
3 0 4 2 -1  1
5470073775235205613
3 4 7 4 -1  1
5470197148744303461
0 5 1 4 -1  1
5470313345650401290
1 0 3 0 -1  1
5470355042973981285
5 7 4 5 -1  1
5470355833545398775
1 6 2 5 -1  1
5470554100847152180
5 0 6 1 -1  1
5470715673596537856
0 5 0 6 -1  1
5470869571800171539
1 2 2 2 -1  1
5470922106412214710
2 2 3 4 -1  1
5471015356178359580
4 5 4 2 -1  1
5471152443774366952
0 3 3 3 -1  1
5471388202357620529
4 7 3 7 -1  1
5471701182169152517
1 0 3 0 -1  1
5471739628506689166
2 2 2 3 -1  1
5472171446369124818
1 4 3 4 -1  1
5472274225120493553
3 6 4 7 -1  1
5472407592776175980
0 4 2 3 -1  1
5472603207213360968
1 1 2 1 -1  1
5472637081016136423
0 0 0 1 -1  1
5473063589560705092
6 2 7 2 -1  1
5473162281124471050
4 7 0 3 -1  1
5473167181551798636
3 3 4 2 -1  1
5473189922019338822
2 4 3 3 -1  1
5473306401132949439
4 0 3 1 -1  1
5473515249795615653
4 6 3 6 -1  1
5473746706673565785
0 0 0 4 -1  1
5473819432265616363
3 7 4 7 -1  1
5473956168810726087
0 5 0 0 -1  1
5474126614677181336
0 1 1 3 -1  1
5474425972739129374
2 5 3 6 -1  1
5474509013802760875
3 4 4 4 -1  1
5474541437074606191
1 7 0 6 -1  1
5474671479109159967
2 7 3 6 -1  1
5474688572549170399
3 5 4 4 -1  1
5475062320689098347
0 7 0 6 -1  1
5475375019691518216
0 1 0 0 -1  1
5475496721999565935
7 5 4 5 -1  1
5475500710161232186
3 6 3 4 -1  1
5475620283682124280
0 3 6 3 -1  1
5475758147974593274
3 5 4 5 -1  1
5475860627782530837
4 5 2 4 -1  1
5475880830955097882
3 4 5 5 -1  1
5476603842595791715
3 6 4 5 -1  1
5476630906747121321
4 1 4 0 -1  1
5476789160466049003
0 0 0 1 -1  1
5476851071751071883
3 2 5 1 -1  1
5476977948318436666
2 1 1 0 -1  1
5477000710689725997
7 4 6 5 -1  1
5477020471195431650
5 2 6 2 -1  1
5477128946143293502
5 3 6 5 -1  1
5477165724688136876
0 4 0 2 -1  1
5477211325129874883
5 7 4 7 -1  1
5477369762633636761
4 3 5 3 -1  1
5477711431655088408
2 2 3 3 -1  1
5477737306590584033
0 3 2 1 -1  1
5477826948091729552
1 5 3 5 -1  1
5477880224212595908
2 2 3 2 -1  1
5477918905971090811
2 4 3 4 -1  1
5478398386710865859
0 2 2 4 -1  1
5478627349172331972
1 7 3 7 -1  1
5478710861438724790
0 0 0 3 -1  1
5478870587980091806
3 0 4 2 -1  1
5478912956892538424
4 4 3 5 -1  1
5479059010062892668
1 3 2 3 -1  1
5479214796500889392
1 3 1 2 -1  1
5479412492652921749
3 7 3 4 -1  1
5479475690977757220
4 0 3 0 -1  1
5479606850189457000
6 5 6 2 -1  1
5479787185552365261
1 5 3 5 -1  1
5480026752056181429
0 2 1 2 -1  2
5480173037585149081
4 2 4 0 -1  1
5480204691889912008
2 3 2 2 -1  1
5480295935546335196
2 4 1 4 -1  1
5480301280368492169
4 2 4 0 -1  1
5480323339267141441
0 6 1 6 -1  1
5480655871220958351
3 5 1 3 -1  1
5480798994232655227
2 7 0 5 -1  1
5480866083975360866
1 6 3 6 -1  1
5480926374687592485
3 3 5 2 -1  1
5481240616552399578
1 2 0 2 -1  1
5481272101879399879
2 5 1 3 -1  1
5481307452033884092
0 3 1 2 -1  1
5481972869883358624
0 0 0 2 -1  1
5482085911242643459
0 5 0 4 -1  1
5482134167215440124
0 0 0 1 -1  1
5482142522222085188
3 7 4 7 -1  1
5482389201900266710
1 4 2 4 -1  1
5482487870674274506
0 4 0 6 -1  1
5482563123740850589
0 3 0 2 -1  1
5482683542573243676
0 5 0 3 -1  1
5482947445175088536
0 5 2 4 -1  1
5483111527077620229
3 6 4 6 -1  1
5483279671681760618
3 1 6 4 -1  1
5483442698516635997
3 2 4 2 -1  1
5483741133978288747
4 0 7 3 -1  1
5484118355425805948
7 1 7 0 -1  1
5484241173504025662
2 4 3 3 -1  1
5484365182175515099
3 3 5 2 -1  1
5484401050305496610
1 3 3 4 -1  1
5484407372801441668
5 4 4 5 -1  1
5484762806390754861
0 0 0 5 -1  1
5484914070649719729
1 5 2 4 -1  1
5485332126816842788
6 7 7 5 -1  1
5485521210757056095
0 5 1 6 -1  1
5485532262217148994
3 5 3 7 -1  1
5485558815923403630
2 5 1 3 -1  1
5485676141229529558
2 2 4 1 -1  1
5485681759801841243
4 3 5 2 -1  1
5486068190497760077
1 5 2 5 -1  1
5486173378309256762
6 3 4 1 -1  1
5486255417765757784
0 5 2 3 -1  1
5486395980346845437
1 5 0 4 -1  1
5486409630181669953
0 4 0 2 -1  1
5486696575403582334
4 1 1 4 -1  1
5486955988952301846
1 6 2 7 -1  1
5487097963869331676
3 6 4 7 -1  1
5487463737327556504
2 1 4 2 -1  1
5487890108938506580
0 4 0 6 -1  1
5487906991005981484
2 4 5 4 -1  1
5488468122381890159
0 7 0 6 -1  1
5488489746113589277
2 5 4 6 -1  1
5488493329678315518
4 5 5 4 -1  1
5488594865564483271
2 6 2 5 -1  1
5488612152152782919
1 6 2 6 -1  1
5488822059239794694
4 4 5 5 -1  1
5488881713403029033
0 2 4 6 -1  1
5489167830788239576
0 4 2 6 -1  1
5489375334603606749
2 5 4 6 -1  1
5489426765618377809
1 5 1 6 -1  1
5489479601247911426
1 5 2 5 -1  1
5489768679539997868
0 5 2 6 -1  1
5489972557884864549
6 2 6 4 -1  1
5489977921979537589
2 5 1 3 -1  1
5490060561330654361
0 5 0 3 -1  1
5490095410450325045
0 2 4 2 -1  1
5490231566093349446
0 2 3 5 -1  1
5490424469058538018
3 7 6 4 -1  1
5490486046909245784
0 3 2 5 -1  1
5490622585652849462
5 2 5 1 -1  1
5490664941972454457
1 2 3 2 -1  2
5490748044059968921
0 4 0 6 -1  1
5490969724821134017
4 4 2 3 -1  1
5490983553535094194
2 3 3 3 -1  1
5491186121545262040
2 6 3 7 -1  1
5491514254369163837
0 5 1 6 -1  1
5491559672555521511
1 3 1 1 -1  1
5491628851380620664
2 2 0 3 -1  1
5491659231826238401
4 0 5 0 -1  1
5491704966585464363
0 6 2 5 -1  1
1 6 2 6 -1  1
5491864905234243638
6 3 4 3 -1  1
5492036108074325863
1 5 3 5 -1  1
5492557736643401063
3 3 3 2 -1  1
5492589843500935615
0 5 1 5 -1  1
5492763256154968271
2 5 3 5 -1  1
5493022957628781519
0 3 3 6 -1  1
5493041577838460037
5 0 6 1 -1  1
5493247304952420663
1 0 2 0 -1  1
5493325639274385928
1 4 4 7 -1  1
5493374397613181867
5 0 3 1 -1  1
5493519400326422270
3 5 3 1 -1  1
5493615496777423784
0 3 2 1 -1  1
5493681614597467837
3 0 4 1 -1  1
5493697486715994629
2 2 3 3 -1  1
5493715051115419696
0 3 2 2 -1  1
5493761553737208915
1 1 3 1 -1  1
5493831471211560008
2 2 4 3 -1  25
4 6 5 5 -1  9
5494032296827027428
1 3 3 1 -1  1
5494610299834177227
3 5 5 7 -1  1
5494690753722379765
1 1 2 1 -1  1
5494784449571127180
4 5 5 4 -1  1
5495022327368404188
2 6 3 7 -1  1
5495348318061452103
2 2 3 4 -1  1
5495429362312536801
0 4 0 5 -1  1
5495800496393456435
4 4 5 3 -1  1
5495827514701545237
2 5 4 7 -1  1
5495919929187815282
2 3 1 4 -1  1
5495957052534895836
7 4 7 1 -1  1
5496069345527319806
3 5 4 5 -1  1
5496151342161992331
0 1 1 1 -1  1
5496295311678990251
0 3 2 1 -1  1
5496301975957021437
1 3 1 2 -1  1
5496391702126252132
7 2 6 1 -1  1
5496490521647246147
4 4 5 4 -1  1
5496646450745557757
6 6 5 5 -1  1
5496939657977416969
6 1 5 1 -1  1
5496942388316714757
1 0 3 0 -1  1
5496943452692828021
3 0 4 0 -1  1
5497125300435489941
1 5 2 5 -1  1
5497179153374392184
0 4 0 6 -1  1
5497185504605331697
2 4 3 2 -1  1
5497226563220084870
4 2 5 2 -1  1
5497340560891768755
6 4 6 5 -1  1
5497586579457043523
1 6 2 4 -1  1
5497805108710814887
4 0 5 0 -1  1
5497818056152655890
3 3 4 4 -1  1
5497862374885482800
4 7 3 7 -1  1
5497866454277242437
1 0 3 0 -1  1
5497981383839359142
4 3 5 2 -1  1
5498369663719939102
0 4 0 6 -1  1
5498434831870555779
1 7 2 7 -1  1
5498966295714943472
1 6 3 6 -1  1
5499211484323387283
0 4 0 6 -1  1
5499407085162589853
0 2 1 3 -1  1
5499481845791699945
1 5 2 5 -1  1
5499520431543350937
6 3 6 5 -1  1
5499794404080672594
3 6 4 6 -1  1
5499983526126794443
0 4 0 2 -1  1
5500016381106040356
2 2 3 4 -1  1
5500062872032352508
1 5 1 3 -1  1
5500074788780762885
3 7 4 6 -1  1
5500120716271439177
3 7 4 6 -1  1
5500380388010522454
1 7 3 7 -1  1
5500460082984666283
1 4 2 3 -1  1
5500510217618465637
0 5 0 4 -1  1
5500536242480229785
0 4 2 2 -1  1
5500705593329727467
3 4 1 5 -1  1
5500808909345932022
3 5 4 6 -1  1
5500908506177941910
1 0 3 0 -1  1
5501027221468992500
4 4 2 5 -1  1
5501176366149940738
1 4 2 3 -1  1
5501177935943864039
2 5 5 2 -1  1
5501238083022013392
0 0 0 2 -1  1
5501334465945241074
0 5 2 3 -1  2
1 7 2 7 -1  1
5501373817800727695
0 5 0 0 -1  1
5501454144158174576
4 4 2 6 -1  1
5501796071946082231
1 3 2 4 -1  1
5501799840498766768
1 2 2 1 -1  1
5501856118664698590
0 5 0 2 -1  1
5501871856434633060
3 2 4 1 -1  1
5502253190228155176
1 0 2 0 -1  1
5502348300675460041
5 4 6 3 -1  1
5502658073784438511
1 4 1 5 -1  1
5502901331765020291
2 3 3 2 -1  1
5503236984245407116
7 1 7 2 -1  1
5503282263878004340
2 1 3 1 -1  1
5503438240821045297
1 2 3 3 -1  1
5503649761102102349
0 4 4 4 -1  1
5503787519833157240
2 4 2 3 -1  1
5503799395073908687
1 7 0 7 -1  1
5503987699072996916
2 0 2 1 -1  1
5504112220311595788
2 5 5 5 -1  1
5504223259238023160
2 5 4 3 -1  1
5504511303951225479
0 3 1 4 -1  1
5504643522191434870
1 5 2 5 -1  1
5504743196988929121
1 4 2 4 -1  1
5504945876186182756
7 3 5 4 -1  1
5505022861122594570
1 2 2 1 -1  1
5505039441915014074
3 7 6 4 -1  1
5505296095627509380
0 1 0 0 -1  1
5505306290029037964
3 1 4 0 -1  1
5505567154542656408
1 4 3 6 -1  1
5505682619852776753
4 4 5 2 -1  1
5505792561139434688
0 3 2 1 -1  1
5506578737382697959
0 7 0 3 -1  1
5506892866262984670
1 5 2 5 -1  1
5507028804147531499
1 1 2 2 -1  1
5507439483804856215
3 5 2 6 -1  1
5507620789573786182
1 6 2 6 -1  1
5507752397288821861
3 5 4 5 -1  1
5507785480255117745
1 3 2 5 -1  1
5507994637679997553
2 5 4 7 -1  1
5508337710677853245
4 1 3 3 -1  1
5508588783852230180
3 1 4 2 -1  1
5508648174876622999
2 6 5 3 -1  1
5508720302765472744
6 3 6 2 -1  1
5508806746558562575
0 7 0 4 -1  1
5508931073017189903
3 3 4 3 -1  10
3 3 4 4 -1  1
5508951781483483497
3 6 3 2 -1  1
5509007668367999201
2 3 1 1 -1  1
6 3 6 2 -1  1
5509411235178512436
2 5 3 6 -1  1
5509487379723226115
0 5 3 2 -1  1
5509618385270201372
6 4 5 2 -1  1
5509640904288345125
4 7 5 6 -1  1
5509738333392138549
0 3 1 4 -1  1
5509741765793849725
5 3 3 1 -1  1
5509754384879332709
1 6 2 6 -1  1
5510033725050686694
0 2 2 4 -1  1
5510287523878792368
3 5 3 3 -1  1
5510461958767755406
3 3 5 2 -1  1
5510514744593797147
4 3 5 3 -1  1
5510531789312372139
0 0 0 1 -1  3
5510712718649174799
0 3 1 4 -1  1
5510774689619437453
1 3 2 3 -1  1
5510823612627520959
1 7 2 7 -1  1
5510933941133812772
0 1 2 2 -1  1
5510943391645018749
1 5 2 5 -1  1
5511021869807198607
0 5 0 2 -1  1
5511056880968208133
4 1 4 0 -1  1
5511131764178116154
1 5 2 5 -1  1
5511214990001889142
1 4 3 2 -1  1
5511215529165571812
2 2 3 0 -1  1
5511415835574393995
0 5 1 6 -1  1
5511492137910506299
1 4 0 5 -1  1
5511504555914965676
0 2 0 3 -1  1
5511707665416109883
7 3 5 5 -1  1
5511775570745955289
4 0 5 0 -1  1
5512400388796792418
5 6 5 2 -1  1
5512598279445051097
2 5 2 6 -1  1
5512832656882287722
2 3 3 4 -1  1
5512842487414996631
3 7 4 7 -1  1
5512879941751229985
4 1 2 0 -1  1
5513017810952723391
5 1 7 3 -1  1
5513297724237219280
2 2 1 4 -1  1
5513500930987657434
1 4 2 3 -1  1
5513635392955120147
0 3 3 3 -1  1
5513771369961399037
5 7 7 7 -1  1
5513873873604441151
7 7 7 6 -1  1
5513907036133522174
2 1 1 2 -1  1
5513963189815778472
3 6 2 5 -1  1
5513998926280791292
1 7 3 7 -1  1
5514218923591358401
3 3 4 2 -1  1
5514228542341132943
6 1 6 2 -1  1
5514282012176271814
1 2 2 2 -1  1
5514492941570665026
0 5 0 0 -1  1
5514587765781979971
3 3 4 3 -1  1
5514625319942298777
6 5 4 6 -1  1
5514872370057417885
2 2 3 4 -1  1
5514933482526231748
1 4 3 6 -1  1
5514971660497174908
5 7 6 7 -1  1
5515047769620421700
4 3 5 5 -1  1
5515193299174554728
1 4 1 6 -1  1
5515205106349281930
3 2 5 3 -1  1
5515720435962270660
2 2 3 0 -1  1
5515855322688057605
0 0 0 3 -1  1
5516006909660119949
1 6 1 5 -1  1
5516042908535496985
6 3 3 3 -1  1
5516288027788033099
0 2 1 1 -1  1
5516351951720403880
5 1 6 3 -1  1
5516370283984374570
2 5 0 3 -1  1
5516507355593523366
2 3 2 5 -1  1
5516543797631925827
2 3 3 2 -1  1
5517032684076053641
0 4 3 4 -1  1
5517061658840338532
3 5 4 4 -1  1
5517375294721477260
1 7 3 7 -1  1
5517399144028688895
3 5 6 5 -1  1
5517494631359328617
4 1 2 2 -1  2
5517635164298329717
0 5 0 4 -1  1
5517664366194553861
3 4 4 3 -1  1
5517763024755951009
4 7 7 7 -1  1
5517883299437202290
0 6 2 7 -1  1
5518078843659685065
2 1 6 1 -1  1
5518109008993461590
3 3 0 0 -1  1
5518270962256234625
0 1 1 3 -1  1
5518414063765585167
2 5 3 5 -1  1
5518724723416676451
0 4 0 6 -1  1
5518866433705620374
0 3 2 5 -1  1
5518999943730921893
2 5 3 6 -1  1
5519006454209569121
2 2 3 4 -1  1
5519046975652419764
0 2 1 3 -1  1
5519241247036876756
2 5 2 2 -1  1
5519627578963584061
2 3 4 4 -1  1
5519714085250520843
0 4 0 6 -1  1
5519774136451937467
3 0 4 2 -1  1
5520527697146980874
2 0 3 0 -1  1
5520631210080055808
3 7 4 7 -1  1
5520980026388766640
0 4 1 4 -1  1
5521068589340598317
5 3 7 3 -1  1
5521152411484038173
1 0 2 0 -1  1
3 3 4 3 -1  1
5521260030580669955
0 2 3 5 -1  1
5521478165054983501
1 1 3 1 -1  1
5521490439144478746
4 6 6 5 -1  1
5521713388251812299
1 7 2 7 -1  1
5522003092037670162
1 5 2 5 -1  1
5522028884417688859
0 0 0 4 -1  1
5522089974327615361
3 7 2 6 -1  1
5522165793434803269
1 4 3 2 -1  1
5522304368181151140
2 2 3 0 -1  1
5522548535460946088
2 1 1 3 -1  1
5522882666591049013
3 3 4 4 -1  1
5522926734735381862
1 0 4 3 -1  1
5522967939982164520
3 4 6 1 -1  1
5523143537015089562
0 2 0 4 -1  1
5523242870997167465
0 5 2 3 -1  1
5523374659003008971
0 5 3 2 -1  1
5523403043138659741
2 5 3 3 -1  1
5523694926782530144
3 0 0 3 -1  1
5523697760839049926
1 3 2 4 -1  1
5524057531710007924
2 4 3 4 -1  1
5524152805965652860
0 3 2 1 -1  1
5524168027581825579
3 1 4 1 -1  1
5524307698312843796
7 0 7 3 -1  1
5524403548499096779
1 3 3 1 -1  1
5524464005970088639
2 3 3 4 -1  1
5524539963566477652
0 5 0 6 -1  1
5524854724100888784
0 3 4 3 -1  1
5524935779474913822
0 1 1 2 -1  1
5524984343682722672
1 5 2 4 -1  1
5525003498265356206
6 0 6 3 -1  1
5525114208730444122
0 2 1 1 -1  1
5525167783304415241
6 4 5 5 -1  1
5525177303988125844
1 4 2 4 -1  2
5525191704868856441
6 5 7 5 -1  1
5525234160326878321
0 1 1 2 -1  1
5525278762459811453
6 7 5 5 -1  1
5525282922826163730
0 1 7 1 -1  1
5525393359389316910
2 4 2 5 -1  1
5525656927634496276
5 4 3 4 -1  1
5525713009032447725
4 2 1 5 -1  1
5526206174397472952
1 4 1 3 -1  1
5526217117957087674
1 2 2 2 -1  1
5526252458146712682
6 4 4 5 -1  1
5526406457966627568
4 1 5 1 -1  1
5526532658007415543
2 6 1 5 -1  1
5526544761676657621
3 7 4 5 -1  1
5526779539569340042
2 3 1 2 -1  1
5526884964798268188
0 5 2 3 -1  1
5527005650628987329
4 2 5 2 -1  1
5527054700517855091
0 5 1 4 -1  1
5527064699858061283
1 4 2 3 -1  1
5527110174948527852
0 0 0 2 -1  1
5527135694060859778
4 4 3 3 -1  1
5527290989688201837
0 6 1 7 -1  1
5527682839860662119
1 5 2 5 -1  1
5527733916561525395
1 3 0 5 -1  1
5527832325499876879
1 3 2 2 -1  1
5527985297691406095
0 0 7 0 -1  1
5527992515176207059
1 5 2 6 -1  1
5528102418417296269
1 5 3 4 -1  1
5528279893054734061
0 1 1 3 -1  1
5528884108831772974
0 4 0 6 -1  1
5528886389687845455
2 1 1 3 -1  1
5529069276923273617
2 3 3 3 -1  1
5529086288249958280
7 3 7 6 -1  1
5529326112990279314
1 4 4 7 -1  1
5529739711846112584
4 1 5 1 -1  1
5529949536239187729
1 6 2 6 -1  1
5529987395664038785
0 1 1 3 -1  1
5530125487723254949
1 7 2 7 -1  1
5530163734505318206
1 6 3 6 -1  1
5530207414539399215
3 7 3 6 -1  1
5530464277477611539
4 1 5 3 -1  1
5530602141303896224
1 2 0 1 -1  1
5530603803010417185
2 1 0 3 -1  1
5530789131273211864
4 6 2 5 -1  1
5530944850712026747
2 5 3 5 -1  1
5530988268307899968
1 4 2 2 -1  1
5531025796407712287
0 3 0 6 -1  1
5531167285861773340
5 3 4 4 -1  1
5531360954529826357
0 4 0 6 -1  1
5531365897640551655
3 2 4 3 -1  1
5531487491380595808
3 3 4 3 -1  1
5531565464962598523
2 7 1 6 -1  1
5531579895728959088
2 4 5 1 -1  1
5531868158892582467
0 3 0 4 -1  1
5531915266571643794
1 3 4 0 -1  1
5531969313003512235
1 6 2 7 -1  1
5532053406242838025
4 5 5 6 -1  1
5532074925891762391
1 1 3 1 -1  1
5532192220646147569
2 5 3 5 -1  1
5532275524722063321
0 3 0 1 -1  1
5532285111137495980
1 6 2 6 -1  1
5532318559355035779
0 3 2 3 -1  1
5532427489471544837
0 1 1 1 -1  1
5532435690865632094
1 4 2 4 -1  1
5532535853730627421
5 0 6 0 -1  1
5532554591793461615
4 6 4 5 -1  1
5532580186328193509
0 1 0 2 -1  1
5533305982721774036
1 2 5 2 -1  1
5533681304107173407
0 5 1 3 -1  1
5533702193950906114
0 5 1 4 -1  1
5533854251387894914
3 5 4 3 -1  1
5534078693754768387
4 4 7 4 -1  1
5534233003330300800
3 6 4 6 -1  1
5534347830819900816
2 5 1 6 -1  1
5534764548762735301
0 4 0 6 -1  2
5534793012818837294
0 2 4 6 -1  1
5535590415235868959
1 3 1 4 -1  1
5535658304383906536
3 2 2 1 -1  2
5535675894666756027
2 4 5 1 -1  1
5536399445204197234
0 4 0 0 -1  1
5536492371942985029
3 2 1 1 -1  1
5536539131285483078
3 4 4 4 -1  1
5536566096107512480
0 7 0 5 -1  1
5536602887808977659
3 4 4 4 -1  1
5536706426702858259
4 4 5 4 -1  1
5536836302709102343
1 7 2 6 -1  1
5536864643168139902
3 4 4 4 -1  1
5536927720849887255
5 5 6 5 -1  1
5536928140905547366
1 2 2 4 -1  1
5537363706978300789
0 2 0 4 -1  1
5537377837383379283
0 5 0 4 -1  1
5537483570795617890
7 5 4 5 -1  1
5537654495621948244
0 0 0 6 -1  1
5537665678825414168
0 0 0 3 -1  1
5537869884924806190
2 4 3 3 -1  1
5538095049073144930
2 6 3 5 -1  1
5538343621109597382
3 2 4 2 -1  1
5538603359410175441
0 1 2 2 -1  1
5538686953337802010
2 7 3 7 -1  1
5538947846034554843
2 7 3 6 -1  1
5539396764703575857
2 5 4 4 -1  1
5539546701996395870
1 0 2 0 -1  1
5540247276096460844
3 5 2 4 -1  1
5540269742994649728
2 2 1 1 -1  1
5540965629172714253
2 4 0 2 -1  1
5541565516701820612
3 3 4 2 -1  1
5541792689482229489
2 6 3 6 -1  1
5541943378219585147
3 0 4 0 -1  1
5542046570705631966
1 0 4 0 -1  1
5542066683455668866
4 7 5 7 -1  1
5542694839764224766
1 2 3 2 -1  1
5542785466392003762
2 5 3 3 -1  1
5543103291691659506
2 4 1 3 -1  1
5543218410014984454
2 5 0 4 -1  1
5543247876884838941
0 5 2 6 -1  1
5543254134016450491
2 4 2 3 -1  1
5543455834218037974
0 3 2 2 -1  1
5543677771532587235
1 7 3 7 -1  1
5543747416809779805
2 1 1 1 -1  1
5543754927650046391
4 7 5 7 -1  1
5543881404693958413
3 1 1 2 -1  1
5544060562727175642
3 3 3 7 -1  1
5544068663116887164
1 5 2 4 -1  1
5544257256277255145
4 3 4 4 -1  1
5544303033740833927
0 6 2 5 -1  1
5544376465056856603
0 3 0 4 -1  1
5544955028759174895
2 2 4 3 -1  1
5544998915381289150
0 4 1 4 -1  1
5545401179972699263
5 4 4 2 -1  1
5545574326424329950
2 4 3 5 -1  1
5545583500839400365
3 2 4 2 -1  1
5545590232067383848
2 4 3 5 -1  1
5545891034815813439
2 3 3 2 -1  1
5545895756851011747
0 5 3 2 -1  1
5545969939886951960
1 1 3 1 -1  1
3 2 4 3 -1  1
5546070217406187835
6 6 6 1 -1  1
5546131610046411493
2 1 3 1 -1  1
5546188619389580095
4 3 5 4 -1  1
5546206023463070684
3 3 4 2 -1  1
5546433293605193559
2 2 4 2 -1  1
5546454235614040227
0 6 0 5 -1  1
5546735428946866409
3 4 3 3 -1  1
5547126224040124505
1 7 2 7 -1  1
5547551579363265523
1 3 3 3 -1  1
5547602464390431685
0 5 1 6 -1  1
5547698264177015704
4 5 2 4 -1  1
5547807193333365461
4 5 2 3 -1  2
5547952917429278478
1 0 2 1 -1  1
5548128794118662208
4 6 5 5 -1  1
5548254221528112295
4 4 2 5 -1  1
5548357407488521712
1 1 2 1 -1  1
5548800882044841918
5 4 6 5 -1  1
5548924059428663073
2 2 3 4 -1  1
5549059483107533133
1 3 5 3 -1  1
5549069997357009823
1 7 2 6 -1  1
5549110249129799562
0 6 1 5 -1  1
5549177026654968572
0 7 0 4 -1  1
5549198383344693271
1 2 2 1 -1  1
5549211887462892923
3 2 3 1 -1  1
5549232917352709028
1 4 3 5 -1  1
5549264363664458487
1 3 1 0 -1  1
5549311689444424147
0 6 0 7 -1  1
5549338671260762391
0 4 0 5 -1  1
5549479642054836256
0 5 2 3 -1  1
5549653609911070528
3 7 3 2 -1  1
5549713814545666549
2 5 3 3 -1  1
5549861709590347897
6 7 7 5 -1  1
5550298601867842454
1 0 2 0 -1  1
5550314249644906237
1 5 2 5 -1  1
5550496135033359611
0 5 3 2 -1  1
5550502056684872441
0 3 4 7 -1  1
5550870801183818316
1 7 3 7 -1  1
5550878322855880893
6 2 7 2 -1  1
5551001810605649176
3 6 3 5 -1  1
5551516097057112704
4 0 5 0 -1  1
5551901350080674488
2 5 1 6 -1  1
5552013536968147189
0 4 2 4 -1  1
5552058826940841898
3 2 4 4 -1  1
5552396439419054295
0 4 0 6 -1  1
5552406265583480872
4 4 5 5 -1  1
5552468123197700298
0 1 2 2 -1  1
5552653297578606744
0 3 5 3 -1  1
5553193243343609262
1 4 4 7 -1  1
5553233458055016349
0 0 0 2 -1  1
5553262614013708312
4 4 3 4 -1  1
5553432648750158981
6 0 7 0 -1  1
5553467980740259961
0 3 4 3 -1  1
5553631327077326033
4 4 5 5 -1  1
5553872002602328230
1 3 3 3 -1  9
5553914633513513367
4 7 2 6 -1  1
5554124395263534961
0 4 1 4 -1  1
5554408236406471462
2 7 3 6 -1  1
5554473963561412494
7 2 7 6 -1  1
5554633283121911215
2 4 3 3 -1  1
5554654701688109379
2 2 3 2 -1  1
5554703837710248586
0 0 0 3 -1  1
5554907190099052745
5 5 5 6 -1  1
5555340818440920341
2 0 2 1 -1  1
5555929476048906552
2 5 4 3 -1  1
5556073688550542667
5 3 5 4 -1  1
5556098098313980304
2 5 3 3 -1  1
5556149348632902244
2 2 4 3 -1  1
5556317947955789888
0 2 2 2 -1  1
5556323864203461584
1 7 2 7 -1  1
5556392857872559367
4 4 5 4 -1  1
5556420453858793268
0 5 0 2 -1  1
5556686421426016609
4 4 5 5 -1  1
5556735232281495188
6 2 7 2 -1  1
5556784580674571684
4 4 5 4 -1  1
5556804509278586134
3 7 4 6 -1  1
5556857086769418623
0 5 1 5 -1  1
5556965062836940282
0 3 0 4 -1  1
5557019523161292806
1 6 2 6 -1  1
5557078592780997091
2 2 0 4 -1  1
5557096779865154226
1 3 3 2 -1  1
5557109700048269198
1 4 3 6 -1  1
2 4 3 5 -1  1
5557297764134982750
0 4 0 5 -1  1
5557356751733089834
3 3 1 4 -1  1
5557505567227826519
6 5 4 3 -1  1
5557515918462600228
0 3 0 0 -1  1
5557561366305834043
0 5 2 3 -1  1
5557643182014695018
5 0 2 3 -1  1
5557695323024926152
1 2 5 6 -1  1
5557832115383764958
1 3 2 3 -1  1
5557846964478424433
3 1 0 4 -1  1
5558008905006797241
2 5 6 1 -1  1
5558177022666261077
2 4 2 3 -1  1
5558316944687109380
2 2 1 0 -1  1
5558438559415855614
3 3 1 3 -1  1
5558493072357505079
1 1 2 2 -1  1
5558628290161433605
3 2 4 2 -1  1
5558761460990457504
3 2 4 3 -1  1
5558843922427831111
3 5 4 5 -1  1
5558969834347673602
2 3 2 4 -1  1
5558980036762235457
1 2 0 2 -1  1
5559369170438498712
1 4 3 5 -1  1
5559457874954327450
3 6 5 5 -1  1
5559465946404996636
5 1 4 3 -1  1
5559565759255702411
2 3 2 0 -1  1
5559588001134653827
3 0 4 1 -1  1
5559666795942261724
4 5 4 6 -1  1
5560465915922781469
5 2 6 3 -1  1
5560789610297187870
1 3 2 3 -1  1
5560960644978349862
3 7 3 5 -1  1
5560970889100087795
2 2 1 2 -1  1
5561003475243147607
1 2 3 2 -1  1
5561009624586303091
0 6 1 6 -1  1
5561237134393851913
6 1 5 2 -1  1
5561373264955700762
1 1 3 1 -1  1
5561404589009096070
2 2 3 0 -1  1
5561620008965470302
0 2 2 4 -1  1
5561988777916002212
1 4 2 6 -1  1
5562316093633291888
1 5 3 5 -1  1
5562328749794342382
1 6 3 4 -1  1
5562375543194914839
7 4 7 1 -1  1
5562863693918517292
6 7 4 7 -1  1
5562876904602352965
0 3 7 3 -1  1
5562891870783597362
1 7 0 6 -1  1
5562900125502465079
3 5 4 5 -1  1
5562970938098433965
3 3 4 5 -1  1
5563046431505903257
6 1 3 4 -1  1
5563192882419111992
0 0 7 0 -1  1
5563259302538282059
2 4 3 4 -1  1
5563335282802399396
4 4 2 3 -1  1
5563429552205544958
0 5 1 5 -1  1
5563816749430976072
2 4 5 1 -1  1
5563827923862605143
0 2 3 5 -1  9
0 2 4 6 -1  9
0 3 2 1 -1  3
0 6 2 5 -1  35
1 4 2 4 -1  1
3 2 4 3 -1  50
5563850595692011847
6 7 6 5 -1  1
5563871832657037194
1 5 2 6 -1  1
5563969678042256425
3 1 4 0 -1  1
5564056450682664654
3 7 4 6 -1  1
5564236575746613069
5 5 6 3 -1  1
5564318722862625553
4 1 5 1 -1  1
5564435470778460169
1 2 0 2 -1  1
5564650995690957644
3 0 0 0 -1  1
5564712695010334190
0 4 1 5 -1  1
5564782629345533440
1 7 3 7 -1  1
5564983468974250959
3 6 4 6 -1  1
5565022699843107080
3 2 4 3 -1  1
5565411303131915105
3 1 4 2 -1  1
5565617272302857182
0 5 2 4 -1  1
5565664467625675730
1 6 2 6 -1  1
5565670200200591061
2 1 3 1 -1  1
5565777514344745326
3 5 5 3 -1  1
5566017331073391889
1 6 6 1 -1  1
5566041252121970086
6 3 4 2 -1  1
5566348282213364530
1 5 2 5 -1  1
5566587744991409859
0 2 0 1 -1  1
5566619630602913506
2 4 2 5 -1  1
5566844223962253264
0 1 2 2 -1  1
5567166345970328388
3 0 4 0 -1  1
5567197322713781885
0 4 4 4 -1  1
5567295403943195237
3 4 4 3 -1  1
5567345791301625055
3 5 6 2 -1  1
5567421640618224423
1 4 4 1 -1  1
5567480020817563751
1 6 2 6 -1  1
5567590062061926682
1 2 0 0 -1  1
5567667362525476500
0 6 1 7 -1  1
5567687164316284202
1 3 2 1 -1  1
5568300175200834164
6 7 6 2 -1  1
5568502304208614427
1 0 2 0 -1  1
5568618229321161236
6 0 7 0 -1  1
5568821232730618142
3 5 4 5 -1  1
5569042374440425637
4 4 4 3 -1  1
5569420180664471061
1 3 1 2 -1  1
5569588703098806227
3 5 4 5 -1  1
5569789389772625360
2 5 1 3 -1  1
5569949884297971349
2 3 3 4 -1  1
5570117734342870923
1 4 2 3 -1  1
5570302829751379623
4 3 5 3 -1  1
5570336411394239290
0 3 1 4 -1  1
5570363039368685312
1 3 2 2 -1  1
5570752621418236948
3 3 5 1 -1  1
5571055863831844200
2 7 3 7 -1  1
5571187930630486215
0 2 0 1 -1  1
5571947481689504688
1 4 3 4 -1  3
5572064199692044955
0 2 1 3 -1  1
5572449377302712202
1 4 2 3 -1  1
5572486615749410136
2 3 3 5 -1  1
5572866008780925018
0 2 0 7 -1  1
5573378824562932431
3 1 4 2 -1  1
5573567139558245918
0 3 1 3 -1  1
5573837116138131960
1 7 2 7 -1  2
5574276010308017411
7 0 3 0 -1  1
5574446200248102795
3 2 4 2 -1  1
5574475027095036738
1 0 2 0 -1  1
5574476644513313913
0 5 2 3 -1  1
5574537602975062510
0 5 3 2 -1  2
5574684643676829311
0 6 0 7 -1  1
5574823304522377130
1 1 3 1 -1  1
5574833589399320027
0 6 2 5 -1  1
5574996831320032660
1 4 0 5 -1  1
5575082965394128318
2 6 3 4 -1  1
5575285936580977152
3 6 4 6 -1  1
5576034459765008146
1 7 1 6 -1  1
5576052831167136721
1 3 2 2 -1  1
5576482333806309721
1 2 6 2 -1  1
5576692382023566305
3 5 5 6 -1  1
5576702799428161094
0 6 1 4 -1  2
5576765678263933314
2 5 3 6 -1  1
5576906323853252821
0 2 2 2 -1  1
5577013280788986631
0 3 1 2 -1  1
5577700214428443781
0 4 0 6 -1  2
5578090727733605577
3 3 4 4 -1  1
5578103684229003552
1 4 2 4 -1  1
5578114814234262193
0 3 4 7 -1  1
5578273921318352627
0 1 0 7 -1  1
5578350911583349551
0 2 1 3 -1  1
5578413355811452091
2 2 4 2 -1  1
5578430766761499910
0 4 1 3 -1  1
5578471665768580768
5 7 4 6 -1  1
5578486043422333679
3 3 2 5 -1  1
5578876825749900644
1 5 3 5 -1  1
5579293449910668553
0 2 1 3 -1  1
5579313950350101700
3 2 5 2 -1  1
5579535559048775114
1 4 1 5 -1  1
5579698554508401859
3 5 2 4 -1  1
5579863232981037075
2 4 3 5 -1  1
5579865560647965838
0 0 4 4 -1  1
5579946395306562061
6 0 6 6 -1  1
5580005897681886899
0 2 3 5 -1  8
0 2 4 6 -1  3
5580258183523603294
0 2 0 1 -1  1
5580507584513425972
3 7 4 7 -1  1
5580518016759373842
0 4 1 2 -1  1
5580551725079180721
2 5 3 4 -1  1
5580677075792943902
4 7 5 7 -1  1
5580731946228436499
5 4 5 2 -1  1
5580798976196650378
0 5 0 4 -1  1
5581123444845439583
0 1 1 3 -1  1
5581333371391475751
1 3 2 3 -1  2
5581430610921419833
2 4 2 3 -1  1
5581471415532199344
3 4 4 4 -1  1
5581513223936901123
5 7 6 7 -1  1
5581633981788415197
3 3 2 5 -1  1
5582009662347083112
0 0 4 0 -1  1
5582039357617632472
1 0 3 0 -1  1
5582147369991485705
1 4 2 4 -1  2
5582150908363708727
0 0 0 4 -1  1
5582320110171901085
3 6 4 6 -1  1
5582452466693632639
3 3 4 3 -1  1
5582481491029786092
3 5 2 5 -1  1
5582521280554336924
0 0 0 1 -1  1
5582529781274037503
1 7 2 7 -1  1
5582746303349664954
3 2 3 0 -1  1
5582795181150107169
2 6 6 2 -1  1
5583054067843966692
0 5 3 2 -1  1
0 5 5 0 -1  1
5583214185275687691
1 1 2 1 -1  1
5583540215947778561
5 3 6 3 -1  1
5583644642354639413
0 2 3 5 -1  1
5583993274574479553
4 4 6 2 -1  1
5584353880730903107
2 3 1 4 -1  1
5585021573118658002
1 0 2 0 -1  1
5585044727203346396
6 3 6 0 -1  1
5585144416728669342
3 5 5 3 -1  1
5585305182896448064
0 3 2 1 -1  1
5585436727678994728
2 3 6 3 -1  1
5585500884582701540
6 0 1 0 -1  1
5585614664822782196
1 0 3 0 -1  1
5585687035306011618
4 4 6 6 -1  1
5585730790692008618
0 0 1 1 -1  1
5585824272630749884
0 4 2 3 -1  1
5585934771912003165
2 1 4 3 -1  1
5586146806848124271
0 7 0 6 -1  1
5586234038194344243
1 7 3 7 -1  1
5586318541011549669
3 4 4 4 -1  5
5586413562710597867
3 4 4 4 -1  1
5586487737346311317
0 6 2 5 -1  1
1 4 2 4 -1  1
5586734586202558451
2 5 1 3 -1  1
5586787327372446467
2 4 4 2 -1  1
5587167793903281214
0 4 0 6 -1  2
5587270357919476801
0 3 0 2 -1  1
5587398140527496420
3 1 2 0 -1  1
5587546155878120733
4 6 5 4 -1  1
5587603415440425430
4 5 2 5 -1  1
5587729173325494323
3 1 4 2 -1  1
5587850941475262281
2 4 3 5 -1  1
5587860687373791264
0 5 1 5 -1  1
5587976406338452770
1 6 3 6 -1  1
5587996943888520612
0 4 1 6 -1  1
5588125340942611057
1 6 2 6 -1  1
5588252364249261714
4 6 4 3 -1  1
5588394705225262187
0 5 0 6 -1  1
5588453965700646164
3 3 3 2 -1  1
5588582288890412945
2 7 3 7 -1  1
5588665801316120395
1 0 2 0 -1  1
5588788321205286053
4 3 5 2 -1  1
5588799504692060594
0 0 0 3 -1  1
5589161103751120043
2 4 3 3 -1  1
5589220121922521871
2 5 4 4 -1  1
5589477541291937665
0 4 0 5 -1  1
5589504726972533924
3 0 1 2 -1  1
5589504942433960391
0 5 2 7 -1  1
5589549127433425636
2 5 2 6 -1  1
5589829718274211514
0 4 0 3 -1  1
5589857576837631440
1 1 2 1 -1  1
