13242868565938584459
0 3 1 3 -1  1
13242885769700218576
3 1 4 2 -1  1
13242963727450506172
0 3 0 2 -1  1
13243036435043950521
2 4 3 5 -1  2
13243106958797802966
3 0 4 2 -1  1
13243149728252812457
3 0 0 3 -1  1
13243163051029738784
2 2 3 4 -1  1
13243243912300572984
7 1 3 5 -1  1
13243314088174018554
1 6 3 6 -1  1
13243348228055452247
1 6 6 6 -1  1
13243387481680142441
3 6 3 5 -1  1
13243439439420975197
1 6 2 5 -1  1
13243470644392590635
0 5 0 3 -1  1
13243491359389534149
6 2 5 1 -1  1
13243504328860115671
0 2 5 2 -1  1
13243746989981094874
0 6 0 5 -1  1
13243879669995358311
7 6 6 5 -1  1
13244078940037524331
2 1 2 4 -1  1
13244170527695483670
0 5 0 3 -1  1
13244375491304384189
5 4 6 6 -1  3
13244561188908699256
1 3 0 4 -1  1
13244705153866763620
0 5 0 3 -1  2
13244709472328686404
2 4 1 5 -1  1
13244827711223898296
4 4 2 3 -1  1
13244854429140233186
0 2 4 6 -1  1
13244888327071855655
4 3 6 4 -1  1
13245259234617022685
2 6 3 6 -1  1
13245388237051711604
1 6 2 6 -1  1
13245525327225730766
2 6 2 5 -1  1
13245529672894138840
3 7 3 3 -1  1
13245560302714837560
0 3 1 3 -1  1
13245736109642777409
0 2 0 7 -1  1
13245814805732312124
3 3 4 4 -1  1
13246226074868534969
3 3 5 2 -1  1
13246557389436351542
1 1 4 4 -1  1
13246775362888432987
2 2 4 3 -1  1
13246934329803104281
0 2 1 2 -1  1
13246955286891445388
3 3 5 4 -1  1
13246955822662289768
1 1 2 1 -1  1
13247046578299986600
0 5 0 4 -1  1
13247148433409279010
2 4 3 4 -1  1
13247178990353268529
1 0 2 1 -1  1
13247210384203616894
2 6 3 6 -1  1
13247343159402252593
3 0 4 1 -1  1
13247422493909668030
1 4 2 5 -1  1
13247428126071991152
3 5 4 6 -1  1
13247479530214361910
1 1 2 1 -1  1
13248093128652594196
2 4 3 5 -1  1
13248171886023975495
5 5 6 6 -1  1
13248264312894805705
6 6 7 5 -1  1
13248322104330470559
1 7 2 7 -1  1
13248396324275350683
4 6 3 4 -1  1
13248452160181957182
3 3 2 5 -1  1
13248456629573271726
3 4 4 3 -1  1
13248499559379861686
0 5 0 0 -1  1
13248674356800686158
1 2 1 1 -1  1
13248770619424644847
2 7 2 6 -1  1
13248851050419024686
0 7 2 6 -1  1
13249014735956891231
2 1 3 0 -1  1
13249213616520809742
1 2 4 2 -1  1
13249262932389188906
3 4 1 3 -1  2
13249368501321641071
0 5 0 4 -1  1
13249382328753972288
3 3 1 4 -1  1
13249448760618765544
3 5 4 5 -1  1
13249479522039759642
6 5 7 5 -1  1
13249525487182038487
1 0 2 1 -1  1
13249668846548482105
0 4 1 4 -1  1
13249693349990077438
0 3 1 3 -1  1
13249948002565263127
4 3 5 4 -1  1
13250121502843173318
0 3 1 3 -1  1
13250350528624371461
0 3 1 3 -1  1
13250395389569767695
0 3 7 3 -1  1
13250427516859456315
2 4 4 2 -1  1
13250435775284172737
0 4 0 6 -1  1
13250619280866864635
0 1 2 2 -1  1
13250715359212882507
2 7 3 7 -1  1
13250715751158904388
4 6 3 7 -1  2
13251035597120321895
1 6 2 5 -1  1
13251077491457111774
0 3 0 2 -1  1
13251136824727995139
2 5 1 4 -1  1
13251323170927265351
0 4 0 5 -1  1
13251437489934668319
0 0 7 0 -1  1
13251602821823463749
2 7 4 6 -1  1
13251677738939593695
0 3 0 5 -1  1
13251827502289193843
1 7 2 7 -1  1
13252233339170070807
0 5 0 3 -1  1
13252565361446576942
1 7 3 7 -1  1
13252671095292186228
0 0 0 4 -1  1
13252727606358147667
3 0 3 4 -1  1
13252944221519195344
3 4 4 5 -1  1
13253021860033114769
6 7 5 6 -1  1
13253039253630880689
0 5 3 5 -1  1
13253073783651438062
2 6 3 6 -1  1
13253203784673113558
3 5 2 4 -1  1
13253311720213482049
1 2 1 3 -1  1
13253359919186691065
1 6 2 6 -1  1
13253840706242181576
2 2 3 4 -1  1
13253878347204267214
4 4 4 3 -1  1
13254072069153984842
0 3 1 4 -1  1
13254096057731594942
4 4 5 5 -1  1
13254226459032580030
0 2 4 6 -1  1
13254368578341367598
0 1 0 0 -1  1
13254472144935044617
3 5 2 6 -1  1
13254608557882060685
2 4 3 4 -1  1
13254830001086210059
0 7 1 7 -1  1
13254909460551060663
1 4 3 2 -1  1
13255158468883338215
7 0 7 6 -1  1
13255385404603618931
2 0 1 2 -1  1
13255491744631932182
0 5 0 0 -1  1
13255547138926445523
1 1 2 1 -1  1
13255569507076844904
1 1 3 1 -1  1
13255593968865538364
6 2 5 3 -1  1
13255636234312283394
4 7 6 5 -1  1
13255810570867702720
1 4 3 3 -1  1
13256032101205299208
5 2 4 1 -1  1
13256143781212841140
1 4 4 7 -1  2
13256152223081147230
2 1 1 1 -1  1
13256211695734697628
0 1 2 0 -1  1
13256391309499021263
2 2 3 4 -1  1
13256441914697471635
4 4 4 3 -1  2
13256466487094935237
2 4 1 4 -1  1
13256621748557040050
5 7 5 3 -1  1
13256825274857002967
0 3 2 3 -1  1
13256877023720179949
1 2 2 2 -1  1
13256967655349322484
2 4 3 3 -1  1
13257033565351070691
2 5 4 4 -1  1
13257050854931391039
0 5 3 5 -1  1
13257082566999862808
3 3 2 4 -1  1
13257096243547653377
0 5 1 6 -1  1
13257335747228347915
1 5 0 5 -1  1
13257627569908907712
2 1 3 2 -1  1
13257639400206360357
4 4 3 2 -1  1
13257640132314600311
1 2 5 6 -1  1
13257754653988779646
1 5 3 5 -1  1
13257843082250196290
1 3 2 4 -1  1
13257884690803541843
0 7 1 7 -1  1
13257884942353817171
3 2 4 2 -1  1
13258389869247210915
2 5 4 3 -1  1
13258406869516276782
3 3 7 3 -1  1
13258643351781220588
2 1 4 0 -1  1
13258706872055866099
1 1 3 1 -1  1
13258741371825038505
7 6 7 2 -1  1
13258775745970889953
1 2 2 2 -1  1
13258851355448127000
1 3 2 5 -1  1
13258875248992571884
0 5 0 4 -1  1
13258883571764588494
1 5 3 5 -1  1
13258889316947383261
1 3 3 3 -1  1
3 4 4 3 -1  10
13258979995215097734
0 5 2 6 -1  1
13259100679897838904
3 6 3 1 -1  1
13259112869323881172
2 0 1 0 -1  1
13259121467369679285
4 3 4 4 -1  1
13259317781195623619
1 1 2 1 -1  1
13259456653478159522
3 7 4 5 -1  1
13259458697212001086
3 4 4 4 -1  1
13259539028187638274
0 3 1 3 -1  1
13259644092353900007
2 6 3 7 -1  1
13259908804034876853
2 6 2 4 -1  1
13259947306560756993
1 3 2 4 -1  2
13259973936440690958
0 1 0 3 -1  1
13260175357363546468
1 1 2 2 -1  1
13260183202834885738
0 0 0 2 -1  1
13260186886822129944
0 1 1 3 -1  1
13260312873397732668
0 4 0 6 -1  1
13260355043066860694
6 0 6 6 -1  1
13260714911100574343
1 5 2 3 -1  1
13260745800878148834
2 5 1 3 -1  1
13260798904254440842
6 7 4 5 -1  1
13261049646317847324
1 4 2 5 -1  1
13261538208299526093
0 2 4 2 -1  1
13261811973333117855
1 4 1 5 -1  1
13261837643698424126
1 3 1 4 -1  1
1 6 0 5 -1  1
13262041357252899721
4 1 3 2 -1  1
13262293518599700924
1 4 2 4 -1  1
13262377450936576121
2 5 3 6 -1  1
13262423409339466083
3 5 4 5 -1  1
13262481185001730201
3 4 4 6 -1  1
13262631570683512194
2 2 4 2 -1  1
13262714534225153023
1 1 2 1 -1  1
13262862819958711695
1 3 2 5 -1  1
13262999964030452187
7 0 7 6 -1  1
13263113267594020947
0 6 1 6 -1  1
13263142474741551963
1 3 2 1 -1  1
13263188929128052922
1 4 3 4 -1  1
13263628788608033049
2 5 3 3 -1  1
13263811855572880232
1 5 2 5 -1  2
13263819654058225741
0 2 1 1 -1  1
13264033888801149249
0 1 5 1 -1  1
13264228553140765854
3 7 4 5 -1  1
13264299906089065827
2 1 3 1 -1  1
13264460520634794375
0 5 1 6 -1  1
13264596195133823715
3 1 2 0 -1  1
13264655583486314346
2 5 3 7 -1  2
13264685498738747931
3 7 4 7 -1  1
13264900817838790688
2 5 4 4 -1  1
13265422170438737976
1 7 2 7 -1  1
13265498366046240611
1 0 7 0 -1  1
13265610789956667499
4 4 5 5 -1  1
13265708364051358770
0 3 2 1 -1  1
13265870647827109181
3 5 4 4 -1  1
13266068043597602448
1 1 3 1 -1  1
13266093534538921574
0 3 7 3 -1  1
13266664960316248548
3 5 2 6 -1  1
13266805502816916102
1 5 3 5 -1  1
13266811218529299279
0 2 1 1 -1  2
13267069149281580581
2 4 1 3 -1  1
13267179530215838501
0 2 2 0 -1  1
13267185616100390961
0 2 1 1 -1  1
13267224776965946281
2 1 3 2 -1  1
13267391704664898970
3 5 0 5 -1  1
13267458540646958775
6 0 7 0 -1  1
13267609018290410653
4 1 5 0 -1  1
13267688421574062239
4 4 4 0 -1  1
13268001789190248416
1 4 0 4 -1  1
13268068325430402820
0 7 1 7 -1  1
13268095002072556596
0 5 0 0 -1  1
13268159889642497549
3 5 3 6 -1  1
13268161027256564155
1 5 2 6 -1  1
13268422803256176727
1 1 5 5 -1  1
13268424706312459317
5 6 4 6 -1  1
13268448234347272404
0 5 2 3 -1  1
13268572261848906536
0 1 2 2 -1  1
13269106579499141548
0 4 0 6 -1  1
13269158067027682477
2 3 4 2 -1  2
13269213800095984395
4 3 5 2 -1  1
13269389498269869317
0 3 0 4 -1  1
13269400801105894838
3 5 3 3 -1  1
13269473784185886339
5 6 5 7 -1  1
13269520925322897444
1 7 2 7 -1  1
13269526916797190426
2 1 3 1 -1  1
13269716830855519762
0 3 4 7 -1  1
13269946413961093102
6 7 7 7 4  1
7 3 6 3 -1  1
13270043554809446378
3 2 6 2 -1  1
13270207946359863825
1 5 1 6 -1  1
13270295483361261801
0 7 0 6 -1  1
13270318771370302283
2 5 1 7 -1  1
13270637740559049287
2 4 3 3 -1  1
13270893767630765290
4 5 6 7 -1  2
13271000512875133658
3 7 2 6 -1  1
13271176571050843956
0 2 4 2 -1  1
13271232143275427154
0 4 0 6 -1  1
13271258187350123101
0 4 0 6 -1  1
13271400020671555817
3 2 6 5 -1  1
13271456480362414268
4 0 5 0 -1  1
13271460189576408868
0 0 0 2 -1  1
13271461271539972147
6 6 0 6 -1  1
13271516147438798407
6 1 7 1 -1  1
13271629658419653445
4 1 2 3 -1  1
13271772428834807372
1 0 3 0 -1  1
13271779460425580871
3 5 7 5 -1  1
13271806563407875215
2 5 2 4 -1  1
13271811281290687901
4 4 5 4 -1  1
13271996365278029396
1 1 2 2 -1  1
13272087670314610897
2 4 3 4 -1  1
13272464556669742871
2 3 3 2 -1  1
13272470955645580466
2 5 3 4 -1  1
13272746340128319431
1 3 3 3 -1  1
13272786572797384844
4 0 2 1 -1  1
13273148465631999585
0 4 0 2 -1  1
13273372723079255174
0 2 1 1 -1  1
13273574236463599355
3 2 5 1 -1  1
13273635095506956768
2 2 3 3 -1  1
13273679135418078480
5 0 4 1 -1  1
13273936146437261480
2 3 2 4 -1  1
13274080742626735986
6 2 6 1 -1  1
13274178093302587990
0 5 2 5 -1  1
13274480963518728568
0 5 0 3 -1  1
13274489630052843703
2 2 4 1 -1  1
13274601056463714688
3 2 5 4 -1  1
13274783926261167989
4 1 4 0 -1  1
13274801627327027961
4 0 5 0 -1  1
13274838089890921792
5 3 3 1 -1  1
13275077758220891144
3 6 4 6 -1  1
13275120192252360162
5 1 5 2 -1  1
13275204951534025847
3 5 4 3 -1  1
13275209443874270704
1 5 3 3 -1  1
13275280121903304558
0 5 1 7 -1  1
13275408130393789681
1 1 5 5 -1  1
13275451017554510807
2 6 1 4 -1  1
13275745640115511965
5 4 5 5 -1  1
13275841325386549849
2 3 3 3 -1  1
13276217139530273372
5 7 5 5 -1  1
13276533580513268513
3 6 4 5 -1  1
13277163677061256378
2 2 4 4 -1  1
13277316953531074026
2 0 3 1 -1  1
13277465990379183402
1 7 2 7 -1  1
13277640228118521275
2 5 1 3 -1  1
13277665426366134159
0 2 3 5 -1  1
13277670621276768201
1 3 2 3 -1  33
1 3 3 3 -1  2
13277692007021414832
6 7 5 7 -1  1
13277778808455523553
0 2 6 2 -1  1
13278135943893638376
3 3 4 3 -1  1
13278399611091055131
4 1 5 2 -1  1
13278621510031247320
4 7 2 5 -1  2
13278957283099642242
0 3 1 3 -1  1
13278969285105047384
5 1 6 1 -1  1
13278990835495719903
2 4 5 7 -1  1
13279210295505128055
7 4 6 4 -1  2
13279530882621743480
2 4 3 5 -1  1
13279606890750281198
0 5 0 2 -1  1
13279863381721829339
0 7 0 4 -1  1
13279981402347628297
1 1 2 2 -1  1
13279996507491738426
3 6 4 7 -1  1
13280007423395496064
3 3 3 5 -1  1
13280020159283919431
0 0 0 3 -1  1
13280090702618397721
0 4 0 6 -1  1
13280740172855223633
3 6 1 4 -1  1
13280774922723692531
0 1 1 3 -1  1
13280938157168470562
5 2 7 2 -1  1
13281034767364111017
0 3 7 3 -1  1
13281090978952035164
6 6 5 5 -1  1
13281247548022185638
0 6 1 6 -1  2
13281285852323012479
1 3 3 2 -1  1
13281443846432649927
2 2 4 3 -1  1
13281448494140953727
4 2 5 3 -1  1
13281527045411222917
3 1 4 1 -1  1
13281530503551137975
0 4 0 6 -1  7
1 2 3 2 -1  2
13281556469985499265
0 4 1 3 -1  1
13281566896699372881
0 5 1 3 -1  1
13281581052476259221
3 4 5 5 -1  1
13281621607699210336
2 5 2 3 -1  1
13281735938359508464
1 4 1 6 -1  1
13281782563805684134
1 0 2 0 -1  1
13281811880389662842
1 6 2 7 -1  1
13282137602548509572
0 1 1 1 -1  1
13282222182274443238
1 2 1 3 -1  1
13282227199142051477
1 0 2 0 -1  1
13282249029018013855
1 3 4 3 -1  1
13282305393280207902
3 3 4 3 -1  1
13282534770165275009
0 0 0 2 -1  2
13282552240430520212
2 2 4 1 -1  1
13282962982364735049
1 6 2 6 -1  1
13283047041640075183
4 2 5 2 -1  1
13283149456658958098
0 5 5 0 -1  1
13283230697756389524
2 2 1 1 -1  1
13283288748522622380
2 0 7 5 -1  1
13283388018090330834
1 3 3 2 -1  1
13283417652837693778
1 1 2 1 -1  1
13283437942927449680
1 7 3 6 -1  1
13283803654415055274
0 5 0 4 -1  1
13283863396720051012
3 0 2 1 -1  1
13283904927146186933
2 3 3 4 -1  1
13284100793815422220
2 5 3 5 -1  1
13284127780577302087
2 6 2 4 -1  1
13284199799685394597
4 6 5 7 -1  1
13284328650763604551
6 3 6 2 -1  1
13284336856081804539
2 3 1 2 -1  1
13284587313071333024
4 7 5 7 -1  1
13284856304132613278
0 1 1 1 -1  2
13285123848675552388
2 3 5 3 -1  2
13285304637803747475
1 1 3 1 -1  1
13285305125827616206
3 4 4 4 -1  1
13285793131729691378
1 5 0 5 -1  1
13285868223142589028
2 3 4 5 -1  1
13286057528247245829
0 3 3 6 -1  1
13286607807571848737
4 7 5 7 -1  1
13286632303890938305
5 1 6 1 -1  1
13286767456563624364
3 3 4 1 -1  1
13286986261602375453
1 1 0 0 -1  1
13287250519459976728
2 7 7 7 -1  1
13287344390681071070
2 0 3 0 -1  1
13287381175565141680
0 0 0 1 -1  1
13287601274781887363
0 5 1 4 -1  1
13287665645199177531
2 6 3 7 -1  1
13287713859712142373
3 4 0 1 -1  1
13287750438706002548
4 0 5 0 -1  1
13287882446115647563
0 1 6 1 -1  1
13288004968754916537
2 5 3 3 -1  2
13288152465755819641
2 2 3 4 -1  1
13288228866267114287
2 4 4 2 -1  1
13288376436690975810
1 5 2 4 -1  1
13288479863530417442
0 1 2 2 -1  6
0 5 3 2 -1  2
0 6 2 5 -1  4
1 2 3 2 -1  2
1 3 2 3 -1  1
1 3 3 3 -1  124
13288522599772172456
2 0 0 2 -1  1
13288586757049830866
2 2 1 4 -1  1
13288616478192971228
1 7 0 7 -1  1
13288877071356307680
5 2 6 2 -1  1
13289088069840504331
1 0 3 0 -1  1
13289550353870742895
0 0 1 0 -1  1
13289616246491560654
0 3 1 2 -1  1
13289773776156344339
0 7 0 1 -1  1
13289996055973909268
0 0 3 0 -1  1
13289997451236660140
1 2 2 1 -1  1
13290003824153870061
2 6 2 4 -1  1
13290416877059326757
4 2 5 2 -1  1
13290428917641359130
0 5 1 6 -1  1
13290791362556371119
2 5 3 7 -1  1
13290940453889875958
1 5 2 5 -1  1
13290951759522356918
5 2 6 2 -1  1
13291228621691060723
2 0 3 0 -1  1
13291612777927848963
5 0 6 0 -1  1
13291817813152953494
0 3 7 3 -1  1
13291826817424539914
1 3 2 2 -1  1
13291826934273179826
2 3 2 6 -1  1
13291846757885508908
5 0 1 4 -1  1
13291863357258806861
0 6 1 7 -1  1
13292007750422121678
4 1 5 0 -1  1
13292030289599369616
1 6 2 5 -1  1
13292096103861269472
4 1 3 2 -1  1
13292205161677157263
0 4 1 5 -1  1
13292447775621478615
2 3 3 4 -1  2
13292459941963975591
3 0 1 2 -1  1
13292709769279732458
1 6 2 6 -1  1
13292798471117401892
1 1 2 2 -1  1
13292812602608941783
0 4 0 6 -1  1
13293136191224479953
1 3 0 5 -1  1
13293225934297503685
2 4 2 3 -1  1
13293258549696734129
0 4 0 6 -1  1
13293282626200208813
1 5 2 5 -1  20
13293365022213182632
1 1 0 1 -1  1
13293384060267106920
0 2 2 0 -1  1
13293646226908755099
1 6 3 6 -1  1
13293652828932155137
4 2 5 2 -1  1
13293778524373255696
2 1 4 1 -1  1
13293782728570650828
2 3 0 1 -1  1
13293863495414710735
4 4 5 4 -1  1
13293980862697861203
5 0 4 0 -1  1
13294214021803749252
0 5 5 0 -1  1
13294268496336230314
0 6 2 5 -1  1
13294474597386196185
1 4 2 4 -1  1
13294667457183858209
1 0 2 0 -1  1
13294900452612951068
0 2 5 2 -1  1
13294981633640452663
7 0 5 2 -1  1
13295465956672997413
4 0 4 4 -1  1
13295508985888854389
1 5 2 5 -1  1
13295584243373879346
7 1 7 3 -1  1
13295738711214768206
2 5 1 3 -1  1
13295789853135176392
4 6 3 4 -1  1
13295903810702144783
3 3 3 4 -1  1
13296027511949388504
2 5 1 3 -1  1
13296442312273806477
1 5 2 5 -1  1
13296746856731465552
0 0 0 3 -1  1
13297138236784333918
4 3 2 4 -1  1
13297153990795310278
4 7 5 7 -1  1
13297177662591648631
4 6 3 5 -1  2
13297237464562130137
3 2 2 3 -1  1
13297242024350934778
1 2 2 2 -1  1
13297365495137203389
2 6 0 7 -1  2
13297569820577262308
0 3 7 3 -1  1
13297746725429226939
0 5 3 5 -1  1
13297880206293363054
3 3 4 2 -1  2
13298006699779438607
3 5 4 5 -1  1
13298181904130604580
0 6 2 5 -1  1
1 4 2 4 -1  1
13298228240585440057
0 4 0 6 -1  1
13298240410122819401
5 6 7 4 -1  1
13298261311822065269
1 5 2 6 -1  1
13298589791746456357
0 1 0 0 -1  1
13298624528808867253
3 2 2 2 -1  1
13298743674972758649
3 2 1 1 -1  1
13298753618785845398
3 4 4 3 -1  1
13298759145697559652
3 4 5 2 -1  1
13298854968175283987
5 4 6 4 -1  1
13298926537053246884
0 4 0 2 -1  1
13299024881591461898
4 6 3 7 -1  1
13299042429307463291
4 4 5 4 -1  1
13299119717425251804
4 1 2 0 -1  1
13299144929238768091
3 5 4 5 -1  1
13299313186231850606
0 3 3 3 -1  1
13299343741910791782
1 5 0 3 -1  1
13299436423026368444
0 3 0 5 -1  1
13299520473147823187
3 5 2 3 -1  1
13299873657237620201
2 0 3 0 -1  2
13299874170322827272
2 5 0 4 -1  1
13299925921700102334
0 3 3 0 -1  1
13299982724087372447
0 5 2 5 -1  1
13300012989986672336
1 6 0 4 -1  1
13300162004113941730
0 3 1 2 -1  1
13300187152274918651
1 5 3 5 -1  1
13300436433016778434
0 3 1 3 -1  1
13300486808348968992
2 7 3 7 -1  1
13300588908729549351
5 3 6 4 -1  1
13300627509230818138
1 7 2 7 -1  1
13300718330162985869
1 3 4 6 -1  1
13300736972687907751
3 1 5 2 -1  1
13300745066583248594
1 5 2 5 -1  1
13300913870770126069
1 3 5 3 -1  1
13301272111012289006
1 6 2 6 -1  1
13301291953529725092
0 3 1 2 -1  1
13301426460896220647
0 6 2 5 -1  1
13301659955288523690
1 7 3 7 -1  1
13301681900438749966
4 3 6 4 -1  2
13302326450494670459
3 1 4 2 -1  1
13302435539917991996
1 4 3 5 -1  1
13302488605217752510
4 0 4 7 -1  1
13302523707598807759
0 4 1 3 -1  1
13302631225388966159
2 1 3 2 -1  1
13302913490617142239
0 4 3 4 -1  1
13302979846341446405
2 3 1 2 -1  1
13303019666885949382
4 3 5 5 -1  1
13303090018512901565
2 3 2 0 -1  1
13303140509559258422
1 0 3 0 -1  1
13303305735702326722
1 6 4 3 -1  1
13303349064118967553
2 3 3 4 -1  1
13303485842275763874
3 3 4 2 -1  1
13303541260188574266
6 2 5 2 -1  1
13303681762190400738
0 5 2 3 -1  3
13303714602542836481
2 0 2 3 -1  1
13303771039829479141
1 5 3 5 -1  1
13303863808034980331
0 5 0 3 -1  1
13303942651296616505
1 2 2 1 -1  1
13303965532685481586
1 4 2 6 -1  1
13304212410124265288
0 5 0 3 -1  1
13304220453187662270
4 7 3 6 -1  1
13304367231024834082
6 1 5 1 -1  1
13304373176864731082
2 3 3 4 -1  1
13304422764168297280
3 6 3 4 -1  1
13304599816137604733
3 3 4 1 -1  1
13304645650788538828
3 4 5 2 -1  1
13304647343265996025
1 4 1 2 -1  1
13305147066148746208
1 7 2 7 -1  1
13305291922123988292
0 3 3 6 -1  1
13305558910528314158
4 6 6 4 -1  1
13305597407230315984
4 4 6 3 -1  1
13305613092999738376
2 5 3 3 -1  1
13305689171617324124
3 3 4 4 -1  1
13305691008015104905
0 2 4 6 -1  1
13305788922091547739
4 4 5 4 -1  1
13305814650195618670
1 3 3 5 -1  1
13305828280759113788
3 6 5 4 -1  1
13305900265264882258
0 1 2 3 -1  1
13305980834884444611
2 7 3 7 -1  1
13306178171858153346
1 0 2 0 -1  1
13306418629762226983
4 5 3 3 -1  1
13306453904666010131
3 7 4 5 -1  1
13306674919909032468
2 3 2 7 -1  1
13306680761346898633
0 3 1 4 -1  1
13306720212613582053
4 1 4 0 -1  1
13306791613772538103
2 1 3 1 -1  1
13307070869822589314
5 5 6 6 -1  1
13307091696542682974
0 6 1 7 -1  1
13307132693748279309
0 1 0 6 -1  1
13307216665448689231
3 3 2 5 -1  1
13307301250140540820
1 6 2 6 -1  1
13307341999964412576
2 5 3 7 -1  1
13307389163965336371
4 1 5 2 -1  1
13307393615843956859
4 7 7 7 -1  1
13307487854515218401
4 7 5 7 -1  1
13308097091961327980
0 3 1 2 -1  1
13308169899583067755
3 4 4 4 -1  1
13308260677854715040
0 1 1 0 -1  1
13308333855701177593
2 1 3 3 -1  1
13308403871157901740
2 1 4 2 -1  1
13308476522821370398
0 5 0 1 -1  1
13308523439475387069
2 4 3 4 -1  1
13308573915443963234
2 3 2 5 -1  1
13308802683262725853
4 6 3 5 -1  1
13308833805914185765
2 5 4 4 -1  1
13308907294902632538
4 5 5 4 -1  1
13309195677195713082
0 6 1 7 -1  1
13309384142206308437
6 2 6 3 -1  1
13309622313370747051
1 6 2 7 -1  1
13309638436387683750
0 6 0 7 -1  1
13309950621888089991
3 1 4 2 -1  1
13310108758286284991
1 3 2 5 -1  1
13310119614357605054
6 5 7 5 4  1
13310145767809959117
3 7 4 7 -1  1
13310289014768055895
2 6 3 6 -1  1
13310315738022710944
4 4 5 5 -1  1
13310331311408993609
2 7 4 6 -1  1
13310414296938194865
3 4 5 6 -1  1
13310569353901780369
2 7 3 6 -1  1
13310660158970308663
3 5 5 7 -1  1
13310713712255855502
0 2 2 4 -1  1
13311275976244415875
3 2 4 3 -1  1
13311501330975623161
3 2 3 3 -1  1
13311893839847021429
0 6 0 5 -1  1
13312004171406231044
0 2 5 7 -1  1
13312037617030367109
2 1 4 2 -1  1
13312146209713988918
0 5 0 1 -1  1
13312172489888576141
3 2 2 3 -1  1
13312371094249208775
1 3 1 0 -1  1
13312376670938962010
3 5 4 5 -1  1
13312552120320947167
3 6 5 4 -1  1
13312885816365147809
0 5 1 4 -1  1
13312895142591933969
5 0 1 4 -1  1
13312967227410165107
0 3 0 7 -1  1
13313153430890971584
2 1 1 3 -1  1
13313179884982048670
0 5 1 6 -1  1
13313190181549236069
1 4 2 4 -1  1
13313378850425731768
0 5 7 5 -1  1
13313437454500689418
3 5 5 3 -1  1
13313462748860426042
0 4 0 6 -1  1
13313776427638927022
0 1 2 2 -1  1
13313813214941907054
0 4 0 2 -1  1
13313950570606964200
3 6 2 7 -1  1
13314006136794465904
0 5 1 6 -1  1
13314147422169239848
0 2 1 2 -1  1
13314150626947584558
3 2 4 3 -1  2
13314286746899697741
2 5 1 5 -1  1
13314500722884517992
0 6 1 7 -1  1
13314603358790053448
0 2 2 4 -1  1
1 7 3 7 -1  1
13314703256708056051
1 6 4 3 -1  1
13314904224855504036
1 4 3 4 -1  1
13315023418067800686
2 5 4 6 -1  1
13315036260932112119
3 6 4 5 -1  1
13315150412982362304
2 2 3 2 -1  1
13315188037947264389
1 6 3 4 -1  3
13315279060212228711
3 3 3 5 -1  1
13315292538428392687
2 7 0 6 -1  1
13315328271664523424
0 3 5 3 -1  2
13315339951709168969
0 7 0 5 -1  1
13315400228067053929
2 6 4 5 -1  1
13315500338340198521
0 4 0 0 -1  3
13315719881536553583
4 6 5 6 -1  1
13315747173432144410
1 4 1 3 -1  2
13315806467582882411
3 0 4 0 -1  1
13315851921211186006
2 6 3 5 -1  1
13315989402300156088
1 7 2 7 -1  1
13316252106483788347
0 4 0 2 -1  1
13316367972486480846
0 6 2 6 -1  1
13316485648593786453
0 4 2 5 -1  1
13316569843646442841
7 1 5 3 -1  1
13316592802699003522
1 7 2 7 -1  1
13317018142817897097
4 4 7 7 -1  1
13317492713421552854
0 4 0 6 -1  1
13317600609336708533
4 3 5 2 -1  1
13317628265590739748
1 5 2 4 -1  1
13317707499096622949
0 7 0 4 -1  1
13318008816756677887
6 1 7 1 4  1
13318198148493748188
0 4 0 5 -1  1
13318317436274414592
3 0 4 2 -1  1
13318376362355242247
2 7 3 7 -1  1
13318399291518919074
2 5 1 7 -1  1
13318517859645527213
6 4 5 4 -1  1
13319071281878773914
2 4 3 4 -1  1
13319125657109042336
4 1 5 0 -1  1
13319227832662473923
6 0 6 3 -1  1
13319340553859545104
5 7 3 6 -1  1
13319341391308537652
1 3 4 0 -1  1
13319569729580304750
1 6 3 6 -1  1
13319684565184973503
3 3 5 2 -1  1
13319705936049204619
4 4 6 3 -1  1
13319784092264837910
3 0 4 0 -1  1
13319810211872867247
3 2 5 2 -1  1
13319839952312306423
0 4 0 6 -1  1
13319909643788233782
0 6 2 4 -1  1
13319985606327932557
0 3 4 7 -1  1
13320049742248311409
3 1 2 2 -1  1
13320231314987596896
0 3 1 4 -1  1
13320675618060657532
0 4 0 5 -1  1
13320722589021136634
3 3 4 4 -1  1
13321001619267462974
0 6 0 5 -1  1
13321129880280863407
2 7 3 7 -1  1
13321178332250702716
6 0 5 0 -1  1
13321187166206193786
6 2 6 7 -1  1
13321212350294745169
7 2 3 2 -1  1
13321219654011280567
5 3 2 3 -1  1
13321477196837361965
3 3 4 4 -1  2
13321479592175090366
6 7 7 7 -1  1
13321816121478197492
4 3 5 3 -1  1
13321929551082596219
0 5 0 4 -1  2
13322110686618635800
0 3 2 5 -1  1
13322188754938092814
2 0 3 0 -1  3
13322399253643209999
1 2 2 2 -1  1
13322424937798794259
3 4 4 4 -1  1
4 5 5 7 -1  1
13322632764815188762
0 6 1 7 -1  1
13322707826926325061
0 3 2 3 -1  1
13322892070348140829
2 5 3 3 -1  1
13322929531855954434
1 1 2 1 -1  1
13322942367181737956
0 3 2 1 -1  1
13322946887705552082
4 1 5 2 -1  1
13322968016457149608
3 6 6 3 -1  1
13323095902188119729
2 4 4 6 -1  1
13323110340231258054
1 1 2 2 -1  1
1 2 2 2 -1  2
13323123085398203506
1 5 3 4 -1  1
13323256714034812767
0 0 0 3 -1  1
13323372957988966709
0 5 0 3 -1  1
13323522736903260621
0 2 1 2 -1  1
13323711925666300111
4 2 7 5 -1  1
13323768588358658496
0 2 3 5 -1  1
13323895246205255536
4 2 2 3 -1  1
13323896364535466581
4 5 5 6 -1  1
13324206842734169204
0 5 4 1 -1  1
13324242526100462009
5 5 6 5 -1  1
13324279645444869769
2 4 2 3 -1  1
13324391217682784007
3 5 1 3 -1  1
13324407838693706559
2 5 4 4 -1  1
13324435004015810833
0 7 0 3 -1  1
13324695323639061349
0 6 0 7 -1  1
0 6 1 7 -1  1
13324903619922352609
6 1 3 4 -1  1
13325038119768428883
2 4 3 4 -1  1
13325141864274365114
4 0 3 0 -1  1
13325155906429814942
4 2 6 0 -1  1
13325210129273562411
0 0 0 1 -1  1
13325230593463477798
2 2 3 0 -1  1
13325321003371713183
4 2 4 1 -1  1
13325511729340122044
1 2 2 2 -1  1
13325758598255263556
2 3 2 5 -1  1
13325890568087982508
1 0 3 0 -1  1
13325930190319106296
1 2 1 5 -1  1
13325932614986515461
0 2 1 1 -1  1
13326060441029473956
4 2 4 7 -1  1
13326156567870826855
6 5 6 3 -1  1
13326261061154207034
2 4 4 2 -1  1
13326998284396443139
1 1 3 1 -1  1
13327436705380691530
0 4 0 3 -1  1
13327528829325762842
3 2 3 3 -1  1
13327666395412893585
5 4 5 5 -1  1
13327877912469034335
2 1 3 1 -1  1
13327925075795709881
4 3 5 5 -1  1
13328123600489177163
2 4 1 3 -1  1
13328540442120805188
1 1 2 1 -1  1
13328674054499092588
4 6 5 5 -1  1
13328875134130498459
0 2 4 6 -1  1
13328976193244902461
0 3 6 3 -1  1
13329088278772673693
3 0 4 1 -1  1
13329169892324551278
1 5 3 5 -1  1
13329212255602786222
1 0 3 0 -1  2
13329362778719532085
4 2 3 0 -1  1
13329651292753043676
0 3 1 2 -1  1
13329694686379959048
1 4 1 2 -1  1
13329751143731655576
5 1 5 4 -1  1
13329777745993073316
3 6 4 7 -1  1
13329789949367569017
2 6 3 5 -1  1
13329911760139664973
7 6 2 6 -1  1
13329932473759419366
1 6 1 5 -1  1
13329983977831966426
1 4 0 5 -1  1
13329984697002814129
1 2 1 3 -1  1
13330165803704593596
3 5 1 7 -1  1
13330356863153765872
1 2 0 3 -1  1
13330443354003205347
4 1 0 5 -1  1
13330504345174359525
3 6 5 6 -1  1
13330505135366856442
6 1 6 2 -1  1
13330523866741779552
3 5 3 4 -1  2
13330563515490209761
2 3 4 5 -1  1
13330647152024473664
2 6 3 7 -1  1
13330698881170876642
2 3 1 4 -1  1
13330706339223913901
3 3 5 2 -1  1
13330940057873436890
3 7 5 7 -1  1
13331254967184513227
2 4 1 4 -1  1
13331382044569959766
3 1 0 4 -1  1
13331468204686186006
2 1 5 4 -1  1
13331527375037206133
3 6 4 7 -1  1
13331618515081894713
0 5 1 4 -1  4
1 7 2 7 -1  9
13331737216232915955
2 5 3 3 -1  1
13331814039179196864
1 2 2 1 -1  1
13332005545697421628
6 0 4 0 -1  1
13332086882617518899
0 6 2 5 -1  3
1 3 2 3 -1  3
1 4 2 4 -1  1
13332438936647446229
2 2 3 4 -1  1
13332449645122838694
1 0 5 4 -1  1
13332590698463381446
1 0 3 0 -1  1
13332713731170959932
4 5 5 4 -1  1
13332874569327849578
2 5 3 5 -1  3
13332874836192139603
1 1 3 1 -1  1
13332961525880254228
0 4 0 6 -1  1
13333012486897037300
2 5 1 6 -1  1
13333013487171991517
0 2 2 2 -1  1
13333058012265092319
1 2 2 3 -1  1
13333159646141329422
1 5 2 5 -1  1
13333245520346191778
2 0 4 2 -1  1
13333394476730299018
3 4 4 4 -1  1
13333538926027108420
0 5 1 4 -1  1
13333591683296371338
0 3 4 7 -1  1
13333743304414790855
0 6 1 7 -1  1
13334057812168637568
2 2 5 2 -1  1
13334281008893181125
6 3 6 0 -1  1
13334318411634121917
4 2 5 1 -1  1
13334491714910700466
3 0 3 5 -1  1
13334642360608372168
2 4 4 6 -1  1
13334653263571416945
5 0 5 6 -1  1
13334765372032946014
1 2 1 4 -1  1
13334792584571063763
4 1 5 2 -1  1
13334798713683451734
0 0 0 4 -1  1
13334840384598627461
3 4 1 3 -1  2
13334858432201394731
4 4 5 5 -1  1
13335163259184675036
1 4 2 3 -1  1
13335318545186707494
3 3 2 4 -1  1
13335384792046249486
2 6 3 6 -1  1
13335636949892273808
1 3 4 3 -1  1
13335644067537960093
6 0 6 1 -1  1
13335766930355879483
1 2 3 0 -1  1
13335774486322501059
2 5 0 3 -1  1
13335916709201162656
1 1 5 5 -1  1
13335923350077941950
4 1 5 2 -1  1
13336176493529391084
1 1 2 1 -1  1
13336260116761725243
1 4 2 2 -1  1
13336274184784367923
0 0 0 2 -1  1
13336358546339455773
4 4 5 5 -1  1
13336386097354037459
3 3 4 2 -1  1
13336427145085833717
0 6 1 4 -1  1
13336449995603070721
6 4 7 4 -1  2
13336552699722371216
0 1 0 4 -1  1
13336684270306562949
0 6 1 5 -1  1
13336868514039235492
0 5 0 3 -1  1
13336895742126731867
6 6 6 7 -1  1
13337006758393037693
5 4 1 4 -1  1
13337143810479827619
3 4 2 6 -1  1
13337145536010846262
1 6 1 5 -1  1
13337418252788123918
1 4 2 3 -1  1
13337579982900425675
2 3 2 5 -1  1
13337586562428915528
3 5 2 5 -1  1
13337777365859462825
1 5 1 4 -1  1
13337890944959393715
3 7 4 5 -1  1
13337985492259205412
1 0 3 0 -1  1
13338270063501531142
2 5 2 7 -1  1
13338293002523525883
3 0 4 0 -1  1
13338434907524191569
2 2 3 3 -1  1
13338458494658989600
0 2 2 4 -1  1
13338477139497492054
7 1 6 2 -1  1
13338490159974065343
3 4 1 2 -1  1
13338514251734826191
1 7 3 7 -1  1
13338777387121336552
5 1 0 1 -1  1
13338795653522043594
1 3 3 5 -1  1
13338909546020546051
3 0 7 0 -1  1
13339070537402237598
2 4 3 3 -1  1
13339355229984386241
6 3 1 3 -1  1
13339597272543109803
3 3 3 1 -1  1
13339634337093238845
4 5 5 5 -1  1
13339647279298115769
0 3 6 3 -1  1
13339694618551489506
1 7 3 7 -1  1
13340081794297721144
5 4 4 4 -1  1
13340258403292045238
3 3 3 0 -1  1
13340366535683014926
0 4 0 3 -1  1
13340691909808163214
4 3 5 3 -1  1
13340771050518583391
2 0 3 1 -1  1
13340991256228841713
0 4 0 6 -1  1
13341064000617482194
0 4 0 3 -1  1
13341273342353585956
0 5 0 7 -1  1
13341392357441039277
1 0 3 0 -1  1
13341523263912364717
3 1 4 2 -1  2
13341546275989268183
1 1 2 1 -1  1
13341567127007577180
1 1 2 1 -1  1
13341629073842708383
2 6 3 6 -1  1
13341633215173348314
7 6 7 5 -1  1
13341634378225800487
2 6 3 5 -1  1
13341661075590978926
2 3 3 4 -1  1
13341728723034792417
0 3 1 4 -1  1
13341729757556321536
6 2 6 1 -1  1
13341740485873794866
0 4 0 6 -1  3
13341946934811455004
3 7 4 5 -1  1
13341959688336543784
3 4 1 2 -1  1
13342282093799405668
3 6 4 6 -1  1
13342441000175036201
1 3 1 7 -1  1
13342546088328743758
2 1 2 2 -1  1
2 1 3 2 -1  1
13342629406242658724
7 2 6 2 -1  1
13342649865148866155
0 7 1 7 -1  1
13342860473553450100
3 5 2 6 -1  1
13343004677062440001
0 3 7 3 -1  1
13343519933399019112
4 4 6 4 -1  1
13343566167958970292
0 6 0 4 -1  1
13343595353330104531
3 2 1 0 -1  1
13343623255774582696
0 4 0 6 -1  1
13343667873430244281
0 5 1 6 -1  8
13343737078146161450
0 5 1 4 -1  1
13343757653129263807
0 6 1 6 -1  1
13343861306284684701
1 4 2 5 -1  1
13343941271665954646
3 3 4 2 -1  1
13344082990405960440
0 7 0 4 -1  1
13344248445326430188
0 4 0 3 -1  1
13344549475355162324
0 7 0 6 -1  1
13344589140629758577
4 1 3 2 -1  1
13344723823988629172
3 0 4 0 -1  1
13344815996546534478
2 3 3 3 -1  1
13345260564043124776
3 0 3 2 -1  2
13345530217212891960
2 1 2 6 -1  1
13345609856402659795
3 4 6 1 -1  1
13345648742382934046
0 6 1 7 -1  1
13345788618321542467
0 2 0 1 -1  1
13345855496364909739
1 3 2 1 -1  1
1 3 3 2 -1  1
13345869258767889872
1 3 4 6 -1  1
13345952487016459350
2 2 4 3 -1  1
13346037919681638513
2 3 4 4 -1  1
13346137012965545532
1 2 2 2 -1  1
13346211435377628643
1 5 2 4 -1  1
13346489331175675643
0 3 1 4 -1  1
13346658165556876542
7 0 6 0 -1  2
13346668222037913690
0 3 1 4 -1  1
13346752161055269056
3 5 3 6 -1  1
13346804988146183653
0 4 0 6 -1  1
13346865771150640243
1 2 3 4 -1  1
13346909702102722138
1 4 3 5 -1  1
13347056000271651403
2 2 3 2 -1  1
13347137613423772224
7 2 5 0 -1  1
7 2 6 1 -1  1
13347457876269009203
2 1 6 1 -1  1
13347493368285728768
0 1 0 0 -1  1
13347649468112520911
1 4 3 3 -1  1
13347768671929009790
4 3 5 3 -1  1
13347830420561558794
2 5 6 1 -1  1
13348156857527557150
3 1 5 3 -1  1
13348158046070613182
3 1 6 1 -1  1
13348172139322577179
6 4 6 3 -1  1
13348385763561329149
1 7 2 7 -1  1
13348410668517779397
0 3 2 5 -1  1
13348587562090730066
3 1 4 1 -1  1
13348654070515076536
1 3 5 7 -1  1
13348700218920563154
6 4 6 2 -1  1
13348746692427392770
3 0 4 0 -1  1
13348861524267521940
0 7 0 3 -1  1
13348878733321493779
7 0 7 2 -1  2
13348914632233229564
4 4 6 2 -1  1
13348934018139370412
6 6 7 6 -1  1
13348982138643963985
3 7 4 7 -1  1
13349151035493995850
5 1 7 1 -1  1
13349346399560003471
0 4 0 6 -1  1
13349824026218027305
3 6 4 5 -1  1
13350008405560290003
2 4 3 5 -1  1
13350630603607379089
2 3 2 2 -1  1
13350643189222858562
6 0 5 0 -1  1
13350725978410388288
1 3 3 3 -1  1
13350773035517813543
6 0 5 0 -1  1
13350783595515769305
0 4 0 6 -1  1
13350800302710614492
0 3 0 2 -1  1
13351107904074971057
1 4 2 4 -1  1
13351196951861690479
0 0 0 3 -1  1
13351211701464475566
2 6 1 7 -1  1
13351228215681303186
4 2 3 4 -1  1
13351251691938028958
1 5 1 4 -1  1
13351282628481244076
3 5 4 5 -1  1
13351835543674946884
3 5 4 4 -1  1
13351979487487374083
0 0 0 6 -1  1
13352086825507903496
0 3 3 3 -1  1
13352187005675089629
2 4 4 2 -1  1
13352222212148285338
1 6 2 4 -1  1
13352328858153643264
0 2 2 4 -1  1
13352390571717549367
1 6 2 6 -1  2
13352518711432329935
1 5 3 5 -1  1
1 7 3 7 -1  2
13352636399801232208
4 6 5 7 -1  1
13352659160860264159
0 4 0 3 -1  1
13352668941123747188
3 2 4 3 -1  6
13352766400572180082
1 1 3 1 -1  2
2 5 4 6 -1  1
13352783468073017498
2 4 5 4 -1  1
13352804043712328154
5 1 4 1 -1  1
13353017382274505129
3 2 4 3 -1  1
13353092060267519299
1 7 2 7 -1  1
13353311529108521278
0 3 2 1 -1  1
13353414762031280137
2 3 2 7 -1  1
13353452707416598214
0 5 1 5 -1  1
13353522619750025116
2 7 3 6 -1  1
13353632577766941602
1 3 2 1 -1  1
13354825876510482761
2 2 1 4 -1  1
13354873719706152520
1 4 1 3 -1  1
13354947901763395176
1 2 3 2 -1  1
13354974793110124392
0 3 0 5 -1  1
13355041325114139900
4 5 6 5 -1  2
13355051513726941967
1 3 1 5 -1  1
13355082820209147275
1 5 3 5 -1  1
13355272294963552538
2 0 4 0 -1  1
13355782542288678169
2 3 1 2 -1  1
13355811238364721064
2 2 3 2 -1  1
13356292393617863730
3 2 5 4 -1  1
13356613351992567790
1 4 3 4 -1  1
13356646094965230572
5 1 1 1 -1  1
13356689469194388197
3 7 4 7 -1  1
13356713260822377619
0 0 0 3 -1  1
13356952336381279597
2 5 3 4 -1  1
13357042729759692092
0 2 4 6 -1  1
13357215209120429931
3 3 2 1 -1  1
13357364016916550303
3 4 6 1 -1  1
13357487963144203573
3 3 5 4 -1  1
13357537812128883222
3 3 5 4 -1  1
13357585131101864438
4 6 3 7 -1  1
13357691596329836426
3 5 4 4 -1  1
13357804369998745817
0 4 0 6 -1  1
13357947855397136939
0 2 3 2 -1  1
13358030645222530616
1 6 2 6 -1  2
13358113790271083204
4 2 5 2 -1  1
13358174988666185466
2 6 2 2 -1  1
13358411564277705104
0 4 1 6 -1  1
13358441046777526832
0 0 0 3 -1  1
13358568059352072773
5 2 5 0 -1  1
13358639525486505774
0 3 4 3 -1  1
13358671671937946140
0 2 1 1 -1  1
13358735354098348135
1 1 7 1 -1  1
13358741437590052756
0 2 1 4 -1  1
13358862024011328676
2 5 4 6 -1  1
13358935670678644675
0 2 2 3 -1  1
13359018307376526988
2 7 3 7 -1  1
13359022503308184084
3 4 5 5 -1  1
13359439065075678018
2 0 3 0 -1  1
13359547494360641191
3 3 4 4 -1  1
13359722633116722645
2 6 1 4 -1  1
13359844894327101942
2 2 4 3 -1  1
13360058034812878517
1 5 3 5 -1  1
13360649560521799120
3 5 3 3 -1  1
13360742678960739609
6 2 5 3 -1  1
13360843343745842919
2 3 3 3 -1  1
13361144501963824387
3 3 4 4 -1  1
13361163594967299795
1 3 3 3 -1  1
13361364406995366410
3 0 4 1 -1  1
13361613926431122435
3 3 1 2 -1  1
13361904880037676166
1 1 2 1 -1  1
13361964708594448748
1 7 2 7 -1  1
13362156215715774634
0 5 1 4 -1  1
1 3 3 3 -1  1
13362203070509716213
0 1 0 6 -1  2
13362205941172937511
0 5 1 6 -1  1
13362303443032176364
2 1 3 2 -1  1
13362390388144832192
1 2 2 3 -1  1
13362390570325065539
0 1 1 3 -1  1
13362423460025965475
0 3 4 3 -1  1
13362633837169124630
0 1 2 0 -1  1
13362764333589665317
4 0 3 1 -1  3
13362809617721527556
0 0 0 2 -1  1
13362810507959558523
0 5 0 4 -1  1
13362842575075760631
4 2 5 3 -1  1
13363183677320482139
0 3 2 5 -1  1
13363264314852293025
4 4 2 3 -1  1
13363399812000499409
5 5 3 3 -1  1
13363469457848986951
4 5 4 4 -1  1
13363480806448529897
0 2 3 5 -1  1
13363634806544550319
0 5 0 4 -1  1
13363732681612816989
1 4 3 4 -1  1
13363813414006761165
4 7 5 7 -1  1
13363925315493324643
0 1 2 2 -1  1
3 4 4 3 -1  1
13363989099733173051
3 5 2 6 -1  1
13363989536112853854
4 2 4 3 -1  1
13364105327181809730
3 4 2 3 -1  1
13364182867824640826
2 5 1 4 -1  1
13364212819533679284
0 5 2 3 -1  1
13364531551749746877
2 5 6 5 -1  1
13365025414745793637
0 3 2 5 -1  1
13365102803787704306
6 3 4 1 -1  1
13365109903122701835
0 1 0 2 -1  1
13365505604762374183
0 6 0 5 -1  1
13365870593121418956
6 4 7 2 -1  2
13365889639151683227
0 5 0 2 -1  1
13365978907538753400
2 5 3 4 -1  2
13366009411971281859
3 3 2 4 -1  1
13366028892366151341
5 2 6 1 -1  1
13366067409215816233
5 1 6 1 -1  1
13366142344097280642
0 5 2 3 -1  1
13366362478080682312
0 1 0 3 -1  1
13366635223947656301
1 2 1 3 -1  1
13366767244737255088
2 4 5 1 -1  1
13367040055675295367
3 4 4 3 -1  1
13367267897527607414
5 3 6 3 -1  1
13367462891264526259
0 0 3 3 -1  1
13367542836284265868
1 4 5 4 -1  1
13367569054606204291
4 6 5 5 -1  1
13367748698994323875
4 6 5 5 -1  1
13367824667119896301
7 3 4 3 -1  2
13367829572019682670
0 6 1 6 -1  1
3 4 2 5 -1  1
13367867635102297791
4 3 4 4 -1  1
13367945447965672692
0 0 0 2 -1  1
13368010257321307529
0 3 1 2 -1  1
0 4 0 6 -1  1
13368047263443450063
0 5 3 2 -1  2
1 0 2 0 -1  1
13368078808962262610
2 0 3 1 -1  1
13368164560548395598
4 2 4 1 -1  1
13368375269773176855
0 2 3 2 -1  1
13368610568968269978
3 4 4 4 -1  1
13368616986444003346
1 0 3 0 -1  1
13368636355337658995
5 7 4 6 -1  1
13368826581009081880
2 5 6 5 -1  1
13368849977226205674
0 3 0 2 -1  1
13368855812421358059
0 3 3 0 -1  1
13369175157850535668
2 3 1 3 -1  1
2 5 1 4 -1  1
13369243559734701781
2 0 4 2 -1  1
13369356346519241963
2 6 2 5 -1  1
13369416711884136313
1 6 3 6 -1  1
13369437107829051662
2 5 3 4 -1  1
13369600515296470745
4 6 2 4 -1  1
13369770872009875677
2 3 1 2 -1  1
13369772079810877213
2 4 3 2 -1  1
13369871446126176529
2 0 3 1 -1  1
13369963102750732723
3 3 4 2 -1  4
13369976288040705504
3 0 5 1 -1  1
13370050277947455320
1 2 4 5 -1  1
13370054507038770799
1 3 3 1 -1  1
13370137505977632483
4 6 5 5 -1  1
13370180047558302464
3 3 5 1 -1  1
13370241428964067310
3 2 4 2 -1  1
13370445772380999702
2 5 4 3 -1  2
13370503685215733229
3 0 4 1 -1  1
13370588383614011052
0 1 4 1 -1  1
13370636056682824760
4 2 3 3 -1  1
13370707072091403456
0 4 3 4 -1  1
13370718282576547394
2 4 3 4 -1  1
13370867512098497747
3 5 5 3 -1  1
13370876801626301962
1 1 2 2 -1  1
13370969348609450088
1 4 3 6 -1  1
13371096146823051626
1 1 2 2 -1  1
13371108855031457736
2 1 3 2 -1  1
13371243484015330368
0 0 0 1 -1  3
13371302699350521396
4 5 5 5 -1  1
13371328316051751491
5 2 6 2 -1  1
6 3 7 2 -1  1
13371392231257456213
4 3 6 4 -1  1
13371598577262663471
4 4 3 6 -1  1
13371970576075549073
2 7 3 5 -1  1
13372088239146840265
2 5 3 5 -1  1
13372157887987267784
1 2 2 1 -1  1
13372629583841115708
0 1 2 2 -1  1
13372645996035600012
2 5 2 3 -1  1
13372791980362670343
0 0 4 0 -1  1
13372870092930509629
0 3 0 1 -1  1
13373024869068409642
1 5 3 5 -1  1
13373032008155452158
2 2 4 3 -1  1
13373101328946998827
1 3 5 3 -1  3
13373364357640729587
2 6 3 5 -1  1
13373448773769051717
0 1 2 2 -1  1
13373546619701118333
3 0 6 3 -1  1
13373598438370003004
2 1 3 1 -1  1
13373697288855142503
2 1 1 0 -1  1
13373766095565694045
0 6 0 7 -1  1
13373856039924141519
1 6 2 7 -1  1
13373931097500771075
7 2 3 6 -1  1
13373972890755472387
0 3 2 3 -1  1
13374139055092525025
2 4 3 3 -1  1
13374185910611807709
1 1 3 1 -1  1
13374240324112306954
2 3 1 3 -1  1
13374299387791954114
1 6 2 6 -1  1
13374339728841016869
1 0 2 0 -1  1
13374358584570134439
4 3 5 5 -1  1
13374416769790085675
2 7 3 7 -1  1
13374419153879941347
2 2 4 3 -1  1
13374423599609254919
1 0 3 0 -1  1
13374680536328059654
4 3 5 2 -1  1
13374859477683188169
4 5 5 5 -1  1
13374898850584838008
3 4 4 3 -1  1
13375121044541620042
3 2 5 4 -1  1
13375335523585382743
2 2 3 1 -1  1
13375337045489050968
3 6 4 6 -1  1
13375527745286575660
1 4 1 6 -1  1
13375543166411180991
1 4 1 3 -1  1
13375657248483140941
5 5 6 3 -1  1
13375667177871638269
0 7 1 6 -1  2
13375874529949531538
1 6 2 5 -1  1
13375964368548235262
3 6 4 7 -1  1
13375996065174934632
2 1 3 0 -1  1
13376026520692737182
2 1 3 1 -1  1
13376063354273622948
0 4 1 4 -1  1
13376175613775775252
4 6 5 7 -1  1
13376195540693404295
2 6 3 4 -1  1
13376326573803298888
0 5 1 4 -1  1
13376405179398177036
2 1 2 2 -1  1
13376487648249086660
0 6 0 7 -1  1
13376504459921164950
0 4 0 6 -1  1
1 3 2 3 -1  14
13376537964402126216
1 5 3 5 -1  1
13376600437746991975
1 2 2 1 -1  1
13376829723815288806
3 5 2 4 -1  1
13376848329769810189
3 3 4 3 -1  1
13376894081105239262
1 2 2 4 -1  1
13376953821366148736
1 4 1 3 -1  2
13377016647205557209
0 5 0 3 -1  1
13377222249586249697
2 3 3 5 -1  1
13377225497058584714
1 1 3 1 -1  1
13377682648455681935
5 4 6 4 -1  1
13377801829120869989
0 2 3 2 -1  1
13377820816270191049
1 4 2 4 -1  4
4 1 5 0 -1  5
4 1 5 1 -1  1
13377971306328963743
0 5 1 4 -1  1
2 4 3 4 -1  1
13377977053746372282
2 2 3 0 -1  1
13377986098526024238
1 7 2 7 -1  1
13378117501092319395
2 4 2 5 -1  1
13378122950485094468
6 7 6 3 -1  1
13378423914416973033
1 4 3 6 -1  1
13378663730230604519
0 4 0 2 -1  1
13379003953702755439
3 2 3 5 -1  1
13379115493003875097
1 7 0 6 -1  1
13379172351747200063
2 5 0 3 -1  1
13379243814561207628
1 1 3 1 -1  1
13379294631279710672
1 4 3 6 -1  1
13379434003978434623
0 3 1 3 -1  1
13379475633162482322
1 3 4 0 -1  1
13379531673750179760
1 6 2 6 -1  1
13379543431004328867
5 4 5 5 -1  1
13379674205568217823
1 6 0 5 -1  1
13379790626466473861
3 3 4 3 -1  1
13379867233041796999
1 0 2 1 -1  1
13380008453449222716
6 1 5 3 -1  1
13380081856446599862
0 6 0 5 -1  1
13380163105276907798
1 2 1 5 -1  1
13380277482582346380
5 3 6 5 -1  2
13380590857797225161
2 4 3 3 -1  1
13380688217641858829
1 6 3 6 -1  1
13380751666475959409
0 6 2 5 -1  1
13380890025783884913
7 6 7 4 -1  1
13380932408659236886
2 6 0 6 -1  1
13380935890473959713
3 4 4 4 -1  1
13380974066351349254
2 2 3 0 -1  2
13381044220075806209
1 7 2 7 -1  4
13381098261570897465
1 3 1 2 -1  1
13381229807683560483
3 1 4 2 -1  1
13381782558184607851
2 1 3 2 -1  1
13382372514060593214
1 6 3 6 -1  1
13382446256807710727
1 2 1 1 -1  1
13382599425106377728
3 3 4 1 -1  1
13382864462181786532
2 2 2 5 -1  1
13382903873081238105
1 5 0 5 -1  1
13382926863187124390
2 7 3 6 -1  1
13383103485696698704
1 3 2 2 -1  1
13383112646028024536
6 6 5 6 -1  1
13383187927819149778
5 6 4 5 -1  1
13383198315919420640
2 0 3 1 -1  1
13383371827972608376
4 2 5 3 -1  1
13383586373016775957
1 1 3 1 -1  1
13383651758737679582
2 1 6 1 -1  1
13384173938664504368
0 5 1 6 -1  1
13384307901160453417
0 6 0 7 -1  1
13384397822371990404
2 3 1 5 -1  1
13384790213320205351
7 7 3 7 -1  1
13384807180370707713
1 6 3 6 -1  1
13384907134781799095
4 3 3 5 -1  1
13385254258720162907
3 5 4 5 -1  1
13385388028033036247
0 0 0 3 -1  1
13385614205011794959
0 0 0 4 -1  1
13385632792051215995
4 3 6 5 -1  1
13385687103893344190
2 5 1 4 -1  1
13385857302719645840
0 5 0 4 -1  1
13385927847440540879
0 0 0 1 -1  1
13385973668179672195
5 3 3 2 -1  1
13386073457566715887
1 6 3 6 -1  1
13386121925803126804
5 0 7 0 -1  1
13386257395925753716
0 2 1 3 -1  1
13386651209212248491
0 3 0 2 -1  1
13386773919117943724
2 2 3 2 -1  1
13386797204523277035
1 5 2 5 -1  1
13386942889108146962
0 5 0 3 -1  1
13386942913995459234
5 0 2 3 -1  1
13387143944316766843
4 4 4 5 -1  1
13387155134158676478
0 2 0 1 -1  1
13387166282130773028
3 4 6 1 -1  1
13387246487530193301
1 4 0 5 -1  1
13387252619813731733
5 0 4 1 -1  1
13387377813153379673
0 3 0 2 -1  2
13387396199150146186
2 2 3 2 -1  1
13387397457383311680
2 4 3 3 -1  1
13387417673714029161
1 4 3 6 -1  1
13387429377628079413
7 1 4 4 -1  1
13387626696395858026
4 0 2 2 -1  2
13387757731251495801
1 1 3 1 -1  1
13387962440433950102
3 4 4 4 -1  3
13388170919930352379
1 5 2 5 -1  1
13388372763978158716
2 5 1 5 -1  1
13388428969554848500
3 1 4 1 -1  1
13388449011974224933
1 7 3 7 -1  1
13388539616229900812
0 3 2 5 -1  1
13388809330592247155
4 6 4 7 -1  1
13389470737488535770
3 3 4 2 -1  1
13389538001908768694
3 2 5 2 -1  1
13389777280972630121
3 2 4 4 -1  1
13390030227209949071
0 7 0 3 -1  1
13390084716706946509
1 2 2 2 -1  1
13390163479846024505
0 3 7 3 -1  1
13390233743217921227
1 5 3 5 -1  1
13390258685382793323
6 1 6 0 -1  1
13390398461065828154
2 2 2 1 -1  1
13390436206147901941
1 7 3 7 -1  1
13390526634896927555
1 6 2 6 -1  1
13390607802267900388
2 5 3 4 -1  1
13390723397197745311
3 5 4 4 -1  1
13390798182293593556
0 4 2 5 -1  1
13390867254236253166
4 3 5 2 -1  1
13390893611073165113
7 4 5 4 -1  1
13391184810042543569
1 1 2 2 -1  2
13391243047404528149
0 3 0 4 -1  1
13391297225700533951
0 7 4 7 -1  1
13391415731433263541
0 2 0 3 -1  1
13391465306893639654
2 5 4 4 -1  1
13391597955669545134
2 2 3 2 -1  1
13391744439616679493
0 2 2 4 -1  1
13391819252125470397
5 5 4 6 -1  1
13391991121999520223
0 0 1 0 -1  1
13392139637201653801
1 1 3 3 -1  1
13392242685523989748
0 5 6 5 -1  1
13392328513737281422
3 4 5 6 -1  1
13392338121515738589
5 4 6 6 -1  1
13392381264766687644
0 4 0 6 -1  1
13392641826406745789
1 3 2 5 -1  1
13392646662314454374
1 6 3 4 -1  1
13392761710637193951
7 2 6 2 -1  1
13392979594224413121
2 0 3 1 -1  1
13393104916334092941
2 3 1 3 -1  1
13393173845840529728
4 4 5 5 -1  1
13393260870800447907
4 6 3 5 -1  1
13393279107181035148
1 5 2 5 -1  1
13393316531916295560
3 4 0 4 -1  1
13393370819764526566
0 3 3 3 -1  1
13393465035500463892
4 3 3 1 -1  1
13393588646303054521
5 6 3 7 -1  1
13393812189353292722
7 4 6 3 -1  1
13394000618156428232
7 3 1 3 -1  1
13394065973443521667
3 0 2 1 -1  1
13394217018098265193
3 2 3 5 -1  1
13394278687309679149
2 5 4 4 -1  1
13394365054109848124
4 3 5 4 -1  1
13394500117055870540
1 0 3 0 -1  2
13394509076643194310
2 5 1 3 -1  1
13394598934151273322
1 5 3 3 -1  1
13394890297030459270
4 3 4 2 -1  1
13394998496654614687
0 0 1 0 -1  1
13395212688876870176
5 2 6 0 -1  1
13395343193381108323
3 3 3 5 -1  2
13395451595512729599
1 3 4 3 -1  1
13395550639613240782
1 1 2 1 -1  1
13395579733911399410
3 7 4 7 -1  1
13396110336807063405
5 7 2 4 -1  1
13396110672735787339
5 6 6 5 -1  1
13396151513596302633
3 2 2 1 -1  1
13396623964280853737
4 3 5 3 -1  1
13396628218687497110
5 0 2 3 -1  1
13396717999144839863
3 7 5 7 -1  1
13396783968002775310
0 4 0 6 -1  1
13396788424607265892
2 6 3 4 -1  1
13396897296126843780
1 6 2 6 -1  1
13396936678950877529
3 2 4 3 -1  1
13396946785923659581
2 0 3 2 -1  1
13397040583150617263
4 4 5 4 -1  1
13397098817649343209
2 0 1 2 -1  1
13397139831835569324
5 5 1 1 -1  1
13397278746562695297
4 4 6 6 -1  1
13397308521466299921
1 7 2 7 -1  1
13397452600726431055
4 5 2 6 -1  1
13397578798370173607
1 4 3 3 -1  1
13397723217598752330
1 7 3 6 -1  1
13397790337803701517
0 3 0 4 -1  1
13397860980201739619
6 1 3 4 -1  1
13398062375243387727
6 3 6 4 -1  1
13398094613388726489
0 0 0 2 -1  1
13398280113421309773
2 2 3 2 -1  1
13398288036027768958
4 1 4 3 -1  1
13398433503140240666
3 0 4 1 -1  1
13398817002815644324
1 6 2 5 -1  1
13398865498927155616
0 4 0 6 -1  1
1 3 2 3 -1  1
13398990618217907768
2 4 4 4 -1  1
13399076631041146660
0 1 1 3 -1  1
13399170602347611011
0 4 2 4 -1  1
13399185566308535568
1 5 2 4 -1  1
13399402480972708830
1 4 3 2 -1  1
13399524593422110781
2 3 2 2 -1  1
13399662074500079437
3 6 2 4 -1  1
13399787710827378413
1 5 0 4 -1  1
13399953889277110575
1 1 2 1 -1  1
13400034921769287259
4 6 3 7 -1  1
13400230656654641378
1 3 4 0 -1  1
13400323050734071499
0 3 2 5 -1  1
13400356704125963420
3 3 1 2 -1  1
13400463968206529313
0 2 7 2 -1  1
13400493330968702084
3 3 4 2 -1  1
13400514929172036776
0 3 1 3 -1  1
13400675608431649343
0 5 2 3 -1  1
13400690161950660923
1 5 2 4 -1  1
13400894756315076857
2 2 4 3 -1  1
13401243321051995318
1 5 2 5 -1  1
13401259366812814936
0 5 0 6 -1  1
13401396321091183729
2 1 3 2 -1  1
13401522972930854342
1 2 2 2 -1  1
13401695349415949129
3 2 5 2 -1  1
13401736775127679135
4 2 5 2 -1  1
13401757197653645042
2 1 3 2 -1  20
13402078795970855133
1 4 3 2 -1  1
13402434275475025489
1 3 3 3 -1  1
13402440439146690457
5 3 4 4 -1  1
13402684551660763541
0 4 0 3 -1  1
13402933952473552185
1 6 1 5 -1  1
13402989818965132205
7 3 6 2 -1  1
13403028823300385879
3 3 7 3 -1  1
13403253017307653035
0 3 1 3 -1  1
13403409805933919674
2 2 2 4 -1  1
13403505122335347242
0 0 2 2 -1  1
13403889442256519978
0 4 6 4 -1  1
13404008755767942504
3 2 4 2 -1  1
13404078115470132093
4 3 5 2 -1  1
13404120369583891352
2 4 4 3 -1  1
13404124988134519577
2 1 1 2 -1  2
13404368776588624713
3 4 4 3 -1  1
13404695716350284107
0 2 4 2 -1  2
13404744787463973413
2 4 3 3 -1  1
13404759918671157767
0 6 1 6 -1  1
13404822320181596267
0 3 2 3 -1  1
13405002833627294250
5 3 4 2 -1  2
13405029303055394874
2 0 3 1 -1  1
13405222488093766170
1 2 4 5 -1  1
13405351619400095106
0 3 2 3 -1  2
13405545047518429748
3 3 5 2 -1  1
13405638977400228229
2 4 4 5 -1  1
13405742478269817923
1 4 1 5 -1  1
13405756272082301698
0 2 0 3 -1  2
13406169498788756075
1 3 0 3 -1  1
13406269936137337582
1 6 2 5 -1  1
13406356600738979258
6 4 6 3 -1  1
13406389083235755743
0 5 2 3 -1  1
13406905856181056004
6 1 5 2 -1  1
13406958528862029105
3 6 6 3 -1  1
13407417239437441873
2 0 3 0 -1  1
13407601435644549220
3 0 4 0 -1  1
13407610211764806909
1 5 2 5 -1  1
13407701922144498780
2 4 4 2 -1  3
13407999561354668435
2 2 4 1 -1  1
13408023049995977630
1 1 2 1 -1  1
13408131508477318512
6 4 5 5 -1  1
13408344738312132656
3 2 4 0 -1  1
13408500612665696988
0 4 0 6 -1  1
13408539843325089525
4 4 5 4 -1  1
13408565066832802243
6 3 4 3 -1  1
13408856131444048104
1 5 2 5 -1  1
13409017348073868826
1 7 0 6 -1  1
13409165873114310477
2 5 4 4 -1  1
13409202406674020486
2 5 4 4 -1  1
13409238311284634624
2 0 1 1 -1  1
13409520711454056483
1 5 2 5 -1  1
13409621439030181597
2 5 3 4 -1  1
13410249165467120455
5 5 3 6 -1  1
13410293215009108614
1 3 2 2 -1  1
13410390358350296011
1 7 3 7 -1  1
13410399214089378140
1 4 3 4 -1  1
13410460158381080544
0 4 0 6 -1  10
13410649603672058406
5 3 3 5 -1  1
13410657162626474112
7 5 7 0 -1  1
13410695985378435602
0 5 1 5 -1  1
13410745608088462749
0 3 2 1 -1  1
2 5 4 4 -1  1
13410867595023143671
4 4 6 4 -1  1
13410874154455161549
2 5 1 7 -1  1
13411048647901294733
1 3 2 2 -1  1
13411111007024482299
1 2 4 5 -1  1
13411222139845707388
4 2 5 3 -1  1
13411335457624896466
2 5 0 4 -1  1
13411369072222046278
1 5 2 5 -1  1
13411581070004374851
4 4 2 4 -1  1
13411628389775861385
4 3 3 3 -1  1
13411774373385058387
0 3 2 5 -1  1
13411835896120150651
0 7 0 6 -1  1
13411890184261982426
1 7 2 7 -1  1
13411993752308527366
4 1 5 3 -1  1
13412138271595716190
7 4 6 2 -1  1
13412172260883128887
1 1 2 3 -1  2
13412174814073876682
0 3 2 1 -1  1
13412178744890305463
3 3 3 2 -1  1
13412337034520672142
4 5 2 4 -1  3
13412407972065799697
1 3 3 3 -1  1
13412423444324322495
5 5 6 5 -1  1
13412474344034934688
1 2 3 2 -1  1
13412518557890202786
0 4 1 3 -1  1
13412632358780864481
0 7 1 6 -1  1
13412637416852759390
5 5 6 5 -1  1
13412824627720572875
2 5 3 7 -1  1
13412929774472281331
0 0 0 2 -1  1
13413042748050024024
1 2 0 1 -1  1
13413114880102879201
2 5 1 3 -1  1
13413330941844001439
0 2 6 2 -1  1
13413463056319195405
0 1 0 0 -1  1
13413500071360724465
7 5 7 1 -1  1
13413585644100656896
1 6 2 5 -1  1
13413593196323866913
3 4 4 2 -1  1
13413719636491229463
3 2 2 1 -1  1
13413789037404466917
1 5 2 5 -1  1
13413789493168230472
0 3 1 2 -1  1
13414054995615912760
1 7 2 7 -1  1
13414100899072494035
3 3 4 2 -1  1
13414247503254402570
1 6 2 6 -1  1
13414304395034076860
0 1 1 3 -1  1
0 5 0 4 -1  1
13414349300070401526
4 3 4 1 -1  1
13414413728984001465
5 5 5 6 -1  1
13414504428037423702
0 4 0 6 -1  1
13414511553106049135
2 0 0 1 -1  1
13414554798499799174
1 4 2 5 -1  1
13414913170084419660
3 6 3 7 -1  1
13415019153324024471
2 5 1 3 -1  1
13415027715635744865
4 6 3 7 -1  2
13415059605927221275
2 4 1 5 -1  1
13415138975869156586
1 3 1 2 -1  1
13415149863125040459
1 1 2 2 -1  1
13415331422398217237
2 3 3 3 -1  1
13415355520195567829
2 2 3 0 -1  1
13415652350367697746
0 2 2 2 -1  1
13415709735946946122
0 3 1 3 -1  1
13415783839346904724
0 3 2 5 -1  2
13415843329178317546
3 0 4 0 -1  1
13416017203422491033
5 7 7 5 -1  1
13416073469154194832
4 5 5 3 -1  1
13416094212336434001
1 7 3 7 -1  1
13416137436493058249
1 1 2 1 -1  1
13416209611705609360
3 6 3 5 -1  1
13416297701160350940
1 4 3 4 -1  1
13416333017562387981
0 4 2 2 -1  1
13416508537513762941
2 5 4 4 -1  1
13416725809569032662
0 4 1 3 -1  1
13416772758549076717
1 1 2 2 -1  1
13416972360283274502
3 7 3 4 -1  1
13416981691963487266
0 6 1 5 -1  1
13417020920342531672
1 3 0 1 -1  1
13417022130779414802
1 0 3 0 -1  1
13417090798922574735
3 3 4 3 -1  1
13417123175871445164
3 4 3 1 -1  1
13417245209736948885
1 1 2 1 -1  1
13417437304689083530
2 4 1 4 -1  1
13417872273836751439
4 0 5 0 -1  1
13417943564103722489
0 5 2 7 -1  1
13418368397426216804
0 2 0 1 -1  1
13418376410348508433
3 6 4 5 -1  1
13418515605464982647
7 2 7 1 -1  1
13418636180727755964
4 2 5 2 -1  1
13418717896350946225
0 2 2 4 -1  1
13418730771636167713
3 5 4 5 -1  1
13418922005843611410
5 2 5 1 -1  1
13418968590882288637
4 3 6 2 -1  1
13419064553502559334
0 3 2 3 -1  1
13419127461959582391
3 0 5 2 -1  1
13419142650239725917
0 4 2 3 -1  1
13419159042414644143
0 7 1 7 -1  1
13419282616587861179
2 2 1 1 -1  1
13419387636709844392
3 0 1 1 -1  1
13419415882459409938
0 1 1 3 -1  1
13419564140430976616
5 5 1 5 -1  1
13419598653594043383
2 2 3 2 -1  1
13419697188604933683
0 5 1 6 -1  1
13419814828818202699
7 7 7 6 -1  1
13419842493905603945
0 6 0 5 -1  1
13419860492729483349
1 1 2 2 -1  1
13419988061122457927
1 3 3 2 -1  1
13420172518504837098
6 3 2 3 -1  1
13420288897633219308
4 5 5 5 -1  1
13420293215553241592
0 5 2 3 -1  1
13420406793678211420
3 4 5 3 -1  2
13420605657878768705
0 6 1 7 -1  1
13420626503957572913
0 4 0 3 -1  1
13420676883612021716
1 0 2 0 -1  1
13420733395490052536
6 0 4 2 -1  1
13421117956704516341
5 0 6 0 -1  1
13421236108782102876
3 1 4 1 -1  3
13421253232983012285
2 5 4 4 -1  1
13421272366658831668
2 5 3 7 -1  1
13421275547262326632
0 2 1 3 -1  1
13421306352245255515
0 2 3 5 -1  1
13421344186867989623
0 4 1 4 -1  1
13421463292357574526
0 2 3 5 -1  2
13421465628659886245
2 2 3 2 -1  1
13421622287361830237
2 5 1 6 -1  1
13421662480887984332
0 5 1 4 -1  1
13421770695283133650
2 5 5 2 -1  1
13421795727921213344
0 6 0 7 -1  1
13421802239508509200
3 0 4 0 -1  1
13421923793212349072
4 6 1 3 -1  1
13422008841070881719
1 4 3 5 -1  1
13422069171161337425
2 7 1 6 -1  1
13422089388980681154
1 3 3 2 -1  1
13422229506548509847
0 4 2 4 -1  2
13422333712376468487
2 7 6 7 -1  1
13422473945192929354
1 3 0 5 -1  1
13422532268729666743
5 7 2 7 -1  2
13422804966881566285
2 3 2 5 -1  1
13422819379036010631
0 5 0 4 -1  1
13423038289819086510
0 3 1 4 -1  1
13423055114510622615
1 3 3 2 -1  1
13423242251291499481
3 2 4 2 -1  1
13423301748102914240
1 4 4 4 -1  1
13423330160789585910
2 6 3 7 -1  1
13423409474880557276
0 4 0 6 -1  1
13423614556760269925
5 5 0 0 -1  1
13423656765581853056
0 2 7 2 -1  1
13423826146056512996
1 3 4 0 -1  1
13423864780241059305
3 5 3 2 -1  1
13423919242748884125
2 6 3 5 -1  1
13423992054893115550
2 3 3 4 -1  1
13424409893413513293
0 7 0 5 -1  1
13424497944972186937
3 7 4 7 -1  1
13424535137554325306
2 2 4 1 -1  1
13424571722679133450
3 4 5 3 -1  1
13424611251280830445
4 3 1 3 -1  1
13424644585761553957
2 5 2 6 -1  1
3 4 4 4 -1  1
13424728295520709514
1 5 6 0 -1  1
13424887842738567878
7 2 7 4 -1  1
13424924802333421796
4 3 5 2 -1  3
13425216581009990179
0 3 0 4 -1  1
13425471158129402587
1 2 4 5 -1  1
13425590689960102483
2 1 3 3 -1  1
13425680553136858720
1 1 1 3 -1  1
13425773165490415947
2 3 2 0 -1  1
13425934194837459673
6 3 6 4 -1  1
13426036602353384994
0 2 6 2 -1  1
13426057440829374340
3 4 4 6 -1  1
13426126721763711884
2 2 3 0 -1  1
13426270922512768624
3 4 2 5 -1  1
13426534530710899530
1 5 3 5 -1  1
13426731602994498351
4 6 5 5 -1  1
13426816371690804081
2 7 3 7 -1  1
13427266164394040681
3 0 3 1 -1  1
13427571291089548123
1 4 2 4 -1  1
13427572619472744587
1 4 2 4 -1  1
13427794769160171976
3 7 2 6 -1  1
13427839146239415814
0 2 2 4 -1  1
13427951164082932775
0 5 0 4 -1  1
13427963227157646353
0 3 0 0 -1  1
13428016262927493725
5 3 5 4 -1  2
13428263399189198809
6 3 5 2 -1  1
7 1 1 1 -1  1
13428266108078881142
6 4 5 4 -1  1
13428429254335460823
0 5 1 4 -1  1
13428468068284325941
4 2 5 2 -1  1
13428656724855840199
1 6 2 7 -1  2
13428702044951983720
3 3 4 4 -1  1
13428873024030635799
3 6 3 7 -1  1
13428894815404729207
0 1 1 1 -1  1
13428899437797707002
2 5 1 7 -1  1
13429331620232352844
0 0 0 3 -1  1
13429342378235801249
1 1 2 1 -1  1
13429400162420564112
3 6 2 5 -1  1
13429427744525823428
3 0 5 2 -1  1
13429514513163498020
0 1 2 2 -1  1
13430051290279922767
2 5 2 0 -1  1
13430138961676270763
2 3 2 4 -1  1
13430278201744078792
3 2 4 3 -1  1
13430310160529321444
7 5 3 5 -1  1
13430319950639820108
2 2 4 3 -1  1
13430325844708386245
2 2 3 4 -1  1
13430351251504701924
1 5 2 6 -1  1
13430561181927928073
3 5 4 4 -1  1
13430683649699029455
0 3 0 2 -1  1
13430705660572044823
3 5 5 5 -1  1
13430723935890599638
0 6 1 5 -1  1
13430757707452056980
0 2 3 2 -1  1
13431341018169917281
0 6 1 5 -1  2
13431407745311027143
1 7 0 5 -1  1
13431835902918771243
1 4 3 3 -1  1
13431840338660583697
4 6 6 7 -1  1
13431910264897379654
3 4 4 3 -1  1
13431968733580731855
1 6 0 7 -1  1
13432013394282460912
0 1 2 2 -1  2
1 3 3 3 -1  2
1 4 2 4 -1  1
1 6 2 6 -1  2
13432324796944761935
0 3 0 1 -1  1
13432407482073930342
4 5 5 6 -1  1
13432595959831410419
2 2 0 2 -1  1
13432727553443117383
2 3 4 4 -1  1
13432730209929807092
0 5 1 5 -1  1
13432799576599951698
4 7 4 5 -1  1
13433066670010233509
1 2 6 7 -1  1
13433112916911066503
0 3 3 3 -1  1
13433206493344504826
1 3 3 5 -1  1
13433470535533987391
0 1 2 1 -1  1
13433510414147591624
2 2 1 2 -1  1
13433559077729128400
2 1 1 2 -1  1
13433584371942150337
2 5 3 4 -1  1
13433635926306972746
3 5 4 6 -1  1
13433661343277560948
3 1 3 3 -1  1
13433708306050436829
1 3 0 3 -1  2
13433788213154917636
2 2 1 4 -1  1
13434285846599065001
1 0 3 0 -1  1
1 6 2 6 -1  4
13434640771735234506
1 3 3 2 -1  1
13434790075261154280
1 3 0 1 -1  1
13434907918444873633
1 7 2 7 -1  1
13435135942210627380
0 3 4 7 -1  1
13435221637618888023
3 5 4 5 -1  3
13435288840327553428
0 6 1 4 -1  1
13435387838565100839
4 6 5 6 -1  1
13435419267127436524
3 7 4 7 -1  1
13435442075966332010
0 6 0 7 -1  1
13435511928908003711
0 6 1 6 -1  1
13435556398752547936
0 4 0 6 -1  1
13435644663505251619
1 6 2 6 -1  1
13435868953092314825
5 2 4 3 -1  1
13435874497797393033
1 1 2 2 -1  2
13436039989189956777
3 4 5 2 -1  1
13436043850820402096
1 4 2 3 -1  5
13436045055261304303
1 4 3 5 -1  1
13436479120574821895
0 2 4 6 -1  1
13436623185170588373
3 3 2 1 -1  1
13436686414550989692
4 2 5 2 -1  1
13437033998076876389
6 2 7 2 -1  1
13437056809432117470
1 3 2 2 -1  1
13437067000983477244
2 5 4 4 -1  1
13437076744606487593
5 0 2 3 -1  1
13437080149776114216
1 3 2 3 -1  1
13437195034904311115
0 1 2 2 -1  159
0 6 2 5 -1  315
1 6 2 6 -1  59
13437560541380158975
2 4 3 4 -1  1
13437773600605169883
2 3 1 4 -1  1
13437884702348460526
5 4 3 5 -1  1
13437915003954154705
1 4 2 5 -1  1
13438089957595517963
4 0 5 0 -1  1
13438242259814543913
1 1 3 1 -1  1
13438499675238543232
0 0 0 1 -1  1
13438860327864327936
0 4 3 1 -1  1
13439014991875388320
2 2 3 1 -1  2
13439319602986963835
3 6 5 4 -1  1
13439571019142154453
2 3 2 4 -1  1
13439712649089076785
1 1 2 0 -1  1
13440363834969307582
1 2 1 4 -1  1
13440549055045880092
2 0 3 0 -1  1
13440578875821598502
1 4 2 3 -1  1
13440603531743641319
1 6 2 5 -1  1
13440651517546297061
0 4 0 2 -1  1
13440656007776860257
1 3 2 2 -1  1
13440774454737938517
1 0 2 0 -1  1
13440899671560025317
1 6 1 5 -1  1
13440929369744078092
2 3 4 4 -1  1
13441096575988592608
1 4 3 5 -1  1
13441300543179575896
0 6 1 7 -1  1
13441321468296244722
0 3 7 3 -1  1
13441529204765240839
1 5 3 6 -1  1
13441762308845587649
0 3 0 0 -1  2
13441771970941756729
3 5 4 5 -1  1
13441892055448962472
1 3 2 1 -1  1
13442083813590165563
1 4 4 4 -1  1
13442144622651991371
3 4 6 1 -1  1
13442200125747314555
2 5 4 4 -1  1
3 2 4 3 -1  1
13442271441347857768
0 2 0 4 -1  1
13442309803253811083
0 4 0 6 -1  1
13442349903592586862
0 5 0 3 -1  1
13442378548736354170
0 7 1 6 -1  1
13442428635809824381
1 0 3 0 -1  1
13442474699645305448
0 3 1 3 -1  1
13442883648892114915
2 2 3 4 -1  1
13443056535536399644
1 1 2 1 -1  1
13443065207742287856
2 3 0 5 -1  1
13443150574589881515
0 4 0 5 -1  1
13443196553857380908
3 7 4 7 -1  1
13443247472234351988
5 2 4 3 -1  2
13443278924247962008
0 6 1 5 -1  1
13443459845076529644
1 5 3 5 -1  1
13443505812739367155
4 7 5 7 -1  1
13443608780519310372
1 3 2 2 -1  1
13443794927969250241
4 6 5 5 -1  1
13443907484950915502
6 1 6 2 -1  1
13443927398430107480
1 1 2 3 -1  1
13444120374458066134
4 3 3 2 -1  1
13444191858598571256
2 5 3 3 -1  1
13444590333318921085
3 2 1 1 -1  1
13444661209847461743
1 4 3 5 -1  1
13444783889940725689
3 3 4 4 -1  1
13444930949156226165
1 0 0 0 -1  1
13445076659465336006
4 2 0 2 -1  1
13445181546894796114
3 5 3 4 -1  1
13445255403405647615
0 4 0 6 -1  1
13445274858696892177
0 3 2 5 -1  2
13445425082275003923
4 6 6 6 -1  1
13445444846782348019
2 4 3 5 -1  1
13445530564017842914
1 2 2 1 -1  1
13445647061187184884
1 6 2 5 -1  1
13445782013026572196
0 7 1 7 -1  1
13445867336435941647
0 2 1 1 -1  1
13445915392914848253
3 6 5 5 -1  1
13445997297238551388
7 6 6 7 -1  1
13446225748020231974
1 0 4 3 -1  1
13446291096333978118
0 3 0 2 -1  1
13446327468702635776
0 2 2 4 -1  1
13446488276270117091
2 4 3 5 -1  1
13446564125460417802
1 1 3 1 -1  1
13446650923975981282
1 3 4 6 -1  1
13446880117498356870
5 2 3 2 -1  1
13446995273235536222
3 2 4 1 -1  1
13447195057029816859
2 5 1 3 -1  1
13447338125497341191
0 5 2 3 -1  3
13447431385137179491
0 6 1 7 -1  1
13447557670900324558
5 6 5 3 -1  2
13447676502186116386
0 4 0 6 -1  1
13447694822434448136
2 7 3 6 -1  3
13447816415333002326
4 5 3 5 -1  1
13448196481221704605
1 4 0 3 -1  1
13448219320458754067
3 2 4 3 -1  3
3 4 4 3 -1  3
13448322162935608534
4 3 6 4 -1  1
13448474570517775746
1 2 3 2 -1  1
13448765123475417785
0 1 2 2 -1  1
13448837294894113151
3 0 3 4 -1  1
13448926047165323976
0 5 1 4 -1  1
2 0 1 2 -1  6
13450135433523991252
4 7 5 7 -1  1
13450225158979090347
2 2 3 2 -1  1
13450542662062960572
2 5 1 3 -1  3
13450600548821363523
0 4 0 6 -1  2
13450760319847668698
3 4 3 2 -1  1
13450881709942777823
4 5 5 4 -1  1
13451027925856054057
0 2 3 5 -1  1
13451274041414340554
3 6 4 6 -1  1
13451319713108508910
1 5 3 5 -1  1
13451602385911421612
3 4 2 4 -1  1
13451658870132664739
0 1 2 2 -1  1
13451682940327610662
1 4 2 3 -1  1
13451690950025237921
2 5 3 4 -1  1
13451743366029248959
2 5 5 5 -1  1
13451916622676008312
4 6 5 5 -1  1
13452080479708894153
0 0 0 4 -1  1
13452098013228051767
3 6 2 4 -1  2
13452185116803640225
0 5 1 4 -1  1
13452348282394058546
4 5 0 5 -1  1
13452373097168146769
3 6 2 7 -1  1
13452404980291887679
4 4 3 2 -1  1
13452559488899884205
2 5 0 4 -1  1
13452567200939294038
2 1 3 1 -1  1
13452595959200333038
6 7 5 7 -1  1
13452606430999814855
0 5 1 6 -1  1
13452662391147451143
1 4 7 4 -1  1
13452946824411888771
1 6 2 6 -1  1
13453074904928634525
2 1 3 2 -1  1
13453125886193672751
6 3 6 5 -1  1
13453163312442709449
2 3 2 2 -1  1
13453403741790988998
1 5 2 5 -1  1
13453603967787042090
4 7 5 6 -1  1
13453634197447956670
3 7 4 7 -1  1
13453782996197752968
2 5 2 6 -1  1
13453922117170189668
1 6 1 7 -1  1
13454495306755580355
2 6 3 6 -1  1
13454596113001195573
1 3 5 7 -1  1
13454975505205632674
4 3 5 3 -1  1
13455091453869222737
4 6 5 5 -1  1
13455147851268696745
3 4 4 3 -1  1
13455166123746918613
1 5 2 6 -1  1
13455181320949000964
1 0 3 0 -1  1
13455292132767130727
1 4 2 4 -1  1
13455305281867983519
3 4 0 4 -1  1
13455310437987258493
1 4 2 5 -1  1
13455524227610824333
3 4 4 5 -1  1
13455544154598957736
3 5 4 5 -1  1
13455586936067320349
1 0 1 4 -1  1
13455639524811956020
1 3 3 4 -1  1
13455740484324192666
3 4 4 3 -1  1
13456162182115170027
2 4 3 4 -1  1
13456936051223362434
1 5 2 5 -1  1
13456938019672645597
4 0 6 2 -1  1
13457123560366412134
2 2 1 0 -1  1
13457258471063571355
0 6 2 6 -1  1
13457377886845483650
0 3 0 7 -1  1
13457399109236720450
0 1 0 2 -1  1
13457469543733593286
2 7 3 7 -1  1
13457492564771972458
0 6 0 7 -1  1
13457627382059268034
3 4 4 3 -1  1
13457654635771944907
0 4 0 2 -1  1
13457682704365290597
3 3 3 2 -1  1
13457750472826008126
0 0 0 5 -1  1
13457775765202006108
4 4 7 1 -1  1
13457936898010515349
2 1 3 1 -1  1
13457942867467152007
0 3 0 7 -1  1
13458016546769142709
3 4 4 6 -1  1
13458051895437965630
4 4 3 3 -1  1
13458311736778984771
2 0 3 0 -1  1
13458536094982958049
3 3 6 3 -1  1
13458616942919281745
0 2 2 4 -1  4
13458726071849747566
4 0 7 3 -1  1
13458829293683951309
0 4 0 6 -1  1
13458971269385240286
3 4 4 3 -1  1
13459015663483158045
1 1 2 1 -1  2
1 2 2 2 -1  1
13459025738654492584
3 4 4 6 -1  1
13459028948873055880
2 2 1 4 -1  1
13459298023194265225
3 7 6 7 -1  1
13459345455900872930
2 3 1 4 -1  1
13459448140342875703
0 3 1 2 -1  1
13459455012164870871
4 6 3 7 -1  1
13459508374352141011
1 6 0 5 -1  1
13459531624056241547
3 6 4 6 -1  1
13459754737416137114
1 7 3 7 -1  1
13459897364425085229
2 7 0 5 -1  1
13459919108367669701
1 1 0 2 -1  1
13459930665252125736
4 3 3 4 -1  1
13460035761554386198
4 1 5 1 -1  3
13460088076212639621
2 3 0 3 -1  1
13460130124024245979
6 7 4 7 -1  1
13460273303137421832
4 1 2 3 -1  1
13460466214923133318
1 7 3 7 -1  1
13460482567405754531
3 2 4 3 -1  4
13460563595744679502
1 4 2 6 -1  1
13460659667513630705
3 5 4 5 -1  2
13460811757522034458
0 6 2 5 -1  1
13460982629017670575
2 2 5 5 -1  1
13461142610201579672
0 6 2 5 -1  1
13461145643318963303
2 6 3 6 -1  1
13461264253858364159
2 5 4 4 -1  1
13461431020126535386
0 0 0 3 -1  1
13461516072589420810
2 0 2 1 -1  1
13461652232279691049
5 6 5 4 -1  1
13462102373202783653
0 3 1 2 -1  1
13462167629214047896
4 5 2 5 -1  1
13462225974522474250
1 2 1 5 -1  1
13462232441968063172
0 7 1 6 -1  1
13462383150819392515
3 5 4 5 -1  1
13462627967127622179
1 0 2 0 -1  1
13462706365946993407
3 3 4 3 -1  1
13462809076780515090
4 4 5 4 -1  1
13463207873115294951
2 2 1 2 -1  1
13463215709663219603
3 0 2 2 -1  1
13463268696630320043
1 1 0 2 -1  2
13463558573716588181
2 5 3 6 -1  1
13463558753957372163
0 5 2 3 -1  3
13463738305430654023
5 0 0 5 -1  1
13463769983196235440
2 6 3 6 -1  1
13463796799345281509
6 1 7 2 -1  1
13463897118922178083
2 2 2 0 -1  1
13463959784287496172
3 0 2 1 -1  1
13464007355560564212
0 1 1 1 -1  1
13464149160363773568
0 2 1 1 -1  2
13464178813119796834
2 0 3 0 -1  1
13464575422844758539
3 6 3 5 -1  1
13464709965613125444
1 4 0 5 -1  1
13464797568286556283
0 4 1 3 -1  1
13465098197612737660
2 2 0 3 -1  2
13465222048933723127
0 3 1 3 -1  1
13465311191525204441
4 3 5 4 -1  1
13465350546411458740
0 1 2 2 -1  1
13465625429077237040
6 2 6 3 -1  1
13465644951969945132
0 5 0 2 -1  2
13465645896221043229
2 3 2 5 -1  1
13465769586026206362
0 3 7 3 -1  1
13465795894892773775
5 7 4 6 -1  1
13465863501526680074
0 4 0 6 -1  1
13465933749541473848
2 1 1 3 -1  1
13466133842490863787
3 4 4 4 -1  3
13466270145286628354
2 5 4 4 -1  1
13466428603516497862
4 1 7 4 -1  1
13466460649415576625
4 5 4 1 -1  1
13466550665027964448
2 2 1 4 -1  1
13467061787164041594
2 7 4 6 -1  1
13467074123127307467
3 3 2 4 -1  1
13467235449931025379
3 1 4 1 -1  1
13467271895382537907
0 4 1 3 -1  2
13467361622910889189
3 2 4 2 -1  1
13467693844504769037
4 6 1 3 -1  1
13467790924316762328
3 3 6 6 -1  1
13467797144867798553
1 4 2 4 -1  1
13467898993017576018
0 1 0 2 -1  1
13467984094022059351
1 1 2 2 -1  10
13468164107850373369
0 5 0 7 -1  1
13468270621135696204
5 3 6 2 -1  1
13468413378826663260
3 3 5 3 -1  1
13468620210928889337
1 5 3 3 -1  1
13468661653118860293
1 6 2 5 -1  1
13468806734157506824
2 3 1 4 -1  1
13469073257933288074
3 5 4 5 -1  1
13469197005634908365
4 4 6 5 -1  1
13469434477239771052
0 5 1 4 -1  2
0 5 2 3 -1  1
13469544742308966318
1 6 3 6 -1  1
13469629028424171140
0 7 5 7 -1  1
13469651339667695549
2 5 4 4 -1  1
13469908655001219770
1 0 3 0 -1  1
13469943810381656561
3 0 1 2 -1  1
13469995959553801147
2 1 3 0 -1  1
13470015459058999263
1 2 3 4 -1  1
13470060973699395331
1 4 2 4 -1  1
13470393509627286009
4 6 2 5 -1  1
13470464621184873822
2 7 3 7 -1  2
13470487378802026846
0 3 6 3 -1  1
13470510524811222152
2 5 1 3 -1  1
13470568226871640411
2 6 3 7 -1  1
13470649869780678031
2 5 3 6 -1  1
13470740658404859770
6 5 6 7 -1  1
13470748828375640691
3 4 3 5 -1  1
13470834607784012681
2 3 1 3 -1  1
13470945509488549123
1 5 2 4 -1  1
13471066646193458326
0 2 3 2 -1  1
13471090523238396493
2 3 3 4 -1  1
13471171175356382510
1 0 4 0 -1  1
13471842808921752899
0 5 1 5 -1  1
13471938352037862341
1 6 2 6 -1  1
13472115317626365223
0 5 0 2 -1  2
13472203407815579988
2 3 2 4 -1  1
13472239497495098877
1 3 3 1 -1  1
13472281422154342998
2 5 1 7 -1  1
13472407766804411031
4 3 5 4 -1  1
13472412231813856809
2 1 3 1 -1  1
13472435613541077628
3 1 4 1 -1  1
13472572223215078854
0 1 0 4 -1  1
13472714272403034894
6 4 5 3 -1  1
13472719851705419524
3 1 4 1 -1  1
13473016434349067842
0 4 0 6 -1  2
13473496690963676013
3 6 4 6 -1  1
13473505221483703022
1 3 2 1 -1  1
13473670087228280108
0 2 1 3 -1  1
13473721819367651542
3 1 4 2 -1  1
13474063113754356298
2 4 1 6 -1  1
13474187880550291618
4 3 5 3 -1  1
13474218393360457759
3 5 4 5 -1  1
13474274109817471588
2 1 4 2 -1  1
13474283870783894542
0 1 4 5 -1  1
13474349938039275661
1 6 4 3 -1  1
13474380253038481562
3 6 4 6 -1  1
13474382113974183430
6 3 3 3 -1  1
13474628736796753407
1 5 3 5 -1  1
13474687368128515238
4 1 5 3 -1  1
13474978795955870417
3 6 5 7 -1  1
13475262456945706991
2 3 3 3 -1  1
13475293334233957844
3 5 2 5 -1  1
13475560595669888280
3 5 4 6 -1  2
13475618014076075977
0 4 0 2 -1  1
13475649983266387803
0 5 2 3 -1  1
3 7 4 7 -1  1
13475732361467266935
2 5 3 4 -1  1
13475846273955623266
0 2 1 3 -1  1
13476182708637613959
0 5 0 3 -1  1
13476347541811570697
3 2 5 4 -1  1
13476576178608440436
0 3 5 3 -1  1
13476948194923454520
2 5 2 6 -1  1
13476973714871287371
0 0 0 2 -1  1
13476992914168492527
2 5 3 6 -1  1
13477182867833011715
0 0 5 0 -1  1
13477199577257839037
0 2 1 3 -1  2
13477238692840035398
5 5 4 4 -1  1
13477273547183434515
3 3 4 4 -1  1
13477346667145395261
3 4 4 4 -1  1
13477693264512787765
4 6 2 5 -1  1
13478159589056431405
4 6 3 7 -1  1
13478168375749949801
1 2 0 2 -1  2
13478252298720107847
4 6 6 5 -1  1
13478331368997771211
2 5 3 6 -1  1
13478735459887826240
5 5 6 5 -1  1
13478861770056469728
1 2 0 1 -1  1
13479864439504050160
2 3 1 2 -1  1
13480011180028122627
4 6 1 3 -1  1
13480157889508466915
0 6 1 7 -1  1
13480232978278534488
0 4 2 4 -1  3
13480250649565426498
3 3 5 2 -1  1
13480489461357505518
1 6 2 6 -1  1
13480530157888576286
5 3 3 3 -1  1
13480531962324707425
0 0 0 2 -1  1
13480569125630786973
5 3 7 5 -1  2
13480637749595586727
1 1 2 1 -1  1
13480818013735934832
1 4 2 4 -1  2
13480954711860410790
2 4 4 3 -1  1
13480985516177728588
0 0 0 3 -1  1
13481128202613775867
0 1 1 3 -1  1
13481129474360280443
4 3 4 4 -1  1
13481462950887493941
0 7 1 6 -1  1
13481567887115093130
3 2 4 2 -1  1
13481727959603830341
0 6 1 6 -1  1
13481752938752077905
0 0 0 2 -1  5
0 3 1 3 -1  1
13481803659959804610
3 3 4 3 -1  6
13481868367981270927
5 1 6 1 -1  1
13481996701368638941
2 5 1 3 -1  1
13482107200975704113
5 7 7 5 -1  1
13482293874556684451
3 1 1 0 -1  1
13482338997638363200
1 2 3 2 -1  1
13482472187807530663
0 6 1 7 -1  1
13482498731004422154
3 0 5 1 -1  1
13482651718969450064
6 2 6 1 -1  1
13482687187284979370
1 3 6 3 -1  1
13482790291515543053
2 2 3 0 -1  1
13483017098245192530
2 1 0 3 -1  1
13483059941661702546
1 3 3 4 -1  1
13483171789560681061
4 1 5 2 -1  1
13483295449478432385
4 4 5 4 -1  1
13483416346333118312
6 7 7 6 -1  1
13483660973465384471
1 6 2 6 -1  1
13484316773162354327
1 1 2 2 -1  1
13484553302380765075
2 5 2 6 -1  1
13484604929784909419
2 1 0 3 -1  1
13485141145935928799
0 0 5 0 -1  2
13485362323553010484
1 5 3 5 -1  3
13485378050563765460
3 2 1 3 -1  1
13486030485681416964
4 4 5 4 -1  1
13486320530677766894
2 4 2 6 -1  1
13486358313407444815
1 4 3 5 -1  1
13486379787071650249
1 5 6 5 -1  1
13486410195576117369
5 5 5 0 -1  1
13486498996586283969
3 2 2 3 -1  1
13486543838248050130
1 4 1 2 -1  1
13486624923987124441
3 3 7 3 -1  1
13486862253540540846
4 4 6 5 -1  1
13487014183299826647
1 0 0 1 -1  1
13487197857460976558
1 3 3 2 -1  1
13487395790812599293
1 6 3 6 -1  1
13487401511241088268
4 3 5 2 -1  1
13487508240889342783
2 6 3 4 -1  1
13487608757706097600
4 7 5 7 -1  1
13487660459358624407
2 5 3 5 -1  1
13487766942705578111
0 3 1 3 -1  1
13487804943530691754
0 3 0 4 -1  1
13487916239923231276
0 4 0 6 -1  1
13488109555428863074
3 5 4 5 -1  1
13488777080878505300
2 1 2 4 -1  1
13488792844380588230
3 5 2 4 -1  1
13488864531750989386
3 6 5 4 -1  1
13488974621112230305
4 4 3 4 -1  1
13488982952250468149
4 5 4 2 -1  1
13489059766734846959
1 7 2 7 -1  1
13489293014455242856
1 5 2 5 -1  2
13489310901110354516
1 6 3 6 -1  1
13489634562822225337
1 3 2 2 -1  1
13489724967713377901
0 2 2 4 -1  1
13489880318885629477
1 5 3 5 -1  1
13489983080083709772
3 3 4 3 -1  1
13490066268302207274
2 4 2 3 -1  1
13490253479895318068
2 7 1 7 -1  1
13490332595970430839
0 4 0 6 -1  1
13490337131468567768
1 7 3 7 -1  1
13490419020544417126
3 6 2 5 -1  1
13490463941333192988
1 6 3 4 -1  3
13490492860833655648
1 1 2 1 -1  1
13490497180027548677
3 3 1 4 -1  1
13490502315038599596
2 2 3 1 -1  1
13490537610620264988
0 2 1 1 -1  1
13490982610037695832
0 5 0 2 -1  1
13490985624162665502
1 0 2 0 -1  1
13491188014655139739
5 1 5 3 -1  1
13491223639588572432
1 4 0 3 -1  1
13491355702010051396
1 0 3 0 -1  1
3 4 4 3 -1  1
3 4 4 4 -1  1
13491418894327504241
1 5 2 4 -1  1
13491455885118772030
1 7 3 7 -1  1
13491501810354609195
4 1 2 0 -1  1
13491503666178229226
7 6 7 0 -1  1
13491751325299475653
6 0 7 0 -1  1
13491847368781302773
0 0 7 0 -1  1
13491884056612788685
0 3 2 5 -1  1
13491935612727336777
0 5 3 2 -1  4
13492125731454008093
2 2 3 3 -1  1
13492205997622173692
2 4 4 3 -1  1
13492300673654901563
3 5 4 7 -1  1
13492399123922180778
0 1 0 2 -1  1
2 5 3 5 -1  1
13492579261734959031
1 2 2 1 -1  1
13492721615193192030
1 5 0 5 -1  1
13492748846619015766
0 3 2 4 -1  1
13492779708238571656
4 6 4 7 -1  1
13492786546978720995
1 4 2 4 -1  1
13492840061690349405
2 5 3 5 -1  1
13492925857136650205
1 3 2 4 -1  2
13493299111867671355
1 3 1 2 -1  1
1 4 3 2 -1  1
13493303009868402154
5 3 7 5 -1  1
13493524991771773398
0 5 0 2 -1  1
13493525687194960469
4 6 6 4 -1  1
13493541942559594229
1 5 3 5 -1  1
13493832729493069328
3 1 4 1 -1  1
13493836929399345000
1 4 3 6 -1  1
13494057082272318117
0 0 0 3 -1  1
13494062101490226001
5 7 6 6 -1  1
13494097218768324648
0 5 0 4 -1  4
13494224483751532295
2 3 4 2 -1  1
13494269852760750335
6 2 6 3 -1  1
13494300375675407503
3 3 5 1 -1  1
13494356606703022543
1 7 3 6 -1  1
13494628797712769622
3 6 4 5 -1  1
13494753900060785659
0 2 0 1 -1  1
13494754654324391762
0 3 5 3 -1  1
13495059872900937217
1 6 1 5 -1  1
13495089985895164075
2 3 1 2 -1  2
13495388425805774042
3 2 0 2 -1  1
13495425378860715832
0 1 2 2 -1  1
13495460286256133190
2 4 2 5 -1  1
13495651953263376713
2 4 3 4 -1  1
13495656291162614533
0 4 2 5 -1  1
13495743447731104260
3 5 4 5 -1  1
13495773638689445135
0 1 2 2 -1  1
13496101315998443635
1 2 2 2 -1  1
13496198957888927021
0 5 2 3 -1  2
13496283001420536811
4 3 3 4 -1  1
13496286173194300009
5 2 6 2 -1  1
13496320667171009665
0 2 1 2 -1  1
13496357836213074469
0 2 2 4 -1  1
13496539421521890872
2 6 3 5 -1  1
13496539875555319909
1 2 2 1 -1  1
13496634812559959858
3 2 1 1 -1  1
13496642090999202763
1 5 3 5 -1  1
13496729546326337576
0 0 0 4 -1  1
13497133271128067644
5 0 6 1 -1  1
13497863878668031621
2 1 4 2 -1  1
13497878329061619541
2 3 0 5 -1  1
13498148774236629764
2 7 3 7 -1  2
13498333827205502268
7 0 0 0 -1  1
13498456113334697775
2 2 3 3 -1  1
13498509161793768181
0 0 0 2 -1  1
13498899356537259329
0 6 1 4 -1  1
13498929994515239454
2 4 3 6 -1  1
13498999642931939560
0 4 3 4 -1  1
13499011051761808538
1 6 3 6 -1  1
13499124475601407434
3 4 1 3 -1  1
13499312123679859011
0 4 0 6 -1  1
13499522780072586530
1 7 2 7 -1  1
13499547087564098016
3 6 4 6 -1  1
13499584180460046153
3 5 4 6 -1  1
13499680214263991904
1 4 2 5 -1  1
13499726387724506349
5 3 6 3 -1  1
13499806651567572975
0 5 2 4 -1  2
13499968237340929859
1 3 3 3 -1  1
13500127470682986643
3 1 4 1 -1  1
13500143176585662819
1 1 2 1 -1  1
13500434710959925978
1 4 2 2 -1  1
13500509127294605184
2 2 3 3 -1  1
13500546024601785648
1 2 5 6 -1  1
13500611579514772077
0 4 1 4 -1  1
13500624581235317533
0 1 1 3 -1  9
0 2 2 4 -1  2
0 3 1 4 -1  2
1 2 2 2 -1  2
13500675045417433310
3 1 1 3 -1  1
13500812793580155733
0 1 1 3 -1  1
13500834310872539443
0 7 0 3 -1  1
13501083055201498829
3 3 2 3 -1  1
13501087207910394747
6 0 1 0 -1  1
13501097937872419211
1 5 1 4 -1  1
13501129276035610972
0 6 0 5 -1  1
13501202315419434092
0 0 0 3 -1  1
13501211996701356298
0 4 4 0 -1  1
13501246216093888616
0 2 4 6 -1  1
13501254370501438841
2 0 3 1 -1  1
13501305693089093429
3 3 4 5 -1  1
13501354019428986135
1 5 3 5 -1  1
13501354643471823745
0 7 1 6 -1  1
13501378820797602902
0 0 0 2 -1  1
13501599889726481728
1 3 2 1 -1  1
13501633825745152139
0 4 1 4 -1  1
13501870014262795363
2 5 0 4 -1  1
13501876536678244650
2 3 3 2 -1  1
13502224051652417150
0 5 4 1 -1  1
13502585553642688451
2 5 3 3 -1  1
13502791780543312850
3 7 4 7 -1  2
13503040625169463003
0 3 2 1 -1  1
13503076132102353681
3 4 2 3 -1  1
13503115366069869731
2 5 3 3 -1  1
13503128591752054074
4 7 5 7 -1  1
13503284584216727367
3 0 4 0 -1  1
13503716808919049657
0 0 0 2 -1  1
13503787751138143028
1 0 3 0 -1  1
13503931185006457160
5 3 4 2 -1  1
13504079675971013532
1 7 3 7 -1  1
13504095531490170326
3 2 4 3 -1  1
13504212053494086537
0 5 1 6 -1  1
13504269982025136217
0 4 0 6 -1  1
13504444569963360668
3 6 4 6 -1  1
13504483642122234614
4 6 5 6 -1  1
13504507295029669774
0 0 0 2 -1  1
13504523213519555772
3 4 4 4 -1  1
13504750152583455630
6 3 7 3 -1  1
13504775840005676504
2 1 3 1 -1  1
13505010142728340346
4 6 4 2 -1  1
13505178302978375263
5 2 6 3 -1  1
13505251424275677061
1 6 2 6 -1  1
13505402310465953774
0 2 2 4 -1  1
13505480906082312244
7 2 7 6 -1  1
13505616707741399949
0 0 0 5 -1  1
13505620858776519578
2 4 3 3 -1  1
13505637475516093347
1 4 3 4 -1  1
13505708225653854053
1 3 1 1 -1  1
13505953669467604809
1 7 3 7 -1  1
13505999918717326491
1 5 2 5 -1  1
13506067984379460977
0 6 1 6 -1  1
13506179050601162150
3 2 4 2 -1  3
13506327876854620552
2 2 3 0 -1  1
13506652263296892830
0 5 0 6 -1  1
13506723326475547435
4 3 2 5 -1  1
13506845985664223884
1 6 3 4 -1  1
13506973296551888585
0 5 2 4 -1  1
13507221208915286979
4 6 3 7 -1  1
13507258002659391037
2 2 3 3 -1  1
13507312337409513441
4 2 5 1 -1  1
13507315192831467592
1 0 2 0 -1  1
13507329830215552037
0 0 4 0 -1  1
13507418287145056559
1 7 3 5 -1  1
13507439124764467890
2 6 4 4 -1  1
13507613830525863956
2 5 3 5 -1  1
13507804725192505063
1 4 1 3 -1  1
13507821039092995602
0 2 3 2 -1  1
13507888886022325381
3 2 4 3 -1  1
13508062542404206648
2 6 3 5 -1  1
13508063880827263947
4 0 4 1 -1  1
13508086395485885762
2 5 4 4 -1  1
13508092186661726149
1 6 6 1 -1  1
13508111218265265845
0 1 1 1 -1  1
13508348439124101507
2 5 3 4 -1  1
13508435818389697617
2 5 4 4 -1  1
13508511149938828304
0 4 1 5 -1  1
13508537649062019514
0 4 2 4 -1  2
13508665925795547854
1 3 1 2 -1  1
13508674861947491113
0 2 1 3 -1  1
13508829631572014551
0 1 4 1 -1  1
13508933540210400421
0 3 1 3 -1  1
13509032449783487452
5 6 5 5 -1  1
13509048404580718654
1 4 3 5 -1  1
13509257086430817841
2 1 1 3 -1  1
13509409835830043571
6 5 6 4 -1  1
13509518918696743887
0 0 0 2 -1  1
13509730187255746780
2 6 3 6 -1  1
13509855110631030491
2 3 1 4 -1  1
13509883545442323984
1 2 2 3 -1  1
13510006978874011749
3 0 1 1 -1  1
13510072372895509652
3 7 4 6 -1  1
13510325089812041224
0 1 2 1 -1  1
13510451666994935055
4 4 2 5 -1  1
13510522494748578776
3 1 5 1 -1  1
13510579105185400019
0 3 6 3 -1  1
13510661616880846809
0 2 1 2 -1  1
13510765113508889758
0 4 0 3 -1  1
13510787417171220519
2 2 3 4 -1  1
13510947452621673788
3 3 4 4 -1  2
13510949715970319281
4 5 5 5 -1  1
13511128440103001495
1 6 2 6 -1  1
13511389869933510675
3 6 5 7 -1  1
13511507580477173498
1 5 4 2 -1  1
13511606061962405405
1 2 2 1 -1  1
13511671307815709930
3 5 1 6 -1  1
13511714188853144845
1 5 2 5 -1  1
13511736178990856659
5 5 6 5 -1  1
13511906789383066066
4 5 6 7 -1  1
13512039334900530012
1 3 3 1 -1  1
13512048683044669036
1 4 2 4 -1  1
13512323893036679460
1 1 2 1 -1  1
13512472712812294145
2 5 4 4 -1  1
13512626898441847426
1 4 2 5 -1  1
13512635832337420484
0 5 3 2 -1  1
13512667231917648655
3 6 3 7 -1  1
13512745744274444769
1 6 2 7 -1  1
13512930332207408863
7 1 7 3 -1  1
13512946108349375928
0 6 1 6 -1  1
13513020008030060275
1 4 3 4 -1  1
13513062971327802808
0 2 1 1 -1  1
13513280147539767534
5 3 3 1 -1  1
13513610338131571600
3 2 2 4 -1  1
13514221007304987761
0 4 0 5 -1  1
13514379549177989719
0 4 1 4 -1  1
13514515573222349861
0 5 4 1 -1  1
13514550907915334182
2 0 3 0 -1  1
13514551133528417138
0 2 1 1 -1  1
13514560582221101407
2 6 4 7 -1  1
13514584849538276907
4 3 1 3 -1  1
13514761840589485201
4 4 5 5 -1  2
13515017084311965441
0 5 4 1 -1  1
0 6 2 5 -1  3
13515068242369929935
0 5 0 4 -1  1
13515200271919503813
4 4 6 6 -1  1
13515269087807173681
1 2 0 3 -1  1
13515421464116343819
0 6 1 6 -1  1
13515474029790998939
2 0 4 1 -1  1
13515577706920229380
0 4 0 6 -1  1
13515578424641140111
3 2 4 3 -1  1
13515634240352130640
1 4 3 2 -1  1
13515935653752403215
1 1 2 1 -1  1
13515939922925135725
1 2 2 2 -1  1
13515998448607141134
4 6 2 4 -1  1
13516045702944190374
0 2 0 3 -1  1
13516131531758054727
4 1 6 0 -1  1
13516143851204256862
1 3 2 3 -1  1
13516181582795753856
4 0 2 1 -1  1
13516236743575219624
2 0 3 1 -1  1
13516510684889487567
3 3 1 1 -1  1
13517020247553146467
4 1 1 4 -1  1
13517211292836102652
0 5 2 3 -1  2
13517216361358516711
0 2 2 4 -1  1
13517361347226043826
1 2 2 2 -1  1
13517448485189336153
2 2 3 2 -1  1
13517664597600359736
3 0 5 0 -1  1
13517696278708578389
4 0 7 3 -1  1
13517728519426041471
4 3 3 4 -1  1
13517791490575477466
5 3 7 2 -1  1
13517802602378642567
6 5 5 3 -1  1
13517854456430990926
0 6 0 5 -1  1
13518091402440300342
3 4 4 4 -1  1
13518168862781683022
0 4 0 6 -1  1
13518190536048945183
4 4 5 2 -1  1
13518267614086639254
1 4 4 1 -1  1
13518277261067441983
1 1 2 1 -1  1
13518549510036897502
2 6 3 5 -1  1
13518682113190810121
2 3 1 4 -1  1
13518766169158035232
7 7 7 1 -1  1
13518932276770053313
0 5 3 2 -1  1
13519072419995406781
1 0 3 0 -1  2
13519073266281329137
3 3 4 3 -1  1
13519081911889222834
1 4 3 4 -1  2
13519097007908608963
1 3 3 1 -1  1
13519174566827506840
4 5 2 4 -1  1
13519212569464875666
4 2 5 2 -1  2
13519238865551417517
4 3 3 4 -1  1
13519309907882059165
1 4 2 5 -1  1
13519516158986555430
2 4 4 2 -1  1
13519591425790917569
4 5 6 4 -1  1
13519622904615311862
2 3 0 3 -1  2
13519698019689823446
1 0 2 0 -1  1
13519866871616645637
0 4 0 3 -1  1
13520134108696702558
3 5 1 4 -1  1
13520190369150676223
0 5 0 1 -1  1
13520240597562057346
1 5 3 5 -1  1
13520244097355605088
2 3 4 5 -1  1
13520370766569575392
1 3 5 3 -1  1
13520396023432088803
4 6 1 3 -1  1
13520399147952045019
2 7 2 3 -1  1
13520404953761562127
2 3 3 4 -1  1
13520418860812203829
0 4 2 3 -1  2
13520705644611942930
3 5 4 4 -1  1
13520750124705575398
1 3 3 3 -1  1
13520815693463869553
0 3 0 4 -1  1
13520839204198483969
4 2 4 3 -1  1
13520983084504507393
1 1 2 2 -1  1
13521009308337339594
3 1 4 1 -1  1
13521167236404048014
4 4 5 4 -1  1
13521298421924417287
4 1 2 3 -1  1
13521459125799420883
4 3 2 4 -1  1
13521548804749505766
1 6 4 3 -1  1
13521754329643200873
0 4 6 4 -1  1
13521805526850400687
0 3 0 2 -1  1
13522046006295921267
0 0 0 2 -1  1
13522067673079103155
5 0 4 0 -1  1
13522150139557745729
2 3 3 4 -1  1
13522290917728800078
1 6 2 5 -1  1
13522454968609135994
1 0 0 1 -1  2
13522549399726162015
3 4 2 5 -1  1
13522608370421170788
3 4 4 4 -1  1
13522718942744043458
3 4 4 2 -1  1
13522766302410730906
3 3 4 2 -1  1
13522871792681603577
4 1 2 3 -1  1
13522906454056046882
1 4 0 4 -1  1
13522971859728728078
2 5 3 6 -1  1
13523049176871320288
2 4 3 4 -1  1
13523092161681940768
3 1 2 1 -1  1
13523098648375520933
1 5 2 5 -1  1
13523109762432721927
2 1 3 2 -1  1
13523179805976756982
4 3 5 3 -1  1
13523213542584667125
3 6 2 5 -1  1
13523347546447239868
1 2 2 1 -1  4
13523353882403532483
2 3 3 4 -1  1
13523486672991280496
1 2 3 2 -1  1
13523544224606688075
3 5 2 4 -1  1
13523556575801426301
4 5 5 5 -1  1
13523765056465845106
2 5 4 4 -1  1
13523797270585305445
2 7 3 6 -1  1
13523833471421663770
3 6 2 7 -1  1
3 6 4 6 -1  1
13523912501163870021
0 2 2 4 -1  1
13523946171396333804
2 1 3 0 -1  1
13523976938532126012
0 5 1 5 -1  1
13524197587983151483
2 2 3 4 -1  1
13524241223765865560
1 1 2 1 -1  1
13524321818906924665
4 4 3 3 -1  1
13524327201700481468
4 1 2 2 -1  1
13524463683909012293
0 7 0 4 -1  1
13524548581026845471
6 0 5 0 -1  1
13524561325481536374
0 1 0 3 -1  1
13524639223084953995
1 3 3 2 -1  1
13524811368285890876
2 6 2 5 -1  1
13524955073021997449
3 4 3 5 -1  1
13525019599896070853
1 6 1 7 -1  1
13525037073702037794
4 0 5 2 -1  1
13525168119655006512
1 5 2 6 -1  1
13525402574783947992
1 7 3 7 -1  1
13525428804723681483
4 6 3 7 -1  1
13525488169145437491
3 7 4 6 -1  1
13525661743092486839
0 2 1 3 -1  2
13525744079048418650
1 3 3 5 -1  1
13525959295337374610
2 3 6 7 -1  1
13525970545169733312
2 4 2 0 -1  2
13526423884821477377
2 2 7 2 -1  1
13526428278570166843
3 2 4 2 -1  1
13526735301642766257
3 0 4 0 -1  1
13527002466826910922
4 3 6 2 -1  1
13527015656564399934
1 5 2 6 -1  1
13527056139821436486
0 2 0 1 -1  1
13527099660053767768
4 0 5 0 -1  1
13527179491159962750
2 5 3 3 -1  1
13527211281186911100
0 2 1 2 -1  1
13527437411234619211
1 3 1 2 -1  1
13527462427595729358
4 1 4 0 -1  1
13527492947217159575
2 1 0 2 -1  1
13527526069491926768
4 4 5 4 -1  1
13527570840929177476
0 6 7 6 -1  1
13527639451483560832
4 1 1 4 -1  1
13528040816551442317
0 4 0 6 -1  2
13528258025631866734
3 1 3 0 -1  1
13528325672205279326
1 0 3 0 -1  1
13528378529528758265
1 5 2 4 -1  1
13528417380272584007
0 4 0 6 -1  1
13528517122884997587
3 1 0 4 -1  1
13528644210099263401
1 6 2 7 -1  1
13528834067241592865
2 2 4 1 -1  1
13528880837604601303
3 0 4 0 -1  1
13528972491639797449
0 2 4 6 -1  1
13529094386453100733
2 5 1 4 -1  1
13529338328845352305
2 2 3 3 -1  1
13529339347394653253
0 6 1 4 -1  1
13529416587902923561
2 4 3 3 -1  1
13529761329691973356
0 1 2 2 -1  1
13529773846151401334
3 2 3 0 -1  1
13529948453394618966
2 6 1 5 -1  1
13529959067689678193
0 4 0 5 -1  1
13530035327616016009
2 2 3 1 -1  1
13530163098097553672
2 0 3 1 -1  1
13530289835971331949
0 2 5 7 -1  1
13530429832952657866
2 2 3 2 -1  1
13530475097458906745
2 5 0 3 -1  1
13530482767632910849
2 5 3 3 -1  1
13530676686847437282
3 3 2 5 -1  1
13530995323785880978
4 3 3 1 -1  2
13531065840235739684
0 4 1 5 -1  1
13531150741573077182
6 2 6 1 -1  1
13531282506664977204
1 4 2 5 -1  1
13531304117616819924
5 0 6 0 -1  3
13531465591820909614
0 0 0 4 -1  1
13531511702747555451
0 7 6 7 -1  1
13531813926629640573
1 3 0 5 -1  1
13531864319343080382
0 2 1 2 -1  1
13532052776113302690
0 5 1 4 -1  1
13532582340700205216
1 5 2 5 -1  1
13532677613790740654
0 0 0 3 -1  1
13532685092910577936
5 3 4 4 -1  1
13532716223878733996
3 2 4 2 -1  1
13532750000603534053
0 6 1 7 -1  1
13532805433549168636
0 0 0 2 -1  1
13533138790797611989
3 7 1 5 -1  1
13533239765695012454
0 5 0 1 -1  1
13533295123822485662
3 4 4 5 -1  1
13533431292143588081
2 5 6 5 -1  1
13533502828896486890
4 6 5 6 -1  1
13533613005053305154
2 6 1 4 -1  1
13533695532221325918
2 6 3 6 -1  1
13533733808453035720
1 3 1 1 -1  1
13533975894646741289
2 5 4 6 -1  1
13534049588953832199
0 0 0 1 -1  1
13534082111243629584
2 5 3 5 -1  2
13534257550640183697
1 6 2 5 -1  1
13534315882295961843
5 3 6 3 -1  1
13534432476548063574
4 7 3 5 -1  2
13534454199753306056
2 0 3 1 -1  1
13534709035493721436
0 3 5 3 -1  1
13534803626796725398
2 2 2 0 -1  1
13534903106829529799
0 6 1 6 -1  1
