14121975072625374762
0 1 1 1 -1  1
14122009327919471818
2 1 3 1 -1  1
14122212664946431399
5 0 5 1 -1  1
14122523242060174822
3 6 5 4 -1  2
14122538552508586596
0 0 4 0 -1  1
14122811190128102513
2 2 4 3 -1  1
14122837470386564353
2 3 3 2 -1  1
14122997481428453889
0 5 1 6 -1  1
14123087822021388533
1 5 2 5 -1  1
14123358958968339459
5 7 6 7 -1  1
14123785212183847113
1 3 2 2 -1  1
14123816094284188783
2 5 3 7 -1  1
14123957923336633584
0 0 6 0 -1  1
14123963952027388523
2 0 1 0 -1  1
14124028498740304057
1 4 2 4 -1  1
14124183701457919108
2 5 0 4 -1  1
14124606434214949405
0 3 1 4 -1  1
14124656062442752120
2 5 6 1 -1  1
14124725374956867894
6 4 7 3 -1  1
14124980778399231514
4 6 4 5 -1  1
14125016327016919248
1 1 1 6 -1  1
14125204647155927306
2 6 3 5 -1  1
14126270785418435634
2 7 2 5 -1  1
14126581361128492559
1 6 3 6 -1  1
14126692682003330714
0 3 0 6 -1  1
14126800847498969848
4 4 5 4 -1  1
14127005101801341237
0 4 0 6 -1  1
1 3 3 3 -1  3
14127060564999456063
6 1 5 1 -1  1
14127146453412332524
7 3 4 3 -1  1
14127202399506662737
0 5 3 2 -1  2
2 1 3 2 -1  1
14127212273131632812
1 5 3 5 -1  2
14127226486955087382
1 0 3 0 -1  1
2 1 1 2 -1  1
14127346724985047862
5 1 6 1 -1  1
14127484906577846498
2 3 3 2 -1  1
14127807296985433963
0 6 1 6 -1  1
14127808226683582890
1 2 7 2 -1  1
14127963583349616514
4 7 7 4 -1  1
14128119143461606076
1 4 3 4 -1  1
1 6 2 6 -1  1
14128144391137984345
6 2 4 1 -1  2
14128246867044819876
3 4 2 6 -1  1
14128744100702904997
0 2 1 2 -1  1
14128812164246833660
0 0 0 4 -1  1
14128928840740528404
1 7 3 7 -1  2
14129045188176151482
3 3 2 5 -1  1
14129443224417241747
2 1 0 3 -1  1
14129683287337703546
2 3 4 1 -1  1
14129857875234603510
1 3 3 3 -1  1
14130032890734424538
2 2 3 2 -1  1
14130331063965753841
2 1 2 3 -1  1
14131231106895088255
0 4 2 3 -1  1
14131260064877476105
0 5 1 4 -1  1
14131598718206923790
4 6 5 6 -1  1
14131879809984214137
4 0 5 0 -1  1
14132370263492744923
2 3 1 2 -1  1
14132402482918408013
4 2 4 0 -1  2
14132409762923758033
0 1 1 2 -1  1
14132442325464879853
1 5 1 0 -1  1
14132454511256579984
0 5 5 5 -1  1
14132537788039599059
2 3 3 5 -1  1
14132587485096626304
2 1 1 2 -1  2
14132754149030090505
5 4 6 5 -1  1
14132870777861744647
3 2 4 3 -1  1
14132998944834161037
2 6 3 6 -1  1
14133251573283285792
4 2 5 1 -1  4
14133261464646493715
0 0 0 4 -1  1
14133356408543591477
3 7 2 6 -1  1
14133403164200587707
2 2 3 2 -1  1
14133518433011082811
0 4 0 6 -1  1
14133607561558865514
3 5 4 6 -1  1
14133786513202339410
0 5 1 4 -1  1
14133910168567646880
0 4 0 0 -1  1
14133937896320683740
1 5 3 5 -1  1
14134139083026221575
1 4 3 4 -1  1
14134326332969836552
3 0 1 2 -1  1
14134340995713225303
1 3 2 4 -1  2
14134666266255076199
1 3 2 5 -1  1
14134767679771929130
2 5 1 4 -1  1
14135030293885557215
0 1 1 1 -1  1
14135126063457086174
6 7 7 7 -1  1
14135141442318139969
2 4 1 3 -1  1
14135378877965131358
2 4 3 5 -1  1
14135653015863303245
3 3 4 1 -1  1
14135714417100205371
6 1 5 0 -1  1
14135844275877875335
5 1 7 3 -1  1
14135860633590929892
3 6 3 7 -1  1
14135908435071042960
3 5 1 7 -1  1
14136046370185776572
0 3 1 2 -1  2
0 3 1 4 -1  1
0 5 2 3 -1  2
14136258033906108100
3 3 3 6 -1  1
14136421240492287920
0 1 0 2 -1  1
14136421321838612147
5 7 5 5 -1  1
14136839650080461343
1 5 2 5 -1  1
14136876822604690373
1 4 0 3 -1  1
14137391311982911056
3 3 4 4 -1  1
14137642448085061871
0 2 1 2 -1  1
14137642781016153922
0 2 1 1 -1  1
14137902114060677306
1 7 4 4 -1  1
14138071856823139249
4 4 4 1 -1  1
14138383061958501788
0 3 2 1 -1  1
14138451486461271326
7 0 6 1 -1  1
14138609039098780694
1 4 2 5 -1  1
14139017814750696155
0 1 4 5 -1  1
14139020746518667761
3 0 2 1 -1  5
14139022521226623288
2 5 2 6 -1  1
14139096882551196248
1 7 3 7 -1  1
14139175346657160263
3 3 4 5 -1  1
14139341355163510502
0 4 0 6 -1  1
1 7 2 7 -1  2
14139591564313835238
1 3 2 3 -1  1
14139654381039093130
0 5 1 5 -1  1
14139776511924180341
2 3 0 4 -1  1
14139905872210860447
0 7 1 6 -1  1
14140325868518058463
1 1 3 1 -1  1
14140416897167793660
6 1 7 3 -1  1
14140552936435907082
7 4 7 5 -1  1
14140961746331765500
0 3 3 3 -1  1
14141006522300418995
0 2 1 3 -1  1
14141073513351238754
3 7 4 6 -1  1
14141091128374111690
1 5 2 5 -1  1
14141224225610783330
2 7 3 7 -1  1
14141228272016611957
0 1 2 3 -1  1
14141498296166988952
0 1 2 2 -1  2
14141718481055648843
1 3 2 3 -1  1
14142008608073231228
2 7 3 6 -1  3
14142030175927742443
2 2 3 4 -1  1
14142053491870398240
3 0 4 0 -1  1
14142055178503343178
0 6 1 6 -1  1
14142168589680639449
4 5 2 6 -1  1
14142349928874596841
4 3 6 5 -1  1
14142391421658775436
0 3 1 2 -1  1
14142447419512043903
4 0 6 1 -1  3
14142550827253709832
4 2 4 7 -1  1
14142772507361061280
2 1 3 1 -1  1
14142822677179965493
1 4 2 3 -1  1
14143291856552964963
6 1 6 3 -1  2
14143414489387700170
1 5 2 5 -1  1
14143474284077434776
1 7 2 7 -1  1
14143810135003187157
4 2 5 4 -1  1
14144017494909344190
2 5 3 6 -1  1
14144239859869469267
7 7 6 5 -1  1
14144513089547675541
5 4 4 5 -1  1
14144583284065287213
0 2 2 0 -1  1
14144595041054187210
1 5 3 5 -1  1
14144861849639041360
3 7 4 6 -1  1
14144877160990979566
1 2 3 2 -1  1
14144926180525980542
0 1 2 2 -1  1
14145133930926301181
3 5 4 6 -1  1
14145218098439582981
0 2 0 3 -1  1
14145269710169070398
1 3 0 4 -1  1
14145336557654691914
4 4 3 2 -1  2
14145439961638049500
2 5 7 0 -1  1
14145458333214651456
6 6 4 4 -1  1
14145500890344946494
3 3 2 5 -1  1
14145537794363735336
0 5 2 3 -1  1
14145548704947384645
1 1 2 1 -1  2
14145664093408763761
5 4 6 4 -1  1
14145829219710855438
0 5 1 4 -1  1
14145877530969503119
0 4 2 6 -1  1
14145971879631699285
4 3 6 5 -1  1
14145976478157727753
1 6 2 6 -1  1
14146226447158925162
0 0 0 4 -1  1
14146452346982415233
0 2 4 2 -1  1
14146597822219043596
1 4 0 5 -1  1
14146623570371615606
0 4 4 0 -1  1
14146698133607757042
3 2 2 3 -1  2
14146809598361599348
1 5 3 5 -1  1
14146895351479042682
2 2 2 6 -1  1
14147177720940851885
3 7 4 6 -1  1
14147632714780507452
0 3 2 4 -1  1
14147675518882640132
1 0 3 0 -1  1
14147771192181918828
2 4 2 3 -1  1
14147861413845503130
3 5 4 4 -1  1
14147878083295439305
4 6 5 7 -1  1
14148139557714615024
2 2 1 2 -1  1
14148258813288255482
3 4 4 3 -1  1
14148526408018008764
6 7 3 7 -1  1
14148615010374785009
3 6 4 5 -1  3
14148776459539608172
2 3 1 3 -1  1
14148812256374710294
5 5 4 6 -1  1
14148812565062668053
3 0 3 5 -1  1
14148939035740695756
3 5 4 4 -1  1
14148939789999234396
2 5 1 3 -1  1
14148976397304117829
4 0 3 0 -1  1
14148993723564732395
4 2 3 4 -1  2
14149102283447292715
0 1 2 2 -1  72
0 6 2 5 -1  163
1 4 2 4 -1  6
3 2 4 3 -1  7
14149128282747922534
3 4 4 6 -1  1
14149190711855428567
1 3 2 2 -1  1
14149600564815231956
4 7 5 7 -1  1
14149617517117911735
4 1 6 1 -1  1
14149726430057844692
5 4 7 5 -1  1
14149758432360839968
4 0 5 0 -1  1
14149821427441377430
0 5 1 4 -1  1
14149822444565138190
4 0 5 1 -1  1
14149828318478422730
2 3 4 4 -1  1
14150371492001384606
0 2 3 2 -1  1
14150465472715239781
5 4 3 6 -1  1
14150682802880508709
1 5 3 5 -1  1
14150972150431542177
2 6 2 2 -1  4
14151269906354681109
2 5 1 6 -1  1
14151921610305579135
2 5 0 4 -1  1
14152086248505224236
3 2 5 1 -1  1
14152093519510468348
3 0 5 2 -1  1
14152212369329183123
2 3 3 4 -1  1
14152231183641799875
2 6 3 6 -1  1
14152369891569740853
0 5 0 4 -1  1
14152442468684008300
2 4 1 5 -1  2
14152606483393521074
2 1 0 0 -1  3
14152843648067646180
5 2 6 2 -1  2
14153408009467274652
4 6 5 6 -1  1
14153454758869868274
3 6 4 6 -1  1
14153706642351206279
1 2 3 3 -1  1
14153757840817450351
5 0 0 0 -1  1
14153770909430329641
3 2 4 3 -1  1
14153917292700174779
3 6 2 6 -1  1
14154058855712631019
5 2 6 4 -1  1
14154294251002085339
0 1 3 4 -1  1
14154403331961600714
6 6 6 3 -1  1
14154436735357677582
1 5 2 5 -1  1
4 5 6 4 -1  1
14154501133622730775
6 3 2 3 -1  1
14154586569205565720
2 0 2 2 -1  1
14154814675865217638
0 2 2 1 -1  1
14154831692186121013
0 2 1 3 -1  3
14154844433917437409
3 4 4 3 -1  1
14154877147505351320
1 2 2 3 -1  1
14154957178410317950
2 3 3 2 -1  1
14154978883744114089
0 4 1 5 -1  1
14154992007241539854
4 7 5 7 -1  1
14155070608129295033
7 6 7 0 -1  1
14155110125226412035
2 3 3 4 -1  2
14155120045944200248
0 0 0 2 -1  1
14155173403758417174
2 3 3 4 -1  1
14155254060691932503
2 2 4 3 -1  2
14155306512785005404
2 6 3 6 -1  1
14155431680345482198
3 2 2 4 -1  1
14155528555928178760
1 4 3 4 -1  1
14155702607566411167
0 2 1 2 -1  1
14155778713113643451
0 3 0 4 -1  1
14156039018820696932
2 3 1 1 -1  1
14156188280812391344
2 2 0 3 -1  1
14156252540964480755
3 3 1 2 -1  1
14156268372413543542
3 7 4 7 -1  1
14156549530301631795
1 4 0 5 -1  1
14156815511670787663
0 3 1 2 -1  1
14156852712862659765
3 4 1 3 -1  3
14157133934411152644
2 6 1 4 -1  1
14157351352945937242
3 5 4 5 -1  1
14157412119217586117
1 5 3 6 -1  1
14157572184617660673
0 0 0 5 -1  1
14157665380346243185
0 4 7 4 -1  1
14157686069174306575
5 1 4 2 -1  1
14158063889839445222
0 4 5 4 -1  1
14158165877552030425
4 4 4 3 -1  1
14158347895556034047
0 3 6 3 -1  1
14158539909789422935
2 5 1 3 -1  1
14158569085573424128
1 1 1 5 -1  1
14158569254123105450
6 1 0 1 -1  1
14158574403719610499
0 4 0 7 -1  1
14158675618549164070
4 6 5 6 -1  1
14158810130006957518
1 4 2 4 -1  1
14158910881252639799
3 5 4 5 -1  1
14158950861823187012
1 7 2 7 -1  1
14159321280329235533
5 2 6 2 -1  1
14159371898603155532
1 6 0 5 -1  1
14159422710478098049
0 6 1 6 -1  1
14159639671725707330
0 3 2 3 -1  1
14159766159084243965
3 0 4 0 -1  1
14160141089556491651
3 7 4 6 -1  1
14160181857367898975
1 6 3 6 -1  1
14160257112157196867
0 3 1 3 -1  1
14160343565033650472
1 4 3 4 -1  1
14160373279759068148
1 3 3 3 -1  1
14160644514019907381
3 5 4 5 -1  1
14160838902173734721
5 2 5 3 -1  1
14161203505562991360
0 2 4 6 -1  1
14161342005763540007
4 1 6 2 -1  1
14161414917294554612
0 3 0 2 -1  1
14161588228750563583
4 7 5 7 -1  1
14161601520219042259
6 1 4 1 -1  1
14161661440869214375
3 4 2 3 -1  1
14161734441999902799
3 7 4 6 -1  1
14161854865114261040
2 5 3 3 -1  1
14161884250280521860
7 6 7 5 -1  1
14161903574276391176
2 3 3 3 -1  1
14161944322459568731
1 6 1 5 -1  1
14161952898414126916
4 4 5 4 -1  1
14161978197302886179
0 0 0 2 -1  1
14162203055890643217
0 4 1 4 -1  1
14162235529347608606
1 3 2 3 -1  1
14162947225432033085
6 0 6 3 -1  1
14162951951685139892
6 4 5 3 -1  1
14163029814754805582
0 1 2 2 -1  1
14163108023749640450
0 4 2 3 -1  1
14163148157143542076
0 5 4 5 -1  1
14163200891990237268
3 3 4 2 -1  1
14163213792131339261
3 6 4 6 -1  1
14163325354777217362
3 6 4 5 -1  1
14163436132363876972
2 5 1 3 -1  2
14163465559962237339
2 1 4 3 -1  1
14163518501910387354
0 3 1 3 -1  1
14163656508236571008
2 3 3 3 -1  1
14163813972726825242
7 3 6 2 -1  1
14163972398111335976
4 1 5 0 -1  1
14163995536932465637
3 6 4 7 -1  1
14164175378288073952
0 2 5 2 -1  1
14164442413635236219
1 0 2 0 -1  1
14164545681468050132
3 3 4 3 -1  1
14164744807780814312
0 5 4 1 -1  1
14164765875824757525
2 1 3 1 -1  1
14164935054315237398
5 5 6 5 -1  1
14164985729946236399
1 3 3 2 -1  1
14165292576574098457
1 1 1 3 -1  1
14165548185934537159
2 3 1 4 -1  1
14165564966818633286
2 0 2 1 -1  1
14165743512777445791
3 4 5 5 -1  1
14165940185400750732
6 6 3 6 -1  1
14165979633164715109
3 3 4 4 -1  1
14166165832608412848
1 3 4 6 -1  1
14166214990051852061
0 1 1 3 -1  1
14166219858355038144
0 3 1 3 -1  1
14166310504636766484
4 1 6 2 -1  1
14166333738753081745
5 1 5 0 -1  1
14166397248581914897
4 3 3 4 -1  1
14166449783193915671
4 6 6 4 -1  1
14166469213025193052
5 6 0 6 -1  1
14166502816006155111
1 4 2 5 -1  1
14166514944924040754
2 2 4 3 -1  1
14166541705773352778
2 1 4 2 -1  1
14166689895392323191
2 6 3 4 -1  1
14166849649804867812
1 4 7 4 -1  1
14166911519405142986
0 5 1 6 -1  1
14166928287500492614
4 7 5 6 -1  1
14166995852044176582
4 6 3 7 -1  1
14167070334074452378
0 0 0 3 -1  1
14167137731067636786
3 7 2 6 -1  1
14167415440124221085
0 2 0 4 -1  1
14167482877460863237
2 4 4 6 -1  1
14167483204797596348
2 3 1 2 -1  1
14167740332293046736
3 2 2 3 -1  1
14167847614692284344
1 1 2 1 -1  1
14167881926807682312
0 7 3 7 -1  1
14167895757949490507
0 1 0 4 -1  1
14168031637620849356
0 0 0 5 -1  1
14168035289168845925
0 4 0 3 -1  2
14168090607978175235
6 1 4 2 -1  1
14168135752923566558
0 4 0 3 -1  1
14168402576997032117
5 4 4 3 -1  1
14168410122137204296
1 5 2 4 -1  1
14168599783460456064
3 7 4 7 -1  1
14168628194568609842
1 5 2 6 -1  1
14168640946967420915
5 5 3 4 -1  1
14168686678928691027
1 0 3 0 -1  1
14168852757032818876
0 2 0 7 -1  1
14168886451653609740
0 6 0 7 -1  1
14168923685926393248
1 4 2 2 -1  1
14169014922726601162
3 5 2 3 -1  1
14169170436152952360
5 3 5 1 -1  1
14169264435411129697
6 6 7 5 -1  2
14169297170091429080
0 0 0 3 -1  1
14169504344223585860
0 5 1 4 -1  3
14169571522560451281
0 5 0 0 -1  1
14169573086870666501
0 5 2 5 -1  1
14169813670417384068
3 4 6 7 -1  1
14169817732932271844
3 5 2 4 -1  1
14169972190353333407
6 5 5 6 -1  1
14169979209690881198
7 3 4 0 -1  1
14170254026463686844
3 4 1 4 -1  1
14170506108589546404
0 3 0 0 -1  1
14170537300110979497
1 4 2 5 -1  3
14170537818089937313
0 4 0 6 -1  2
14170648928394660187
5 3 2 0 -1  1
14170769411470498457
3 4 4 3 -1  1
14171041413795439251
1 4 0 5 -1  1
14171295904678362657
0 4 5 4 -1  1
14171323432344056080
0 4 0 7 -1  1
14171362892302423207
4 1 5 2 -1  1
14171527134854218712
4 0 3 2 -1  1
14171717834746511295
0 3 1 4 -1  1
14171721336552232480
0 2 7 2 -1  1
14171868198610602348
1 3 3 5 -1  1
14171874976142397027
4 2 5 3 -1  1
14172072492069158249
0 4 0 6 -1  1
14172088161939251997
5 7 4 5 -1  1
14172159642830115742
4 4 2 3 -1  1
14172174240067797453
0 7 0 5 -1  1
14172268136064981252
3 2 4 3 -1  1
14172324348359488230
3 5 4 3 -1  1
14172497684001791569
2 6 4 5 -1  1
14172700803600535974
7 6 4 6 -1  1
14172796875472513000
0 5 0 4 -1  1
14173007717221515140
3 0 4 0 -1  1
14173356601342804248
0 2 3 5 -1  1
14173504542855995589
0 2 4 6 -1  1
14173618591460630528
3 1 3 4 -1  1
14173882255683026836
0 0 0 3 -1  1
14173958298106148432
1 3 1 2 -1  1
14174023287411414329
1 5 1 6 -1  1
14174277456042708275
2 4 4 2 -1  1
14174329835858379340
0 4 0 6 -1  1
14174512374719337175
1 6 3 6 -1  2
14174664528030585223
1 2 3 4 -1  1
14174731223506470929
4 6 6 4 -1  1
14174783256208382589
3 0 4 1 -1  1
14174798452873980077
1 1 2 1 -1  1
14174906968116334906
1 2 0 2 -1  1
14174979493037464751
0 3 0 4 -1  1
14175429706607626067
6 1 4 1 -1  1
14175712466875693629
4 6 3 5 -1  1
14175756416645851548
0 2 1 1 -1  1
14176103716585799295
1 4 2 5 -1  1
14176435424056551069
2 4 3 4 -1  1
14176554647451063857
1 4 0 4 -1  1
14176592900184710195
2 0 2 1 -1  1
14176696754678964211
0 3 1 4 -1  1
14176702181603966653
0 1 0 2 -1  1
14176729801437297475
1 7 3 7 -1  1
14176887450979762515
2 3 3 5 -1  1
14176909767309751143
0 7 3 7 -1  1
14176971040139829752
7 3 5 4 -1  1
14177086890661810223
6 2 7 4 -1  1
14177471731041357022
0 5 1 6 -1  1
14177528968325869326
1 6 3 4 -1  1
14177574545149268741
3 3 2 1 -1  1
14177694136135436792
1 6 3 6 -1  1
14177907919982183676
4 4 2 4 -1  1
14177993571447542189
1 0 1 1 -1  1
14178017029032557776
1 3 0 4 -1  1
14178527134939229062
1 2 3 0 -1  1
14178573104123563810
1 4 3 2 -1  2
14178865889082179894
1 0 2 0 -1  1
14178961568305573068
6 5 4 7 -1  1
14179021846778374747
2 4 1 5 -1  1
14179043307080091081
0 3 3 0 -1  1
14179317113461240464
7 5 6 4 -1  1
14179452347504961918
1 3 1 4 -1  1
14179517250112120108
6 4 5 3 -1  2
14179648363620938036
1 6 2 6 -1  1
14179709385057963387
1 0 2 0 -1  1
14179806346452266510
1 7 3 7 -1  1
14179895577614265947
0 5 0 6 -1  1
14179948801900754425
3 3 4 3 -1  1
14180239087605576963
2 1 0 3 -1  1
14180348814774840126
0 6 0 2 -1  1
14180414367813820110
2 1 6 1 -1  1
14180534970181413748
1 3 3 3 -1  1
14180544354553024416
1 1 2 1 -1  1
14180702336005061385
5 3 6 3 -1  1
14180757932589136753
0 3 0 2 -1  1
14180955730320021878
3 1 5 1 -1  1
14180966542609588261
1 1 3 1 -1  1
14181001137293176922
1 3 2 3 -1  1
14181012459729481532
0 2 2 4 -1  1
14181254130218711771
1 0 3 0 -1  1
14181435658511096633
3 7 3 2 -1  1
14181573757489625119
0 2 0 1 -1  1
14181665875614497196
2 1 1 3 -1  1
14181667116023451194
2 2 3 4 -1  1
14181725341165912669
0 1 1 3 -1  1
14181924392695960162
1 1 2 2 -1  1
14181957031903716372
2 4 3 4 -1  1
14181976666542749073
2 4 4 5 -1  1
14182079371990102021
0 3 3 6 -1  1
14182218179911931044
2 0 0 1 -1  1
14182318631199696186
2 4 2 6 -1  1
14182737755466687365
0 3 1 4 -1  1
14182881908189934962
1 3 3 4 -1  1
14183094481275215850
4 6 2 4 -1  1
14183196499148913389
2 1 3 1 -1  1
14183338787789332531
0 2 4 6 -1  1
14183359721714223930
2 2 1 2 -1  1
14183463264000610551
0 6 1 5 -1  1
14183809272783682740
0 5 1 4 -1  1
14183914880392693037
6 1 6 5 -1  1
14183976033616928745
0 5 0 3 -1  1
14184256926896954951
0 1 4 1 -1  1
14184286055356213536
2 2 2 0 -1  1
14184320289426585282
6 3 4 3 -1  1
14184519134321983670
1 1 2 1 -1  1
14184519419716495172
1 2 3 0 -1  1
14184542710067805731
0 5 4 1 -1  2
14184622745808021955
1 5 2 5 -1  1
14184707704456521978
3 2 1 4 -1  1
14184794208771985812
3 6 6 6 -1  1
14184842189544448894
2 1 4 3 -1  1
14184962607412531956
5 5 4 3 -1  1
14185231646353042125
1 7 3 7 -1  1
14185273963895078248
3 0 4 1 -1  1
14185297137166248356
1 3 2 1 -1  1
14185320301416298796
0 2 3 5 -1  1
14185407986005261590
1 2 2 2 -1  1
14185658584571338297
1 2 2 3 -1  1
14185761626101989389
5 3 6 2 -1  2
14186115781811718905
0 1 2 2 -1  3
14186184465849135218
1 1 2 1 -1  1
14186217241488758076
1 0 3 0 -1  1
14186331029277657716
3 0 3 2 -1  1
14186414842317014576
3 2 4 1 -1  1
14186602143659502726
5 4 4 5 -1  1
14186612754379929256
2 2 4 3 -1  1
14186616466199173552
2 3 4 1 -1  1
14186713788142297700
2 2 4 3 -1  1
14186775664007356202
0 6 2 7 -1  1
14186844833083526152
4 5 5 7 -1  1
14186926148413058645
2 2 3 0 -1  1
14186983928520533718
1 7 1 5 -1  1
14187048218639214181
6 3 5 1 -1  1
14187360729437244608
5 4 5 3 -1  1
14187531138843067943
7 6 7 3 -1  1
14187606603522615932
1 3 5 7 -1  1
14187655366800282616
0 2 3 2 -1  1
14187775864079587643
3 6 2 6 -1  1
14187828702081366780
0 5 2 3 -1  1
14187923966195432825
2 2 0 0 -1  1
14188112480685069405
1 4 3 4 -1  1
14188183855676793340
6 7 1 2 -1  1
14188352117094113374
2 4 2 3 -1  1
14188423292249512299
2 1 2 5 -1  1
14188481960196359374
0 6 1 6 -1  1
14188828046379619080
2 3 3 4 -1  1
14188874757619621289
2 4 0 4 -1  1
14188967981231428717
0 0 2 0 -1  1
14188968413814374064
0 4 0 0 -1  1
14188981628739289388
2 1 3 0 -1  1
14189006253027506400
5 7 6 7 -1  1
14189372891243616249
4 6 5 5 -1  1
14189575186028208468
4 6 5 6 -1  1
14189583587373090643
4 2 4 3 -1  1
14189757008501386942
0 3 3 3 -1  1
14189780853995216313
7 0 3 0 -1  1
14189782869565047364
1 4 3 2 -1  1
14190234729144837282
0 5 2 6 -1  2
14190396502023858444
1 3 0 5 -1  1
14190692467228794614
0 3 1 4 -1  1
14190904033826098305
4 6 2 5 -1  1
14191072892278563723
3 6 4 4 -1  2
14191226012374242139
5 7 6 6 -1  1
14191679854354949361
4 2 0 2 -1  1
14191696358589031156
3 4 4 4 -1  1
14191725478211094552
3 2 3 1 -1  1
14191983292832026174
4 1 5 1 -1  1
14191992811839737835
1 7 2 7 -1  1
14192104812294280894
7 3 6 4 -1  1
14192487028579691329
1 2 1 3 -1  1
14192535807213248933
2 1 1 2 -1  1
14192652226695872114
1 6 3 6 -1  1
14192676841947886752
6 1 4 2 -1  1
14192957663103330347
0 7 1 7 -1  1
14193267676711894267
1 3 2 5 -1  1
14193437081735619546
1 3 3 4 -1  2
14193582112644102272
1 0 3 0 -1  1
14193720320639696966
1 3 1 2 -1  1
14194025923324616577
0 6 2 7 -1  1
14194065404977010249
1 4 2 4 -1  1
14194158836583598667
3 3 4 2 -1  1
14194178631465608303
0 6 0 7 -1  1
14194228909145081857
0 0 0 4 -1  3
14194353245111753625
0 3 2 1 -1  1
14194373437397695810
0 4 5 4 -1  1
14194585816554084070
0 4 0 6 -1  1
14194671044418817188
1 1 5 5 -1  1
14194707374767702057
1 3 3 4 -1  1
14194767839346805310
4 5 5 4 -1  1
14194772217311518899
2 4 3 4 -1  1
14194853829682842200
2 3 3 3 -1  1
14195088055410762838
1 5 2 3 -1  1
14195134436696091743
1 3 0 4 -1  1
14195193685695675427
2 1 3 3 -1  1
14195319391398775873
1 5 3 5 -1  1
14195659113658217641
4 3 5 3 -1  1
14195953914121814401
3 2 7 2 -1  1
14195986243581417188
1 4 0 5 -1  1
14196107121106511195
0 5 1 6 -1  1
14196203428278150519
2 2 3 1 -1  1
14196251114719610185
1 5 2 5 -1  1
14196318624975243276
4 6 5 7 -1  1
14196433925834040919
4 6 6 4 -1  1
14196485991465723198
0 0 0 4 -1  1
14196754107000274216
1 3 3 3 -1  16
1 6 2 6 -1  1
14196944336780134187
2 5 4 6 -1  1
14197054575391085305
2 4 0 2 -1  1
14197096627335976469
0 0 0 4 -1  1
14197155120500833102
5 3 6 4 -1  1
14197185467528976336
3 3 1 5 -1  1
14197220257100550893
3 5 4 5 -1  1
14197499687192744319
5 6 4 4 -1  1
14197556319536893765
2 5 1 4 -1  1
14197562188674543443
4 6 2 4 -1  1
14197588066779163842
4 6 5 5 -1  1
14197700498593970152
0 0 0 1 -1  1
14197975110157299232
1 1 2 0 -1  1
14198236027090343289
1 7 0 6 -1  1
14198361395229386929
4 3 5 3 -1  1
14198508389376498557
1 5 3 5 -1  1
14198808272045331495
4 4 5 4 -1  1
14198879109748204082
2 5 2 6 -1  1
14199018495791881950
3 0 4 1 -1  1
14199045224487023642
1 2 7 2 -1  1
14199393455074732347
1 1 5 5 -1  1
14199526496501872596
1 4 3 4 -1  1
14199580721386348101
3 6 3 4 -1  2
14199618592431809725
3 1 1 3 -1  1
14199878615531383760
3 0 3 2 -1  1
14199949260266433284
1 1 6 6 -1  1
14199950862243521414
2 6 4 7 -1  1
14199955167000097534
6 1 4 1 -1  1
14200408289440302938
2 6 3 6 -1  1
14200421318619627265
0 4 0 6 -1  1
14200428767957194889
2 0 0 2 -1  1
14200651276953958075
1 0 2 0 -1  1
14200807076670077105
5 5 5 6 -1  1
14201025755153479511
3 4 4 2 -1  1
14201041914789420338
2 4 1 5 -1  1
14201226694098581314
3 5 4 5 -1  1
14201256071918698552
3 6 4 6 -1  2
14201510499010491463
0 4 0 6 -1  1
14201510696586495196
0 4 1 4 -1  1
14201584084223431065
3 2 2 4 -1  1
14201711120696600929
1 6 3 6 -1  2
14201733810292313092
1 6 0 5 -1  1
14202010738002995288
0 6 2 5 -1  1
14202075113254685486
2 3 1 3 -1  1
14202196427736368069
1 2 3 1 -1  1
14202300134245568436
0 2 2 4 -1  1
14202447867097959372
0 1 2 2 -1  1
14202613879403128269
6 2 5 3 -1  1
14202647561444865869
0 2 0 1 -1  1
14202749069596076238
7 5 7 4 -1  1
14202779740741684904
2 2 3 1 -1  1
14202799102474271486
3 3 2 3 -1  1
14202804235642257652
0 0 0 1 -1  1
14202817022388959004
4 6 3 5 -1  1
14202882682652499579
0 5 0 3 -1  1
14202922154953694835
1 3 4 0 -1  1
14203327759902984453
6 2 6 1 -1  1
14203608015935624875
3 2 4 3 -1  1
14203639219599473184
1 3 5 7 -1  1
14203706309565717154
6 2 5 1 -1  1
14203737618972475614
0 6 1 6 -1  1
14203813070019554192
5 5 6 6 -1  1
14203949701653060615
2 4 3 5 -1  1
14204125289076742981
2 2 1 3 -1  1
14204484838324128192
0 2 1 2 -1  1
14204505031309573457
4 2 4 0 -1  1
14204688219674977954
1 0 2 0 -1  1
14204795239856827913
1 2 2 3 -1  1
14204838726045173959
0 4 1 3 -1  1
14205154124256107808
1 7 2 7 -1  1
14205218221078665692
1 1 2 2 -1  2
14205406644722825745
3 3 1 2 -1  1
14205697318092364486
1 3 2 4 -1  1
14205898166805769897
0 3 0 6 -1  1
14205904145451204331
1 7 3 7 -1  1
14206080877050278788
1 2 4 2 -1  1
14206086146600162592
1 0 1 4 -1  1
14206194534720393099
3 5 4 6 -1  1
14206252787388537017
4 3 5 2 -1  1
14206303717034016444
2 5 3 3 -1  1
14206367929323531956
0 4 0 2 -1  1
14206413016497164056
3 5 5 3 -1  1
14206474430413380157
4 3 5 3 -1  1
14206487190792500698
3 7 4 7 -1  1
14206503880163183428
2 5 2 6 -1  1
14206529930828039061
0 0 0 3 -1  1
14206741120735628708
1 1 3 1 -1  1
14206760446208532265
2 5 4 4 -1  1
14206797463355937686
3 7 4 6 -1  1
14206851253394617444
0 7 6 7 -1  1
14206865020674748794
0 7 0 1 -1  1
14207039621046834191
1 6 2 6 -1  1
14207116169484283216
4 3 1 6 -1  2
14207174929903747882
3 4 4 4 -1  1
14207196491750047161
5 0 7 0 -1  1
14207387851121824645
0 6 0 5 -1  1
14207453167478269398
3 0 4 1 -1  1
14207636661294485772
0 7 0 6 -1  1
14207880046995620005
0 2 0 0 -1  1
14208158046227847729
2 7 3 7 -1  1
14208248541155687615
1 5 2 6 -1  1
14208593376249857172
0 3 4 3 -1  1
14208656416314356722
2 5 4 6 -1  1
14208728493318824167
4 3 3 4 -1  1
14208797217881441853
1 6 2 6 -1  1
14208831768641077082
2 0 1 0 -1  1
14208911274595105876
2 0 4 2 -1  1
14208920026908696173
6 2 6 1 -1  1
14209029334042978303
3 3 0 3 -1  1
14209240146676851424
1 2 0 3 -1  1
14209414068611635829
0 3 4 3 -1  1
14209430048486751983
1 2 3 3 -1  1
14209924328789603155
2 6 4 5 -1  1
14210066614952483208
7 2 7 5 -1  1
14210113317938414368
0 2 4 6 -1  1
14210208907140652975
1 3 2 3 -1  3
3 2 4 3 -1  5
14210241357796538320
1 5 3 5 -1  1
14210323466275191563
0 2 0 0 -1  1
14210336751289889870
4 6 3 5 -1  1
14210344937118287769
2 1 3 2 -1  1
14210390875598300296
6 2 4 3 -1  1
14210525104424110039
0 6 2 5 -1  1
14210535178274721199
1 6 0 6 -1  1
14210713245936857679
2 0 3 1 -1  1
14210725025388535901
3 1 3 2 -1  1
14210905244432627723
2 4 1 5 -1  1
14211084391083442418
0 3 1 4 -1  1
14211085553471101693
2 5 1 4 -1  1
14211206772116213020
1 5 2 5 -1  1
14211257581968456791
1 4 3 6 -1  1
14211428306433639702
4 1 2 3 -1  1
14211512295929234688
0 6 1 7 -1  1
14211670781873772469
4 6 5 6 -1  1
14211698932599976934
2 2 1 0 -1  1
14211972598658853744
2 0 3 0 -1  1
14212000119880450845
0 6 1 5 -1  1
14212204872725579035
2 7 3 5 -1  1
14212285852513661575
2 4 2 5 -1  1
14212291580892095643
2 1 3 2 -1  1
14212336096888232588
1 4 2 5 -1  1
14212418241050302293
0 5 0 4 -1  1
14212428816635209728
3 5 4 6 -1  1
14212466347791716438
2 3 1 2 -1  1
14212635772656926347
7 3 4 3 -1  1
14212666429750276638
4 7 6 5 -1  1
14212677626419103975
3 2 1 4 -1  1
14212713008741908379
1 3 1 2 -1  1
14212748138284088920
2 2 4 3 -1  1
14212787760727615802
3 3 5 4 -1  1
14212885522123580585
6 7 7 7 -1  1
14212980781017012194
4 1 3 1 -1  1
14213059916225804536
2 5 3 3 -1  1
14213347731691514563
3 2 4 3 -1  1
14213380672449461972
4 2 2 2 -1  1
14213716966638840133
3 7 4 6 -1  1
14213892534751415421
1 6 3 6 -1  1
14213906328781265027
2 5 4 4 -1  1
14213917100370204897
4 4 4 6 -1  1
14214054331671224125
3 4 4 5 -1  1
14214204105454519008
2 5 3 4 -1  1
14214246144452578084
2 3 3 5 -1  2
14214257839275034593
4 1 5 1 -1  2
14214394206555645621
0 3 2 3 -1  1
14214401417990439529
1 3 2 1 -1  1
14214418417009590227
3 3 2 3 -1  1
14214430134901372322
1 5 2 5 -1  2
14214468114530853120
1 7 3 7 -1  1
14214482885158953441
0 1 1 3 -1  1
14214583835415776852
2 1 0 1 -1  1
14214609729368234332
0 2 1 1 -1  1
14214752875344433720
0 4 0 6 -1  1
14214766269579076265
0 0 0 1 -1  2
14214785362000009463
2 1 3 0 -1  1
14214868882237013897
2 5 4 4 -1  1
14215093293851812265
0 6 1 4 -1  1
14215099072635708266
3 5 6 2 -1  1
14215724643233379275
0 4 0 6 -1  1
14215868803079183595
4 3 5 4 -1  1
14216069829957037271
2 3 4 4 -1  1
14216086512587608258
1 0 2 1 -1  1
14216113841761127785
1 5 2 5 -1  2
14216117326233796199
4 3 6 3 -1  1
14216216850976775896
1 2 7 2 -1  1
14216463610774502879
0 0 0 3 -1  1
14216632984500544784
4 6 5 4 -1  2
14216749915404038459
4 3 6 4 -1  1
14216758145487087928
4 1 1 4 -1  1
14216958585167522139
1 7 2 7 -1  1
14217034468333643346
0 6 1 7 -1  1
14217039503673281679
4 4 5 5 -1  1
14217059744867114080
2 0 2 1 -1  1
14217260663627737923
4 0 2 1 -1  1
14217570639776616053
6 3 7 3 4  1
14217756358485139803
0 4 6 4 -1  1
14218001015961594521
2 4 6 0 -1  2
14218086874500868265
1 5 2 5 -1  1
14218116814582923547
5 3 3 3 -1  1
14218313629505393546
6 6 0 6 -1  1
14218331538082363752
3 5 3 4 -1  1
14218416248097010897
2 1 3 1 -1  1
14218692027345287044
1 4 2 5 -1  1
14218827313265581000
2 2 1 4 -1  1
14218852074124554564
1 6 1 4 -1  1
14218895470621386606
0 2 1 1 -1  1
14219293673477720036
2 2 3 2 -1  2
14219381190479047292
2 2 4 0 -1  1
14219439731392007551
1 2 2 2 -1  1
14219559286409383412
0 1 1 1 -1  1
14219575613003971744
0 3 0 4 -1  1
14219728552729032299
2 7 3 7 -1  1
14219827129117105802
0 4 0 6 -1  1
14220007633491750432
0 0 0 3 -1  1
14220092222919559772
1 3 3 2 -1  1
14220327875082458083
5 3 6 2 -1  1
14220336232314273794
2 2 1 4 -1  1
14220443321277802456
3 4 4 4 -1  1
14220451924582766717
1 5 3 5 -1  1
14220586529621815658
0 4 1 4 -1  2
14220712151082014859
3 3 5 2 -1  1
14220806834973124944
3 4 4 2 -1  1
14220950040880628993
0 3 6 3 -1  1
14221088530392800872
2 1 3 2 -1  1
14221117396140845518
2 5 1 3 -1  1
14221126066437583348
0 3 0 0 -1  1
14221156913318321445
3 4 4 4 -1  1
14221653779192533351
4 2 4 0 -1  1
14221954126514340103
6 3 6 2 -1  1
14221954532129373968
3 2 3 5 -1  1
14222055046332498614
3 4 4 4 -1  1
14222124009431007531
3 4 4 3 -1  1
14222232309298021802
1 7 2 7 -1  1
14222253197326282282
1 0 3 0 -1  1
14222360838243216685
2 7 3 5 -1  1
14222782512911748364
0 2 4 6 -1  1
14222803866590153267
4 2 3 3 -1  1
14222851060448884037
4 3 5 5 -1  2
14222952953951549251
0 6 0 7 -1  1
14223003678247772967
4 1 5 2 -1  1
14223207899674227884
0 6 1 6 -1  1
14223234973252027957
5 1 0 1 -1  2
14223235682088834244
3 0 4 1 -1  1
14223254320936609653
0 2 3 2 -1  1
14223284840053243472
1 3 4 6 -1  1
14223292482169117115
0 3 3 3 -1  1
14223305819337146682
2 3 4 1 -1  1
14223470743767884260
1 2 2 2 -1  1
14223524798208773201
1 6 2 5 -1  2
14223534508722364049
0 5 7 5 -1  1
14223582583596250959
2 2 3 0 -1  1
14223776063329733177
4 5 5 6 -1  1
14223782200017693016
6 2 6 1 -1  1
14223849624733555201
2 4 3 2 -1  1
14223952518967030246
1 0 3 0 -1  1
14224270180098442935
0 5 0 4 -1  1
14224469500361310509
0 5 0 2 -1  1
14224518205847302030
3 5 2 6 -1  1
14224629451974661583
0 5 1 4 -1  1
14224657877897277740
3 4 4 3 -1  1
14224855938747156727
1 0 2 0 -1  2
14225093031584217999
4 7 5 7 -1  1
14225152224833387115
0 3 7 3 -1  1
14225182047715380996
0 0 0 3 -1  1
14225183649656332398
3 7 2 6 -1  1
14225351814932706808
3 1 2 3 -1  1
14225454437942184965
1 5 2 5 -1  1
14225781094988610247
0 1 2 2 -1  1
14225887444724365285
3 5 3 4 -1  1
14225912447674795919
2 5 1 3 -1  1
14226101354864861033
4 7 3 7 -1  1
14226127271356847282
0 1 4 5 -1  1
14226161869675052451
0 2 1 1 -1  1
14226182801567117098
2 4 5 7 -1  1
14226273277285507322
1 6 2 4 -1  2
14226641264209999753
1 4 1 5 -1  2
14226752308111851181
3 4 3 6 -1  1
14226909842035140359
2 4 0 4 -1  1
14226952672782419940
0 6 1 7 -1  2
14227002744504696584
2 3 5 3 -1  1
14227068571745826572
0 4 1 3 -1  1
14227298975453445295
1 5 2 5 -1  1
14227645611059325540
6 1 6 4 -1  1
14227649630525591175
1 0 2 0 -1  1
14227662879981260991
2 6 3 6 -1  1
14227742163118667682
4 3 3 4 -1  1
14227830111374947172
2 4 2 0 -1  1
14227841352423757047
2 0 1 0 -1  1
14227873202568761265
0 0 0 3 -1  1
14227960080518855762
4 2 2 3 -1  1
14228006496789486961
4 5 5 4 -1  1
14228270262579983837
4 5 5 5 -1  1
14228358694131169079
1 3 2 2 -1  3
14228427188518745831
4 7 5 7 -1  1
14228515360733872058
2 6 4 7 -1  1
14228582269038984050
1 2 2 2 -1  1
14228646248037412235
4 1 4 0 -1  1
14228802636777053300
7 3 5 1 -1  1
14229216854951784749
2 0 4 1 -1  1
14229299210666849878
1 2 1 3 -1  1
14229482484579533648
2 6 1 5 -1  1
14229783310309513267
2 4 3 3 -1  1
14230145728184159101
1 0 2 1 -1  1
14230194461483454834
0 7 2 7 -1  1
14230207600217986788
2 5 4 6 -1  1
14230220187345647274
6 1 4 2 -1  1
14230436008545355100
3 7 4 7 -1  1
14230444925000465652
3 6 4 5 -1  1
14230454959631829718
2 4 1 3 -1  1
14230480745939228552
0 3 1 3 -1  1
14230523622236759558
0 5 3 2 -1  1
14230650995183209058
1 3 2 1 -1  1
14230694311462579614
0 0 0 5 -1  1
14230703784331715935
2 5 2 6 -1  1
14230866249266510077
2 2 3 4 -1  1
14230896512533528528
1 6 0 5 -1  1
14230959375481974067
0 2 0 1 -1  1
14230970229084201578
6 0 6 6 -1  1
14231223388053822923
2 1 4 1 -1  1
14231256417754682310
0 2 1 1 -1  1
14231487877632947155
5 4 6 4 -1  1
14231588231901156159
6 0 1 0 -1  1
14231604900564996339
0 1 1 3 -1  1
14231725921006076148
0 2 1 2 -1  1
14231833217555015081
3 5 1 3 -1  1
14232067443133167411
0 3 7 3 -1  1
14232103377483173562
4 3 5 4 -1  1
14232295381900573564
2 4 3 4 -1  4
14232423032523082339
0 3 0 7 -1  1
14232744440221101367
3 5 4 5 -1  1
14232803675949054370
2 3 5 6 -1  1
14233194399977602865
2 5 1 4 -1  1
14233200430510481919
3 3 4 4 -1  1
14233263553415594691
4 4 3 2 -1  1
14233518855542703808
0 0 0 2 -1  1
14233528704708483112
0 4 0 6 -1  1
14233549593928168654
5 1 5 6 -1  1
14233619539787941919
3 4 4 3 -1  1
14233648419971217237
3 5 4 4 -1  1
14233823073314477744
3 5 2 5 -1  1
14234051222943691492
2 3 4 5 -1  1
14234266364573962032
2 1 3 2 -1  1
14234336081771183996
2 3 3 4 -1  1
14234653040491450873
1 2 3 3 -1  1
14234745420944684378
3 2 5 3 -1  1
14234797489866018951
3 4 4 5 -1  1
14234968003716777210
2 3 3 3 -1  1
14234987590543475820
3 6 4 6 -1  1
14235003306336081464
6 2 6 5 -1  1
14235474165104130978
1 0 3 0 -1  1
14235521392892264510
1 6 0 6 -1  1
14235555163745624565
1 3 3 2 -1  1
14235948792224298371
3 2 4 1 -1  1
14235971756758344409
3 1 4 1 -1  1
14236267807704050896
0 3 7 3 -1  1
14236311138851767540
4 3 5 3 -1  1
14236581984703721048
1 1 2 1 -1  1
14237503548680718541
3 5 4 7 -1  1
14237535802999083105
0 0 0 1 -1  1
14237714681224966049
1 2 2 2 -1  1
14237794907011276045
1 5 2 4 -1  1
14237887528894225803
2 5 4 3 -1  1
14237905038934218345
7 5 7 7 -1  1
14237912987826914125
2 3 3 5 -1  1
14237926985038771091
1 1 2 1 -1  1
14237964726009365442
1 2 1 1 -1  1
14237978231129268356
2 5 3 3 -1  1
14238136640197150109
2 7 0 5 -1  1
14238193008131209868
2 5 4 6 -1  1
14238199701536078358
1 3 1 2 -1  1
14238248550881625529
1 5 2 5 -1  1
14238290601194407732
1 7 2 7 -1  1
14238441466326247936
1 7 3 7 -1  2
14238583562711562792
3 6 4 6 -1  1
14238697593298359028
0 4 0 6 -1  1
14238701213382192203
0 4 0 2 -1  1
14238902893909643473
0 5 1 4 -1  1
14239011112223893836
1 5 0 4 -1  1
14239203462481255340
3 0 4 0 -1  1
14239248370892090659
2 2 3 1 -1  1
14239301465730707866
1 0 2 0 -1  1
14239322101338649856
0 7 1 6 -1  1
14239367430375882750
7 1 7 3 -1  1
14239454927001653072
5 4 3 5 -1  1
14239506899638093271
2 6 3 5 -1  1
14239565897849009038
1 4 2 4 -1  1
14239692519173970135
1 7 2 7 -1  1
14239810732281848969
1 6 0 5 -1  1
14239870297936925683
3 0 1 2 -1  1
14239883068457665014
7 5 6 4 -1  1
14240031830259626603
0 4 1 5 -1  1
14240100315608442862
1 2 2 1 -1  1
14240130255798686242
2 5 1 6 -1  1
14240165410172551490
2 5 2 7 -1  1
14240412392849454343
1 3 0 4 -1  1
14240557913864127613
0 0 0 3 -1  1
14240595997873833387
0 1 2 2 -1  1
14240745339090678313
3 5 3 6 -1  1
14240824698695461365
0 3 2 3 -1  1
14240848423911556249
0 1 2 2 -1  1
3 2 4 1 -1  1
14240867189870379134
1 5 2 4 -1  1
14240877364869317229
0 3 2 1 -1  1
14240915375571297708
0 1 0 0 -1  1
14241110437969673538
1 7 3 7 -1  1
14241223290444695432
3 6 1 5 -1  1
14241307462685338618
1 3 0 2 -1  1
14241329545106464266
1 3 3 4 -1  1
14241412825211599055
0 3 2 1 -1  1
14241686039948025310
2 4 3 3 -1  1
14241794550204628105
2 0 1 1 -1  1
14241925966411106057
3 3 1 1 -1  1
14241988979134889701
3 4 4 4 -1  1
14242042933289948114
4 1 5 1 -1  1
14242161343172524516
2 1 2 6 -1  1
14242177171661062423
0 6 1 6 -1  2
14242444219077512796
0 5 0 4 -1  1
14242779653449851200
1 7 3 7 -1  1
14242798504771535631
0 1 0 4 -1  1
14242816514620513597
3 3 4 4 -1  1
14242943500569219667
0 5 3 2 -1  2
14243126801010932663
0 2 3 2 -1  1
14243183932694743844
0 0 0 2 -1  1
14243202785138510928
2 3 4 1 -1  1
14243328006298178420
0 3 4 3 -1  1
14243328839514623408
5 5 7 5 -1  1
14243444583009218088
2 6 1 7 -1  1
14243494733486917814
5 2 6 3 -1  1
14243555723665326795
1 2 3 2 -1  1
14243698568058253207
1 4 3 4 -1  1
14243833976523178534
2 2 1 0 -1  1
14244184362904998878
2 3 1 2 -1  1
14244307483889815274
0 1 2 2 -1  1
14244491905465982678
1 3 2 5 -1  1
14244540690330467921
2 7 1 6 -1  1
14244659374463514580
2 6 3 6 -1  1
14244801890876232209
4 3 4 2 -1  1
14244917757454926123
2 5 4 6 -1  1
14244923018066017572
1 2 2 1 -1  1
14244982843713213233
1 7 1 3 -1  1
14245050170035145300
0 3 0 1 -1  1
14245307683384540181
3 3 5 2 -1  1
14245822209174981961
0 4 2 4 -1  1
14245842305809619503
3 3 5 5 -1  1
14245851366597277324
3 4 4 4 -1  1
14245929565115308462
1 7 2 7 -1  1
14245954325689337451
0 1 2 2 -1  2
14245993833981545490
3 5 4 4 -1  1
14246013869652976826
0 4 2 5 -1  1
14246159442357520702
1 5 2 5 -1  1
14246814824796413466
1 1 2 2 -1  1
14246838343275288086
0 4 0 3 -1  1
14246973019396564048
5 1 6 1 -1  1
14247088897611534580
3 3 4 4 -1  1
14247328669282834915
2 5 1 6 -1  1
14247383664159772448
2 4 3 3 -1  1
14247458048320287301
0 3 0 5 -1  1
14247897282981367993
0 0 0 2 -1  4
0 5 3 2 -1  9
14247944690799203980
3 4 2 3 -1  1
14247945529062580261
1 7 2 7 -1  1
14248022296457786896
1 7 2 7 -1  1
14248214932812278345
6 1 2 5 -1  1
14248371714496054204
6 3 5 3 -1  1
14248462669579863080
4 3 2 3 -1  1
14248463593425708303
1 3 3 3 -1  1
14248656767586592344
4 4 3 6 -1  1
14248698731718636968
1 0 3 0 -1  1
14248702086269054476
1 3 2 3 -1  1
14248752266598044886
1 7 3 7 -1  1
14248768208414083834
2 7 3 7 -1  1
14248989632167607581
1 3 1 2 -1  1
14249318018960415496
0 5 1 4 -1  1
14249374321849074790
1 0 2 1 -1  1
14249555719411926507
3 4 4 3 -1  1
14249593661763072355
2 5 1 3 -1  1
14249660182203835059
4 6 5 5 -1  1
14250067475967696609
1 3 2 4 -1  1
14250235759191801348
5 2 3 4 -1  1
14250302115797761475
3 6 4 5 -1  1
14250419921217396842
3 5 3 3 -1  1
14250543496820034388
0 3 7 3 -1  1
14251112347832374943
1 1 2 1 -1  1
14251139509081950638
6 3 6 1 -1  1
14251142411536611882
1 2 3 2 -1  1
14251290474987699887
2 1 2 0 -1  1
14251671431376986533
0 3 2 3 -1  2
14251676371788450377
3 2 3 0 -1  1
14251844786187605029
0 3 0 4 -1  1
0 6 0 7 -1  1
14251914224224728562
0 0 0 5 -1  1
14251937356295762514
3 3 5 2 -1  1
14252182496966299985
0 5 0 4 -1  1
14252393121799267152
0 7 1 6 -1  1
14252407503596686480
1 7 4 7 -1  1
14252559286766587548
3 3 1 4 -1  1
14252667244338732327
1 3 2 3 -1  1
14252703873645442171
1 4 3 4 -1  1
14252768588683951354
3 3 4 4 -1  1
14252790649552974964
0 1 2 0 -1  4
0 1 2 2 -1  38
0 6 1 4 -1  3
0 6 2 5 -1  645
1 0 2 0 -1  3
1 1 2 1 -1  3
1 1 3 1 -1  1
1 2 2 2 -1  11
1 3 2 3 -1  2
1 3 3 3 -1  3
1 5 3 5 -1  1
14252832836603986651
3 6 4 6 -1  1
14252892966853241468
1 7 2 7 -1  2
14253221667797775992
1 5 0 6 -1  1
14253535865444228083
3 5 4 4 -1  3
14253577231289251616
7 3 7 5 -1  2
14253602888300941213
3 4 4 4 -1  1
14253638453113931192
0 1 2 2 -1  1
14253911761220209098
0 4 0 6 -1  1
14253914615935642634
0 7 0 3 -1  1
14253915616660504208
2 3 0 3 -1  1
14254200868296152772
2 3 1 3 -1  2
14254277160347548055
0 4 0 6 -1  1
14254301139618209779
1 1 3 1 -1  1
14254310614080431277
0 5 0 3 -1  1
14254500569878004874
2 7 3 6 -1  1
14254593132373914781
4 4 5 3 -1  1
14254651750137949092
1 6 2 6 -1  1
14254860534997452632
0 5 2 6 -1  1
14255263815349456200
6 0 5 0 -1  1
14255331415246314571
5 1 5 4 -1  1
14255394607079957423
4 7 3 6 -1  1
14255587619687932773
0 0 0 1 -1  2
14255604462811147545
0 1 2 0 -1  1
14255700356178706251
1 6 6 1 -1  1
14255728816595395094
4 2 5 1 -1  1
14255791723100053044
3 3 4 3 -1  1
14255822026644696444
3 0 3 3 -1  1
14255846432258741085
2 5 3 7 -1  2
14255983162358372848
2 3 5 0 -1  1
14256219839040072881
4 4 5 5 -1  1
14256534667985674701
3 6 3 5 -1  1
14256615210458221028
3 0 4 1 -1  1
14256717256732291696
2 5 3 6 -1  1
14256838465559139282
5 7 7 5 -1  1
14257188715798270443
1 5 1 1 -1  1
14257393282820897154
0 2 4 6 -1  2
1 4 2 4 -1  3
14257580497287527744
5 3 6 3 -1  1
14257794583215388154
1 4 2 5 -1  1
14257845351248932233
3 2 4 3 -1  1
14257864581868794604
1 2 6 2 -1  3
14257955778949447372
2 5 1 3 -1  1
14258053114252961819
2 1 3 1 -1  1
14258140468731703983
6 5 5 3 -1  1
14258236255821002747
0 6 2 5 -1  1
14258455885541865644
0 7 0 6 -1  1
14258514597012866835
3 4 4 4 -1  1
14258545561735114903
4 6 3 5 -1  1
14258561104186477447
2 5 4 6 -1  1
14258595254546824482
0 0 3 0 -1  1
14258634080024943749
2 2 3 3 -1  1
14258999393135598626
0 2 7 2 -1  1
14259070551560822603
3 0 4 2 -1  1
14259077208622167152
0 3 0 7 -1  1
14259195307731815738
0 6 1 5 -1  1
14259196820629642102
0 5 1 4 -1  1
14259517430135681244
2 4 3 3 -1  2
14259555499571619189
1 3 2 3 -1  1
14259556717312496005
0 0 0 2 -1  1
14259583944003273607
1 4 2 2 -1  1
14259809827143915350
3 4 4 5 -1  2
14260110028560186403
0 0 0 2 -1  1
14260133149400619608
0 1 2 2 -1  1
14260497635661938758
2 1 1 3 -1  1
14260505083540362367
6 5 5 6 -1  1
14260736493391783720
3 4 1 3 -1  1
14260941477997068456
0 0 0 3 -1  1
14261275087886491626
2 4 1 3 -1  1
14261310805314237245
7 6 5 6 -1  1
14261333435971132286
6 2 5 4 -1  1
14261394793061126177
2 5 0 4 -1  2
14261645529372101158
1 7 3 7 -1  1
14262072452038275843
2 6 3 6 -1  1
14262136076811744450
3 4 5 4 -1  1
14262161627632534989
3 6 5 5 -1  1
14262400314250047740
0 4 0 2 -1  1
14262428163907210769
0 1 2 2 -1  8
1 1 2 1 -1  1
1 3 3 3 -1  3
14262489814033330828
4 6 3 5 -1  1
14263070467793174527
4 1 5 3 -1  1
14263081980385327494
2 1 3 2 -1  1
14263100495905450197
0 2 2 2 -1  1
14263131103719930922
4 1 6 2 -1  1
14263223805606778208
0 5 1 6 -1  1
14263315514843319923
0 4 0 5 -1  2
14263328259795152759
3 2 5 1 -1  1
14263583871983142165
1 4 2 3 -1  1
14263695294318529172
5 7 3 5 -1  1
14263886251658854197
4 3 5 2 -1  2
14263920730718133407
0 2 6 2 -1  1
14264071044561672637
2 2 4 3 -1  1
14264185796758610511
4 2 3 4 -1  1
14264347507513196340
0 3 0 4 -1  1
14264454457212090438
0 4 4 4 -1  1
14264503414948584925
1 1 3 3 -1  1
14264602828925868382
2 5 3 7 -1  1
14264832591118342529
1 4 0 4 -1  1
14264905019998445777
1 3 3 4 -1  1
14264929783166952812
0 2 1 2 -1  1
14264944870520843594
3 2 4 3 -1  1
14265409342450460711
0 3 3 0 -1  1
14265484499556404479
0 0 0 4 -1  1
14265486382833783977
3 5 3 6 -1  1
14265732364299939821
0 6 0 7 -1  1
14265733015648772045
2 1 0 2 -1  1
14265882427786531069
0 3 2 3 -1  1
14265970333151052918
2 4 0 5 -1  1
14266160224177115943
1 6 4 3 -1  1
14266286483881193414
0 0 2 0 -1  1
14266298949689998142
3 2 3 7 -1  1
14266347712700068825
0 5 0 6 -1  1
14266416273481051572
2 4 3 5 -1  1
14266428675888005690
1 6 2 6 -1  1
14266632782380483571
4 5 5 6 -1  1
14266748381114889254
5 7 2 4 -1  1
14266778315237346008
2 2 3 3 -1  1
14266860711011305736
1 4 0 5 -1  1
14266929464985559225
1 4 2 5 -1  1
14266949948015689877
1 1 3 1 -1  1
14266987668471938244
4 1 6 0 -1  1
14266996222303127779
3 4 5 3 -1  1
14267009053407634185
4 4 5 5 -1  1
14267235088866152653
3 3 3 2 -1  1
14267239307581025393
2 5 4 4 -1  1
14267449134249358902
1 1 2 1 -1  1
14267752204569511132
2 6 1 6 -1  2
14267801783456210081
6 0 6 3 -1  1
14267985819185178937
2 3 6 7 -1  3
14268119343944913468
0 6 2 5 -1  7
1 0 2 0 -1  5
3 2 4 3 -1  3
14268150338493810792
0 2 1 2 -1  1
14268201283394848155
0 4 0 6 -1  1
14268253862652140436
0 3 0 4 -1  2
14268826263188702909
0 2 0 3 -1  1
14268974300398711027
0 1 2 1 -1  1
14269069188914743242
0 5 0 3 -1  1
14269107714639264971
1 1 2 1 -1  1
1 7 2 7 -1  2
14269151945242204458
0 4 0 2 -1  1
14269354356247889649
1 0 3 0 -1  1
14269554449367060698
6 4 4 5 -1  1
14269706716645707621
0 5 0 4 -1  1
14269803716718304693
5 5 6 7 -1  2
14269850395409785137
3 3 2 2 -1  1
14269950247928312371
2 2 4 3 -1  1
14270031941420020572
1 3 2 3 -1  1
14270054383209830195
2 4 0 6 -1  1
14270148760542379904
5 1 7 3 -1  1
14270177459838042769
1 6 2 6 -1  1
14270409870851020414
0 5 0 0 -1  1
14270426329755728681
1 4 3 4 -1  1
14270459779703063376
3 2 2 3 -1  1
14270525057767388004
0 3 7 3 -1  1
14270696419368246027
3 6 4 7 -1  2
14270698663408480366
0 2 1 1 -1  1
14270845786477841995
0 6 1 7 -1  1
14270959105897582286
1 5 2 4 -1  1
14271198724687015683
0 2 1 1 -1  1
14271359795606411004
0 1 6 1 -1  1
14271431853629325788
1 4 2 5 -1  1
14271715879124015269
0 2 2 4 -1  1
14271729561968611537
2 2 3 2 -1  1
14271787602516035015
0 6 2 5 -1  1
14271882205741360353
0 1 2 2 -1  1
14272037975910915623
0 7 0 4 -1  1
14272063258635435201
0 1 7 1 -1  1
14272404555387158367
0 2 1 3 -1  1
14272532265486297481
0 6 0 7 -1  1
14272641229337244760
0 3 5 3 -1  1
14272701226767201846
6 0 2 4 -1  1
14272777858173483575
2 3 4 2 -1  1
14272822329763187956
0 6 0 7 -1  1
14272933087142080234
1 7 2 7 -1  1
14273280732819834634
5 7 5 2 -1  1
14273453767292422418
4 3 6 3 -1  1
14273608845884216271
0 4 0 6 -1  1
14273660877659961884
1 5 3 5 -1  1
14273758096603358795
3 1 2 0 -1  1
14273773350877919944
2 6 3 4 -1  1
14273961984871038476
0 1 1 3 -1  1
14274165352167116569
2 2 3 3 -1  1
14274326135150106420
2 3 1 4 -1  1
14274411834081646315
1 3 2 4 -1  1
14274536935219672967
1 5 2 5 -1  1
14274563776870116027
4 5 5 5 -1  2
14274673836020870692
1 3 2 2 -1  1
14274674055156096615
2 4 2 5 -1  1
14274786488459656630
2 7 1 5 -1  1
14274930725322170402
3 4 3 3 -1  2
14274952721715938569
2 4 3 3 -1  1
14275003785517233507
1 4 2 4 -1  2
14275077977276863801
2 3 1 1 -1  1
14275178444042671461
0 5 3 5 -1  1
14275238955851199183
6 1 6 4 -1  1
14275511644991627120
0 2 6 2 -1  1
14275625639941415235
0 4 0 6 -1  1
14275632411428494288
1 3 3 3 -1  1
14275903817880071306
2 4 5 4 -1  1
14276028803955587595
4 5 6 6 -1  1
14276221048465875050
2 1 1 2 -1  1
14276356345582470821
5 2 5 0 -1  1
14276420795587552855
5 5 5 6 -1  1
14276516121601593020
3 2 2 4 -1  1
14277060482508575671
1 2 2 2 -1  1
14277692896830966635
1 4 0 3 -1  1
14277761313336317850
2 5 1 3 -1  1
14277793703716143014
0 3 2 4 -1  1
14277956067491538437
4 1 2 3 -1  1
14278074129375075084
1 7 2 7 -1  1
14278139386422629335
2 0 5 3 -1  1
14278269599349067167
4 0 5 0 -1  1
14278642964382678907
4 5 5 6 -1  1
14278773577727630496
0 1 1 3 -1  1
14278785920239262206
3 0 4 1 -1  1
14278859003078425309
4 0 6 0 -1  1
14278871894335816703
5 4 6 4 -1  1
14279045941914598293
0 1 2 2 -1  1
14279150927055100571
0 2 4 6 -1  1
14279166683054444407
3 4 4 6 -1  1
14279295871893310959
2 3 1 4 -1  1
14279439346399137407
1 4 3 3 -1  1
14279709391696259595
6 3 6 7 -1  1
14279868183410614564
3 4 1 2 -1  1
14279872063574289309
2 1 3 1 -1  1
14279883861851569261
2 5 3 7 -1  1
14280121000499682328
0 1 0 4 -1  1
14280153724995696017
2 2 4 3 -1  1
14280496531129698759
3 7 4 6 -1  1
14280697877801949767
0 5 0 3 -1  1
14280778663992105017
6 2 3 2 -1  1
14280883118251437205
0 6 2 5 -1  6
14280892582401933568
2 5 3 5 -1  1
14281216355663958328
0 4 1 4 -1  1
14281418548052587651
2 5 3 7 -1  1
14281509685323792350
1 0 1 5 -1  1
14281713017146049797
4 3 5 4 -1  1
14281730449732980295
0 5 1 6 -1  1
14281793763164300250
4 0 5 1 -1  1
14281856909659477033
3 2 4 3 -1  1
14281919039044741667
6 1 7 2 -1  1
14281971477558740638
1 4 2 5 -1  1
14281978328253631081
2 4 1 3 -1  1
14282131099992948900
3 6 4 6 -1  1
14282329300968111417
2 2 3 4 -1  1
14282410823570519229
3 2 4 3 -1  1
14282578634133451900
5 0 2 3 -1  1
14282694584437287450
2 2 4 3 -1  1
14282710888186140008
1 6 3 4 -1  1
14282739763025321072
2 7 3 6 -1  1
14282980106019093202
1 3 3 3 -1  4
14283239684958806823
1 6 1 4 -1  1
14283257323917832026
2 1 2 6 -1  1
14283335709004813631
4 3 5 4 -1  1
14283339182319388406
3 3 1 4 -1  1
14283705692887257843
0 3 3 3 -1  1
14284012645879484919
6 2 4 4 -1  1
14284248045403993596
1 1 1 2 -1  1
14284509199890394010
3 2 6 5 -1  1
14284537445247193919
4 7 5 7 -1  1
14284559565793617681
5 3 6 3 -1  1
14284779197122399178
0 1 2 2 -1  1
14284830264888173877
4 2 3 4 -1  1
14284852848532130885
3 7 6 4 -1  1
14284946768926861777
3 5 2 4 -1  1
14285303908442032137
3 6 4 5 -1  1
14285363963060563992
1 3 3 3 -1  1
14285566716524935429
0 4 0 2 -1  1
14285697148051126057
1 5 1 1 -1  1
14285702270880706581
2 4 1 5 -1  1
14285816727891224688
0 7 0 1 -1  1
14285833378841316773
1 1 3 1 -1  1
14285998482805626751
3 5 4 5 -1  1
14286083263351073730
0 1 0 2 -1  1
14286135252001251306
2 4 3 3 -1  1
14286307517527049219
1 5 2 5 -1  1
14286419367058606305
0 1 2 2 -1  1
14286451841577341645
4 4 5 4 -1  1
14286455671469433399
3 4 1 5 -1  1
14286518949179337370
7 4 7 1 -1  1
14286538058457741970
3 2 4 1 -1  1
14286758694017006428
1 4 0 3 -1  1
14286768092341468336
4 4 4 6 -1  1
14286857489937389473
0 1 0 3 -1  1
14286867490692554071
0 5 1 4 -1  2
14286939689342816221
2 4 2 3 -1  1
14287074848494990175
0 6 2 5 -1  2
1 3 2 3 -1  1
1 3 3 3 -1  3
14287179474347201012
6 2 2 2 -1  1
14287199933093938454
0 0 0 1 -1  1
14287411945913015203
4 6 2 5 -1  1
14287527220278675527
6 2 6 1 -1  1
14287862186074135482
6 1 4 0 -1  1
14287956978220651278
0 2 0 3 -1  1
14288205006608071905
0 2 2 2 -1  1
14288449910881755253
0 3 1 5 -1  1
14288651079730931485
2 3 1 4 -1  1
14288773628978449330
4 5 3 5 -1  1
14288779792882347185
6 2 5 2 -1  1
14288838545858791718
0 5 2 6 -1  1
14288979265421600370
2 5 2 0 -1  1
14289021989544712796
4 4 2 5 -1  1
14289054556395177472
3 3 4 3 -1  1
14289405996527033563
2 5 4 7 -1  1
14289585492643260863
0 4 4 4 -1  1
14289640448104460952
0 2 1 0 -1  1
14289681178632344492
1 3 2 1 -1  1
14289727107381834088
2 5 1 4 -1  1
14290135093548365147
3 7 2 6 -1  1
14290186863191451110
0 1 2 2 -1  1
14290263673123652236
3 1 3 3 -1  1
14290295157414818310
2 1 4 2 -1  1
14290390929686180576
2 5 2 4 -1  1
14290474537514830648
0 5 0 3 -1  1
14290478820404070780
3 3 5 2 -1  2
14290608586457608671
4 2 4 4 -1  1
14290727629723387372
6 6 6 7 -1  1
14290807474324926481
6 1 6 2 -1  1
14290835928663794062
1 3 5 7 -1  1
14290979541063420707
1 7 2 7 -1  1
14290998864356899804
2 4 5 7 -1  1
14291043785816019679
4 1 3 0 -1  1
14291155204124078175
0 0 0 1 -1  1
14291296366957967657
4 2 3 1 -1  1
14291296797525433584
3 4 4 3 -1  1
14291384022018216304
1 7 2 7 -1  1
14291409822322412751
5 2 6 1 -1  1
14291439718224562282
3 7 4 6 -1  1
14291538348328676068
1 7 0 5 -1  1
14291616599490674305
4 6 5 5 -1  1
14291773554365360483
0 6 0 7 -1  1
14291841097473796486
1 7 2 6 -1  1
14291841349170048602
5 5 1 5 -1  1
14292081388695033886
2 2 4 3 -1  1
14292115711655277169
3 7 1 6 -1  1
14292413863161708403
0 4 0 6 -1  1
14292440636201018380
1 6 2 6 -1  1
14292871831827201673
3 7 2 7 -1  2
14292970420848959974
0 6 4 6 -1  1
14293085200735310795
1 1 1 0 -1  1
14293297515231407596
0 5 2 3 -1  1
14293411143661125169
2 3 1 4 -1  1
14293565045620868267
0 0 7 0 -1  1
14293710433287359503
4 4 6 4 -1  1
14293715434214927020
0 6 1 5 -1  1
14293954484563468097
7 2 7 7 -1  1
14294024425152149441
3 6 4 6 -1  1
14294027071533419447
0 6 1 7 -1  1
14294095334401278058
3 6 2 5 -1  1
14294338574698409127
2 4 5 1 -1  1
14294416136871751523
1 3 2 4 -1  1
14294499867228969001
1 0 2 0 -1  1
14294520624279916423
1 2 3 1 -1  1
14294582780837050967
2 1 1 2 -1  1
14294649680366628211
2 6 3 5 -1  1
14294669410259466205
0 6 1 7 -1  1
14294756463458416675
1 6 2 6 -1  2
3 2 4 2 -1  1
14295027044237540538
0 3 5 3 -1  1
14295164384240077238
0 2 1 2 -1  1
14295349972747608268
3 7 4 5 -1  1
14295457318101474790
0 4 0 2 -1  1
14295497291193279511
0 5 0 3 -1  1
14295641838566542526
6 2 6 6 -1  1
14295656711290304615
1 0 3 0 -1  1
14295714934402834360
6 3 5 4 -1  1
14295739391248472437
4 3 5 2 -1  1
14296028945798251190
3 6 4 6 -1  1
14296063233747483366
5 4 5 3 -1  1
14296197336497538133
1 3 1 4 -1  1
14296283077245359441
0 2 4 6 -1  2
14296287697675903215
0 2 2 0 -1  1
14296380837791201352
2 1 3 2 -1  1
14296410450784333178
3 4 1 3 -1  1
14296548847082228228
2 4 1 4 -1  1
14296648182363389876
0 6 4 6 -1  1
14296663591041229860
1 5 3 5 -1  1
14296808319781345331
2 3 3 4 -1  1
14296816887216375713
2 0 1 2 -1  1
14296934885861877587
3 5 4 5 -1  1
14296986299768965285
3 0 3 3 -1  1
14297323753623683769
1 3 2 1 -1  1
14297349438235967288
3 6 0 3 -1  1
14297354998103642925
0 3 0 5 -1  1
14297552327339704357
0 2 1 2 -1  1
14297664958946806682
0 5 0 3 -1  1
14297804854484642985
3 6 2 4 -1  1
14297979514139467349
3 4 2 4 -1  1
14297981633182897495
4 6 2 5 -1  1
14297994266668429598
1 6 5 6 -1  1
14298075899697835210
5 6 6 7 -1  1
14298617542025011621
5 4 7 5 -1  1
14298740036174357302
4 6 5 5 -1  1
14298759575698429532
0 4 0 3 -1  1
14298893078624425282
1 6 2 5 -1  1
14298987045941935822
3 0 2 1 -1  1
14299033111043943115
0 4 0 6 -1  2
14299235946592723866
0 0 0 1 -1  1
14299437271131308724
0 6 3 3 -1  1
14299451400664426071
0 2 1 2 -1  2
14299526549010043142
0 2 1 2 -1  1
14299903520868290401
3 0 4 1 -1  1
14299978236456183315
7 1 7 5 -1  1
14300183512050038439
0 4 0 2 -1  1
14300228723042112367
3 5 4 6 -1  1
14300263322117015432
2 6 3 6 -1  1
14300287295316511005
2 2 4 3 -1  1
14300471449831954912
0 3 0 0 -1  1
14300574768531506804
1 6 3 6 -1  1
14300837405449337826
2 5 4 6 -1  1
14300956998675475283
4 4 5 4 -1  1
14300985192672819628
2 3 0 1 -1  1
14301082641601338706
1 5 2 6 -1  1
14301191601636927900
3 4 4 5 -1  1
14301200968318784644
7 2 7 5 -1  1
14301417548168752674
3 7 4 7 -1  1
14301469823410937435
1 7 2 7 -1  2
14301499369730998911
3 5 4 4 -1  1
14301630411517343041
3 5 3 6 -1  1
14301660670053372907
0 7 1 7 -1  1
14301683452903355215
1 2 1 3 -1  1
14301785710247588649
0 7 0 4 -1  1
14301816987493492847
3 5 4 4 -1  1
14302157686301068434
2 2 3 4 -1  1
14302268014392070944
0 3 3 3 -1  1
14302363774526502388
0 5 0 4 -1  1
14302558700303149730
1 3 0 5 -1  1
14302622350686131568
1 6 1 5 -1  1
14302625048168916033
0 0 2 0 -1  1
14302627238327352486
2 1 1 2 -1  1
14302629906104316027
7 1 4 4 -1  1
14302765188794483354
1 4 0 3 -1  1
14302949299573106337
2 5 3 6 -1  1
14303031994334176023
0 3 1 3 -1  1
14303321328975589050
4 0 2 2 -1  1
14303442298661421367
2 5 3 3 -1  1
14303645074269262170
3 3 4 4 -1  1
14303684509503007919
3 0 2 0 -1  2
14303694371442110692
2 7 4 5 -1  2
14303736784759098567
0 1 1 3 -1  2
14303788601903865654
2 7 3 7 -1  1
14303788690631956385
2 6 3 6 -1  1
14303916342305004622
1 6 0 5 -1  1
14304013044743953038
2 4 4 6 -1  1
14304052267729901506
2 0 3 0 -1  1
14304064889087329036
4 2 5 2 -1  1
14304096559959740681
2 1 3 2 -1  1
14304157190849915415
2 6 2 1 -1  1
14304193932497975327
4 4 5 2 -1  1
14304297017953234437
2 3 4 2 -1  1
14304382705677302429
1 2 0 2 -1  1
14304390449262749820
2 5 4 4 -1  1
14304411941464652301
0 6 0 7 -1  1
14304452462624289516
2 3 1 2 -1  1
14304488885113876652
1 6 2 7 -1  1
14304502347676180216
6 1 6 3 -1  1
14304530823466293204
0 2 1 2 -1  1
14304910042156415245
2 2 3 0 -1  1
14304948884555586076
0 4 0 3 -1  1
14305235814792705741
1 2 2 2 -1  1
14305257109801728456
4 4 3 5 -1  1
14305399603982060349
3 7 6 4 -1  1
14305406356284657568
3 3 5 4 -1  1
14305753372569911549
1 6 2 7 -1  1
14306031972019265306
0 1 1 3 -1  1
14306351325383623300
3 4 5 3 -1  1
14306420181807669883
5 5 0 5 -1  1
14306466612453965589
1 4 3 3 -1  1
14306478806228700960
3 0 4 0 -1  1
14306619123507508972
1 3 2 5 -1  1
14306650644535240115
3 3 4 3 -1  1
14306734341680792086
3 3 5 3 -1  1
14306947277791525221
3 5 4 5 -1  1
14307289848359172279
1 7 2 7 -1  1
14307414924815680540
0 4 0 6 -1  1
14307451681812681531
3 0 2 0 -1  1
14307620937704808750
7 7 7 3 -1  1
14308091853384803945
2 2 4 3 -1  1
14308248741346718475
1 7 4 7 -1  1
14308456003240500825
6 7 6 4 -1  1
14308904394378015715
1 3 0 5 -1  1
14309112954050224506
1 7 3 7 -1  1
14309175807468007447
3 1 5 1 -1  1
14309373500501651339
3 3 5 4 -1  1
14309619068004422358
1 5 3 5 -1  1
14309794032291498931
1 5 3 7 -1  1
14309893082595379475
3 3 4 3 -1  1
14309932602834904397
1 2 2 2 -1  1
14310141519187317335
3 2 4 2 -1  1
14310142761923630285
1 3 2 5 -1  1
14310207245797846100
0 4 0 3 -1  1
14310214069973110420
0 5 5 0 -1  1
14310256080032838360
1 5 1 6 -1  1
14310282068964339629
1 4 0 4 -1  1
14310517023024862109
1 7 2 7 -1  1
14310586023760016571
0 6 1 4 -1  4
14310661790754277126
5 3 6 1 -1  1
14310672929610041672
5 4 3 6 -1  1
14310766441584616356
0 3 2 3 -1  1
14310978051051746763
0 2 1 1 -1  1
14311280170295888876
1 6 2 7 -1  1
14311630219516913342
1 4 0 2 -1  2
14312358050995782442
0 5 3 2 -1  1
14312497725953990629
0 5 0 6 -1  1
14312758160609747662
0 2 4 6 -1  1
14312804348374065876
0 1 1 1 -1  1
14312871728628671396
4 2 3 2 -1  1
14312961633995703803
0 3 1 4 -1  3
1 1 2 1 -1  1
14313174051974504921
2 1 3 0 -1  1
14313305407575926650
1 3 1 2 -1  1
14313309202857601537
1 5 3 5 -1  1
14313679099893852791
4 7 5 7 -1  1
14313847170322197216
1 6 0 5 -1  1
14313990574260816484
3 3 2 3 -1  1
14314004049524596000
3 4 4 3 -1  1
14314096347950816202
0 2 1 1 -1  3
14314187120953421170
1 4 2 5 -1  1
14314206582043809496
2 2 2 3 -1  1
14314342768170336859
6 7 2 7 -1  1
14314422069274634481
5 7 5 4 -1  1
14314531797887443647
3 7 2 6 -1  1
14314585285683707869
5 7 6 7 -1  1
14314690729546872356
0 0 0 3 -1  1
14314763232143119954
1 3 2 1 -1  3
14315023515389861985
2 0 6 0 -1  1
14315044489502582259
1 2 2 2 -1  2
14315095636440113125
0 2 2 4 -1  1
14315317294636586627
3 4 4 3 -1  1
14315618406504197176
1 1 2 2 -1  1
14315924964795481711
3 4 3 0 -1  1
14316038003443780276
2 3 2 6 -1  1
14316094849268120051
0 3 2 5 -1  1
14316171145074325837
0 0 0 2 -1  1
14316208772710103508
2 5 0 3 -1  1
14316382465426187414
7 7 4 7 -1  1
14316487760859065002
1 4 2 4 -1  1
14316604411665365127
0 0 0 4 -1  1
14316660717993412147
6 1 5 1 -1  1
14316673661934651484
3 4 4 3 -1  2
14316925603740001787
4 1 4 7 -1  1
14317053155591390070
3 4 4 3 -1  1
14317309319918066157
1 3 2 1 -1  1
14317327508429416544
4 1 3 3 -1  1
14317352875081023807
2 1 3 2 -1  1
14317485823789229726
2 7 1 6 -1  1
14317545865902702378
1 4 2 4 -1  1
14317637593815255154
2 1 0 3 -1  1
14317696160785584866
2 2 6 6 -1  1
14317714778161542394
2 4 2 1 -1  1
14318095272378024609
0 5 1 6 -1  1
14318175699558566116
0 4 1 4 -1  1
14318306588234345571
3 6 4 6 -1  1
14318444380592809320
0 5 0 3 -1  1
14318471023129466218
1 3 1 2 -1  1
14318600395682698012
3 2 0 2 -1  1
14318714014697840774
0 1 2 1 -1  1
14318972401408857810
3 3 4 5 -1  2
14319016307778410653
3 3 4 3 -1  1
14319142154415458885
3 5 4 6 -1  3
14319369076590139784
3 3 5 3 -1  1
14319654662439824701
3 3 1 5 -1  1
14319670980963114785
2 1 4 2 -1  1
14319720709587309758
0 5 2 3 -1  1
14319899776103636058
3 2 1 3 -1  1
14319911395416488518
4 4 5 6 -1  1
14319921561612796644
4 3 5 5 -1  1
14320155697538857173
3 7 6 4 -1  2
14320166979367286493
5 2 5 0 -1  1
14320339346480213412
2 5 3 3 -1  1
14320519666149884123
1 4 0 4 -1  1
14320569946476463070
3 4 4 5 -1  1
14320652336799312355
1 3 2 1 -1  1
14320664707380231072
0 6 4 2 -1  1
14320724973960161361
4 1 5 2 -1  1
14320855112106049404
3 6 1 6 -1  1
14321016624205402568
4 3 6 3 -1  1
14321026968775153619
3 1 4 1 -1  1
14321126081300720662
4 1 5 1 -1  1
14321323029238736566
1 1 3 1 -1  1
14321372032742896391
1 0 2 0 -1  1
14321385735564967784
4 3 4 4 -1  1
14321427668935394130
3 0 4 0 -1  1
14321666512884857771
3 6 5 4 -1  1
14321919057326224791
0 4 1 4 -1  1
14321955650595721664
0 3 0 4 -1  1
14321965079204901389
2 3 3 3 -1  1
14322133353775816279
1 5 2 4 -1  1
14322338737339514659
0 5 2 5 -1  1
14322435796913287658
0 1 0 0 -1  1
14322703511678102676
0 2 4 2 -1  1
14322724625669462482
0 6 2 5 -1  1
14322767985946981819
0 1 1 3 -1  1
14323004260399765152
2 2 6 2 -1  1
14323053372487655153
3 4 4 5 -1  1
14323079041768286975
0 2 4 2 -1  1
14323112738039186033
1 3 0 2 -1  1
14323119128289840429
7 3 7 7 -1  1
14323126496309576270
3 2 4 2 -1  1
14323237787568746758
0 0 0 2 -1  1
14323283746259275732
4 0 2 2 -1  1
14323320455116202910
1 6 2 6 -1  1
14323333655007477579
5 3 4 4 -1  1
14323605990421637924
3 5 4 5 -1  1
14323691154878405724
0 6 0 7 -1  1
14323850364551648036
0 3 2 4 -1  1
14324114563995370766
2 3 1 2 -1  1
2 3 3 2 -1  1
14324178456488801596
1 5 2 5 -1  1
14324182548678036628
1 3 6 3 -1  1
14324259408453274020
5 3 6 4 -1  1
14324274362987333340
0 4 0 6 -1  10
14324365306713217159
2 1 6 1 -1  1
14324623522931821983
6 2 6 1 -1  1
14324898611117914780
3 4 4 5 -1  1
14325260440092741761
5 4 4 5 -1  1
14325285107109625372
3 2 2 4 -1  1
14325420310860742517
2 5 2 4 -1  1
14325429489744629674
1 1 2 1 -1  1
14325576687098802410
2 5 3 7 -1  1
14325592676911964838
2 5 1 3 -1  1
14325879149067493305
1 4 2 6 -1  1
14325916057359944974
4 5 6 6 -1  1
14325932105752322631
4 7 1 4 -1  1
14325972811138059164
3 6 2 7 -1  1
14326017302711414478
3 4 5 3 -1  2
14326483019669353422
0 1 7 1 -1  1
14326707834814557950
2 5 1 3 -1  1
14326772894500180042
3 6 4 6 -1  1
14326810077746436660
0 2 1 1 -1  1
14326843878658601379
0 3 0 6 -1  1
14327180964919210690
1 5 2 6 -1  1
14327271329094979733
0 0 0 4 -1  1
14327323938873025177
1 4 1 2 -1  1
14327421478735346896
3 4 5 2 -1  1
14327547015562355306
4 4 5 4 -1  1
14327694073912976272
0 0 0 2 -1  1
14327782010468201529
1 4 3 4 -1  1
14327848991531532082
0 6 1 6 -1  2
14327985981925977765
2 4 0 2 -1  1
14328106169049256800
1 7 3 7 -1  1
14328122226818303906
0 2 0 6 -1  1
14328159333873843006
4 5 1 5 -1  1
14328495472495084823
1 7 2 7 -1  1
14328628105548686980
4 3 3 2 -1  1
14328669322398729678
1 4 2 4 -1  1
14328687232094632544
1 4 3 4 -1  1
14328850037540305208
0 0 5 0 -1  1
14328950908581303649
0 5 1 4 -1  1
14329172077424341185
2 1 3 1 -1  1
14329350680550172353
4 4 5 5 -1  1
14329537909428274867
1 1 2 1 -1  1
14329602073598701696
1 1 5 5 -1  1
14329667551532019991
3 2 4 3 -1  1
14329746583656945162
6 3 6 0 -1  1
14329853480300855689
1 3 2 1 -1  1
14329879742706795728
1 7 3 7 -1  2
14329883339365204909
1 6 2 6 -1  1
14329978318729522694
0 1 1 3 -1  2
14330049200595541410
1 5 3 5 -1  1
14330049457784553114
1 0 2 1 -1  1
14330192488873354146
1 3 2 4 -1  1
14330604216390705370
2 3 5 6 -1  1
14330681802943824417
4 0 5 0 -1  1
14330693223783458094
0 4 3 4 -1  1
14330695612267846640
0 4 0 2 -1  1
14330736684773623559
2 4 6 0 -1  1
14330889736300914788
1 3 2 2 -1  1
14330921017440284391
0 3 2 1 -1  2
14331089727515553550
0 3 3 6 -1  1
14331128659628360319
1 4 2 4 -1  2
14331211592860241949
4 1 6 0 -1  1
14331217807959512104
1 2 2 2 -1  1
14331252315552487233
3 6 4 5 -1  1
14331254328362346921
2 7 1 6 -1  1
14331290131722167839
2 2 3 1 -1  1
14331449322708888423
6 0 6 2 -1  1
14331484862646160385
3 3 3 4 -1  1
14331703767985844204
4 2 5 3 -1  1
14331918027230437753
1 3 1 6 -1  1
14332103872112670269
1 5 3 5 -1  1
14332233020322836846
0 6 1 5 -1  1
14332243671485557684
3 4 2 4 -1  1
14332332382615990544
1 4 3 4 -1  1
14332570578803439167
2 4 6 0 -1  1
14332616062712156362
3 2 5 4 -1  1
14332794950532570060
0 5 1 4 -1  2
14332822430699495973
2 5 2 4 -1  1
14332826015348353366
1 4 1 0 -1  1
14333092986395133820
2 5 4 4 -1  1
14333151091778640155
2 5 5 5 -1  1
14333257583018573454
2 4 5 7 -1  1
14333420900601212485
2 5 4 4 -1  1
14333454473821085441
3 0 5 2 -1  1
14333654261392451891
0 2 3 5 -1  1
14333684859576415058
2 3 3 4 -1  1
14333758909578586412
3 0 4 1 -1  1
14334113578381510106
2 2 6 6 -1  1
14334113582460749408
0 5 0 4 -1  1
14334126484450925611
0 3 1 3 -1  1
0 6 1 4 -1  1
14334341709646834717
0 0 0 7 -1  1
14334465589566137782
2 6 3 6 -1  4
14334489876769743559
1 3 2 3 -1  1
14334597483454911095
3 2 4 4 -1  1
14334811932087506507
6 3 6 2 -1  1
14334843927983173215
4 1 5 3 -1  1
14335188030090387439
3 3 2 3 -1  1
14335363836974196252
4 0 5 2 -1  1
14335472641070712017
3 2 4 1 -1  1
14335473774521388935
0 3 1 3 -1  1
14335512764261808344
3 4 4 4 -1  1
14335824929464216785
2 4 5 7 -1  1
14335971389545737427
4 1 3 1 -1  1
14336109448281916544
0 3 1 2 -1  1
14336146366858461145
2 3 3 2 -1  1
14336174014261940547
4 0 5 2 -1  1
14336187770886964063
0 5 0 2 -1  1
14336233820979806266
3 6 4 7 -1  1
14336420253888885436
3 2 4 2 -1  1
14336458000280089625
2 1 6 1 -1  1
14336759468155085927
2 1 5 1 -1  1
14336763684339093472
3 3 1 3 -1  1
14336872761340311409
0 2 7 2 -1  1
14336956552708729432
2 1 4 2 -1  1
14336991423489154878
4 5 5 5 -1  1
14337066553932233327
1 2 0 1 -1  1
14337416511037060527
2 6 2 5 -1  1
14337423485309574371
2 2 3 1 -1  1
14337428728709949517
2 5 4 6 -1  1
14337457511119619807
1 6 2 6 -1  1
14338315015338269619
1 2 2 2 -1  1
14338545614284165007
1 4 3 4 -1  1
14338651542978774522
5 6 4 6 -1  1
14338674051870504794
6 6 4 7 -1  1
14338877537288812180
1 6 2 6 -1  1
14338965521306079142
0 6 0 7 -1  1
14339161571184050494
0 5 0 3 -1  1
14339348383704669691
1 2 2 1 -1  1
14339514448184767657
1 3 0 5 -1  1
14339534275597383683
4 3 4 0 -1  1
14339608937430573745
2 6 3 6 -1  1
14339670651638626096
3 2 4 1 -1  1
14340215115047284351
1 0 4 0 -1  1
14340258639219214768
3 3 4 4 -1  1
14340276860741921648
2 5 3 7 -1  1
14340352042117385075
2 4 1 5 -1  1
14340412307316804041
1 5 3 5 -1  1
14340438053917754617
5 5 4 6 -1  1
14340595873650468659
2 7 1 6 -1  1
14341192710353115819
1 5 3 5 -1  1
14341461972803662132
2 6 3 6 -1  1
14341548619429911046
1 4 2 2 -1  1
14341600739393749617
1 1 2 1 -1  1
14341614596148876194
1 2 4 2 -1  1
14341674445111365915
3 0 4 1 -1  1
14341866943434982891
4 4 3 2 -1  1
14342050584318148211
3 7 4 6 -1  1
14342169339899809764
4 0 5 0 -1  1
14342311045898273617
1 4 1 5 -1  1
14342335414396434821
1 7 3 7 -1  1
14342391253167293337
3 2 2 4 -1  1
14342609046097537210
0 1 5 1 -1  1
14342694167812984964
2 3 3 2 -1  1
14342701174072322266
0 5 0 4 -1  1
14342792583044301293
5 5 7 4 -1  1
14342794725375627397
2 6 3 6 -1  1
14342911277442850271
7 2 6 2 -1  1
14342921595163526630
0 0 0 2 -1  1
14342982606344544382
2 2 0 3 -1  1
14343157704768515220
2 5 2 6 -1  1
14343159541312394694
1 2 2 2 -1  1
14343281368120084426
5 6 5 5 -1  1
14343290735687452279
4 2 3 1 -1  1
14343318057437779822
4 1 5 0 -1  1
14343721213281289259
4 6 5 7 -1  1
14344190675922812368
3 5 2 4 -1  1
14344301749165284124
2 5 3 7 -1  1
14344359645984982963
0 5 0 4 -1  1
14344551729329064453
2 3 2 6 -1  1
14344615747094464054
3 2 1 0 -1  1
14344634078458720687
3 4 4 5 -1  3
14344649435812139997
0 4 0 6 -1  1
14344666454048989298
0 3 0 4 -1  1
14344765870162920816
2 4 2 6 -1  1
14344858925968662927
0 5 1 6 -1  1
14344894363271701036
2 6 3 6 -1  1
14344993928641716538
0 4 0 2 -1  1
14345021912748490051
0 5 1 6 -1  1
14345045855849870716
6 2 6 4 -1  1
14345220413524485096
0 5 0 0 -1  1
14345293405735413902
3 1 4 1 -1  1
14345377966849547705
3 7 3 4 -1  1
14345543416726908034
3 0 3 1 -1  1
14345602130648881453
1 6 2 6 -1  1
14345633592678767374
2 5 4 6 -1  1
14345709254585318475
4 3 3 3 -1  1
14345723574836222072
2 2 1 0 -1  1
14345817954650874565
2 2 3 4 -1  1
14345866842863585147
0 6 0 7 -1  1
14345894157793608251
1 3 0 5 -1  1
14345910595855428315
6 4 5 6 -1  1
14346102968291439282
3 2 4 1 -1  2
14346129092912180672
0 4 0 2 -1  1
14346140950259675373
0 0 0 5 -1  1
14346293046082809108
3 5 7 5 -1  1
14346461372906785437
3 4 4 4 -1  1
14346466762087767231
7 4 3 4 -1  1
14346724956082934749
6 2 4 2 -1  1
14347002258910191470
1 3 0 5 -1  1
14347040903383806980
0 5 0 2 -1  1
14347418269754967253
0 3 1 4 -1  1
14347687892476705322
1 3 1 0 -1  1
14347691112531293976
1 1 1 5 -1  1
14347799186411990925
3 4 4 3 -1  1
14347890102916650097
0 6 5 6 -1  1
14348039372164719312
4 1 5 1 -1  1
14348248888107188412
0 4 3 4 -1  1
14348415198721143800
0 2 5 7 -1  1
14348689843758917169
2 4 1 5 -1  1
14349124873218759166
1 5 3 5 -1  1
14349126008076754509
6 0 2 0 -1  1
14349218410320784136
6 2 7 2 -1  1
14349575270413889101
3 2 4 1 -1  1
14349738393717638495
2 5 4 4 -1  1
14349743598214147399
2 4 1 3 -1  1
14349744007770021738
0 0 0 2 -1  1
14349871035028239441
1 6 6 1 -1  2
14349962981422104525
4 2 2 4 -1  2
14350033037398468615
4 6 5 7 -1  1
14350168152871036991
4 1 5 2 -1  1
14350522261657335391
4 4 5 5 -1  1
14350621935847479150
0 0 0 2 -1  1
14350710221982677171
2 1 6 5 -1  1
14350713851833147509
6 0 3 0 -1  1
14350778692794709664
1 4 3 3 -1  1
14351561502494295648
0 2 1 3 -1  1
14351615880326855265
0 4 5 4 -1  1
14351727830313524803
0 3 0 4 -1  1
14351749478366578080
0 2 2 4 -1  1
14352061175771862700
1 5 2 5 -1  1
14352090342706921745
3 2 5 1 -1  1
14352243481164926024
6 6 3 6 -1  1
14352297663320747188
1 4 0 2 -1  1
14352329348648750853
3 5 4 5 -1  2
14352410531839355577
2 3 7 3 -1  2
14352475684689969068
0 5 4 1 -1  1
14352538514889703990
0 5 1 4 -1  1
14352796856271223492
0 5 1 4 -1  1
14352923723657563850
0 6 0 5 -1  1
14352954154618457236
7 6 7 5 -1  1
14353111368329445381
1 5 2 6 -1  1
14353217471265287136
2 5 1 3 -1  1
3 2 4 2 -1  1
14353236128377774468
3 1 4 0 -1  1
14353286653169928739
3 1 4 1 -1  1
14353364286699569881
1 0 5 4 -1  1
14353393506935006120
1 0 2 0 -1  1
14354286127487390054
0 4 0 6 -1  1
14354301667487148994
1 5 2 4 -1  1
14354462998516009856
1 7 3 7 -1  3
14354552340484448681
1 7 2 6 -1  1
14354692619783470053
0 5 1 4 -1  3
14354710854558372756
0 4 1 5 -1  1
14354751605354666648
0 7 0 5 -1  1
14354814239499563762
1 1 2 2 -1  1
14354859259954217723
1 6 2 6 -1  1
14354939799101861240
0 1 2 1 -1  1
14354954892129242452
0 3 1 3 -1  1
3 5 1 3 -1  2
14355014205340250621
1 1 2 2 -1  1
14355044157000469554
0 5 2 4 -1  1
14355068364307271557
0 6 0 5 -1  1
14355162496007409298
0 5 0 4 -1  1
14355313362144970942
1 6 3 6 -1  1
14355344217926872825
1 5 4 2 -1  1
14355377529734022446
6 7 6 3 -1  1
14355735606231913388
0 7 0 4 -1  1
14355785540245243883
7 1 7 5 -1  3
14355979582687800868
4 7 1 4 -1  1
14355982484393202455
0 4 0 6 -1  1
1 3 2 3 -1  1
14356157356077842438
7 5 3 1 -1  1
14356161194592846492
3 7 2 6 -1  1
14356273872899289593
2 5 3 5 -1  1
14356532484791076941
0 2 0 1 -1  1
14356917491207417815
2 2 0 0 -1  1
14357121292808513694
4 1 5 1 -1  1
14357158175703336527
1 1 3 1 -1  2
14357192168330482673
2 2 3 4 -1  1
14357256251093930934
5 1 4 0 -1  1
14357402099498378021
2 3 3 4 -1  1
14357547211784488520
2 0 0 1 -1  1
14357629480841931881
1 1 3 1 -1  1
14357727071711315310
2 3 0 3 -1  1
14357921512393615187
2 5 1 3 -1  1
14357986912652556372
2 5 2 2 -1  1
14358052546997988058
3 7 4 7 -1  1
14358200283731218300
1 3 2 4 -1  1
14358537619156654099
1 6 2 6 -1  1
14358572776788291756
5 3 6 3 -1  1
14358619915306268834
4 4 5 5 -1  1
14358653364660316911
6 4 6 1 -1  1
14358677415571424436
5 5 6 5 -1  1
14358994883310690426
0 4 3 4 -1  1
14359029679111553565
2 6 3 6 -1  1
14359042655455355166
1 3 1 5 -1  1
14359102154236219658
0 3 1 2 -1  1
14359318038854663751
0 7 0 6 -1  1
14359356451757642970
4 6 5 6 -1  1
14359412432043812784
6 3 4 5 -1  1
14359510493192218780
3 0 4 0 -1  1
14359588356935309649
0 4 2 4 -1  1
14359602577427874646
4 1 3 1 -1  1
14359699818763994330
0 1 1 3 -1  1
0 1 2 2 -1  4
0 4 0 6 -1  7
1 0 3 0 -1  1
1 2 2 2 -1  5
3 2 2 1 -1  1
14359732726092426381
2 2 1 4 -1  1
14359838402609912875
2 0 3 2 -1  1
14360086211873623884
1 2 3 2 -1  2
14360163653861132840
0 2 6 2 -1  1
14360315843103967737
3 6 4 6 -1  1
14360446595153288441
2 7 3 6 -1  1
14360573336881924845
7 2 6 2 -1  1
14360995008065594352
1 2 2 3 -1  1
14361054499786757072
1 2 3 4 -1  1
14361127733498175679
1 0 4 0 -1  1
14361199762338958985
1 4 2 6 -1  1
14361415888418555570
2 6 3 6 -1  1
14361440360155790189
3 2 4 3 -1  1
14361587268929413999
2 6 3 6 -1  1
14361709597310516529
4 3 6 4 -1  1
14361756605261941385
0 3 0 2 -1  1
14361774118726884876
3 5 4 5 -1  1
14361912347152016065
2 4 6 4 -1  1
14361918354385439988
1 6 2 5 -1  2
14362228856245640109
2 4 3 4 -1  2
14362312418059640213
0 3 2 5 -1  1
14362449851625402947
4 3 5 5 -1  1
14362476788257175107
2 1 3 1 -1  1
14363079826934361719
1 3 2 3 -1  1
14363836115621629429
2 5 3 3 -1  1
14363904275817120001
1 0 2 0 -1  1
14364250253385535214
2 5 4 6 -1  1
14364282229582099626
0 0 0 3 -1  2
14364506114789256628
1 3 3 2 -1  1
14364557768851458139
3 7 3 4 -1  2
14364569432286507558
3 1 4 1 -1  1
14364604325547690042
3 5 2 6 -1  1
14364618838904857604
1 0 2 0 -1  1
14364681762490609256
3 7 5 5 -1  1
14364692339023263028
0 5 2 6 -1  1
1 1 3 1 -1  1
14364927720936288273
1 7 3 7 -1  1
14365072967683688956
1 2 2 2 -1  1
14365117749107487681
4 3 6 4 -1  1
14365157999579138084
2 2 3 3 -1  2
14365159041576074652
0 1 2 2 -1  1
14365471698246296525
2 3 4 4 -1  1
14365567431268987444
2 5 3 6 -1  1
14365643915867545782
1 7 1 6 -1  1
14365694565290701918
1 1 3 1 -1  1
14365787318837158829
4 4 5 3 -1  1
14366059185888066170
4 7 4 6 -1  1
14366126652463448959
1 6 2 6 -1  1
14366218743227329893
1 6 4 3 -1  1
14366304951630997716
1 1 2 2 -1  1
14366391446688143409
0 6 1 5 -1  1
14366626259167267382
0 5 6 5 -1  1
14366638528900053388
2 2 3 3 -1  1
14366666237890412460
0 6 1 6 -1  1
14367046201476940387
1 1 2 2 -1  1
14367215026255224839
4 3 6 3 -1  1
14367340306136632818
6 1 5 0 -1  1
14367535328589980614
2 3 1 4 -1  1
14367655680944842650
0 6 0 7 -1  1
14367671274590884024
0 4 0 6 -1  1
14367683424701445609
4 0 5 0 -1  1
14367746660917645122
0 0 4 0 -1  1
14367750848642722773
2 1 4 2 -1  1
14367834250066395884
5 3 5 0 -1  1
14367909622576228658
0 2 3 5 -1  1
14367947284665231411
3 6 2 5 -1  1
14367981768425873968
0 7 0 6 -1  1
14368020803772037822
3 2 4 3 -1  1
14368185248336413145
3 1 5 1 -1  1
14368206415364988580
3 4 4 5 -1  1
14368270154930054222
2 2 3 0 -1  1
14368340834938230691
7 2 7 1 -1  1
14368435950453886425
4 0 3 1 -1  1
14368463465463428426
0 6 0 7 -1  1
14368640119000079053
0 4 1 4 -1  1
14368875635440131040
1 7 3 7 -1  2
14368883774165174079
1 2 2 2 -1  1
14368978391497241288
0 2 4 6 -1  1
14369066463005779056
2 1 3 3 -1  1
14369134093470882812
4 4 3 6 -1  1
14369354060077491210
5 7 6 5 -1  1
14369503744433009750
0 2 2 2 -1  1
14369610049159907939
0 0 0 3 -1  1
14369695667129310472
3 3 2 3 -1  1
14369745270718128294
2 2 4 3 -1  1
14369767590177296305
3 4 6 1 -1  1
14369776691964793721
0 2 1 1 -1  1
14369829567592117977
7 7 7 0 -1  1
14369981558951247555
2 0 3 0 -1  1
14370204665786586072
1 5 1 2 -1  1
14370257250652776022
0 4 0 3 -1  1
14370326743869025337
0 6 1 4 -1  1
14370531515812782208
1 1 1 0 -1  1
14370659411927049140
2 3 5 6 -1  1
14370848309037443148
6 2 2 2 -1  1
14370880430653375446
2 5 3 5 -1  1
14371033753654651043
2 6 2 5 -1  1
14371163028855811177
3 5 4 3 -1  1
14371181320013694055
3 4 5 4 -1  1
14371281608554233878
1 1 3 1 -1  1
14371441297865136095
0 6 2 5 -1  1
14371505468913619298
4 4 6 6 -1  1
14371534573018114670
1 0 2 1 -1  1
14371779383816786174
0 4 0 6 -1  2
14371875126090932911
1 5 3 5 -1  1
14372248986197120358
0 4 0 6 -1  1
14372310925173468421
3 2 4 3 -1  1
14372336651122251569
3 4 2 6 -1  1
14372543297988069467
0 5 1 6 -1  1
14372724558014335463
3 4 3 5 -1  1
14372975972745385171
1 0 3 0 -1  1
14373095009916317550
0 1 2 0 -1  1
14373599735941768750
4 1 3 3 -1  1
14373820046296395971
1 7 3 7 -1  1
14373822008491358405
2 1 3 2 -1  1
14373841470221175559
0 3 0 4 -1  1
14373976656443371637
5 3 3 4 -1  1
14374190053909166004
4 4 6 3 -1  1
14374232216762817872
0 5 0 4 -1  1
14374265653037871621
0 3 1 4 -1  2
14374285547902773231
1 0 3 0 -1  1
7 7 7 0 -1  1
14374473441510240373
1 2 0 1 -1  1
14374498070534468571
0 6 1 7 -1  1
14374549326406238920
2 5 3 5 -1  1
14374700948207580174
3 3 4 3 -1  2
14374800144345935754
0 1 2 2 -1  1
14374807310224279494
3 2 4 3 -1  1
14374843022963242730
1 3 2 4 -1  1
14374931912227302885
3 6 5 7 -1  1
14375035874215972518
3 5 4 5 -1  1
14375399813579293063
4 3 5 5 -1  1
14375683310226417159
2 1 4 3 -1  1
14375905442364610818
4 7 5 7 -1  1
14376161001665799569
0 0 0 3 -1  1
14376206788789805278
0 0 0 5 -1  2
14376396366775209789
0 2 2 2 -1  1
14376577684781183848
6 1 6 6 -1  1
14376668021309931086
3 2 5 1 -1  1
14376846941168418625
0 3 1 4 -1  1
14376928319957255066
1 1 2 1 -1  1
14377539092104445993
1 0 3 0 -1  1
14377543043902366441
0 6 0 7 -1  1
14377626452726213813
3 2 1 3 -1  1
14377643541315703477
0 4 2 4 -1  1
14377831295451560592
5 5 7 5 -1  1
14378117241182127714
2 5 2 7 -1  1
14378200704394573160
2 2 3 4 -1  1
14378203698119345531
4 0 5 0 -1  1
14378276980159698985
1 1 2 1 -1  1
14378324596695693460
6 5 5 5 -1  1
14378377098491201550
1 7 3 7 -1  1
14378394969342851813
1 4 2 3 -1  1
14378463606944863402
2 5 3 4 -1  1
14378899692938899155
2 2 3 3 -1  1
14378979760605230656
3 2 4 2 -1  1
14379053215409864680
4 4 6 3 -1  1
14379132093424487191
0 1 0 0 -1  1
14379187692847608159
1 7 3 7 -1  1
14379397585866446676
5 3 2 3 -1  1
14379512952056541731
1 5 3 5 -1  1
14379532750818964406
1 3 3 4 -1  1
14379590944946173935
2 2 1 4 -1  1
14379668307162032469
0 2 2 4 -1  1
14379824212777624352
1 5 2 5 -1  1
14379884916735596434
1 5 3 5 -1  1
14379892634243363325
1 3 3 4 -1  1
14380308612053399603
5 2 6 2 -1  2
14380350656903083564
0 5 0 4 -1  1
14380415069626154971
3 5 4 3 -1  1
14380420579343603748
3 5 4 5 -1  1
14380434635641461911
3 3 5 4 -1  1
14380465936523264826
1 4 2 6 -1  1
14380570941876683830
1 2 2 4 -1  1
14380584554184504304
6 1 4 3 -1  1
14380972788816503277
4 0 7 3 -1  1
14380972927447199309
0 2 3 5 -1  1
14381153961997328739
4 6 3 7 -1  1
14381309356329489744
3 5 4 5 -1  1
14381364080113752215
1 0 3 0 -1  1
14381406387794018498
1 5 3 5 -1  1
14382113306139104259
5 7 4 5 -1  1
14382357554958513363
2 5 6 5 -1  1
14382546796673369548
1 4 3 5 -1  1
14382759916645302537
3 4 3 3 -1  1
14382890018284118442
1 1 3 1 -1  1
14382976811125934496
0 0 0 2 -1  1
14382989655102163959
0 6 5 6 -1  1
14383015123763814423
1 0 1 4 -1  2
14383290303934555776
0 6 1 6 -1  1
14383487370789888726
3 3 4 5 -1  1
14383755806655880722
4 3 5 2 -1  1
14383803020154248794
2 2 3 4 -1  1
14383957007679748886
0 4 0 2 -1  1
14384260276499367753
1 4 4 7 -1  1
14384409018604068610
4 0 5 1 -1  1
14384480563769678857
5 2 4 3 -1  1
14384707613652807833
1 4 2 4 -1  1
14384755687381304104
2 5 4 5 -1  1
14384904951439277128
7 7 4 4 -1  1
14385401866407187733
6 7 5 7 -1  1
14385758018879130055
3 5 4 5 -1  1
14385802709900723007
6 5 7 5 -1  1
14385849839434425824
3 7 2 6 -1  1
14385874391136648128
5 3 7 4 -1  1
14385899353140614672
0 1 2 2 -1  1
14386098264593315326
0 2 2 4 -1  5
14386233487758632343
6 1 5 1 -1  1
14386303111753652671
4 7 3 7 -1  1
14386371634201087766
0 0 0 3 -1  1
14386377513309758031
1 7 2 7 -1  1
14386627329896561136
2 4 3 5 -1  1
14386687727217649620
0 6 1 5 -1  1
14386703223789435451
2 2 3 4 -1  1
14386709149702416333
0 7 0 4 -1  1
14386836609373516905
0 2 1 1 -1  1
14386925996766976050
3 3 2 1 -1  18
3 3 2 5 -1  6
14386943678426175937
2 5 4 4 -1  2
14387005145964434042
1 7 2 7 -1  1
14387063077386017530
1 3 2 1 -1  1
14387136566916352683
2 6 3 6 -1  1
14387205129513720525
2 3 3 2 -1  1
14387249277791945108
2 3 1 3 -1  1
14387407347911963666
0 5 1 6 -1  1
3 0 3 2 -1  1
14387541734872410364
1 4 2 4 -1  1
14387690289107358328
0 4 0 3 -1  1
14387933971780050794
0 3 2 3 -1  1
1 5 3 5 -1  1
14388448264847706507
0 2 2 4 -1  1
14388451094995213641
4 1 2 0 -1  2
14388615244357012668
3 4 4 4 -1  1
14388697431135945329
7 7 6 7 -1  1
14388720484698918754
2 4 4 5 -1  1
14389012051572412858
1 3 3 4 -1  1
14389013102882365581
1 1 0 2 -1  1
14389181510605130496
0 4 0 6 -1  1
14389281845077175151
0 2 2 4 -1  1
14389378573626229395
1 2 1 3 -1  1
14389534071255878661
0 6 1 7 -1  3
14389662649422236378
3 2 4 3 -1  1
14389696382135311659
0 5 2 3 -1  2
14390004053400289825
1 4 4 4 -1  3
14390037173125135233
3 2 4 2 -1  1
14390204740493835259
2 1 2 3 -1  1
14390393588054675645
4 5 5 6 -1  1
14390398065516492916
2 2 3 1 -1  1
14390445277069973445
7 5 4 2 -1  1
14390581343398687905
1 2 4 5 -1  1
14390681811307694128
1 4 4 7 -1  1
14390737280894553762
3 3 4 3 -1  1
14390737862001144697
0 0 0 2 -1  1
14390772698307830448
5 0 2 0 -1  1
14390854217954722603
1 2 4 5 -1  1
14391065213950558724
1 5 2 5 -1  1
14391085553617965045
1 2 3 2 -1  1
14391086569090106123
6 4 5 3 -1  1
14391483479150960370
2 6 4 4 -1  1
14391565270060935835
0 3 0 2 -1  1
14391592372095272320
2 3 2 6 -1  1
14391754442038647151
3 5 3 6 -1  1
14391837243754194898
7 7 1 7 -1  1
14391916808858080607
1 4 3 5 -1  1
14392311185412714803
1 4 2 5 -1  1
14392425058455817490
4 2 7 2 -1  1
14392438812838158239
0 3 3 0 -1  1
14392463517920795292
0 4 0 6 -1  1
14392465149236625504
0 6 1 7 -1  1
14392471685048562502
1 2 5 2 -1  1
14392603686154764884
1 0 3 0 -1  1
14392672011751693176
3 3 1 3 -1  1
14392754499536435401
0 4 0 6 -1  1
14393448531165855964
1 4 2 4 -1  1
14393558548313331067
4 3 4 1 -1  2
14393598006375985183
2 5 4 6 -1  1
14393806797097131107
2 2 3 2 -1  1
14393822519820404726
3 7 4 5 -1  1
14393967615253017222
1 3 2 5 -1  1
14393981493062102828
4 4 3 5 -1  1
14394014304364154271
0 0 5 0 -1  1
14394708837571546998
0 2 4 6 -1  1
14394709751564419231
1 4 1 3 -1  1
14394750136273354386
3 0 4 2 -1  1
14394752927265320510
3 5 4 5 -1  1
14394785530696015485
0 4 0 6 -1  2
14394813733005985875
1 6 2 7 -1  1
14394834347541535552
5 5 3 7 -1  1
14394894449684077926
1 7 2 7 -1  1
14395022296084652649
4 3 5 4 -1  1
14395529768893595719
0 6 0 7 -1  1
14395645199706987190
6 0 7 0 -1  1
14395926795198398648
0 1 2 2 -1  1
14396093433217632601
7 1 4 1 -1  1
14396369081978146957
6 2 2 6 -1  1
14396591953959859295
0 0 3 0 -1  1
14396604175578280254
3 3 4 3 -1  1
14396717247502088981
2 5 4 3 -1  1
14396735586454965784
1 4 2 3 -1  1
14396823977256666010
2 6 3 6 -1  1
14396825769752194437
1 6 2 7 -1  2
14396856270110749228
1 6 2 6 -1  1
14397379133805060503
2 1 3 2 -1  1
14397592195901269643
1 1 0 1 -1  1
14397619625727070155
0 2 4 6 -1  1
14397691387061168088
0 0 4 0 -1  1
14397705090727412271
3 7 4 7 -1  1
14397707935428168032
4 4 6 3 -1  1
14397794170452497634
1 5 3 7 -1  1
14397827187809854494
4 1 1 4 -1  1
14397950557705402813
4 1 1 1 -1  1
14398158633754253403
3 1 6 4 -1  1
14398172426561797209
1 4 2 2 -1  1
14398197219409286468
2 7 3 7 -1  1
14398197846614580754
3 7 4 7 -1  2
14398260086484396598
3 3 4 4 -1  1
14398362792211205137
5 2 6 1 -1  1
14398437412408340552
1 4 2 4 -1  1
14398471752408806614
3 2 2 1 -1  1
14398656537440246268
4 0 4 2 -1  1
14398666200013321229
1 5 3 5 -1  1
14398695593390101819
0 2 2 4 -1  3
14398755658825857081
0 3 0 2 -1  2
14398803790435508320
2 1 3 1 -1  1
14398943249383515363
4 3 2 4 -1  1
14399724685047747883
2 5 1 3 -1  1
14399744669524543675
6 6 6 0 -1  1
14399827503368835643
1 4 1 5 -1  1
14399877502610666886
2 5 4 6 -1  2
14399936511828789008
7 0 7 5 -1  1
14400073318503672257
0 6 1 6 -1  1
14400716361741749065
3 2 4 3 -1  1
14400770077608874426
1 4 2 5 -1  1
14400786388832765587
5 2 4 2 -1  1
14400924987634457276
0 6 1 6 -1  1
14401007515572632156
5 5 6 5 -1  1
14401021407878240957
5 2 5 5 -1  1
14401035100552819845
1 7 2 7 -1  1
14401044251125457596
4 6 3 5 -1  1
14401435693813412488
1 2 1 1 -1  1
14401578187850793133
2 2 4 4 -1  1
14401945427116185081
7 7 6 7 -1  1
14401969723516864230
1 3 2 4 -1  1
14402210012867872601
1 2 4 2 -1  1
14402398400879203398
0 1 1 0 -1  1
14402695612579135101
1 4 2 3 -1  1
14402781196769528588
0 4 0 7 -1  1
14402881655162092639
3 6 0 3 -1  1
14402911607967963527
3 5 2 4 -1  1
14402954943301458927
1 3 2 1 -1  4
14403000375237410691
5 1 4 2 -1  1
14403069215283524677
3 5 2 4 -1  1
14403391335369464974
2 7 1 6 -1  1
14403443367974855069
2 4 3 3 -1  3
14403572232289031341
3 2 4 2 -1  1
14404194352493997003
4 1 4 3 -1  1
14404369521671881914
1 3 3 2 -1  1
14404549597707468540
1 0 3 0 -1  1
14404553904494780909
5 1 3 3 -1  1
14404645174973948589
0 5 2 5 -1  1
14404847939195925267
6 1 6 3 -1  1
14405046057821838351
3 6 4 7 -1  1
14405215058819584414
2 1 1 0 -1  1
14405374605717813304
4 6 2 5 -1  1
14405433837939633134
1 2 3 2 -1  2
14405480536235020185
2 5 1 3 -1  1
14405486412882765644
1 4 0 5 -1  1
1 4 3 6 -1  1
14405597093662866580
5 7 4 6 -1  1
14405617357053671313
2 3 3 5 -1  1
14405770619693560081
2 4 2 6 -1  1
14405824555115433806
5 4 6 3 -1  1
14405840907141334480
2 1 1 2 -1  1
14405919133108025224
1 7 2 6 -1  1
14406160694644932061
3 5 6 2 -1  1
14406207433179752500
1 3 3 2 -1  1
14406277506698496822
1 2 1 0 -1  1
14406405603715597726
3 5 2 5 -1  1
14406585773262917888
0 7 1 6 -1  1
14406595092452058056
4 2 4 4 -1  1
14406982739953231378
1 4 3 5 -1  1
14407090168789744079
1 5 2 4 -1  1
14407646511163875764
1 7 2 7 -1  1
14407707386581334653
3 4 1 4 -1  1
14407742732774818226
0 5 1 5 -1  3
14407792064558579311
0 5 0 4 -1  1
14408372237295490550
1 1 3 1 -1  2
14408473625655460811
0 0 0 3 -1  1
14408554237714973504
4 0 7 3 -1  1
14408642642715609222
1 6 2 6 -1  1
14408717698073603329
1 7 2 7 -1  1
14408900594628463997
3 4 3 7 -1  1
14408912090292288071
4 5 2 3 -1  1
14408912498330483478
1 6 0 6 -1  1
14408915136915167881
4 4 6 3 -1  1
14409136831859716513
2 3 7 3 -1  1
14409147322949194482
0 5 2 3 -1  1
14409209004635329334
0 3 1 3 -1  1
14409215436099854931
0 3 4 3 -1  1
14409447528601516023
1 1 2 1 -1  1
14409527741969580819
2 5 4 4 -1  1
14409778417343351290
1 5 2 6 -1  1
14409815152360408608
3 2 4 3 -1  1
14409992891055897983
1 4 0 5 -1  1
14410133196373432350
5 0 6 2 -1  1
14410312878851830517
4 3 4 4 -1  1
14410364971269399907
1 0 3 0 -1  1
14410440156994536891
1 6 4 3 -1  1
14410470545361647906
3 2 3 4 -1  1
14410493314534068716
4 4 5 4 -1  1
14410646898825023327
0 6 0 7 -1  1
14410891997610424483
3 2 4 2 -1  1
14410931849493353276
3 3 1 1 -1  1
14410985041708773048
4 7 5 7 -1  1
14411054112947635120
4 6 2 4 -1  2
14411552334661976671
0 2 1 1 -1  1
14411646736816529376
1 2 2 2 -1  1
14411718141819335051
3 3 5 2 -1  2
14411816669894199820
2 2 3 2 -1  1
14411955093918304335
0 5 1 6 -1  1
14412120819378276499
2 1 3 1 -1  1
14412167473851713075
0 0 0 1 -1  1
14412301058291753232
2 5 1 3 -1  1
14412343735700337808
0 4 2 4 -1  1
14412391898289962599
4 4 0 4 -1  1
14412404203927300509
1 6 5 2 -1  1
14412436703966156568
1 5 1 1 -1  1
14412450321521322781
0 3 1 3 -1  1
14412456010164555745
1 6 2 6 -1  1
14412459571457126280
6 5 6 7 -1  1
14412902045518120068
0 0 0 3 -1  1
14412915170012054270
0 3 0 4 -1  1
14413186653361702421
2 2 3 0 -1  1
14413280702961032822
5 3 5 4 -1  1
14413445925279781355
5 7 6 5 -1  1
14413785796480602763
1 5 2 5 -1  1
14413891696164410218
0 0 0 4 -1  1
14413898163587869418
0 4 2 4 -1  1
14414206717991342759
3 3 2 3 -1  1
14414334276132237724
1 3 0 3 -1  1
14414724520785381084
1 4 2 3 -1  1
14414760912125099960
2 4 4 5 -1  1
14414813078341104420
2 0 1 1 -1  1
14414865527073992456
5 5 3 7 -1  1
14414956091515370400
0 6 2 5 -1  1
14414991323187708896
2 6 3 6 -1  1
14415029829682849491
5 0 2 0 -1  1
14415212279333389128
4 6 5 5 -1  1
14415225034422212872
0 5 1 4 -1  1
14415275916742983312
1 6 2 6 -1  1
14415317999698297408
2 2 4 3 -1  1
14415401068265906169
0 5 2 5 -1  1
14415421789472568066
1 6 1 5 -1  2
14415523727685648642
1 7 3 7 -1  1
14415600177770051889
4 1 2 2 -1  1
14415770618177487246
7 7 7 5 -1  1
14415843570761730429
5 2 4 4 -1  1
14416221991846010628
0 3 1 4 -1  1
14416301142779601937
0 0 6 0 -1  1
14416338285379968291
3 2 2 3 -1  1
14416602326657405048
2 0 1 2 -1  1
14416917124745801672
0 6 2 5 -1  1
14417086578856556411
0 3 0 0 -1  1
14417237810352484467
3 3 4 5 -1  1
14417300853889072881
5 2 6 2 -1  1
14417321718057101064
2 4 4 5 -1  1
14417345483657094990
3 0 6 3 -1  1
14417428935068110950
0 2 1 1 -1  1
14417471631528566663
2 1 3 3 -1  1
14417615666140617809
4 1 3 0 -1  1
14417723733728334085
0 2 4 6 -1  2
0 3 1 4 -1  1
0 5 0 4 -1  1
14417811110553572837
3 7 4 6 -1  1
14417898882183326197
4 6 6 7 -1  1
14418039695308041721
3 2 2 2 -1  1
14418411672459629041
2 5 4 4 -1  1
14418494148638920883
1 0 3 0 -1  1
14418642063565479074
1 1 3 1 -1  1
14418851340113037395
5 2 4 1 -1  1
14419222697749603309
2 6 3 5 -1  1
14419264507917234728
6 6 7 7 -1  1
14419372460815492195
1 2 6 2 -1  3
14419444017274015857
2 3 2 4 -1  1
14419624231268119432
1 0 2 0 -1  1
14419705507127377994
5 5 5 4 -1  1
14419774282020476798
3 2 2 1 -1  3
3 2 2 3 -1  3
14420103648890343594
0 4 0 6 -1  1
14420321128377318427
7 5 7 3 -1  1
14420331591068099102
2 2 4 3 -1  1
14420372912927648271
1 5 2 5 -1  1
14420465426687705806
1 3 0 4 -1  1
14420701452982854777
1 5 3 5 -1  1
14420790816897195844
3 6 4 6 -1  1
14420865802724766108
0 1 4 1 -1  1
14420937639792267826
2 2 3 3 -1  1
14421321138823318969
4 1 2 2 -1  1
14421405121681678913
2 4 2 2 -1  1
14421411975334060773
0 6 1 7 -1  1
14421563998487241266
2 5 3 5 -1  1
14421580359809700454
1 1 2 1 -1  1
14421585402292567807
1 3 2 1 -1  1
14421613671335080946
1 0 3 0 -1  2
14422026499260510060
1 5 2 5 -1  1
14422099141543121829
0 1 2 2 -1  211
0 6 2 5 -1  14
1 5 2 5 -1  17
1 6 2 6 -1  31
1 7 3 7 -1  1
14422105126224867453
1 3 3 5 -1  1
14422403980517145642
0 4 1 2 -1  1
14422435897216832757
4 6 3 7 -1  1
