7244699593891783800
5 3 6 1 -1  1
7244702996710116387
3 4 2 4 -1  1
7244862389217399916
2 4 2 5 -1  1
7245036289815780627
2 5 3 5 -1  1
7245036487115517854
2 4 3 3 -1  1
3 0 1 1 -1  1
7245039612180026791
4 2 5 2 -1  1
7245064230606692319
0 4 0 6 -1  1
7245072175325036075
1 5 1 4 -1  1
7245321840901511101
2 4 2 3 -1  1
7245360202510648648
2 7 3 7 -1  1
7245381958477892213
0 7 6 7 -1  1
7245534294401496389
1 5 3 5 -1  1
7245610001512195686
1 7 0 6 -1  1
7246013232594309989
0 2 1 1 -1  1
7246208882902907550
0 2 4 6 -1  1
1 0 2 0 -1  4
1 6 2 6 -1  5
7246268068383623683
4 4 5 4 -1  1
7246311526866495905
3 4 4 2 -1  1
7246730752058493507
0 4 4 4 -1  1
7246968820710523889
1 4 2 5 -1  1
7247061897845870801
0 6 1 5 -1  1
7247448755190205641
2 6 3 7 -1  1
7247915961144152497
2 6 3 6 -1  1
7247951315013325263
0 4 0 5 -1  1
7248424257212450406
3 4 5 4 -1  1
7248643884171895503
2 5 4 4 -1  1
7248872064586858429
3 0 4 1 -1  1
7249228122549570009
0 3 3 3 -1  1
7249244801239547714
0 2 1 3 -1  3
1 5 2 5 -1  1
7249540309352402205
1 2 3 2 -1  1
7249660023657208424
3 3 5 2 -1  1
7249723995955854018
0 6 0 5 -1  1
7249773500435954044
1 2 4 5 -1  1
7249878868625751064
6 3 7 5 -1  1
7249968552337214208
5 5 4 5 -1  1
7250098300655244883
1 2 1 4 -1  1
7250114531424740429
4 5 4 4 -1  1
7250141124712065961
3 3 3 5 -1  1
6 3 6 0 -1  1
7250267086302376662
3 3 4 3 -1  1
7250532788575848660
3 5 7 5 -1  1
7250558156188743524
0 6 1 5 -1  1
7250610823919299767
2 7 2 6 -1  1
7250762666823872952
6 3 5 3 -1  1
7251111206568181387
2 5 0 5 -1  1
7251380519250276635
1 0 2 1 -1  2
7251470395573626871
2 1 3 0 -1  1
7251518426326798655
0 3 1 3 -1  1
7251663475714856211
1 4 1 1 -1  1
7251732419008532227
3 3 4 3 -1  1
7251829315646127876
2 4 3 3 -1  1
7251940899316283205
2 6 3 5 -1  1
7251973300603092963
3 3 6 6 -1  1
7251986927718819885
2 4 4 5 -1  1
7252611270189328029
3 5 5 4 -1  1
7252702709775979944
1 5 0 3 -1  1
7252717991110510908
2 5 3 4 -1  1
7252752002210634302
3 0 4 0 -1  1
7253574408351438774
3 1 3 4 -1  1
7253589209754259057
3 7 0 7 -1  1
7253932327242612089
1 0 2 2 -1  1
7254118720084312263
3 3 5 4 -1  1
7254149631071555108
0 3 1 2 -1  1
7254542933712874028
4 3 3 4 -1  1
7254558241030407681
2 5 3 5 -1  1
7254621391589133900
1 3 3 4 -1  1
7254983318395719856
1 0 3 1 -1  1
7255307212078409463
2 2 0 3 -1  1
7255430821003987252
0 3 0 4 -1  1
7255533032306083157
1 4 0 3 -1  1
7255536083235690190
6 6 7 5 -1  1
7255773557098241325
1 1 2 1 -1  1
7256178772391990749
1 3 2 5 -1  1
7256434614114349382
0 4 0 2 -1  1
7256537827742918433
2 7 3 6 -1  1
7256616066811592516
0 4 0 2 -1  1
7256787090078566929
2 6 3 7 -1  1
7256850260803405635
4 4 3 3 -1  1
7257074264166154496
1 4 3 4 -1  1
7257368947283261428
2 5 3 7 -1  1
7257374571919221047
1 6 1 5 -1  1
7257387197342036550
3 4 4 4 -1  1
7257616783015281980
2 5 4 6 -1  5
7257730935692020933
1 6 3 6 -1  1
7257807078213645192
2 3 2 6 -1  1
7258320031841492345
1 2 2 3 -1  1
7258485429884057329
2 3 3 3 -1  1
7258744637956883013
2 3 3 4 -1  1
7258870944522179444
0 3 2 1 -1  1
7258938475125472228
4 4 6 5 -1  1
7259187731454180640
1 0 2 0 -1  1
7259308031734139983
0 7 1 7 -1  1
7259500271151570746
1 4 2 4 -1  1
7259503681191040440
2 4 1 4 -1  1
7259580619858732332
3 2 6 2 -1  1
7259600415943986983
3 3 3 4 -1  1
7259633647674900830
1 3 2 1 -1  1
7259708443408128016
3 4 6 4 -1  1
7259724570884802893
2 1 3 1 -1  1
7259924957216756124
0 3 2 3 -1  1
7259944777920661689
2 5 3 5 -1  1
7260013982219098778
1 5 3 5 -1  1
7260018868054306978
6 0 3 0 -1  1
7260082355476769289
0 5 1 6 -1  1
7260082538638015801
1 3 3 4 -1  1
7260177081957142612
0 6 1 4 -1  1
7260605901182626764
0 2 0 1 -1  1
7260625201272333368
1 3 3 2 -1  1
7260812664280074749
2 5 3 3 -1  1
7260885132208862132
0 2 1 3 -1  1
7261234301310983117
2 5 1 4 -1  1
7261293385688467645
0 4 0 3 -1  1
7261336820562467632
4 5 3 4 -1  1
7261380755714021936
0 4 0 6 -1  1
7261641634351481232
0 5 2 6 -1  1
7261654048046509193
5 6 3 4 -1  1
7261888888442805304
2 4 2 5 -1  1
7261926874947116915
4 5 5 5 -1  1
7262057189465853807
1 3 5 3 -1  1
7262192058885794686
0 7 0 5 -1  1
7262430774358984953
3 1 0 4 -1  1
7262512133500831904
1 7 3 7 -1  1
7262554229059850827
2 5 4 4 -1  1
7262584503817104145
2 5 4 5 -1  1
7262593130145235842
2 2 3 2 -1  1
7262816319112577844
3 1 4 1 -1  1
7262931461470522307
2 4 3 3 -1  1
7263025388959728640
6 0 5 0 -1  1
7263533831359139467
4 2 5 2 -1  1
7263608155444115093
6 6 7 6 -1  1
7263627905054140540
0 5 1 6 -1  1
7263801783132446352
2 3 3 4 -1  1
7263851759949503056
0 2 4 2 -1  1
7263904340663890180
7 7 7 4 -1  1
7264078799166401225
3 7 5 6 -1  2
7264105351127126575
7 1 3 5 -1  1
7264115525354710695
1 3 2 4 -1  1
7264491566071295710
2 4 3 4 -1  1
7264549198219321937
1 4 0 2 -1  1
7264566607890888423
1 4 1 2 -1  1
7264705534022402373
3 3 3 6 -1  1
7264989209690304884
2 5 1 3 -1  1
7265150605215282861
3 3 4 3 -1  1
7265211222710080516
2 4 4 3 -1  1
7265452630301365772
4 3 5 3 -1  1
7265641427300826528
4 1 4 0 -1  1
7265643782934152718
4 3 5 2 -1  1
7265647532072308852
0 1 4 1 -1  1
7265655666495302381
2 1 3 0 -1  1
7265697156595132627
0 5 4 1 -1  1
7266110148798788030
5 1 6 1 -1  1
7266491892211740556
2 5 4 4 -1  1
7266570427531715669
0 6 1 5 -1  1
7266675699587598421
1 5 2 6 -1  1
7266780077853110302
3 4 4 4 -1  1
7267061284294556899
3 7 1 5 -1  1
7267071437532425806
0 2 1 3 -1  1
7267170699310464946
0 4 4 4 -1  1
7267170893793353033
1 5 3 5 -1  1
7267234475224766520
1 3 3 5 -1  1
7267290224340474193
5 6 6 5 -1  1
7267841005574485343
1 1 3 1 -1  1
7268317779106637623
1 6 0 7 -1  1
7268381193394474763
0 3 2 4 -1  1
7268402201920301429
5 3 4 5 -1  1
7268485277500505527
1 0 3 0 -1  1
7269034320093100179
1 6 2 7 -1  1
7269194429661764984
2 2 3 3 -1  1
7269252448487974560
3 7 4 6 -1  1
7269266004997019955
2 2 4 1 -1  3
7269378673514518342
5 3 7 4 -1  1
7269595549695110526
2 4 3 5 -1  1
7269757326526012140
5 0 3 1 -1  1
7269862602472394664
2 0 6 0 -1  1
7270021290670083002
1 5 2 4 -1  1
7270216439151627206
2 2 0 2 -1  1
7270229369865505965
1 5 0 4 -1  1
7270272751682715380
2 3 4 5 -1  1
7270284036922641341
3 2 2 1 -1  3
7270402703832363120
3 2 1 4 -1  1
7270680143560609058
7 4 7 3 -1  1
7270923860228900655
3 4 1 5 -1  1
7271077074632909480
1 4 2 5 -1  1
7271235883136980042
1 0 2 2 -1  1
7271472778257581691
4 7 6 6 -1  1
7271558351053539142
2 5 0 5 -1  1
7271594864222100783
3 3 3 4 -1  1
7271658036546296953
0 2 0 1 -1  1
7271824321831229362
3 0 4 0 -1  1
7272144594883943789
1 6 2 5 -1  1
7272388123816984651
0 2 3 5 -1  1
7272493319980478325
1 7 2 7 -1  1
7272526058279395749
1 3 3 2 -1  1
7272642019862058768
2 4 3 3 -1  1
7272790431725212535
2 0 3 0 -1  1
7272827478856001486
1 4 0 5 -1  1
7273000257113150846
2 5 1 4 -1  1
7273066299751836240
5 3 5 4 -1  1
7273102665819335583
4 4 6 3 -1  1
7273231643290047606
1 0 3 0 -1  1
7273248484523206383
6 3 3 3 -1  1
7273275330730217556
0 2 2 2 -1  1
7273314562554172998
0 0 7 0 -1  1
7273352277623516134
0 4 0 0 -1  1
7273359455507896099
2 6 3 7 -1  1
7273388398005375522
0 5 0 4 -1  1
7273627419358368045
5 1 6 1 -1  1
7274032537138129591
5 0 0 0 -1  1
7274060397305774070
0 0 0 1 -1  2
7274142364704751558
1 1 0 2 -1  1
7274262795642912796
2 4 3 3 -1  1
7274401133391871971
7 1 7 3 -1  1
7274684374091880221
1 7 2 7 -1  1
7274754559290386100
2 5 3 4 -1  1
7274791270461663974
2 5 1 3 -1  1
7274809293803039072
2 3 3 1 -1  1
7274859464311812400
0 4 0 6 -1  1
1 6 3 6 -1  1
7275042173109907388
1 5 2 5 -1  1
7275190411658225237
0 1 2 2 -1  1
7275311857849383355
0 5 0 4 -1  1
7275339238113376278
4 5 6 4 -1  1
7275596805964811675
0 3 2 3 -1  1
7275743499082733838
0 4 0 6 -1  1
7275988992464517815
2 6 3 5 -1  1
7276098838847512728
2 2 3 0 -1  1
7276189120786235230
3 5 3 1 -1  1
7276338843426827959
3 7 3 5 -1  1
7276488948722927431
3 6 3 5 -1  1
7276587070704296859
0 0 0 3 -1  1
7276600033965730794
1 2 3 2 -1  1
7276814181761667177
0 3 0 0 -1  1
7277346667815523203
0 3 2 2 -1  1
7277412726179698223
0 0 5 0 -1  1
7277586201682452656
7 6 6 5 -1  1
7278445160492846979
1 6 2 7 -1  1
7278631793109060145
0 6 2 5 -1  1
7278678575114337624
4 6 4 4 -1  1
7278702698106266786
4 4 5 6 -1  1
7278760150175451492
1 7 2 7 -1  1
7278780556831442290
2 4 1 5 -1  1
7278874540724474156
0 5 0 4 -1  1
7278928961621597673
2 3 3 5 -1  1
7278947360197979850
2 4 3 4 -1  1
7279023173316138222
3 2 4 1 -1  1
7279061096640890787
3 3 3 6 -1  1
7279186981088299947
0 5 0 2 -1  1
7279337632409644577
1 7 3 7 -1  1
7279447044122325451
5 6 4 7 -1  1
5 6 5 7 -1  1
7279516907665748125
1 4 2 4 -1  1
7279786022048998907
1 4 2 4 -1  1
7279806010316983055
1 4 5 0 -1  1
7279877651847524330
0 2 5 7 -1  1
7279905262800309791
4 3 3 3 -1  1
7279959503542930440
1 5 2 5 -1  1
7280035010070544227
1 3 3 5 -1  1
7280088941503886908
2 4 3 4 -1  1
7280511995074711706
0 4 0 3 -1  1
7280660602387373219
3 7 4 7 -1  1
7280773918759538252
0 6 1 7 -1  1
7280930850725736851
7 3 6 3 -1  2
7281075966740064495
3 7 4 7 -1  1
7281370325390757864
4 2 4 3 -1  1
7281406115533420813
0 3 6 3 -1  1
7281696649972506022
0 5 0 3 -1  1
7281792692436589271
3 3 1 4 -1  1
7281881829859497244
4 4 3 6 -1  1
7282008166164203934
2 0 2 1 -1  1
7282032927350157864
0 1 1 3 -1  1
7282036654099428601
2 0 3 0 -1  1
7282158707314518911
1 0 2 1 -1  1
7282241621055070053
7 3 7 1 -1  1
7282283901731802851
3 2 4 2 -1  1
7282321974186343034
6 2 7 2 -1  1
7282567190275115992
1 1 1 2 -1  1
7282576689760185748
3 6 4 5 -1  1
7282725562934528747
2 6 2 7 -1  1
7282820063613531705
2 2 3 1 -1  1
7282978580891289035
6 2 7 3 -1  1
7283044862384831890
1 0 1 2 -1  1
7283085039305905280
1 6 2 6 -1  1
7283112940856855571
5 1 6 1 -1  1
7283556949655842162
1 2 2 1 -1  1
7283825053328470921
1 3 2 2 -1  1
7283933548014575078
2 0 3 1 -1  1
7283972669238519397
5 3 7 1 -1  1
7284187811623445517
2 4 3 3 -1  1
7284313569316731737
2 6 2 7 -1  1
7284375541029548815
2 4 3 3 -1  1
7284450121552050756
5 3 6 3 -1  1
7284489617447443462
0 7 0 5 -1  1
7284780878744949220
2 4 3 5 -1  1
7284969894100380112
1 2 3 2 -1  1
7284978885511425738
2 7 4 5 -1  1
7285242774446062697
0 3 1 4 -1  1
7285276117676950175
0 3 1 4 -1  2
1 7 2 7 -1  1
3 0 4 0 -1  1
7285360409902439699
7 2 7 3 -1  1
7285435462827584231
0 5 0 3 -1  1
7285567463098844492
4 3 3 5 -1  1
7285568995663811001
3 7 4 6 -1  1
7285609266100731501
2 3 1 2 -1  1
7285697139636930670
3 2 4 4 -1  1
7285934404557613261
3 3 6 3 -1  1
7286066939726766107
0 1 0 2 -1  1
7286073720682157285
2 5 3 4 -1  1
7286127419205458119
1 7 3 7 -1  1
7286329098745130354
2 2 4 3 -1  9
7286520154927650306
0 2 2 4 -1  1
7286537784197312783
1 4 3 3 -1  1
7286784616904029790
1 3 2 1 -1  1
7287005414140824250
1 5 2 5 -1  1
7287196239545475976
2 3 2 6 -1  1
7287334600723979755
0 6 1 6 -1  1
7287616579424126891
0 4 0 6 -1  1
7287629281142821941
2 2 1 2 -1  1
7287630704088481840
3 7 4 7 -1  1
7287658648007389196
0 3 0 0 -1  1
7287718617319698215
1 3 1 5 -1  1
7287834972782239801
2 2 4 2 -1  1
7288277785263232618
0 6 1 7 -1  1
7288461793480996974
0 3 4 3 -1  1
7288667458161496957
2 4 1 4 -1  1
7288922221358261608
1 6 2 6 -1  1
7288970880693394546
2 5 1 4 -1  1
7289079194787715819
2 2 3 2 -1  1
7289801226177904383
3 7 5 5 -1  1
7289805598917997379
3 5 4 5 -1  1
7289836712562781749
2 4 2 5 -1  1
7289996342136693513
5 0 2 3 -1  1
7290091703259513339
0 6 1 7 -1  1
7290164117848987727
3 6 4 6 -1  1
7290532880322110966
0 5 2 5 -1  1
7290706743141607567
3 5 4 5 -1  1
7291021210658080951
0 3 0 2 -1  1
7291255744281890997
1 4 2 5 -1  1
7291276046555436445
1 2 3 1 -1  1
7291366031272535560
6 4 6 5 -1  1
7291466427781707713
1 4 2 4 -1  1
7291696846333038626
1 6 3 6 -1  1
7291715279104875043
6 0 1 5 -1  1
7291992588707442003
3 5 4 4 -1  1
7291993315486952300
3 4 2 3 -1  1
7292032170397732414
1 5 2 5 -1  1
7292034066422535783
0 4 2 4 -1  1
7292262629122481931
3 2 0 5 -1  1
7292305399502397853
2 5 4 4 -1  1
7292371979919969653
3 4 4 3 -1  1
7292447009155098829
1 4 3 4 -1  1
7292466140246267156
0 2 2 4 -1  1
7292535563146372605
1 4 2 3 -1  1
7292850685576871084
3 3 1 4 -1  1
7293056439571068490
2 6 4 7 -1  1
7293109581234679723
0 3 3 3 -1  1
7293129872514475409
3 5 4 5 -1  1
7293307149071402875
5 2 3 4 -1  1
7293312046801275920
1 7 3 7 -1  1
7293417970872146938
1 7 0 7 -1  1
7293497304336187040
2 3 3 2 -1  1
7293516881060570561
4 5 2 4 -1  1
7293827148202834037
5 3 4 1 -1  1
7293956708356035458
4 5 4 4 -1  1
7294019180508469656
1 7 3 7 -1  1
7294063102710874438
5 6 4 7 -1  1
7294166763265478618
0 5 0 6 -1  1
7294411795709943713
2 5 1 4 -1  1
7294434873596854889
2 5 4 4 -1  1
7294724085767228790
2 5 3 6 -1  1
7294737715079007572
2 0 3 1 -1  1
7294769855594082421
1 7 1 6 -1  1
7295009963464095283
3 3 4 3 -1  1
7295126752009920655
1 2 3 2 -1  1
7295274659802725977
4 6 5 6 -1  1
7295278426827562607
2 3 3 4 -1  1
7295295367846030757
1 3 1 0 -1  1
7295446456674095814
1 3 2 1 -1  1
7295686100566749504
3 2 4 0 -1  1
7296222541287808532
0 6 1 5 -1  1
7296710710805500778
0 5 0 4 -1  1
7296800321894252284
4 0 6 0 -1  1
7296893296896028810
3 3 2 4 -1  1
7297232050030516194
0 3 0 5 -1  1
7297237622326287779
1 4 2 4 -1  1
7297348114233047787
4 3 4 2 -1  1
7297396216772578239
1 5 2 6 -1  1
7297578857232909176
0 6 0 7 -1  1
7297745744071083071
3 1 3 7 -1  1
7297901898648649703
0 2 3 5 -1  1
7298075334092760428
1 0 2 0 -1  1
7298422907496642039
0 6 1 7 -1  1
7298471798999178921
4 1 5 0 -1  1
7298495046725150692
2 5 3 4 -1  1
7298535144238981505
0 3 3 3 -1  1
7298590473942457921
3 2 2 4 -1  1
7298647546849823911
4 7 5 7 -1  1
7298785396476004793
0 3 1 4 -1  1
7298932597825194960
0 3 2 5 -1  1
7299002244174704657
6 7 6 1 -1  1
7299095926396159559
2 5 1 5 -1  1
7299165844590514363
4 4 5 2 -1  1
7299185539852002450
2 3 3 4 -1  1
7299242274888958938
6 0 5 1 -1  1
7299289798525697348
0 5 2 3 -1  1
3 3 4 2 -1  1
7299431997961942908
1 2 3 1 -1  1
7299553021833439570
2 5 1 3 -1  1
7299553099799991253
3 6 4 6 -1  1
7299677259308880153
6 5 7 5 -1  1
7299711765406983592
0 0 0 1 -1  1
7299978945525188115
6 3 2 7 -1  1
7299989802801092458
1 4 2 6 -1  1
7300089633346003189
0 2 1 1 -1  1
7300126940829955019
0 6 1 5 -1  1
7300330279361948960
2 5 3 4 -1  1
7300426369263305669
4 4 5 5 -1  1
7300498805582365578
0 5 1 6 -1  1
7300592758794256422
5 2 6 2 -1  1
7300698297745800839
3 4 4 4 -1  1
7300914477299482622
1 0 2 0 -1  1
7301071305781097407
4 2 4 7 -1  1
7301245845601365517
2 7 3 7 -1  1
7301413013608056632
0 3 7 3 -1  1
7301574213396273540
1 3 2 3 -1  1
7301674539418455599
0 3 1 3 -1  1
7301715720973583420
5 2 4 3 -1  1
7301719517064098382
0 4 0 6 -1  1
7301782990418937577
2 0 2 1 -1  1
7301851711652026694
1 4 3 6 -1  1
7302149021232497040
0 4 0 6 -1  1
7302405220987806602
6 4 4 3 -1  1
7302647380744893164
2 2 3 1 -1  1
7302657126441678417
1 4 3 4 -1  1
7302846715046839499
3 4 5 5 -1  1
7302863173517790111
3 0 4 0 -1  1
7303119906488409081
0 2 2 0 -1  1
7303255292496815527
1 3 3 4 -1  1
7303269498483353140
1 2 2 2 -1  1
7303485659228672381
2 4 2 1 -1  1
7303506513177681937
0 4 0 6 -1  1
7303565742532121830
4 1 2 2 -1  1
7303849137330449619
3 2 4 1 -1  1
7303956812617636649
1 0 3 0 -1  1
7304103089235262405
3 4 2 3 -1  1
7304226472749177152
1 5 3 5 -1  1
7304351987543195386
0 2 3 5 -1  1
7304442308461959952
2 5 2 3 -1  1
7304692058838772945
3 0 0 3 -1  1
7304872467539392494
0 2 0 0 -1  1
7305127568054047603
3 6 4 6 -1  1
7305288268750890660
6 0 6 4 -1  1
7305406057893797560
0 6 1 5 -1  1
7305499589560703879
0 0 0 2 -1  1
7305689737099566192
1 4 2 5 -1  1
7305727994564413455
3 0 4 0 -1  1
7305743386092326440
3 6 4 4 -1  1
7305840520344535166
1 4 3 2 -1  2
7305948345543548884
0 2 1 3 -1  1
7305948955261417951
1 0 3 0 -1  1
7305993503058465758
0 4 0 6 -1  1
7306098229315338372
0 5 0 3 -1  1
7306141093474604433
3 5 4 4 -1  1
7306347648298713712
0 2 2 4 -1  1
7306479973471175095
0 5 1 6 -1  1
7306567235406153014
4 5 3 6 -1  1
7306685012978072073
5 1 7 0 -1  1
7306687662220590986
6 2 6 0 -1  1
7306896674772758843
0 6 1 7 -1  1
7306952862986827409
0 3 0 4 -1  1
7307098468371115525
3 4 4 4 -1  1
7307626070364297671
2 6 3 6 -1  1
7307730756937793203
0 3 1 2 -1  1
7307892766154883204
1 7 3 7 -1  1
7307976158558312918
0 2 5 2 -1  1
7308509425506133539
3 4 4 4 -1  1
7308516115731359727
0 4 1 4 -1  1
7308574252546587542
2 6 3 6 -1  1
7308624125437793001
5 4 4 6 -1  1
7309037665505901292
0 0 0 2 -1  1
7309040679441986949
0 1 5 1 -1  1
7309083345418217702
3 4 4 3 -1  1
7309347460152729384
0 2 1 1 -1  1
7309348439208288360
0 2 4 2 -1  1
7309794284747692759
2 6 3 6 -1  1
7309812328971115427
1 7 3 7 -1  1
7309863912230308429
1 5 2 6 -1  1
7310019324064960908
0 3 1 3 -1  1
7310134625134089620
1 3 3 3 -1  1
7310163273146348596
4 3 6 4 -1  1
7310295790608911764
4 5 4 2 -1  1
7310412241469603645
1 4 2 4 -1  1
7310545074462832574
1 7 3 7 -1  1
7310685478210884654
1 2 2 2 -1  1
7310837372574421157
1 3 0 1 -1  1
7310878138306852190
1 5 0 6 -1  1
7311061424253106397
0 5 1 7 -1  1
7311117169485276008
3 1 4 1 -1  1
7311182018060664921
1 4 3 4 -1  1
7311232680300713715
4 3 4 6 -1  1
7311570317633284283
2 1 5 1 -1  1
7311609144188821215
5 7 4 7 -1  1
7311756584809017700
4 5 1 2 -1  1
7311922568470046869
0 5 1 4 -1  1
7312268776672093887
0 3 0 0 -1  1
7312353621009366548
1 5 3 5 -1  1
7312371390096114356
1 4 3 6 -1  1
7312635122664181211
0 6 1 6 -1  1
7312950317729841884
0 3 2 1 -1  1
7312992346424383280
1 3 2 3 -1  1
7313184264929199875
2 2 3 3 -1  1
7313359305360492484
0 3 0 0 -1  1
7313643500171269587
0 2 3 5 -1  1
7313858685912330208
1 2 2 3 -1  1
7313930078577303418
5 0 1 4 -1  1
7314038288011186297
1 2 2 2 -1  1
7314145523547937596
2 2 4 3 -1  1
7314182381368071536
2 4 3 2 -1  1
7314324466006781869
0 5 2 3 -1  1
7314330069156321689
4 4 5 4 -1  1
7314722435211773858
4 3 5 2 -1  1
7314879461781012122
7 2 7 4 -1  1
7315028099365665458
1 4 2 6 -1  1
7315044856033400194
4 0 3 0 -1  1
7315100346051364942
3 0 1 2 -1  1
7315113891422188436
4 6 5 6 -1  1
7315187354571190954
3 0 0 3 -1  1
7315398900798249145
0 3 1 4 -1  1
7315404662892576218
1 6 6 1 -1  1
7315530153182066681
1 6 2 5 -1  1
7315650311343420438
7 7 6 7 -1  1
7315822491331372831
3 5 2 4 -1  1
7315855594328543820
2 3 3 2 -1  1
7316087690690245998
1 3 1 5 -1  1
7316130603437386976
1 5 2 5 -1  1
7316161017291666186
2 2 4 3 -1  1
7316300149490980686
3 3 4 3 -1  1
7316368806609808886
4 6 3 7 -1  1
7316403875294406351
0 1 3 1 -1  1
7316671155957197631
3 5 4 4 -1  1
7316882679344729196
3 6 2 7 -1  1
7316989159431400692
3 3 4 4 -1  1
7317027569322559202
4 5 2 7 -1  1
7317124521641873297
3 3 3 2 -1  1
7317550855759074471
0 6 0 5 -1  1
7317665481053659224
0 0 0 4 -1  1
7317670972589151870
2 0 3 0 -1  1
7317777089473553281
3 7 4 6 -1  1
7317841518952233556
2 5 3 4 -1  1
7318122071985014880
3 4 4 4 -1  1
7318128033268233582
0 2 0 1 -1  1
2 6 3 4 -1  1
7318348492065301082
1 6 1 4 -1  1
7318889197763654266
0 3 5 3 -1  1
7318988118855951174
2 5 1 4 -1  1
7319293096298824970
0 5 2 4 -1  1
7319543701465281272
1 7 2 6 -1  1
7319558638328462071
4 3 5 4 -1  1
7319599119016065416
4 3 5 5 -1  1
7319816257897342891
0 5 0 0 -1  1
7319956441508910893
3 1 5 2 -1  1
7319980369051335579
2 5 3 6 -1  1
7320048922023245401
3 4 4 3 -1  1
7320246510265268670
2 7 2 5 -1  1
7320357756462839132
2 5 3 4 -1  1
7320564271365879521
5 5 5 4 -1  1
7320638121574133245
0 1 2 2 -1  3
7320644689056321182
3 2 1 0 -1  1
7320813252453216763
3 0 4 0 -1  1
7320896312146261283
4 2 5 1 -1  1
7320899860874438179
2 5 5 2 -1  1
7320917237002959822
0 4 3 7 -1  1
7320988733094475252
1 4 2 5 -1  1
7321003405499428606
4 6 3 7 -1  1
7321136390565650763
1 6 2 6 -1  1
7321228079116324083
3 2 1 0 -1  1
7321416540352956512
0 2 3 5 -1  1
7321728450772178712
2 1 5 4 -1  1
7321741833703501460
2 6 3 6 -1  1
7322485374234414521
1 7 3 7 -1  1
7322785526518191718
0 0 0 3 -1  1
7322849589744536654
1 4 2 3 -1  1
7323074751330935169
1 4 2 4 -1  1
7323085197037024442
5 5 5 4 -1  1
7323142579942990116
5 0 7 2 -1  1
7323169890692179995
2 1 3 2 -1  1
7323182926295174752
3 5 7 5 -1  1
7323598959090363201
1 7 3 7 -1  1
7323821151206116515
2 6 3 4 -1  1
7324015835909905495
7 6 7 4 -1  1
7324156178282933482
3 1 2 2 -1  1
7324224638477245817
1 4 5 0 -1  1
7324297769119019817
0 4 3 7 -1  1
7324479489241654363
2 5 4 4 -1  1
7324486242811345348
2 1 3 0 -1  1
7324714601382596384
1 4 1 0 -1  1
7324731165963115678
1 6 2 6 -1  1
7325103114484606730
3 1 4 0 -1  1
7325571488687960049
1 7 3 7 -1  1
7325719464365451431
0 4 0 6 -1  1
7325744626066459315
3 3 3 1 -1  1
7326356256769548461
4 3 5 4 -1  1
7326361635442485015
2 5 4 4 -1  1
7326425202769908325
3 7 4 6 -1  1
7326478623807998032
1 2 2 1 -1  1
7326753114159723773
2 5 3 4 -1  1
7327091476518793451
0 5 7 5 -1  1
7327138307007044857
6 3 7 4 -1  1
7327306765006380789
2 5 2 6 -1  1
7327709647225691328
3 4 4 4 -1  1
7327870317898177416
2 1 1 2 -1  1
7327917368099745150
0 0 1 2 -1  1
7327946177142260005
2 1 1 2 -1  1
7328076288523220426
2 7 2 6 -1  1
7328147461199374670
2 1 3 2 -1  1
7328209721308339436
2 0 3 1 -1  1
7328341968123889453
3 3 4 4 -1  1
7328360386852330022
3 3 4 3 -1  1
7328551570408324231
0 5 0 2 -1  1
7328622598220752726
3 0 5 1 -1  1
7328632317687838918
4 1 4 3 -1  1
7328714031114602381
0 2 2 4 -1  1
7328788011143151055
5 0 4 1 -1  1
7328844764896904360
1 3 1 0 -1  1
7328887446921568547
0 4 0 6 -1  1
7328916043123664031
2 5 1 4 -1  1
7329287836783238065
0 1 1 1 -1  1
7329367091306056926
0 3 0 5 -1  1
7329562804733901126
3 2 2 4 -1  1
7329584645400227799
3 3 6 0 -1  1
7329707826593101194
0 4 0 5 -1  1
7329896150398495073
0 5 4 1 -1  1
7329989763347479071
0 2 3 5 -1  1
7330119743011611481
2 0 3 0 -1  1
7330211595657760852
0 4 0 2 -1  1
7330257899517878360
2 4 3 4 -1  1
7330443947264887291
2 2 1 0 -1  1
7330526913231344972
2 2 4 3 -1  1
7330554728632179414
1 3 2 3 -1  1
7330562027882502621
0 4 2 4 -1  1
7330570974979199707
1 4 4 7 -1  1
7330620695899574895
0 3 0 0 -1  1
7331042923134529034
2 3 1 4 -1  1
7331200659328475667
2 5 2 3 -1  1
7331486670743193276
0 1 1 3 -1  1
7331524813742288513
0 1 2 2 -1  4
1 3 3 3 -1  13
2 5 4 4 -1  63
7331558413809529057
1 3 0 5 -1  1
7331736496461634476
1 0 0 1 -1  1
7331837618595700786
3 7 3 6 -1  1
7332172972237988570
3 3 4 2 -1  1
7332392609236003059
1 5 2 5 -1  1
7332504375113140551
2 5 3 3 -1  1
7332578541169555951
1 4 2 4 -1  1
7332648419357883498
4 1 4 2 -1  1
7332738101529617136
3 5 4 6 -1  1
7332834815042171025
2 2 4 1 -1  1
7332957093462714922
5 4 6 4 -1  1
7333079119329653908
3 4 5 5 -1  1
7333215737748410854
0 4 0 6 -1  1
7333229927187942510
2 0 1 2 -1  1
7333493798061157696
1 5 2 4 -1  1
7333821332165218065
4 6 5 7 -1  1
7334050780255191912
7 1 2 6 -1  1
7334377321298002524
6 7 5 7 -1  1
7334605678085089046
0 4 1 5 -1  1
7334704420718043807
3 6 4 5 -1  1
7334955188750409185
3 0 4 0 -1  1
7334992349627268626
6 7 5 5 -1  1
7335276033415015216
3 2 3 4 -1  1
7335301243587780454
1 1 1 2 -1  1
7335355360375778941
1 1 2 0 -1  1
7335396332702878336
5 3 7 4 -1  1
7335903968812149165
1 1 2 1 -1  1
7335909183817636167
3 6 4 6 -1  1
7336003274948859918
2 1 2 4 -1  1
7336076206897847804
3 5 6 5 -1  1
7336132317762663994
0 4 0 6 -1  1
7336192502279681945
0 2 2 0 -1  1
7336397624252295751
3 2 5 4 -1  1
7336624064930538356
4 1 4 0 -1  1
7336776645229071087
4 3 2 3 -1  1
7337057883010325089
1 3 0 4 -1  1
7337099073576945173
2 2 1 3 -1  1
7337504978208600342
0 6 0 7 -1  1
7337555109890388774
0 6 2 5 -1  1
7337567160918216527
2 3 6 3 -1  1
7337604278751443352
4 7 5 6 -1  1
7337609510398414535
5 6 4 7 -1  1
7337917525196810368
2 2 3 2 -1  1
7338170475688499385
1 6 2 6 -1  1
7338421626891291677
2 6 3 6 -1  1
7338581383197898917
0 4 0 6 -1  1
7338587845435433273
1 4 2 4 -1  1
7338623344160732037
4 4 6 3 -1  1
7338690880102982072
4 6 5 5 -1  1
7338793149033331094
1 0 0 1 -1  1
7338844802184862031
5 7 5 3 -1  1
7339204956257147964
4 4 2 3 -1  1
7339288701793083041
3 3 2 5 -1  1
7339404306024008019
1 5 3 5 -1  1
7339458960139372984
1 6 3 6 -1  1
7339645350939504383
2 3 2 5 -1  1
7339658635881279946
1 7 3 7 -1  1
7339739437973589800
0 4 1 4 -1  1
7339741187225840923
1 1 3 1 -1  1
7339748357814401704
4 5 5 5 -1  1
7339754644469222613
1 2 4 5 -1  1
7340094809202637617
0 3 1 2 -1  1
7340163578855445242
0 3 1 3 -1  4
7340471876911539510
4 6 7 3 -1  1
7340491271533406558
4 0 5 0 -1  1
7340501552600137397
5 2 4 3 -1  1
7340508865673252432
4 6 5 6 -1  1
7340705079038023366
3 3 4 5 -1  1
7340808253464480144
3 7 4 6 -1  1
7341031739505523285
0 1 7 1 -1  1
7341247316267872306
3 5 4 4 -1  1
7341379206086348959
2 4 1 5 -1  1
7341433977851342472
2 6 3 6 -1  1
7341575162919566260
4 6 4 4 -1  1
7341617357538829261
2 3 0 5 -1  1
7342091598152528708
5 3 6 2 -1  1
7342186571997754521
4 4 5 4 -1  1
7342423522987317421
1 4 1 5 -1  1
7342434903483507864
2 4 3 5 -1  1
7342438701310349623
1 2 0 1 -1  1
7342585045432275491
0 4 0 2 -1  2
7342666455635696936
2 4 4 5 -1  1
7343034935417340215
0 0 0 7 -1  1
7343330917738884990
1 5 1 4 -1  1
7343605218689742489
2 7 3 7 -1  1
7343882617876053710
3 4 4 4 -1  1
7343939083477904689
4 1 2 0 -1  1
7344033608706109749
1 7 0 5 -1  1
7344089205999567780
0 4 3 4 -1  1
7344115951114913046
0 5 1 6 -1  1
7344119493256543511
0 3 6 3 -1  1
7344322266706767433
2 4 3 4 -1  1
7344524672175939249
0 4 0 5 -1  1
7344527470751452824
3 2 5 4 -1  1
7344643202083172019
2 4 3 3 -1  1
7344928740178662260
2 4 3 3 -1  1
7344986669087188510
2 5 6 5 -1  1
7345506745034931842
3 3 3 2 -1  1
7345510326073412803
5 1 6 1 -1  1
7345720767016016064
7 1 6 1 -1  1
7345759529312573954
2 4 4 3 -1  1
7345905575895822893
1 7 0 6 -1  2
7345906044134375465
2 1 3 2 -1  1
7345999409983152939
1 0 2 0 -1  3
7346118125928617909
6 0 5 1 -1  1
7346128915437829346
4 3 2 5 -1  1
7346372645835047026
4 6 3 7 -1  1
7346480200370031961
1 2 3 4 -1  1
7346523708622866308
2 5 4 6 -1  1
7346640686501641552
3 6 4 6 -1  1
7346664525082298963
1 5 2 5 -1  1
7346929489387301823
2 2 3 0 -1  1
7346950043110383404
2 0 2 5 -1  1
7347045123418011973
1 1 1 5 -1  1
7347221212323269658
5 3 0 3 -1  1
7347427325942396881
1 4 3 2 -1  1
7347515279611719110
2 4 5 1 -1  1
7347541601098402432
2 2 3 4 -1  1
7347790720881270725
3 1 2 1 -1  1
7347981996127273939
0 3 0 5 -1  1
7348051041385580162
3 4 4 3 -1  1
7348249419432564483
2 3 3 3 -1  1
7348505893974940917
1 0 2 0 -1  1
7348530201860390670
3 3 4 5 -1  1
7348951330815330077
2 1 4 3 -1  1
7348982151104089069
3 3 4 4 -1  1
7349641573004862138
6 5 7 5 3  1
7349864907441674201
3 3 2 5 -1  1
7349882887364979590
0 6 1 6 -1  1
7349886580779325086
1 4 4 7 -1  1
7350092151261239823
2 4 4 3 -1  1
7350119280245639170
6 2 4 2 -1  1
7350197182602168064
4 5 5 7 -1  1
7350247016974493355
1 1 2 1 -1  1
7350565722604678006
0 6 0 7 -1  1
7350708053741189078
7 2 5 1 -1  1
7351054551599447702
2 2 0 1 -1  1
7351141558475575951
2 4 3 3 -1  1
7351150890392784045
0 4 0 3 -1  1
7351287907852380156
2 5 3 5 -1  1
7351438234219897429
4 1 3 0 -1  1
7351514436356918071
0 3 3 0 -1  1
7351711891036993841
0 4 0 5 -1  1
7351742667633728848
1 7 0 6 -1  1
7351842727539298156
3 6 2 4 -1  1
7351995942939492351
2 0 2 3 -1  1
7352207357683810892
2 6 0 5 -1  1
7352207702060605516
3 3 4 2 -1  1
7352471345039111685
2 2 4 3 -1  1
7352601233734404062
2 3 1 4 -1  1
7352632396651627178
0 1 1 3 -1  1
7352846831301413836
4 5 5 6 -1  1
7352863561701099258
4 5 5 5 -1  1
7353529730011977304
4 3 3 5 -1  1
7353626377576968127
0 2 2 4 -1  1
7353630415752293703
0 2 0 3 -1  1
7353833273822916740
0 5 1 6 -1  1
7354150413848714433
1 1 2 1 -1  1
7354287998413782252
0 4 0 6 -1  1
7354319817788177603
3 1 4 1 -1  1
7354441822417760228
0 2 0 1 -1  1
7354512093346592144
0 5 0 0 -1  1
7355070931831288347
3 5 2 4 -1  1
7355176236735992027
1 5 2 5 -1  1
7355183638860073379
2 4 5 1 -1  1
7355324295182288596
0 2 1 1 -1  1
7355339876427025262
5 2 5 1 -1  1
7355371811653543440
0 0 0 3 -1  1
7355447083042287159
2 4 6 4 -1  1
7355555950006183076
1 7 3 7 -1  1
7355567501660772002
4 5 5 3 -1  1
7355976538975164554
2 4 3 4 -1  1
7356016817971965409
1 2 4 5 -1  1
7356058952857182284
3 4 4 3 -1  4
7356074291590306278
2 6 5 3 -1  1
7356168438218904204
2 4 3 5 -1  1
7356399649066440987
2 1 2 2 -1  1
7356584917010669555
1 5 5 1 -1  1
7356705692559372242
1 6 1 5 -1  1
7356797257125963189
3 3 1 2 -1  1
7356859491026399271
1 1 3 1 -1  1
7356977917700567598
1 6 0 7 -1  1
7357424120099728912
5 0 4 1 -1  1
7357575447006632288
2 0 2 3 -1  1
7357596829355658789
0 1 0 0 -1  1
7357605492506743940
2 3 3 2 -1  1
7357617256383601750
0 7 1 7 -1  1
7357651841020998484
3 5 4 3 -1  1
7357693929213554743
2 5 4 4 -1  1
7357759920627095741
1 6 1 5 -1  1
7357765309628249122
0 4 3 4 -1  1
7357986988331087281
0 3 0 4 -1  1
7358153748671277554
0 5 0 1 -1  1
7358194713647559793
3 0 4 1 -1  1
7358238199394069476
1 0 3 0 -1  1
7358499499025886878
2 5 3 5 -1  1
7358668051512013481
3 6 4 7 -1  1
7358798586151363013
1 2 4 5 -1  1
7358911938078577623
1 2 3 2 -1  1
7359088577429731973
1 7 3 7 -1  1
7359089300968942542
2 5 3 4 -1  1
7359164408610598802
0 0 0 2 -1  1
0 3 1 2 -1  2
0 5 1 4 -1  5
1 0 2 0 -1  2
3 2 4 2 -1  4
7359461670264504183
0 6 0 7 -1  1
7359712732747581420
2 1 3 2 -1  1
7359718630840064305
1 1 2 0 -1  1
7359768611442727039
1 6 2 6 -1  2
7359828229586015918
3 4 7 4 -1  1
7360244478151729696
6 3 6 5 -1  1
7360616104949189606
0 6 1 6 -1  1
7360639457565911807
0 2 3 5 -1  1
7360653752027004825
7 1 4 4 -1  1
7360684057623508959
0 7 2 7 -1  1
7360705302416163714
3 4 3 7 -1  1
7361160646652585852
5 0 5 1 -1  1
7361380944165464736
0 6 1 5 -1  1
7361406328842556431
5 2 3 1 -1  1
7361543482570384121
3 3 2 1 -1  1
7361758567320963635
2 3 3 3 -1  1
7361799372941424435
1 6 2 6 -1  1
7361836217519815950
1 6 2 6 -1  1
7362156066082493628
2 6 3 7 -1  1
7362183610881728722
7 0 7 4 -1  1
7362196185738642190
4 4 3 2 -1  1
7362282989729904331
5 2 5 3 -1  1
7362357787159256061
4 7 5 7 -1  1
7362462670600908230
5 7 6 7 -1  1
7362590168422334448
3 2 2 1 -1  1
7362822666961547878
4 6 7 3 -1  1
7362842955477943032
2 6 2 5 -1  1
7362988586527955830
2 1 0 1 -1  1
7363174257731706123
1 3 0 5 -1  1
7363697765856318784
0 6 1 5 -1  1
7363886074592313316
0 4 4 4 -1  1
7363910265378473438
1 4 2 4 -1  1
7363916507092910774
2 4 3 3 -1  1
7364023444730988589
0 6 2 5 -1  1
7364036771500856281
0 2 3 5 -1  1
7364113378206180318
3 2 5 0 -1  1
7364143428056505492
0 3 1 2 -1  1
7364583035592406295
1 4 2 5 -1  1
7364592461807477529
5 0 6 0 -1  1
7364707885825166228
1 7 3 6 -1  1
7364709964051766814
0 3 4 3 -1  1
7364883255753629029
2 2 3 1 -1  1
7365123781914396377
1 7 2 6 -1  1
7365221474772635223
0 3 3 6 -1  1
7365253728532944523
1 2 2 1 -1  1
7365293612639615132
5 3 4 2 -1  1
7365797741938581414
2 4 4 2 -1  1
7365901517356645525
3 4 3 5 -1  1
7366041205107944685
3 5 4 4 -1  1
7366243828664042901
0 6 1 7 -1  1
7366359389967905621
2 2 4 3 -1  1
7366575065835320033
0 4 1 5 -1  1
7366595119147771155
3 2 4 4 -1  1
7366618955737171814
0 4 0 6 -1  1
7366694545482265343
1 1 3 1 -1  1
7367228110137559020
1 2 2 3 -1  1
7367376677147830301
7 4 7 5 -1  1
7367463873012003469
1 0 3 0 -1  1
7367732169963005871
4 5 5 4 -1  1
7367750847477877437
3 1 2 1 -1  1
7367772955628666747
0 5 1 4 -1  2
7368145782790764270
3 3 2 5 -1  1
7368172929407931013
6 0 0 0 -1  1
7368323174051682972
0 4 5 4 -1  1
7368458734661715732
2 2 1 4 -1  1
7368728285426300863
4 6 3 5 -1  1
7368911827638458340
0 2 2 4 -1  8
0 2 4 6 -1  1
0 6 2 5 -1  3
1 5 3 5 -1  3
7368983604511681099
6 3 6 5 -1  1
7369065120892352343
0 3 1 3 -1  1
7369106315312638783
7 2 6 1 -1  1
7369265389103961364
3 1 4 2 -1  1
7369327210176125940
6 2 6 3 -1  1
7369341310390121680
0 6 2 7 -1  1
7369482349178582332
1 1 2 2 -1  1
7369856122156306911
0 3 1 3 -1  1
7369900185398719368
0 1 2 2 -1  1
7369954562397661855
3 4 5 3 -1  1
7370061766908864858
0 2 7 2 -1  1
7370064422113667947
2 7 3 7 -1  1
7370219794623281676
2 4 3 6 -1  1
7370244896117821071
1 4 2 6 -1  1
7370284521845563978
4 6 3 5 -1  1
7370367099743986828
1 6 3 6 -1  1
7370657649507535165
2 0 3 0 -1  1
7370803234357418587
5 7 6 7 -1  1
7370808683716622025
3 6 4 6 -1  1
7370821451500132253
2 1 3 2 -1  1
7370921222327184739
1 7 2 7 -1  2
7371210487866062256
1 6 3 6 -1  1
2 1 1 2 -1  1
7371346730995428840
4 0 5 0 -1  1
7371369482742307913
3 5 3 1 -1  1
7371521017442367266
3 0 3 1 -1  1
7371571368956408264
2 5 3 4 -1  1
7371843252346508293
1 2 2 1 -1  1
7371867261135831352
3 3 4 2 -1  1
7372007681984491003
0 4 1 3 -1  1
7372324288084364212
1 3 4 6 -1  1
7372471673968198882
1 4 3 4 -1  2
7372634896061615996
2 5 4 6 -1  1
7372901354876502703
6 2 6 0 -1  1
7372934630734105168
2 2 3 2 -1  1
7373006413678251714
0 2 1 2 -1  1
7373056926392426757
0 5 0 4 -1  1
7373094578525842980
1 5 1 6 -1  1
7373160013482344168
1 3 3 2 -1  1
7373245021531276720
3 1 4 2 -1  1
7373410745960556369
0 2 2 0 -1  1
7373444755017765462
3 2 4 3 -1  1
7373732987168284583
1 0 3 0 -1  1
7373889019187742320
4 4 5 2 -1  1
7373937369948035733
5 6 5 5 -1  1
7374118781513993708
1 4 1 3 -1  1
7374196060311729455
0 3 1 5 -1  1
7374598368250005836
1 6 2 5 -1  1
7374653415538166257
0 5 0 3 -1  1
7374657922473935683
0 3 0 4 -1  1
7375071608054447580
2 7 2 5 -1  1
7375127317947533467
4 1 3 0 -1  1
7375200293162805830
2 3 2 0 -1  1
7375423796092113063
0 3 1 2 -1  1
7375472192665906479
1 0 5 4 -1  1
7375578948545145558
3 1 5 1 -1  1
7375967297762532927
1 2 1 6 -1  1
7376064733788144303
6 3 6 2 -1  1
7376104539698564816
4 4 5 3 -1  1
7376127160606231926
2 4 3 4 -1  1
7376418367289400473
0 5 1 5 -1  1
7376448150245245107
4 3 4 0 -1  1
7376554536643690588
6 3 4 5 -1  1
7376580525009843939
1 1 2 2 -1  1
7376801334457626255
4 2 4 0 -1  1
7377220690821243394
6 6 6 2 -1  1
7377268470301095912
3 3 4 2 -1  1
7377535462943303422
5 7 4 5 -1  1
7377745213922893574
5 2 3 1 -1  1
7377817204481256895
0 1 1 3 -1  1
7377990911436163473
3 5 3 4 -1  1
7378189491927155061
1 6 0 5 -1  1
7378300305352097933
2 5 3 4 -1  1
7378353852940104145
0 6 1 7 -1  1
7378368156061922918
2 5 3 5 -1  1
7378415531183494260
5 1 4 3 -1  1
7378762193672921876
7 3 4 6 -1  1
7378767279211990115
1 4 2 4 -1  1
7378790430063762349
7 0 6 0 -1  1
7379056573733577203
2 2 1 4 -1  1
7379087193435395767
4 6 6 4 -1  1
7379127394807195070
1 7 0 6 -1  1
7379334544452307531
1 1 2 2 -1  1
7379364512522870031
0 2 0 3 -1  1
