7649747115161949414
0 6 0 5 -1  1
7649836308270920597
3 4 4 3 -1  1
7649982075709843405
2 2 0 3 -1  1
7650109658960048690
3 5 1 3 -1  1
7650328355900940716
2 2 3 0 -1  1
7650385855265253682
1 5 2 5 -1  1
7650580090187323247
1 6 2 5 -1  1
7650600804178070421
4 5 5 4 -1  1
7650630858565955597
1 5 3 5 -1  1
7650853256677712421
4 6 5 6 -1  1
7651112266694387345
0 0 1 1 -1  1
7651150206419971437
1 1 2 1 -1  1
3 0 4 0 -1  1
7651207706866886248
2 2 6 6 -1  1
7651670584421629620
1 4 3 4 -1  1
7651934764939046316
3 4 1 4 -1  1
7652230652852862515
0 2 0 3 -1  1
7652263294470266834
1 7 3 7 -1  1
7652318178043064743
0 4 0 6 -1  1
7652532062578488948
3 1 3 0 -1  1
3 1 4 0 -1  1
7652744287013829461
1 2 1 5 -1  1
7652868105761873376
2 1 2 0 -1  1
7652905854016368137
4 2 5 2 -1  1
7653094479109061999
0 0 0 3 -1  1
7653141538035873063
2 1 3 1 -1  1
7653383988816037846
0 3 0 1 -1  1
7653634243422478867
1 0 2 0 -1  1
7653821500812547949
0 2 2 4 -1  1
7653838941129310395
0 2 1 2 -1  1
7653849890384551556
4 5 3 7 -1  1
7653896046681088398
2 4 3 5 -1  1
7653990805505551407
1 7 2 7 -1  1
7654000795013070198
0 0 0 3 -1  1
7654024627678803626
3 5 4 5 -1  1
7654079214723057970
1 2 2 3 -1  1
7654133189988748201
0 1 2 2 -1  2
7654221837035568972
2 1 1 1 -1  1
7654287336471439402
2 1 4 2 -1  1
7654290751484082633
2 1 3 1 -1  1
7654301072680826759
6 0 7 1 -1  1
7654379548612322420
2 5 3 5 -1  1
7654514661990789039
4 2 4 0 -1  1
7654556273087256120
2 1 2 3 -1  1
7654622445998680030
2 5 3 5 -1  1
7654681583105053085
3 7 3 1 -1  1
7655045641294070657
2 6 3 6 -1  1
7655316928907332490
2 5 4 4 -1  1
7655626226684096797
2 4 3 5 -1  1
7655863537608576714
2 4 1 3 -1  1
7655902671908354885
0 2 0 1 -1  1
7655989863910794442
3 3 4 4 -1  1
7656001930601987697
0 2 2 2 -1  1
7656225284674304378
0 2 6 2 -1  1
7656231727353542229
1 7 3 7 -1  1
7656403044234172782
4 4 4 5 -1  1
7656448694944947703
1 3 3 5 -1  1
7656662776200657369
0 0 0 2 -1  1
7656728608069202665
4 6 4 5 -1  1
7656793617534729475
2 5 3 5 -1  1
7656815683282450968
0 5 1 4 -1  1
7656819825384879736
3 4 4 5 -1  1
7656821879967856593
0 3 7 3 -1  1
7656837211082899299
0 0 0 7 -1  1
7657037222519974970
4 3 5 2 -1  1
7657302682289307374
1 5 3 5 -1  1
7657645867895573225
3 4 5 5 -1  1
7657781863188733728
0 5 1 6 -1  1
7658097411034433927
0 0 7 0 -1  1
7658129112235616286
0 3 1 2 -1  1
7658250257509957448
3 0 4 0 -1  1
7658389571301755088
1 0 3 0 -1  1
7658508193574874087
2 1 3 1 -1  1
7658520188746816697
1 4 3 5 -1  1
7658743885653235750
1 5 1 6 -1  1
7658768913549602452
4 2 5 2 -1  1
7658888289910905934
4 1 5 2 -1  1
7658938252148421653
0 0 0 1 -1  1
7659157198036629061
1 6 3 6 -1  1
7659393308855213806
1 4 3 2 -1  1
7659466163334124760
2 2 3 3 -1  1
7659586273276384290
2 2 4 3 -1  1
7659732530216002702
1 6 2 6 -1  1
7660040206365851972
2 6 3 4 -1  1
7660132551837294438
1 3 2 3 -1  1
7660146121937147905
0 5 0 3 -1  1
7660276224223462893
5 7 1 7 -1  1
7660477069310028503
1 6 1 5 -1  1
3 3 3 2 -1  1
7660841482042032696
4 0 6 0 -1  1
7660898825620650312
0 0 0 3 -1  1
7660934636377199307
0 1 2 2 -1  6
1 6 2 6 -1  1
7661257192318554901
1 3 2 1 -1  1
7661459099239464577
0 5 3 2 -1  1
7661478013733944927
0 3 2 3 -1  1
7661612765101950461
4 1 4 2 -1  1
7661663043638984248
5 3 6 3 -1  1
7662066885712189424
0 5 1 4 -1  4
7662192771246300935
0 5 1 6 -1  1
7662213106027560463
1 7 3 7 -1  1
7662416082023229175
4 1 2 0 -1  3
7662560919395542735
2 3 1 2 -1  1
2 3 3 4 -1  1
7662585196280540745
3 0 4 0 -1  1
7662774413235959633
0 5 1 6 -1  1
7662778577873428186
4 6 5 5 -1  1
7663087163064811741
3 3 1 3 -1  1
7663216773991376998
0 3 1 3 -1  1
7663416450873642351
3 2 4 2 -1  1
7663424826544715837
6 5 5 3 -1  1
7663668280872544254
1 1 2 1 -1  1
7663773808644478725
0 5 2 6 -1  3
7664285416124615163
3 7 4 7 -1  1
7664348008402072627
1 2 0 3 -1  1
7664366958855534453
3 4 2 4 -1  1
7664457597084736991
5 0 6 0 -1  1
7664549607465440426
4 4 6 4 -1  1
7664552352882057105
2 2 3 0 -1  1
2 5 2 6 -1  1
7664754188897879463
0 5 0 4 -1  1
7664904233004020473
0 4 0 6 -1  1
7665167125419404857
3 0 5 1 -1  1
7665254728150781080
3 1 1 3 -1  1
7665472820253064069
3 7 4 5 -1  1
7665658815075320059
0 4 0 6 -1  1
7665703320144981968
0 0 7 0 -1  1
7665846055806156762
0 3 1 3 -1  1
7665917119260308276
0 0 2 0 -1  1
7665923114773160539
0 2 1 3 -1  1
7665983950023739005
3 2 0 5 -1  1
3 2 1 0 -1  1
3 2 2 1 -1  1
7665989014369584572
2 0 1 2 -1  1
7665997655590583152
1 2 3 2 -1  1
7666131638061892585
0 0 0 1 -1  1
7666242373109563443
3 0 4 0 -1  1
7666384843164944761
0 3 2 3 -1  1
7666463069914711442
0 6 2 5 -1  6
1 3 3 3 -1  1
7666489095084176462
1 7 2 6 -1  1
7666599227120186595
0 2 4 6 -1  1
7666728672192460205
1 4 0 4 -1  1
7666772931284672487
0 1 2 2 -1  7
0 2 3 5 -1  2
7666874468656287980
0 4 7 4 -1  1
7666927767223518286
0 0 0 2 -1  1
7667100207242119817
5 2 5 1 -1  1
7667235616742562215
1 6 0 5 -1  1
7667359707441893642
0 5 0 1 -1  1
7667549468643957877
1 1 2 0 -1  1
7667625276191095576
3 2 2 4 -1  1
7667807417612293293
3 2 2 1 -1  1
7667830041550705111
0 7 0 3 -1  1
7667938166507186451
0 2 1 2 -1  1
7668231759494094858
2 5 3 5 -1  1
7668650961353982123
3 4 4 4 -1  1
7668730643294815444
0 0 0 2 -1  1
7668967864137717572
3 4 4 4 -1  1
7669482820439247972
0 6 0 5 -1  1
7669624431983883839
3 4 4 4 -1  1
7669660242401092406
3 3 5 4 -1  1
7669899911341117016
2 6 0 4 -1  1
7670012226616961408
1 2 0 3 -1  1
7670242042603947799
7 1 7 2 -1  1
7670429592226431392
0 3 4 3 -1  1
7670782650484759771
2 2 3 4 -1  21
7671155117509557146
0 2 1 1 -1  1
7671331583063761048
1 3 2 3 -1  1
7671625205361810755
1 3 1 4 -1  1
7671832553862305553
5 3 5 4 -1  1
7671891920985331487
2 1 1 1 -1  1
7671914456203734677
1 3 0 4 -1  1
7672084482471764314
7 3 7 6 -1  1
7672188556210694075
2 7 3 7 -1  1
7672277940746374542
2 4 2 2 -1  1
7672344635756963709
1 6 3 7 -1  1
7672579583925581897
0 1 1 3 -1  1
7672725991123338466
1 7 2 7 -1  1
7672727064581652110
1 0 2 0 -1  1
7672799669000689624
0 3 0 2 -1  1
7672908315212275103
0 5 0 4 -1  1
7672994008825506097
0 5 3 2 -1  1
7673189546012595725
2 4 4 6 -1  1
7673193293081547495
2 1 1 0 -1  1
7673197658420106156
1 0 0 0 -1  1
1 0 0 1 -1  1
7673220669186974702
3 7 2 6 -1  1
7673279649306676155
1 0 2 0 -1  1
7673383712338354888
2 5 4 6 -1  1
7673621698294794341
0 3 2 3 -1  1
7673695309436706897
7 4 7 1 -1  1
7673726263000792412
0 5 0 2 -1  1
7673743630393695097
3 7 3 6 -1  1
7673823207960690521
2 5 4 6 -1  1
7674009647012362577
5 5 4 4 -1  1
7674277374394384853
0 2 4 2 -1  1
7674362634510618759
4 1 5 1 -1  1
7674431127091263688
0 4 1 4 -1  1
7674500753764874370
1 4 4 1 -1  1
7674502194548827789
3 6 3 7 -1  1
7674714500764386732
1 5 2 3 -1  1
7674869580624509138
1 5 2 6 -1  1
7674870390565543543
0 0 0 4 -1  1
7674930250251625708
3 7 4 7 -1  1
7675100687274324986
4 1 2 1 -1  1
7675146324321659953
0 1 1 0 -1  1
7675563783345948752
5 0 6 0 -1  1
7676143510888305780
3 5 3 4 -1  1
7676273683192772343
0 0 2 0 -1  1
7676620010614894833
3 4 3 3 -1  1
7676955313872126277
3 2 4 2 -1  1
7677033306932153418
0 4 0 6 -1  1
7677122228732898525
0 2 5 2 -1  1
7677144278520230190
0 2 4 6 -1  1
7677384221457139732
1 5 2 5 -1  1
7677412829826799306
1 5 2 6 -1  1
7677418140332149676
7 4 3 0 -1  1
7677457405554774182
6 3 5 4 -1  1
7677596688359344596
1 4 3 4 -1  1
7677747030380008875
4 1 5 1 -1  1
7677777760057417919
1 3 1 4 -1  1
7678083357470523681
4 3 0 3 -1  1
7678107241531111303
4 2 6 3 -1  1
7678391486213412435
3 0 3 4 -1  1
7678458772157518869
0 2 4 6 -1  4
7678663072444278413
4 6 5 5 -1  1
7678697217888680004
2 2 3 0 -1  1
7679129146686177423
7 2 5 1 -1  1
7679466877085137277
0 3 0 4 -1  1
7679625044779053881
2 3 1 3 -1  1
7679779801600784638
3 2 4 3 -1  1
7679816898549546321
0 5 1 6 -1  1
3 2 1 3 -1  1
7679848043005464400
2 7 3 6 -1  1
7679974407339291365
0 5 1 4 -1  1
7680021200904456621
1 7 3 7 -1  1
7680101738865575968
1 3 0 5 -1  1
7680103190641470095
3 3 2 4 -1  1
7680183820265868689
1 4 2 5 -1  1
7680515788543241302
2 3 1 2 -1  1
7680604528174175242
0 2 3 5 -1  1
7680611057417136223
3 6 4 6 -1  1
7680637628647943270
2 4 3 4 -1  1
7680736854176582048
2 3 4 1 -1  1
7680741386663568417
3 6 6 6 -1  1
7680783282992549269
1 7 2 7 -1  1
7681218668630887333
0 6 1 5 -1  1
7681486725771375309
4 1 6 3 -1  1
7681695597347081833
2 3 1 4 -1  1
7681720749469134078
4 6 3 7 -1  1
7682007367314282620
2 1 3 1 -1  1
7682051880213645645
2 5 2 7 -1  1
7682225167790145303
1 0 2 1 -1  1
7682254423243610224
1 2 2 2 -1  1
7682313006697444601
6 0 1 0 -1  1
7682322306026302470
1 3 2 2 -1  1
7682497880308735365
0 1 1 3 -1  1
7682528107184221627
1 7 3 7 -1  1
7682614263631013863
0 3 3 6 -1  1
7682808387966941378
0 1 1 1 -1  1
7682916747225018528
3 2 4 2 -1  1
7682926537415509415
2 4 1 5 -1  1
7682944312266217328
2 4 1 3 -1  1
7683431199251940894
2 3 2 6 -1  1
7683450340515918365
1 6 0 5 -1  1
7683524550991815206
1 1 2 3 -1  1
7683552841981884503
2 7 3 7 -1  1
7683681079618295382
5 2 6 2 -1  1
7683690291170711683
1 1 3 1 -1  1
7683754179513000980
1 6 3 4 -1  1
7683951582251570267
0 0 0 1 -1  1
7683983009237165583
0 3 6 3 -1  1
7684085267912409648
5 3 1 3 -1  1
7684089838628978335
1 1 2 1 -1  1
7684158514232370964
5 3 7 3 -1  1
7684172706957309258
0 4 2 3 -1  1
7684498587635691094
2 5 4 4 -1  1
7684646273454350339
2 2 4 1 -1  1
7684650093987406401
1 5 3 5 -1  1
7684734966990520214
2 2 3 3 -1  1
7684785478664710498
0 0 0 2 -1  1
7685003635843250725
7 4 6 3 -1  1
7685434340456696362
3 2 4 3 -1  1
7685489442375984869
6 2 4 2 -1  1
7685997906114882087
0 3 0 2 -1  1
7686203963860821822
4 3 5 3 -1  1
7686596124811353015
3 6 3 5 -1  1
7686646393974983650
2 6 1 5 -1  1
7686796485431149755
2 4 6 0 -1  1
7686959426562191937
2 5 3 4 -1  1
7686977518095658464
1 4 2 4 -1  1
7687339353233350013
3 0 3 2 -1  1
7687561113393677737
2 2 4 4 -1  1
7687567901663144951
3 5 3 4 -1  1
7687595627298969469
4 5 0 5 -1  1
7687598947858744580
3 5 5 7 -1  1
7687732647842897098
0 7 1 6 -1  1
7688503021519218385
2 6 3 5 -1  1
7688831961655319837
3 1 4 3 -1  1
7688883295407850926
2 4 0 6 -1  1
7688916098099140698
1 4 0 3 -1  1
7688935854726581811
3 5 1 7 -1  1
7688959389144414758
2 0 7 5 -1  1
7689160076948772231
1 6 2 5 -1  1
7689218865005964887
2 6 2 5 -1  1
7689418714589059969
0 3 1 2 -1  1
7689569787530688395
5 2 5 3 -1  1
7690089751874748008
0 5 1 7 -1  1
7690212987054152343
1 4 2 2 -1  1
7690279472142616686
1 5 2 5 -1  1
7690315580719851946
4 2 2 1 -1  1
7690523868620371898
3 3 4 4 -1  2
7690558647922787417
1 4 3 4 -1  1
7690560745423128930
2 3 0 1 -1  1
7690575231415635160
0 2 1 3 -1  1
0 5 1 4 -1  3
7691178541894457943
1 5 3 6 -1  1
7691390621811485631
1 3 2 1 -1  1
7691668413966557751
1 0 2 0 -1  1
7691815418520869435
2 1 2 3 -1  1
7691872372701169235
0 1 2 2 -1  1
0 6 2 5 -1  1
7691892059201690888
4 3 5 3 -1  1
7691995434279212814
2 2 0 1 -1  1
7692149923638640381
1 3 4 0 -1  1
7692321144432031642
2 5 4 6 -1  1
7692443482447728902
3 0 4 0 -1  1
7692491382380056742
3 0 1 2 -1  1
7692599668793566341
3 3 1 4 -1  1
7692755158141508956
2 7 3 6 -1  1
7692983272206475830
0 6 1 7 -1  1
7693059891125660500
0 0 1 0 -1  1
7693371529630695604
3 5 2 3 -1  1
7693378175273207076
1 0 5 4 -1  1
7693416412599769485
1 0 3 0 -1  1
7693559375702944266
0 5 0 4 -1  1
7693575071197260281
1 3 5 3 -1  1
7693631547298297089
5 2 6 2 -1  1
7693751891852634637
0 4 0 6 -1  3
7693821178766125271
2 4 3 3 -1  1
7693967771314307880
1 3 3 3 -1  1
7694126326723942194
4 6 5 7 -1  1
7694176225861816182
1 0 3 2 -1  1
7694574331739886374
0 4 0 6 -1  1
7694578994454040097
2 5 0 4 -1  1
7695098938628091822
4 6 3 7 -1  1
7695305469485267510
0 4 0 3 -1  1
7695351626562263880
1 3 2 5 -1  1
7695362692272285153
2 7 3 7 -1  1
7695484306819275552
3 0 4 0 -1  1
7695534594009886611
1 4 3 4 -1  1
7695602418244513576
0 2 2 0 -1  1
7695783770494419432
3 2 4 3 -1  1
7695951560180499222
2 7 3 7 -1  1
7695991557095616752
6 6 1 1 -1  1
7696143510665563057
6 2 7 2 -1  1
7696305137032075396
0 0 0 4 -1  1
7696518796912567063
0 2 0 1 -1  1
7696539141039913774
0 3 4 3 -1  1
7696567666553779894
0 3 2 1 -1  1
7696591189057675061
0 4 0 3 -1  1
7697025729123900691
3 2 4 2 -1  1
7697040843466739319
6 1 6 0 -1  1
7697084810985265632
2 5 4 3 -1  1
7697154540688282216
3 0 1 2 -1  1
7697404020505890637
5 4 6 2 -1  1
7697411747768988802
2 3 5 0 -1  1
7697577853170100214
3 0 4 0 -1  1
7697681425924046279
1 4 2 2 -1  1
7697768355795739715
0 5 0 3 -1  1
7697843667368779500
1 2 3 1 -1  1
7697930691124087473
0 3 2 3 -1  1
7697945737671706858
1 1 3 1 -1  1
7698077672791344922
0 3 1 4 -1  1
7698084815093836541
3 2 7 2 -1  1
7698278936494690804
5 7 3 5 -1  1
7699117023034360634
4 0 5 0 -1  1
7699368071977353755
3 5 4 5 -1  1
7699475850705804291
1 1 2 1 -1  1
7699526024467335809
3 2 5 2 -1  1
7699587040733809081
0 3 2 3 -1  1
7699674972425806111
1 7 2 7 -1  1
7699814160096118000
4 6 2 4 -1  1
7699874834934045661
2 4 0 3 -1  1
7700005267125780036
6 5 6 2 -1  1
7700087918891564094
0 1 1 0 -1  1
7700098902968438924
0 2 2 0 -1  1
7700235035145227270
2 4 1 5 -1  1
7700263964613391826
3 1 4 2 -1  1
7700359854117250900
2 4 4 5 -1  1
7700492955489689037
0 3 4 3 -1  1
7700588426608989400
2 3 1 4 -1  1
7700698888513167368
1 4 0 3 -1  1
7701166367248230567
2 0 1 2 -1  1
7701468357862971114
2 4 3 4 -1  1
7701472186559040033
1 6 2 6 -1  1
7701686263472712128
0 6 0 5 -1  1
7701756969956905766
4 3 3 2 -1  1
7701759363927701189
4 7 0 3 -1  1
7701935441002356981
1 6 2 5 -1  1
7702039089501695685
3 7 3 1 -1  1
7702126526963087772
0 0 0 3 -1  1
7702494467068917682
0 2 1 1 -1  1
7702613746184639666
2 6 1 5 -1  1
7702816865860868848
0 2 4 6 -1  1
7703035789415633132
1 2 2 2 -1  1
7703084327196895275
0 5 3 2 -1  1
7703115854650410404
3 3 4 4 -1  1
7703169616026062185
0 5 0 4 -1  1
7703508451039152242
2 3 5 6 -1  1
7703727411617592478
6 5 6 4 -1  1
7703735307342399207
1 3 3 5 -1  1
7703736018003789005
1 7 2 7 -1  1
7704024804163959054
0 2 1 1 -1  1
7704027491898279746
5 1 6 1 -1  1
7704052977868327598
3 3 2 2 -1  1
7704090570475226940
4 4 4 1 -1  1
7704112464112315527
2 5 3 3 -1  1
7704174616455145088
4 6 3 5 -1  1
7704264624484044782
0 1 2 2 -1  1
7704274182719208142
3 0 0 0 -1  1
7704489271546086772
2 2 4 4 -1  1
7704648215166485544
0 4 1 4 -1  1
7704747305800345660
2 2 3 3 -1  1
7704998855186147470
3 4 4 5 -1  1
7705221017603556083
1 7 2 7 -1  1
7705484550937352314
1 7 7 7 -1  1
7705644431821445264
3 2 4 2 -1  1
7705774654620669071
2 2 3 4 -1  1
4 6 5 5 -1  1
7705954011563311826
3 2 4 4 -1  1
7706059835975869798
3 5 4 6 -1  1
7706136262059455564
2 4 3 3 -1  1
7706190198090688621
4 6 5 5 -1  1
7706198230148911665
1 7 2 7 -1  1
7706418882810904741
1 3 2 4 -1  1
7706485041956410699
2 6 4 6 -1  1
7706599482287796697
0 2 2 4 -1  5
0 2 4 6 -1  1
0 6 1 4 -1  4
7706823326433398466
3 7 4 6 -1  1
7706844573041721754
2 2 3 1 -1  1
7707185280810844991
0 3 4 3 -1  1
7707199250600548433
2 4 2 3 -1  1
7707700525196343394
4 4 3 3 -1  1
7707729839831088330
0 4 0 6 -1  1
7707751388342962395
5 2 7 2 -1  1
7707829834682835807
4 4 5 5 -1  1
7707990512126063086
2 2 1 4 -1  1
7708076701013674726
0 3 4 3 -1  1
7708099764166511305
1 0 2 0 -1  1
7708140283373074697
1 4 2 5 -1  1
7708231050889482886
0 4 0 6 -1  1
7708309959987551704
5 3 6 2 -1  1
7708426334168348170
1 3 3 1 -1  1
7708473992574134609
1 1 2 1 -1  1
7708574794463550376
3 3 4 4 -1  1
7708585943772175606
5 7 6 7 -1  1
7708620898245516122
3 5 6 5 -1  1
7708785843847156659
2 1 2 0 -1  1
2 1 3 0 -1  1
7708825322351117872
0 5 0 4 -1  1
7708859636576913775
0 4 0 6 -1  1
7708859913711551369
1 0 3 0 -1  1
7709194905867473927
0 1 1 3 -1  1
7709445923294129267
0 7 6 7 -1  1
7709705017035539848
0 5 0 4 -1  1
7710318913055540176
2 3 5 6 -1  1
7710353937412211181
0 5 0 3 -1  1
7710377987063142624
2 2 3 1 -1  1
7710428508512155105
0 4 0 6 -1  1
7710871695771944678
1 2 4 5 -1  1
7710963370290510103
6 4 6 0 -1  1
7711041055504449909
3 6 3 5 -1  1
7711060680923207678
3 3 4 2 -1  1
7711233811867112193
3 3 4 4 -1  1
7711332596956131419
3 6 4 6 -1  1
7711468322153491829
3 4 2 5 -1  1
7711531597330792119
0 5 0 2 -1  1
7711558187463736742
4 6 5 6 -1  1
7711740287429938440
1 2 2 2 -1  1
7711937139377033871
4 7 5 7 -1  1
7711956681325045283
1 7 3 6 -1  1
7711968565489343658
0 3 1 5 -1  1
7712214471645068282
0 2 3 5 -1  1
7712299919637532997
2 5 3 6 -1  1
7712381270946802203
2 2 2 3 -1  1
7712401881758753056
2 2 3 2 -1  1
7712640241561942849
5 7 4 6 -1  1
7712641784933774694
1 6 0 7 -1  1
7712794972637164586
3 4 4 6 -1  1
7712807555956569383
0 5 1 6 -1  1
1 3 3 3 -1  1
7712819211698218967
1 2 1 3 -1  1
7712870616972748951
3 2 1 3 -1  1
7712974893182006881
3 2 4 2 -1  1
7713083708244842876
3 4 4 3 -1  1
7713107859706180990
3 2 3 1 -1  1
7713204379226969373
3 5 5 3 -1  1
7713226341809822569
0 5 1 4 -1  1
7713315828621584844
0 0 0 2 -1  1
7713497632733170389
0 1 0 4 -1  1
7713507701709830563
1 6 2 6 -1  1
7713680891359517541
0 3 0 2 -1  1
7713688934169074716
3 1 4 1 -1  1
7713802064589074683
2 0 3 0 -1  1
7713808643324350769
3 2 4 3 -1  1
7713817439837943958
1 4 3 6 -1  1
7713925556357433716
1 6 3 6 -1  1
7713995954472310857
1 5 3 5 -1  1
7714133356768685972
6 0 7 0 4  1
7714475976762223235
1 2 3 2 -1  2
7714720109172697580
3 3 4 3 -1  1
7714765763999440879
3 2 1 4 -1  1
7714798755079113482
1 0 0 1 -1  1
7715287169073865453
0 2 1 2 -1  1
7715338096239698115
3 4 5 4 -1  1
7715408204344675216
1 7 3 7 -1  1
7715519767761077287
4 2 2 4 -1  1
7715520314624238292
1 5 2 5 -1  1
7715627011270350708
7 5 5 5 -1  1
7715650341640258828
0 5 1 5 -1  1
7715825352129097469
4 2 5 2 -1  1
7715889512979241798
5 3 4 4 -1  1
7716136057893375220
0 0 0 1 -1  1
7716274819413850126
6 2 6 1 -1  1
7716347692419784389
3 0 5 1 -1  1
7716439242872915662
0 6 0 5 -1  1
7716640511398506436
0 3 3 3 -1  1
7716785537013255934
1 3 2 5 -1  1
7717208880815171553
0 1 1 1 -1  1
7717535945828662088
0 3 4 7 -1  1
7717590979388735545
5 5 3 6 -1  1
7717725659854311578
0 1 4 1 -1  1
7717729968413434389
1 7 3 7 -1  1
7717776036919961832
3 5 5 7 -1  1
7717956322577723546
2 4 3 4 -1  1
7718040766494209692
0 5 1 6 -1  1
7718102214432294800
1 3 2 5 -1  1
7718187940185268931
4 4 5 3 -1  1
7718337468178943313
3 2 4 3 -1  1
7718666214219236541
0 3 6 3 -1  1
7718670481868496497
0 0 4 0 -1  1
7718729384553608121
1 5 3 5 -1  1
7718876629254674916
2 0 3 1 -1  1
7718949104395713586
0 2 1 2 -1  1
7719068356751108491
2 3 3 2 -1  1
7719107707043942094
6 7 4 5 -1  1
7719132348533712931
1 3 2 4 -1  1
7719611629889180946
4 4 4 5 -1  1
7719627215336256598
1 6 5 2 -1  1
7719667429103806769
2 6 3 5 -1  1
7719749033025995727
2 6 3 6 -1  1
7719847179958542657
3 4 4 5 -1  1
7719970115484027274
2 1 3 1 -1  1
7720009803887505098
3 5 4 7 -1  1
7720366406722879613
2 7 3 6 -1  1
7720397269040141446
1 5 2 6 -1  1
7720540036382224292
0 7 4 7 -1  1
7720653783102644452
0 5 1 6 -1  1
7720739624662265107
0 7 0 2 -1  1
7720813062123725337
0 4 0 6 -1  1
7720923551684361718
4 6 2 4 -1  1
7721048456793795499
1 3 2 2 -1  1
7721257399279460417
3 7 4 7 -1  1
7721311930625254668
0 0 0 3 -1  1
7721367807979893618
2 5 3 3 -1  1
7721369571926942145
2 3 1 2 -1  1
7721462040681477187
3 2 3 0 -1  1
7721476642314170261
0 6 2 5 -1  1
7721665902359922030
3 2 5 4 -1  1
7721762147052546570
4 2 7 5 -1  1
7722098147490342462
3 6 4 6 -1  1
7722109874550023368
0 5 2 3 -1  1
7722109940284220906
2 4 3 5 -1  1
7722184347335333214
1 2 3 1 -1  1
7722305038496056685
2 7 3 7 -1  1
7722905103966380769
1 3 2 3 -1  1
3 1 4 2 -1  1
7723136732325554414
1 0 3 0 -1  1
7723239063356941821
7 4 7 2 -1  1
7723480768620780904
0 5 0 3 -1  1
7723506502038527094
2 2 3 3 -1  2
7723661140480382445
1 2 2 3 -1  1
7723675019750789384
3 2 4 3 -1  1
7724157752548923005
1 5 2 5 -1  1
1 6 2 6 -1  1
7724192331042642232
0 2 0 1 -1  1
7724208736228813452
1 2 2 1 -1  1
7724240530097180698
1 3 2 4 -1  1
7724309352199481074
0 3 1 2 -1  1
7724383972407108644
3 5 4 4 -1  1
7724404427128709833
1 4 2 4 -1  3
7724454152491468848
3 5 5 4 -1  1
7724774810830352133
5 5 6 5 -1  1
7724779317484208270
4 1 1 4 -1  1
7724873573185090276
0 3 7 3 -1  1
7724938241414651812
3 5 7 5 -1  1
7725041083886296256
4 2 3 3 -1  1
7725114276526694105
3 4 4 5 -1  1
7725135684572203581
3 5 2 4 -1  1
7725825441398696309
0 6 1 6 -1  1
7725847710079322758
7 4 7 1 -1  1
7725930787935702586
1 2 2 2 -1  2
7725995414729589060
0 2 1 2 -1  1
7726036199104929866
1 6 2 5 -1  1
7726343619432336676
1 7 3 7 -1  1
7726353688917127537
0 5 1 4 -1  2
7726402810139587270
6 7 7 7 -1  1
7726678765750572073
0 3 2 3 -1  1
7727282319746194675
3 5 2 5 -1  1
7727725219503155780
1 5 0 6 -1  1
7727861492252960551
1 4 0 3 -1  1
7727925888131614577
0 4 0 6 -1  1
7727974810998334934
2 5 1 3 -1  1
7728105279108397505
0 3 1 3 -1  1
7728167514420384741
1 0 6 0 -1  1
7728185230255061131
4 0 3 2 -1  1
7728268161067973827
1 3 2 4 -1  1
7728389070105688021
3 3 1 3 -1  1
7728485061259300779
1 3 2 2 -1  1
7728567572056499224
0 6 1 7 -1  1
7728929381553732039
2 4 2 1 -1  1
7729269785665522261
0 0 0 2 -1  1
7729339396338067109
3 4 4 3 -1  1
7729499641074337805
0 3 2 3 -1  1
7729631717015208677
2 2 1 1 -1  1
7729780184297206481
4 5 0 5 -1  1
7729790431386790898
2 5 1 4 -1  1
7730118938894636487
2 4 3 5 -1  1
7730128995851533743
5 7 2 4 -1  1
7730279920238749689
2 6 5 3 -1  1
7730440755095284507
4 1 5 1 -1  1
7730504842732085832
0 4 0 6 -1  1
7730565461035384862
0 0 1 0 -1  1
7730641901324244704
4 7 5 7 -1  1
7730642870063230489
1 2 2 2 -1  1
7730754627299343951
1 4 2 4 -1  1
7730877979425670943
2 3 4 2 -1  1
7730959445243204472
0 2 0 1 -1  1
7731036201645962490
6 3 6 2 -1  1
7731073493399231762
3 0 4 1 -1  1
7731129003261128500
0 2 2 4 -1  1
7731168365356255352
3 0 1 2 -1  1
7731263366199485523
0 4 0 2 -1  1
7731294410729955993
4 6 1 3 -1  1
7731457604341131502
3 3 4 3 -1  1
7731650795585267646
6 5 4 7 -1  1
7731929278072168636
2 5 4 6 -1  1
7732017292348893791
0 2 4 6 -1  1
7732118972353821931
2 7 3 6 -1  1
7732168256019127192
1 6 1 7 -1  1
7732216288636858460
1 0 2 0 -1  1
7732337633386336241
0 5 2 3 -1  2
7732430561946085401
2 5 4 4 -1  1
7732502931356202944
1 3 3 5 -1  1
7732506256045984827
1 3 1 0 -1  1
7732511405054888687
2 4 3 4 -1  1
7732556271680321997
0 1 0 4 -1  1
7732581613623794947
2 7 3 6 -1  1
7732583944867773666
0 6 2 5 -1  3
1 4 3 4 -1  3
7732787113626047106
5 3 6 5 -1  1
7733150945101113766
2 2 3 2 -1  1
7733169899182238751
5 0 4 0 -1  1
7733221075317789811
3 3 3 1 -1  1
7733321288782178500
6 1 6 3 -1  1
7733402814454289673
3 0 4 1 -1  1
7733427670614002148
0 3 1 4 -1  1
7733506534932830891
2 5 3 6 -1  1
7733569347126104374
2 4 4 6 -1  1
7733717572442159359
2 7 6 3 -1  1
7734016786855332553
0 5 0 2 -1  1
7734182856336753475
1 0 2 0 -1  1
7734308299223156875
0 5 1 6 -1  2
7734427289143016367
2 5 3 4 -1  1
7734575449488648020
0 5 3 2 -1  1
7734784551457813123
0 2 4 6 -1  3
7734801577692855958
0 3 1 4 -1  1
7734817190212277511
1 3 2 2 -1  1
7734863608735162526
1 4 0 3 -1  1
7734878940311618957
2 7 3 6 -1  1
7735048045208548826
0 4 1 4 -1  1
7735087162543059193
3 4 4 5 -1  1
7735261258169632093
1 5 5 5 -1  1
7735400762093558771
4 7 3 6 -1  1
7735544375918307070
1 6 0 7 -1  1
7735708554546246772
2 1 3 3 -1  1
7735718127844364385
4 4 4 3 -1  1
7735864937937196417
1 4 1 6 -1  1
7736207149459215098
1 1 2 2 -1  1
7736303308069945243
3 7 4 7 -1  1
7736734695815991720
0 4 0 6 -1  1
7737270129186701861
2 5 3 3 -1  1
7737406246035054450
0 5 4 1 -1  1
7737492679904664703
0 2 2 4 -1  1
7737717079922855283
1 7 3 7 -1  1
7737846755021157693
1 5 3 5 -1  1
7737913445559028075
2 4 1 5 -1  1
7737921723634666265
4 2 2 4 -1  1
7737956004424190173
0 5 1 4 -1  1
7738108498333368405
2 6 4 5 -1  1
7738252967581560019
3 4 3 5 -1  1
7738295637080164748
2 4 3 3 -1  1
7738317368376804677
4 2 5 2 -1  1
7738403307259366443
4 5 4 4 -1  1
7738563064225620920
1 3 3 2 -1  1
7738627679463346044
1 3 3 1 -1  1
7738632800701148924
4 5 0 1 -1  1
7738707384347301631
3 5 4 5 -1  1
7738756434260474201
0 2 2 4 -1  1
7738788480242203337
1 4 3 5 -1  1
7738829209176416777
1 1 3 1 -1  1
7738924892206313187
1 0 3 0 -1  1
7739019296362040128
4 2 5 2 -1  1
7739081404768002534
3 5 5 7 -1  1
7739230706198672986
0 6 1 4 -1  1
7739231170502753903
2 6 0 5 -1  1
7739499707516951958
0 3 0 1 -1  1
7739770265708143135
4 2 3 2 -1  1
7739815665627965959
2 7 0 5 -1  1
7739895122967059353
7 1 4 1 -1  1
7739967636968642049
4 3 5 2 -1  1
7740178568023298403
2 4 1 5 -1  1
7740437576632287053
3 1 4 1 -1  2
7740532655222832416
7 4 3 4 -1  1
7740752126665004814
0 5 0 4 -1  1
7740920288185059261
3 2 5 0 -1  1
7740946187574411264
3 5 4 5 -1  1
7741345058712713397
1 3 3 2 -1  1
7742066801038791036
0 7 0 3 -1  1
7742108283736330206
1 5 2 5 -1  1
7742203961618812311
6 3 6 5 -1  1
7742343179861669561
1 3 4 6 -1  1
7742592308681504389
2 4 3 4 -1  1
7742727208190412183
1 7 3 7 -1  1
7742774916454899495
4 3 2 4 -1  1
7742839347929526567
3 0 4 0 -1  1
7742950973824402645
0 0 0 3 -1  1
7743003604808334405
1 4 3 4 -1  1
7743097879556482010
3 5 1 3 -1  1
7743103503233975375
2 5 3 4 -1  1
7743104104179190012
5 5 5 2 -1  1
7743172994944003009
2 2 2 3 -1  1
7743423096336795021
3 7 1 7 -1  1
7743447353660835389
4 6 2 4 -1  1
7743605059926263289
3 1 4 0 -1  1
7743911720049648171
5 5 6 6 -1  1
7743982874666119086
2 2 2 5 -1  1
7744009562457245575
0 1 1 0 -1  1
7744242712760085564
2 4 5 1 -1  2
7744317250320340382
7 5 7 4 -1  1
7744329161805529961
0 1 0 0 -1  1
7744360105864160232
1 3 1 7 -1  1
7744382848578971819
0 6 0 4 -1  1
7744518556008469605
2 3 4 3 -1  1
7744705810230529816
2 0 3 0 -1  1
7745063008169164000
3 2 3 1 -1  1
7745167974868614046
6 5 4 4 -1  1
7745325904974645880
0 4 0 6 -1  1
7745490816414405085
1 2 1 1 -1  1
7745552733379979415
1 5 3 5 -1  1
7745651221224671161
0 5 0 4 -1  1
7745778908803971703
1 3 1 2 -1  1
7745803702124555734
3 3 2 1 -1  1
7745861686630491909
5 4 3 5 -1  1
7745980300542219931
3 3 4 3 -1  1
7746044129967714887
4 2 2 4 -1  1
7746147505998210705
1 3 2 1 -1  1
7746524726349499011
1 7 2 7 -1  1
7746549031705830854
2 3 3 2 -1  1
7746774536999358398
2 5 3 5 -1  1
7746988898344184057
5 3 6 3 -1  1
7747029020711524166
4 4 6 3 -1  1
7747244356716071039
1 1 2 1 -1  1
7747261274684682475
2 2 4 3 -1  1
7747271310240686167
3 5 4 4 -1  1
7747278880802803985
0 0 0 2 -1  1
7747358750532337100
1 1 2 2 -1  1
7747366871269223705
1 3 1 5 -1  1
7747466415743233316
1 6 3 4 -1  1
7747501165645441963
3 6 4 5 -1  1
7747716134354269431
3 3 4 4 -1  1
7747717457462755805
1 5 3 5 -1  1
7747859555397291421
0 5 1 4 -1  1
7748049620180211385
0 6 0 5 -1  1
7748127412166507960
1 5 1 6 -1  1
7748311087413069635
0 2 1 3 -1  1
7748575808133706378
5 0 3 1 -1  1
7748600580733078944
0 2 1 1 -1  1
7748666581552737874
3 4 2 2 -1  1
7748793755163737485
0 4 2 3 -1  1
7748911455678004512
3 4 4 2 -1  1
7748955615476450959
0 3 0 1 -1  1
7749066014286454540
1 4 1 5 -1  1
7749316484224481269
0 1 1 3 -1  1
7749446305124678955
3 3 5 2 -1  1
7749496007039679597
1 3 2 3 -1  1
7749572511335342206
0 4 0 5 -1  1
7749654687992748800
0 5 0 3 -1  1
7749760937906880288
2 7 1 5 -1  1
7749879518899394563
4 7 5 7 -1  1
7749898823294897809
3 5 4 4 -1  1
7749982244666213527
6 3 6 5 -1  1
7750182332086336507
4 6 5 6 -1  1
7750469821800746777
2 0 1 1 -1  1
7750760597290927987
0 3 0 5 -1  1
7750862827895241194
1 6 5 2 -1  1
7750964408413601168
0 3 1 4 -1  1
7751502387451947480
0 0 1 0 -1  1
7751648570249597736
2 5 1 4 -1  1
7751885185988571527
5 0 1 0 -1  1
7751979188749163560
3 4 4 4 -1  1
7752035045708793143
3 5 4 5 -1  1
7752194950482617451
3 1 5 2 -1  1
7752242540404505856
1 3 3 5 -1  1
7752721108537530914
3 5 4 5 -1  1
7752753231607589460
0 4 0 6 -1  1
7753144332033211478
1 7 3 7 -1  1
7753194958682458771
1 6 2 6 -1  1
7753219353812818202
2 5 4 4 -1  1
7753380116700889541
1 4 0 5 -1  1
7753569533077249935
1 7 4 4 -1  1
7754332547103696635
0 3 1 2 -1  1
7754421078245418062
0 4 0 6 -1  1
7754445836401408737
1 5 3 5 -1  1
7754461715262630051
4 2 5 3 -1  1
7754735620150982132
3 1 4 2 -1  1
7754737044262214096
1 3 0 5 -1  1
7754999080557031337
0 1 1 2 -1  1
7755030790090568808
1 2 3 1 -1  1
7755084172504014565
2 3 5 3 -1  1
7755105017130168529
1 4 3 5 -1  1
7755422557198001411
3 4 4 2 -1  1
7755423303828836355
1 5 4 5 -1  1
7755440142631265839
0 6 2 5 -1  1
7755981587493945525
1 7 3 7 -1  1
7756023062548317816
1 4 3 6 -1  1
7756092799266800059
3 3 4 4 -1  1
7756177327497983766
3 3 2 1 -1  1
7756398165178130840
2 2 3 3 -1  1
7756415109669086627
1 6 4 3 -1  1
7756477852542865187
2 2 2 4 -1  1
7756538102300494423
1 6 3 6 -1  1
7756561697751615592
2 3 2 0 -1  1
7756563463637605162
1 0 3 0 -1  1
7756785856543769895
6 2 4 4 -1  1
7756798499255952357
1 0 3 0 -1  1
7757032967314186988
0 2 1 3 -1  1
7757217083817224695
3 4 4 3 -1  1
7757441466184905116
4 3 5 4 -1  1
7757586976951819320
1 4 0 3 -1  1
7757630710698006259
0 3 1 3 -1  1
7757828560667798674
0 5 0 3 -1  1
7757979666871513965
1 5 1 4 -1  1
7758057469915569117
2 6 3 7 -1  1
7758120489378949672
3 4 5 3 -1  1
7758208299167620065
1 6 2 7 -1  1
7758420083383131790
0 2 1 1 -1  1
0 5 2 3 -1  1
7758801813497310726
0 4 0 6 -1  1
7758831220588322338
0 4 0 6 -1  1
7758904346069300656
1 3 3 1 -1  1
7759090648567621734
1 4 2 3 -1  1
7759116831956673803
3 3 4 4 -1  1
7759277451008127121
0 3 1 3 -1  1
7759434469615401463
0 7 0 0 -1  1
7759564746199728300
2 1 0 1 -1  1
7759600851681233957
1 1 3 1 -1  1
7759656963113907357
1 1 0 2 -1  1
7759696671166871446
3 4 4 3 -1  1
7759860537298301557
3 3 5 3 -1  1
7760103902628693355
2 2 1 2 -1  1
7760149694615209959
3 3 4 3 -1  1
7760709855278330778
0 6 0 7 -1  1
7760752528259824219
0 6 1 6 -1  1
7760821335672527530
2 1 3 2 -1  1
7760842267865651983
6 1 6 7 -1  1
7761016177206673218
6 4 4 2 -1  2
7761759613703862169
1 6 4 3 -1  1
7761776675247464543
2 1 3 1 -1  1
7761983825566805102
3 3 5 5 -1  1
7762002760528689337
3 0 4 0 -1  1
7762179680784512729
0 2 4 6 -1  1
7762208921312327388
1 1 2 2 -1  1
7762316477648316995
1 0 3 0 -1  1
7762445530859738354
3 7 2 6 -1  1
7762452599643964463
3 1 4 1 -1  1
7762585036107058924
6 0 7 0 -1  1
7762675300162878646
3 6 4 6 -1  1
7762721531762615487
0 3 1 2 -1  1
7762867713110437154
3 2 1 3 -1  1
7763160287856189222
4 4 5 4 -1  1
7763259947902867470
5 7 2 4 -1  1
7763302492616994034
4 6 5 6 -1  1
7763344406133172642
5 3 6 1 -1  1
7763349284663963132
2 4 3 4 -1  1
7763409218901236112
0 6 1 6 -1  1
7763504712622642085
5 4 5 6 -1  1
7763582663242285952
6 4 6 7 -1  1
7763751503114477633
3 5 4 4 -1  1
7763778444341933837
3 1 2 2 -1  1
7763865849868221493
1 1 2 0 -1  1
7763994925547806473
0 2 2 2 -1  1
7764036339026505849
2 6 3 6 -1  1
7764150922976918741
3 2 5 0 -1  1
7764201917473539321
5 0 6 1 -1  1
7764269117581218032
2 5 4 4 -1  1
7764432582900378647
4 2 5 3 -1  1
7764555641323979867
0 4 2 6 -1  1
7764755365297616241
1 4 2 5 -1  1
7764866705534701879
3 2 3 3 -1  1
7764885449431003405
4 2 4 6 -1  1
7765091712865064976
7 1 7 6 -1  1
7765219143426284333
1 6 2 6 -1  1
7765286020931103819
0 5 0 3 -1  1
7765292297585915764
0 2 0 3 -1  1
7765846468331766534
6 4 5 4 -1  1
7765900723981252805
2 3 0 5 -1  1
7765943689070355561
1 4 3 6 -1  1
7766393315956093025
7 2 7 0 -1  1
7766472222282687662
2 3 3 4 -1  1
7766629939629960132
6 4 6 0 -1  1
7766745715244286782
0 0 1 2 -1  1
7766790295396946721
0 2 1 2 -1  1
5 5 5 4 -1  1
7766802621052989332
1 5 3 5 -1  1
7767284431613220473
0 3 1 4 -1  1
7767607645549316959
0 6 0 7 -1  1
7767656792432093194
3 4 4 3 -1  1
7767876607994152732
0 4 0 3 -1  1
7768778916222165078
2 0 3 0 -1  2
7768946280504884922
2 2 3 3 -1  1
7769012322606087030
0 4 1 6 -1  1
7769159838125680578
1 5 3 5 -1  1
7769161038970801095
0 0 0 3 -1  1
7769362223852663323
6 2 5 3 -1  1
7769380351887737615
5 1 2 1 -1  1
7769491598666604260
5 3 6 3 -1  1
7769714821759515258
3 0 1 2 -1  1
7769720304837834458
0 3 3 6 -1  1
7769871663864802692
6 3 5 5 -1  1
7769983702218695142
1 3 2 2 -1  1
7770358241710568274
6 3 6 2 -1  1
7770506762931283703
5 4 5 5 -1  1
7770661474386739941
2 5 3 4 -1  1
7770811760935966114
0 7 3 7 -1  1
7770817762825568661
6 4 5 6 -1  1
7770830782416772602
3 4 4 4 -1  1
7771111885162047535
3 7 4 7 -1  1
7771356098142774389
4 4 6 2 -1  1
7771435044306769372
0 5 7 5 -1  1
7771785442519338034
2 1 3 3 -1  1
7771978551599486990
5 4 6 3 -1  1
7772128466453139193
1 4 2 4 -1  1
7772154273813645827
1 3 3 3 -1  1
7772739395438389478
4 5 3 7 -1  1
7773411886541443627
6 7 6 6 -1  1
7773542476335384152
3 0 4 0 -1  1
7773564023742608972
5 3 6 3 -1  1
7773715486639180641
1 7 2 6 -1  1
7773755507234296405
1 0 3 0 -1  1
7773889229355535404
0 4 1 4 -1  1
7774277553173882135
1 0 3 0 -1  1
7774302027553001677
1 7 0 6 -1  1
7774420821922175445
0 1 2 2 -1  2
7774453500373279284
0 5 5 0 -1  1
7774625735372730448
2 5 6 1 -1  1
7774724390463655216
4 0 5 0 -1  1
7775106733956884931
4 2 5 2 -1  1
7775226170564566195
3 4 3 7 -1  1
7775280874241369627
4 4 2 5 -1  1
7775301027471492721
0 5 0 6 -1  1
7775337609310174076
1 4 0 3 -1  1
7775431778515571232
4 6 4 5 -1  1
7775438060509909426
1 6 1 5 -1  1
7775449934575820188
1 4 2 4 -1  1
7775491553154548932
1 4 2 6 -1  1
7775600477083267219
5 3 2 3 -1  1
7775601334877078901
0 2 0 3 -1  1
7775711879694295084
0 6 1 6 -1  1
7775725923668658916
4 2 5 3 -1  1
7776092170212346928
0 5 1 6 -1  1
7776187794563981351
4 3 3 4 -1  1
7776240393607043757
7 2 7 5 -1  1
7776263355469129301
3 0 4 0 -1  1
7776277721431654211
1 0 2 0 -1  1
7776406834588398300
7 4 6 4 -1  1
7776425348349826024
2 2 3 0 -1  1
7776449019012495648
0 7 1 7 -1  1
7776458089890402888
0 1 1 3 -1  1
7776708033500207225
3 3 2 5 -1  1
7776869291845176287
1 4 3 5 -1  1
7776900770775772435
4 1 5 1 -1  1
7777300838454086052
2 1 3 0 -1  1
7777511831880539416
0 5 0 4 -1  1
7777656263434210307
2 1 2 5 -1  1
7778049886146248906
1 1 3 3 -1  1
7778168679562794426
0 2 0 1 -1  1
7778292901159522235
3 3 5 2 -1  1
7778448322701200869
2 2 1 2 -1  1
7778592509448012722
1 0 3 0 -1  1
7778835250957292215
0 0 0 2 -1  1
7778882813417687976
3 3 6 6 -1  1
7778996972314673551
0 2 0 4 -1  1
7779156587596113733
0 0 0 1 -1  1
7779236232125000736
2 5 3 6 -1  1
7779241327157852073
2 5 1 3 -1  1
7779310498530667598
1 6 3 6 -1  1
7779366059949937068
6 4 6 2 -1  1
7779372560723936667
3 4 2 3 -1  1
7779678910271751516
2 4 3 6 -1  1
