939431764998486822
2 3 3 2 -1  1
939529392907139796
1 2 2 3 -1  1
939799036141349705
3 4 4 5 -1  1
939920713314070049
2 5 2 4 -1  1
939949095447501995
1 3 6 3 -1  1
940018726248058992
0 3 0 5 -1  1
940091715543654553
1 7 0 7 -1  1
940097821763874267
3 2 1 3 -1  1
940105528683040375
1 1 3 3 -1  1
940113182401033854
2 2 3 1 -1  1
940135283054535297
0 4 0 2 -1  1
940193778215763282
2 1 3 3 -1  1
940205016164090669
0 2 1 3 -1  1
940600904962192960
1 1 2 2 -1  3
940673788482876349
0 4 2 2 -1  1
940772565729580204
1 4 2 3 -1  1
941119809152949729
0 0 0 5 -1  1
941183086651885844
2 7 3 7 -1  1
941625030794070589
7 4 7 0 -1  1
941856141487022800
2 5 6 5 -1  1
942037612679339154
2 2 4 4 -1  1
942274186954297519
0 3 1 3 -1  1
942300647618669507
1 5 2 5 -1  1
942343459887802798
1 5 1 4 -1  1
942723286528056574
4 0 5 0 -1  1
942733099073578144
1 1 1 2 -1  1
942781072147891609
1 3 1 4 -1  1
942827926849884357
1 4 3 4 -1  1
942915272738918914
2 5 4 4 -1  1
943017616618617117
2 3 2 2 -1  1
943055022098951843
0 2 1 2 -1  1
943084208934413886
3 0 5 1 -1  1
943170175110444290
2 2 1 1 -1  1
943351724536398324
2 6 1 5 -1  1
943355413649784592
5 7 5 6 -1  1
943536741477370248
2 2 4 3 -1  1
943841890458436393
1 6 0 6 -1  1
943905354671193059
2 4 1 4 -1  1
943931044033522748
1 2 5 2 -1  1
944210875468451025
1 7 2 6 -1  1
944255334809012341
2 2 0 1 -1  1
944286983221804532
0 6 3 6 -1  1
944360159036289158
0 2 1 2 -1  1
944384025743131802
0 3 3 6 -1  1
944777199928183975
0 2 0 1 -1  1
944953050014012084
1 6 2 7 -1  1
944980779234354189
3 2 3 3 -1  1
945023069762509042
1 1 1 0 -1  1
945195694290615754
6 4 3 1 -1  1
945232942300285540
4 7 5 5 -1  1
945376467656731463
3 4 1 3 -1  1
945448089197180614
2 5 3 5 -1  1
945518215646520012
3 3 5 5 -1  1
945565374923866217
0 3 1 3 -1  1
945652572498414493
3 2 2 2 -1  1
945738998738444055
2 2 3 2 -1  1
945811751403596176
1 1 0 2 -1  1
946270151367857869
0 5 1 6 -1  1
946304115721464282
2 4 3 4 -1  1
946465524900258089
0 0 0 3 -1  1
946488640293213167
2 5 4 4 -1  1
946490427856704707
2 3 3 4 -1  1
946653738149710432
5 5 5 3 -1  1
946800456845398449
1 5 3 5 -1  1
946883613244044916
1 5 3 3 -1  1
946927035235039027
2 3 4 1 -1  1
947064241556334394
4 3 2 5 -1  1
947225426370635694
2 5 3 5 -1  1
947230554005816486
1 6 2 6 -1  1
947345377471938567
6 2 6 4 -1  1
947486684607361541
1 3 1 0 -1  1
947528071254972351
0 6 1 5 -1  1
947714671124332581
1 7 2 6 -1  1
947848018003240225
5 3 6 3 -1  1
947893615666617255
3 0 4 0 -1  1
947959586181434059
0 6 2 5 -1  1
947985564212911715
1 0 0 1 -1  1
948023425838450311
2 2 3 2 -1  1
948048345114677893
1 5 3 5 -1  1
948086512616476666
0 1 2 2 -1  1
948117386977569810
1 3 3 3 -1  1
948437781839818115
3 5 2 6 -1  1
948640213218819464
1 5 2 5 -1  1
948696951060258155
1 1 2 1 -1  1
948813908968699433
1 1 6 1 -1  1
948916230358569029
0 1 1 2 -1  1
948988112135659132
5 1 4 3 -1  1
949702272778692283
2 2 3 4 -1  1
949770210577236011
0 6 2 5 -1  1
950214361122396222
3 3 2 1 -1  1
950223636706769498
3 6 4 6 -1  1
950457950258877799
4 4 5 5 -1  1
950531622519529321
1 3 2 2 -1  1
950661526814252528
4 0 3 2 -1  1
950681187948391880
1 5 2 4 -1  1
951000940738511465
0 4 0 3 -1  1
951127423317790252
0 1 0 3 -1  1
951133332844550596
0 6 0 5 -1  1
951147472812155613
1 4 1 3 -1  1
951162646875831124
1 0 4 3 -1  1
951436989806023726
1 0 2 0 -1  1
951530262940070374
4 7 2 6 -1  1
951769801495523963
2 5 4 4 -1  1
951838115124718028
0 5 0 4 -1  1
951892966583809230
0 4 0 6 -1  1
953026963822700824
0 0 0 3 -1  1
953074799740844883
2 3 3 3 -1  1
953213714344148047
0 2 0 0 -1  1
953265374647905793
1 6 2 6 -1  1
953290173961775855
3 7 4 6 -1  1
953299028378673488
1 6 3 6 -1  1
953317774379463438
4 4 2 5 -1  1
953340007735646392
0 4 0 6 -1  1
953496787317392682
1 7 1 4 -1  1
953565250923377159
2 1 4 2 -1  1
953782193857930828
0 3 1 3 -1  1
953789008708483843
3 7 3 3 -1  1
953819996644843527
7 0 7 2 -1  1
953825499431130078
5 2 3 4 -1  1
953827491701087940
1 7 2 7 -1  1
953855849079938518
6 2 7 2 -1  1
954345595452117221
6 3 3 3 -1  1
954582582493448548
0 0 6 0 -1  1
955174329757070238
1 4 2 5 -1  1
955274290422054745
0 4 0 6 -1  1
955514085766249941
0 4 3 7 -1  1
955523261875547030
7 2 7 7 -1  1
955746734045330607
1 1 2 0 -1  1
955782329184099040
1 2 0 3 -1  1
955838302134394065
3 2 4 3 -1  1
956177157136864723
0 5 0 3 -1  1
956342474368471239
1 0 3 0 -1  1
956359373925885613
0 4 1 5 -1  1
956423373784836057
0 1 2 2 -1  1
956697480072971039
0 1 1 2 -1  1
956722346047681620
1 3 2 4 -1  1
957027804990733674
2 5 0 3 -1  1
957050176394069496
5 2 6 2 -1  1
957092467043647679
2 5 0 4 -1  2
957204994192293551
0 5 1 4 -1  1
957357013376946872
0 5 0 4 -1  1
957539616489797783
3 6 5 7 -1  1
957630507331558037
7 2 6 1 -1  1
957851166614331700
1 6 3 6 -1  1
958002850081424230
6 4 5 4 -1  1
958073736190205203
2 5 3 7 -1  1
958211564969956339
1 6 0 7 -1  1
958335456114080580
3 6 5 5 -1  1
958800995161310429
0 4 0 5 -1  1
958921287289307181
6 0 7 0 -1  1
959009708554264950
0 5 1 6 -1  1
959108512804241407
1 6 2 5 -1  1
959173879609955281
0 2 5 2 -1  1
959259242806748877
0 3 3 0 -1  1
959348706915466396
0 3 2 2 -1  1
959464796116570120
2 5 3 5 -1  1
959733180320752922
3 0 4 0 -1  1
959801993644347378
0 2 1 3 -1  1
959842886778651107
4 5 5 4 -1  1
959887973820654162
4 6 3 7 -1  1
959896443412997917
2 5 5 2 -1  1
960101667285771849
2 1 3 1 -1  1
960224413117277309
0 6 2 5 -1  1
960761520890149560
0 1 1 3 -1  1
960900026011972190
0 1 5 1 -1  1
960974180353125574
0 2 3 5 -1  2
1 4 3 4 -1  1
961162122819276936
0 0 0 3 -1  1
961274905942270459
4 4 2 4 -1  1
961488449851202316
5 2 6 4 -1  2
961537699321266681
0 2 0 1 -1  1
961555412046389343
5 2 3 2 -1  1
961653574607430439
0 3 1 4 -1  1
961777500252392100
0 4 0 7 -1  1
961818602132181017
1 3 2 3 -1  1
961855613615973460
2 4 2 3 -1  1
961880180637069066
3 1 4 2 -1  1
962157814646112914
1 3 3 3 -1  2
962422479802831132
2 5 4 4 -1  1
962592117747855714
1 6 3 6 -1  1
962840716331380938
2 6 3 6 -1  1
962842136109220407
3 4 5 3 -1  1
963136071327376558
0 4 0 0 -1  1
963332432680361654
5 0 3 0 -1  1
963525181525933390
0 6 1 6 -1  1
963531216708311077
2 5 4 6 -1  1
963808856492562728
2 6 3 5 -1  1
963835418198772483
3 6 4 6 -1  1
963865065950654287
0 4 1 2 -1  1
963976672462014052
2 2 4 1 -1  1
964076321066639257
6 3 7 3 -1  1
964105404569307092
2 1 3 1 -1  1
964175735201233242
1 4 3 6 -1  1
964192258938147088
4 4 5 3 -1  1
964237845906540406
6 2 7 0 -1  1
964253222217649901
3 4 5 6 -1  1
964350187345687199
2 3 0 4 -1  1
964350591263572768
1 6 3 6 -1  1
964718577652428759
0 4 0 6 -1  7
1 7 3 7 -1  1
3 4 4 4 -1  2
964846122686238935
1 2 1 4 -1  1
965068716683341773
1 3 5 3 -1  1
965169621900452024
2 4 1 3 -1  1
965384446359994051
4 0 1 0 -1  1
965402865370663547
3 1 3 2 -1  1
965405943146506941
3 1 2 2 -1  1
965415223547582968
1 6 5 2 -1  1
965492276533431634
0 3 1 3 -1  1
965551258583282750
1 3 1 2 -1  1
965692167809692244
1 2 2 2 -1  1
965701650913208870
2 5 1 3 -1  1
965771117657015519
3 4 4 4 -1  1
965794350167291821
1 0 1 5 -1  1
965890254955561198
1 5 2 5 -1  1
965939606424456373
6 4 6 6 -1  1
966163484594990758
6 3 5 3 -1  1
966249033069181022
1 7 2 7 -1  1
966374315201391021
2 1 1 2 -1  1
966499195627658262
0 6 1 4 -1  1
966592626195670439
4 1 3 0 -1  1
966716253572918697
6 2 4 3 -1  1
966817477125081692
5 3 2 0 -1  1
967037000235672750
0 5 3 2 -1  1
967196860234034318
0 5 0 6 -1  1
967278964526682281
0 7 0 6 -1  1
968133625084958538
3 3 2 2 -1  1
968156134542550489
1 7 2 7 -1  1
968487925050840302
6 3 4 5 -1  1
968681645863974648
2 5 3 5 -1  1
968744556748757000
1 6 4 3 -1  1
968873771531369143
4 5 5 4 -1  1
968905054822858907
2 2 3 2 -1  1
968967740597427306
4 6 1 3 -1  1
969209278095069888
0 1 1 3 -1  1
969316677483885457
0 2 4 6 -1  1
969355171899989277
4 5 5 6 -1  1
969449028934291318
0 2 2 4 -1  25
0 3 2 3 -1  1
0 5 1 4 -1  2
1 5 3 5 -1  3
1 6 2 6 -1  4
969766345116611569
2 3 4 2 -1  1
969821338353269725
4 2 5 2 -1  1
969970915204250275
2 3 3 2 -1  1
970168960746456556
2 1 6 1 -1  1
970570688582621815
2 5 3 3 -1  1
970824892962155187
0 5 1 4 -1  1
970845962441706847
4 1 6 2 -1  1
970992943028521382
1 0 2 0 -1  2
971147213757913416
7 1 5 1 -1  1
971182658400951317
2 3 1 2 -1  1
971202484478524354
0 0 7 0 -1  1
971253754431663155
4 4 5 4 -1  1
971323338555324297
2 2 4 3 -1  1
971400831540722597
1 3 3 4 -1  1
971512868559022808
2 7 2 1 -1  1
971999620168527946
1 1 2 2 -1  1
972002967766847451
1 2 3 4 -1  1
972208496074352999
4 3 6 5 -1  1
972299227772527510
1 5 2 4 -1  1
972343571917048611
0 4 1 5 -1  1
972470133037954770
2 3 1 4 -1  2
972558332702442493
2 5 2 6 -1  1
972683163961686837
1 6 2 4 -1  1
972786022677721045
3 3 5 1 -1  1
972829462744020490
0 0 1 0 -1  1
972885541595594908
0 6 1 7 -1  1
973035683641758290
2 2 3 3 -1  1
973036764756541208
2 6 3 7 -1  1
973209308387619570
2 5 2 6 -1  1
973328517546008926
1 1 2 2 -1  1
973365079613613158
0 3 1 3 -1  1
973426704432310294
3 0 4 0 -1  1
973782649816791459
0 1 2 2 -1  1
974073869966319320
0 3 7 3 -1  1
974534543141021227
6 3 6 0 -1  1
974614448253041198
1 5 3 5 -1  1
975089213463740905
3 7 5 6 -1  1
975295674214095627
1 7 2 7 -1  1
3 2 4 2 -1  1
975362619960562143
0 2 0 7 -1  1
975397219832604270
0 4 0 6 -1  2
975659973230244313
4 6 5 5 -1  1
975730163268321930
0 7 1 6 -1  1
976028764231150988
1 3 0 4 -1  1
976089444926163295
2 3 2 5 -1  1
976447425187197021
2 2 3 1 -1  1
976463525872801819
3 5 1 7 -1  1
976499376931024986
2 4 4 3 -1  1
976549638008219905
7 1 5 2 -1  1
976610528018613483
0 5 0 4 -1  2
3 2 4 2 -1  1
976643366303137491
1 4 2 3 -1  1
976780145860666732
0 2 1 1 -1  1
977039153122904500
1 2 1 3 -1  1
977049837039969773
1 1 2 1 -1  1
977387910315953720
2 3 3 3 -1  1
977404285880801810
3 4 4 3 -1  1
977424357094152632
3 3 4 4 -1  2
977451392270329566
2 1 4 3 -1  1
977516415773063979
4 6 3 7 -1  1
977664143446526659
4 0 5 1 -1  1
977798068946101054
0 3 1 4 -1  1
977863817245140353
0 6 1 5 -1  1
978016320026593066
1 7 2 7 -1  1
978044771872092276
0 4 0 6 -1  1
978337944224763959
1 7 0 6 -1  1
978418516973736100
0 2 1 2 -1  1
978461168139876997
1 5 0 4 -1  1
978521699015095117
1 4 3 4 -1  1
978545055842338516
3 6 7 2 -1  1
978605687453563049
1 2 2 2 -1  1
979030330357975629
6 3 3 3 -1  1
979051031699564341
0 6 0 7 -1  1
979255320418466632
1 1 2 1 -1  1
979483284433447551
2 2 6 6 -1  1
979494327392892290
0 5 1 5 -1  1
979511551858122139
6 3 3 0 -1  1
979514015392775597
1 6 2 6 -1  1
979612034319676807
1 6 0 5 -1  1
979650359086441365
0 5 5 0 -1  1
979661950358291989
0 4 0 6 -1  1
979798705694119893
2 6 3 4 -1  1
979818535745337501
0 1 2 2 -1  1
979884816237932475
3 2 4 1 -1  1
980003610788762146
4 4 5 4 -1  1
980055667812983374
2 3 4 5 -1  1
980069177027174727
1 7 3 7 -1  1
980159678776488759
0 3 2 5 -1  1
980335431889506065
0 7 4 7 -1  1
980503095322450476
4 2 3 3 -1  1
980593594519676433
2 2 4 1 -1  1
980639460296989307
5 5 6 6 -1  1
980735251745756219
0 6 1 7 -1  2
980957523262598320
4 2 2 0 -1  1
981070579479146667
0 4 0 6 -1  1
981088145769265079
1 5 2 5 -1  1
1 5 3 5 -1  1
981149052729263451
0 0 2 0 -1  1
981267682393989106
2 5 2 4 -1  1
981281180196574540
2 1 3 1 -1  1
981692711880723910
0 2 0 1 -1  1
981829843614479449
4 0 5 2 -1  1
982146026118708527
2 2 7 7 -1  1
982281447986407953
6 6 6 3 -1  1
982307945090262893
2 5 3 4 -1  1
982369200349685154
2 2 1 4 -1  1
982389143988890965
1 6 0 5 -1  1
982477167257502058
3 1 4 1 -1  1
982511137396176519
0 7 0 6 -1  1
982696796435917116
1 0 3 0 -1  1
2 6 4 5 -1  1
983023462809273163
1 5 2 3 -1  1
983542595656146254
4 3 4 4 -1  1
983545984840349120
2 7 3 7 -1  1
983550847170920947
0 2 4 6 -1  1
983641348485867193
2 6 1 6 -1  1
983761084006984984
7 3 7 4 -1  1
983837938926873539
6 1 7 1 4  1
983863280846498423
2 6 3 6 -1  1
984035716708074935
1 5 1 4 -1  1
984185222475945934
0 5 2 4 -1  1
984307070101366067
4 2 5 2 -1  1
984562550532937530
1 6 3 6 -1  1
984828019551749058
3 0 4 0 -1  1
984954023729559897
0 5 1 4 -1  1
985280233676733071
0 4 0 6 -1  1
985389788526365614
1 4 2 5 -1  1
985586059887214527
3 3 1 4 -1  1
985592511788767044
1 1 3 1 -1  1
985693552162797679
1 3 3 3 -1  2
3 2 4 3 -1  1
985694456086324805
3 7 4 6 -1  1
985905160794602762
0 3 0 6 -1  1
985919597733329166
1 6 2 6 -1  1
985990037162925416
1 0 3 0 -1  11
1 3 3 3 -1  5
986069694586307094
1 6 1 5 -1  1
986128515866734206
0 5 0 3 -1  1
986232183732863909
3 3 6 6 -1  1
986348992319264465
2 1 0 3 -1  1
986459142019764643
2 4 3 6 -1  1
986470561756642809
2 4 3 5 -1  1
986528517326638393
3 0 5 1 -1  1
986598092699953437
1 0 5 4 -1  1
986614803712095596
6 1 5 3 -1  1
987052407261947161
0 4 0 6 -1  1
987300454124251227
1 7 3 7 -1  1
987560813579060237
0 2 1 1 -1  1
987602726914249468
1 7 2 6 -1  1
988028243797240806
0 2 1 3 -1  1
988100924458191746
4 6 5 5 -1  1
988192495139656066
1 2 3 2 -1  1
988303438160216804
0 2 2 4 -1  3
3 3 4 3 -1  2
988331546202309262
6 4 5 5 -1  1
988416225130872294
6 2 6 3 -1  1
988637635139951466
0 6 1 7 -1  1
988645675437398838
0 5 0 3 -1  1
988664897646300544
3 3 5 4 -1  1
989084512016755075
2 2 3 0 -1  1
989091220975013689
0 6 2 5 -1  1
1 4 2 4 -1  2
989180946537690750
3 1 2 3 -1  1
989326909974103223
6 4 7 3 -1  1
989350350443636401
0 2 4 6 -1  1
989480880417987035
3 0 2 1 -1  1
989533739204365437
0 0 0 3 -1  1
989569274304620353
0 5 1 4 -1  1
989644712345267436
2 2 1 4 -1  1
990000797020945504
3 5 4 3 -1  1
990026009628786218
7 7 7 2 -1  1
990492265877488236
2 2 4 1 -1  1
990493462172524748
3 5 4 4 -1  1
990543666650942817
0 0 0 3 -1  1
990760629033685167
0 2 0 4 -1  1
990781656946993782
1 3 2 2 -1  1
991070944722164843
2 3 0 3 -1  1
991154212895711855
4 6 5 5 -1  1
991784692113453373
1 0 2 0 -1  1
991892702590495811
6 0 6 2 -1  1
991894900108365828
0 4 0 6 -1  1
992034487378395625
1 5 2 5 -1  1
992087734566026453
2 2 7 7 -1  1
992149285610444419
6 4 2 4 -1  1
992236516614857158
2 3 1 4 -1  1
992249145316083608
2 0 4 2 -1  1
992339003557667946
3 1 4 2 -1  1
992393508453169541
1 3 0 1 -1  1
992523264818145101
6 0 3 3 -1  1
992691338828491683
4 3 4 0 -1  1
992868844747878409
6 3 3 3 -1  1
992987785052654854
0 3 3 3 -1  1
993126739681577938
4 4 5 5 -1  1
993147459444816259
0 2 6 2 -1  1
993292432688620145
3 1 4 0 -1  1
993297350901640254
0 5 2 3 -1  1
993330097033433300
0 3 3 0 -1  1
993375307724657951
3 6 4 6 -1  1
993705680359123310
0 5 0 4 -1  2
2 3 3 3 -1  1
993751261738244870
3 4 4 3 -1  1
993807389256846593
0 6 0 7 -1  1
994221935037370757
2 5 1 3 -1  1
994299917648864566
0 1 2 2 -1  1
994505985722834466
3 7 2 7 -1  1
994534185401778320
1 7 2 7 -1  1
994901104859982619
1 3 0 5 -1  1
995008538585965244
3 1 2 3 -1  1
995012157199265121
0 4 0 6 -1  2
3 4 4 4 -1  2
995163182940603608
1 3 4 0 -1  1
995330903670248702
2 7 3 6 -1  1
995681027604071339
3 5 4 4 -1  1
995739320669686165
4 1 5 1 -1  1
995752583498514357
3 0 2 1 -1  1
995949185658855997
3 1 4 2 -1  1
996235314438977735
3 4 5 5 -1  1
996617121979394029
1 3 1 2 -1  1
996688108116240426
2 6 3 6 -1  1
996742044971758918
0 3 7 3 -1  1
996765559959899323
0 4 3 4 -1  1
996855996825714957
4 5 6 4 -1  1
996922077578888712
2 1 1 3 -1  1
997110361032723651
2 0 2 4 -1  1
997298603957163177
1 2 1 3 -1  1
997380466783519172
2 0 1 2 -1  1
997399864595402258
1 3 2 4 -1  1
997445515761500348
2 4 3 3 -1  1
997518373551385156
3 0 4 0 -1  1
997588155241326540
0 4 6 4 -1  1
997648810049883841
2 2 3 4 -1  1
997851695879215610
1 6 2 7 -1  1
997863037899877686
7 5 7 1 -1  1
998016343132498331
1 7 2 7 -1  1
998062564944685437
3 0 4 0 -1  1
998197430465510770
5 0 6 0 -1  1
998616974375331721
1 5 2 5 -1  1
998637386225921736
3 4 7 4 -1  1
998854361377448751
1 6 3 6 -1  1
998869865451483844
3 6 4 7 -1  1
998908408718924118
5 2 4 4 -1  1
998920388648702642
0 0 0 4 -1  1
999153851342358620
4 5 5 3 -1  1
999305365395568807
5 1 4 3 -1  1
999399216037530069
0 0 2 0 -1  1
999424196911001597
0 3 1 2 -1  1
999425036953544292
1 0 2 0 -1  1
999450157075037682
1 6 0 7 -1  1
999487784519214569
0 1 1 2 -1  1
999631897567943307
0 6 0 7 -1  1
999689706978664010
2 4 4 3 -1  1
999725609379385846
0 3 2 1 -1  1
999761939325800638
0 4 0 6 -1  1
999855023192429480
0 2 0 3 -1  1
1000148687885248240
1 5 3 5 -1  1
1000202384563458376
4 1 5 1 -1  1
1000260397076382823
5 0 3 1 -1  1
1000331328896049595
3 0 5 2 -1  1
1000438238286127329
2 6 2 3 -1  1
1000549899985555203
4 5 3 3 -1  1
1000617993897145377
1 5 1 7 -1  1
1000662294105357451
2 2 3 0 -1  1
1000798163476543101
1 4 2 2 -1  1
1000810841539893963
1 5 0 4 -1  1
1000827888346411084
0 2 2 2 -1  1
1001305375630276250
1 6 3 6 -1  1
1001380175492466608
0 1 2 2 -1  1
1001679537636462397
4 4 5 3 -1  1
1001730245953488997
5 0 1 4 -1  1
1001788295513363201
2 0 2 4 -1  1
1001804639442452745
1 2 0 3 -1  1
1002080697409291504
3 5 0 2 -1  1
1002185098121031855
0 6 2 5 -1  1
1002187181494776845
1 5 1 6 -1  1
1002198318669179847
0 0 0 1 -1  1
1002229341753262270
0 5 0 4 -1  1
1002282346676024987
4 3 3 2 -1  1
1002393868196904125
0 6 1 6 -1  1
1002523739142125100
5 5 3 4 -1  1
1002596533498409458
1 6 2 5 -1  1
1002814479135934826
1 3 0 5 -1  1
1002816028269983584
2 7 6 7 -1  1
1003457381888777675
4 4 5 4 -1  1
1003663742171858007
1 4 2 4 -1  1
1003830303235740047
0 1 6 1 -1  1
1003934576462921655
2 3 1 4 -1  1
1004104946938643265
1 5 2 4 -1  1
1004156251049491051
3 7 4 6 -1  1
1004183642349593115
0 6 1 6 -1  1
1004293673645834559
1 3 4 6 -1  1
1004498397099721481
4 6 4 1 -1  1
1004889068604129731
3 7 4 7 -1  1
1004927109367687398
2 3 4 5 -1  1
1004939587832968008
4 2 6 2 -1  1
1005020295366143172
3 4 1 5 -1  1
1005172390534790997
0 2 0 7 -1  1
1005441566385130095
1 2 2 2 -1  1
1006039350743509202
0 5 1 5 -1  1
1006476002280147291
1 3 2 4 -1  1
1006607960467437042
1 1 3 1 -1  1
1007062165755181050
3 3 2 5 -1  1
1007355189557839284
0 0 0 1 -1  1
1007551406071752713
2 5 4 3 -1  2
1008387475235415607
0 5 2 6 -1  1
1008594432554492354
0 6 1 4 -1  1
1008637855907925289
2 0 3 0 -1  1
1008698225831933849
3 4 5 3 -1  1
1008708632640377292
0 3 1 3 -1  1
1008813262091781040
0 4 3 1 -1  1
1008926048501178367
0 7 5 7 -1  1
1009135567521599516
1 1 2 2 -1  1
1009255296827270398
7 1 6 1 -1  1
1009366484358295582
1 1 2 1 -1  1
3 3 4 3 -1  1
1009367003890977037
3 4 1 5 -1  1
1009367593003318638
3 4 4 4 -1  1
1009447521366460692
1 0 3 0 -1  1
1009727094113778554
0 4 3 4 -1  1
1009765380523845612
1 3 2 3 -1  1
1009920358312237697
3 5 2 6 -1  1
1010151443245187005
3 3 4 2 -1  1
1010511381413711897
3 4 4 3 -1  1
1010614223446271202
0 1 2 2 -1  1
1010664129653503960
2 6 4 6 -1  1
1010693590037156648
6 1 5 3 -1  1
1010748071772964590
5 3 6 3 -1  1
1010888213067235861
3 2 4 2 -1  1
1010893238038094679
0 3 0 0 -1  1
1011164054323540547
3 3 3 4 -1  1
1011300210571934758
1 6 3 6 -1  1
1011300561791629667
1 7 3 7 -1  1
1011370423368436423
2 7 2 6 -1  1
1011391236119766180
0 5 0 4 -1  1
1 3 3 3 -1  1
1011442619226671501
1 5 0 6 -1  1
1011687662494859104
4 6 5 5 -1  1
1011696079167972852
0 1 0 2 -1  1
1011770666205006952
0 5 2 5 -1  1
1011908635849010921
0 6 0 7 -1  1
1012213033504553334
6 1 6 0 -1  1
1012242281182922648
2 5 3 7 -1  1
1012323729713814752
1 0 1 2 -1  1
1012416186409706557
2 3 4 5 -1  1
1012430607894684761
0 3 2 3 -1  1
1012547704526896284
2 2 4 1 -1  1
1012577570926608036
4 6 2 5 -1  1
1012595335986627438
1 5 0 4 -1  1
1012662800365658252
0 7 0 1 -1  1
1012859758265458782
1 0 0 1 -1  1
1012936209021908969
0 3 5 3 -1  1
1013123715045870221
0 2 2 4 -1  1
1013366951349413146
0 3 1 2 -1  1
1013454798223804761
2 2 4 3 -1  1
1013483888304856204
3 3 4 3 -1  1
1013703749192184663
2 1 3 1 -1  1
1013746260594009581
3 2 2 1 -1  1
1013766387009925334
6 4 6 0 -1  1
1014005736232142383
0 2 1 1 -1  1
1014158555172192697
2 1 1 1 -1  1
1014160976626616648
2 2 3 2 -1  1
1014310354499677456
0 6 1 5 -1  1
1014358350963911489
1 3 3 3 -1  1
1014661055851841201
2 3 4 1 -1  1
1014816533453081883
3 6 2 5 -1  1
1014904857855874725
3 5 4 5 -1  1
1014917622144271765
1 7 2 6 -1  1
1014923998789288921
1 4 0 3 -1  1
1014965978280503759
2 7 1 6 -1  1
1014993151709559318
0 5 0 0 -1  1
1015113503722442564
5 4 4 5 -1  1
1015171168189838629
1 5 1 4 -1  1
1015173039667480159
0 2 1 1 -1  1
1015209378369119270
0 3 1 2 -1  1
1015303052797567373
0 6 1 6 -1  1
2 5 0 4 -1  1
1015428070139812537
1 7 2 7 -1  1
1015438577098455998
2 6 3 5 -1  1
1015780533097388915
4 7 5 6 -1  1
1015829087851791423
2 1 3 2 -1  1
1016163319674233681
0 4 0 6 -1  1
1016293379806191822
2 5 3 3 -1  1
1016485066634181560
0 0 0 4 -1  1
1016514500099446228
1 2 1 3 -1  1
1016567626131261329
1 7 2 7 -1  1
1016694494755685716
4 4 4 6 -1  1
1016711643492637374
3 4 4 4 -1  1
1016838871257119018
3 1 2 2 -1  1
1016849786835991344
3 2 2 3 -1  1
1016875688699599420
1 7 2 7 -1  1
1017462066299443118
1 2 0 4 -1  1
1017502307883850833
0 4 0 6 -1  1
1017603103875326586
2 5 4 6 -1  1
1017739909197390513
3 4 4 3 -1  1
1018080575962224010
1 0 2 0 -1  1
1018269913106444882
3 2 1 0 -1  1
1018281454469827094
1 7 2 6 -1  1
1018499504292614091
2 6 2 3 -1  1
1018570670341240047
7 6 4 3 -1  1
1018691257123704909
5 3 5 0 -1  1
1018983876979354280
3 3 6 0 -1  1
1019028570638494395
2 1 1 1 -1  1
1019032974530743010
3 3 4 3 -1  1
1019318718409995506
6 0 4 0 -1  1
1019499316276921435
3 3 4 2 -1  1
1019655138593151567
3 7 4 7 -1  1
1019782675258026026
1 7 2 7 -1  1
1019846979191449144
6 0 7 2 -1  1
1019955088541260051
3 2 4 1 -1  1
1020036839235666560
2 5 3 4 -1  1
1020084372248351325
2 3 3 2 -1  9
1020093652488681641
2 5 2 4 -1  1
1020206459408871610
7 2 5 2 -1  1
1020283830069982525
1 4 2 4 -1  1
1020449382497444227
0 5 1 6 -1  1
1020924268560664537
2 2 4 3 -1  1
1020989447860279149
0 4 1 5 -1  1
1021210274587096246
7 2 5 2 -1  1
1021281070307854710
1 3 6 3 -1  1
1021395461245446094
1 3 4 0 -1  1
1021460817835404768
2 5 3 4 -1  1
1021919059522565585
3 3 6 6 -1  1
1022085282350730054
5 1 5 3 -1  1
1022091923874281239
2 4 3 3 -1  1
1022092498646839370
1 7 2 7 -1  1
1022325139364355429
0 3 3 3 -1  1
1022431752473944008
4 4 6 2 -1  1
1022580253447636943
3 2 7 2 -1  1
1022711894684650406
1 0 2 0 -1  1
1022766666611834718
1 3 3 2 -1  1
1022882360885159811
0 1 4 1 -1  1
1022899774974816997
2 4 2 5 -1  1
1022903125683252986
2 5 3 5 -1  1
1022952113870958691
1 5 2 4 -1  1
1023024676684097123
0 6 1 4 -1  3
1023231039731769840
1 6 3 4 -1  1
1023540445636546301
0 5 1 3 -1  1
1023545823146887712
1 5 1 6 -1  1
1023560214312570003
6 4 6 5 -1  1
1023619877029045596
0 7 0 4 -1  1
1024008278771135597
1 1 3 1 -1  1
1024265626271253196
3 5 4 5 -1  1
1024394530149598409
3 3 2 2 -1  1
1024409681556138268
1 1 3 1 -1  1
1024417707431551045
1 1 7 1 -1  1
1024455287616272826
2 5 4 4 -1  1
1024506931350356269
3 1 1 0 -1  1
1024535549465597939
2 5 3 7 -1  1
1024792005422405642
1 0 3 0 -1  1
1024909255970492512
0 6 5 6 -1  1
1025022966297687951
2 6 3 6 -1  1
1025044911682212306
4 6 5 6 -1  1
1025130532482730209
6 0 6 5 -1  1
1025178457141847332
2 5 3 4 -1  1
5 1 4 3 -1  1
1025602914140606880
5 1 4 1 -1  1
1025727907129202711
2 5 1 5 -1  1
1025748767500363406
4 7 5 6 -1  1
1025867825529358446
1 4 3 4 -1  1
1026199790243833728
4 6 3 7 -1  1
1026301439763436927
3 2 2 1 -1  1
1026401468198824674
3 5 2 4 -1  1
1026579590109769172
3 5 0 2 -1  1
1026702655798080567
0 3 1 4 -1  1
1026789529147121085
3 4 2 5 -1  1
1026927359420351230
4 3 5 1 -1  1
1026980042443387405
4 5 6 6 -1  1
1027302067877716589
1 7 0 6 -1  1
1027313617157478320
0 3 2 5 -1  1
1027425389795858514
4 4 3 3 -1  1
1027522903363944282
1 4 2 5 -1  1
1027618903016669454
1 0 2 1 -1  1
1027653971556961843
0 4 1 4 -1  1
1027676523103458586
4 7 7 7 -1  1
1027708713423206591
2 5 1 3 -1  1
1028184307732991459
2 3 4 2 -1  1
1028194145074622585
0 2 1 1 -1  1
1028491082324831136
3 1 5 2 -1  1
1028536391924893435
0 3 1 5 -1  1
1028604947563679587
4 4 5 5 -1  1
1028652105896475069
3 7 5 5 -1  1
1028680437786734734
1 2 2 2 -1  1
1028831579578715216
4 1 3 3 -1  1
1028951682392177036
0 4 3 4 -1  1
1028990131572617924
0 3 0 1 -1  1
1029142573159087637
0 5 0 3 -1  1
1029430724291230768
2 3 4 5 -1  1
1029444402071178153
4 3 5 2 -1  1
1029549576157257195
3 4 5 5 -1  1
1029782576884463371
6 4 4 5 -1  1
1029993625139209180
2 2 3 3 -1  1
1030077110111969048
0 6 0 2 -1  1
1030176406603833120
1 4 3 4 -1  1
1030202996908254223
3 2 5 3 -1  1
1030321558814123202
6 2 6 0 -1  1
1030338251650068886
4 1 5 2 -1  1
1030648789697353431
5 3 6 4 -1  1
1030737921811811777
1 4 2 4 -1  1
1030740770996650273
4 2 3 1 -1  1
1030961065991809650
0 4 0 6 -1  1
1031015645123458881
2 3 4 5 -1  1
1031202225955720348
6 2 7 2 -1  1
1031317066913669143
0 3 1 3 -1  1
1032248549155514352
2 1 3 1 -1  1
1032359634134493024
3 5 4 5 -1  1
1032410000357852906
0 3 0 5 -1  1
1032738446031527106
3 7 5 6 -1  1
1032879651488141781
1 2 2 3 -1  1
1032889578381799371
4 6 1 3 -1  1
1032971299084309108
4 1 2 0 -1  1
1033133906578515059
1 6 2 6 -1  1
1033156590771710997
1 0 2 0 -1  1
1033418287691333763
2 6 4 7 -1  1
1033460056481105861
6 7 6 6 -1  1
1033632125730940047
0 3 1 3 -1  1
1033669769349644208
6 7 6 5 -1  1
1033706808471562113
0 3 6 3 -1  1
1033769281806057106
0 1 1 0 -1  1
1034079104426055197
3 3 4 4 -1  2
1034123316544332764
1 1 3 1 -1  1
1034235091801083290
4 7 2 7 -1  1
1034284274711579331
3 4 1 6 -1  1
1034373295431615512
1 6 2 7 -1  1
1034408730712948840
2 0 3 0 -1  1
1034548186642520004
2 3 2 6 -1  1
1034584341417753222
0 5 1 4 -1  1
1034852841902744742
4 3 5 4 -1  1
1034876796445346368
4 2 3 3 -1  1
1034877853574984591
5 2 7 2 -1  1
1035120302236905030
3 3 4 3 -1  1
1035396201940482162
4 4 5 3 -1  1
1035438231752344544
2 6 4 4 -1  1
1035720344129631083
2 5 3 5 -1  1
1035863236831881726
4 0 4 2 -1  1
1035913837541064434
3 5 2 7 -1  1
1035987553607987045
4 2 2 2 -1  1
1036028680273591391
6 7 5 6 -1  1
1036121101939559958
0 0 0 2 -1  3
0 3 2 1 -1  1
1036303912465370472
7 2 5 4 -1  1
1036546223935325302
2 4 1 3 -1  1
1037045204822618231
6 7 6 1 -1  1
1037180032875158538
3 3 3 2 -1  1
1037351412248419883
4 5 5 5 -1  1
1037742377493325268
4 4 5 5 -1  1
1037951403512060149
2 3 2 0 -1  1
1038097583310236606
0 0 0 4 -1  1
1038146158896889199
3 4 4 6 -1  1
1038170981423711488
2 2 3 2 -1  1
1038221556309941720
1 2 2 4 -1  1
1038307361084820901
1 3 1 2 -1  1
1038459112853520835
4 7 5 7 -1  1
1038604858868924350
2 3 3 3 -1  1
1038912408513320099
3 3 4 4 -1  1
1039167621108551103
2 2 3 0 -1  1
1039311784278550199
0 5 1 4 -1  1
1039456169917204566
2 7 1 6 -1  1
1039566196351122512
6 4 6 5 -1  1
1039666677594657457
0 5 2 5 -1  1
1039790394827703012
4 6 7 3 -1  1
1040085330623629720
1 3 3 5 -1  1
1040232026213276054
2 3 1 4 -1  1
1040485525828872625
5 2 6 2 -1  1
1040528425771696602
3 2 4 3 -1  1
1040600844527963498
2 6 3 6 -1  1
1040746313715919826
5 2 6 4 -1  1
1040802383152697448
3 0 2 2 -1  1
1040846449391071716
2 4 3 3 -1  1
1040877297006986398
0 2 3 5 -1  1
1041094215088969125
0 5 2 6 -1  1
1041177097200592654
2 2 1 4 -1  1
1041341856188882693
3 4 6 1 -1  1
1041549205802894349
6 5 2 5 -1  1
1041617883542591416
1 7 4 7 -1  1
1041618344636552293
3 0 3 5 -1  1
1041686586372104709
3 0 4 1 -1  1
1041708405803982280
3 3 5 1 -1  1
1041739114301162607
3 3 5 4 -1  1
1041955851248352536
2 5 3 3 -1  1
1042082499855211293
1 3 3 1 -1  1
1042092370824445184
1 1 3 1 -1  1
1042240535646168809
0 2 3 5 -1  2
0 6 2 5 -1  10
1 2 3 2 -1  2
1 4 3 4 -1  10
1 6 2 6 -1  2
1042486283498866109
6 2 6 4 -1  1
1042613518742731187
5 2 5 4 -1  1
1042654982369697675
2 7 3 6 -1  1
1042718909607808445
2 1 3 1 -1  1
1042762100212109568
0 6 0 7 -1  1
1042806589807452885
2 1 3 1 -1  1
1043196250312899255
2 5 2 1 -1  1
1043603022220405584
1 1 2 2 -1  1
1043780186096995671
0 4 0 2 -1  1
1043815895729757874
1 3 2 4 -1  1
1044167876030051370
6 7 4 7 -1  1
1044239782396061565
1 3 3 1 -1  1
1044403653392242867
0 1 0 2 -1  1
1044406551120156694
4 4 0 4 -1  1
1044460558492894441
0 2 1 3 -1  1
1044470534826753543
0 0 0 1 -1  1
1044511520246093605
6 4 7 4 -1  1
1044624044338007838
1 3 1 1 -1  1
1044641246950757086
0 0 0 2 -1  1
1044746815969188974
1 2 2 2 -1  1
1 2 3 2 -1  3
1044763041609668373
0 6 0 5 -1  1
1044821544623862567
3 5 4 7 -1  1
1045133889163090261
0 6 1 7 -1  1
1045309579625472689
2 0 3 1 -1  1
1045487358556999524
0 4 0 2 -1  3
1045815608270171641
4 0 6 1 -1  1
1045923796534651719
1 4 2 5 -1  1
1045948393686636654
0 6 1 6 -1  1
1046104248128479088
0 3 4 3 -1  1
1046228157754773819
3 5 2 6 -1  1
1046466359853990612
0 1 1 1 -1  1
1046792066715868964
1 4 2 3 -1  1
1046792238771864716
0 1 2 2 -1  4
1 2 3 2 -1  6
1046835110927175089
2 6 1 4 -1  1
1047297276161846147
1 6 2 6 -1  1
1047477278584625093
0 3 0 1 -1  1
1047494418099315575
4 3 5 2 -1  1
1047672544898023203
2 4 4 3 -1  1
1047969741861578781
5 7 5 6 -1  1
1048065427366471740
0 4 0 1 -1  1
1048193178517671041
2 2 3 0 -1  1
1048377111436513021
0 2 6 2 -1  1
1048418444130712934
0 6 0 5 -1  1
1048593235601829364
2 6 3 7 -1  2
1048641032859430407
2 6 3 5 -1  1
1048979592506400409
4 7 5 7 -1  1
1048994752497452676
1 7 2 7 -1  1
1049018867928103480
0 5 4 5 -1  1
1049247703769229759
1 1 3 1 -1  1
1049595677026411116
2 5 0 4 -1  1
1050029160173676253
0 3 0 2 -1  1
1050210332092645342
1 6 3 4 -1  1
1050276768278127473
0 2 1 3 -1  1
1050334787523053265
3 2 4 3 -1  1
1050384853324257861
1 2 1 5 -1  1
1050464126163427840
3 4 6 7 -1  1
1050498497776968823
4 4 5 5 -1  1
1050529779114713449
1 1 3 1 -1  1
1050569694763592149
1 0 0 2 -1  1
1050599621274393993
0 0 3 3 -1  1
1050636323450780280
1 0 3 0 -1  1
1051088022503161908
2 1 2 0 -1  1
1051211170794672907
0 4 1 4 -1  2
1051521465717008974
1 3 1 4 -1  1
1051571260260916915
1 4 0 3 -1  1
1051657749739445251
0 4 1 3 -1  1
1051786666630997661
0 2 1 3 -1  1
1051904638055744592
4 3 5 3 -1  1
1051928612213572191
3 0 2 2 -1  1
1052135948588336311
1 7 2 7 -1  1
1052171938059948217
1 0 2 0 -1  1
1052439188707114828
1 6 3 6 -1  1
1052771789095416354
1 2 3 2 -1  1
1052832730143118766
0 2 2 4 -1  1
1052962404649911836
2 5 2 4 -1  1
1053060442081346608
2 2 4 0 -1  1
1053118426415874801
3 4 4 3 -1  1
1053123142398837087
0 4 4 0 -1  1
1053142231651479042
5 2 6 4 -1  1
1053149918094281778
1 3 1 6 -1  1
1053274768987422123
1 3 3 5 -1  1
1053501161849860231
2 5 0 3 -1  1
1053706371069120776
0 5 0 6 -1  1
1053788933680812128
1 2 4 2 -1  1
1054048424806585774
0 4 0 6 -1  1
1054424113261651560
2 5 1 3 -1  1
1054443556994770590
1 6 0 5 -1  1
1054578011442214009
0 3 0 6 -1  1
1054610544370052731
3 4 0 4 -1  1
1054838855630303128
3 0 4 0 -1  1
1054886998927000987
3 6 3 3 -1  1
1055001516914851727
0 5 0 4 -1  1
1055075813336221879
0 5 3 2 -1  1
1055269154753852591
0 2 2 4 -1  1
1055348457671066584
0 5 0 3 -1  1
1055833689068700475
2 2 3 4 -1  1
1056015171241748188
2 3 1 2 -1  1
1056333397303102229
0 6 0 7 -1  1
1056361472752402149
0 6 6 6 -1  1
1056594553979525282
0 6 1 6 -1  1
1056606489748601457
4 0 5 0 -1  1
1056619385924757451
0 4 0 5 -1  1
1056662705017847266
6 5 6 6 -1  1
1056839466132323102
4 1 4 5 -1  1
1056844396303772977
4 3 5 4 -1  1
1056867723317807424
3 1 3 2 -1  1
1056892103297550062
3 3 1 2 -1  1
1057149599859044517
0 4 0 6 -1  1
1057233363393766981
4 0 5 0 -1  1
1057236499267447552
2 5 3 7 -1  1
1057238867181653543
1 2 1 7 -1  1
1057302676257748524
3 3 4 3 -1  1
1057335193548064318
2 4 5 4 -1  1
1057335686828521339
2 4 1 4 -1  1
1057356069410026993
0 2 5 2 -1  1
1057589410230939671
0 2 4 6 -1  1
1057603337220286548
1 2 0 4 -1  1
1057888547989192456
2 5 1 4 -1  1
1057935236564540592
2 6 3 6 -1  1
1058042131102085396
1 7 0 6 -1  1
1058067297998346167
3 5 4 6 -1  1
1058105433213288214
1 2 3 2 -1  1
1058159511489487232
7 0 6 0 -1  1
1058312354601204639
0 4 1 4 -1  1
1058348015544278030
2 2 6 6 -1  1
1058541908743655345
4 1 2 3 -1  1
1058703979856666819
4 4 4 2 -1  1
1058749330392311084
4 0 0 4 -1  1
1058759917322824782
0 1 1 0 -1  1
1058962882945615112
1 5 3 5 -1  1
1059011047274159682
0 5 0 4 -1  1
1059049258471906701
3 7 6 4 -1  1
1059376289969210998
0 5 2 5 -1  1
1059392187631055542
0 0 0 1 -1  1
1059417614600821194
2 1 4 0 -1  1
1059506499022502900
6 7 7 7 -1  1
1059552443065960938
4 4 5 4 -1  1
1059973209218261418
0 6 0 5 -1  1
1059978925483784687
0 3 4 3 -1  1
1060295867483365003
1 6 3 6 -1  1
1060309968489731888
2 6 3 7 -1  1
1060446992872136326
4 3 7 6 -1  1
1060458911523419999
2 4 3 4 -1  1
1060465426378297571
7 4 5 5 -1  1
1060529375065844518
2 2 1 4 -1  1
1060715206214166807
3 5 4 4 -1  1
1061137522399566417
2 4 4 6 -1  1
1061146156178106828
2 1 3 1 -1  1
1061472553191125706
1 6 3 6 -1  1
1061551619474177089
2 4 1 3 -1  1
1061577542657944914
1 0 2 0 -1  1
1061998211129332891
1 3 2 2 -1  1
1062001368882574602
3 5 5 4 -1  1
1062038424497783351
2 2 4 3 -1  1
1062076120383265702
3 0 4 2 -1  1
1062159883559973022
6 4 4 5 -1  1
1062175822559857617
1 5 2 6 -1  1
1062220428791917656
1 5 7 5 -1  1
1062268066132466383
1 6 2 7 -1  1
1062319492011667938
0 2 2 2 -1  1
1062427612222428141
4 7 5 7 -1  1
1062458796674579218
2 7 4 7 -1  1
1062603156488164783
0 3 1 4 -1  2
1 7 3 7 -1  1
1062897686221288977
2 5 4 4 -1  1
1063220092951829931
0 6 1 5 -1  1
1063247026698689672
2 2 3 4 -1  1
1063313377673862525
0 3 2 3 -1  1
1063344878500726238
1 7 1 3 -1  1
1063559456865851010
0 3 1 3 -1  1
1063595057573989209
5 2 5 0 -1  1
1063623676450629876
0 5 0 3 -1  1
1064447137831595492
2 6 3 4 -1  1
1064452660281232001
0 3 0 5 -1  1
1064582592045355859
0 6 0 7 -1  1
1064933955046019909
0 2 1 1 -1  1
1065561142124851702
3 1 4 0 -1  1
1065611797262874781
0 1 4 1 -1  1
1065729993202792270
1 2 1 6 -1  1
1065770658115637835
0 2 4 6 -1  1
1066093205847337240
2 4 4 3 -1  1
1066138280369435227
3 5 1 5 -1  1
1066240400104624135
1 6 3 6 -1  1
1066364933128743950
0 6 0 7 -1  1
1066666597682177772
1 7 2 7 -1  1
1066711152339410041
1 0 3 0 -1  1
