10328078879107449572
0 0 0 3 -1  3
10328392969581832899
6 2 6 5 -1  1
10328404786493995660
1 4 0 3 -1  1
10328611951911421865
3 2 2 1 -1  1
10328767846031467645
1 0 3 0 -1  1
10328920230143127047
5 3 2 0 -1  1
10329147892543554621
1 4 3 2 -1  1
10329158112828764885
1 6 0 5 -1  1
10329294781082587348
3 7 5 7 -1  1
10329658833425617593
7 6 7 1 -1  1
10329667587277202881
0 2 1 3 -1  1
10329802075401189829
1 5 1 3 -1  1
10329846989729763777
0 4 1 4 -1  1
10329936015927610468
0 3 3 3 -1  1
10330125509539579208
3 5 2 6 -1  1
10330271420842522020
5 7 5 2 -1  1
10330288456078356825
1 7 2 7 -1  1
10330340459004098735
2 1 1 2 -1  1
10330513832642321509
7 3 5 1 -1  1
10330532600845244729
1 3 2 3 -1  1
10330618956880272557
4 0 5 0 -1  1
10330771706027500363
2 1 4 2 -1  1
10330831585205791058
2 6 3 6 -1  1
10331046554094053308
5 0 6 0 -1  1
10331058366386340800
1 7 3 7 -1  1
10331363605044564911
7 6 6 6 -1  1
10331623366971058743
0 2 1 3 -1  1
10331697635675066752
1 3 4 3 -1  1
10331721226140136978
0 2 2 4 -1  1
10331800839569404014
4 5 5 5 -1  1
10332150808254423525
0 2 4 6 -1  1
10332221468626936317
0 5 0 3 -1  3
10332225439004776622
0 5 0 4 -1  1
10332226617409410941
2 4 2 1 -1  1
10332313426943801477
1 7 3 7 -1  1
10332483728053242003
1 5 2 6 -1  1
10332782157447387230
6 2 4 3 -1  1
10332837194584985474
3 2 5 4 -1  1
10333369820762319211
7 7 7 4 -1  2
10333487401612369744
3 2 4 1 -1  1
10333502525333138986
1 3 2 4 -1  1
10333617251878729163
0 4 1 4 -1  1
10333838675578126651
1 1 3 1 -1  1
10333850840857577435
1 0 3 2 -1  1
10333934723367000151
2 4 5 7 -1  1
10334066312802470572
1 5 2 4 -1  1
10334147070800000875
4 4 1 1 -1  1
10334211950701011484
0 2 5 7 -1  1
10334248290933783031
3 4 4 4 -1  1
10334251718838517450
1 0 2 0 -1  7
1 1 2 1 -1  1
1 3 2 3 -1  5
10334366100167214158
5 5 4 6 -1  1
10334763531094857377
2 4 3 3 -1  1
10334844955549875430
0 5 1 4 -1  1
10334998928336715097
0 3 5 3 -1  1
10335046696755126792
1 4 0 4 -1  1
10335112204398350780
7 7 4 7 -1  1
10335307008415044420
4 6 5 7 -1  1
10335320246006778905
3 3 5 1 -1  1
10335355689386220113
0 7 0 6 -1  1
10335420468247953628
5 7 6 7 -1  1
10335491466709309581
4 0 5 0 -1  1
10335572108499419844
0 3 1 4 -1  1
10335587141883218787
1 3 2 1 -1  1
10335632248463194151
3 5 5 7 -1  1
10335692400806278691
3 5 5 3 -1  1
10335805155734086253
3 5 3 2 -1  1
10335879863764768274
0 5 1 4 -1  1
10336183107338063711
3 2 4 3 -1  1
10336453682593688188
3 4 3 5 -1  1
10336536736746641403
3 3 5 4 -1  1
10336546259423111253
2 5 4 4 -1  1
10336588386033514546
0 0 0 3 -1  1
10336681238161796211
2 6 0 7 -1  1
10336730340805483524
0 7 0 6 -1  1
10336755708067532371
0 2 1 3 -1  1
10336776482526843289
0 5 0 3 -1  1
10336840697156187791
1 5 1 4 -1  1
10336969463899719057
0 2 1 3 -1  1
10337050890431200183
4 1 2 2 -1  1
10337203592752041496
4 2 5 3 -1  1
10337281983425516658
2 2 4 3 -1  1
10337339372532758875
4 0 5 1 -1  1
10337752032778697922
2 4 2 5 -1  1
10337842726278256124
4 3 2 2 -1  1
10337903964269439665
2 3 1 5 -1  1
10337940998064474963
1 4 1 7 -1  1
10338105055587285258
4 6 6 6 -1  1
10338108756523686579
5 3 6 1 -1  1
10338146590444318684
0 5 0 4 -1  1
10338192634989501292
0 2 3 5 -1  1
10338242328768333247
0 5 0 4 -1  1
10338376424829451151
5 3 4 5 -1  1
10338624363981339043
0 0 0 4 -1  1
10338633361045100209
0 0 0 3 -1  1
10338646247776456203
6 4 7 5 4  1
10338888813469678753
0 5 0 3 -1  1
10338896845163482758
3 2 3 7 -1  1
10339010990444791767
1 0 2 0 -1  1
10339182222273481903
0 3 1 4 -1  1
10339454236913953752
4 0 1 3 -1  1
10339684776643228608
2 5 3 4 -1  1
10339808994752203806
0 2 7 2 -1  1
10339825748855245191
6 1 5 2 -1  1
10340109761792995671
2 4 0 5 -1  1
10340559455145779419
2 6 3 6 -1  1
10340599228804874762
3 4 4 4 -1  1
10340922557179290032
1 6 0 5 -1  1
10340925314421463130
1 3 2 5 -1  1
10340963063675686436
2 3 3 4 -1  1
10341029091742368382
0 1 3 1 -1  1
10341149257259922868
1 6 4 3 -1  1
10341251081068262494
3 1 4 1 -1  1
10341368485119051533
7 0 6 0 -1  1
10341756618468078303
1 6 2 7 -1  1
10341802950371339946
0 1 1 1 -1  1
10341866602004525203
2 5 3 4 -1  1
10342011676764975329
1 3 2 5 -1  1
10342160843535448553
1 7 2 7 -1  1
10342280880206247363
1 5 2 3 -1  1
10342331701493659005
0 4 0 6 -1  1
1 2 3 2 -1  1
10342462699349426876
4 5 5 5 -1  1
10342517606690177465
2 5 3 5 -1  1
10342590033813124874
1 6 1 7 -1  1
10343486914294573259
1 7 2 7 -1  1
10343615425415147445
0 0 0 3 -1  1
10343615694218459099
6 1 5 3 -1  1
10343627094886676383
0 2 4 6 -1  1
10343627183136949230
2 5 4 6 -1  1
10343670820599003704
0 1 0 6 -1  1
10343733670214858218
2 5 3 3 -1  2
10343934480952915932
2 4 2 1 -1  1
10344048125415038174
0 2 4 6 -1  1
10344087934487342989
2 4 5 7 -1  1
10344092905340635630
0 3 0 4 -1  1
10344185142227364089
1 4 2 4 -1  1
10344244773232905871
1 2 6 2 -1  1
10344604382822707405
4 3 5 2 -1  1
10344656685048091302
2 5 7 0 -1  1
10344713814860972994
1 4 2 5 -1  1
10344764929845842766
3 5 4 5 -1  1
10344785112253082383
0 5 0 3 -1  1
10344801381761778935
2 5 3 6 -1  1
10344925563139741940
5 5 6 4 -1  1
10345066343312431111
1 4 2 5 -1  1
10345480980141740246
1 0 2 0 -1  1
10345513674193632309
2 2 3 1 -1  1
10345640134446769213
2 5 0 4 -1  1
10346237814990089989
0 5 0 2 -1  1
10346259011483775233
6 4 3 7 -1  1
10346335375178009671
2 5 1 3 -1  1
10346444336658838964
2 4 3 4 -1  1
10346644045088009553
0 7 0 2 -1  1
10346651548655425342
3 4 4 5 -1  1
10347103817235426158
1 5 0 3 -1  1
10347394954844419500
5 6 6 5 -1  1
10347482977956851126
4 6 5 5 -1  1
10347732792244534263
0 2 1 2 -1  1
10348086528801726309
2 5 3 5 -1  1
10348116533553340774
1 5 3 3 -1  1
10348137135151972967
0 1 3 1 -1  1
10348187171855174435
4 6 2 5 -1  1
10348229541299882293
2 0 3 1 -1  1
10348467097207657929
4 4 5 5 -1  1
10348834982860580694
0 2 3 5 -1  1
10349054066957315306
2 4 1 5 -1  1
10349309573063389122
0 2 1 1 -1  1
10349323577318999352
2 4 3 3 -1  1
10349801631429772321
2 3 1 3 -1  1
10349829138323683714
2 5 3 3 -1  1
10349892990926636025
1 4 0 2 -1  1
10349894423108907128
2 5 2 6 -1  1
10349911681309602105
2 3 1 2 -1  1
10350053757201962369
0 7 1 6 -1  1
10350064789335577417
1 6 2 6 -1  1
10350240051942388940
4 5 4 6 -1  1
10350283866944366174
4 0 5 0 -1  1
10350409894576312028
0 2 1 3 -1  1
0 3 1 3 -1  1
10350581523608364746
5 2 4 1 -1  1
10350619223704677438
3 5 4 6 -1  1
10350737081405768805
2 3 1 2 -1  1
10350911549869001528
2 4 2 0 -1  1
10350989034512992850
0 0 5 0 -1  1
10351184153781427390
2 1 1 2 -1  1
10351285932911466997
7 3 4 0 -1  1
10351511805777402380
0 0 0 4 -1  1
10351641348370750970
4 5 5 6 -1  1
10351902502873129266
2 0 3 0 -1  1
10352179648068878302
1 1 3 1 -1  1
10352258829385100438
1 4 2 3 -1  1
10352483312742327572
1 4 2 4 -1  1
10352489492623592243
6 2 4 4 -1  1
10352564385694958705
1 6 3 6 -1  1
10352679676589843378
2 7 3 6 -1  1
10352771030013541481
1 3 2 1 -1  1
10352815348789529669
1 0 2 0 -1  2
1 3 2 3 -1  1
10352827811014070090
6 2 6 1 -1  1
10352913598878074543
3 4 4 3 -1  1
10352979747119820937
7 3 7 0 -1  1
10353050125090695838
1 7 2 6 -1  1
10353166906497065400
0 2 2 0 -1  1
10353230240716549032
3 3 6 3 -1  1
10353305728993215348
0 6 1 5 -1  1
10353435295507988386
5 4 4 5 -1  1
10353442846323221088
2 3 3 2 -1  1
10353515636407296075
3 4 4 5 -1  1
10353575786590515133
0 7 1 6 -1  1
10353620374854285812
2 6 3 6 -1  1
10353702089766398325
4 1 6 0 -1  1
10353721945764185396
4 4 5 5 -1  1
10354288493878689564
3 4 4 4 -1  1
10354369571202082063
3 5 2 4 -1  1
10354389110570818843
0 7 1 6 -1  1
10354796046656215105
2 2 4 4 -1  1
10354897907331598055
3 7 5 6 -1  1
10355091302241883883
7 3 5 5 -1  1
10355316438580448137
3 6 4 5 -1  1
10355452894711076020
0 2 0 4 -1  1
10355550213667078317
1 4 3 6 -1  1
10355936777520802742
1 6 0 6 -1  1
10355938987878166803
0 1 2 0 -1  1
10355987693524431799
4 4 7 4 -1  1
10356316465503836555
3 3 2 4 -1  1
10356369675904839690
5 4 2 1 -1  1
10356440918794279835
3 0 4 1 -1  1
10356443839706336816
1 7 2 7 -1  1
10356521503732211727
3 3 5 4 -1  1
10356703959626648763
1 1 1 0 -1  1
10356732629063763662
5 2 6 3 -1  1
10356743172532404652
7 0 7 3 -1  1
10356762940839323707
5 6 6 5 -1  1
10356776972560364479
1 4 1 0 -1  1
10356858350653253375
2 2 3 4 -1  1
10356991316100460202
0 4 0 6 -1  1
10357223486503486503
6 1 7 0 -1  1
10357228383429359654
3 3 4 2 -1  1
10357274995408668334
3 5 4 4 -1  1
10357635919779948179
7 7 4 7 -1  1
10357781292400835347
2 1 3 0 -1  1
10358051365023228708
2 2 3 1 -1  1
10358426500336619562
2 5 1 4 -1  1
10358623305053401584
0 1 1 0 -1  1
10358681342622869221
0 4 0 2 -1  1
10358730018656644641
4 4 5 5 -1  1
10358795707598197112
0 4 2 3 -1  1
10358806553922356557
2 3 2 2 -1  1
10358827787369787949
0 7 0 4 -1  1
10358886176767926112
4 5 1 5 -1  1
10358962688412400438
3 3 4 4 -1  1
10359059284992587106
0 5 0 3 -1  1
10359166463398133324
3 4 2 3 -1  1
10359275874840981272
2 1 3 0 -1  1
10359382924346681631
4 6 5 4 -1  1
10359400513295699402
1 4 3 6 -1  1
10359514835865498972
2 6 2 7 -1  1
10359668507398937516
0 3 6 3 -1  1
10359920826013429593
1 3 2 3 -1  1
10360003523746707738
4 3 3 4 -1  1
10360366074081502168
2 2 4 3 -1  1
10360647608325118206
0 3 1 3 -1  1
1 6 3 6 -1  1
10360736589090068927
6 0 3 0 -1  1
10360736904740659361
5 1 5 5 -1  1
10360784675349608590
3 3 4 2 -1  1
10360906235287187106
6 4 7 4 -1  1
10360962733517010297
2 5 1 5 -1  1
10361010697340128356
0 6 0 5 -1  1
10361228925144139768
0 6 0 7 -1  1
10361256838454053186
1 0 3 0 -1  1
10361656696643635506
3 2 4 3 -1  1
10361704611396103780
2 4 4 2 -1  1
10361773715812068122
6 2 5 4 -1  1
10361795503887859766
4 3 3 3 -1  1
10361870097073930590
3 1 2 1 -1  1
10361900926164222118
5 2 5 3 -1  1
10361917476573558615
2 1 4 0 -1  1
10361926214064494673
0 2 0 1 -1  1
10361951478985077713
0 5 1 6 -1  1
10362045537040173835
1 4 3 4 -1  2
10362048792426580755
0 3 0 2 -1  1
10362144752526181175
0 5 3 2 -1  14
10362550898804851079
2 4 1 3 -1  1
10362899658275645688
2 6 3 7 -1  1
10363109815995554201
1 0 2 0 -1  1
10363345707774406209
3 7 4 6 -1  1
10363427791242079960
2 4 3 4 -1  1
10363491435701208705
2 4 0 2 -1  1
10363694022828526178
5 6 3 5 -1  1
10363707202874730785
5 3 3 4 -1  1
10363802255619096430
1 4 3 3 -1  1
10363840336803481086
3 6 5 4 -1  1
10363924051794673018
1 5 3 5 -1  1
10364023894456951964
4 6 5 7 -1  1
10364073846419932841
1 5 3 5 -1  1
10364085229677109566
3 4 5 6 -1  1
10364162132103909244
3 3 4 4 -1  1
10364686363741719155
1 1 3 1 -1  1
10364698517990981480
3 3 4 2 -1  1
10364733446113648336
0 1 1 1 -1  1
10364928848787381883
1 6 2 6 -1  1
10365054440569659276
2 4 3 3 -1  1
10365097522216981717
5 2 6 3 -1  1
10365444538994713324
3 1 0 4 -1  1
10365555886984355525
0 1 1 3 -1  1
0 4 0 6 -1  2
10365687894679858986
5 2 3 3 -1  1
10365868007034842375
3 1 4 2 -1  1
10365887118065719632
1 7 3 7 -1  1
10365951724706905607
0 5 2 3 -1  1
10365988166634126881
3 4 2 5 -1  1
10366115575775476114
1 0 2 0 -1  1
10366262914793994854
2 5 4 4 -1  1
10366406644851548285
4 3 2 4 -1  1
10366503533154637525
1 6 1 7 -1  1
10366615130492842373
4 4 5 5 -1  1
10366800991140857839
2 2 3 2 -1  1
10366834272031654610
3 2 4 2 -1  1
10366861398261244440
1 2 2 2 -1  1
10366874379841875505
2 5 1 7 -1  1
10366913178553027906
2 1 6 1 -1  1
10367014919797021420
0 4 0 1 -1  1
10367437078133788046
1 2 3 3 -1  1
10367672148401284209
0 4 2 4 -1  1
10367751942282557921
3 7 4 6 -1  1
10368052162922787061
0 1 1 3 -1  1
10368156416593240460
3 1 4 0 -1  1
10368185381236686678
0 5 2 6 -1  1
10368561306189854990
2 5 3 4 -1  1
10368720973535388643
3 4 3 3 -1  1
10368986463452939647
1 5 2 5 -1  1
10369061133086277761
0 0 0 5 -1  1
10369145541741477484
3 0 5 2 -1  1
10369206480653540376
0 0 0 3 -1  1
10369268166328069100
0 4 0 6 -1  1
10369314824211313139
1 0 3 0 -1  1
10369592355494036710
1 6 2 6 -1  1
10369944356173429216
0 0 0 1 -1  1
10370013235968777029
3 5 2 4 -1  1
10370048007062186287
3 6 2 4 -1  1
10370165338030777234
2 5 1 3 -1  1
10370200163194810857
0 5 2 3 -1  1
10370279133592120974
5 3 5 5 -1  1
10370387857488777335
1 4 3 4 -1  1
10370629022712446725
5 7 6 6 -1  1
10370757139887478705
7 4 7 0 -1  1
10370778999959352313
5 6 5 4 -1  1
10370819053020090413
2 0 3 0 -1  1
10370820754345388776
1 4 3 2 -1  1
10371038750356542028
3 6 3 3 -1  1
10371450223543103741
3 0 4 1 -1  1
10371681389956353854
1 5 2 5 -1  1
10371719663025780645
5 5 5 4 -1  1
10371748125495346822
3 1 3 2 -1  1
10372173096586515994
3 2 4 2 -1  1
10372377246957220720
2 4 3 3 -1  1
10372461531291439399
2 5 2 4 -1  1
10373101287408029235
7 2 6 3 -1  1
10373347905447468750
1 6 2 6 -1  1
10373651563926429087
0 3 5 3 -1  1
10373828235535430025
1 7 0 5 -1  1
10373889872786101552
4 7 6 6 -1  1
10374096118251124376
1 2 2 2 -1  1
10374256018516652163
0 1 3 4 -1  1
10374993041615642798
2 4 4 2 -1  1
10375019508099800287
1 5 2 4 -1  1
10375040260066073130
4 5 6 5 -1  1
10375076780847945320
0 6 1 7 -1  1
10375118131761385825
4 1 5 1 -1  1
10375225556144720430
1 3 2 4 -1  1
10375306139647382759
1 6 2 5 -1  1
10375558478996480408
3 2 3 1 -1  1
10375604008939917030
0 4 0 6 -1  1
10375880202636904380
1 3 0 5 -1  1
10376170298800194307
4 0 1 3 -1  1
10376280777090855056
1 3 2 5 -1  1
10376292284995274574
3 4 5 3 -1  1
10376354054258435828
6 0 6 1 -1  1
10376431331824601862
1 3 2 1 -1  1
10376435152443482332
0 2 4 6 -1  1
10376647578623504043
3 3 4 3 -1  1
10376730287929967706
1 6 2 6 -1  1
10376905948009258901
1 3 0 5 -1  1
10377220513240087649
6 0 3 3 -1  1
10377240760947407320
3 2 4 1 -1  1
10377277140831337423
3 7 4 6 -1  1
10377288717992982533
4 5 5 5 -1  1
10377331270687849079
0 2 2 4 -1  1
10377657563662869843
0 6 0 5 -1  1
10377743071314174211
0 4 0 2 -1  1
10377771921909828868
1 6 2 6 -1  1
10377836146611814030
1 1 3 3 -1  1
10377994316807130390
1 4 3 4 -1  1
10378006178159854449
2 4 3 3 -1  1
10378223600071780568
0 1 2 2 -1  1
10378361966990507372
1 2 5 2 -1  1
10378365145593521905
3 2 4 3 -1  1
10378607424669083009
2 2 4 4 -1  1
10378836539596826776
2 3 1 3 -1  1
10378851894707361703
4 0 5 1 -1  1
10378979089606123464
0 3 1 2 -1  1
10379070239453923811
1 5 2 5 -1  1
10379170369561940650
0 3 2 5 -1  1
10379203079029331277
0 1 0 2 -1  1
10379235750661697360
2 4 3 2 -1  1
10379328308690167749
1 2 2 1 -1  1
10379373889650891143
4 3 5 2 -1  1
5 3 5 0 -1  1
10379387654743497785
2 3 2 2 -1  1
10379414649407749275
3 6 3 7 -1  1
10379450756613072753
5 2 3 3 -1  1
10379618761758037052
0 2 0 0 -1  1
10379631934203384584
3 5 5 7 -1  1
10379675723571821506
1 1 3 1 -1  1
10379675845212218765
2 1 2 0 -1  1
10379698497658211659
4 1 3 3 -1  1
10379749112505157202
4 7 3 5 -1  1
10379862629070425696
4 1 5 2 -1  1
10379994195948501461
2 2 3 2 -1  1
10380268404824449524
0 3 1 2 -1  1
1 5 2 5 -1  2
10380412753097674602
2 2 0 3 -1  1
10380591923924252924
0 2 1 2 -1  1
10380836166661272328
2 0 3 0 -1  1
10380882255596788441
0 4 2 4 -1  1
10381240809527411381
4 6 3 4 -1  1
10381277128683874642
4 4 3 2 -1  1
10381374095023287477
4 6 1 3 -1  1
10381780759681690835
7 3 5 3 -1  1
10381808298282455401
0 2 2 4 -1  1
10381873118490576589
1 4 0 3 -1  1
10381889163577866911
1 5 2 5 -1  1
10381976166478460870
0 6 1 7 -1  1
10381999036370048938
0 1 1 2 -1  1
10382146900543372365
3 5 1 6 -1  1
10382213073078711896
0 1 2 2 -1  1
10382327922089722968
1 5 2 4 -1  1
10382351768490750761
0 3 7 3 -1  1
10382354064721460061
2 4 3 4 -1  1
10382653740530112194
7 3 0 3 -1  1
10382679552104564117
1 6 4 3 -1  1
10382699930038597314
2 0 3 0 -1  1
10383036755307336628
0 5 0 4 -1  1
10383082762608142707
0 6 1 7 -1  1
10383292223043895695
7 7 7 4 -1  1
10383720825839601168
4 4 6 5 -1  1
10383751168767426480
4 2 5 2 -1  1
10383843956498745287
1 7 3 7 -1  1
10383945741434941091
0 7 0 2 -1  1
10384185040597742671
7 3 5 2 -1  1
10384376489689113938
2 2 3 2 -1  1
10384637567050353280
3 0 5 2 -1  1
10384753555544885578
1 3 2 5 -1  1
10384756906137488787
2 3 3 3 -1  1
10385035763282572313
3 0 4 1 -1  1
10385227699793628809
2 4 4 2 -1  1
10385232895963063066
1 7 2 7 -1  1
10385297233162801691
0 4 3 1 -1  1
10385405291815746189
1 6 2 6 -1  1
10385532629024518831
1 0 2 0 -1  1
10385771518153244368
0 0 0 4 -1  1
10385797328901494718
5 3 4 3 -1  1
10385908051661077685
5 3 2 0 -1  1
10385911065774625321
2 1 3 2 -1  1
10386008904482382443
1 3 3 1 -1  1
10386092243739651376
3 4 4 4 -1  1
10386272543507143028
1 3 1 4 -1  1
10386286199556372945
6 7 7 6 -1  1
10386382821952626356
1 3 2 3 -1  1
10386651604726649618
5 5 7 4 -1  1
10386706299994350515
0 5 0 4 -1  1
10386793140110509670
2 3 1 4 -1  1
10386799485016771894
0 5 0 4 -1  1
10386853981050417884
5 7 5 6 -1  1
10386933824894768062
0 2 0 3 -1  1
10387018043977398662
2 4 3 4 -1  1
10387028247493852360
1 3 2 3 -1  1
10387042882105022236
2 5 3 4 -1  1
10387186531329345614
0 2 1 1 -1  1
10387276122732024881
3 3 4 3 -1  1
10387419609098682471
0 6 1 6 -1  1
10387778390607243717
0 1 2 2 -1  1
10387926909596041766
0 2 7 2 -1  1
10388262613379854412
2 4 1 3 -1  1
10388337140748048427
0 2 4 6 -1  1
10388458565214438733
6 0 5 0 -1  1
10388532657886253581
1 2 2 3 -1  1
10388650214708873251
2 5 3 5 -1  2
4 1 2 3 -1  1
10389046488282570664
2 2 1 4 -1  1
10389205582382867595
0 2 2 4 -1  1
10389249752485544905
4 4 2 5 -1  1
4 4 6 3 -1  1
10389394091227528164
3 0 4 2 -1  1
10389432868724010296
2 1 2 2 -1  1
10389438393183464596
1 0 2 0 -1  1
10389539438169314329
0 4 0 6 -1  1
10389656355463872663
0 2 2 4 -1  1
10389819672198583393
0 5 0 4 -1  1
10389905905680182421
0 4 0 6 -1  1
10389995852576511072
1 5 3 5 -1  1
10390119859967940312
4 2 3 0 -1  1
10390164023119777864
1 4 2 4 -1  1
10390272040471335295
0 4 0 6 -1  1
10390493782342566589
4 3 4 1 -1  1
10390503690957417136
2 7 3 6 -1  1
10390669832504677439
0 4 5 4 -1  1
10390684899156417630
5 2 5 1 -1  1
10390990872017589270
0 1 1 3 -1  2
1 1 2 1 -1  1
10391163363104861119
2 5 1 6 -1  1
10391352057970904966
2 2 0 1 -1  1
10391415415873511826
0 0 0 2 -1  1
10391526310238200189
0 2 1 1 -1  1
10391534882816438014
1 6 3 6 -1  1
10391603524266586851
0 4 0 2 -1  1
10391616350282907960
1 6 0 6 -1  1
10391787997914443949
1 1 3 1 -1  1
10391897380824891889
3 3 2 4 -1  1
10391929539605266741
4 5 3 6 -1  1
10391939410772114108
3 2 0 2 -1  1
10392457693794716658
0 1 1 3 -1  1
10392705942410926366
1 3 2 3 -1  1
10392724545968869714
7 5 7 4 -1  1
10392800975137638870
5 0 7 0 -1  1
10392893250472011277
3 3 4 3 -1  1
10392972012125921573
5 4 3 5 -1  1
10393006539203457592
0 5 0 4 -1  1
10393055683780070111
4 7 5 6 -1  1
10393059127133728925
1 6 2 7 -1  1
10393076606488343487
3 2 4 1 -1  1
10393196619491378108
1 4 4 1 -1  1
10393395617430885224
1 2 2 2 -1  1
10393481022380914804
0 0 1 0 -1  1
10393582119911473603
1 6 1 4 -1  1
10393699379498501683
4 3 7 6 -1  1
10393993081342517898
1 1 2 0 -1  2
10394053815616513782
3 4 2 4 -1  1
10394105347237914299
2 4 3 4 -1  1
10394112538969276822
0 0 0 3 -1  1
10394287852721480297
0 3 2 2 -1  1
10394398366932560502
0 5 0 4 -1  1
10394653168396200922
2 2 3 3 -1  1
10394732568477144476
1 2 1 3 -1  1
10394786838762689434
0 3 2 3 -1  1
10394841909871448666
7 6 7 7 -1  1
10395333918038939215
1 7 1 6 -1  1
10395758809242425827
0 2 2 2 -1  1
10395982696950069563
3 0 4 0 -1  1
10396020145527400511
1 1 0 2 -1  1
10396020822182581499
1 5 2 5 -1  1
10396352431987980333
4 4 5 4 -1  1
10396375764383023662
2 5 4 4 -1  1
10396646845590985478
0 5 1 6 -1  1
10396829613585180609
5 0 5 6 -1  1
10396846447998027316
0 1 0 3 -1  1
10396906489870952305
4 1 4 7 -1  1
10397032575165164317
6 5 2 5 -1  1
10397207571499677889
6 1 7 1 -1  1
10397418310837905195
3 4 4 5 -1  1
10397433758394308399
1 0 2 2 -1  1
10397682628925189769
1 6 2 6 -1  1
10397685774640466600
2 0 1 2 -1  1
10397824442332420435
2 5 0 4 -1  1
10397899569205584517
5 3 5 0 -1  1
10397918466002798369
2 4 3 6 -1  1
10398317047699790764
1 2 2 2 -1  1
10398477975949915773
7 3 6 2 -1  1
10398503231605735106
0 3 1 3 -1  1
10398845946002477867
1 0 2 0 -1  1
1 4 2 5 -1  1
10398955356400817382
2 1 2 2 -1  1
10399241699510548523
0 4 1 3 -1  1
10399401966488225137
0 6 0 7 -1  1
10399482621289251552
4 3 5 3 -1  1
10399482750514639724
3 4 1 4 -1  1
10399520146792300668
6 0 5 0 -1  1
10399558440783423213
0 6 0 5 -1  1
10399607506188906018
3 0 4 1 -1  1
10399715357764440645
3 4 1 5 -1  1
10399842583532684364
2 0 2 1 -1  1
10399869387202984601
0 5 1 4 -1  1
10400249754796936306
0 0 4 0 -1  1
10400386810731169429
2 5 3 5 -1  1
10400619963859024641
0 5 0 4 -1  1
10400642200371784919
1 2 2 2 -1  1
10400923153107514656
2 4 4 3 -1  1
10400946304307597590
2 0 3 0 -1  1
10401108759156498011
3 7 4 6 -1  1
10401259970064518867
0 3 2 1 -1  1
10401427476857157011
0 1 2 0 -1  1
10401774931082464113
4 4 5 3 -1  1
10401813889517701280
2 2 4 3 -1  2
10401905548528846442
4 5 5 6 -1  1
10401992381879683648
6 2 6 3 -1  1
10402049294219731435
0 3 0 0 -1  1
10402285730081348609
4 3 2 4 -1  1
10402575360256631400
0 4 2 4 -1  1
10402662662499256109
1 7 2 7 -1  1
10402721482569126772
6 5 6 3 -1  1
10402750945858857543
2 6 3 5 -1  1
10402933354951338069
0 1 2 2 -1  1
10403008740026504246
3 3 4 2 -1  2
10403673762870524323
3 5 4 6 -1  1
10403888504604213516
1 2 1 3 -1  1
10404149675890483786
3 6 4 5 -1  1
10404175966720625950
2 4 3 3 -1  1
10404392257750754644
0 3 0 4 -1  1
10404481412696642369
2 2 3 4 -1  1
10404536286228507742
7 0 7 7 -1  1
10404658580173514733
2 5 4 4 -1  1
10404672293757857850
2 2 1 4 -1  1
10404775764926796059
1 3 3 2 -1  1
10404817848308240598
1 5 3 5 -1  1
10404819612559633394
1 6 3 6 -1  1
10404952465695928352
0 5 0 3 -1  1
10405187334312505435
1 4 3 4 -1  1
10405284680548132878
0 1 2 2 -1  31
1 3 3 3 -1  2
1 4 2 4 -1  1
1 6 2 6 -1  6
10405393074689287247
2 5 1 3 -1  1
10405656999196722551
2 0 3 1 -1  1
10405781505032743771
1 5 2 5 -1  1
10405782376416973225
2 5 4 5 -1  1
10405816229556664703
2 5 3 5 -1  1
10405951672817056459
5 2 5 3 -1  1
10406048029847591720
0 6 0 7 -1  1
10406174402438803668
2 2 4 1 -1  1
10406203700288445132
2 4 3 3 -1  1
10406431365580009644
7 3 3 3 -1  1
10406458225240120763
1 3 2 4 -1  1
10406528255708831147
3 6 3 5 -1  1
10406529203611926174
2 5 1 5 -1  1
10406559629802787037
1 2 2 3 -1  1
10406683051162252147
1 0 2 0 -1  1
10406749803345614984
4 6 5 5 -1  1
10406835778256702361
2 2 3 4 -1  1
10406967828768178615
1 3 0 2 -1  1
10407076087852460647
2 6 5 6 -1  1
10407250479605453776
3 2 4 0 -1  1
10407328035533359211
4 3 5 3 -1  1
10407455192464655259
0 4 0 6 -1  1
10407504891103124852
3 3 4 3 -1  1
10407699292736803260
0 1 0 3 -1  1
10407934294156529785
1 1 2 1 -1  1
10408137109242733679
2 5 3 3 -1  1
10408154355589151246
3 2 4 1 -1  1
10408430830870093365
0 4 0 3 -1  1
10408470741619763654
0 3 1 4 -1  1
10408624483939132337
5 3 4 3 -1  1
10408719832985123293
3 5 6 2 -1  1
10408868117566389963
5 5 5 0 -1  1
10408892597308443934
0 7 1 7 -1  1
10409177519857744449
3 0 4 0 -1  1
10409207179135646457
1 4 3 2 -1  1
10409529009396146908
3 2 4 2 -1  1
10410262897546903357
2 5 3 3 -1  1
10410283638694235088
2 4 3 2 -1  1
10410305370697103014
2 3 1 4 -1  1
10410338446413634231
1 0 7 0 -1  1
10410359517393849309
0 3 4 3 -1  1
10410414812354631869
0 7 0 4 -1  1
10410858595945628938
1 2 2 2 -1  1
10410868660982065901
4 4 5 5 -1  1
10411373801726330645
2 5 3 7 -1  1
10411664815272184408
1 7 2 7 -1  1
10411827435546548427
0 2 2 4 -1  1
10411844696586372271
3 4 2 6 -1  1
10412170103224888252
2 3 2 4 -1  1
10412379618441620562
0 4 0 2 -1  1
10412441795889467877
1 6 2 5 -1  1
10412659999245037290
2 0 3 1 -1  1
10412704648374880744
7 2 7 3 -1  1
10412719296939684277
2 5 3 7 -1  1
10412956652370028900
1 3 0 2 -1  1
10413277754941571284
1 4 2 4 -1  1
10413496251596663557
3 7 4 6 -1  1
10413606384231352888
3 7 4 7 -1  1
10413799017868109103
1 3 0 5 -1  1
10414116366055480591
1 4 3 5 -1  1
10414245165474587173
3 7 4 7 -1  1
10414303617367423433
1 6 2 5 -1  1
10414327738741566731
1 3 2 5 -1  1
10414607695888462597
1 4 3 3 -1  1
10414766157915270959
6 6 6 1 -1  1
10414867059729552216
2 5 3 4 -1  1
10414904542219945928
1 4 3 3 -1  1
10414934170292202224
2 3 0 5 -1  1
10415041996196720664
2 6 4 6 -1  1
10415123876325670122
2 5 3 5 -1  1
10415314591258567228
7 3 5 1 -1  1
10415434723416579016
1 4 3 2 -1  1
10415504501084324083
3 7 4 7 -1  1
10415642665635052601
3 0 4 0 -1  1
10415854786766066516
2 5 4 5 -1  1
10415930037598718772
0 4 1 4 -1  1
10415985782688451355
2 5 3 5 -1  1
10416235630640481974
0 0 1 0 -1  1
10416415674262139590
0 5 1 6 -1  2
10416583838868495083
3 2 4 2 -1  1
10416809125621208643
3 4 2 4 -1  1
10416870405184358510
1 7 2 7 -1  1
10417077343012405216
5 1 6 3 -1  1
10417166516310122382
6 4 7 3 4  1
10417529717557788220
3 0 1 2 -1  1
10417664349786000074
6 1 6 3 -1  1
10417679441300409330
2 5 3 6 -1  1
10417699319439009186
4 1 1 4 -1  1
10417755799563910913
6 5 6 0 -1  1
10418044728229125077
1 1 2 1 -1  1
10418110786349180922
1 7 4 7 -1  1
10418637366638326364
3 5 4 3 -1  1
10418660762278399811
0 7 0 4 -1  1
10418958884594911491
4 0 5 0 -1  1
10419077145479931884
1 2 3 2 -1  1
10419222150757381925
0 3 1 3 -1  1
10419918388393499443
0 5 0 2 -1  3
10420038609523504506
5 3 6 4 -1  1
10420264568996061386
1 5 0 4 -1  1
10420339939627995294
1 6 2 7 -1  1
10420343496598994043
1 5 0 4 -1  1
10420785999041304039
6 6 6 5 -1  1
10420810691115435839
3 5 3 4 -1  1
10420817777050886719
4 2 6 2 -1  1
10420848494876964669
3 6 4 6 -1  1
10421157285693960961
0 4 2 4 -1  1
10421191768576892916
2 2 3 3 -1  1
10421296044288154015
3 1 4 1 -1  1
10421483205139067656
1 5 2 4 -1  1
10421572563742314423
0 3 1 2 -1  1
10421648684011583348
2 6 3 6 -1  1
10421669877167008786
2 2 0 3 -1  1
10421786963961903539
4 4 5 4 -1  1
10421878033617648317
0 6 1 7 -1  1
10421900744238710604
7 3 6 2 -1  1
10422099975046777006
2 1 3 3 -1  1
10422109856530517246
6 2 4 4 -1  1
10422164527617112673
2 6 3 5 -1  1
10422585448513294015
2 2 1 4 -1  1
10422710009747213689
0 5 0 4 -1  1
10422956106171008533
2 4 4 2 -1  1
10422956149816585420
1 0 2 0 -1  1
10423252507982147198
4 2 5 0 -1  1
10423445856732166090
2 6 3 7 -1  1
10423462530010710398
3 2 5 0 -1  1
10423699283627956420
2 6 2 5 -1  2
10423739639729506407
0 6 2 5 -1  1
10423752478208813440
0 3 0 2 -1  1
10423838614651250425
3 3 3 2 -1  1
10424009587368779656
0 5 0 3 -1  1
10424483260261147613
2 3 3 4 -1  1
10424857323909122040
0 5 1 6 -1  1
10424968467104973928
6 3 5 5 -1  1
10425078160716264501
3 2 4 3 -1  1
10425131694537110136
1 1 5 5 -1  1
10425173775681484396
0 3 2 5 -1  1
10425241202112301058
1 1 4 1 -1  1
10425249398643070541
2 6 3 6 -1  1
10425399295786301144
2 7 1 6 -1  1
10425757079545689312
5 3 6 2 -1  1
10425943495080803376
2 5 3 5 -1  1
10426003410373403572
4 6 2 4 -1  1
10426067053640668434
3 7 4 7 -1  1
10426089978874030781
1 3 2 1 -1  1
10426201385540067075
2 6 2 7 -1  1
10426223455727102136
6 0 3 0 -1  1
10426275857718363423
3 0 4 0 -1  1
10426287532265781587
1 7 2 7 -1  1
10426427034940009185
2 5 1 4 -1  1
10426483690227702569
0 0 0 2 -1  1
10426555209136923284
0 2 1 3 -1  1
10426709235641569281
1 4 1 3 -1  1
10427090741764415733
2 4 3 4 -1  1
10427127625046931140
1 7 2 6 -1  1
10427176124359309157
1 6 2 6 -1  1
10427289554705613990
1 1 2 1 -1  1
10427372848551241200
2 5 0 3 -1  1
10427376600368259451
3 3 2 5 -1  1
10427398106310453320
1 0 3 0 -1  1
10427595031767472288
5 5 5 7 -1  1
10427611550649108243
0 3 2 1 -1  1
1 4 2 4 -1  2
10427960617714784142
1 4 0 5 -1  1
10428159450910486883
1 5 3 5 -1  1
10428228386035728980
7 0 6 0 -1  1
10428247549834735954
1 4 0 6 -1  1
10428251947988345996
0 6 1 6 -1  1
10428406985666927085
1 7 3 7 -1  1
10428506759079920988
2 3 3 2 -1  1
10428657073040003772
1 1 3 1 -1  1
10428735650337291476
0 5 0 0 -1  1
10428755632036211638
0 4 0 6 -1  1
10428990496621732542
1 1 4 4 -1  1
10429178387882171217
0 5 1 4 -1  1
10429220623650817758
2 5 3 4 -1  1
10429317242170505443
0 6 1 5 -1  1
10429434166309226194
1 1 0 2 -1  1
10429437503933661656
0 4 0 6 -1  1
10429524312080896877
0 3 0 5 -1  1
10429790382646357014
0 5 2 3 -1  1
10429815514649031043
0 6 1 6 -1  1
10429912953497219364
0 6 0 5 -1  1
10429963278355459833
4 0 5 0 -1  1
10430364075672885126
0 2 1 1 -1  1
10430653726001927436
1 7 3 7 -1  1
10430781622349688745
3 5 4 5 -1  1
10430992592888592695
3 4 4 4 -1  1
10431856409067845978
2 2 4 1 -1  1
10431890783715469006
4 6 3 5 -1  1
10432303238719924199
2 5 1 3 -1  1
10432675215152243346
3 2 2 1 -1  1
10432806085850686303
3 7 2 6 -1  1
10432979283153644495
5 1 6 2 -1  1
10433132099267929303
5 6 4 5 -1  1
10433291789114741775
3 3 4 4 -1  1
10433376363963307004
4 0 6 1 -1  1
10433504776098622534
3 5 2 5 -1  1
10433660468767653930
2 3 4 5 -1  1
10433697940341348993
5 3 5 2 -1  1
10433721462068404135
3 2 5 1 -1  1
10433817508601794169
2 2 3 3 -1  1
10433888545403583969
2 4 5 7 -1  1
10433900773645240480
3 2 0 2 -1  1
10434287008933381313
0 6 1 7 -1  1
10434378183963497851
0 5 4 5 -1  1
10434485876297792134
2 5 1 3 -1  2
10434498969033770574
3 4 4 4 -1  1
10434575696300672552
2 2 4 1 -1  1
10434872740686826353
4 6 1 6 -1  1
10434950458515013283
0 6 0 5 -1  1
10435161967068373983
0 5 5 0 -1  1
10435183656670594219
4 6 5 7 -1  1
10435226661835663724
5 4 5 3 -1  1
10435703111908974111
1 4 2 5 -1  1
10435703538230812660
1 4 2 5 -1  1
10435842812482687589
2 5 3 5 -1  1
10435845092620517324
0 0 0 1 -1  1
10435853106321533944
0 6 1 6 -1  1
10436003783860374494
0 2 1 3 -1  1
10436073467239219104
0 5 3 2 -1  1
10436490318394069042
5 4 5 3 -1  1
10436603446722238076
1 5 3 5 -1  1
10436675769772305848
2 1 3 3 -1  3
10436713788495900280
2 2 0 1 -1  1
10436728409326617748
2 3 3 2 -1  1
10436737265169518390
3 3 3 1 -1  1
10436793711521277457
6 0 6 2 -1  1
10436967942752601676
0 2 0 1 -1  1
10437054907573054196
3 2 2 2 -1  1
10437092457517755697
1 1 0 2 -1  1
10437286073176560334
3 2 4 2 -1  1
10437319081344923205
1 5 2 6 -1  1
1 7 2 6 -1  1
10437447195868678276
3 3 4 2 -1  1
10437451439561273028
0 2 0 5 -1  1
10437786872966047179
1 7 0 6 -1  1
10437910915208860680
4 7 3 7 -1  1
10437965141557557045
2 3 3 3 -1  1
10438021270141117140
4 6 5 6 -1  1
10438029146440501016
0 1 0 3 -1  1
10438482907437812586
2 1 3 1 -1  1
10438519132786234847
3 5 3 4 -1  1
10438693163100486751
4 2 3 3 -1  1
10438779467852042402
3 7 4 6 -1  1
10438859771614854877
1 5 2 6 -1  1
10439040806621704673
3 6 3 7 -1  1
10439320905515833362
1 4 0 4 -1  1
10439339788279596908
6 5 6 6 -1  1
10439481845618909631
3 0 4 1 -1  1
10439657729234024450
1 4 1 3 -1  1
10439738391462413675
3 4 4 4 -1  1
10439755901443508881
3 2 4 3 -1  1
10439820943813933460
0 0 0 2 -1  1
10440165815696413635
0 0 6 0 -1  1
10440442051236357956
3 1 4 1 -1  1
10440540042113402697
1 7 2 6 -1  1
10440667076321044878
1 2 3 2 -1  1
10440707600596577653
2 5 2 6 -1  1
10440746138267712270
2 4 4 6 -1  1
10440777371327469940
4 3 3 4 -1  1
10440956527482152635
2 3 3 3 -1  1
10441428676617109826
5 5 5 2 -1  1
10441516667297240422
0 0 0 5 -1  1
10441546382237683550
6 3 5 4 -1  1
10442215812734017804
0 1 1 3 -1  1
10442303104329102729
3 7 2 6 -1  1
10442344225037115024
1 3 3 1 -1  1
10442493396957333015
3 2 4 1 -1  1
10442596837321477332
3 3 4 3 -1  1
10442936807408847360
2 2 1 0 -1  1
10443185298242194897
3 2 4 1 -1  1
10443511896802254382
3 5 4 4 -1  1
10443569677713137589
3 3 4 3 -1  1
10443708541883810871
0 1 0 2 -1  1
10443709908092972430
5 0 5 1 -1  1
10443795261549210477
1 2 2 1 -1  1
10443807164036894675
0 2 7 2 -1  1
10444188621158116878
2 2 3 2 -1  1
10444363612644024573
3 4 4 4 -1  1
10444390424512087029
1 4 3 4 -1  3
10444451836007051355
0 2 1 1 -1  1
10444464939001434395
1 4 1 0 -1  1
10444688112515391169
5 1 6 1 -1  1
10444716703817097468
1 3 4 6 -1  1
10444973759303121406
7 7 7 6 -1  1
10445041612197492431
2 4 4 2 -1  1
10445052433742737336
0 5 1 3 -1  1
10445162630986073422
2 4 4 6 -1  1
10445302061579552578
3 1 3 2 -1  1
10445429071585062034
7 1 5 1 -1  1
10445748992393357276
2 3 0 5 -1  1
10445787372624015125
0 5 0 4 -1  1
10446276022205457551
2 4 1 4 -1  1
10447104028406357369
1 0 3 0 -1  1
10447250354017828327
1 2 3 2 -1  1
10447277844697769100
1 0 2 0 -1  1
10447305455050553934
6 2 5 1 -1  1
10447323899198553539
1 5 0 4 -1  1
10447426560892131780
2 4 4 3 -1  1
10447756747256089974
5 4 6 5 -1  1
10447799719065306109
5 4 3 5 -1  1
10447840247065834315
2 3 2 2 -1  1
10448114280043308721
1 3 4 3 -1  1
10448129080490246712
1 6 1 5 -1  1
10448231332261733102
2 4 3 4 -1  1
10448353014085780627
1 6 2 6 -1  1
10448435859405652583
2 5 3 4 -1  1
10448472159083751193
3 7 4 6 -1  1
10448853739867266194
2 1 3 2 -1  1
10448910339003421406
4 4 5 4 -1  1
10448913878140633409
0 6 1 5 -1  1
10449112219538019718
4 1 4 5 -1  1
10449117971854244658
0 6 1 5 -1  1
10449528560837314578
4 3 6 5 -1  1
10449546568261901051
2 2 5 5 -1  1
10449842148666640410
1 7 2 7 -1  1
10450036014160314193
0 5 0 4 -1  1
10450052286156248268
3 3 4 3 -1  1
10450089891170528343
0 5 0 4 -1  1
10450249804161814792
5 4 6 3 -1  1
10450290320778023256
1 4 2 5 -1  1
10450340709580387667
2 3 4 1 -1  1
10450471203673900503
1 0 2 0 -1  1
10450611489274557323
1 3 1 4 -1  1
10451151241207254704
4 4 5 6 -1  1
10451388561713279085
0 5 1 4 -1  1
10451546656400620417
4 1 4 5 -1  1
10451931856527213819
2 3 3 3 -1  1
10452020965484466755
1 1 2 1 -1  1
10452126547770281762
4 2 3 3 -1  1
10452139425838624948
3 5 5 4 -1  1
10452346002591493153
2 2 2 1 -1  1
10452444428162882018
2 2 3 4 -1  1
10452460992518284124
2 6 4 4 -1  1
10452533652195583395
5 3 4 2 -1  1
10452635547351640707
0 3 0 0 -1  1
10452641579254692025
4 0 3 2 -1  1
10452659996702494874
4 3 5 4 -1  1
10452737115675309910
0 0 0 4 -1  1
10452956235285929805
4 2 2 3 -1  1
10453131112408870808
2 1 2 2 -1  1
10453229055621715057
0 0 0 4 -1  1
10453478670038510861
2 3 1 5 -1  1
10453486381847906022
1 2 0 1 -1  1
10453814472965092754
3 3 4 3 -1  1
10453939796902167046
0 4 0 0 -1  1
10454057283534262774
1 1 2 1 -1  1
10454064481390220958
2 0 5 3 -1  1
10454137903924555090
5 4 5 2 -1  1
10454287540998236252
1 3 2 4 -1  1
10454349061232889224
2 2 3 1 -1  1
10454879971947178645
2 4 3 4 -1  1
10455071450049677171
2 1 1 2 -1  1
10455166959564933578
1 6 2 5 -1  1
10455201298536686685
1 5 3 5 -1  1
10455446391994207526
5 1 5 0 -1  1
10455664045189887031
4 2 5 2 -1  1
10455745500861732605
3 3 4 5 -1  1
10455803663764029055
4 6 3 5 -1  1
10456064548045941732
2 4 3 3 -1  1
10456158802395170266
0 3 1 3 -1  1
10456162588538670878
6 3 6 4 -1  1
10456442798343300567
1 7 2 7 -1  1
10456536332946459565
2 3 1 3 -1  1
10456758161400407382
2 4 3 3 -1  1
10456835614889067666
7 5 2 5 -1  1
10456861574044729461
1 2 0 3 -1  1
10457402265941334604
0 5 1 4 -1  1
10457815745254897494
3 7 5 6 -1  1
10457841342189281155
1 4 2 3 -1  1
10457914758920902862
0 4 0 2 -1  1
10458107770711364568
2 2 3 0 -1  1
10458115343359343608
1 2 3 2 -1  1
10458176140914459133
0 5 0 3 -1  1
10458182407388967467
1 2 6 2 -1  1
10458475837745481299
2 3 1 4 -1  1
10458520213443553871
4 1 5 2 -1  1
10458549517184941561
6 1 6 3 -1  1
10458904012577899644
4 3 1 3 -1  1
10458960744322230964
3 6 4 6 -1  1
10459000716396644282
0 4 0 6 -1  1
10459098175590073050
7 3 2 3 -1  1
10459136747623309636
3 2 3 1 -1  1
10459168331700759073
4 4 5 3 -1  1
10459223908133163110
2 3 3 2 -1  1
10459355565381895937
3 5 4 5 -1  1
