10459491232626412449
0 2 2 4 -1  1
3 3 2 1 -1  1
10459529611837663278
4 3 6 1 -1  1
10459763867660391459
1 6 2 6 -1  1
10459770778377952416
0 2 0 3 -1  1
10459902731571561680
6 2 7 2 -1  1
10459918806677921610
3 0 4 0 -1  1
10460299365579014665
1 2 3 2 -1  3
1 6 2 6 -1  3
10460363580169324525
0 4 0 6 -1  1
10460429795980338004
7 1 4 4 -1  1
10460493271310048584
0 5 2 5 -1  1
10460595718098495751
2 6 2 3 -1  1
10460635983823796096
1 1 2 3 -1  1
10460811796690721930
2 1 1 2 -1  1
10461111007132171906
2 2 3 1 -1  1
10461383254776688614
2 3 3 3 -1  1
10461497558564366680
2 6 3 6 -1  1
10461856682315618407
0 3 1 2 -1  1
10461966728769275859
0 0 0 1 -1  1
10462120767745175232
3 3 4 3 -1  1
10462364239512732150
0 4 0 3 -1  1
10462444474347288624
3 2 5 0 -1  1
10462611632081049746
1 4 3 6 -1  1
10462636088978659837
0 0 0 2 -1  1
10462775782269886579
3 6 4 6 -1  1
10463074455599090715
3 1 5 1 -1  1
10463102715042442882
2 2 3 1 -1  1
10463221882080888407
5 7 6 6 -1  1
10463250826076841700
3 1 3 6 -1  1
10463497820174834681
0 3 3 3 -1  1
10463573482210809836
4 7 3 7 -1  1
10463721836843872896
2 7 3 6 -1  1
10463766467854907352
5 7 6 7 -1  1
10463842084787186396
0 6 0 3 -1  1
10464286627673384990
2 2 3 2 -1  1
10464371495868514738
1 2 3 2 -1  1
1 4 3 4 -1  1
10464481105128129384
1 3 0 1 -1  1
10464504290382794821
3 2 2 1 -1  1
10464650353958623143
4 1 5 1 -1  1
10464654097058130869
1 7 0 6 -1  1
10465013734039107027
2 6 4 5 -1  1
10465077725511722329
5 7 6 6 -1  1
10465091315629034204
0 2 3 5 -1  1
10465315586682079693
0 4 2 4 -1  1
10465468553488785275
3 1 6 4 -1  1
10465512614067315421
1 4 3 2 -1  1
10465523534452927501
2 1 4 3 -1  1
10465794461204259063
2 2 3 4 -1  1
10466015274260796958
0 3 3 3 -1  1
10466019146488831900
3 5 3 0 -1  1
10466045152629858439
0 4 4 4 -1  1
10466077696222894882
1 6 3 6 -1  2
10466092306003046551
2 3 3 4 -1  1
10466185885736806294
1 1 0 1 -1  1
10466232601440575786
3 3 5 4 -1  1
10466355173884436003
1 5 1 4 -1  1
10466380894592751234
0 4 0 6 -1  1
10466401153448010869
1 5 2 6 -1  1
10466440850726258384
3 2 4 2 -1  1
10466708009699362959
1 2 4 5 -1  1
10466823759256020209
0 2 2 4 -1  1
10467570139625268253
1 7 2 7 -1  1
10467608463033797147
1 4 2 5 -1  1
10467861362052763323
0 3 0 1 -1  1
10467942149779876908
2 6 3 6 -1  1
10467958484027556941
1 5 1 4 -1  1
10468106745520273984
2 0 4 2 -1  1
10468529691025286596
4 3 4 2 -1  1
10468774534730979655
4 3 6 4 -1  1
10468891068989778995
0 2 6 2 -1  1
10469300687555886994
2 6 3 7 -1  1
10469880120419459432
1 3 4 0 -1  1
10469922136297870315
4 2 4 1 -1  1
10470108083721115299
5 0 3 2 -1  1
10470113601988032606
2 0 3 0 -1  1
10470137677073079223
1 5 1 6 -1  1
10470334681828034974
4 1 5 2 -1  1
10470421693413423395
1 5 2 5 -1  1
10471138342492805875
3 1 1 2 -1  1
10471254925111435194
2 0 4 0 -1  1
10471341444537413812
1 1 0 2 -1  1
10471597733635333403
2 0 0 0 -1  1
10471685190168496401
3 4 1 4 -1  1
10471734615259274234
0 2 1 1 -1  1
10471901789595963441
1 5 3 5 -1  1
10472425054975398086
4 1 4 2 -1  1
10472576838976141676
0 0 0 4 -1  1
10472583338807634234
4 4 3 2 -1  1
10472643425145718042
3 3 4 5 -1  1
10472702358049995305
1 2 2 2 -1  1
10472935431173225742
4 4 5 6 -1  1
10473376342894995530
4 4 5 3 -1  3
10473417522927111862
1 6 3 6 -1  1
10473523502998296830
1 6 1 5 -1  1
10473541458437013129
1 0 3 0 -1  1
10473557407329891749
3 7 4 7 -1  1
10473640029792692375
0 5 6 5 -1  1
10473707454674333048
3 4 2 4 -1  1
10473749436425467178
2 7 3 6 -1  1
10473778730383037645
1 2 3 4 -1  1
10473791944938743009
4 2 5 1 -1  1
10473886570917818978
0 4 0 0 -1  1
10473928945119324590
3 3 3 4 -1  1
10474200113262659372
3 5 0 5 -1  1
10474249363310676209
5 4 6 5 -1  1
10474342122770095516
4 3 3 5 -1  1
10474586291515554337
0 4 0 0 -1  1
10474614773003998018
6 3 6 4 -1  1
10474643814845109813
3 0 4 1 -1  1
10474654622460348667
0 3 1 3 -1  1
10474784578787695423
4 5 2 4 -1  1
10474809268731046557
0 4 0 3 -1  1
10474862241885575535
2 2 1 4 -1  1
10475291560329782253
1 4 3 5 -1  1
10475521095034399193
4 1 5 1 -1  1
10475530740087026040
5 2 5 1 -1  1
10475554198377688670
3 0 6 3 -1  1
10475568940100830323
0 4 2 4 -1  1
10475587233561957008
0 5 1 5 -1  1
10475597565308272393
0 6 4 2 -1  1
10475727771030445814
0 2 1 2 -1  1
10475754770906126595
4 2 3 2 -1  1
10475894347186121742
3 4 6 4 -1  1
10475917337585581703
5 1 7 1 -1  1
10476008893559295804
1 4 2 5 -1  1
10476068686287073016
1 5 2 5 -1  1
10476088850334897795
2 4 0 4 -1  1
10476115576774979590
2 6 1 4 -1  1
10476383439540212290
0 3 3 3 -1  1
10476391151555661876
5 4 6 5 -1  1
10476736660110843634
3 4 3 3 -1  1
10476798651075049703
1 3 3 3 -1  1
10476822972167252813
2 4 3 4 -1  1
10476893268341168677
3 2 4 3 -1  1
10477116261507773722
4 6 4 5 -1  1
10477293635801534548
0 4 0 2 -1  1
10477307587400771192
4 3 4 1 -1  1
10477353708942946412
5 0 6 0 -1  1
10477421879713779037
0 3 1 2 -1  1
10477486649438444642
4 6 4 5 -1  1
10477562592615482216
0 4 0 3 -1  1
10477685100127537932
4 0 2 1 -1  1
10477742493050704250
1 4 2 3 -1  1
10477950561115624122
6 2 2 6 -1  1
10478170771705965432
1 0 2 1 -1  1
10478174364786966939
7 1 7 2 -1  1
10478210173534750567
7 0 2 5 -1  1
10478240566136650310
0 4 0 6 -1  1
10478275783511245509
0 3 3 6 -1  1
10478447778487697199
2 7 3 6 -1  1
10478589052051383419
0 5 0 3 -1  1
10478592118679198582
1 1 5 5 -1  1
10478741773993305181
1 0 2 1 -1  1
10478760926486689813
2 6 2 5 -1  1
10478765506631296188
3 6 1 4 -1  1
10478816646267474493
1 3 2 4 -1  1
10478886527162981289
6 5 6 1 -1  1
10478918531641757343
4 6 6 4 -1  1
10479114367078784216
3 7 4 7 -1  1
10479306244338523268
1 2 4 2 -1  1
10479309530410641212
6 2 6 3 -1  1
10479491681421057251
0 0 0 4 -1  1
10479527110609714285
1 0 2 0 -1  1
10479743961842032083
2 4 3 3 -1  1
10480042174065656027
1 1 2 1 -1  1
10480052221980701004
0 2 7 2 -1  1
10480072859745494009
7 4 6 4 -1  1
10480191284928990962
5 2 7 3 -1  1
10480210814284838461
2 2 3 3 -1  1
10480386819507790588
7 4 3 4 -1  1
10480557231154769676
3 6 4 6 -1  1
10480647745893756176
2 2 3 0 -1  1
10481363886318125395
0 6 1 7 -1  1
10481377622693087247
4 0 3 1 -1  1
10481507360288728473
0 0 0 3 -1  1
10481532771382063806
0 5 1 6 -1  1
10481641984735695793
4 5 4 4 -1  1
10481931475413417541
0 1 0 3 -1  1
10482065891749055169
0 2 0 5 -1  1
10482223979605443347
2 4 5 1 -1  1
10482415456164305914
5 4 4 4 -1  1
10482692820575624736
5 1 6 1 -1  1
10482987751961804612
4 1 3 1 -1  1
10483032098629192142
3 1 3 4 -1  1
10483039434191948652
0 2 0 1 -1  1
10483233984927587529
0 2 0 0 -1  1
10483260371672236170
6 1 0 1 -1  1
10483299339379829715
0 0 4 0 -1  1
10483551216856276336
2 7 3 7 -1  1
10483676338970751932
0 5 1 4 -1  1
10484147359709096543
2 2 2 0 -1  1
10484186982904505016
1 4 3 4 -1  1
10484372716344400205
5 3 6 4 -1  1
10484414710333844606
2 5 3 3 -1  1
10484494531795019709
3 5 4 4 -1  1
10484586731015339131
0 2 3 5 -1  1
10484656978157917989
2 2 1 4 -1  1
10484922650971573629
1 5 3 5 -1  1
10484940165171567201
2 2 3 4 -1  1
10484948226329449610
1 2 0 1 -1  1
10484949014232515377
2 3 4 1 -1  1
10484977887914779180
5 5 4 6 -1  1
10485052433216841113
4 1 5 2 -1  1
10485111392453406480
1 1 2 1 -1  1
10485152686374691067
4 1 6 2 -1  1
10485455880203930276
3 5 4 5 -1  1
10485696376869386956
5 4 2 4 -1  1
10486225223509762130
5 3 6 2 -1  1
10486387900961738688
2 4 3 3 -1  1
10486433490486912580
5 5 4 6 -1  1
10486518822348109882
1 6 2 7 -1  1
10486607178719523096
6 0 6 4 -1  1
10486622985536852853
1 2 3 0 -1  1
10486633899750241211
2 3 3 3 -1  1
10487127567237130546
3 3 4 2 -1  1
10487129411060268963
1 1 2 1 -1  1
10487214456541045257
2 4 3 4 -1  1
10487338802016591851
0 5 2 3 -1  1
10487626867754725293
0 5 0 1 -1  1
10487958609859972069
1 3 1 2 -1  1
10487977287612760262
2 6 5 3 -1  1
10488546984977204665
7 5 7 1 -1  1
10488716494127876847
0 5 1 6 -1  1
10488722461754179206
0 3 1 3 -1  1
10489472743350675831
2 2 4 3 -1  1
10489699215558302924
1 5 2 5 -1  1
10489733102383402701
0 3 5 3 -1  1
10490031084845890546
1 0 2 1 -1  1
10490520051290738009
1 4 1 3 -1  1
10490746940406336512
2 5 2 2 -1  1
10490759589655466160
4 0 5 0 -1  1
10490888023085728329
1 2 2 2 -1  1
10490917693361084938
0 4 0 6 -1  1
10491067301126858078
1 4 2 6 -1  1
10491067765574574856
2 3 3 5 -1  1
10491090774658781486
2 4 3 3 -1  1
10491233153810106681
3 4 4 5 -1  1
10491537672178720529
4 0 4 7 -1  1
10491688256403934704
4 3 2 2 -1  1
10491688510224483996
4 0 4 3 -1  1
10492171615490202241
1 5 2 5 -1  1
10492369093590454108
0 4 0 3 -1  1
10492607565481976602
3 1 4 1 -1  1
10492730164906422446
4 2 5 2 -1  1
10492767996691424524
0 1 0 4 -1  1
10492922288461727191
0 2 2 4 -1  1
10493043681464001474
0 6 0 5 -1  1
10493066531920113698
3 4 2 3 -1  1
10493122720381368537
0 5 0 2 -1  1
10493281428307752329
2 7 3 6 -1  1
10494014724769801024
1 3 1 0 -1  1
10494237584140233776
0 2 2 4 -1  1
10494284775452704225
0 3 0 0 -1  1
10494459153993403216
6 7 7 7 4  1
10494542468570789986
2 6 1 5 -1  1
10494545654009200421
0 4 3 4 -1  1
10494602669794863398
0 2 2 4 -1  1
10494652712149157405
1 4 1 5 -1  1
10494901903756611925
0 5 0 3 -1  1
10495143864834323841
1 3 0 2 -1  1
10495162801463532704
3 7 4 7 -1  1
10495283259985007104
2 4 1 5 -1  1
10495456609461475120
4 1 4 3 -1  1
10495521548637859611
6 3 5 4 -1  1
10495563357026650369
3 2 4 1 -1  1
10495685105918655553
5 1 3 2 -1  1
10495692212169366694
2 6 4 4 -1  1
10495722507689165480
4 6 3 7 -1  1
10495835324975919362
0 5 1 6 -1  1
10495913031815771026
3 6 3 4 -1  1
10495939013361809552
0 0 0 4 -1  1
10496008387338108463
3 4 5 3 -1  1
10496176722847256439
3 4 4 5 -1  1
10496255520259452398
3 4 4 4 -1  1
10496443198808122418
5 3 5 1 -1  1
10496744761637610240
5 5 2 5 -1  1
10496824155190799533
0 4 0 2 -1  1
10496837300155225162
2 6 2 7 -1  1
10496972500269613217
0 0 0 3 -1  1
10497076304037299380
0 3 3 3 -1  1
10497493664687086544
4 3 3 2 -1  1
10497532019459212970
7 1 6 1 -1  1
10497715667017290583
0 2 2 2 -1  1
10497771203449379071
1 4 1 2 -1  1
10497794390262768143
0 7 0 5 -1  1
10497796077005991297
1 4 1 3 -1  1
10497997405652788954
0 5 1 6 -1  1
10498009305893213709
0 7 0 3 -1  1
10498019093280562604
1 3 5 3 -1  1
10498077331533954270
6 0 5 2 -1  1
10498167396982350928
4 3 4 0 -1  1
10498181476934841405
4 0 5 1 -1  1
10498461421983939399
5 3 4 2 -1  1
10498637761041399423
4 1 3 1 -1  1
10498649866262517253
7 0 1 0 -1  1
10498658491959042270
0 5 0 4 -1  1
10498751616794823030
3 6 3 5 -1  1
10498756338271502635
0 4 0 2 -1  1
10499186826594876956
1 7 2 7 -1  1
10499434963207845206
0 0 1 2 -1  1
10499530082937509555
0 4 3 4 -1  1
10499947205180677881
1 5 1 3 -1  1
10499991959633129534
5 2 6 2 -1  1
10500027297056960045
2 4 3 4 -1  1
10500249492899500753
7 0 6 2 -1  1
10500306076957436910
1 4 4 1 -1  1
10500415257926081171
2 5 4 4 -1  1
10500432049988464857
4 3 5 2 -1  1
10500634438288229907
4 5 7 5 -1  1
10500768283645124859
0 4 0 6 -1  1
10500851497445568244
0 7 0 4 -1  1
10500918659427393746
0 3 2 3 -1  1
10501049767159994598
2 5 0 7 -1  1
2 5 1 6 -1  1
10501458890225360183
0 3 1 3 -1  1
10501924598821893258
0 6 2 7 -1  1
10502066352144329497
1 6 6 1 -1  1
10502309359808523766
1 5 3 5 -1  1
10502316113019846312
0 0 0 2 -1  1
10502409548168947645
1 1 2 2 -1  1
10502410917695610464
1 5 2 5 -1  1
10502455133499030589
1 5 2 5 -1  1
10502516644224793431
5 5 4 3 -1  1
10502668311853387055
1 3 0 5 -1  1
10503045097426375196
3 2 4 2 -1  1
10503431132125020210
3 7 0 4 -1  1
10503820103961636909
6 7 3 4 -1  1
10504307447121298038
3 4 4 5 -1  1
10504384522311204438
3 0 6 0 -1  1
10504427739064183273
4 4 5 3 -1  1
10504461524886345506
1 1 2 1 -1  1
10504805691782618581
5 7 1 3 -1  1
10504957509636944051
4 0 4 3 -1  1
10505223144916359876
0 6 2 5 -1  1
10505320576807343493
1 1 2 1 -1  1
10505849799362109891
5 1 5 7 -1  1
10505998171427495227
2 7 3 7 -1  1
10506079803390093679
2 5 3 4 -1  1
10506198716404642402
5 5 7 3 -1  1
10506208359996078108
0 0 0 2 -1  1
10506259746424000982
0 7 0 6 -1  1
10506343097453013367
2 3 4 4 -1  1
10506525829987102781
0 6 1 6 -1  1
10506777465434425461
0 5 2 4 -1  1
10506848778210032953
3 4 4 4 -1  1
10507354689804625272
1 0 3 0 -1  1
10507582244404773261
4 3 6 4 -1  1
10507753660111645690
1 4 3 2 -1  1
10507765725238753747
2 0 3 0 -1  1
10507811481207902528
0 7 0 4 -1  1
10507883470353198022
3 2 4 2 -1  1
10507986397062149568
0 5 0 4 -1  1
10508081747580443788
1 4 0 3 -1  1
10508091688600921049
4 7 5 7 -1  1
10508215993000760550
2 4 4 5 -1  1
10508259470975658732
4 3 2 1 -1  1
10508605383849126576
0 3 1 2 -1  1
0 5 2 3 -1  4
10508740068458501557
1 5 3 4 -1  1
10508936356983253517
0 3 0 4 -1  1
10509142419983335051
2 5 4 4 -1  1
10509263245088884279
3 4 4 2 -1  1
10509297722384294584
3 4 3 5 -1  1
10509324371721511406
7 2 7 1 -1  1
10509342910275032450
1 5 2 5 -1  1
10509426588605464716
1 3 3 4 -1  1
10509430973759042216
0 4 0 3 -1  1
10509586234975186453
2 1 4 3 -1  1
10509992185770811121
3 0 4 0 -1  1
10510004379413116989
1 2 3 2 -1  1
10510201684847758379
0 4 0 2 -1  1
10510339227942706243
0 3 2 3 -1  1
10510496854081200218
3 2 1 4 -1  1
10510596784174617978
2 4 4 2 -1  1
10510654340899455415
2 0 3 0 -1  1
10510674634348191333
2 4 6 4 -1  1
10511110636971872436
1 6 3 6 -1  1
10511111448627030379
0 3 1 2 -1  1
10511228271320067761
1 7 2 7 -1  1
10511549065861944991
0 5 0 4 -1  1
10511663691066595476
4 6 3 7 -1  1
10511705629441344322
6 6 6 7 -1  1
10512133277011600929
0 3 1 3 -1  1
10512279192736455453
2 4 2 3 -1  1
10512382044434614703
0 2 3 5 -1  1
10512399166699634022
0 5 1 4 -1  1
10512796889176627145
2 5 3 4 -1  1
10512799357058696479
3 7 4 7 -1  1
10513362457952952152
7 7 6 7 -1  1
10513441077788944320
4 6 1 3 -1  1
10513453344207023408
1 6 1 5 -1  1
10513593355341617938
2 3 3 2 -1  2
10513688696167235689
1 7 3 7 -1  1
10513901580291495679
4 0 5 1 -1  1
10513953201143328584
0 7 4 7 -1  1
10514220554242188894
3 0 4 1 -1  1
10514254405122139368
5 7 6 7 -1  1
10514266776085415286
2 1 3 1 -1  1
10514375232394499613
5 1 6 2 -1  1
10514862434587909502
2 5 4 3 -1  1
10515388745755052821
1 1 3 1 -1  1
10515655900205248539
0 3 2 1 -1  1
10515828571675904090
1 1 0 3 -1  1
10515969567495182742
1 2 6 2 -1  1
10516037933116382992
3 7 1 6 -1  1
10516038062639245390
3 1 4 1 -1  1
10516272673470730575
1 4 3 4 -1  1
10516410774967739375
0 3 1 2 -1  1
10516504400896069130
2 2 3 0 -1  1
10516794247702280355
2 3 3 2 -1  1
10516830872183976570
0 1 2 2 -1  1
10516889123049455984
3 0 4 0 -1  1
10517060942726614130
3 6 4 6 -1  1
10517073448233455724
1 4 2 4 -1  1
10517205021431748985
2 3 7 3 -1  1
10517375189985690880
4 4 5 5 -1  1
10517628484189586408
0 7 1 7 -1  1
10517712562206232008
4 5 2 6 -1  1
10517759047268735805
3 7 4 6 -1  1
10517830528925124489
0 0 0 2 -1  1
10518004437304457741
0 3 4 3 -1  1
10518219454890341846
0 1 2 2 -1  47
1 5 2 5 -1  2
10518785053844638094
0 2 1 3 -1  1
10518994991698546107
0 5 4 5 -1  1
10519018285460245044
0 3 1 2 -1  1
10519053210937496054
1 4 3 3 -1  1
10519223022974768449
2 3 4 5 -1  1
3 2 4 3 -1  2
10519255852232844487
3 0 3 1 -1  1
10519328168119597836
3 3 3 5 -1  1
10519728078683515040
1 4 4 7 -1  1
10519813471394692818
0 4 0 5 -1  1
10520002736833580197
2 1 1 2 -1  1
10520300810064004896
1 4 3 3 -1  1
10520414490846416830
0 5 1 5 -1  1
10520432076854216275
2 1 3 0 -1  1
10520447677599912311
4 7 5 5 -1  1
10520541073433750399
1 7 2 7 -1  1
10520563923509872077
4 6 6 4 -1  1
10520712753006681046
3 0 4 0 -1  1
10520713255370936385
7 4 7 5 -1  1
10520796199877125984
1 4 0 5 -1  1
10520903728770190147
4 3 2 2 -1  1
10521129069670425894
1 1 2 2 -1  1
10521690699313476831
0 5 3 5 -1  1
10521749667988326554
0 4 0 5 -1  1
10521889369382695313
0 3 1 3 -1  1
10522699214740733925
1 3 2 1 -1  1
10522787207072925161
3 2 5 4 -1  1
10522922088404247588
4 1 5 1 -1  1
10523026127117010892
1 2 1 4 -1  1
10523252534565364928
5 0 3 2 -1  1
10523804322235414711
7 1 7 2 -1  1
10523814988233952146
2 3 2 5 -1  1
10523892823070506857
0 3 4 3 -1  1
10523896977048682785
1 0 2 0 -1  1
10524283547256328607
0 4 0 6 -1  1
10524293457029536570
1 1 3 1 -1  1
10524323864294680672
2 4 3 4 -1  1
10524341781173819938
0 2 2 3 -1  1
10524556168087910393
2 4 3 3 -1  1
10524572932002954772
3 5 6 2 -1  1
10524634035356293271
4 1 3 0 -1  1
10524696195388383456
3 3 3 2 -1  1
10524736020262952507
2 2 3 2 -1  1
10524787277909141435
1 7 2 7 -1  1
10524968214892588654
3 1 2 0 -1  1
10524975767135149204
3 6 2 5 -1  1
10525220417722691140
0 5 0 4 -1  1
10525263305203878703
1 1 3 1 -1  1
10525335748026649920
0 4 0 6 -1  1
10525355269458399400
1 3 7 3 -1  1
10525484239279358734
0 5 0 4 -1  1
2 4 2 6 -1  1
10525586200045671621
1 2 2 2 -1  1
10525883559276497020
6 7 5 6 -1  1
10525999903460733202
1 6 2 5 -1  1
10526009903473543303
4 2 3 2 -1  1
10526117812027008371
1 2 2 1 -1  1
10526438814320445407
6 5 4 7 -1  1
10526803391492473917
2 5 1 3 -1  1
10526865006904724777
6 6 6 2 -1  1
10527198414179811697
1 5 2 5 -1  1
10527255105331530440
1 4 3 3 -1  1
10527325595047771497
0 4 0 6 -1  1
10527388842892771086
1 3 3 5 -1  1
10527495062856677827
1 0 2 0 -1  1
10527604291687364145
0 5 0 7 -1  1
10527702850646490173
1 2 2 1 -1  1
10527747807041704173
2 6 0 4 -1  1
10528010558262355099
3 0 4 0 -1  1
10528022792420705271
3 4 4 4 -1  1
10528508153342698169
4 7 7 7 -1  1
10528531039984475053
3 0 4 0 -1  1
10529125941074406471
2 3 4 2 -1  1
10529197830093561407
0 5 0 3 -1  1
10529497860981858732
0 6 7 6 -1  1
10529518664477218389
3 7 3 5 -1  1
10529733881389058820
3 6 2 7 -1  1
10529743013793823653
1 1 2 1 -1  1
10529787149281499305
2 4 2 5 -1  1
10529995775503344102
1 0 2 1 -1  1
10530133952618567110
0 0 0 2 -1  1
10530178258775865276
1 2 2 2 -1  1
10530248917057282992
2 5 3 5 -1  1
10530944931652346323
3 7 2 6 -1  1
10530958970786659737
1 0 2 0 -1  1
10530965878701567805
0 4 0 6 -1  1
10531247274694540345
6 0 7 1 -1  1
10531494707321831356
3 1 2 3 -1  1
10531508219482723019
0 3 2 5 -1  1
10531754705003431214
1 2 2 3 -1  1
10531846009142485698
1 5 3 5 -1  1
10532163183497161441
3 2 4 2 -1  1
10532759138117397305
2 5 1 3 -1  1
10533050037072956426
1 6 7 6 -1  1
10533180907343137363
0 5 1 4 -1  1
10533234295162008468
1 5 1 4 -1  1
10533374284810473237
0 3 1 3 -1  1
10533416053823167745
2 5 2 3 -1  1
10534012117483529936
4 6 2 5 -1  1
10534048000451629864
0 5 1 4 -1  1
10534089798235232371
0 3 2 5 -1  1
10534859066946913897
3 2 3 4 -1  1
10534940112777188263
0 1 2 2 -1  1
10535419430985512515
0 3 3 6 -1  1
10535477117073360694
0 0 4 0 -1  1
10535714869736062610
0 6 1 5 -1  1
10535769234731537600
2 2 3 2 -1  1
10535814306062414750
3 4 4 3 -1  1
10536210398706492158
5 3 3 2 -1  1
10536219453461936435
2 5 3 5 -1  1
10536348955433481955
4 4 5 5 -1  1
10536568129724468994
1 1 0 3 -1  1
10536603872000990297
4 7 2 5 -1  1
10536732751138636761
2 2 1 4 -1  1
10537105228777724373
6 7 5 7 -1  1
10537141359738997542
1 7 2 7 -1  1
10537268663350608783
2 5 3 5 -1  1
10537448398030308915
2 4 3 5 -1  1
10537607407726792190
3 5 2 4 -1  1
10537682583267346374
3 2 2 4 -1  1
10537843588026875048
4 4 5 2 -1  1
10537847057417690003
7 0 7 5 -1  1
10538221068964545159
0 0 0 4 -1  1
10538318172351039804
3 6 0 3 -1  1
10538429298308143048
3 3 4 4 -1  1
10538514744694314078
0 4 0 3 -1  1
10538728191707731059
1 2 1 4 -1  1
10538808955244411625
2 4 5 7 -1  1
10538812662005998778
2 4 2 6 -1  1
10539050717458408445
3 0 4 1 -1  1
10539053578255488386
0 2 1 2 -1  1
10539295298594409692
0 3 1 1 -1  1
10539343697221442554
4 4 4 5 -1  1
10539604186258927414
2 6 3 4 -1  1
10539669561684369680
2 5 1 4 -1  1
10539687231246237106
4 4 6 2 -1  1
10539688035734148171
4 3 5 1 -1  1
10539751126809252849
1 6 2 6 -1  1
10539903983103589936
2 4 1 3 -1  1
10540260175123450485
0 5 1 5 -1  1
10540322511473774272
3 2 3 3 -1  1
10540337074577083016
3 2 4 3 -1  1
10540409445032759722
2 7 5 4 -1  1
10540534901286134785
1 3 3 5 -1  1
10540793798347903202
1 7 3 7 -1  1
10540863151022234063
0 2 1 1 -1  1
10541026939109183656
0 1 0 3 -1  1
10541036019624615498
5 1 7 3 -1  1
10541112745995723843
4 1 2 2 -1  1
10541118671585998880
1 6 2 6 -1  1
10541166688647852484
3 3 4 4 -1  1
10541486894515702584
0 2 4 6 -1  1
10541737312812761954
3 4 4 5 -1  1
10541738955684921415
5 2 2 2 -1  1
10541805749479592249
1 3 2 4 -1  1
10541823465485264798
3 2 3 3 -1  1
10541841222668677530
2 2 4 3 -1  1
10542020147350346596
0 5 1 4 -1  1
10542075790011871819
3 7 6 4 -1  1
10542458984898129865
3 5 4 4 -1  1
10542513655568335244
2 2 3 4 -1  1
10542615934417884216
1 4 3 3 -1  1
10542819938218030623
1 3 3 3 -1  2
10542880742363618183
4 7 4 4 -1  1
10542897781491140354
1 0 3 0 -1  1
10542969498553491352
2 3 4 5 -1  1
10543613560805071002
3 2 4 2 -1  1
10543673841148512373
0 0 7 0 -1  1
10543991912067312395
1 0 2 0 -1  1
10544037381422831123
3 0 4 1 -1  1
10544364468802521503
2 5 0 4 -1  1
10544690792224522935
4 0 1 0 -1  1
10544738886151425831
0 2 1 3 -1  1
1 0 2 0 -1  1
3 2 4 3 -1  2
10544835422968969862
2 5 3 3 -1  1
10544857401581305036
2 6 3 6 -1  1
10545341407094573455
2 2 1 2 -1  1
10545354831226575654
0 2 1 1 -1  1
10545535048602244410
3 5 4 7 -1  1
10545739933770452824
0 5 1 5 -1  1
10545762355169749359
6 1 2 5 -1  1
10545816677997145659
0 5 0 1 -1  1
10545914657362699185
4 4 5 5 -1  1
10546466245244501664
1 2 1 4 -1  1
10546471682380792996
0 5 1 6 -1  1
10546521646649940190
3 0 3 1 -1  1
10546732919957531925
6 0 4 0 -1  1
10546793346681097054
0 2 0 1 -1  1
10546909475299881903
2 1 5 4 -1  1
10546950842746613315
1 0 3 0 -1  1
10546992548817371075
1 4 3 5 -1  1
10547278372177645040
1 5 1 2 -1  1
10547574898666547199
7 5 7 7 -1  1
10547583237944329115
2 6 3 6 -1  1
10547607872596188291
3 1 1 3 -1  1
10547613924065088589
3 7 2 6 -1  1
10547798068281932164
0 4 0 2 -1  1
10547913498671825308
0 0 0 2 -1  1
10547981117852029871
5 4 5 5 -1  1
10548050648470410581
0 4 0 6 -1  1
10548061478443784236
0 4 0 6 -1  2
10548257104297282846
3 6 4 7 -1  1
10548285273815196919
1 5 0 6 -1  1
10548314111974964040
0 1 2 2 -1  1
10548485756089064739
5 6 6 6 -1  1
10548703405691751129
2 5 4 4 -1  1
10548897392647426012
4 1 1 4 -1  1
10548983530585933280
0 2 1 3 -1  1
10549315037147461333
2 1 5 1 -1  1
10549369050183171194
2 3 1 2 -1  1
10549416103597534228
3 5 6 2 -1  1
10549513688255672754
2 6 2 4 -1  1
10549775697105971329
3 0 5 1 -1  1
10549854551914190984
1 4 5 0 -1  1
10550015621964132113
3 5 4 4 -1  1
10550102809557978720
0 3 1 4 -1  1
10550130515982211947
2 2 3 4 -1  1
10550374632515592705
3 2 6 2 -1  1
10550419244375500539
6 1 4 2 -1  1
10550522859475688539
1 4 4 7 -1  1
10550785189435964634
0 0 0 2 -1  1
10551205562863327197
5 5 6 5 -1  1
10551249013128660694
1 0 2 0 -1  1
10551255388560455291
6 4 4 2 -1  1
10551396281952467936
4 2 5 2 -1  1
10551524186058241025
6 6 6 5 -1  1
10551626003042564533
2 1 7 1 -1  1
10551693807186646712
1 2 0 2 -1  1
10551781796353697343
2 2 2 7 -1  1
10551847201136770791
0 6 0 1 -1  1
10551916968711106938
5 6 5 5 -1  1
10551943981131181451
0 0 0 2 -1  1
10552034729160157715
4 2 1 2 -1  1
10552083282115768131
1 7 1 6 -1  1
10552149350205770092
2 3 5 6 -1  1
10552251401572787132
3 2 4 2 -1  1
10552294894474877481
3 0 4 2 -1  1
10552316669839767626
6 0 6 2 -1  1
10552317370012343751
0 4 0 6 -1  4
10552361043258957754
0 5 1 6 -1  2
10552372404239353328
0 4 1 4 -1  1
10552374064886120958
1 7 2 7 -1  1
10552551350064540599
3 6 4 5 -1  1
10552883373995853656
0 0 0 2 -1  1
10552947323339540721
3 5 4 5 -1  1
10553146153629022211
0 3 0 2 -1  1
10553510328910843738
1 5 2 5 -1  1
10553521276412003114
2 2 1 0 -1  1
10553736930651088555
0 2 2 2 -1  1
10553784675478997235
0 6 1 5 -1  1
10553837119300799506
2 2 4 3 -1  1
10553915875743742632
3 3 2 3 -1  1
10553916539739045153
0 3 1 3 -1  1
10553955776582483320
1 0 3 0 -1  1
10554038897303548487
1 4 3 2 -1  1
10554214636373531893
4 3 4 0 -1  1
10554465010121387103
2 6 3 5 -1  1
10554572983825610827
3 6 4 4 -1  1
10554598731812079891
1 6 3 6 -1  1
10555028180094284747
2 5 2 3 -1  1
10555059057607316738
3 3 1 4 -1  1
10555210142880606385
2 2 4 4 -1  1
10555374799570312965
3 3 4 5 -1  1
10555729759011277085
1 7 2 7 -1  1
10555988253691976914
0 2 0 1 -1  1
10556022625712313828
0 6 2 5 -1  1
10556094828231523579
0 5 1 6 -1  2
10556233756129375050
2 3 0 1 -1  1
10556397292949606414
3 7 4 7 -1  1
10556529236392883072
1 7 2 7 -1  1
10556552804446147568
3 5 5 3 -1  1
10556614794716871395
0 0 1 0 -1  1
10556745708175188151
2 5 3 3 -1  1
10556767565522728322
3 5 4 6 -1  1
10556823770554563936
0 5 0 3 -1  1
10556934638201956276
1 5 3 5 -1  1
10557252055923856322
2 0 1 2 -1  7
10557378674860924493
1 7 0 6 -1  1
10557648785380912626
3 5 4 6 -1  1
10557837455702987861
5 5 6 3 -1  1
10558064278861475828
0 2 0 1 -1  2
10558079764514757651
3 0 4 2 -1  1
10558322779205067839
0 5 2 3 -1  1
10558458692822862270
2 1 2 2 -1  1
10558698320876538455
0 4 4 4 -1  1
10558699131978427478
3 4 4 4 -1  1
10558862611751083311
0 5 0 3 -1  1
10558946201193113141
0 0 4 0 -1  1
10559140354814770423
2 2 3 4 -1  1
10559173123522827489
1 3 3 3 -1  1
10559345820030163258
1 5 3 5 -1  1
10559666309638143885
2 0 5 3 -1  1
10559690738106247883
3 5 4 6 -1  1
10559746963030978474
3 6 5 5 -1  1
10559768870541470679
2 5 3 4 -1  1
10560114588402793412
2 2 3 4 -1  1
10560283919966873454
0 0 0 3 -1  1
10560290824227671564
1 4 0 2 -1  1
10560573100397410660
2 6 2 5 -1  1
10560592949659912233
2 0 4 2 -1  1
10560767083056720608
3 2 2 1 -1  1
10560801591954672772
0 5 3 2 -1  1
10560854201073910494
1 3 5 7 -1  1
10561056996620092897
5 3 4 3 -1  1
10561204559342602158
0 4 0 6 -1  1
10561287324482203752
0 7 1 6 -1  1
10561303572591061416
2 5 1 4 -1  1
10561428775506313193
3 2 1 2 -1  1
10561538354467758968
6 0 3 0 -1  1
10561644251942390853
7 7 7 6 -1  1
10561659177991725415
1 5 3 5 -1  1
10561744558376068315
4 3 1 3 -1  1
10561917849603157332
1 4 4 7 -1  1
10562009152540579930
2 3 2 5 -1  1
10562259998711443104
4 1 1 4 -1  1
10562803443923801128
1 3 0 5 -1  1
10562905801401243702
0 4 0 2 -1  1
10562967396534597686
2 6 4 5 -1  1
10563004943172672220
0 4 0 2 -1  1
1 5 2 5 -1  1
10563076990086557363
4 4 5 3 -1  1
10563148452002271250
2 6 2 5 -1  1
10563153777439594405
3 3 4 4 -1  1
10563238738014183473
1 6 1 5 -1  1
10563258486910549738
0 2 0 3 -1  1
10563317402647230991
1 5 3 5 -1  1
10563357556179293962
3 0 3 6 -1  1
10563543713341737634
1 3 2 2 -1  1
10563574628809594787
5 4 6 5 -1  1
10563600157058388028
4 3 4 4 -1  1
10564102807203517431
4 1 5 1 -1  1
10564311044836509482
5 0 6 0 -1  1
10564665414094609522
2 6 1 4 -1  1
10564681514068841807
4 1 7 4 -1  1
10564833874345809074
3 6 4 6 -1  1
10564846749248971447
2 4 1 3 -1  1
10565139321445381357
1 3 2 3 -1  1
10565296716141471256
3 7 4 7 -1  1
10565397187669837542
2 3 1 5 -1  1
10565439753493406626
1 1 3 1 -1  1
10565489815597458489
0 5 0 2 -1  1
10565506089000761217
1 0 2 0 -1  1
10565760584681380292
4 4 5 5 -1  1
10565806833007799299
0 4 3 4 -1  1
10565872922184003676
0 2 2 3 -1  1
10565950639322452096
6 4 5 3 -1  1
10566104639694180187
2 4 0 2 -1  1
10566190775471423517
1 7 2 7 -1  1
10566301314488353858
6 7 6 1 -1  1
6 7 7 7 -1  1
10566307863156861890
4 7 5 7 -1  1
10566350270309639865
1 3 4 3 -1  1
10566443157182176395
2 5 1 5 -1  1
10566449793344213223
1 4 1 3 -1  1
10566454879069777062
2 5 3 4 -1  1
10566457316520889714
3 6 3 5 -1  1
10566474420655423440
4 4 3 6 -1  1
10566478337828437638
1 4 3 4 -1  1
10566562689587122271
1 7 2 6 -1  1
10566827949629812384
0 3 0 2 -1  1
10567118497422259054
3 6 7 6 -1  1
10567433105841626048
3 2 6 2 -1  1
10567503040186954089
0 1 0 2 -1  1
10567678437963497118
3 4 4 2 -1  1
10568012957622461857
0 2 1 1 -1  1
10568020685693654693
1 6 3 6 -1  1
10568031699209067603
1 0 3 0 -1  1
10568059888360049547
3 2 4 4 -1  1
10568133579099098985
0 3 1 3 -1  1
10568180060013639500
3 3 5 2 -1  1
10568284545833218206
1 3 0 5 -1  1
10568540254432044284
3 4 5 5 -1  1
10568561066037747037
0 1 1 1 -1  1
10568625664183131919
1 4 0 3 -1  1
10568721620011272851
2 4 2 1 -1  1
10568867107961175965
4 6 5 4 -1  1
10569051459374025523
6 4 5 6 -1  1
10569093458325127869
6 1 7 1 -1  1
10569120510363258668
0 4 2 2 -1  1
10569236682890602632
0 6 0 7 -1  1
10569257936524044938
5 3 6 3 -1  1
10569271242283698932
0 3 1 2 -1  1
10569329620666775566
1 5 2 5 -1  1
10569374982195032513
0 0 2 0 -1  1
10569601362447016622
4 2 3 1 -1  1
10569603948656318766
3 2 1 4 -1  1
10570062160846632659
0 2 5 2 -1  1
10570169930106855192
4 3 5 3 -1  1
10570184175305093991
4 4 5 3 -1  1
10570691787567602402
0 4 1 5 -1  1
10570731070595848949
5 4 4 5 -1  1
10571025625870637724
1 3 3 3 -1  1
10571207873527855427
3 1 4 2 -1  1
10571255476870777368
4 5 4 6 -1  1
10571748823620143043
1 2 2 2 -1  1
10572033619673923824
0 1 2 2 -1  1
10572758918853904688
1 4 2 6 -1  1
10572976574122551082
3 3 3 7 -1  1
10572998587933413465
1 3 3 4 -1  1
10573137149833081591
3 1 3 3 -1  1
10573154041843604171
1 3 2 2 -1  1
10573196898931549031
1 0 3 0 -1  1
10573388566605015136
3 3 4 4 -1  1
10573804420632108324
3 3 4 4 -1  1
10573859378853710768
1 6 0 5 -1  1
10573955351506929014
3 5 4 6 -1  1
10574028338028090853
2 1 3 1 -1  1
10574136992482057782
3 3 4 3 -1  1
10574278919522695929
5 2 5 6 -1  1
10574307086329836672
0 7 1 6 -1  1
10574351180910511733
1 2 0 3 -1  1
10574412915097828242
0 1 1 3 -1  1
10574678442444087774
2 0 3 0 -1  1
10574686044515484585
0 5 0 4 -1  1
10574727424952810007
6 2 5 3 -1  1
10574762462940295104
3 1 3 2 -1  1
10574811734035249997
0 4 4 4 -1  1
10575154732669791855
1 5 0 5 -1  1
10575170455458996093
5 6 1 2 -1  1
10575608400279817458
3 6 1 5 -1  1
10575630098194829647
0 1 1 3 -1  1
10575670911566023411
2 6 0 6 -1  1
10575819849324944205
1 6 2 6 -1  4
10575945191682260533
0 0 0 2 -1  1
10576104716291480012
4 5 5 5 -1  1
10576251928323087110
3 4 4 2 -1  1
10576414887322913455
0 2 1 3 -1  1
10576707140088833528
0 6 1 5 -1  1
10576750509834631720
2 0 5 3 -1  1
10576845568120225735
3 3 5 5 -1  1
10577051288423416632
2 3 5 6 -1  1
10577152702726289968
1 4 3 4 -1  1
10577555983106870549
2 3 4 3 -1  1
10577564352498002934
1 6 2 5 -1  1
10577783343218121739
3 6 4 7 -1  1
10577805125493624239
2 7 3 6 -1  1
10578084632657139388
0 3 7 3 -1  1
10578139598000182106
0 4 0 6 -1  1
10578159376800301377
2 3 7 3 -1  1
10578178880466739175
3 0 4 0 -1  1
10578293609290452191
0 0 0 4 -1  1
10579130103002927953
4 5 5 4 -1  1
10579148368934439678
2 0 4 2 -1  1
10579762676235534065
2 3 3 4 -1  1
10579768953442559101
4 6 5 5 -1  1
10579861475942836380
5 7 5 3 -1  1
10580203887772530606
2 2 3 4 -1  1
10580760237948737347
0 0 0 3 -1  1
10580774418591467902
2 4 3 3 -1  1
10580908598125646787
2 4 1 6 -1  1
10581208753598259513
2 5 4 4 -1  1
10581307352509137243
2 6 4 4 -1  1
10581476026318648728
2 3 2 5 -1  1
10581684098661044310
1 4 4 1 -1  1
10581734462950293118
3 3 4 2 -1  1
10581847031851813809
0 0 0 4 -1  1
10581857489739741575
3 7 5 5 -1  1
10581916002000936889
3 5 5 4 -1  1
10582589142874101172
4 1 5 2 -1  1
10583015031376110116
0 3 7 3 -1  1
10583324510617521781
6 1 5 1 -1  1
10583500085067427924
4 4 6 3 -1  1
10583598105129638855
0 0 0 1 -1  1
10583656936073162700
3 3 4 4 -1  1
10584127214381191221
0 5 1 3 -1  1
10584195575733678138
2 5 1 3 -1  1
10584392186319696662
2 5 4 4 -1  1
10584466492622536056
0 5 0 4 -1  1
10584595440762146578
4 1 2 1 -1  1
10584768948380692633
1 2 1 1 -1  1
10584858737788016741
4 1 4 3 -1  1
10584871971873324226
0 0 0 2 -1  1
10584951751646501920
4 3 3 3 -1  1
10585721491115174476
2 4 3 6 -1  1
10585934584615327552
3 4 1 2 -1  1
10586006280972804776
0 2 2 0 -1  1
10586134569393507197
4 5 5 5 -1  1
10586411062910022902
0 1 1 3 -1  1
10586509026478130096
0 6 1 6 -1  1
10586526009608118507
2 6 0 5 -1  1
10586717752645922811
2 4 3 3 -1  1
10586797554032106990
4 3 5 4 -1  1
10586827869298219353
6 1 6 0 -1  1
10587106689617087163
2 3 3 2 -1  1
10587216069187197022
1 3 4 3 -1  1
10587243741491852205
0 3 2 1 -1  1
10587476134393454339
0 7 0 4 -1  1
10587489961145130791
5 7 7 7 -1  1
10587596466733391284
2 5 3 7 -1  1
10587610850815623090
0 5 0 4 -1  1
10587699169084446863
1 2 3 0 -1  1
10587821898476471173
0 4 3 7 -1  1
10587839410670184752
1 2 2 2 -1  1
10588081662329987442
0 5 0 4 -1  1
10588172875711294787
3 2 2 3 -1  1
10588180106456681579
4 2 5 0 -1  1
10588193839426195890
0 4 0 3 -1  1
10588476255594215141
6 5 5 5 -1  1
6 5 6 2 -1  1
10588742925293196791
2 4 3 5 -1  1
10589003181836589267
1 3 1 2 -1  2
10589096096205650780
2 4 0 4 -1  1
2 4 1 4 -1  1
10589311145340767613
0 7 0 6 -1  1
10589434460246218884
2 1 1 3 -1  1
10589519451717971717
0 3 1 2 -1  7
10589582225397994482
1 0 2 0 -1  1
10589603162661580414
2 5 3 4 -1  1
10589657757311374089
3 4 1 4 -1  1
10589664917016366498
2 1 4 0 -1  1
10589856471547564923
6 5 5 4 -1  1
10590184008020773251
3 4 4 4 -1  1
10590196739228846152
2 4 1 3 -1  1
10590202440206910546
1 6 2 7 -1  1
10590243201117024563
3 6 4 6 -1  1
10590288757946314280
0 7 0 1 -1  1
10590360986192609086
4 5 4 7 -1  1
10590505853475683252
1 7 2 7 -1  1
10590777299751220845
0 3 3 3 -1  1
10590924712693637222
2 1 4 1 -1  1
10590928466851336873
1 1 2 2 -1  1
10591136102134018785
0 5 0 4 -1  1
10591216313579656397
4 6 5 5 -1  1
10591298012812818696
3 1 3 2 -1  1
10591422845512088509
1 0 3 0 -1  1
10591562908896795770
1 6 0 5 -1  1
10591599071438536214
3 4 2 4 -1  1
10591601306854715642
3 2 5 2 -1  1
10591609790508846924
5 6 7 4 -1  1
10591886489070099777
2 1 3 1 -1  1
10591910616106995569
2 2 1 4 -1  1
10591926216265500382
2 1 3 1 -1  1
10591973690583213402
2 1 3 1 -1  1
10592046500499872876
1 4 3 4 -1  1
10592170101136169770
1 7 2 6 -1  1
10592182447840277173
4 3 5 3 -1  1
10592185963803078210
4 1 4 3 -1  1
10592477255731970281
5 2 3 4 -1  1
10592511974043141052
0 6 1 7 -1  1
10592578430329690089
2 6 1 5 -1  1
10592580488203272365
2 5 3 3 -1  3
10592851726605884506
2 5 4 5 -1  1
10592968295519966938
2 5 4 4 -1  1
10592971596973637444
3 2 4 2 -1  1
10593208606687354920
0 5 7 5 -1  1
10593625336798139381
5 2 4 1 -1  1
10593705271939424245
2 2 6 2 -1  1
10593760480142872147
3 6 2 5 -1  1
10593875277729753833
0 5 2 3 -1  1
10593893704033679580
4 2 2 1 -1  1
10593961443504474897
0 2 0 1 -1  1
10594150877517526505
1 3 2 5 -1  1
10594403338542571300
3 5 2 4 -1  1
10594660150339852562
0 3 2 4 -1  1
3 4 3 5 -1  1
10594677190264634338
1 3 2 1 -1  1
10594742185717438751
0 4 4 4 -1  1
10594924313852840141
2 4 5 7 -1  1
10594929567891470522
3 3 5 2 -1  2
10595331633776837418
3 0 4 0 -1  1
10595487583027811840
0 7 1 6 -1  1
10595606572952635747
1 1 3 1 -1  1
10595633479746662755
3 4 4 6 -1  1
10595772812552552739
1 6 2 5 -1  1
10595860760965200880
3 1 4 1 -1  1
10595878828248518496
0 6 1 7 -1  1
10595918415844791414
0 2 0 3 -1  1
10595959557262756574
0 2 1 2 -1  1
10596210236948224594
2 4 4 5 -1  1
10596554339052475365
2 2 3 0 -1  1
10596674051264075611
0 5 2 6 -1  1
10596759675402719517
1 4 3 4 -1  1
10596771118039966757
0 7 1 7 -1  1
10597025491831571692
0 6 0 7 -1  1
10597202960189561186
0 4 2 4 -1  1
10597295238854427668
1 1 3 1 -1  1
10597455553868979392
2 4 1 2 -1  1
10597555000418999237
0 5 2 3 -1  1
10597653663063081216
1 5 2 5 -1  1
10597655083755615838
1 2 2 1 -1  1
10597871841353781072
5 4 7 2 -1  1
10598608109738516336
3 3 5 2 -1  4
