10742180537591692055
4 0 5 0 -1  1
10742260527191488588
1 5 2 5 -1  1
10742296175724756757
0 0 0 5 -1  1
10742366221698313402
5 5 4 6 -1  1
10742604181336034204
3 2 2 1 -1  1
10742643760655008630
3 1 4 1 -1  1
10742700461925324286
2 7 6 7 -1  1
10742722898170064771
1 6 6 1 -1  1
10742894640260973388
1 2 3 2 -1  1
10743090154133628859
0 2 1 1 -1  1
10743138861344080192
1 2 2 3 -1  1
10743322652863403539
4 3 5 4 -1  1
10743589301698189589
4 1 6 2 -1  1
10743864667282933784
0 7 2 7 -1  1
10744142351851665004
2 2 3 2 -1  1
10744160256026622484
3 6 2 6 -1  1
10744172665679627658
0 4 0 6 -1  1
10744243409393945757
2 5 2 3 -1  1
10744299923639153417
2 2 3 3 -1  1
10744458613074176570
6 1 3 1 -1  1
10744475959149680932
3 4 4 6 -1  1
10744527588401051524
2 2 3 2 -1  1
10744573591840110112
1 4 3 6 -1  1
10744667370118199541
0 6 0 7 -1  1
10744864344259149753
2 1 1 2 -1  1
10744866833120293214
2 5 3 6 -1  1
10744873611249012254
7 6 1 6 -1  1
10744905548024597074
6 2 5 2 -1  1
10744939373657294746
1 1 0 1 -1  1
1 1 2 0 -1  1
10745149196478138127
2 3 1 2 -1  1
10745214208850199089
1 1 4 4 -1  1
10745264332769022803
1 3 2 2 -1  1
10745486269166907376
4 1 1 4 -1  1
10745653996689688599
2 2 3 0 -1  2
10745728321952160019
0 5 0 4 -1  1
10745868327785178342
3 6 4 7 -1  1
10746000969557137225
1 6 2 6 -1  1
10746032627385205069
4 0 0 0 -1  1
10746169939386063150
3 3 4 3 -1  1
10746298089760755483
2 4 2 2 -1  1
10746524757471343365
4 7 3 7 -1  1
10746650362317111528
3 2 4 4 -1  1
10747251616102132328
0 3 3 3 -1  1
10747284587775668661
4 6 5 6 -1  1
10747491867658853555
1 2 3 1 -1  1
10747523157807323572
4 3 6 5 -1  1
10747813308174339623
0 5 1 4 -1  2
10747922044749797570
0 5 1 6 -1  1
10748465774800557340
2 6 1 6 -1  1
10748790871991151681
1 5 2 4 -1  1
10748806950855857707
2 1 2 2 -1  1
10749166973689860377
4 4 5 2 -1  1
10749252898040727794
2 3 4 4 -1  1
10749509498176555248
1 3 2 3 -1  1
10749844887453612090
1 3 1 5 -1  1
10749906314986149886
2 6 2 5 -1  1
10749922892713626637
2 2 3 2 -1  1
10750239398693667987
0 4 4 4 -1  1
10750245793912610650
7 5 6 7 -1  1
10750396503006260785
3 4 4 3 -1  1
10750571267236259478
0 5 3 2 -1  1
10750616827737523948
3 2 4 3 -1  1
10750687896236379045
2 2 4 3 -1  1
10750891495371725132
0 4 0 2 -1  1
10750977064026094947
4 6 7 3 -1  1
10751125758773147556
4 6 2 7 -1  1
10751245236214552593
1 3 3 5 -1  1
10751493869799153135
0 4 0 6 -1  1
10751563125952480368
0 3 1 3 -1  1
10751633126119197049
0 1 0 3 -1  1
10751865609891897288
3 3 3 4 -1  1
10751922246251213289
2 4 3 4 -1  1
10751971448605442328
1 6 1 7 -1  1
10752049125060735993
2 3 1 3 -1  1
10752112061625190563
0 4 1 4 -1  1
10752113448132962791
2 6 3 7 -1  1
10752227310745722555
1 6 2 7 -1  1
10752233029694456779
0 3 0 6 -1  1
10752298877302311552
0 2 6 2 -1  1
10752333753964608085
1 6 0 5 -1  1
10752384289475131820
3 1 4 2 -1  1
10752413302846932075
0 1 2 2 -1  2
0 5 1 6 -1  14
10752555030044798747
4 2 5 2 -1  1
10752655213598001314
0 3 1 3 -1  1
10752883265909254471
2 1 0 3 -1  1
10753347130281390840
1 2 3 2 -1  1
10753365805731109830
6 0 6 5 -1  1
10753465342824342288
2 5 3 6 -1  1
10753565200715750884
2 4 2 6 -1  1
10753766460025274678
0 0 0 1 -1  1
10753801459969660697
5 1 5 3 -1  1
10753824617043908113
0 4 1 3 -1  1
10753995996018394925
3 4 4 4 -1  1
10754174671567674434
1 1 2 1 -1  1
10754175033574249913
0 5 0 4 -1  1
10754209593527100343
3 3 4 3 -1  1
10754847429110675873
0 2 1 3 -1  1
10755019574457562265
1 2 3 2 -1  1
10755110266360289861
1 5 1 3 -1  1
10755242788342926589
4 5 6 3 -1  1
10755369502520619880
0 3 2 5 -1  1
10755425275697168114
0 2 1 1 -1  1
10755466095186708397
1 3 2 5 -1  1
2 1 2 2 -1  1
10755579862048723389
0 5 1 5 -1  1
10755833195656901854
7 4 3 4 -1  1
10756308466438995844
3 7 4 7 -1  1
10756374483148842800
1 6 3 6 -1  1
10756383169338763447
5 0 6 0 -1  1
10756469672308904392
0 3 3 3 -1  3
10756550734756888644
7 1 4 4 -1  1
10756772910500360504
0 5 2 3 -1  1
10756833720052721100
1 1 3 1 -1  1
10757017162602507939
0 3 1 2 -1  1
4 2 2 0 -1  1
10757258869144437575
0 7 0 3 -1  1
10757501026614698213
2 1 1 3 -1  1
10757524987649268017
2 7 3 7 -1  1
10757558683512778900
2 2 1 3 -1  1
10757725209519961270
1 2 3 4 -1  1
10757954244375968001
3 3 5 2 -1  1
10757956671147403100
0 3 1 3 -1  1
10758126815545729373
4 5 7 2 -1  1
10758201983001698624
1 1 2 2 -1  1
10758425114995789781
3 4 4 3 -1  1
10758488309733812528
2 3 3 2 -1  1
10758669241237251312
3 3 4 2 -1  1
10758700757228206695
0 2 5 2 -1  1
10758700817563298988
6 6 5 6 -1  1
10758804671357976953
3 5 4 5 -1  1
10758919981464332713
2 5 1 5 -1  1
10759094839169055538
1 6 2 5 -1  1
10759109626123151734
0 4 0 6 -1  1
10759199567973743686
1 4 2 4 -1  2
10759332028337337857
0 5 2 6 -1  1
10759461915762345243
2 4 3 4 -1  1
10759498609872412260
0 4 0 6 -1  1
10759730054770149754
0 2 1 4 -1  1
10759796061066047218
7 0 7 2 -1  1
10759881852872414736
7 5 7 1 -1  1
10760175065599698954
1 5 3 5 -1  1
10760216106766608077
3 7 4 7 -1  1
10760217812125514830
3 1 4 1 -1  1
10760233671227881177
1 0 2 0 -1  1
10760353517150397724
4 0 0 0 -1  1
10760390581855887620
4 0 5 1 -1  1
10760399037880811817
0 6 0 5 -1  1
10760509393432971364
1 6 2 6 -1  1
10760547438079348441
0 1 6 1 -1  1
10760838174002883119
1 0 3 0 -1  1
10760892543638299602
4 2 5 2 -1  1
10761049716610633346
0 5 5 5 -1  1
10761109810969114389
5 1 3 3 -1  1
10761238407493313905
3 1 4 1 -1  1
10761343421098300391
0 3 5 3 -1  1
10761352538278361638
5 4 6 3 -1  1
10761421547907468204
0 0 6 6 -1  1
10761617193057836127
2 2 4 3 -1  1
10761676705808856659
4 0 5 1 -1  1
10761818872082615316
1 0 0 1 -1  1
10761923853472669413
1 5 3 7 -1  1
10761975355336137805
3 7 5 5 -1  1
10762017312034916947
1 0 3 0 -1  1
10762026802686062231
0 7 0 3 -1  1
10762059528661383649
2 6 6 2 -1  1
10762180394041573129
3 2 3 1 -1  1
10762257912132771077
2 1 2 2 -1  1
10762370346247305394
0 1 2 1 -1  1
10762375288021688451
0 7 2 5 -1  1
10762537359109445223
5 6 5 7 -1  1
10762653799975781876
0 1 2 2 -1  1
0 5 0 4 -1  2
1 0 2 0 -1  1
1 0 3 0 -1  2
10762814246703635871
0 0 0 1 -1  1
10762843645060995209
3 6 4 6 -1  1
10762933105047272808
2 1 3 2 -1  1
10763062898108894358
2 4 5 4 -1  1
10763160488443059897
2 0 3 0 -1  1
10763176551477655129
2 6 2 5 -1  1
10763653801457796278
3 3 4 2 -1  1
10763735471399680112
0 1 2 2 -1  1
10763737693158663154
4 7 5 7 -1  1
10763752420669406439
0 5 1 6 -1  1
10763794933278612099
0 6 1 7 -1  1
10763924532748694593
2 4 3 3 -1  1
10764009872209121621
1 1 2 1 -1  1
10764066386359553205
3 4 4 4 -1  1
10764120364564895577
2 3 4 1 -1  1
10764474619119444550
0 4 1 3 -1  1
10764480969160121090
2 5 3 5 -1  1
10764623618594658901
4 7 6 5 -1  1
10764947069794049706
1 3 1 2 -1  1
10765050655155783314
0 3 4 3 -1  1
10765203275105633323
0 2 6 2 -1  1
10765259415716503854
1 2 3 4 -1  1
10765283132018116330
6 5 7 5 4  1
10765289877356135431
0 3 0 2 -1  1
10765526474597260184
2 1 1 2 -1  1
10765671848311325332
0 0 1 1 -1  1
10765721994908860881
0 6 1 6 -1  1
10765725578820630002
0 5 0 4 -1  1
10765788105314862884
4 2 2 3 -1  1
10766278021014788139
0 4 0 6 -1  1
10766439931471492019
4 7 5 7 -1  1
10766500348080121154
3 3 4 2 -1  1
10766690452195874381
2 4 1 3 -1  1
10767043541020049523
1 1 2 2 -1  4
10767327301392072558
0 4 0 0 -1  1
10767517484220376692
2 4 4 4 -1  1
10767723587972358577
3 5 2 4 -1  1
10768115303267962214
1 7 2 6 -1  1
10768140718898686763
0 3 3 6 -1  1
10768297494416631055
0 5 0 3 -1  1
10768306454642176764
0 2 1 2 -1  1
10768481029594298927
3 3 2 5 -1  1
10768583654220981583
0 4 1 2 -1  1
10768609820450481259
0 2 5 7 -1  1
10769081459314293657
4 2 4 4 -1  1
10769113016944646808
0 3 1 4 -1  1
10769165974410032387
2 2 3 3 -1  1
10769198428576487914
0 1 2 0 -1  1
10769199431939946284
0 4 0 6 -1  1
2 4 3 4 -1  1
10769390938581667154
4 7 6 6 -1  1
10769450778975327627
1 4 1 5 -1  1
10769476048625103529
0 0 0 5 -1  1
10769785178398899810
2 5 3 4 -1  1
10769945998022103117
3 4 4 4 -1  1
10770097519819010755
4 4 6 3 -1  1
10770273738899779836
2 1 3 2 -1  1
10770304861231176158
3 7 3 4 -1  1
10770346489829807413
0 4 0 3 -1  1
10770531775784900306
0 3 1 4 -1  1
10770748232225001072
0 6 2 4 -1  1
10770839588022289405
2 7 3 7 -1  1
10770874330751382673
1 3 3 1 -1  1
10770879250862138700
0 3 0 4 -1  1
10770917447499285887
0 4 2 4 -1  1
10771606612043530205
3 3 4 4 -1  1
10771747177556840102
2 5 1 7 -1  1
10771831715672295420
1 5 3 7 -1  1
10771874034502975907
2 2 3 2 -1  1
10772006392042659148
2 5 1 5 -1  1
10772038973020453463
1 4 1 2 -1  1
10772320064635895407
7 2 7 4 -1  1
10772411341500728115
0 6 1 6 -1  1
10772413534092196241
1 1 2 2 -1  1
10772590256223408255
3 0 1 2 -1  1
10772671573277468157
0 5 1 5 -1  1
10772712610533723551
4 2 5 3 -1  1
10772739474062831970
1 3 3 2 -1  1
10772856683279524509
0 0 2 0 -1  1
10773056337427564516
3 3 1 5 -1  1
10773071688043580854
0 0 0 3 -1  1
10773162119129434419
1 7 3 7 -1  1
10773301008700537816
0 1 5 1 -1  1
10773337699365530737
0 0 0 1 -1  1
10773535352701876412
5 6 4 4 -1  1
10773571747774974434
2 1 1 2 -1  1
10773599150315525275
1 7 4 7 -1  1
10773640184590317751
1 2 4 2 -1  1
10773659534720213709
2 2 4 1 -1  1
10773984542711558436
2 3 4 4 -1  1
10774019165855876825
1 3 3 5 -1  1
10774322194051658732
1 6 2 5 -1  1
10774395972588985280
0 2 2 4 -1  1
10774455228471029385
4 3 3 5 -1  1
10774704889856673009
3 2 2 3 -1  1
10774826518081829916
2 3 3 3 -1  1
10774849459575049450
2 0 0 0 -1  1
10774857107605158221
0 1 0 0 -1  1
10774903429027958024
1 2 2 3 -1  1
10775069265100083720
0 3 1 3 -1  1
10775577682769003291
2 4 3 5 -1  1
10775736179984042962
4 1 4 6 -1  1
10776240491342406778
0 5 0 0 -1  1
10776310397461624935
5 2 7 2 -1  1
10776359453356129318
2 2 3 4 -1  1
10776435891630365511
2 2 3 4 -1  1
10776551823150413792
0 2 2 2 -1  1
10776564107113171934
1 3 3 3 -1  1
10776913427825306547
3 5 5 3 -1  1
10777006604900227807
3 3 5 4 -1  1
10777135915662081618
1 4 2 6 -1  1
10777211679357820574
0 4 0 6 -1  1
10777280249696788102
1 5 3 5 -1  1
10777358051534295418
0 4 1 2 -1  1
10777412870907306062
4 4 2 6 -1  1
10777521184365503124
4 1 2 2 -1  1
10777599831839534807
4 4 3 3 -1  1
10777615795840277193
0 6 1 6 -1  1
10777772698570838835
1 5 2 6 -1  1
10777780704171531798
1 1 4 4 -1  1
10777840776158584908
0 4 0 6 -1  1
10777978486558628033
1 5 2 5 -1  1
10778034279256839615
2 2 3 2 -1  1
10778091237967433322
1 3 2 4 -1  1
10778132111964769743
3 2 4 1 -1  1
10778313150630654753
2 4 5 1 -1  1
10778462340235313785
3 0 4 0 -1  1
10778675395636996601
3 2 1 4 -1  1
10778675986126088395
3 0 3 2 -1  1
10778723619479952529
1 3 4 6 -1  1
10778767204542784374
1 3 3 2 -1  1
10779162702240165616
0 5 1 6 -1  1
10779223307546814629
0 2 3 5 -1  1
10779264029523571053
0 3 3 0 -1  1
10779302287192859197
2 1 3 1 -1  1
10779416974605962418
3 1 4 2 -1  1
10779734546636345817
3 0 2 2 -1  1
10779960077735198976
4 3 6 5 -1  1
10780044320211343311
4 1 2 3 -1  1
10780060179156444468
1 2 2 2 -1  1
10780101772991440113
4 0 5 1 -1  1
10780246904587050966
5 0 4 0 -1  1
10780378271000065904
5 3 7 5 -1  1
10780388400293767739
3 3 4 2 -1  1
10780675304193121074
2 4 5 1 -1  1
10780782595604858138
4 3 2 4 -1  1
10780805447640467458
4 0 5 1 -1  1
10781011664570836305
4 6 4 7 -1  1
10781077651582958890
2 6 4 4 -1  1
10781929226093378669
1 3 0 5 -1  1
10781982855137969883
0 5 4 1 -1  1
10782129903871724715
4 7 4 6 -1  1
10782157210665484102
1 3 1 2 -1  1
10782275100204775095
0 5 2 3 -1  1
10782326428297898100
5 0 6 0 -1  1
10782423394607445501
0 7 0 6 -1  1
10782529830647425640
4 5 0 1 -1  1
10782649702494751458
1 1 2 2 -1  1
10782697323020105522
3 4 4 3 -1  1
10782708094906800451
0 2 0 1 -1  1
10782753085783917837
0 4 6 4 -1  1
10782754993074190442
0 0 1 0 -1  1
10782792371098665114
1 6 7 0 -1  1
10782814657116255696
5 2 6 2 -1  1
10782922409306470755
7 5 7 1 -1  1
10783137620975274564
4 6 5 5 -1  1
10783174895100655833
1 3 3 5 -1  1
10783197124912321479
3 3 4 2 -1  1
10783209546442624455
2 3 3 5 -1  1
10783252507064348827
2 1 1 1 -1  1
10783291349207947136
2 4 2 6 -1  1
10783554536005002605
1 3 3 3 -1  2
10783577792311936245
3 3 4 1 -1  1
10783728955935031422
0 5 0 3 -1  1
10783896001443061566
2 7 3 6 -1  1
10783972451068214100
2 6 3 6 -1  1
10784269134550146387
1 4 2 4 -1  1
10784273227876840854
3 4 1 2 -1  1
10784332604723352960
1 4 3 2 -1  1
10784555488353848258
0 2 1 3 -1  1
10784572773182720225
3 3 2 5 -1  1
10785068180669969378
1 2 0 1 -1  1
10785157770441382380
0 7 6 7 -1  1
10785642595925874766
0 2 3 2 -1  1
10785676942659757220
0 5 2 4 -1  1
10785931666548533612
1 3 3 4 -1  1
10786109275805130927
3 2 4 2 -1  1
10786133985506588180
5 4 6 3 -1  1
10786478854891929202
0 1 3 1 -1  1
10786892881770183920
4 2 5 2 -1  1
10787054915620321296
0 5 0 4 -1  1
10787105928763111797
0 4 0 6 -1  1
10787338765598891940
2 2 3 0 -1  1
10787532270963334753
1 4 0 4 -1  1
10787546965320573519
2 2 3 3 -1  1
10787654281764242979
2 2 1 4 -1  1
10787849431530544644
2 3 3 3 -1  1
10787903883147419489
0 5 1 6 -1  1
1 0 2 0 -1  1
10787995477720068579
1 2 0 1 -1  1
10788009135452218954
0 2 3 5 -1  1
10788173898621444040
1 1 2 1 -1  1
10788199015247703521
4 0 5 1 -1  1
10788293577629026071
3 0 4 0 -1  1
10788748111494412265
0 0 0 1 -1  1
10788788468755473156
3 0 0 3 -1  1
10788940607725548480
2 3 4 5 -1  1
10789194612501850241
0 5 0 2 -1  1
10789239613366216770
2 4 4 6 -1  1
10789293830156910165
1 4 3 2 -1  1
10789404548943616701
3 0 3 2 -1  1
10789442012281067269
1 0 3 0 -1  1
10789656006534832311
0 6 1 7 -1  1
10789791295731720267
1 7 2 7 -1  1
10790132385199154566
3 5 3 1 -1  1
10790219557279223164
0 4 0 3 -1  1
10790391084030046026
1 4 2 2 -1  1
10790612695959549551
0 6 1 4 -1  1
10790708468427655307
6 3 6 0 -1  1
10790803170366035484
2 5 2 6 -1  1
10790823573920991592
0 4 0 6 -1  1
10790861256152859064
1 1 2 2 -1  1
10791082813721910128
6 1 6 3 -1  1
10791100808109064806
2 4 2 1 -1  1
10791209535805391628
0 1 1 3 -1  1
1 6 2 6 -1  1
10791372327875411661
2 6 4 5 -1  1
10791650093466339992
1 3 1 2 -1  1
10791687669716732635
2 2 3 4 -1  1
10791783961945948493
0 6 0 7 -1  1
10791806009616038225
0 2 7 2 -1  1
10791960839384801677
2 5 3 4 -1  1
10792088792303319502
0 6 2 5 -1  1
10792091616629980396
4 0 4 1 -1  1
10792172001238272701
1 1 2 0 -1  1
10792232744536062625
2 3 3 3 -1  1
10792549317430072415
4 6 2 4 -1  1
10792604642829428615
1 2 2 3 -1  1
10793342824459316122
6 3 6 1 -1  1
10793414424094514740
0 2 1 1 -1  1
10793499446327696922
6 5 5 6 -1  1
10793512589608587586
3 3 2 2 -1  1
10793595081775181387
2 5 6 5 -1  1
10793595641919448318
0 6 1 6 -1  1
10793867102739736393
3 5 4 5 -1  1
10793979820006121043
5 5 6 6 -1  1
10794011250863375441
0 4 1 4 -1  1
10794120976134133443
0 5 0 2 -1  1
10794135119130231671
3 4 5 3 -1  1
10794142386445007889
3 3 4 3 -1  1
10794191369795275735
1 6 5 2 -1  1
10794476326871962208
2 1 3 1 -1  1
10795002685291963593
4 1 2 2 -1  1
10795323658053220586
2 0 4 1 -1  1
10795334911906259966
5 0 5 2 -1  1
10795706846319685672
1 2 2 2 -1  1
10795804845341839094
2 4 3 5 -1  1
10795875205927766965
6 0 6 1 -1  1
10796362940611916141
0 5 0 1 -1  1
10796492953194358014
0 5 0 4 -1  1
10796710708017436855
6 3 6 7 -1  1
10796781748364838696
1 4 3 4 -1  1
10797203121841724276
1 7 2 7 -1  1
10797325035652179314
2 7 3 7 -1  1
10797702195517014809
2 2 3 4 -1  1
10797872854797214839
2 4 5 1 -1  1
10797929567937628319
1 1 2 1 -1  1
10798086025735792371
4 1 2 2 -1  1
10798135862516633001
0 0 0 4 -1  1
10798413412004115429
7 5 7 4 -1  1
10798986493303031926
2 1 1 2 -1  1
10799191360773175853
1 6 4 3 -1  1
10799394588786983899
1 3 3 3 -1  1
10799602877360774484
7 1 7 4 -1  1
10799980980722541401
2 2 4 1 -1  1
10800180300777590724
2 3 0 1 -1  1
10800180914262457562
1 4 3 5 -1  1
10800318190092630921
5 5 6 4 -1  1
10800396531686415750
0 4 0 6 -1  1
10800560319987938263
1 4 2 3 -1  1
10800845690917474978
2 1 1 2 -1  1
10800967774848681763
3 2 4 1 -1  1
10801011776993876967
1 4 1 3 -1  1
10801422159540799051
0 3 1 2 -1  1
10801496793639302928
4 3 3 1 -1  1
10802014357709284637
0 2 2 2 -1  1
10802102246288688517
2 4 4 3 -1  1
10802396178656884132
0 2 0 1 -1  1
10802412538209093507
0 0 0 5 -1  1
10802460932618852633
1 2 3 2 -1  1
10802520974887165267
1 6 3 6 -1  1
10802756045474878622
5 4 5 5 -1  1
10802927717351520893
1 3 1 4 -1  1
10802939020177218869
1 1 3 1 -1  1
10802947666591487867
0 6 2 5 -1  1
10803002816231950813
2 4 4 5 -1  1
10803259177316124558
1 3 2 5 -1  1
10803282983233016275
2 4 3 5 -1  1
10803370249283673870
3 6 4 6 -1  1
10803394509159160263
1 0 2 0 -1  1
10803481247836090298
2 3 6 7 -1  1
10803489666893053758
0 4 0 6 -1  1
10803638700676418545
7 7 7 4 -1  1
10803647407935878950
0 0 0 2 -1  1
10803681738171236931
0 6 1 5 -1  1
10803690553122117461
3 6 2 5 -1  1
10803754106406457753
1 7 2 7 -1  2
2 3 3 3 -1  2
10803867718922032600
0 6 1 7 -1  1
10803879446081317053
7 0 2 0 -1  1
10804031327081580965
1 4 1 1 -1  1
10804118310753586837
0 5 3 2 -1  1
10804175194210704188
0 5 1 3 -1  1
10804276394929749139
2 4 4 2 -1  1
10804368731208563946
1 2 2 4 -1  1
10804439109214854976
0 2 1 3 -1  1
10804660400951476712
1 7 0 7 -1  1
10804695573299946933
0 2 1 3 -1  1
10804947842998664300
2 5 3 5 -1  1
10805031692941227690
0 5 6 5 -1  1
10805110486378176013
3 6 4 5 -1  1
10805114899448549896
2 3 4 5 -1  1
10805148325884189653
4 3 2 2 -1  1
10805344532159166438
2 4 4 2 -1  1
10805440369702205906
3 3 3 4 -1  1
10805487208859345689
0 4 1 4 -1  1
10805487537209759690
2 5 1 3 -1  1
10805833110882875606
5 6 5 7 -1  1
10806029272821027766
3 6 3 0 -1  1
10806063171941158192
1 6 2 5 -1  1
10806102007910342724
0 1 2 0 -1  1
10806108464161933250
1 0 3 0 -1  1
10806306612086943159
4 7 2 5 -1  1
10806587441228563229
0 6 1 6 -1  1
10806815566897647325
1 4 1 3 -1  1
10806931133680840213
4 2 5 2 -1  1
10807196529450306886
0 6 2 7 -1  1
10807241889330354788
3 7 2 6 -1  1
10807309426691384445
3 3 1 3 -1  1
10807563026529350860
4 6 5 4 -1  1
10807873906611351914
7 5 5 7 -1  1
10807912604058260588
0 6 1 6 -1  1
10807966161935277040
2 5 6 5 -1  1
10808046475782294038
6 5 4 5 -1  1
10808097166106339321
1 7 3 7 -1  1
10808429463754333352
1 3 3 3 -1  1
10808460848801400570
4 5 3 5 -1  1
10808638838544353358
1 3 0 2 -1  1
10808809380146010032
7 0 7 4 -1  1
10808872170077518426
2 2 4 3 -1  1
10809101181130988992
3 4 5 5 -1  1
10809147052316333991
3 4 2 5 -1  1
10809157146497574135
2 3 2 4 -1  1
10809471828373023252
1 7 2 7 -1  1
10809614413401331560
0 4 3 4 -1  1
10809757046385966521
0 5 3 2 -1  1
10809884939277142405
3 0 1 2 -1  1
10809993179588142455
3 2 2 3 -1  1
10810252768033620725
1 0 3 0 -1  1
10810582238533990019
3 3 2 2 -1  1
10810820732181316585
2 4 1 4 -1  1
10811038667503271083
4 1 3 2 -1  1
10811127599285993442
0 2 1 1 -1  2
1 4 2 4 -1  1
3 2 4 3 -1  1
10811285096702329012
1 6 2 7 -1  1
10811440130888224872
4 2 5 1 -1  1
4 2 5 2 -1  1
10811850880473762722
0 5 0 3 -1  1
10812071148745633239
1 4 2 5 -1  1
10812101566546879564
4 3 3 1 -1  1
10812309839529209376
1 7 0 6 -1  1
10812315166506292634
2 6 2 5 -1  1
10812389886564167271
0 0 0 4 -1  1
10812656026487239588
5 2 4 4 -1  1
10813179039760198072
4 3 5 1 -1  1
10813316017161623972
1 6 0 5 -1  1
10813517271716527442
0 5 0 4 -1  1
10813761593998755585
1 3 2 2 -1  1
10813765189948580645
1 3 2 1 -1  1
10813845788307370455
4 4 5 3 -1  1
10814112050401869817
2 7 5 4 -1  1
10814457856194503394
2 3 1 3 -1  1
10814543057304695831
2 5 2 1 -1  1
10814812626880613716
0 2 1 1 -1  2
10814814783000686694
0 1 2 2 -1  2
0 6 2 5 -1  1
10814954907503419922
6 4 6 1 -1  1
10815053995168392063
1 3 2 4 -1  1
10815146209288969341
4 6 3 4 -1  1
10815160365915213329
5 6 6 5 -1  1
10815226370176965819
5 3 5 4 -1  1
10815301390079812429
2 4 3 5 -1  1
10815308749525721506
0 2 2 1 -1  1
10815377370727022520
0 6 1 5 -1  1
10815393762758249736
0 3 0 2 -1  1
10815457269725860275
3 3 1 2 -1  1
10815513905064917154
0 4 1 5 -1  1
10815675104491607456
3 2 5 1 -1  1
10815783707722549760
3 1 3 3 -1  1
10815837962872220695
0 3 1 2 -1  1
0 5 2 3 -1  2
10815966139912853965
2 1 3 2 -1  1
10816568074673241787
4 1 1 4 -1  1
10816638446187314081
0 7 0 4 -1  1
10816812654604751306
1 2 1 3 -1  1
10816938109346912187
3 0 4 0 -1  1
10816946660372908137
7 4 7 7 -1  1
10817084094287429108
3 4 2 3 -1  1
10817198323808986391
0 4 0 6 -1  2
10817299633459775657
0 1 0 2 -1  1
10817329939999868883
1 5 2 4 -1  1
10817422285248559983
4 3 5 2 -1  1
10817484958959731507
3 3 4 4 -1  1
10817603457145431696
1 1 6 1 -1  1
10817664822014629637
0 5 1 5 -1  1
10817687990195466830
0 6 1 5 -1  1
10817764823146660465
3 3 4 2 -1  1
10817828146184770768
4 5 0 5 -1  1
10817828275153341699
0 0 0 6 -1  1
10817832412823226210
4 5 6 7 -1  1
10818052066531747860
3 4 3 3 -1  1
10818159459265306513
1 5 1 3 -1  1
10818169692122588582
4 3 3 4 -1  1
10818303134169430345
0 6 1 7 -1  1
10818421216598671160
0 6 2 5 -1  1
10818507856072868036
0 2 6 2 -1  1
10818620442702330368
4 2 4 3 -1  1
10818771852553345086
1 1 2 2 -1  1
10818905506461389741
6 2 7 0 -1  1
10819078070990573086
3 5 6 2 -1  1
10819085239915563232
2 2 4 1 -1  1
10819119850091338710
3 5 4 4 -1  1
10819143813983751657
0 1 1 3 -1  1
10819164579563179078
0 5 1 7 -1  1
10819516453320747151
3 0 7 4 -1  1
10819542445412114863
1 7 2 7 -1  1
10819581752201798561
0 2 2 4 -1  1
10819847148203514668
5 0 6 0 -1  1
10820230486055347326
0 5 0 2 -1  1
10820317065548741945
0 6 0 5 -1  2
10820413831531919301
0 5 0 4 -1  1
10820641596442041347
4 5 5 3 -1  1
10820917544392942776
3 3 4 1 -1  1
10821095583992234597
5 3 5 2 -1  1
10821156902262537093
0 1 3 1 -1  1
10821332153463406536
1 1 2 0 -1  1
10821454040600326123
1 0 3 0 -1  1
10821482538364807627
3 5 4 5 -1  1
10821515845762898282
0 4 0 5 -1  1
10821695898300059256
2 2 3 4 -1  1
10821781949452154992
1 5 3 5 -1  1
10821828275214700344
5 0 7 0 -1  1
10821882260085615896
4 6 4 7 -1  1
10822034118887026912
2 4 4 6 -1  1
10822076182149504765
1 3 3 3 -1  1
10822080301991000449
3 2 4 4 -1  1
10822094177427974783
1 5 2 5 -1  1
10822135004553876776
2 5 3 4 -1  1
10822198610764229347
3 1 4 0 -1  1
10822284110919513791
0 0 0 1 -1  1
10822335541855663972
1 5 1 3 -1  1
10822531567998536149
2 6 2 5 -1  1
10822546156960198300
1 4 2 5 -1  1
10823017633543216709
1 5 2 5 -1  1
10823180207247652610
4 5 5 6 -1  1
10823326496074570789
2 3 2 7 -1  1
10823403824183673431
0 3 1 4 -1  1
10823510940005433852
4 6 6 4 -1  1
10823553744955400764
1 6 2 6 -1  1
10823570367889823336
3 5 4 6 -1  1
10823817135559114838
3 2 5 4 -1  1
10823841070624657175
0 2 4 2 -1  1
10824074909343812450
2 7 3 7 -1  1
10824304329272141833
0 2 1 3 -1  1
10824345679463846755
2 2 3 1 -1  1
10824640921611076241
4 3 5 2 -1  1
10824697942747317989
5 0 6 0 -1  1
10824703065242384189
2 5 3 3 -1  1
10824892833529649100
2 5 3 6 -1  1
10824977810109901674
1 3 3 4 -1  1
10824979390156401125
3 2 4 1 -1  1
10825001668987040308
1 5 2 5 -1  1
10825064613112285947
6 3 3 3 -1  1
10825193112917754575
3 7 4 6 -1  1
10825215678562888435
3 5 5 7 -1  1
10825291675157108975
2 1 5 1 -1  1
10825345512598484540
3 2 4 2 -1  1
10825470621703607614
0 5 0 3 -1  1
10825544970934586714
0 6 3 6 -1  1
10825669645201818882
1 1 2 2 -1  1
10825987277110985175
6 5 5 7 -1  1
10826059786678026394
0 3 1 4 -1  1
10826166627482488565
2 5 3 3 -1  1
10826473600554497117
0 5 1 4 -1  1
10826688409236008750
2 2 4 3 -1  1
10826700121246594353
0 3 0 4 -1  1
10826795693484375679
2 5 5 5 -1  1
10826849087147808006
1 6 3 6 -1  1
10827004806189292073
0 3 1 4 -1  1
0 6 2 5 -1  8
10827011581381097547
1 4 0 5 -1  1
10827197693018580101
2 3 1 3 -1  1
10827233614546774967
7 7 5 5 -1  1
10827289747014797581
1 6 3 6 -1  1
10827344926262783826
0 1 2 2 -1  1
10827423731937069784
4 1 1 1 -1  1
10827470523770320111
2 6 3 4 -1  1
10827547887882653401
0 0 0 2 -1  1
10827655958999425283
1 2 3 0 -1  1
10827805196619207256
3 0 4 0 -1  1
10827913709953245984
1 6 2 6 -1  1
10828191858130738295
0 3 0 1 -1  1
10828243609035200072
5 7 7 7 -1  1
10828442411559192380
1 0 2 0 -1  1
10828480542040563481
2 3 3 2 -1  1
10828549267652796617
2 0 3 0 -1  1
10828551175532284950
0 2 4 6 -1  1
10828721222565971753
1 4 3 4 -1  2
10828728804987044917
4 4 5 4 -1  1
10828742860118827842
0 0 0 3 -1  1
10828766872451379403
1 6 2 7 -1  1
10828898751411045770
0 2 2 2 -1  1
10829202699031166639
6 0 0 0 -1  1
10829321021265000077
1 1 3 1 -1  1
10829490090105514277
3 0 4 0 -1  1
10829501670844334246
3 3 4 3 -1  1
10829601342033372484
1 6 2 6 -1  1
10829693212327829442
2 3 0 1 -1  1
10830212243986899355
1 2 2 1 -1  1
10830303231412277665
3 4 4 4 -1  1
10830606792291197355
1 2 2 2 -1  1
10831113635572563406
2 3 2 5 -1  1
10831266074895044278
1 4 3 3 -1  1
10831359518272360978
1 0 3 0 -1  1
10831436876906025666
1 5 2 4 -1  1
10831478298428895708
6 0 7 0 -1  1
10831638287010858907
4 4 4 5 -1  1
10831807348394242966
3 6 4 5 -1  1
10832087349113298108
0 4 4 4 -1  1
10832310047154555347
2 5 0 4 -1  1
10832496872219764364
1 2 2 2 -1  1
10832569761308128464
4 4 4 3 -1  1
10832627292053046706
5 6 4 5 -1  1
10832755323869408259
0 0 0 5 -1  1
10832942590554921523
2 3 1 4 -1  1
10833141081005543859
3 0 2 1 -1  1
10833298986888434996
5 4 6 4 -1  1
10833631638934503042
4 1 5 3 -1  1
10833684300472054045
4 1 5 1 -1  1
10833743474651892485
5 0 7 0 -1  1
10833976232653427344
0 5 0 3 -1  1
10834139031191695843
0 1 1 1 -1  1
10834285891756665572
3 3 5 3 -1  1
10834387583592648521
2 1 4 3 -1  1
10834776266856986136
5 5 6 4 -1  1
10834889042349078788
2 5 3 3 -1  1
10835040275921781573
4 3 5 3 -1  1
10835415232563952970
2 5 4 4 -1  1
10835419972187474711
2 1 3 1 -1  1
10835438746544185279
2 3 1 3 -1  1
10835710993286232239
3 4 5 3 -1  1
10835936563682919624
1 4 1 6 -1  1
10836109574051818535
2 2 1 4 -1  1
10836211343040300209
1 5 2 5 -1  1
10836601576576315463
1 0 5 0 -1  1
10836645289602022448
2 0 1 2 -1  1
10836676654822505514
5 2 4 3 -1  1
10836811591669586495
1 2 2 2 -1  1
10836942937072600435
6 1 6 2 -1  1
10837123874398004632
1 3 2 5 -1  1
10837162973874203443
4 4 3 6 -1  1
10837473726245076721
1 1 3 1 -1  1
10837544875674414582
0 6 1 7 -1  1
10837618240885709517
2 6 3 5 -1  1
10837801299797649066
0 4 2 4 -1  1
10838086687784922775
1 6 2 6 -1  1
10838234371977632669
1 6 2 7 -1  1
10838380783050210909
4 0 5 0 -1  1
10838608848416805332
0 4 0 6 -1  1
10838783821575035433
0 2 2 4 -1  1
10839252393862869619
1 2 1 4 -1  1
10839342500479329157
1 7 2 5 -1  1
10839400720913771761
1 2 2 1 -1  1
10839431116518143296
2 6 1 6 -1  1
2 6 3 5 -1  1
10839464066336671406
3 2 0 5 -1  1
10839828409662607345
3 2 1 3 -1  1
10840052702115202632
4 6 5 4 -1  1
10840121909515616512
2 3 4 5 -1  1
10840278276044913650
3 2 4 2 -1  1
10840748771529758444
7 1 7 4 -1  1
10840920142208289730
1 0 2 0 -1  1
10840981981085206571
1 5 3 5 -1  1
10841996137167074860
1 3 3 4 -1  1
10842076946909481916
0 1 1 3 -1  1
0 2 1 3 -1  3
10842130163982739906
2 4 3 3 -1  1
10842245851401750895
0 3 2 5 -1  1
10842305559765905622
5 6 1 6 -1  1
10842332757942848686
0 3 0 6 -1  1
10842412991528258504
3 0 4 0 -1  1
10842426060139425799
1 1 2 1 -1  1
10842706634309186185
3 4 2 4 -1  1
10842833389352907715
1 7 3 7 -1  1
10842888972696284284
1 4 3 2 -1  1
10843205042338793512
2 5 0 3 -1  1
10843246560398040676
6 2 3 5 -1  1
10843257761580001380
2 6 3 4 -1  1
10843406548819824663
2 5 1 6 -1  1
10843422963260915820
1 2 3 3 -1  1
10843527707011506844
2 5 4 4 -1  1
10843539505428296926
0 1 1 3 -1  1
10843547717825596140
2 4 2 3 -1  1
10843734226791196834
1 0 2 0 -1  1
10843758464328027240
1 2 2 1 -1  1
10843785194179996308
1 0 3 0 -1  1
10843875736881209335
2 6 3 5 -1  1
10844205187343063516
0 5 1 6 -1  1
10844210540092251356
2 5 1 3 -1  1
10844537081927772366
3 0 2 1 -1  1
10844563267865298587
1 6 3 6 -1  1
10844580271727837135
2 5 1 4 -1  1
10844832376306289827
2 2 4 1 -1  1
10844854367839523995
1 6 1 5 -1  1
10844901678349789752
4 7 5 6 -1  1
10845153850283461946
0 5 0 3 -1  1
10845199638930588766
3 5 2 6 -1  1
10845250140251400512
4 5 5 7 -1  1
10845258488474802568
0 1 2 0 -1  1
10845453505564425631
2 1 3 3 -1  1
10845468162893946370
3 5 3 6 -1  1
10845651464872093671
2 4 3 4 -1  1
10845654311081321308
1 3 3 3 -1  1
10845778830710032266
2 5 3 3 -1  1
10845883798545803733
0 7 1 7 -1  1
10846172100565091466
3 0 4 0 -1  1
10846328129695751999
2 5 6 1 -1  1
10846438473137639660
1 5 0 6 -1  1
10846597031428725429
3 4 5 3 -1  1
10846602074137266587
6 5 5 6 -1  1
10846740838697494267
1 3 1 2 -1  1
10846761329591931559
5 7 3 6 -1  1
10846913294380892532
1 4 2 3 -1  1
10846931533699004657
3 4 4 4 -1  1
10846949542213471287
2 1 1 3 -1  1
10846983691711287890
1 4 3 4 -1  2
10847218312562589278
0 1 0 5 -1  1
10847252700910328334
0 1 0 2 -1  1
10847311184585462737
0 4 2 2 -1  1
10847312617905567807
0 2 2 4 -1  1
10847347420485425382
0 4 0 1 -1  1
10847549931508359556
4 7 5 7 -1  1
10847723847787912841
3 3 2 2 -1  1
10847757816692130992
1 2 3 2 -1  1
10848201904527568193
2 5 0 5 -1  1
10848339345878767472
1 3 2 3 -1  1
10848442257114999800
6 2 5 3 -1  1
10848627038849030392
3 0 4 1 -1  1
10848655110268941333
2 2 3 4 -1  1
10848690342097976354
1 2 3 2 -1  1
10848740528307328769
3 7 5 6 -1  1
10848966959128642481
3 6 4 7 -1  1
10849123559995108101
0 4 0 7 -1  1
10849251191818253511
0 6 0 4 -1  1
10849283949994375838
1 7 2 6 -1  1
10849356964849433831
3 7 3 5 -1  1
10849540107314115165
0 3 1 3 -1  1
10849612707754712598
1 2 2 3 -1  1
10849742105590003084
1 4 1 5 -1  1
10849763068463189012
4 3 4 2 -1  1
10849838588175523629
3 7 4 7 -1  1
10849892441282166901
1 2 2 4 -1  1
10849927844747590358
0 6 5 6 -1  1
10849977448594946184
1 0 2 0 -1  1
10850136014320683185
0 3 0 4 -1  1
10850231715772859423
1 2 2 1 -1  1
10850256512782302825
7 2 7 3 -1  1
10850461202097315840
3 4 4 5 -1  1
10850659093089055399
0 2 2 4 -1  1
10850855273395840847
3 7 4 7 -1  1
10850868986849163725
3 4 4 4 -1  1
10850893699476080495
2 3 1 4 -1  1
10851145226845796902
4 5 5 4 -1  1
10851249707114089148
0 0 0 3 -1  1
10851283299895962553
2 5 3 4 -1  1
10851481556962288722
0 4 0 7 -1  1
10851835174961935452
2 4 3 4 -1  1
10851907220620802398
2 5 3 5 -1  1
10852046186175787090
0 2 4 6 -1  2
10852115450200795346
1 2 2 1 -1  1
10852293284588405196
1 6 0 7 -1  1
10852336214631054409
2 4 1 5 -1  1
10852459292895234966
3 2 2 2 -1  1
10852542647345141061
1 4 2 4 -1  1
10852895462245894683
1 4 2 6 -1  1
10852932954503987880
0 4 3 4 -1  1
10852947007965153213
3 3 4 3 -1  1
10853000469190468121
0 6 2 5 -1  1
10853184524296638501
5 6 6 6 -1  1
10853611534303611878
0 2 6 2 -1  1
10853680705957429312
0 3 1 3 -1  1
10853696661036728031
1 1 3 1 -1  1
10854145307486121993
1 5 2 5 -1  1
10854405734233617634
4 0 5 2 -1  1
10854584949994385835
6 3 5 3 -1  1
10854744430455196229
1 2 3 1 -1  1
10855136505498486329
1 3 3 2 -1  1
10855391431785947605
2 4 1 3 -1  1
10855412421390725898
3 3 4 4 -1  1
10855619019149616730
0 0 0 2 -1  1
10855659278993157424
5 2 2 5 -1  1
10856387006206012975
1 0 2 1 -1  1
10856581580679156980
2 2 0 3 -1  1
10856728839376527742
3 6 4 6 -1  1
10856880402125757593
0 3 1 2 -1  2
0 6 1 4 -1  1
10856949837611388485
2 4 3 4 -1  1
10857192160252572576
3 4 2 2 -1  1
10857263191602324210
2 6 3 7 -1  1
10857268899605981538
1 6 5 2 -1  1
10857291179520555506
3 3 7 3 -1  1
10857320292674597947
3 7 4 6 -1  1
10857445623056647358
0 4 0 2 -1  1
10857522213948995928
4 0 5 0 -1  1
10857559520448202815
1 2 2 1 -1  1
10857763097834726249
2 5 4 4 -1  1
10857837768388268391
0 0 0 4 -1  1
10857859833928712360
4 6 5 6 -1  1
10857961265007069474
1 0 3 0 -1  1
10858011607869247206
2 5 4 4 -1  1
10858064824119255365
3 5 4 5 -1  1
10858130713307210846
3 4 4 2 -1  1
10858176431077187906
3 2 6 2 -1  1
10858242850584170856
0 5 0 2 -1  1
10858336080200361149
0 0 0 1 -1  1
10858673473783409914
2 1 1 2 -1  1
10858694833824081718
5 0 5 3 -1  1
10858759287349666285
0 6 2 5 -1  1
10858761381332473350
1 4 2 4 -1  1
10859006178638722600
2 4 0 5 -1  2
10859097261937256484
1 2 2 0 -1  1
10859307157307487650
4 1 3 0 -1  1
10859553194817482176
1 5 0 6 -1  1
10859566830969743576
1 0 3 0 -1  1
10859665617289979392
1 5 2 4 -1  1
10859760234154612602
1 3 2 1 -1  1
10859836154052299975
0 2 2 4 -1  1
10860039752104670308
2 6 2 7 -1  1
10860111115223001304
0 6 1 6 -1  1
10860208181311430601
2 6 3 6 -1  1
10860213155635207144
3 2 2 4 -1  1
10860324173839560473
2 1 2 3 -1  1
10860361723423094651
1 4 2 4 -1  1
10860678994110253441
0 3 1 2 -1  1
10860991794806535492
1 3 2 5 -1  1
10861092799964371805
0 3 3 3 -1  1
10861436037660622751
1 3 3 1 -1  1
10861444763065708976
2 3 1 4 -1  1
10861552996044822892
2 6 5 3 -1  1
10861571932100766223
1 5 3 5 -1  1
10861678836753478530
0 2 0 0 -1  1
10862160628605558979
2 4 3 4 -1  1
10862322820578221812
2 5 4 6 -1  2
10862466205209108133
4 7 5 6 -1  1
10862553934599740326
6 5 3 5 -1  1
10862717733601778897
0 6 1 5 -1  1
10862736276229578824
2 5 1 6 -1  1
10862787910896860718
1 1 2 1 -1  1
10862851152403131186
3 5 4 4 -1  1
10863039867600428736
6 2 7 2 -1  1
10863301091127395727
1 4 2 5 -1  1
10863357423732081222
0 0 0 1 -1  1
10863540520406241944
1 3 2 1 -1  1
10863572251356532874
2 4 3 3 -1  1
10863668202599280139
0 1 2 0 -1  1
0 5 0 2 -1  1
10863685271632899514
0 3 0 2 -1  1
10864034408039192791
3 6 4 5 -1  1
10864373354204392137
0 6 0 7 -1  1
10864422052120336622
4 0 6 0 -1  1
10864984742408436753
2 3 3 3 -1  1
10865085715445888549
1 5 2 5 -1  1
10865194442070417587
2 5 3 3 -1  1
10865363581543420334
2 3 3 4 -1  1
10865505577886498829
4 7 2 7 -1  1
10865558473961766593
3 3 4 4 -1  1
10865617509652621009
2 7 3 7 -1  1
10866270880164606165
6 7 7 7 -1  1
10866404524236478617
1 5 1 6 -1  1
10866513191657549176
2 7 3 7 -1  1
10866581630125107615
4 5 6 6 -1  2
10866738395666643049
3 5 4 5 -1  1
10866770434962668980
0 4 7 4 -1  1
10866913826275211553
4 1 3 3 -1  1
10867252856101318476
4 7 5 7 -1  1
10867576082544611470
3 2 3 5 -1  1
10867641482981663505
0 5 1 3 -1  1
10867751628894466063
0 3 0 2 -1  1
10867774214942126743
4 4 5 5 -1  1
10867862837983582775
3 5 5 4 -1  1
10868154267383076697
4 5 6 4 -1  1
10868177271768594185
4 7 6 5 -1  1
10868224723909286221
4 4 7 4 -1  1
10868414697299319273
6 1 6 3 -1  1
10868648787298655075
4 3 3 1 -1  1
4 3 3 5 -1  1
10869127291130726811
1 1 2 2 -1  1
10869396783435069302
5 0 6 0 -1  1
10869511742270318687
1 4 0 2 -1  1
10869576259608580374
2 2 3 2 -1  1
10869741212022535641
1 5 3 5 -1  1
10869766838756599501
2 5 3 6 -1  1
10869804655298333675
0 0 0 2 -1  1
10869834332669916829
0 4 3 4 -1  1
10869869849262228876
0 5 1 6 -1  1
10869909353358156495
1 3 3 2 -1  1
10869980764156262566
2 4 5 7 -1  1
10870104300640579798
6 2 2 6 -1  1
10870370810589903232
4 4 3 6 -1  1
10870376209754859491
2 2 3 4 -1  1
10870520181135863576
3 2 4 2 -1  1
10870557678825402853
4 4 5 4 -1  1
10870657840758091999
0 5 3 2 -1  1
10870859444248989608
3 5 4 5 -1  1
10870872692560062357
3 5 4 5 -1  1
10870908518197808158
0 2 1 3 -1  1
10870939297599979671
0 0 0 5 -1  1
10871050510715399634
3 3 2 4 -1  1
10871453290908789387
6 3 6 4 -1  1
10871588446597630629
1 0 3 0 -1  1
10872147266035170922
2 3 1 2 -1  1
10872188549019043288
1 3 3 3 -1  1
10872228284788839154
3 5 1 3 -1  1
10872431609060632379
5 4 6 4 -1  1
10872565881944738301
2 2 3 4 -1  1
