1066736013652216130
6 1 6 0 -1  1
1066969659044281129
2 2 3 4 -1  1
1067122340936370297
0 0 7 0 -1  1
1067151014614195176
2 5 4 4 -1  1
1067158423021398935
3 3 2 3 -1  1
1067181351440236524
3 5 4 4 -1  1
1067230002635677599
2 4 3 4 -1  1
1067404858654259185
1 5 2 5 -1  1
1067480316609907555
3 0 0 3 -1  1
1067603156590141981
0 2 4 6 -1  1
1067821685227117150
4 6 2 5 -1  1
1067850094518587175
5 4 6 5 -1  1
1067911423318693576
5 7 5 6 -1  1
1067976189480131849
5 0 6 0 -1  1
1068186938365229069
2 4 1 3 -1  1
1068356366215519569
0 6 1 6 -1  1
1068361229206168057
0 4 1 5 -1  1
1068431878023728686
1 4 4 1 -1  1
1068566936247121203
0 4 0 6 -1  1
1068571498583314410
0 5 1 6 -1  1
1068643784005734094
3 5 4 6 -1  1
1068692575710436669
3 3 4 2 -1  1
1069027176661321311
3 7 1 5 -1  1
1069443279219545252
4 3 3 5 -1  1
1069743154622300403
0 4 1 4 -1  1
1069908862847965353
2 5 1 3 -1  1
1069937960879470619
3 4 4 5 -1  1
1069977998535975238
3 4 5 3 -1  1
1069985817728529481
0 6 0 7 -1  1
1070199393731079732
1 7 0 6 -1  1
1070517696073420937
0 4 3 4 -1  1
1070551748006043187
4 6 2 4 -1  1
1070774377009373307
1 7 2 7 -1  1
1070968266178845094
3 1 4 1 -1  1
1071228640933238385
2 1 3 1 -1  1
1071334034648019304
0 1 2 0 -1  1
1071415922123870769
2 5 3 3 -1  1
1071421312865086053
3 5 4 6 -1  1
1071558157675554602
2 1 3 1 -1  1
1071569573671816973
4 0 3 2 -1  1
1071612049590166649
1 7 3 7 -1  1
1071792651266673658
2 2 0 3 -1  1
1072197639492561085
0 4 1 4 -1  1
1072267645482392829
3 0 4 0 -1  1
1072326152508481826
5 7 5 0 -1  1
1072352171467497271
1 4 3 5 -1  1
1072689854708134379
6 2 3 2 -1  1
1072718685098179655
3 3 1 1 -1  1
1072765523084788022
2 2 3 2 -1  1
1072807925170514395
2 7 3 5 -1  1
1072837756540479027
0 2 3 2 -1  1
1072947466185464062
2 7 0 6 -1  1
1072988376061693129
1 4 3 4 -1  1
1073001569334031495
0 1 6 1 -1  1
1073063210428424236
0 4 0 6 -1  1
1073102736482657825
6 6 4 6 -1  1
1073230395284579690
2 5 1 3 -1  1
1073507740360712697
6 3 5 2 -1  1
1073645622397307907
0 5 0 4 -1  1
1073719015929517287
3 5 4 6 -1  1
1073774881653810530
1 7 2 7 -1  1
1073921030878460397
0 5 0 4 -1  1
1073997045553469381
3 1 4 1 -1  1
1074176855067557371
1 2 3 1 -1  1
1074362474562062841
2 3 3 3 -1  1
1074505520681600896
2 1 1 3 -1  1
1074744366687610331
4 5 5 6 -1  1
1075266243088649549
0 4 0 3 -1  1
1075286124115247357
1 4 2 3 -1  1
1075589082353693442
5 4 6 6 -1  1
1075746358478094224
3 6 4 5 -1  1
1076070448604183622
2 3 2 2 -1  1
1076108400936139953
3 2 4 2 -1  1
1076478750375486508
1 0 0 2 -1  1
1076749847092050941
4 2 7 2 -1  1
1076809559383406391
2 2 4 3 -1  1
1077022175244591599
2 2 3 3 -1  1
1077090718914103743
2 5 4 7 -1  2
1077248919710925046
0 4 3 4 -1  1
1077267966396765971
2 3 0 3 -1  1
1077391026313457960
0 0 2 0 -1  1
1077408417120432654
2 2 1 4 -1  1
1077492177505124369
1 4 2 3 -1  1
1077531255374233293
1 2 2 3 -1  1
1077542887546854125
1 4 2 3 -1  1
1077582442257255946
4 4 2 3 -1  1
1077736341576069408
3 3 3 5 -1  1
1077938085281714777
1 0 2 0 -1  1
1078046516668246748
2 6 3 6 -1  1
1078141368372746976
1 3 3 2 -1  1
1078217505604064258
3 3 3 5 -1  1
1078294438603957248
0 2 0 1 -1  1
2 4 4 6 -1  2
1078375383608317693
5 3 4 4 -1  1
1078404690450418185
3 0 4 0 -1  1
1078703705805042430
4 5 5 6 -1  1
1078710091794042064
3 6 4 6 -1  1
1078712873059756451
0 0 0 4 -1  1
1078887148260649248
1 3 4 6 -1  1
1079216880702519550
4 7 4 0 -1  1
1079903298957727041
0 5 1 4 -1  1
1080180726063391614
1 3 0 4 -1  1
1080261877386263597
2 2 4 3 -1  1
1080389192610128412
1 7 3 7 -1  1
1080413831887171064
4 1 6 3 -1  1
1080727303426434796
2 4 3 4 -1  1
1080762663412323259
2 0 3 1 -1  1
1080791811502476907
1 5 3 5 -1  1
1080843118881220090
1 6 2 5 -1  1
1081034742496380913
4 0 6 2 -1  1
1081200451961933176
0 1 0 0 -1  1
1081318626995209213
1 5 2 6 -1  1
1081423856700353792
2 2 4 3 -1  1
1081555254083580138
2 6 2 2 -1  1
1082040568604902171
1 1 3 1 -1  1
1082191492108333436
1 4 2 5 -1  1
1082219424475145105
4 6 6 4 -1  1
1082301428056097861
2 6 3 6 -1  1
1082578256232529850
1 5 3 5 -1  1
1082701209407532564
1 4 2 4 -1  1
1082750110774491951
0 3 3 0 -1  1
1082923366587656713
3 4 4 4 -1  1
1083063441020717482
1 0 1 7 -1  1
1083063857522095249
3 3 3 6 -1  1
1083101545536760177
7 7 4 4 -1  1
1083219441864856521
6 4 5 2 -1  1
1083425563278730290
0 0 0 1 -1  1
1083695622044183038
3 4 3 5 -1  1
1083819925699537838
1 3 2 4 -1  1
1083929500109327903
6 3 7 1 -1  1
1084441513086206035
3 2 4 3 -1  1
1084518551148572859
0 5 2 5 -1  1
1084650946569834261
1 5 2 4 -1  1
1084721714897380746
4 2 4 1 -1  1
1085125118905575641
7 3 6 3 -1  1
1085222427314187650
0 5 1 6 -1  1
1085248271337949503
3 6 3 0 -1  1
1085265167678673503
0 3 1 4 -1  1
1085323720880470321
1 4 2 3 -1  1
1085899161653422194
0 4 6 4 -1  1
1085984272626237733
0 5 0 4 -1  1
1086066268668061780
0 3 1 4 -1  1
1086141025791645495
2 6 1 4 -1  1
1086193416821992593
0 6 1 7 -1  1
1086223558872159683
0 6 1 6 -1  1
1086401578220445455
2 6 2 3 -1  1
1086573494903933327
1 3 1 4 -1  1
1086590237903947151
0 4 0 6 -1  3
1086722874414034662
7 1 6 1 -1  1
1086844230040763017
3 6 4 5 -1  1
1087208438822568346
0 2 1 2 -1  1
1087281258870135537
0 6 1 5 -1  1
1087303763621091745
0 6 2 5 -1  1
1087367100281252895
0 6 6 6 -1  1
1087398274476502922
2 6 1 4 -1  1
1087498607045355757
3 6 2 4 -1  1
1087712720761357568
3 4 4 4 -1  1
1087764227996172670
2 5 3 5 -1  1
1087765292012405061
0 4 0 5 -1  1
1087852704266664163
4 4 2 5 -1  1
1088040089122334931
0 0 6 0 -1  1
1088094547024457506
3 1 4 1 -1  1
1088504908762265173
2 4 5 1 -1  1
1088840198142051021
1 0 3 0 -1  1
1088988709105002199
2 2 4 2 -1  1
1089122388495642154
1 6 2 5 -1  1
1089547968927022927
6 6 4 7 -1  1
1089708772052513848
1 5 0 5 -1  1
1089801328869127313
2 4 3 4 -1  1
1089850859769718688
2 1 4 3 -1  1
1090068291851132332
3 2 4 1 -1  1
1090190762456825575
0 3 1 2 -1  1
1090755576511208785
2 4 1 3 -1  1
1090779064831773680
0 0 0 3 -1  1
1090829820605625795
0 4 0 6 -1  1
1091160170447797295
3 3 4 2 -1  1
1091205675035374249
1 5 2 4 -1  1
1091229225883890793
2 3 4 5 -1  1
1091269122934814952
2 0 4 2 -1  1
1091454495981120688
0 4 7 4 -1  1
1091476714804479466
1 5 2 5 -1  1
1091725611970865328
1 2 3 2 -1  1
1091759086403385337
0 6 0 7 -1  1
1091794481523154496
2 4 3 3 -1  1
1091808414236197931
1 2 2 2 -1  1
1092414149576090340
3 3 5 2 -1  1
1092578592013996027
1 5 2 5 -1  1
1092784315872688835
0 4 0 6 -1  1
1092818347963524790
3 4 3 2 -1  1
1092881376032400098
7 6 6 7 -1  1
1092898720731316680
2 2 1 4 -1  1
1093121137432238103
0 6 3 6 -1  1
1093240665929922359
3 1 4 1 -1  1
4 0 0 0 -1  1
1093293929490057716
0 3 3 6 -1  1
1093305853487785817
4 6 2 5 -1  1
1093465681792298941
0 4 0 3 -1  1
1093845300216554242
0 5 1 5 -1  1
1094053890928175963
3 2 2 3 -1  1
1094204968605221538
5 3 3 4 -1  1
1094398097180361326
0 5 0 2 -1  1
1094408721487793755
1 3 1 2 -1  1
1094522528681766206
3 5 4 4 -1  1
1094897167769544931
6 7 2 3 -1  1
1094985217986352047
1 0 3 0 -1  1
1095268083276209629
0 5 1 4 -1  1
1095602276773342699
0 1 3 1 -1  1
1095818404660255178
2 5 2 6 -1  1
1095869570127138712
2 4 4 6 -1  1
1095960354287105822
0 5 2 3 -1  1
1096634186650619204
3 2 4 1 -1  1
1097052262415527420
2 5 3 5 -1  1
1097070182297485931
2 7 3 7 -1  1
1097317012268732869
2 6 3 6 -1  1
1097456867204461991
3 2 4 2 -1  1
6 6 7 6 -1  1
1097535512668499161
6 0 6 1 -1  1
1097801114168428247
1 7 2 7 -1  1
1097901028733164698
1 7 2 7 -1  1
1097936364571441070
0 3 1 2 -1  1
1098019123721312991
0 5 2 3 -1  1
1098136978146549896
0 0 0 1 -1  1
1098591495225177206
2 3 3 2 -1  1
1098646766161001454
1 4 3 6 -1  2
1098723599368932678
3 4 4 4 -1  1
1098798655676773495
0 1 1 3 -1  1
1098932362916146361
1 7 3 7 -1  1
1099005811903877041
0 1 5 1 -1  1
1099140214604284722
0 6 1 6 -1  1
1099241364914592636
1 3 1 2 -1  1
1099288076601240138
1 1 2 2 -1  1
1099376405787535100
2 5 4 6 -1  1
1099875185535349098
0 3 1 2 -1  1
1099932132079741041
0 5 0 4 -1  1
1099984138459704518
3 7 3 1 -1  1
1100002886013031883
0 4 0 6 -1  2
1100129737460647562
6 2 7 3 -1  1
1100969591334363922
0 1 2 1 -1  1
1101089683082969322
3 7 4 7 -1  1
1101159765035415404
0 4 0 6 -1  1
1101175545268893190
2 5 4 4 -1  7
1101232443223855310
0 4 4 4 -1  1
1101442752590839346
1 5 2 5 -1  1
1101543982913843112
1 6 3 6 -1  1
1101576887312545216
1 5 0 4 -1  1
1101643822319647118
0 1 2 2 -1  1
1101661801308590528
1 2 1 3 -1  1
1101791253744142810
3 3 1 5 -1  1
1101825920809190599
0 3 2 5 -1  1
1101927216187045643
2 5 5 2 -1  1
1102501658452840294
2 0 3 0 -1  1
1102508134940518326
1 4 2 2 -1  1
1102594620507144237
1 4 2 4 -1  1
1102597325738846257
0 0 0 3 -1  1
1102744348846847616
3 0 4 1 -1  1
1102891306845788906
2 4 4 3 -1  1
1102938174882111085
4 5 6 4 -1  1
1102974378358893728
0 2 3 5 -1  1
1103172919424263368
0 3 0 0 -1  1
1103284289683504339
2 4 6 4 -1  1
1103553807752452303
4 1 2 2 -1  1
1103631005501780022
0 4 5 4 -1  1
1104155098117770125
0 3 7 3 -1  1
1104246389440586286
1 0 2 0 -1  1
1104370651424193505
2 4 1 3 -1  1
1104519711142721778
0 5 0 3 -1  1
1105138882272139977
5 0 0 0 -1  1
1105449953415667478
5 7 0 2 -1  1
1105579232604848377
0 4 3 4 -1  1
1105600283394721662
0 5 0 4 -1  1
1105611642775149932
0 3 7 3 -1  1
1105617775988400866
0 3 2 3 -1  1
1105787773491801672
5 7 4 6 -1  1
1105830732513682143
2 4 2 2 -1  1
1106045725155377687
6 0 7 0 4  1
1106214409957325842
0 0 0 2 -1  1
1106285030071892500
0 7 3 7 -1  1
1106353316646729198
3 5 4 5 -1  1
1106365773240644404
3 4 4 4 -1  1
1106409679418478801
4 5 4 4 -1  1
1106551061728821624
1 1 3 1 -1  1
1106739941442300459
2 7 3 5 -1  1
1106815156133352954
2 2 4 2 -1  1
1106815612849238312
0 3 1 3 -1  1
1107008636343547550
1 6 0 5 -1  1
1107012289269015363
0 6 1 6 -1  1
1107118777853792060
4 0 5 0 -1  1
1107263920325768869
2 4 3 3 -1  1
1107325811796053144
1 3 0 5 -1  1
1107479395044869960
6 5 6 1 -1  1
1107573726943102100
3 4 4 3 -1  1
1107682667844054850
2 5 0 3 -1  1
1107745869236859809
0 3 4 3 -1  1
1108129717103253224
4 5 6 4 -1  1
1108138831237350135
4 7 2 5 -1  1
1108315381172720268
4 7 5 7 -1  1
1108570958306935984
1 3 0 4 -1  1
1108646907480250576
0 4 0 6 -1  1
1108735696792100913
2 0 7 5 -1  1
1108784098594298291
4 6 3 7 -1  1
1108808737059326749
1 6 2 6 -1  1
1108934206804001553
0 2 2 4 -1  1
1108978339657847722
2 2 2 4 -1  1
1109058094902546703
1 7 2 7 -1  1
1109089677360149354
1 6 0 5 -1  1
1109123342413923324
2 5 4 4 -1  1
1109186034815004786
1 3 2 3 -1  1
1109517228146788932
6 6 5 5 -1  1
1109616869546153636
2 6 3 7 -1  1
1110192877361683195
1 3 3 4 -1  1
1110238209689467635
1 3 4 0 -1  1
1110432935859859386
5 4 5 1 -1  1
1110504574695233953
1 6 2 6 -1  1
1110511581986447160
1 7 3 7 -1  1
1110700453556545122
0 6 1 6 -1  1
1110910094215430118
0 2 3 5 -1  1
1110926676523899293
2 4 2 5 -1  1
1110942247205488865
3 2 4 3 -1  1
1111064443375020089
1 0 3 0 -1  1
1111349330552128832
0 1 1 0 -1  1
1111523394870822607
4 3 3 5 -1  1
1111780467194528181
2 4 4 3 -1  1
1111849600137563068
6 3 4 2 -1  1
1112042893160295989
0 2 1 1 -1  1
1112054954953368493
3 7 2 6 -1  1
1112200825856817548
1 1 3 3 -1  1
1112404765215334370
1 5 1 4 -1  1
1112407659355080062
2 5 3 7 -1  1
1112419721265282932
3 3 4 2 -1  1
1112627944752265820
4 4 2 3 -1  1
1112816050189141158
1 0 2 0 -1  1
1112880340491355721
5 6 5 7 -1  1
1112953482853286951
6 0 7 0 -1  1
1113046609805019448
2 5 6 5 -1  1
1113072311175133666
1 6 3 6 -1  1
1113200392265704845
5 7 1 3 -1  1
1113316325825759377
2 5 2 3 -1  1
1113715908319304581
0 3 1 3 -1  1
1113885129764193307
0 5 0 4 -1  1
1113929027310482622
3 4 7 4 -1  1
1113982891416945613
3 3 4 3 -1  1
1113985031667264882
0 4 0 6 -1  2
1114730962663729244
4 6 5 7 -1  1
1114746589933075983
0 4 1 4 -1  1
1115011726528914815
1 2 5 2 -1  1
1115364034813852443
1 2 2 2 -1  1
1115440080244539979
4 1 1 4 -1  1
1115493349664612948
6 1 5 2 -1  1
1115633910548736419
2 4 3 5 -1  1
1115764847292013300
3 5 2 4 -1  1
1115794891745718878
0 3 1 1 -1  1
1115819448498499573
2 1 1 3 -1  1
1116478872788524881
0 4 0 6 -1  1
1116519508582075357
2 5 3 6 -1  1
1116788806450054451
0 4 0 6 -1  1
1116940995792046599
2 4 3 4 -1  1
1117134900391457877
3 7 4 5 -1  1
1117141128135789891
0 2 7 2 -1  1
1117311247193852935
2 2 4 3 -1  1
1117487544245048939
0 0 0 2 -1  1
1117498239754835755
1 7 2 7 -1  1
1117598154815928906
0 4 0 3 -1  1
1117743656006022843
2 4 1 3 -1  1
1117750017970681811
2 4 3 4 -1  1
1118454185136517557
1 7 2 7 -1  1
1118552396554542020
3 3 4 3 -1  1
1118680548232022509
4 1 2 2 -1  1
1118684118385530332
2 4 3 4 -1  1
1118722878811799403
1 6 2 6 -1  1
1118731576546352679
1 2 0 3 -1  1
1118740371143307376
2 3 4 1 -1  1
1118773384421232931
2 5 2 2 -1  1
1118898335179933409
1 5 3 5 -1  1
1118908032733777510
0 0 0 2 -1  1
1119003954034843381
0 4 0 3 -1  1
1119093397903415630
1 6 2 6 -1  1
1119432976406531619
4 3 3 1 -1  1
1119630153174410307
6 4 6 0 -1  1
1120023466453261665
2 6 3 7 -1  1
1120032381028565847
3 4 0 4 -1  1
1120259972542989954
0 5 2 3 -1  1
0 5 4 1 -1  1
1 2 2 2 -1  1
1 2 3 2 -1  1
1 6 2 6 -1  1
1120295388880808745
1 6 2 6 -1  1
1121019337702264820
3 7 4 7 -1  1
1121214184638333366
1 3 1 2 -1  1
1121324411229727713
0 2 0 0 -1  1
1121611504474562108
2 4 0 2 -1  1
1121663303728722116
3 6 1 4 -1  1
1121899402282243220
1 6 1 5 -1  1
1121992954850207957
4 1 5 3 -1  1
1122095167844624842
3 3 2 5 -1  1
1122381575009554910
2 1 5 4 -1  1
1122513079130842392
1 1 2 1 -1  1
1122630857400548982
5 1 6 1 -1  1
1122938083480843161
1 4 3 2 -1  1
1123132782224283789
3 1 6 1 -1  1
1123434697123664099
2 1 7 1 -1  1
1123475825127289392
3 4 4 6 -1  1
1123917237904627782
0 2 1 3 -1  1
1124172897376456462
1 3 3 4 -1  1
1124222521152556768
0 0 0 2 -1  1
1124249697848242026
1 5 2 5 -1  1
1124339309710296756
3 6 4 6 -1  1
1124390224282145779
3 3 4 1 -1  1
1124452736335266855
0 3 1 2 -1  1
1124495235933786221
3 2 4 3 -1  1
1124870165516428874
2 4 0 4 -1  1
1124884929991985163
2 1 1 0 -1  1
1125007772827616573
1 2 3 2 -1  1
1125080611313097376
4 3 5 4 -1  1
1125178900447712872
2 3 4 5 -1  1
1125304492134601883
1 1 4 4 -1  1
1125423043641299542
1 3 3 4 -1  1
1125493863209590959
1 2 2 1 -1  1
1125600358612211393
3 3 5 2 -1  1
1125662137292773146
5 6 4 5 -1  1
1125672693686461927
0 3 2 1 -1  1
1125703974145394647
3 4 2 4 -1  1
1125759958107627612
0 6 1 6 -1  1
1126135306626148413
2 5 1 3 -1  1
1126269140416377754
2 2 6 2 -1  1
1126672439234858729
6 3 5 3 -1  1
1126943571404007447
0 5 0 3 -1  1
1127049547153734123
0 2 1 1 -1  1
1127080725228420811
1 7 1 6 -1  1
1127129998293262777
0 5 0 3 -1  1
1127164144932106123
0 1 0 0 -1  1
1127165410294623083
1 0 1 6 -1  1
1127277489104102112
6 0 6 5 -1  1
1127348488989968701
5 3 4 2 -1  1
1127450575901783345
0 4 0 0 -1  1
1127507403096061461
5 3 6 5 -1  1
1127511118010495142
2 7 3 5 -1  1
1127640093254244490
2 7 3 7 -1  1
1127665540210151286
0 2 0 3 -1  1
1127731462442703731
7 5 2 5 -1  1
1127779650378064953
5 4 4 5 -1  1
1127865607971557799
1 4 2 4 -1  1
1128049548620711999
0 4 5 4 -1  1
1128115731644643861
0 1 0 2 -1  1
1128293223149416018
1 2 2 4 -1  1
1128419508473022497
2 5 4 4 -1  1
1128536956545086982
0 2 1 1 -1  1
1128650055896395989
0 0 2 0 -1  1
1128722616152063531
0 1 1 3 -1  1
1128799075608240274
4 4 2 3 -1  1
1128820273495897600
0 5 2 3 -1  1
0 6 2 5 -1  5
1 6 2 6 -1  3
1128825886516365798
1 5 2 4 -1  1
1128936306241896784
1 3 3 1 -1  1
1128977847760638052
2 4 4 5 -1  1
1129184330253454016
0 3 1 2 -1  1
1129575275124258500
3 2 4 1 -1  1
1129708875205289688
0 2 0 0 -1  1
1129773310230266203
1 7 2 7 -1  1
1129870077647344418
6 4 7 3 -1  1
1130098299165092402
3 0 4 0 -1  1
1130518118445268612
0 6 0 5 -1  1
1130542685324421475
4 4 4 5 -1  1
1130651608477018599
3 4 4 5 -1  1
1130862209397469084
0 3 0 4 -1  1
1131131530665025998
2 5 3 5 -1  1
1131217011526581476
2 1 5 4 -1  1
1131431128790421633
1 0 3 0 -1  1
1131492162785194843
0 4 0 6 -1  1
1131628135486209774
0 0 0 2 -1  1
1131789909636938136
0 0 6 0 -1  1
1131792745178643451
1 3 1 4 -1  1
1131976089656311843
6 2 6 0 -1  1
1132171215723592645
2 1 4 3 -1  1
1132270788479114827
4 3 3 5 -1  1
1132280971744514533
0 3 3 6 -1  1
1132517775221836375
0 1 0 0 -1  1
1132650108813873459
2 6 0 7 -1  1
1132740299160301861
0 1 1 1 -1  1
1132796086168453641
1 0 1 5 -1  1
1132865925433129583
0 2 1 2 -1  1
1133019598622323387
5 0 4 0 -1  1
1133021262148972917
0 5 0 3 -1  1
1133271722491574728
2 7 1 7 -1  1
1133449698401418504
4 3 5 4 -1  1
1133701941462842928
0 4 0 6 -1  1
1134055019528543943
2 3 3 2 -1  1
1134092744682316163
4 4 3 5 -1  1
1134462080350603362
4 3 7 3 -1  1
1134530493144044831
7 7 7 3 -1  1
1134971938532258437
3 2 4 3 -1  1
1135217343376340710
1 7 2 7 -1  1
1135365442939113505
1 0 3 0 -1  1
1135559174305986363
5 4 7 4 -1  1
1136147897072336447
6 2 5 3 -1  1
1136154406828017104
3 5 4 4 -1  1
1136157528605551171
5 1 6 3 -1  1
1136308463112767026
2 3 3 2 -1  1
1136458262152559324
7 7 6 7 -1  1
1136817651682297543
3 1 4 2 -1  1
1137127060002039178
5 4 6 4 -1  1
1137362253767831088
0 1 5 1 -1  1
1137386276850656652
2 4 3 4 -1  1
1137634093279633799
0 2 1 2 -1  1
1137797770751704106
0 3 2 1 -1  1
1137830807577975799
0 2 1 3 -1  1
1138240147203924757
1 3 3 2 -1  1
1138469329903991195
3 2 4 2 -1  1
1138573964787293855
6 1 6 0 -1  1
1138673315113197742
1 0 2 0 -1  1
1138963601505494984
1 5 5 1 -1  1
1139008052151660906
0 3 2 3 -1  1
1139196953069603921
5 4 6 5 -1  1
1139365249140307052
3 6 4 6 -1  1
1139378439415413013
5 7 5 4 -1  1
1139436415798223863
6 2 6 6 -1  1
1139516723973978075
2 1 3 0 -1  1
1139692589356174265
0 2 1 4 -1  1
1139821225530317245
0 3 0 2 -1  1
1139997494090511493
1 3 3 2 -1  1
1140028625907082421
3 3 1 2 -1  1
1140139030442700851
0 5 1 4 -1  1
1140180985619513091
3 4 4 5 -1  1
1140308052258759168
4 2 4 1 -1  1
1140484237788413965
0 1 1 3 -1  1
1140687628908401382
0 0 0 3 -1  1
1140743997918045886
2 1 3 0 -1  1
1141421296063641607
2 1 2 0 -1  1
1141497020164747608
0 3 0 5 -1  1
1141633017111350978
2 3 5 3 -1  1
1141639979150381114
1 4 1 2 -1  1
1141788929458667951
1 0 3 0 -1  1
1141805606382031820
5 3 3 1 -1  1
1141866181426649025
4 4 4 2 -1  1
1141985712119639483
3 4 4 4 -1  1
1142001149942258086
0 0 0 2 -1  1
1142375217484342024
0 3 3 0 -1  1
1142685789694689327
1 4 5 0 -1  1
1142826339161788297
3 3 4 3 -1  1
1142936077012610247
0 4 1 4 -1  1
1142966623004400390
1 2 2 3 -1  1
1142974226342223458
4 2 6 3 -1  1
1143054124268800565
1 4 3 2 -1  1
1143987438140523706
0 0 0 2 -1  1
1144000660187358388
0 5 0 4 -1  1
1144140005568915537
2 6 6 6 -1  1
1144155024018934253
0 1 1 1 -1  1
1144204588236858995
4 1 4 6 -1  1
1144583019932686833
0 1 0 3 -1  1
1144737960025529123
3 4 4 4 -1  1
1144925960041562545
2 6 4 7 -1  1
1144991612924509775
2 5 3 3 -1  1
1145690217910350160
5 2 3 2 -1  1
1146254160618842450
1 5 1 4 -1  1
1146285475668993945
2 4 4 6 -1  1
1146324970422684844
2 7 2 6 -1  1
1146470452563647982
3 2 3 3 -1  1
1146509617233378874
3 3 4 3 -1  1
1146609456743996572
0 2 1 1 -1  1
1146689224926558834
0 5 0 2 -1  1
1147048407049945688
3 1 3 2 -1  1
1147114459438012454
0 4 2 4 -1  1
1147322361893331918
1 0 2 0 -1  2
1147642759326206621
2 1 1 3 -1  1
1147975299405976340
3 2 4 0 -1  1
1148306330137594783
0 2 2 4 -1  1
1148543039512652018
3 6 4 6 -1  1
1148595649640674210
2 2 3 3 -1  1
1148640227010940855
2 3 0 5 -1  1
1148702872768023151
0 6 0 7 -1  1
1148837914097089197
2 2 0 1 -1  1
1148883686404054098
0 5 1 4 -1  1
1149022022707321831
3 5 3 7 -1  1
1149226908748542337
1 5 2 5 -1  1
1149301821890058859
6 7 5 7 -1  1
1149325659100584612
7 3 5 3 -1  1
1149496833940146446
0 0 0 1 -1  1
1149578603360404021
0 6 2 5 -1  1
1149589937267241154
1 5 1 7 -1  1
1149641803865288311
3 5 3 7 -1  1
1149653022401672442
1 3 3 2 -1  1
1149834615312082965
0 3 2 2 -1  1
1149938257894208669
1 2 3 2 -1  1
1150047832412286429
3 6 4 6 -1  1
1150445893563632006
1 0 3 0 -1  1
1150632572920342589
1 6 3 6 -1  2
1150680608781237520
0 6 1 5 -1  1
1150974386993760307
0 1 7 1 -1  1
1150996689374067746
4 6 3 7 -1  1
1151101327274225991
1 1 2 2 -1  1
1151173178946643790
0 2 2 0 -1  1
1151469130725482312
7 5 6 5 -1  1
1151783177502848322
3 3 2 2 -1  1
1151802461235813009
0 3 0 2 -1  1
0 3 3 0 -1  1
1152098835843279261
0 2 4 6 -1  1
1152475999532301832
2 2 4 3 -1  1
1152487576112813816
0 3 4 3 -1  1
1152647693041412988
2 4 2 5 -1  1
1152689443074614684
1 1 2 1 -1  1
1152709807664146496
1 1 0 0 -1  1
1152729404568664625
3 4 2 2 -1  1
1152770057664048401
1 1 5 5 -1  1
1152786360318150321
5 3 3 5 -1  1
1152964299523386009
1 1 3 1 -1  1
1153069350061123586
4 4 3 3 -1  1
1153503960906521276
3 1 4 0 -1  1
1153532466634173130
2 4 3 4 -1  1
1153805644482437232
1 1 2 1 -1  1
1153877446085334676
3 3 2 4 -1  1
1154042574166866663
7 6 7 7 -1  1
1154277353882025325
4 1 6 3 -1  1
1154334764033672407
1 3 3 2 -1  1
1154457829088901024
0 1 1 3 -1  1
1154515271106653448
3 3 5 4 -1  1
1154747247926579615
1 1 3 3 -1  1
1155267022803483585
2 1 3 2 -1  1
1155431033783896458
0 3 1 3 -1  4
1 0 2 0 -1  1
2 2 1 4 -1  3
1155779309600196009
2 6 3 6 -1  1
1155830146526108402
5 7 3 7 -1  1
1156107295373962981
1 3 3 3 -1  1
1156152777322553546
1 4 0 5 -1  1
1156157747846045324
4 3 5 1 -1  1
1156507084243996521
0 1 2 2 -1  1
1156880870731090037
3 3 4 5 -1  1
1156926629631377676
2 6 4 4 -1  1
1157260861431952943
3 7 4 6 -1  1
1157621474155225123
1 0 3 0 -1  1
1157726071928543995
7 3 5 5 -1  1
1157777617182683371
6 7 7 7 -1  1
1157831009054236987
1 6 3 6 -1  1
1157989760283801089
4 1 5 1 -1  1
1158166626262194946
1 4 2 3 -1  1
1158340750037328869
4 5 5 7 -1  1
1158403679977933707
5 3 4 4 -1  1
1158484518036800791
1 0 3 0 -1  1
1158528580300579582
2 5 4 6 -1  1
1158549103570561861
3 7 4 7 -1  1
1158556552575271434
1 4 2 2 -1  1
1158700338725600694
3 7 4 6 -1  1
1158886012876044482
5 6 6 7 -1  1
1158970355981711004
1 4 2 3 -1  1
1159017207712043039
1 5 2 4 -1  1
1159585414924770105
3 0 4 1 -1  1
1159618051308003677
0 4 5 4 -1  1
1159631148708056882
0 6 0 3 -1  1
1159746304480127058
4 1 5 2 -1  1
1159910817678497066
4 6 3 7 -1  1
1160006845181634502
0 3 0 4 -1  1
1160182749819423975
0 6 1 5 -1  1
1160285974153205500
6 5 4 7 -1  1
1160642938358990860
3 1 4 1 -1  1
1160730181211093130
4 1 6 3 -1  1
1161363249570741548
0 6 1 7 -1  1
1161396651510579389
3 2 2 2 -1  1
1161421529027364503
3 4 6 7 -1  1
1161584809945121808
1 4 3 6 -1  1
1162012003514310387
1 1 2 2 -1  1
1162226535486738991
0 5 0 3 -1  1
1162291651789024658
2 5 7 0 -1  1
1162396778290060259
3 7 2 6 -1  1
1162505792469393117
3 4 5 5 -1  1
1162564010077370569
1 6 2 7 -1  1
1162579001810463729
1 1 2 0 -1  1
1162581105580111089
3 5 2 7 -1  1
1162592680149838551
3 2 2 1 -1  1
1162725023160125265
1 4 0 4 -1  1
1162738904589184806
0 4 0 6 -1  1
1163147158428620813
2 6 3 6 -1  1
1163326692087976748
0 0 0 3 -1  1
1163447338781770879
7 2 7 6 -1  1
1163633291816133988
1 6 2 5 -1  1
1163707895343649783
3 3 4 3 -1  1
1163783877710270691
0 4 1 4 -1  1
1164311322425878659
4 3 3 4 -1  1
1164757753977507321
5 1 6 3 -1  1
1164826636144751589
4 4 4 6 -1  1
1164985042132668131
3 6 4 6 -1  1
1165029305370412709
3 1 4 1 -1  1
1165051503254067865
3 2 4 3 -1  2
1165084071162879683
5 4 6 4 -1  1
1165384318599106185
4 2 2 4 -1  1
1165425391222843417
3 2 5 1 -1  1
1165475735690105735
3 4 4 3 -1  1
1165651051427699633
5 4 5 7 -1  1
1165674370975815239
0 4 5 4 -1  1
1165738258815268582
0 6 1 5 -1  1
1165805522167312352
1 3 6 3 -1  1
1165962513195034270
3 2 4 4 -1  1
1166127499213416337
3 3 2 4 -1  1
1166532955294519267
0 3 1 3 -1  1
1166536870790353073
2 0 3 0 -1  1
1166554922924790100
2 0 2 1 -1  1
1166709517000051316
2 5 3 5 -1  1
1166765180863945403
4 1 6 3 -1  1
1166886998167188390
2 5 3 4 -1  1
1167044601818890560
4 4 5 4 -1  1
1167088329447204613
4 3 3 2 -1  1
1167170939256006180
5 4 6 5 -1  1
1167277779463659863
3 1 2 0 -1  1
1167284093599433410
1 4 3 6 -1  2
1167412589637098032
3 5 2 4 -1  1
1167542898287855535
6 4 7 3 -1  1
1167601091523546547
0 0 0 1 -1  1
1167686974543999779
1 2 3 0 -1  1
1168135822757161962
6 1 6 3 -1  1
1168168732353985547
0 3 2 3 -1  1
1168318650552240020
0 5 3 2 -1  2
1168455872818901484
3 4 2 6 -1  1
1168486060162429129
3 7 5 5 -1  1
1168758600281779716
1 2 0 3 -1  1
1168837297842132756
1 2 1 1 -1  1
1168898532762340882
5 4 6 4 -1  1
1169021600912483243
2 3 3 5 -1  1
1169052788565688278
6 6 6 3 -1  1
1169491744981309258
1 1 0 0 -1  1
1169535969250296970
5 6 4 5 -1  1
1169583415839773940
3 1 2 3 -1  1
1169633709733093255
2 3 3 3 -1  1
1169846409809380123
1 6 2 5 -1  1
1169920759354451705
1 6 2 5 -1  1
1170055808900910861
4 7 6 7 -1  1
1170204988006554014
1 3 3 3 -1  1
1170221081134509293
3 3 4 3 -1  1
1170229028210467990
2 3 3 1 -1  1
1170243816295961780
4 3 5 3 -1  1
1170283930369984509
3 1 1 2 -1  1
1170419454394594807
7 5 6 4 -1  1
1170423402048030646
4 4 5 5 -1  1
1170845385144629611
2 4 4 2 -1  1
1171150478906436495
3 2 4 3 -1  1
1171603137188441037
4 3 0 3 -1  1
7 3 3 7 -1  1
1171612416108259454
0 2 4 6 -1  1
1171697381353391491
3 6 5 4 -1  1
1171819952038561987
3 0 5 1 -1  1
1171826402511678658
7 2 4 2 -1  1
1171837430253646022
6 4 7 5 4  1
1171940866664927752
2 2 0 1 -1  1
1172059429238826867
3 2 4 1 -1  1
1172283332841551678
6 0 6 1 -1  1
1172388702113593572
4 1 2 3 -1  1
1172685444803651174
2 6 3 4 -1  1
1172807679747781824
3 3 4 2 -1  1
1172891652953091595
2 5 4 4 -1  1
1172921281758220804
2 5 2 6 -1  1
1172941211903472711
4 4 6 4 -1  1
1172979177967770973
2 5 3 3 -1  1
1173031618353277448
4 4 2 5 -1  1
1173515246524799579
7 5 0 5 -1  1
1173613946805573238
2 5 4 4 -1  1
1174099598466413801
0 1 2 2 -1  238
1174158429279211542
6 2 5 3 -1  1
1174192698115026887
3 0 2 1 -1  1
1174265811860441835
4 5 5 4 -1  1
1174356120598691152
3 2 4 1 -1  1
1174762167933288763
5 3 6 4 -1  1
1174859962638216460
3 3 1 3 -1  1
1174996520639488442
3 3 0 3 -1  1
1175191587604146572
0 6 1 5 -1  1
1175377469767362042
1 3 0 4 -1  1
1175641033782681886
6 1 1 1 -1  1
1175751207935175168
5 5 4 4 -1  1
1175775414556352040
6 3 4 2 -1  1
1175965102032851669
0 3 3 3 -1  1
1176170710787484971
0 4 0 6 -1  1
1176433491309576722
1 7 2 7 -1  1
1176446965415091448
5 0 6 1 -1  1
1176712394652549563
1 4 3 6 -1  1
1176737770919677302
3 6 3 5 -1  1
1177234356948867740
1 7 2 7 -1  1
1177702206532491612
1 4 3 5 -1  1
1177717943709168310
1 5 0 6 -1  1
1177985948639753528
0 7 5 7 -1  1
1178187200114080735
4 6 3 7 -1  2
4 6 5 5 -1  10
1178274494842436020
1 6 3 4 -1  1
1178353101382675069
1 6 2 5 -1  1
1178498639819291495
1 2 3 4 -1  1
1178800167984170921
3 6 4 6 -1  1
1178857425809487361
1 2 5 2 -1  1
1178989254178011279
2 0 3 0 -1  1
1179139834336378728
7 1 4 4 -1  1
1179280487225210336
1 1 3 1 -1  1
1179367293386239065
2 5 3 6 -1  1
1179501292959577047
3 0 4 1 -1  1
1179635504429601544
1 6 2 6 -1  1
1179703002856548790
1 5 3 5 -1  2
1179810231112153903
0 2 2 4 -1  1
1180676263682669335
0 3 0 4 -1  1
1180725464822470679
1 4 1 1 -1  1
1180923359629191858
0 3 4 7 -1  1
1180938135445920826
0 4 0 2 -1  1
1181051695059402668
4 5 4 3 -1  1
1181074590344884584
2 6 7 1 -1  1
1181092753305986517
0 1 1 3 -1  1
1181295586807340120
1 3 3 1 -1  1
1181327437470917403
7 1 0 1 -1  1
1181415173571614506
0 5 2 3 -1  1
1181472894660275357
0 6 2 5 -1  2
1181583506601646815
2 6 3 6 -1  1
1181801906399632986
1 5 2 4 -1  1
1181922302472346367
2 6 4 7 -1  1
1181943434862356165
7 3 7 4 -1  1
1182016081559209080
3 3 4 4 -1  1
1182061158651738261
2 5 3 7 -1  1
1182101645579153943
4 2 5 3 -1  1
1182230750778316767
2 3 3 4 -1  1
1182299231814504790
0 2 3 5 -1  1
1182372668693444440
1 6 2 5 -1  1
1182405838449835384
3 4 1 2 -1  1
1182587951866645747
6 1 5 0 -1  1
1182944034328620512
0 3 1 3 -1  1
1183027155424726259
3 7 2 6 -1  1
1183153557464640958
4 7 5 7 -1  1
1183960094232823599
7 6 6 6 -1  1
1183967969229620749
1 5 2 6 -1  1
1184150446282090193
1 3 2 3 -1  1
1184246200767170833
0 0 0 5 -1  1
1184312138821112619
2 1 1 2 -1  1
1184347488715684792
2 1 4 3 -1  1
1184539485846851469
2 4 3 3 -1  1
1184608151361640927
7 5 7 7 -1  1
1184871725358672045
5 7 6 6 -1  1
1185143373539393104
3 4 4 4 -1  1
1185153042155891120
4 4 4 3 -1  1
1185278236669653802
0 2 4 6 -1  1
1185493758745985014
2 6 3 5 -1  1
1185674129217957552
3 6 4 6 -1  1
1185676549344200425
4 3 5 3 -1  1
1186143226860352840
1 1 2 1 -1  1
1186151171007834508
1 5 3 3 -1  1
1186215894698610560
2 5 0 3 -1  1
1186280968021938141
5 3 3 5 -1  1
1186405373646984429
2 1 2 4 -1  1
1186472914996056147
1 4 2 5 -1  1
1186517298016207015
2 4 2 1 -1  1
1186635119176126832
0 3 1 3 -1  1
1186650294111544361
2 5 3 4 -1  1
1186772810232086020
3 3 4 3 -1  1
1186964808836226387
0 4 0 6 -1  1
1187181138868735410
1 6 2 7 -1  1
1187283649296770271
2 7 3 6 -1  1
1187330721656241944
0 5 1 6 -1  1
1187336619378087408
0 5 1 4 -1  1
1187367433340768057
2 3 1 3 -1  1
1187969545613849382
0 6 1 6 -1  1
1188074636737959882
4 2 2 3 -1  1
1188110115008907549
4 2 5 0 -1  1
1188175956212565754
0 6 2 7 -1  1
1188597980259201770
4 4 4 5 -1  1
1188816954950062351
4 0 4 4 -1  1
1188817905705634347
3 3 4 5 -1  1
1188875779352656319
0 0 0 3 -1  1
1189338758549978490
0 1 2 1 -1  1
1189400584541164196
1 0 3 0 -1  1
1189529303193488193
5 4 6 4 -1  1
1189555343383142322
4 7 5 5 -1  1
1189593049664037882
0 6 2 5 -1  1
1189910270845122194
1 2 2 2 -1  1
1189989876667200252
2 7 3 6 -1  1
1190048230481737589
1 0 2 0 -1  1
1190264840261545829
0 4 0 6 -1  1
1190334023843616360
5 3 6 2 -1  1
1190563367513276771
4 0 5 0 -1  1
1190913323986814054
2 0 0 0 -1  1
1190971951265857263
0 6 1 7 -1  1
1191296080962038756
4 4 3 5 -1  1
1191590303386414186
4 4 5 5 -1  1
1191622121473446201
4 7 3 5 -1  1
1191675403160564901
1 7 2 6 -1  1
1191717657464147942
3 0 4 1 -1  1
1191720845460234068
0 6 1 6 -1  1
1191915889500320376
1 6 2 6 -1  1
1192015221522789020
5 3 6 3 -1  1
1192082476756080844
0 0 0 3 -1  1
1192165031798678223
1 0 3 0 -1  1
1192244635863161032
4 2 5 2 -1  1
1192332947782350211
3 6 4 7 -1  1
1192415410091839512
3 6 4 6 -1  1
1192482969153881095
3 6 4 6 -1  1
1192637107994418151
2 5 3 5 -1  1
1192643247301955886
4 5 5 6 -1  1
1192802352382944117
0 5 1 4 -1  1
1193377801443911885
1 3 2 2 -1  1
1193414813688258089
3 7 4 7 -1  1
1193449883194255831
0 0 0 5 -1  1
1193478841435721979
0 3 2 3 -1  1
1193928386750502965
3 0 4 0 -1  1
1194232906339553687
2 5 2 6 -1  1
1194292922608752841
7 0 7 4 -1  1
1194301940870779268
0 7 7 7 -1  1
1194325602396012602
3 4 4 4 -1  2
1194369324405118006
4 5 7 2 -1  1
1194400773838553897
3 5 4 3 -1  1
1194629016630935628
2 1 3 1 -1  1
1194704050501795507
1 7 0 7 -1  1
1194811127295477315
4 4 3 4 -1  1
1194990409248796430
6 1 3 4 -1  1
1195029582739162488
7 3 7 1 -1  1
1195169740027386746
0 3 2 5 -1  1
1195202750414579003
0 4 0 6 -1  1
1195278585769409121
5 7 6 6 -1  1
1195358261473460295
3 2 5 4 -1  1
1195514587095453672
0 0 0 4 -1  1
1195633906336540028
4 6 5 5 -1  1
1195690175468052101
2 3 4 2 -1  1
1196014940151099068
0 1 1 3 -1  1
1196265819866103104
1 6 3 6 -1  1
1196438111296827975
0 0 6 0 -1  1
1196506999592196041
3 5 4 5 -1  1
1196550327575019499
0 4 3 7 -1  1
1196964780284396914
0 6 1 5 -1  1
1197701576245006423
1 1 2 1 -1  1
1197743676775216914
0 0 0 2 -1  1
1197762125578718247
2 7 3 6 -1  2
1197805241742357815
6 1 6 6 -1  1
1197854684496283265
1 6 2 6 -1  1
1197990376434325697
6 2 7 2 -1  1
1198111043920737648
0 6 2 5 -1  1
1198306422770634887
5 4 7 6 -1  1
1198441806435059949
2 3 5 3 -1  1
1198497732704784167
2 0 2 5 -1  1
1198698849570893266
0 5 0 2 -1  1
1198723809620327095
2 4 4 3 -1  1
1198782938115538334
4 1 3 0 -1  1
1198956279755435622
3 5 2 4 -1  1
1199036237332953751
5 6 4 7 -1  1
1199052556591673367
4 4 5 3 -1  1
1199373920968733559
5 3 4 2 -1  1
1199394612465126885
3 6 1 5 -1  1
1199540479111238745
4 3 5 3 -1  1
1199630620167099921
2 4 3 3 -1  1
1199842666480302024
1 3 3 3 -1  2
1 4 2 4 -1  7
1 4 3 4 -1  2
1 6 2 6 -1  1
1200000082455398579
1 6 2 6 -1  1
1200170227739777786
5 2 5 0 -1  1
1200291236294507378
0 3 0 7 -1  1
1200333873941528525
4 2 5 2 -1  1
1200403236625562515
0 2 0 1 -1  1
1200487692678840959
2 1 1 3 -1  1
1200938741128356962
7 4 7 5 -1  1
1200990534356662486
0 4 0 3 -1  1
1201078499825443851
0 6 1 6 -1  1
1201198647194714708
2 4 4 5 -1  1
1201211115256702716
4 1 5 0 -1  1
1201273692264448788
1 5 2 6 -1  1
1201501555282829337
4 1 4 4 -1  1
1201718994227355350
0 6 1 5 -1  1
1201804116374210651
4 4 5 4 -1  1
1201864189590561969
1 7 2 6 -1  1
1201880919361093847
3 3 4 5 -1  1
1201904928247206539
2 5 3 5 -1  1
1202030447251857740
2 0 1 1 -1  1
1202128949258451973
2 4 2 6 -1  1
1202249313724474965
1 6 2 6 -1  1
1202266219103542550
1 1 3 1 -1  1
1202461211678501632
3 2 4 0 -1  1
1202461571915303226
1 1 3 1 -1  1
1202655355797378513
5 7 2 4 -1  1
1202864347842732303
3 7 5 7 -1  1
1202885422273273385
4 7 3 6 -1  1
1202902365497922240
0 0 3 0 -1  1
1202961522861541666
0 5 2 3 -1  5
1203180285222536918
2 0 4 1 -1  9
1203662816986018482
0 1 3 4 -1  1
1203718730248554783
7 2 7 7 -1  1
1203720937369785540
0 6 2 5 -1  3
1203841841603435750
0 2 4 6 -1  1
1203922193188234912
3 5 4 3 -1  1
1204300400820785076
4 2 5 1 -1  1
4 2 5 2 -1  1
1204311431853711109
3 6 3 7 -1  1
1204331358123282049
2 1 3 0 -1  1
1204369269188677773
1 5 0 4 -1  1
1204373667326287533
1 4 2 4 -1  1
1204428002798923194
4 4 6 4 -1  1
1205182704558236317
0 2 0 1 -1  1
1205344769710976852
6 6 5 7 -1  1
1205824306259038794
0 0 0 7 -1  1
1205842444867694717
1 4 2 3 -1  1
1205849230096722970
0 6 1 6 -1  1
1206051770973177106
0 4 0 2 -1  1
1206079726395155848
1 7 0 6 -1  1
1206173538075184727
7 7 7 6 -1  1
1206238875686151851
5 7 6 7 -1  1
1206465538742233781
6 7 3 7 -1  1
1206874024432221925
0 1 0 0 -1  1
1206924108340688396
1 6 2 6 -1  1
1207109321429408171
1 2 2 2 -1  1
1207256797047434481
0 6 1 5 -1  1
1207388495997253668
0 4 1 4 -1  1
1207632688509056206
3 4 2 2 -1  1
1207682128741110995
5 4 7 4 -1  1
1207724365223797953
0 1 2 2 -1  1
1207834140631391662
0 1 2 3 -1  1
1208113500613997638
1 1 3 1 -1  1
1208222195855004217
2 1 3 2 -1  2
1208270284329653947
4 0 3 1 -1  1
1208340362314709621
0 4 0 6 -1  1
1208628975195213869
7 2 7 5 -1  1
1208663013311591305
4 5 2 4 -1  1
1208705822377391120
3 6 6 6 -1  1
1208716738671435053
4 5 5 6 -1  1
1208742698795107136
2 1 2 4 -1  1
1209264323177120239
6 5 7 5 4  1
