11145635014625660770
1 5 0 4 -1  1
11145971609820067382
4 1 2 3 -1  1
11146193874146552851
7 5 7 4 -1  1
11146225211281753645
0 5 1 4 -1  1
11146403208141253079
3 7 2 5 -1  1
11146701022404844838
2 3 3 4 -1  1
11146741432616909290
0 4 1 4 -1  1
11147023368683133097
7 5 6 6 -1  1
11147068673192549788
2 6 3 7 -1  1
11148133543703720605
1 5 2 6 -1  1
11148160982616162279
2 6 3 5 -1  1
11148205057584040791
0 4 0 6 -1  1
11148614931467151746
3 7 2 5 -1  1
11148789580847387799
2 2 3 1 -1  1
11148838014052406928
1 6 2 7 -1  1
11149179488771378422
0 4 0 1 -1  1
11149180962895257398
0 5 7 5 -1  1
11149263810078888198
1 1 3 1 -1  1
11149611043457662999
0 7 5 7 -1  1
11150000382765923426
3 7 4 7 -1  1
11150109000622357098
1 7 3 7 -1  1
11150536272538790439
4 4 5 3 -1  1
11150553099573562920
0 4 1 5 -1  1
11150650155416332647
5 3 3 4 -1  1
11150705826508035110
2 5 1 3 -1  1
11150740820610677423
1 7 2 7 -1  1
11150789296627147252
0 3 0 5 -1  1
11150802505241687650
7 2 6 4 -1  1
11150962789125222621
5 3 4 4 -1  1
11151228818101194717
1 1 2 0 -1  1
11151292985344533836
3 2 2 3 -1  1
11151500039701769686
1 7 2 7 -1  1
11151541473560436095
7 1 1 1 -1  1
11151583615475291217
1 4 7 4 -1  1
11151903085321609712
2 4 3 3 -1  1
11151991224109770448
3 2 4 3 -1  1
11152023287717055389
0 5 1 6 -1  8
11152203874821976501
1 1 3 1 -1  1
11152204450019607349
0 3 2 1 -1  1
11152540821781383396
2 4 3 5 -1  1
11152697780141776077
0 2 2 0 -1  1
11152707847094026747
4 5 5 3 -1  1
11152725522781662144
1 0 2 0 -1  1
11152889213071529088
0 6 3 6 -1  1
11153006487361065669
4 5 5 5 -1  1
11153090684788333271
3 5 4 6 -1  1
11153148170489035429
1 2 1 3 -1  1
11153226011603568481
0 1 0 2 -1  1
11153239861911042329
6 3 6 1 -1  1
11153422980336279419
3 7 5 5 -1  1
11153592827832196737
3 5 4 5 -1  1
11153630069442702191
1 1 3 1 -1  1
11153698153260600689
3 5 3 6 -1  1
11153841986593783139
6 1 5 2 -1  1
11153849705927816569
4 4 6 6 -1  1
11153869930846229940
0 3 1 4 -1  1
11153956280013868044
7 6 7 7 -1  1
11153995983423704128
6 2 5 2 -1  1
11154016685548335217
5 7 6 6 -1  1
11154077651518894107
1 4 0 3 -1  1
11154216993200114945
5 1 3 2 -1  1
11154318414686683075
5 7 4 6 -1  1
11154560120863311881
2 2 3 4 -1  1
11154595210278891884
2 2 3 0 -1  1
11154896778899755319
0 5 1 4 -1  1
11154937316536828326
0 5 0 3 -1  1
11155041405166344914
1 6 6 1 -1  1
11155053919426108981
0 6 1 5 -1  1
11155134739323019652
3 3 2 4 -1  1
11155156452296443855
0 1 0 2 -1  1
11155197761009779775
5 2 6 3 -1  1
11155197977410090074
0 4 3 4 -1  1
11155243607181345949
0 5 0 2 -1  1
11155587658590661048
2 5 0 5 -1  1
11155658344641075641
1 3 1 1 -1  1
11155662919905315139
1 5 2 4 -1  1
11155698704130736958
1 6 0 6 -1  1
11155776275962238954
1 6 2 6 -1  1
11155922673737606418
3 4 4 5 -1  1
11156013922096081842
0 4 0 6 -1  1
11156237747038195502
5 3 5 2 -1  1
11156419284464828475
3 2 0 5 -1  1
11156778572446163803
0 0 0 4 -1  1
11156946485365737075
0 2 2 0 -1  1
11157073062838393119
4 3 6 3 -1  1
11157207477232581997
6 3 7 5 -1  1
11157214017190866949
4 7 5 7 -1  1
11157346028163967552
2 3 2 2 -1  1
11157397603412904584
4 1 6 3 -1  1
11157410583839318601
3 3 1 5 -1  1
11157437159195150827
2 0 3 0 -1  1
11157648055035726382
3 1 4 2 -1  1
11157894819775478180
6 4 5 2 -1  1
11158004944583223840
0 6 1 7 -1  1
11158287249146650228
2 3 6 7 -1  1
11158310011438189294
1 7 3 7 -1  1
11158414974802897163
2 5 4 4 -1  1
11158822806554910974
0 5 0 2 -1  1
11158827152828997987
1 6 0 5 -1  1
11158873471391955666
2 2 4 3 -1  1
11159666126325995092
4 3 6 5 -1  1
11159726222204944841
1 7 3 7 -1  1
11159749055317381059
2 6 3 5 -1  1
11160022436400113689
3 0 4 0 -1  1
11160116892475911972
3 3 2 5 -1  1
11160288327571567953
2 2 3 3 -1  1
11160422389757937328
1 3 1 2 -1  1
11160455726574605890
3 5 4 6 -1  1
11160487478649939817
1 5 2 5 -1  1
11160529602905740599
4 2 5 1 -1  1
11160562475243464332
4 6 3 6 -1  1
11160608828724983956
1 7 2 6 -1  1
11161025186242006498
2 2 3 2 -1  1
11161087302435914227
0 0 0 2 -1  1
11161153454583659495
3 3 1 4 -1  1
11161160760005769906
0 6 1 5 -1  1
11161176182654122707
4 4 5 4 -1  1
11161288129578583643
1 6 3 6 -1  1
11161512421437882372
1 4 2 4 -1  1
11161791493961149474
0 0 0 2 -1  1
11161846163003793441
1 1 6 1 -1  1
11161861986257832289
1 2 2 2 -1  1
11162065058967171409
2 4 3 3 -1  1
11162164644539368779
1 5 3 5 -1  1
11162264571125429047
7 0 6 0 -1  1
11162367290898799606
0 3 1 2 -1  1
11162706955384320639
3 6 0 3 -1  1
11162942594122166018
1 1 2 2 -1  2
11163370536378023466
0 4 0 6 -1  1
11163430672312429575
3 6 4 6 -1  1
11163494682750719845
0 5 1 6 -1  2
11163662516267877767
0 3 7 3 -1  1
11163783422678057753
7 1 7 7 -1  1
11163847891651058932
0 0 0 3 -1  1
11163944977004489858
4 4 2 5 -1  1
11164114525606673916
0 0 0 2 -1  1
11164191513466581505
5 2 4 3 -1  1
11164320542133420584
2 5 4 6 -1  1
11164671729923004646
2 5 3 7 -1  1
11164701480983598170
1 4 0 3 -1  1
11164795178147666076
2 0 3 0 -1  1
11165014246835918472
0 5 0 4 -1  1
11165318187611677581
0 5 3 2 -1  1
11165363513896370149
0 1 2 2 -1  3
0 5 0 4 -1  2
3 3 4 3 -1  1
11165388051879268974
4 1 6 0 -1  1
11165487692583570452
0 1 2 2 -1  3
0 6 2 5 -1  1
11165951604522368345
2 7 2 5 -1  1
11165993374174279229
1 5 3 5 -1  1
11166581877907583608
0 5 0 3 -1  1
11166681809023329954
4 6 3 5 -1  1
11166684851388170734
0 4 0 5 -1  1
11166728641424804695
3 1 4 2 -1  1
11166730628612447178
2 4 3 2 -1  1
11166797815700826403
3 5 2 3 -1  1
11166941546052017225
1 0 3 0 -1  1
11167006612781565836
1 2 0 2 -1  1
11167051714860942180
2 2 1 2 -1  1
11167104083687575324
3 2 1 4 -1  1
11167139114481510445
1 4 3 5 -1  1
11167141853471956958
3 7 4 7 -1  1
11167169373007358882
2 1 4 1 -1  1
11167360816938908932
2 4 4 2 -1  1
11167366009491043901
1 5 2 5 -1  1
11167483274187093976
2 5 4 3 -1  1
11167652600031281760
4 2 4 3 -1  1
11167795886722751883
1 7 3 7 -1  1
11167902297869539425
7 1 7 5 -1  1
11168090566060891226
0 0 1 0 -1  1
11168123677516771288
1 5 0 6 -1  1
11168252555854616146
3 4 3 5 -1  1
11168573377204676074
0 0 2 0 -1  1
11168610703203273801
3 5 4 5 -1  1
11168728388843904318
0 2 2 4 -1  1
11168764636845627010
2 4 1 2 -1  1
11168793524226223604
1 4 3 2 -1  1
11168940400414661671
2 2 4 3 -1  1
11169011499675651845
0 4 0 3 -1  1
11169185779612571461
0 4 7 4 -1  1
11169305792136362719
4 1 6 1 -1  1
11169310010210486780
0 5 2 3 -1  1
11169438486849330407
3 0 4 0 -1  1
11169610109642328048
5 4 6 5 -1  1
11169663373661291615
4 3 5 3 -1  1
11169759672209885814
0 4 7 4 -1  1
11169779634898505768
3 0 3 2 -1  1
11169985808529022005
0 6 0 5 -1  1
11170015102559698184
0 0 1 0 -1  1
11170120486883770185
2 5 0 4 -1  1
11170392477514339464
3 3 4 2 -1  1
11170758178707649138
1 3 2 3 -1  1
11170834506490823341
2 6 1 5 -1  1
11171093591817568621
4 0 5 0 -1  1
11171180687123073320
6 2 7 4 -1  1
11171228970290300656
5 6 4 6 -1  1
11171247048620769426
5 4 5 5 -1  1
11171509061658028831
0 1 3 1 -1  1
11171750034864319017
1 4 2 5 -1  1
11171768922399061825
0 6 0 7 -1  1
11171800036643677839
0 4 2 4 -1  1
11171827008026903211
3 5 4 5 -1  1
11171971710842545181
1 2 2 2 -1  1
11172040348229343084
6 3 6 7 -1  1
11172239633069827396
1 7 3 7 -1  1
11172451012904342014
3 0 4 0 -1  1
11172822621721406295
3 4 4 2 -1  1
11172924776581538422
2 4 2 2 -1  1
11173043551214031165
6 2 6 1 -1  1
11173448981883113232
6 2 3 5 -1  1
11173508299682231126
0 2 0 0 -1  1
11173648993219129532
2 4 4 2 -1  1
11173660390222848400
4 2 5 0 -1  1
11173819639124655427
0 6 1 6 -1  1
11173868683821087219
2 1 3 2 -1  1
11173915572234670553
2 2 6 2 -1  1
11174021850994067971
0 1 1 1 -1  1
11174051891693244652
7 6 7 5 -1  1
11174129635444498174
3 5 5 3 -1  1
11174443852478002572
0 4 0 6 -1  7
4 1 5 2 -1  19
11174626919424193404
0 3 0 2 -1  1
11174649661973902676
2 5 4 4 -1  1
11174676878487220038
3 4 4 4 -1  1
11174697965024386472
0 0 0 3 -1  1
11174801156311698001
2 2 4 3 -1  1
11174900517255419639
2 6 3 6 -1  1
11175015850045701168
2 3 1 3 -1  1
11175037112277864436
2 2 3 2 -1  1
11175223954506894007
5 2 5 0 -1  1
11175338923978190087
1 4 4 4 -1  1
11175635315816221960
3 4 4 4 -1  1
11175808348349908551
4 4 5 2 -1  1
11175824339443521473
3 6 3 5 -1  1
11175892156859870512
0 1 2 1 -1  1
11175933546302007974
5 5 3 3 -1  1
11175972960842876956
4 6 6 6 -1  1
11176086681368355882
1 3 0 2 -1  1
11176386324680351520
3 4 4 4 -1  1
11176557285858743851
0 1 2 2 -1  1
11176576826694364014
1 1 2 1 -1  1
11177113578034878466
2 7 1 6 -1  1
11177208589759706165
6 5 5 5 -1  1
11177225866613752707
4 4 5 5 -1  1
11177328460989024005
0 5 0 3 -1  1
11177373003585728243
1 4 2 5 -1  1
11177414561183842147
2 1 5 4 -1  1
11177448810226899487
5 2 3 1 -1  1
11177490049743573248
1 6 0 6 -1  1
11177646870643624467
0 4 1 4 -1  1
11177801703759488413
4 2 5 3 -1  1
11177998378738230373
4 3 5 5 -1  1
11178135356967396616
0 0 1 0 -1  1
11178310697244532655
0 0 0 2 -1  1
11178395322313041504
4 4 2 6 -1  1
11178709569281280502
2 5 2 4 -1  1
11178913089904846829
2 5 4 4 -1  1
11178997572000486874
2 2 3 4 -1  1
11179007954271136223
5 4 6 5 -1  1
11179144869696359935
1 4 1 6 -1  1
11179186230368393763
0 3 1 3 -1  1
11179406502516285144
5 1 7 1 -1  1
11179413025086293444
0 6 0 5 -1  1
11179447019843955516
2 4 3 4 -1  1
11179551655446000580
6 5 7 7 -1  1
11179592264450130274
0 5 1 5 -1  1
11179788313900497661
0 3 1 4 -1  1
11179838624525990394
2 6 2 7 -1  1
11179839923679968412
5 3 6 1 -1  1
11180377922915832050
2 0 3 1 -1  1
11180543950284159184
1 1 2 2 -1  1
11180592162145227320
3 3 5 2 -1  1
11180721716781891039
2 2 4 1 -1  1
11180760531672417054
0 3 0 1 -1  1
11180903198173745306
1 3 2 5 -1  1
11180903576509967860
1 4 3 2 -1  1
11181097695837226621
1 4 2 5 -1  1
11181228622080515423
1 5 2 5 -1  1
11181357954762501931
1 4 2 6 -1  1
11181361096260146173
0 5 0 2 -1  1
11181683171742568182
1 3 3 2 -1  1
11181766558565654950
2 2 0 3 -1  1
11181825992018983302
1 7 5 7 -1  1
11181896087647551098
3 7 4 6 -1  1
11182207144056043267
6 5 4 4 -1  1
11182215639254005320
2 1 4 0 -1  1
11182351052315000962
0 4 0 1 -1  1
11182363695373654364
2 3 1 2 -1  1
11182416550527297960
4 1 0 1 -1  1
11182767952527393609
5 0 5 5 -1  1
11182933705962557108
3 4 4 5 -1  1
11183003371910232077
3 4 1 5 -1  1
11183254778820522079
2 4 5 7 -1  1
11183569232567007053
4 0 5 0 -1  1
11183576559993122499
4 4 6 3 -1  1
11183603107237711814
2 6 1 5 -1  1
11183721984943537544
0 6 0 3 -1  1
11184250767595839427
3 5 4 4 -1  1
11184371834921791377
3 5 4 6 -1  1
11184473975772276812
4 7 6 5 -1  1
11184478162907983240
0 2 2 4 -1  1
11184707579154995949
3 5 4 5 -1  1
11184750348222485803
0 5 1 4 -1  1
11184892462168889194
6 0 3 3 -1  1
11185218991824980159
2 0 3 0 -1  1
11185323747413103917
0 5 0 3 -1  1
11185411428889296369
4 1 6 2 -1  1
11185460336197077052
6 7 7 7 -1  1
11185482088128339553
1 2 3 2 -1  1
11185515781932028786
0 3 3 0 -1  1
11185587827683089843
0 5 1 6 -1  2
1 0 2 0 -1  1
11185672713425702854
1 0 3 0 -1  4
11185791886102206190
0 5 4 5 -1  1
11185911869470286019
5 5 3 4 -1  1
11186532028589895093
3 4 1 2 -1  1
11186614585731749714
0 2 2 4 -1  1
11186661872722709369
1 3 3 3 -1  1
11186727842569516683
3 2 4 1 -1  1
11186760463376628938
0 3 0 4 -1  1
11186813480406626954
1 6 2 6 -1  1
11186887586313650205
1 5 2 5 -1  1
11187204889153724958
3 3 3 2 -1  1
11187359386629916690
1 3 4 0 -1  1
11187403290030989508
3 5 3 0 -1  1
11187432489632922866
0 5 3 5 -1  1
11187479628068016913
1 0 2 0 -1  6
11187630464724323011
1 3 3 2 -1  1
11187778261691333452
2 3 3 3 -1  1
11188098287624071593
6 1 6 6 -1  1
11188322132882942623
0 4 0 6 -1  1
11188466345423779472
3 2 4 2 -1  1
11188622747318479115
1 6 3 5 -1  1
11188661501071912766
0 5 3 5 -1  1
11188666267014566190
1 3 3 3 -1  3
1 4 2 4 -1  7
1 6 2 6 -1  4
11188859418351012578
0 5 1 5 -1  1
11188956239832656271
3 3 5 4 -1  1
11189052968225021275
1 1 2 1 -1  1
11189262239233963314
0 1 1 3 -1  1
1 7 2 7 -1  1
11189391374797698154
2 4 2 6 -1  1
11189404521892295432
1 4 3 2 -1  1
11189699351968314721
2 5 1 4 -1  1
11189785092157139240
2 0 3 0 -1  1
11189824238243910802
0 2 4 6 -1  1
11189917682791045031
5 0 3 2 -1  1
11190027303929735307
0 4 1 3 -1  1
11190226730243791580
2 2 1 4 -1  1
11190305273318112250
0 4 1 5 -1  1
11190543117570991325
5 5 5 0 -1  1
11190586419264331087
3 4 2 4 -1  1
11190645033807923157
3 5 4 4 -1  1
11191134635641645444
3 3 2 5 -1  1
11191165514677159369
0 7 0 1 -1  1
11191206902389679798
2 2 1 3 -1  1
11191241938377321385
0 1 2 2 -1  2
11191293134412919942
0 3 0 2 -1  1
11191357070527323587
5 0 3 1 -1  1
11191562069734516346
5 6 4 5 -1  1
5 6 6 5 -1  1
11191847302612486387
0 4 0 6 -1  1
11191904949899746731
3 3 4 4 -1  1
11191996523276391373
1 4 3 4 -1  1
11192216138277954667
0 0 0 1 -1  2
11192227216230724128
7 4 6 5 -1  1
11192598263774908271
0 3 2 3 -1  1
11192645857022818012
0 1 2 2 -1  1
11192646237929693108
1 5 2 5 -1  2
11192916484597684824
3 3 4 2 -1  1
11192999868420418900
2 5 1 7 -1  1
11193197968607337007
4 2 5 2 -1  1
11193213325347435736
0 2 2 4 -1  1
11193297331576314074
1 5 2 5 -1  1
11193366773001872440
2 4 4 5 -1  1
11193401136072921755
4 3 5 2 -1  1
11194155180558590339
2 4 6 0 -1  1
11194294531261183073
0 7 0 2 -1  1
11194309549335507293
0 7 0 4 -1  1
11194372239666022990
2 5 3 3 -1  1
11194447394269762189
0 6 1 5 -1  1
11194581045190069471
1 0 0 1 -1  1
11195167775581549486
0 5 2 5 -1  1
11195288408433155725
3 6 3 4 -1  1
11195325874440573230
0 3 1 4 -1  1
11195555721944495353
0 6 2 4 -1  1
11195589204479179970
1 4 0 3 -1  1
11195782783481846962
4 0 6 2 -1  1
11195902648265273281
1 3 3 3 -1  1
11196220501435711141
4 6 6 4 -1  2
11196524593385502310
6 4 7 4 -1  1
11196581269101632096
4 2 3 2 -1  1
11196718347095217254
1 1 2 1 -1  1
11196812947107383966
2 5 3 3 -1  2
11196876988845283576
2 5 4 5 -1  1
11196935974291043529
5 0 5 1 -1  1
11196977417458113892
0 0 0 5 -1  1
11197255860863532786
0 0 0 2 -1  1
11197395792133882307
1 6 2 6 -1  1
11197396587668238454
3 0 4 2 -1  1
11197468289104227572
3 5 5 7 -1  1
11197509513487943904
0 4 0 6 -1  1
11197567288152117819
0 2 1 3 -1  1
11197574878755743573
0 1 2 2 -1  1
11197687428219664539
2 6 0 5 -1  1
11197727353942372416
1 4 3 2 -1  1
11197815434000296327
3 5 2 5 -1  1
11197844048854596619
4 1 4 2 -1  1
11197879255531939883
7 0 7 6 -1  1
11198139228561278388
5 5 6 4 -1  1
11198169255878060335
2 1 3 1 -1  1
11198320399916199630
0 3 7 3 -1  1
11198413825739549442
6 1 5 0 -1  1
11198441510690028529
2 4 1 5 -1  1
11198462647512580598
3 3 2 5 -1  1
11199109762834652001
3 3 2 1 -1  1
11199147163637333960
2 7 3 7 -1  1
11199175893214165309
3 3 4 3 -1  1
11199248730088648944
0 0 0 3 -1  1
11199523306106432558
0 4 1 5 -1  1
11199546575459940475
2 1 0 1 -1  1
11199641590424278892
0 3 4 3 -1  1
11199655784727368217
0 1 0 4 -1  1
11199850630000458761
3 6 0 3 -1  1
11200023949230856394
1 4 1 5 -1  1
11200427190446181665
5 7 5 5 -1  1
11200536299838577123
1 7 2 7 -1  1
11200863490473991382
3 2 2 4 -1  1
11201002945431782415
0 0 0 1 -1  1
11201297140514179407
0 5 0 6 -1  1
11201393893661088032
2 2 2 1 -1  1
11201462357314355172
2 7 3 6 -1  1
11201635791541853919
1 0 3 0 -1  1
11201700143810800017
3 7 6 7 -1  1
11201824008788139997
0 4 1 4 -1  1
11201948903067034881
0 0 2 2 -1  1
0 0 3 3 -1  1
11202256571757153799
2 1 3 2 -1  1
11202301067551146197
4 5 4 6 -1  1
11202427194084431276
1 3 4 3 -1  1
11202907445717153285
1 4 4 1 -1  1
11203030255070261500
0 3 1 3 -1  1
11203437218481675517
0 5 0 2 -1  1
11203558437338410996
3 5 5 3 -1  1
11203572104917171229
0 5 3 2 -1  1
11204024365066008064
1 6 0 6 -1  1
11204058725904470775
0 1 0 4 -1  1
11204574303068887249
0 5 1 6 -1  1
11204589254966302683
2 4 2 2 -1  1
11204642424176951174
0 3 0 2 -1  1
11204677822907727203
0 5 0 0 -1  1
11204703423461923555
4 0 6 1 -1  1
11205239039842484800
0 7 0 3 -1  1
11205254718417053765
4 5 3 5 -1  1
11205501295244913080
7 3 2 3 -1  1
11205630961949373599
6 3 4 3 -1  1
11205748988663336494
0 5 1 4 -1  1
11205815489405341482
0 2 0 1 -1  1
11205939317660059685
2 1 3 2 -1  1
11206089565196667573
1 4 4 7 -1  1
11206344824299889272
3 6 4 6 -1  1
11206419562921171092
3 6 4 6 -1  1
11206535732862933733
1 2 2 3 -1  1
11206812733518515939
2 2 4 1 -1  1
11207111530383642436
2 3 1 3 -1  1
11207215054939886466
2 2 1 4 -1  1
11207446627536639250
0 5 4 5 -1  1
11207500575567689173
4 7 7 7 -1  1
11207537816180350696
1 6 0 5 -1  1
11207684593284054237
1 4 3 2 -1  1
11207881464744617160
2 5 1 5 -1  1
11207926777950477511
0 6 1 4 -1  1
11208004978964765177
5 0 5 1 -1  1
11208063585064157568
3 2 4 2 -1  1
11208168445071454652
0 0 0 4 -1  1
11208190608667457699
6 0 2 4 -1  1
11208251214986269904
6 2 6 5 -1  1
11208270455744879097
3 5 2 4 -1  1
11208404445799533145
4 3 2 3 -1  1
11208418111951656427
1 6 2 6 -1  1
11208674556994571777
0 6 0 7 -1  1
11208689287620931044
0 2 1 3 -1  1
11208731128442510379
6 0 4 0 -1  1
11208748418185798162
2 3 3 1 -1  1
11209167202649235582
4 3 5 4 -1  1
11209221557678210791
1 7 2 7 -1  1
11209382011646031675
0 4 1 5 -1  1
11209510673516097054
3 7 4 7 -1  1
11209522309086333331
6 3 3 3 -1  1
11209643379804368198
0 2 0 1 -1  1
11209816098815769987
3 7 2 6 -1  1
11209923414777924091
3 6 2 4 -1  1
11209925009363209404
1 4 3 6 -1  1
11210019441562158249
2 0 3 0 -1  1
11210269196571203959
1 6 3 4 -1  1
11210370327425444873
3 7 4 7 -1  1
11210463840001605073
2 3 2 6 -1  1
11210664114221916808
3 5 5 3 -1  1
11210848955493321944
4 7 5 7 -1  1
11211062034465866891
2 4 3 3 -1  1
11211178343956476054
1 0 2 0 -1  1
11211338767281996584
3 1 4 2 -1  1
11211555879640182248
4 4 6 5 -1  1
11212099025442375723
0 3 3 3 -1  1
11212223952700630618
7 6 4 6 -1  1
11212542713405170531
0 4 1 3 -1  1
11212556079434854690
1 1 2 1 -1  1
11212568607347306346
1 0 2 0 -1  1
11212614076141539101
3 3 4 3 -1  1
11212703441278998633
3 5 2 4 -1  1
11212763549488533279
1 5 3 5 -1  1
11212780799493849711
4 7 5 7 -1  1
11212845771624807988
2 5 3 5 -1  1
11213098721761660007
4 3 5 3 -1  1
11213242163887233351
3 3 4 4 -1  1
11213493976805967582
2 1 3 1 -1  1
11213620007068006652
0 5 0 4 -1  1
11213692445430207083
5 5 3 5 -1  1
11213825771900232863
0 3 2 3 -1  1
11213848119503215121
1 5 2 5 -1  1
11213875588568149576
4 1 4 0 -1  1
11214103658094229700
3 2 2 2 -1  1
11214579596835065940
3 5 4 4 -1  1
11214740023134662379
0 2 2 4 -1  1
11215066306960253628
0 5 0 4 -1  1
11215118669586019604
2 4 1 5 -1  1
11215237938058936688
4 3 5 4 -1  1
11215323561031137399
0 4 0 6 -1  1
11215626721353050015
0 6 1 5 -1  1
11215633262147283319
0 4 2 4 -1  1
11215715987756420159
6 7 2 3 -1  1
11215775662307280320
1 1 0 2 -1  1
11215829393709371005
4 2 1 5 -1  1
11216119905687687418
1 1 2 2 -1  1
11216156139003613891
0 5 0 1 -1  1
11216193555053584148
1 6 2 6 -1  1
11216238650232615298
1 2 2 2 -1  1
11216310683486316799
6 2 6 1 -1  1
11216319249573265747
5 0 6 0 -1  1
11216440536070216392
1 5 0 7 -1  1
11216495633306949329
2 2 1 1 -1  1
11216573341982579140
1 1 7 7 -1  1
11216695659588801353
7 0 0 0 -1  1
11216748983066301129
0 2 4 6 -1  1
11216799719590573090
2 2 3 0 -1  1
11217043153295558464
1 4 0 3 -1  1
11217137257924466366
0 0 0 5 -1  1
11217752505156171873
5 3 6 3 -1  1
11217958778337452377
2 6 3 4 -1  1
11218072981510768042
0 6 1 6 -1  1
11218123805888962653
3 3 5 4 -1  1
11218253234919121368
2 3 3 3 -1  1
11218411823785039739
5 0 4 0 -1  1
11218466398854095307
4 5 5 6 -1  1
11218589357993368544
0 4 2 4 -1  1
11218664799700459767
2 2 4 1 -1  1
11219254442887463363
0 5 6 5 -1  1
11219411819307111593
0 3 0 2 -1  1
11219460170384554297
1 3 3 1 -1  1
11219469573326352752
3 2 2 4 -1  1
11219797732043807136
1 3 3 4 -1  1
11219837150839913457
7 0 7 7 -1  1
11220040896271342098
1 1 0 2 -1  1
11220070545088435519
0 2 4 6 -1  1
1 7 2 7 -1  1
2 5 4 6 -1  1
11220107649236863285
2 3 4 1 -1  1
11220181636068522830
0 1 0 2 -1  1
11220276761480010063
3 2 5 4 -1  1
11220592040233711100
4 5 5 6 -1  1
11220831496479875238
0 3 1 2 -1  1
11221059116783650565
3 7 4 5 -1  1
11221167666594968717
0 4 0 6 -1  1
11221310171180577998
0 0 0 1 -1  1
11221351871444273143
5 1 6 1 -1  1
11221466129789102181
1 1 1 2 -1  1
11221692991003575622
5 7 6 7 -1  1
11221861176769932757
2 5 4 4 -1  1
11221885868658320165
1 4 2 4 -1  1
11222275921321164783
1 4 3 6 -1  1
11222495953008791941
2 0 3 2 -1  1
11222550656235467620
1 2 2 1 -1  1
11222613148840144148
3 0 5 2 -1  1
11222640344896136694
0 5 2 3 -1  1
11222902609668649052
1 7 2 7 -1  1
11222933268374188606
3 2 5 2 -1  1
11223117415259847426
4 2 6 2 -1  1
11223173650360651790
3 0 4 0 -1  1
11223510871058128861
4 5 0 1 -1  1
11223570648385960289
2 6 1 5 -1  1
11223719185132581971
3 4 4 4 -1  1
11223991373984096219
4 4 5 4 -1  1
11224387573952349831
1 2 2 2 -1  1
11224549164851038858
0 1 1 3 -1  1
11224580498521960231
2 5 3 3 -1  1
11224917703063628971
2 4 0 3 -1  1
11224980352110116165
3 5 4 4 -1  1
11224984274041683743
1 4 2 4 -1  1
11225142855454854759
0 3 0 0 -1  1
11225232004820647864
2 3 1 5 -1  1
11225277971541540022
2 4 3 4 -1  1
11225302463476013214
0 2 1 1 -1  1
11225391318511324740
1 3 0 1 -1  1
11225449433177396080
7 4 4 7 -1  1
11225686868689585134
0 1 2 2 -1  1
11225692199142885432
1 1 2 1 -1  1
11225776145001699681
0 2 4 6 -1  1
11225808821359693252
0 6 3 6 -1  1
11225864554163673316
1 5 2 5 -1  1
11225884148784282716
3 5 3 3 -1  1
11226087619465564757
3 2 4 1 -1  1
11226138072352851859
0 1 1 0 -1  1
11226563780920611200
2 3 3 2 -1  1
11226701374994859654
1 3 3 4 -1  1
11226805711597049128
0 2 5 2 -1  1
11226949453017343251
3 5 1 3 -1  1
11226968960146610595
6 4 4 6 -1  1
11226993780212139842
2 2 3 2 -1  1
11227111283939505951
0 5 1 4 -1  1
11227416792265088273
3 0 0 0 -1  1
11227507189269340558
1 3 0 3 -1  1
11227611107151183315
1 4 3 6 -1  1
11228060078290317706
4 2 5 3 -1  1
11228158429821685302
1 5 1 4 -1  1
11228338283825463618
0 5 4 5 -1  1
11228482808632305152
0 4 0 0 -1  1
11228534963906413589
3 5 5 4 -1  1
11228571275278681328
0 0 0 3 -1  1
11228674245127902715
6 0 3 3 -1  1
11228889523113215158
3 3 4 4 -1  1
11229018824133150574
6 5 5 6 -1  1
11229185402909279303
1 6 3 6 -1  1
11229617739067325432
0 2 1 3 -1  1
11229739631066152404
2 7 1 6 -1  1
11229962832295358627
2 4 4 3 -1  1
11230135999794224635
0 5 0 4 -1  1
11230342199699661248
2 6 3 5 -1  1
11230456983173990542
4 1 3 2 -1  1
11230460371573962509
2 4 1 5 -1  1
11230520685890171437
3 4 3 6 -1  1
11230673182755300927
0 0 0 1 -1  1
11230896163489843531
4 5 4 7 -1  1
11231436896995676288
1 2 4 2 -1  1
11231494083084187217
3 6 6 3 -1  1
11231658323814236444
1 4 3 2 -1  1
11231713117158197202
3 2 4 3 -1  1
11231913770802508869
1 4 2 4 -1  1
11232103309181250889
1 4 4 1 -1  1
11232608821373817005
0 4 0 6 -1  1
11232707313453483715
3 2 2 2 -1  1
11232715614760575487
3 5 4 4 -1  1
11232765710051172145
5 3 4 4 -1  1
11232809458281935993
4 4 2 6 -1  1
11233198878812608426
2 4 2 2 -1  1
11233278447180851909
0 5 0 3 -1  1
11233558833696803936
0 3 1 3 -1  1
11233730542004630954
0 4 0 6 -1  1
11234197294045014432
0 5 0 6 -1  1
11234275671047604072
3 6 2 5 -1  1
11234361501223419108
1 0 3 0 -1  1
11234487830203491199
4 3 7 3 -1  1
11234520515347287027
4 7 5 6 -1  1
11234732100507986561
4 1 5 0 -1  1
11234851442681433541
3 3 2 4 -1  1
11235137432493878188
0 3 3 3 -1  1
11235198630791672205
2 5 4 4 -1  1
11235219889591635619
2 1 3 1 -1  1
11235222018779553131
0 5 0 4 -1  1
11235239514273523319
7 1 6 1 -1  1
11235579807270658228
3 2 5 4 -1  1
11235647351373384033
6 1 6 4 -1  1
11236158233985722080
4 2 4 6 -1  1
11236176848108356906
1 6 3 6 -1  1
11236259946609623922
2 3 3 2 -1  1
11236306875368993477
1 3 1 4 -1  1
11236549988773967108
2 3 3 3 -1  1
11237082039683577601
1 6 1 5 -1  1
11237132055593208625
2 6 3 6 -1  1
11237137439230346364
0 3 1 2 -1  1
11237149457023599173
3 3 1 3 -1  1
11237221459462759332
3 3 4 2 -1  1
11237309799418589415
0 3 5 3 -1  1
11237320461934020950
1 3 3 2 -1  1
11237373494052744327
5 6 6 4 -1  1
11238050359727243879
0 6 1 7 -1  1
11238232245834701457
2 2 3 3 -1  4
11238426533983781833
3 6 5 6 -1  1
11238437564192661560
1 2 3 2 -1  1
11238528977507562122
1 5 0 4 -1  1
11238783275518461837
0 0 0 2 -1  1
11238789274132299327
3 0 4 0 -1  1
11238952246889758279
2 3 1 4 -1  1
11239199377420895969
3 5 1 3 -1  1
3 5 4 6 -1  1
11239223363323503463
0 3 1 3 -1  1
11239487673644149937
0 3 2 5 -1  1
11239761109648307690
3 6 5 7 -1  1
11239972018809753916
1 5 1 4 -1  1
11240344793908967456
2 3 4 1 -1  1
11240349220993997295
1 0 1 1 -1  1
11240491138607419969
1 7 2 7 -1  1
11240559454749801266
3 7 3 6 -1  1
11240562338685042002
1 4 2 4 -1  1
11240585267685444196
2 6 3 6 -1  1
11240589437294497324
0 7 0 0 -1  1
11240602395246846255
2 2 4 3 -1  1
11240671919317983752
6 3 6 7 -1  1
11240835695278517980
0 2 2 4 -1  79
0 2 4 6 -1  31
0 5 1 4 -1  30
0 5 2 3 -1  4
0 5 3 2 -1  13
1 0 2 0 -1  2
1 0 3 0 -1  3
1 5 2 5 -1  15
1 6 2 6 -1  13
1 7 2 7 -1  23
3 3 2 1 -1  2
11241116229514675849
4 4 5 6 -1  1
11241272522902848717
0 2 3 5 -1  1
11241389953967266624
0 4 2 5 -1  1
11241457533118459686
4 1 3 0 -1  1
11241465057305979781
2 3 3 4 -1  1
11241571535487942523
1 0 2 2 -1  1
11241870670528321193
3 5 4 6 -1  1
11241924632088071935
3 5 4 4 -1  1
11241932876567780764
2 1 4 3 -1  1
11242246030691122860
6 1 7 2 -1  1
11242516460440171341
5 3 6 3 -1  1
11242530029261298760
1 4 2 4 -1  1
1 6 2 6 -1  1
11242745445866032460
2 5 3 3 -1  1
11242753288488626820
3 3 4 3 -1  1
11243175681253897627
1 6 2 6 -1  1
11243222881360236259
1 2 3 2 -1  1
11243239159470050104
3 2 2 1 -1  1
11243523505438880816
1 1 2 1 -1  1
11243584922639851516
4 2 2 4 -1  1
11243796927268220656
2 5 3 5 -1  1
11243808376725591897
1 4 3 4 -1  1
11243965818454323630
1 5 3 5 -1  1
11244198845880259778
0 1 1 3 -1  1
11244253272325248185
0 5 4 1 -1  1
11244442798274711071
2 6 2 5 -1  1
11244484517971758716
1 6 3 5 -1  1
11244599846447333204
3 6 4 6 -1  1
11244689631676440491
2 2 4 3 -1  1
11244745449553092607
2 4 2 0 -1  1
11244788837289057839
2 0 2 3 -1  1
11244917975904555388
5 6 4 7 -1  1
11244981139763644029
0 3 4 3 -1  1
11244997003502973320
3 1 4 1 -1  1
11245170260714992480
0 4 1 4 -1  1
11245444302342420643
0 5 0 4 -1  1
2 2 3 0 -1  1
11245669735431108577
0 7 1 7 -1  1
11245752121978389981
0 4 0 6 -1  1
11245779538324619299
0 2 1 1 -1  1
11245850324613602948
1 1 2 1 -1  6
3 2 4 2 -1  14
11246320111871952102
3 5 4 4 -1  1
11246334501752217651
2 7 3 6 -1  1
11246621313286631552
0 6 4 6 -1  1
11246797650372763266
2 5 4 7 -1  1
11247010980623769601
0 6 1 7 -1  1
11247189400397044945
0 0 0 3 -1  1
11247227242314975560
0 1 0 2 -1  1
11247336888697484069
3 4 4 3 -1  1
11247545794831049228
0 4 0 3 -1  1
11247643038667252906
2 5 3 6 -1  1
11247699688522985662
3 2 2 2 -1  1
11247728193782787042
0 4 0 3 -1  1
11247867468514126747
2 0 1 2 -1  1
11248179447034980033
3 6 4 6 -1  1
11248429363533704820
0 6 1 5 -1  1
11248781040358405297
3 2 4 2 -1  1
11248970502070563345
6 0 7 2 -1  1
11249012855939199212
3 3 4 4 -1  1
11249089414317998555
2 1 0 3 -1  1
11249211134735045488
4 5 5 7 -1  1
11249314667425522004
0 2 1 1 -1  1
11249364659200541366
2 5 3 4 -1  1
11249410740280541643
0 1 6 1 -1  1
11249453476323535490
1 1 3 1 -1  1
11249681127642810002
0 3 1 2 -1  1
11249910000951474207
0 4 0 6 -1  1
11250017343567614218
1 1 2 0 -1  1
11250184501669663945
1 4 3 4 -1  1
11250314290443626059
3 4 7 4 -1  1
11250369772298035639
0 5 2 7 -1  1
11250410391555616097
2 2 2 1 -1  1
11250468062869296037
3 4 4 4 -1  1
11250516485420157560
4 5 5 5 -1  1
11250942504269565493
1 3 3 5 -1  1
11251291807534466578
1 5 3 5 -1  1
11251415974437879006
2 5 1 3 -1  1
11251623476563880275
2 5 3 3 -1  1
11251637862963236062
0 0 0 4 -1  1
11251942141504450020
0 3 1 4 -1  1
11252339054958390285
2 2 2 1 -1  1
11252543839033084072
2 5 3 4 -1  1
11252706510521770788
3 1 4 3 -1  2
11252909994752547479
0 5 4 1 -1  1
11253015964948523429
2 5 3 4 -1  1
11253211049451775076
3 3 4 3 -1  1
11253322286614203571
1 5 2 6 -1  1
11253430891218858825
3 3 5 4 -1  1
11253666527053125964
0 3 0 2 -1  1
11253729397997590030
3 5 4 5 -1  1
11253959755717613525
0 5 1 6 -1  2
11254401130870137027
5 7 4 6 -1  1
11254612488104114506
3 4 7 0 -1  1
11254749175131431551
3 6 2 7 -1  1
11254792455478532338
0 3 0 2 -1  1
11254847506269450256
2 4 1 3 -1  1
11254969800892495556
2 4 3 3 -1  2
11255005638642459702
5 4 2 1 -1  1
11255114852663804589
5 7 6 6 -1  1
11255292054208084312
2 5 3 5 -1  1
11255305303479548257
1 0 2 0 -1  1
11255326360292759990
5 2 4 0 -1  1
11255438442525071961
1 2 2 2 -1  1
11255586024787458717
3 6 4 7 -1  1
11255970421417093285
1 2 2 1 -1  1
11256003260886749629
2 2 4 3 -1  1
11256140145951675167
0 3 5 3 -1  1
11256289088717035983
0 6 1 6 -1  1
11256332442612297014
1 5 2 5 -1  1
11256519013835844691
2 5 2 6 -1  1
11256569430714686729
5 0 7 2 -1  1
11256601461495074107
3 7 7 3 -1  1
11256611277825710266
7 6 4 6 -1  1
11256987268534875076
5 4 5 6 -1  1
11257302217209839931
1 4 2 6 -1  1
11257305903044995194
1 7 2 7 -1  1
11257400002405079421
3 7 5 5 -1  1
11257406007444794807
0 4 0 6 -1  1
11257785718007449740
0 2 5 2 -1  1
11257811109549864868
0 1 0 2 -1  1
11257891986924410239
1 1 3 1 -1  1
2 2 3 0 -1  1
11258049737597398137
4 7 5 7 -1  1
11258108288282503025
6 3 6 0 -1  1
11258109970571073601
0 2 0 4 -1  1
11258444727284295627
4 5 4 3 -1  1
11258559968616244898
2 5 4 3 -1  1
11258708148252801722
1 5 3 5 -1  1
11258793778991292182
0 4 0 6 -1  1
11258821471830177222
3 2 4 1 -1  1
11258846556083533609
2 6 3 6 -1  1
11258849871887558234
4 0 6 0 -1  1
11258901409417909887
3 4 2 3 -1  1
11258902699140789187
0 3 4 3 -1  1
11259045917289649259
1 1 1 2 -1  1
11259135468416485559
3 3 3 2 -1  1
11259184199235185669
1 4 2 6 -1  1
11259277589406844297
0 5 2 3 -1  1
11259369853358369301
2 1 4 2 -1  1
11259499616062945543
2 3 1 2 -1  1
11259771377705172589
4 7 6 6 -1  1
11259851736074489432
4 6 2 7 -1  1
11259989526559436877
3 1 4 2 -1  1
11260299348023242727
1 3 3 4 -1  1
11260312545199114787
2 5 4 4 -1  1
11260409778832606727
2 5 3 5 -1  1
11260940487593996552
3 2 2 1 -1  1
11261374120781287046
3 5 3 7 -1  1
11261384979480456000
0 3 2 5 -1  1
11261392358489366551
3 2 4 2 -1  1
11261661729934498689
6 1 5 0 -1  1
11261870872762151857
1 1 7 1 -1  1
11261999169990350060
0 6 2 5 -1  2
11262104738064821091
2 2 2 4 -1  1
11262292939033400353
1 0 2 0 -1  1
11262329250011447600
5 1 4 1 -1  1
11262389084900060961
3 4 4 3 -1  1
11262531544798468973
1 4 2 2 -1  1
11262749243578792483
0 5 0 4 -1  1
11262794741819250731
3 1 4 2 -1  1
11263012507483533652
2 5 3 3 -1  1
11263023003083641236
0 7 0 2 -1  1
11263063457362046838
2 4 3 5 -1  1
11263084585044190138
2 4 3 3 -1  1
11263212231820339426
0 2 3 2 -1  1
11263267493016801608
1 1 3 1 -1  1
11263722405193981927
1 6 2 6 -1  1
11263791995268313372
2 5 4 4 -1  1
11263872842997363777
3 4 4 3 -1  1
11263970137062937851
1 4 2 4 -1  1
11264045322364603194
2 5 1 3 -1  1
11264266598202451608
1 4 2 4 -1  1
11264269157864799199
3 0 2 2 -1  1
11264465537834973524
2 4 6 0 -1  1
11264513795074620724
1 3 1 1 -1  1
11264802688593425617
4 0 6 0 -1  1
11264924277956316813
2 4 3 3 -1  1
11265216891477777263
1 5 2 5 -1  1
11265310543142276972
1 6 2 6 -1  1
11265364141581226069
1 2 1 1 -1  1
11265533247073095855
2 4 3 3 -1  1
11265619409814905218
0 4 5 4 -1  1
11265752612139003010
1 0 2 0 -1  1
11266038073794688996
4 3 2 2 -1  1
11266056629938491937
0 0 5 0 -1  1
11266076573131280147
0 0 2 0 -1  1
11266290422207523078
1 0 3 0 -1  1
11266581505846342634
7 0 7 1 -1  1
11266608095461392753
0 6 2 5 -1  2
1 3 3 5 -1  1
1 4 2 4 -1  1
11266680022030761171
0 4 0 0 -1  1
11267091634780056362
2 2 4 3 -1  1
11267337670651723885
5 1 6 0 -1  1
11267377442780180041
5 1 6 1 -1  1
11267476489279123630
1 3 2 3 -1  1
1 7 2 7 -1  3
11267807886215174567
0 3 2 3 -1  1
11267833256225890274
1 3 2 2 -1  1
11267896248121795783
1 4 4 1 -1  1
11268014095678129142
4 0 6 2 -1  1
11268368743188201173
4 3 2 3 -1  1
11268497831754143262
3 7 4 7 -1  1
11268595068623353348
2 1 2 2 -1  1
11268642944300296300
3 2 3 6 -1  1
11268719927579572765
0 3 0 0 -1  1
11268787870458018301
5 3 5 2 -1  1
11269049597811371103
1 3 2 3 -1  1
11269076675946890620
0 1 1 3 -1  1
11269135809622162731
2 1 3 1 -1  1
11269213299132566770
5 2 3 2 -1  1
11269423868189534167
2 1 1 2 -1  1
11269772409660762002
0 2 1 3 -1  1
0 2 4 6 -1  19
0 3 2 1 -1  2
0 3 3 0 -1  6
1 4 2 4 -1  3
3 2 4 3 -1  21
11269898120358542840
0 0 3 0 -1  1
11270039650208000440
1 1 4 4 -1  1
11270094041914147129
7 2 7 5 -1  1
11270263025623028877
0 2 3 2 -1  1
11270736618146184147
2 6 1 6 -1  1
11270843349583892076
2 1 3 2 -1  1
11270866167467382498
3 4 7 0 -1  1
11271022364641668120
0 5 4 1 -1  1
11271216454193416382
5 5 6 4 -1  1
11271394904243667806
1 1 2 1 -1  1
11271503633841832950
1 1 1 4 -1  1
11272241541017401487
4 4 2 5 -1  1
11272464034647544389
0 2 0 1 -1  1
11272613083765418582
1 2 2 3 -1  1
11272775438434081287
3 3 4 3 -1  1
11273211921879765711
4 7 5 6 -1  1
11273217888053257475
3 3 1 2 -1  1
11273223874634464807
2 2 3 0 -1  1
11273250410033974700
4 5 3 4 -1  1
11273258161180195278
1 1 3 1 -1  1
11273328535179773868
0 3 1 3 -1  1
11273358322670407819
4 2 5 2 -1  1
11273391138118805673
4 3 3 4 -1  1
11273540159675948719
0 4 4 4 -1  1
11273742034098360549
3 0 4 0 -1  1
11273868626868944068
0 2 5 2 -1  1
11273883439330837423
0 4 0 1 -1  1
11273911228812075380
0 1 2 2 -1  1
11273974620853916462
1 7 0 7 -1  1
11274158927428725247
0 5 4 1 -1  1
11274317952049773035
3 3 4 2 -1  1
11274564658451042625
0 2 1 3 -1  1
11274881297538523529
4 2 3 4 -1  1
11275024200731385301
1 6 2 6 -1  1
11275180034551743198
0 1 1 2 -1  1
11275216164372024491
1 2 2 2 -1  1
11275355353766645039
3 2 2 1 -1  1
11275587638723934635
2 3 3 2 -1  1
11275846068214239854
2 6 3 4 -1  1
11275979702201811623
2 7 3 6 -1  1
11276018166405530435
4 5 6 4 -1  1
11276289400402326554
1 7 4 7 -1  1
11276389977761391540
2 1 3 1 -1  1
11276500031285624327
0 2 3 5 -1  1
11276643935948608265
2 3 1 4 -1  1
11276801041130641380
2 3 4 2 -1  1
11277107595162780467
0 5 0 4 -1  1
11277407855308887257
4 7 5 6 -1  1
11277536896464532709
2 4 3 4 -1  1
11277621797846404167
1 6 2 7 -1  1
11277650494149712753
7 2 7 3 -1  1
11277912318407272933
0 4 0 3 -1  1
11277987104632503217
1 5 3 5 -1  1
11278021646905087821
1 2 1 4 -1  1
11278055492824657905
3 5 3 4 -1  1
11278442741522961002
6 4 5 3 -1  1
11278588292955086816
5 6 4 6 -1  1
11278754086318177466
2 5 3 4 -1  2
11278902319764048433
3 4 3 7 -1  1
11278971720617534532
5 3 3 1 -1  1
11279033860974220578
7 1 3 5 -1  1
11279172772995914084
1 4 3 2 -1  1
11279301493953146889
1 5 2 4 -1  1
11279497915086054158
1 0 2 0 -1  1
11279608009497704478
3 2 3 3 -1  1
11279700484026681313
1 6 2 6 -1  1
11280077961359371793
0 3 3 3 -1  1
1 2 2 2 -1  2
11280218032403873963
4 6 5 5 -1  1
11280264798834384233
2 5 3 3 -1  1
11280308100498493818
1 5 1 6 -1  1
11280315612217695922
2 3 3 3 -1  1
11280484358916462979
4 4 5 3 -1  1
11280538325737727753
0 3 2 3 -1  1
11280562146217622114
0 6 1 6 -1  1
11280812499035553139
7 3 4 6 -1  1
11281106170437099192
2 2 3 2 -1  1
11281249043411564297
2 6 1 5 -1  1
11281327699686691601
5 6 6 6 -1  1
11281481623132439468
2 0 4 0 -1  1
