2704127828113114234
1 5 3 5 -1  1
2704275089775084838
7 6 2 6 -1  1
2704652240490778669
2 1 3 1 -1  1
2704708665691346169
0 4 0 6 -1  1
2704951495580621337
1 3 2 3 -1  1
2705167596557055330
6 3 5 3 -1  1
2705267739729819561
3 7 4 5 -1  1
2705404756347643062
6 3 4 1 -1  1
2705447437122271361
0 4 0 2 -1  1
2705497182066813783
3 4 0 4 -1  1
2705518672736614392
7 3 6 3 -1  1
2705547506594812304
6 0 3 0 -1  2
2706025141839935360
0 6 0 7 -1  1
2706040829536806583
1 4 2 4 -1  1
2706044070631537133
6 5 4 3 -1  1
2706153425701535348
0 0 0 4 -1  1
2706221603638709826
1 4 3 4 -1  1
2706249049428224614
1 5 2 5 -1  1
2706500804261955825
1 7 2 7 -1  1
2706573507460229178
2 4 3 2 -1  1
2706614634704676499
1 1 2 1 -1  1
2706749518914825294
3 4 4 4 -1  1
2706838129746373142
0 1 2 0 -1  2
2707257470741602837
3 5 4 6 -1  1
2707533354938129478
4 4 5 4 -1  1
2707704977852315467
5 3 5 4 -1  2
2708041575583203934
2 3 1 3 -1  1
2708137828812391484
5 2 7 3 -1  1
2708222371148002881
1 5 2 5 -1  1
2708466903231754410
2 4 3 5 -1  1
2708599030094430378
0 1 2 1 -1  1
2708709683772184841
0 4 0 3 -1  1
2709004269417988536
2 2 3 0 -1  1
2709071121734152400
4 4 5 3 -1  1
2709077132612179884
4 6 5 5 -1  1
2709123763953642198
1 6 2 6 -1  1
2709181431253728054
3 3 2 1 -1  1
2709573716632982999
4 4 4 5 -1  1
2709580139621069922
2 5 3 3 -1  1
2709669912364179447
0 1 1 1 -1  1
2709867106724438948
0 1 2 2 -1  1
2709887622823742079
0 7 0 6 -1  1
2710005412668743009
3 1 7 1 -1  1
2710062026849412305
1 4 1 6 -1  1
2710280788255832628
0 6 1 5 -1  1
2710289080456421618
5 7 6 7 -1  1
2710355358614198323
3 0 4 1 -1  1
2710360279031523885
1 5 3 5 -1  2
2710501231018223015
0 5 1 7 -1  1
2710585248361814642
5 3 6 3 -1  1
2710700381841842044
3 7 4 7 -1  1
2710755268627585631
4 4 4 0 -1  1
2710831035045773624
2 5 2 6 -1  1
2710947677446020796
2 5 3 4 -1  2
2711033976381462858
3 5 4 4 -1  1
2711074154977280857
0 1 2 2 -1  1
1 4 2 4 -1  2
2711171487940061460
3 3 1 3 -1  2
2711360055745445920
0 5 0 3 -1  1
2711434928625399831
0 3 2 3 -1  2
2711662556143865928
4 5 5 5 -1  1
2711703991447778015
1 5 3 5 -1  1
2711869368037878127
4 3 6 2 -1  1
2711918954319241015
0 1 2 2 -1  1
2711966602015269248
3 4 4 3 -1  1
2712026298365439294
1 3 4 3 -1  3
2712162280938256702
2 0 3 0 -1  1
2712568486980765339
4 6 5 6 -1  1
2712594622313782000
1 4 3 3 -1  1
2712652867758260825
3 4 6 4 -1  1
2712775710393133426
3 4 4 3 -1  1
2712869236132835538
3 3 4 2 -1  1
2713045055969590496
4 4 5 5 -1  1
2713263121165989595
0 1 6 1 -1  1
2713296178960267198
1 7 2 7 -1  1
2713486396668924149
2 5 4 4 -1  1
2713540208968131080
2 5 4 4 -1  1
2713580574121268516
4 4 2 3 -1  1
2714061169334836732
0 1 1 3 -1  1
2714207959952429782
3 5 4 6 -1  1
2714231638036237097
0 5 1 3 -1  1
2714304166137647116
0 5 0 6 -1  1
2714456228303634932
2 6 3 6 -1  1
2714728130540549737
0 7 0 3 -1  1
2714743348428022451
3 4 4 5 -1  1
2714764575390931919
0 2 1 3 -1  1
2714801112673480809
0 2 0 4 -1  1
2714845994359263043
3 4 5 3 -1  1
2714856524262124648
0 3 1 3 -1  1
2714957154390918692
0 5 4 1 -1  3
2714986292929490125
6 0 5 0 -1  1
2715193241327892459
2 6 3 6 -1  1
2715901756624918524
1 6 4 3 -1  1
2716049180452305132
3 2 4 3 -1  1
2716088030428837369
1 7 2 7 -1  1
2716195295622431840
0 0 0 2 -1  1
2716486559014694284
2 3 1 3 -1  1
2716528439112850501
0 0 0 4 -1  1
2716665789532597073
0 3 0 0 -1  1
2716750174326438232
6 0 5 0 -1  1
2717230438274047223
0 5 0 3 -1  1
2717314800297559901
6 7 7 7 4  1
2717353052494455367
1 4 2 6 -1  1
2717396939723158655
2 6 3 6 -1  1
2717479583615589949
1 1 2 1 -1  1
2717661928246628384
1 2 3 2 -1  2
2717668554219171430
0 5 0 4 -1  1
2717792025771508115
3 0 4 0 -1  2
2717836003014134522
2 2 3 4 -1  1
2717958958520611429
2 2 4 1 -1  1
2718046440987334577
1 5 2 4 -1  1
2718134248345710888
2 0 1 2 -1  2
2718186682729064459
4 4 5 4 -1  1
2718292829027276068
1 5 1 4 -1  1
2718395586315477103
0 4 0 6 -1  1
2718462483184181739
1 4 4 7 -1  1
2718539641777522525
1 0 3 0 -1  1
2718704855100690300
2 3 5 6 -1  1
2718872835608939485
1 0 0 0 -1  1
2718994309331478082
4 2 6 4 -1  1
2719173056937022553
5 4 5 6 -1  1
2719350709653730105
0 6 0 7 -1  1
2719471380756745135
0 5 0 1 -1  1
2719509933969757312
2 2 0 0 -1  1
2719538749364347725
2 4 3 2 -1  1
2719725036841269243
1 4 3 5 -1  1
2719746191869181390
1 4 0 3 -1  1
2719791496421665479
1 5 2 5 -1  1
2719824900815655994
0 2 1 3 -1  2
2719941187058972383
3 4 1 3 -1  1
2719999819196466727
0 3 0 2 -1  1
2720011662490715541
1 1 2 1 -1  1
2720012925789300000
0 4 0 6 -1  1
2720374399570774357
0 5 1 4 -1  1
2720668229087352631
1 4 1 2 -1  1
2720826552778672054
2 5 4 4 -1  1
2720847610119750754
2 1 3 0 -1  1
2720949595822250706
4 4 2 5 -1  1
2720993418122297053
4 2 4 1 -1  1
2720996328053053034
5 2 5 4 -1  2
2721092722563798400
0 3 0 2 -1  1
2721109367796418945
3 0 4 0 -1  1
2721334716540937525
4 1 6 3 -1  1
2721495070307750810
1 3 1 2 -1  1
2721525406702161257
0 4 0 6 -1  1
2721624023687935001
0 3 0 5 -1  1
2722267206803143822
1 0 2 0 -1  1
2722353339606116324
6 1 0 7 -1  1
2722445126744009447
2 3 2 2 -1  1
2722771886131013320
1 2 3 2 -1  1
2723229089313522796
4 6 3 7 -1  1
2723343275570521024
1 3 2 1 -1  1
2723405419438384826
4 7 4 3 -1  1
2723596804690477247
0 2 3 5 -1  1
2723718283299561819
2 0 6 0 -1  1
2723733186138107409
0 7 2 7 -1  1
2723747731646576997
0 2 1 1 -1  1
2724203144933468707
7 3 5 3 -1  1
2724556702552101312
2 5 3 3 -1  1
2724561216369515463
0 1 1 3 -1  1
2724595412552934573
2 5 4 4 -1  1
2724606077272183946
4 1 6 1 -1  3
2724689650413755962
0 2 2 0 -1  1
2724747755353354490
1 5 2 4 -1  1
2725164313554890125
1 1 2 1 -1  1
2725257910314884182
1 5 2 4 -1  1
2725324370883047142
1 7 3 7 -1  1
2725433026051766645
4 2 5 1 -1  1
2725485003775258727
6 0 1 5 -1  1
2725523944821399977
1 3 3 4 -1  1
2725525464632673326
0 3 1 2 -1  1
2725828171816798931
1 2 3 2 -1  1
2725843628717427657
2 2 0 2 -1  1
2726363297303366759
3 4 4 4 -1  1
2726553377953049073
6 5 4 6 -1  1
2726872579074597220
3 2 1 4 -1  1
2726966950486736066
0 4 0 6 -1  1
2727241874314230318
1 4 2 4 -1  1
2727404781549348778
1 1 2 1 -1  1
2727577621757402577
0 4 0 6 -1  1
2728152063603390213
2 1 3 0 -1  1
2728205148858850507
4 6 2 5 -1  1
2728295499392455935
0 3 6 3 -1  1
2728381244337239640
0 6 0 5 -1  1
2728915866018231686
0 5 1 4 -1  1
2728993191548274883
1 4 1 5 -1  1
2729100247059259884
3 5 4 4 -1  1
2729144987740593336
0 7 0 1 -1  1
2729321430516330698
3 5 3 3 -1  1
2729342165885518844
3 3 5 5 -1  1
2729358984597339826
2 7 3 7 -1  2
2729486416188609474
0 2 0 1 -1  1
2729815012354060409
2 1 2 2 -1  1
2729914445622611505
1 6 2 6 -1  1
2729926012749985146
2 2 1 1 -1  1
2729970283353746916
1 5 2 3 -1  3
2730029243943443097
6 3 6 4 -1  1
2730036578313802404
0 4 0 5 -1  1
2730103610782584637
1 6 2 6 -1  1
2730351323343612642
4 0 2 1 -1  1
2730429023995093969
1 4 2 2 -1  1
2730579582718035019
6 0 1 5 -1  1
2730700267347005838
1 7 2 7 -1  1
2730809123704619391
2 7 3 7 -1  1
2731159890127937795
5 7 2 4 -1  1
2731255399694467095
0 2 1 3 -1  1
2731427971644471290
3 1 4 2 -1  1
2731583647637386124
0 2 0 1 -1  3
2731626170859637058
2 1 1 3 -1  1
2731747242194582913
2 2 3 2 -1  1
2731795555432972189
1 5 2 5 -1  1
2731829772049102207
3 4 4 6 -1  1
2731947682959413182
1 0 3 0 -1  2
2732310882032555774
0 1 5 1 -1  1
2732354735518015675
0 2 0 1 -1  1
2732356261852802331
4 2 5 1 -1  2
2732472885631262755
5 7 6 5 -1  1
2732584728168941319
0 3 0 2 -1  2
2732855916511959141
6 1 6 0 -1  1
2733012563503919370
1 2 3 2 -1  1
2733434254525746130
3 3 4 2 -1  1
2733924084377309080
4 1 2 3 -1  1
2734012678405101256
7 3 6 3 -1  1
2734144423854611704
3 4 2 5 -1  1
2734401844675699003
0 2 0 1 -1  1
2734438023694971179
2 1 3 3 -1  1
2734463019753537048
4 4 2 5 -1  1
2734546013696010412
2 3 4 5 -1  1
2734812806710645874
3 0 4 1 -1  2
2735094786253304532
1 3 2 4 -1  1
2735255380028390617
2 7 3 7 -1  1
2735309414477160790
1 0 2 0 -1  1
2735544729788433415
1 5 2 5 -1  1
2735661273726662714
0 3 0 0 -1  1
2735765283582954912
1 5 2 4 -1  1
2735768849648592888
0 4 0 5 -1  1
2735803797584959587
1 1 3 1 -1  1
2735927859664022558
1 1 3 1 -1  1
2736132139434166043
1 0 2 1 -1  1
2736161374570075020
5 2 6 0 -1  1
2736201949867778769
7 3 4 6 -1  1
2736336230461727993
1 6 3 4 -1  1
2736407292047702868
3 2 3 1 -1  1
2736865428653830683
2 5 3 4 -1  1
2737368788454361721
4 2 5 1 -1  1
2737724858915748983
1 4 2 4 -1  1
2737960810519749313
2 5 3 3 -1  1
2737994015197626412
0 3 4 7 -1  1
2738244209573217170
6 3 5 3 -1  1
2738388835880089767
0 4 6 4 -1  1
2738584301484960492
0 0 0 1 -1  1
2738942826622934805
3 3 1 4 -1  1
2739041551531304343
1 2 3 2 -1  1
2739132134654559859
5 4 6 3 -1  1
2739175081882323756
0 3 0 2 -1  1
2739219966364115403
4 6 5 6 -1  2
2739368124349397549
6 3 4 2 -1  1
2739528702939405340
2 3 4 3 -1  1
2739536621837817099
3 2 3 1 -1  1
2739623519917559815
0 0 0 3 -1  1
2740002298697749310
0 4 0 2 -1  1
2740006763758932706
3 3 4 3 -1  1
2740175679526870439
0 7 0 3 -1  2
2740236113073469295
4 1 5 1 -1  1
2740239299661472014
0 6 2 5 -1  1
2740332705146499897
0 6 1 6 -1  1
2740542288785655824
1 1 4 4 -1  1
2740579214271770213
1 2 2 2 -1  1
2741024711078998042
2 4 3 3 -1  1
2741054201869726055
0 6 2 5 -1  1
2741347134348855435
4 3 4 2 -1  1
2741390196212583476
0 2 3 5 -1  1
2741526590921776602
3 4 1 6 -1  1
2741555109161504275
1 3 3 2 -1  1
2741640032859414404
0 5 2 3 -1  1
2741659979520553805
5 7 3 6 -1  1
2741800365777019447
0 1 1 3 -1  1
2741991647943136461
2 3 6 7 -1  1
2741998145974202968
0 4 0 6 -1  1
2742001351229419613
0 5 0 3 -1  1
2742028432392693215
2 3 1 5 -1  1
2742117176957355803
2 1 3 1 -1  1
2742183456366564283
3 7 4 7 -1  1
2742517605473549590
2 3 3 3 -1  1
2742596650247085666
5 2 2 2 -1  1
2742831179945522813
2 6 4 5 -1  2
2742904265537209386
1 5 2 4 -1  1
2743194688981172324
2 7 3 5 -1  3
2743346187173393156
2 5 4 6 -1  1
2743346477796981468
4 1 6 1 -1  1
2743424449974853511
0 0 0 2 -1  1
2743499232260971793
6 3 7 3 -1  1
2743613406504211092
0 6 1 7 -1  1
2743732946336626523
3 1 4 0 -1  1
2744019804161327803
2 0 0 0 -1  1
2744053144263572419
0 2 0 3 -1  1
2744185687896577419
1 2 4 2 -1  1
2744415750747160145
2 2 3 1 -1  2
2744439340696405128
5 1 6 1 -1  1
2744452793027125162
0 2 0 3 -1  1
2744469027224727011
4 4 5 3 -1  1
2744585246542907440
1 2 2 3 -1  1
2744621976835626363
0 4 0 6 -1  2
2744654019066069479
0 2 3 5 -1  1
2744735088210277289
2 5 4 7 -1  1
2744748079666400995
3 2 6 5 -1  1
2744807004117906182
3 4 1 3 -1  1
2745047289949755075
1 3 3 3 -1  4
2745203296348534564
0 6 1 7 -1  1
2745225262647569520
2 4 2 5 -1  1
2745440670570614219
1 2 1 0 -1  1
2745452168948699814
0 5 1 6 -1  1
2745568778505201149
6 3 5 3 -1  1
2745703417342349447
0 3 2 1 -1  1
2745916266356633417
0 4 0 6 -1  2
2746060894115209577
1 2 2 2 -1  1
2746147754063309964
0 6 1 7 -1  2
2746218423225705474
2 5 3 5 -1  1
2746383315386095134
3 3 1 3 -1  1
2746420843239618726
0 0 0 2 -1  1
2746508471952365690
1 7 2 7 -1  1
2746513077068357147
6 4 1 4 -1  1
2746517585415743843
3 2 5 1 -1  3
2746542725977379735
0 0 0 3 -1  1
2746559114647240049
2 1 3 2 -1  1
2746594487010918973
3 4 4 5 -1  1
2746747530243424164
2 4 2 6 -1  1
2746893213505130069
3 2 1 2 -1  1
2746936415920479907
1 0 3 0 -1  1
2746955766591038659
7 0 6 1 -1  1
2747114079843556193
1 5 3 5 -1  1
2747379565411084978
1 1 2 2 -1  2
2747767073049268142
5 3 7 5 -1  1
2747782138497116181
0 3 1 3 -1  1
2748045560862871548
4 1 6 3 -1  1
2748171505875955157
1 4 1 3 -1  1
2748266970087168372
0 5 1 7 -1  1
2748658729844933272
2 7 3 7 -1  1
2748765311744210428
0 6 1 6 -1  1
2749075658942690033
2 1 0 3 -1  1
2749107737614806607
1 6 3 6 -1  1
2749130969441512760
1 5 2 5 -1  1
2749237669095414735
4 3 5 3 -1  1
2749617385221983491
0 5 0 4 -1  1
2749648884374292159
0 3 1 4 -1  1
2749729321050921101
1 3 0 3 -1  1
2749750825916076876
0 5 0 0 -1  1
2749947218840949914
1 1 2 0 -1  1
2750049222776045660
2 2 1 4 -1  1
2750067607460525648
0 3 7 3 -1  1
2750106147945819638
3 6 4 6 -1  1
2750656611037204588
3 3 5 5 -1  1
2750694717664360232
1 5 2 6 -1  1
2750835019231805286
3 2 4 3 -1  1
2750868109376735788
4 5 4 7 -1  1
2751087018958806422
0 3 1 3 -1  1
2751318568434203698
4 0 5 1 -1  1
2751361369710469607
2 1 1 2 -1  1
2751423843290302227
6 2 2 2 -1  1
2751467629596228801
7 5 6 5 -1  1
2751580453344428755
0 5 0 3 -1  1
2751715118510592029
1 1 1 0 -1  1
2751786464808617689
1 3 2 4 -1  1
2751798094549892904
1 6 3 6 -1  1
2751810540880236451
0 3 2 5 -1  1
2752079503323851673
1 2 2 2 -1  1
2752215878405741428
4 7 4 1 -1  1
2752277519896572753
0 6 2 4 -1  1
2752341865935355815
2 3 5 6 -1  1
2752415346057683175
1 7 0 6 -1  1
2752459521286507994
2 2 2 0 -1  2
2752909702436913828
0 4 0 3 -1  1
2753179413132070261
2 5 2 6 -1  1
2753324552479608726
3 5 4 5 -1  1
2753637687743522367
0 4 0 3 -1  1
2753771783624565362
1 3 2 1 -1  2
2753827701505091908
6 5 6 4 -1  1
2753882165099901721
2 4 2 2 -1  1
2753928190481494875
4 3 5 3 -1  1
2753949575725188498
0 5 0 2 -1  1
2754045294189984002
0 7 0 6 -1  1
2754090654341633829
5 3 5 5 -1  1
2754190776082522194
2 5 3 4 -1  1
2754224594160586875
1 6 2 6 -1  1
2754281367518501223
1 0 3 0 -1  1
2754319642391207172
2 2 3 4 -1  1
2754371208336739209
4 0 5 0 -1  1
2754420236819302382
3 6 4 5 -1  1
2754612542919742189
4 1 5 2 -1  1
2754722007605943703
1 0 2 0 -1  1
2754738721066441891
7 2 5 2 -1  3
2754821867212693136
2 6 4 5 -1  1
2755076412991810233
3 2 5 0 -1  3
2755166054553346109
1 5 2 5 -1  1
2755229819848686292
6 2 6 3 -1  1
2755269603324561250
0 1 1 1 -1  1
2755289287503725599
3 1 4 0 -1  1
2755382625977883493
4 7 4 6 -1  1
2755521458604885848
0 3 1 3 -1  1
2755888800784947865
5 2 7 3 -1  1
2756214212589877595
3 1 2 1 -1  1
2756289090167414593
3 3 2 5 -1  1
2756394241763977740
2 5 4 3 -1  1
2756517160048516876
2 4 4 6 -1  1
2756572223721900994
1 4 2 6 -1  1
2756788453895617706
1 4 2 4 -1  1
2756835382136459490
6 2 4 3 -1  1
2756855654053550161
0 5 1 4 -1  4
0 5 2 3 -1  1
2757011914077186260
4 5 6 5 -1  1
2757213302907988678
2 2 4 1 -1  1
2757238167865925409
6 3 3 3 -1  1
2757438851794839993
1 4 1 3 -1  1
2757478721477755026
1 0 2 0 -1  1
2757619988840999684
1 7 2 7 -1  1
2757913027982631065
7 0 3 0 -1  1
2758079327357374847
1 1 2 1 -1  1
2758129822057839149
0 3 5 3 -1  1
2758181761682490312
1 1 2 1 -1  1
2758201062283410006
0 4 7 4 -1  1
2758235713837370664
4 4 5 3 -1  1
2758361586598877707
0 2 3 5 -1  1
2758436078439679397
1 3 2 1 -1  1
2758716454434856058
4 5 5 4 -1  1
2758845765996128245
3 3 4 2 -1  1
2758881765507419966
0 2 2 4 -1  1
2759202768904131604
4 6 2 5 -1  1
2759487737172190324
1 4 3 4 -1  1
2759745444030749799
3 4 2 5 -1  1
2760159338702577816
2 3 4 3 -1  1
2760504266275506493
1 5 2 5 -1  1
2760541475337715372
2 6 6 2 -1  1
2760642438822400772
0 3 1 2 -1  1
2760797976654706997
1 3 3 4 -1  1
2760798023184493843
2 2 3 2 -1  1
2760945217337944146
0 5 2 3 -1  1
2761168971459922124
1 7 2 7 -1  1
2761174467222885150
1 2 5 6 -1  1
2761375480531246649
0 2 1 3 -1  1
2761536291178156759
1 4 1 3 -1  1
2761694637904737345
1 0 2 0 -1  1
2761725646585156612
1 4 2 5 -1  1
2761753030730821222
3 4 2 5 -1  1
2762501920050980393
0 2 7 2 -1  1
2762549138520753122
6 3 6 4 -1  1
2762556854098725341
6 3 4 5 -1  1
2762563670139709520
0 2 1 1 -1  1
2762646705515031142
0 4 1 3 -1  1
2762816488300696800
0 0 0 4 -1  1
2762838642164439616
4 0 2 2 -1  1
2762897420916798757
0 1 2 2 -1  5
2762950100292215170
0 4 0 2 -1  1
2762973037877860207
6 0 2 4 -1  1
2763071609066701323
6 4 6 7 -1  1
2763212505583669784
0 1 1 3 -1  1
2763250385872158154
1 0 2 1 -1  1
2763365937152227531
1 3 0 4 -1  1
2763407647830914139
4 1 5 2 -1  1
2763962761713436189
2 2 1 3 -1  1
2764161019496210129
4 4 3 5 -1  1
2764491646437841455
1 1 3 1 -1  1
2764621161582632604
4 0 5 1 -1  1
2764634965947796872
0 5 0 3 -1  1
2764724324650159711
1 1 3 1 -1  1
2764797043473707175
1 2 3 2 -1  1
2764804949439812261
0 2 3 2 -1  1
2764812508945949428
0 4 0 6 -1  1
2764919442055464564
3 3 4 4 -1  1
2765119845571644025
0 0 0 2 -1  1
2765146398311150305
0 4 0 6 -1  1
2765306857283870843
0 2 0 0 -1  1
2765342879830498892
4 3 4 0 -1  1
2765371522137257784
0 5 0 4 -1  1
2765400114372372277
2 2 3 2 -1  2
2765487223800298175
2 3 3 3 -1  1
2765683078386563143
1 5 0 5 -1  1
2765902182578672533
2 2 3 4 -1  1
2765945604201400522
2 3 1 4 -1  1
2765954237365554986
4 4 6 4 -1  1
2765991939401849122
1 2 2 1 -1  1
2766403050763286638
0 4 0 2 -1  1
2766449025296328573
0 5 3 2 -1  1
2766553027106164620
0 3 1 4 -1  1
2766599325098701145
6 6 7 6 4  1
2766610621245954203
2 3 7 3 -1  1
2766709760273488768
7 6 6 6 -1  1
2767075181721511468
3 2 4 3 -1  1
2767316536239785206
0 0 7 0 -1  1
2767358293476314618
0 0 0 4 -1  1
2767525749818275414
3 1 3 2 -1  1
2767773875802026175
0 2 2 4 -1  1
2767784392767953290
2 0 3 1 -1  1
2767836044357275064
2 6 3 6 -1  1
2767870681888634543
2 3 5 6 -1  1
2768111192738131536
6 2 6 3 -1  1
2768134758653752849
3 3 4 3 -1  1
2768710480156067442
4 3 1 3 -1  1
2768776364137536343
0 5 1 4 -1  1
2768995685982399918
3 2 4 3 -1  1
2769152844008144356
0 3 3 3 -1  1
2769224943037985341
1 5 2 5 -1  1
2769245486163473439
1 3 4 6 -1  1
2769635027245053861
1 7 6 2 -1  1
2769692506333047949
2 2 2 4 -1  1
2769714654637486170
3 4 5 3 -1  1
2769720021142085649
2 5 3 5 -1  1
2769965812539921548
2 4 3 3 -1  1
2770006343628859572
3 3 3 5 -1  1
2770050140619377900
2 4 3 4 -1  1
2770082808416874613
1 4 5 4 -1  1
2770344337541952739
3 0 2 1 -1  1
2770525337135185269
0 2 3 2 -1  1
2770665649484151154
1 2 3 2 -1  3
2770722625020146120
0 3 0 6 -1  1
2770897870046493401
0 0 0 3 -1  1
2771054083072011815
4 0 4 1 -1  2
2771083455687381259
4 0 5 1 -1  1
2771093760634241067
0 0 0 2 -1  1
2771196316598616027
3 1 2 0 -1  1
2771256319368918493
0 0 0 4 -1  1
2771700575134334145
0 3 0 2 -1  1
2771730082372999341
0 5 2 5 -1  1
2771765672377821089
4 3 5 1 -1  1
2772017703584202909
1 6 3 4 -1  1
2772089392959220591
1 6 2 5 -1  1
2772333120757903161
2 5 0 6 -1  1
2772434200150410341
4 3 3 4 -1  1
2772569657212519189
0 7 1 6 -1  1
2772726264678459158
1 2 1 4 -1  1
2772908319620076431
1 3 2 1 -1  1
2773065371486578953
0 6 2 6 -1  4
2773199777057250544
2 2 3 4 -1  2
2773284612039034192
1 2 1 5 -1  1
2773636127192209775
1 4 2 5 -1  1
2773678349776443451
2 5 4 4 -1  1
2773726701172572116
1 1 3 1 -1  1
2773762827860485452
3 7 5 5 -1  1
2773890799021665499
3 5 4 6 -1  1
2773968392889694101
3 4 4 5 -1  1
2774010354218813407
6 6 7 5 -1  1
2774030425323407668
0 1 1 3 -1  1
2774211410332762617
1 6 3 6 -1  1
2774229963182279090
1 3 3 2 -1  1
2774240403180440373
4 1 4 0 -1  1
2774597011969333177
0 7 3 7 -1  1
2774662013348361545
2 2 3 2 -1  1
2774818027179493224
1 6 2 7 -1  3
2774905774202497704
5 7 7 5 -1  1
2774992719483429842
2 2 1 4 -1  1
2775096069813440423
2 4 3 4 -1  1
2775211186487619526
3 2 2 4 -1  1
2775235068276448882
1 5 2 5 -1  1
2775350798197303491
1 2 2 2 -1  1
2775610607760968325
4 6 4 7 -1  1
2775642899017395161
7 2 7 4 -1  1
2775708784550052955
1 4 3 4 -1  1
1 6 2 6 -1  1
2775936052091559577
3 5 4 5 -1  1
2776102290120017971
1 3 2 4 -1  1
2776209196807907705
2 1 3 0 -1  1
2776476837159254872
5 5 5 6 -1  1
2776567520762192786
0 3 0 2 -1  1
2776581643468442840
3 3 6 3 -1  1
2776744125963843963
3 5 4 6 -1  1
2777231815613421987
6 2 6 3 -1  1
2777265652007134386
1 4 2 4 -1  1
2777267452449271907
3 4 6 4 -1  1
2777383854272189530
2 2 3 4 -1  1
2777694961309126920
5 0 6 0 -1  1
2777700994054341201
4 5 3 5 -1  1
4 5 6 3 -1  1
2777727692591466578
3 6 3 7 -1  1
2778145934163518994
1 0 0 0 -1  1
2778164062027662491
2 4 3 6 -1  1
2778264209979757912
3 4 6 1 -1  1
2778419182383384079
0 1 0 2 -1  1
2778985055696345753
0 0 0 3 -1  1
2778997624025891556
3 3 4 5 -1  1
2779153720001203405
2 4 3 3 -1  1
2779161425250271519
2 2 3 2 -1  1
2779376865115470178
2 4 0 6 -1  1
2779385142331115610
2 1 4 2 -1  1
2779725689592983043
1 6 2 6 -1  1
2779753352618238168
2 4 3 5 -1  1
2779758569359418929
0 3 1 3 -1  1
2779785351165019781
1 6 2 6 -1  1
2779970601724446345
0 2 4 2 -1  1
2780090329503587526
1 7 2 6 -1  1
2780231607806696784
4 4 3 3 -1  1
2780414950191104975
1 3 3 2 -1  1
2780533503286667401
1 1 2 2 -1  1
2780607736273325339
3 3 1 2 -1  1
2780659655852696121
3 5 1 7 -1  1
2780669549534154302
1 4 1 3 -1  1
2780763408440966503
1 3 4 3 -1  1
2780816446594609604
1 3 2 2 -1  1
2780952921975156296
1 2 4 5 -1  1
2780963465412625585
0 3 7 3 -1  1
2781371845157820548
1 5 3 5 -1  1
2781453343038833003
3 5 4 4 -1  1
2781616362379953679
0 1 2 2 -1  3
2781827017719935204
7 6 5 6 -1  1
2781893520332216444
1 1 2 1 -1  1
2781996061301038004
6 7 5 7 -1  1
2781996391497704138
0 6 1 7 -1  2
2782084096203881659
0 5 1 4 -1  2
2782198536542917389
2 4 3 4 -1  1
2782228078879300990
3 5 4 6 -1  1
2782350440164782919
0 3 3 0 -1  1
2782396377476497989
2 5 4 6 -1  1
2782421108404462479
3 6 5 7 -1  2
2782486087146261193
1 6 3 6 -1  1
2782567529785995735
0 2 1 3 -1  1
2782666286886147042
0 4 7 4 -1  1
2782852215536022010
0 6 1 6 -1  1
2783062341489601663
3 4 4 4 -1  1
2783085970879503892
2 5 3 7 -1  1
2783373934423491080
1 3 2 4 -1  3
2783398851824864624
1 6 2 5 -1  1
2783543618646652013
4 4 5 4 -1  1
2783640472785288525
0 3 0 2 -1  1
2783765338062463057
0 4 0 2 -1  1
2783790419310483823
0 2 0 4 -1  1
2783967927993105540
4 3 6 5 -1  1
2784028619000469043
1 1 0 2 -1  1
2784126423554432807
3 6 2 5 -1  1
2784224886690150532
2 5 4 4 -1  1
2784244050383085096
1 3 0 3 -1  1
2784259568596621391
1 4 4 4 -1  1
2784271531285481442
0 3 1 4 -1  1
2784363374230297206
0 1 2 2 -1  1
2784803775006819730
6 4 4 2 -1  1
2784810883740351362
6 4 6 3 -1  1
2784830748332264831
2 4 3 5 -1  1
2784886141726467180
2 6 6 2 -1  2
2784903540636219280
2 4 2 3 -1  1
2785166194738477521
3 0 5 0 -1  1
2785445692199024369
0 6 1 5 -1  1
2785871816424627098
4 4 6 3 -1  1
2785906312844430491
3 1 4 1 -1  1
2785985758590508914
3 5 2 3 -1  1
2786158998751097479
2 2 1 4 -1  1
2786223928328861081
0 6 1 6 -1  1
2786309102776247143
1 4 2 6 -1  1
2786420417933362533
5 2 6 2 -1  1
2786541439661607565
2 3 1 3 -1  1
2786810935714457504
3 6 4 6 -1  2
2786997549197093215
2 4 3 5 -1  1
2787125002433379911
2 2 3 2 -1  1
2787337735543719005
6 5 5 4 -1  1
2787382899017653777
2 4 2 3 -1  1
2787411185591921838
2 6 3 6 -1  1
2787460301857183154
0 6 1 5 -1  1
2788092248418482011
2 1 3 1 -1  1
2788134039854464831
0 6 0 4 -1  1
2788137784038606130
2 5 3 3 -1  1
2788187153243314480
7 3 7 5 -1  1
2788253050423397148
0 3 0 2 -1  1
2788360033063152586
1 4 2 4 -1  1
2788372363425582063
3 7 5 5 -1  1
2788408439353351053
4 1 4 0 -1  1
2788417393770220407
0 5 2 3 -1  1
2788572979345336554
0 2 2 4 -1  1
2788595169973493684
4 7 5 7 -1  1
2788650912512072863
4 1 3 1 -1  1
2788715127520609775
4 6 0 6 -1  1
2788818776516186358
2 5 2 7 -1  1
2788829794728507365
5 7 6 6 -1  1
2789007242608172137
0 6 0 7 -1  1
2789015334034773120
0 6 1 7 -1  1
2789258516656511866
0 1 2 2 -1  1
2789278093072213986
1 3 3 1 -1  1
2789288928657585644
3 4 4 3 -1  2
2789378241766853137
3 0 4 1 -1  1
2789523886925194056
0 2 3 5 -1  1
2789611654560456038
4 3 5 3 -1  1
2789627300862297064
2 1 3 0 -1  1
2790033496804031699
0 5 4 5 -1  1
2790186985901952469
2 2 3 3 -1  1
2790292889020399003
3 1 4 0 -1  1
2790523623131663269
0 5 0 4 -1  1
2790557416679358567
2 4 3 4 -1  1
2790714914288295684
1 3 2 1 -1  1
2791016414263252589
0 4 0 6 -1  1
2791095458533011213
1 3 0 5 -1  1
2791263162186353806
1 7 3 7 -1  1
2791431531594622751
3 1 5 0 -1  1
2791659735991352482
7 3 2 3 -1  1
2791690768853023831
1 0 3 0 -1  1
2791708602173629335
0 4 1 4 -1  1
2791730194496775781
1 3 2 5 -1  1
2791771700410071793
5 1 4 1 -1  1
2791836031238558598
0 2 2 4 -1  1
2792381878808056091
1 4 0 3 -1  1
2792415909257251504
0 7 0 2 -1  1
2792579015909493792
1 3 0 5 -1  1
2792721241554613678
4 6 2 4 -1  2
2792796158133524908
3 6 3 3 -1  1
2792899437633765103
2 6 3 6 -1  1
2792968730892932567
3 2 1 4 -1  1
2793091315872184758
2 3 3 1 -1  1
2793139517585812342
5 6 5 7 -1  1
2793209543450211163
0 4 2 4 -1  1
2793744830124238089
3 1 5 3 -1  1
2793806289721870435
5 7 3 6 -1  1
2794008404922269676
3 5 4 5 -1  1
2794177907930325370
1 0 2 1 -1  1
2794221772725071154
0 4 0 6 -1  1
2794236398807773024
3 0 5 1 -1  1
2794261270828879598
1 2 5 6 -1  2
2794575958758464552
0 4 7 4 -1  1
2794607874655904951
3 6 4 6 -1  1
2794718724432217215
1 0 2 0 -1  1
2794719104719772311
5 0 5 4 -1  1
2794783852258039526
0 4 7 4 -1  1
2794822679507682652
3 1 4 2 -1  1
2794836479844265127
4 3 4 5 -1  1
2794840930177546901
6 3 4 3 -1  1
2794868033860537533
2 4 3 5 -1  1
2795078013514430959
5 4 0 4 -1  1
2795244914636836136
3 3 5 3 -1  1
2795257461240545467
3 6 3 5 -1  1
2795386876713573811
2 5 4 4 -1  1
2795389706275745300
2 3 4 2 -1  2
2795526708896521807
0 3 1 4 -1  1
2795682759822831103
2 5 3 3 -1  1
2795743948220227774
5 0 5 7 -1  1
2795755886822915151
0 1 0 3 -1  1
2795953823555392285
0 4 0 6 -1  1
2795971468507006216
4 3 5 3 -1  1
2795997610918677377
3 2 1 1 -1  1
2796137341390455672
2 0 4 2 -1  1
2796272390494358779
2 6 2 7 -1  1
2796592527728282347
4 2 6 0 -1  1
2796594795331840120
1 3 3 3 -1  1
2796697125463509710
6 0 4 2 -1  1
2796991644927999010
0 1 0 2 -1  1
2797293984127148000
6 3 3 6 -1  1
2797502553882047257
0 6 2 5 -1  1
2797589469737315330
4 5 5 6 -1  1
2797752654672396896
5 4 7 3 -1  1
2797851821406830775
0 3 3 3 -1  1
2797873701608390528
1 4 2 4 -1  1
2797980158716199819
2 2 4 3 -1  1
2798109097598082168
4 3 1 0 -1  1
2798360885571328610
7 2 5 1 -1  1
2798594321196905136
0 0 0 2 -1  1
2798844839470487068
0 4 4 4 -1  1
2798881287531309206
2 5 4 4 -1  1
2799171652555287344
3 3 2 1 -1  1
2799392308755110680
5 0 6 0 -1  3
2799565844750962782
0 6 2 5 -1  2
2799573210939888527
1 7 3 7 -1  1
2799635363709340970
6 1 4 3 -1  1
2799716733829928976
1 6 2 6 -1  1
2799784254404892423
0 2 2 4 -1  1
2799797123226728209
1 0 2 1 -1  1
2799868596764271776
6 0 6 7 -1  1
2800094737703516224
0 5 0 4 -1  1
2800158660185682417
4 4 2 3 -1  1
2800183193725761472
0 5 0 3 -1  1
2800305416399603007
2 5 5 5 -1  1
2800330558354329747
1 4 2 4 -1  2
2800718971987010375
3 2 4 1 -1  1
2800719197640110894
0 4 0 6 -1  1
2800886669005409301
3 0 3 2 -1  1
2801149989525901586
1 2 2 4 -1  1
2801306970693245049
2 0 5 3 -1  1
2801310128607020155
4 2 2 2 -1  1
2801314580887362800
1 1 2 1 -1  1
2801332153297828561
3 1 5 3 -1  1
2801623089566102857
2 3 4 1 -1  1
2801959425534907605
0 5 0 3 -1  1
2802203673828702321
4 3 2 5 -1  1
2802481946279229691
1 4 2 3 -1  1
2802757852890571018
0 3 0 4 -1  1
2802868152794786506
3 1 3 0 -1  1
2802875713324923791
4 6 5 6 -1  1
2802899455233982241
3 5 1 3 -1  1
2802923551745462299
3 0 4 0 -1  1
2802968834883908772
2 4 4 5 -1  1
2802982109074870739
3 5 4 6 -1  1
2803211109682990580
0 4 0 6 -1  1
2803227335788889022
1 2 1 5 -1  1
2803245706731255127
4 3 3 5 -1  1
2803384510595527711
0 4 3 4 -1  1
2803434023250761389
2 5 3 7 -1  1
2803441543319244714
2 4 3 4 -1  2
2803581133312795078
0 7 0 3 -1  1
2803656833329668088
2 2 3 3 -1  4
2803742222704760233
0 5 5 0 -1  1
2803896588921252570
1 6 2 5 -1  1
2804119229924868310
5 7 6 7 -1  1
2804209702056355253
1 4 5 4 -1  1
2804306193648046825
1 7 3 7 -1  1
2804465898725014371
0 2 1 2 -1  1
2804624546631125742
1 6 2 6 -1  1
2805368160976056735
3 2 2 1 -1  1
2805473008680628546
1 7 3 7 -1  1
2805616178941357637
1 3 1 4 -1  1
2805645017180594014
4 4 6 4 -1  1
2805912513776967964
1 6 2 6 -1  1
2805929082686942682
0 5 2 4 -1  1
2806052578809078301
1 7 2 7 -1  1
2806237240683146011
2 5 2 6 -1  1
2806321263142516258
5 0 6 0 -1  1
2806341745210203297
1 4 2 3 -1  1
2806437163880701979
0 2 3 2 -1  1
2806496725337994439
0 6 0 5 -1  1
2806598306310423337
3 5 2 5 -1  1
2806632705625706410
1 2 2 1 -1  1
2806653836637374092
2 2 3 4 -1  1
2806674742568480746
0 2 2 4 -1  1
2807171893942645735
1 1 3 1 -1  1
2807345256578562493
0 6 0 5 -1  1
2808063574151814610
6 2 3 2 -1  1
2808067338779504603
0 4 0 2 -1  1
2808118029377384315
2 7 3 6 -1  1
2808157476272503396
0 5 0 4 -1  1
2808188167586784992
2 1 3 2 -1  1
2808208470986447679
0 2 0 1 -1  1
2808213118530652785
3 4 1 2 -1  1
2808546516606809629
3 3 4 3 -1  1
2808572100092333940
1 4 3 6 -1  1
2808668470448873423
0 3 0 5 -1  1
2808711952318929431
0 1 1 3 -1  1
2808773791222069697
7 1 7 4 -1  1
2808777253387106671
3 0 2 2 -1  1
2808933815213376804
1 4 3 4 -1  1
2808940705296211223
1 3 1 5 -1  1
2809138953571825454
2 5 4 4 -1  1
2809163459512709540
2 5 3 3 -1  1
2809316160610021823
2 4 3 2 -1  1
2809419862118993709
2 5 4 4 -1  1
2809455425646852932
4 4 3 3 -1  1
2809621517135510765
2 4 3 4 -1  1
2809692759269569500
0 2 3 5 -1  1
2809778797566590447
0 5 1 5 -1  1
2810143191649275966
0 4 0 6 -1  1
2810280816783813061
0 5 1 6 -1  1
2810316593098803907
3 2 5 3 -1  1
2810470309259141477
0 2 0 1 -1  1
2810557917270065861
5 4 7 2 -1  1
2810808132399888664
0 3 0 2 -1  1
2810926399116899044
5 3 3 1 -1  1
2811007884220960908
4 2 2 0 -1  1
2811069559100863553
4 0 3 2 -1  1
2811358396503118154
0 3 0 2 -1  1
2811380950734715931
4 0 5 1 -1  1
2811589979924573591
0 6 1 5 -1  1
2811726773991044803
1 5 2 5 -1  1
2811867580440816719
4 3 5 2 -1  1
2812159559360824075
4 7 4 6 -1  1
2812215049947055202
1 5 2 4 -1  1
2812332108054268883
3 0 1 2 -1  1
2812453429026313580
1 6 4 3 -1  2
2812475983063406916
2 3 4 1 -1  1
2812582002688004478
0 0 0 3 -1  1
2812805305493126265
0 5 0 0 -1  1
2812808818821654178
1 3 2 3 -1  1
2812860193615433950
2 4 3 3 -1  1
2813002703483996411
1 5 2 5 -1  1
2813037021094922914
1 6 3 6 -1  1
2813046790190783829
2 1 2 2 -1  1
2813049927903991357
1 4 2 5 -1  1
2813146734673197547
2 6 4 7 -1  1
2813188945797781130
3 6 4 6 -1  1
2813314162278222293
1 6 3 6 -1  2
2813360504967465692
0 5 0 3 -1  1
2813446325429601203
1 1 1 2 -1  1
2813497432457127916
2 7 3 7 -1  1
2813510415474723522
3 3 3 0 -1  1
2813547710509201806
6 6 6 5 -1  1
2813597212160731358
3 3 2 3 -1  1
2813615628045255959
0 0 7 0 -1  1
2813626970988971192
6 4 7 3 -1  1
2813678000893369194
2 5 3 5 -1  1
2813681475846102416
0 5 3 2 -1  1
2813805703283336456
3 6 2 5 -1  1
2813845137659716730
0 4 0 6 -1  1
2814205336794706984
4 2 2 2 -1  1
2814357659362678321
2 1 0 2 -1  1
2814407341643817487
3 4 4 3 -1  1
2814566374306839691
3 6 1 4 -1  1
2814603677263230518
6 5 7 4 4  1
2814683741042593901
2 0 6 0 -1  1
2814807020368655150
6 3 6 4 -1  1
2814939052646452742
6 0 6 4 -1  3
2815009948519823907
1 2 1 3 -1  1
2815087614849719211
3 7 6 4 -1  1
2815119566847963044
2 5 4 4 -1  1
2815125283213037410
2 6 3 6 -1  1
2815218865584424043
0 3 1 3 -1  2
2815328464333389030
2 3 4 2 -1  1
2815978949418225946
2 6 3 4 -1  1
2815986898297731327
1 7 2 6 -1  1
2815997637517324577
1 4 3 4 -1  1
2816130387738653436
1 1 2 1 -1  2
2816195033381226247
2 7 3 7 -1  1
2816202732963049929
5 7 6 7 -1  1
2816214049849565385
4 3 4 7 -1  1
2816267283878068330
6 4 5 6 -1  1
2816291248386157281
1 1 1 3 -1  1
2816556224688737572
0 5 5 5 -1  1
2816591324439583376
0 7 0 3 -1  1
2816890300079665200
2 1 1 0 -1  1
2816942719377342406
5 4 6 4 -1  1
2816974553716325420
1 0 0 0 -1  1
2817039670276468498
4 3 4 4 -1  1
2817231633056604886
4 6 1 3 -1  1
2817480162153511730
2 5 1 3 -1  1
2817662411205946733
3 6 4 6 -1  1
2817710271079835817
2 6 0 5 -1  1
2817724353819964178
2 7 1 7 -1  3
2817889035804878404
0 6 1 5 -1  1
2817912089417701757
0 4 0 6 -1  1
2818111753661367547
1 7 0 7 -1  1
2818135254150042270
0 0 0 2 -1  1
2818203192692698809
5 7 4 7 -1  1
2818890447310936582
3 6 4 6 -1  1
2819216034509023598
4 7 5 7 -1  1
2819590965650839410
0 0 0 3 -1  1
2819685761160372456
1 3 2 2 -1  1
2820113703133871814
2 5 6 1 -1  1
2820233682288555119
4 5 5 5 -1  1
2820426268369918786
1 3 3 2 -1  1
2820452711642858807
7 2 7 3 -1  1
2820647144976629779
4 7 5 7 -1  1
2820702888603902921
1 4 2 5 -1  1
2820742582338765637
5 6 3 7 -1  1
2821019078909100392
0 5 2 6 -1  1
2821066692457402024
0 6 1 5 -1  1
2821140094587674289
3 6 2 5 -1  1
2821418582935776427
2 0 2 4 -1  1
2821431234681557124
1 3 3 3 -1  1
2821475621339951750
1 0 1 3 -1  1
2821616087661710978
4 0 5 0 -1  1
2821807561074437541
0 6 2 5 -1  1
2821909736488308153
0 5 1 6 -1  1
2821920996811693510
0 0 0 1 -1  1
2822036075866148289
2 4 0 3 -1  1
2822041880045862271
3 7 4 6 -1  1
2822118673892535316
2 5 3 4 -1  1
2822476277573306184
0 4 2 3 -1  1
2822524255525852836
3 6 4 6 -1  1
2822684393201531529
2 2 1 1 -1  1
2822749417130560139
1 5 3 5 -1  1
2822750258048588419
1 4 1 5 -1  1
2823000735072555520
1 3 0 5 -1  1
2823006238303795857
6 2 7 4 -1  1
2823640694433401432
2 4 5 7 -1  2
2823649634742058499
1 4 2 3 -1  1
2823674349673066875
0 0 0 1 -1  1
2824003735301733745
5 0 6 0 -1  1
2824329579504073964
2 3 3 2 -1  1
2824457190591235676
1 0 3 0 -1  1
2824486315363875851
1 1 2 2 -1  1
2824643269567412067
2 2 4 3 -1  1
2824752304052469461
2 5 3 4 -1  1
2824820955297372020
3 3 5 4 -1  1
2824838213886629796
1 2 2 3 -1  1
2825006530223544650
0 5 2 7 -1  2
2825511222700256115
1 6 2 6 -1  1
2825632309883444680
3 5 5 6 -1  3
2825851708601514436
0 4 5 4 -1  1
2825859018940892387
0 0 0 3 -1  1
1 0 2 0 -1  4
2826012049664373797
2 5 5 2 -1  1
2826202832655978830
2 6 1 6 -1  1
2826519209644095922
7 3 1 3 -1  1
2826691856050608186
1 7 0 7 -1  1
2826758188956438729
1 6 2 6 -1  1
2826972705860981387
0 4 1 4 -1  1
2827116963277403147
3 7 4 7 -1  1
2827231341411785341
1 0 2 1 -1  1
2827517469892979787
2 5 2 4 -1  1
2827588936463840894
0 4 0 6 -1  1
2827599883412809699
4 6 5 6 -1  1
2827737203659303110
3 3 0 3 -1  1
2827900666275772498
5 5 4 4 -1  1
2828109800068171138
0 2 1 1 -1  1
1 2 2 1 -1  1
2828251135468237637
0 1 1 3 -1  44
0 1 2 2 -1  72
0 5 2 3 -1  1
3 4 4 3 -1  7
3 4 4 4 -1  14
2828517942165120395
0 3 1 4 -1  1
2828568899917216162
3 4 4 4 -1  1
2828570546782517617
0 3 1 2 -1  1
2828728916785467707
2 5 4 4 -1  1
2828933849264351744
1 1 3 1 -1  1
2829197082882030821
3 3 4 3 -1  1
2829203882590115297
1 3 0 3 -1  1
2829538471409669759
1 1 0 1 -1  1
2829657341215654688
6 0 1 0 -1  1
2829884965000470026
6 7 6 2 -1  1
2830083342629960695
2 5 2 6 -1  1
2830151622399168422
0 3 1 3 -1  1
2830458017478152091
2 4 4 2 -1  1
2830502901261571230
3 6 4 6 -1  1
2830638498233121877
0 3 4 7 -1  1
2830645521383615720
0 2 2 0 -1  1
2830834580166840877
1 0 3 0 -1  1
2830867952675058733
2 5 1 7 -1  2
2830922438599517558
0 6 1 6 -1  1
2831018804711277188
2 5 2 7 -1  1
2831397234918486991
2 7 3 7 -1  1
2831505477137410309
2 3 3 4 -1  1
2831663624109783173
4 1 5 2 -1  1
2831729859286986529
0 2 4 6 -1  1
2831756088270973249
3 7 2 7 -1  1
2831790800458004615
1 5 3 3 -1  1
2831824155492456902
7 2 6 2 -1  1
2831882502759938540
4 5 3 4 -1  1
2832017763486700603
3 1 2 2 -1  1
2832265113592357456
3 6 4 7 -1  1
2832296165043568577
2 1 4 2 -1  1
2832351628514922083
1 3 4 6 -1  1
2832360323408122804
1 3 1 5 -1  1
2832371796169321405
1 6 1 3 -1  1
2832380380233991071
0 4 0 2 -1  1
2832410829976430692
0 2 3 2 -1  1
2832615689614273025
3 6 4 6 -1  1
2832708381497079773
0 6 1 7 -1  1
2832922496601593617
2 6 1 6 -1  1
2833111435563659780
2 4 3 4 -1  1
2833359770351768552
2 2 3 4 -1  1
2833378919637621125
2 3 5 6 -1  2
2833874300859906774
3 7 1 5 -1  1
2834293366390569588
1 2 1 1 -1  1
2834391330464650695
0 0 0 4 -1  1
2834476187345078417
5 1 7 2 -1  1
2834594436785281226
2 7 3 6 -1  1
2834618471782683031
3 7 1 5 -1  1
2834715883355954095
3 3 5 2 -1  1
2834797698814499506
1 5 2 5 -1  1
2834892190847672227
0 4 0 2 -1  1
2834973022151534097
5 5 6 5 -1  1
2835125672188794442
1 7 2 7 -1  1
2835192317538314747
3 4 4 3 -1  1
2835329691073989091
3 1 2 3 -1  1
2835524746887594003
4 0 5 1 -1  1
2835751001779212943
0 1 2 2 -1  1
2835804821940495122
1 6 2 6 -1  1
2836012477232332694
4 0 4 6 -1  1
2836061433646384227
3 7 4 6 -1  3
2836383614988473991
0 2 2 4 -1  3
2836459264267260351
0 5 0 4 -1  2
2836475144250413372
2 5 5 5 -1  2
2836739264930621635
0 2 1 3 -1  1
2836949737953049416
3 4 3 3 -1  1
2836985535576428986
0 2 4 6 -1  1
2837150591722970452
1 1 2 1 -1  7
2837324031468397352
0 4 0 2 -1  1
2837507906076609178
1 6 2 6 -1  1
2837563865957670240
3 7 4 6 -1  2
2838135465128124987
1 4 0 6 -1  1
2838176192065357064
0 7 0 6 -1  1
2838214890675259244
0 3 2 5 -1  1
2838267639949181726
5 3 6 3 -1  1
2838700993476299168
2 2 3 2 -1  1
2838876002417321370
4 4 4 6 -1  1
2839050100211746350
0 1 2 2 -1  2
2839066834238903367
0 6 1 5 -1  1
2839229793922372801
7 2 5 3 -1  1
2839275377400109836
3 5 2 3 -1  1
2839283743536763008
1 4 2 3 -1  1
2839524627190018379
1 3 2 4 -1  1
2839948539232683951
4 2 6 0 -1  1
2840024368391491477
1 1 2 1 -1  1
2840193825196348851
2 7 2 5 -1  1
2840285148293939736
4 3 6 5 -1  1
2840435162337628256
0 5 1 6 -1  1
2840996728785229413
1 2 2 1 -1  1
2841142874515829743
0 2 2 2 -1  1
2841712099323413011
3 7 5 5 -1  1
2841968247416484276
3 0 3 1 -1  1
2842088097312520222
1 7 0 6 -1  1
2842215944700078411
2 5 3 5 -1  1
2842287027373508153
1 2 4 2 -1  1
2842529529317786949
2 3 3 4 -1  1
2842814531984255863
3 2 3 6 -1  1
2842835499970728883
0 5 0 4 -1  1
2842851176096075910
2 2 4 3 -1  1
2842937691956376999
5 3 6 3 -1  1
2842950435509362905
3 4 5 5 -1  1
2843022684232212196
1 5 3 5 -1  1
2843135853651387609
1 0 2 1 -1  1
2843226425976965572
0 4 0 6 -1  2
2843298275614560252
0 4 0 2 -1  1
2843570316464343833
1 3 1 4 -1  1
2843754734390012975
2 3 3 2 -1  1
2843790509249013080
2 3 1 2 -1  1
2843962893169716334
1 6 2 5 -1  1
2843969372873692636
4 6 5 4 -1  1
2844005044682569287
3 3 4 5 -1  1
2844099145905612507
0 2 4 6 -1  6
2 2 1 4 -1  1
2844301051747081604
1 4 0 4 -1  1
2844368519130647224
2 5 3 5 -1  1
2844506644679677095
3 7 4 7 -1  1
2844654286496873371
0 2 1 3 -1  1
2844918073580592365
1 1 2 2 -1  1
2844957940059241257
4 1 5 0 -1  1
2845020206913560852
3 3 5 2 -1  1
2845584493615282719
3 7 4 7 -1  1
2845599756154832832
3 7 2 7 -1  1
2845840110506089538
5 0 7 2 -1  1
2846153477983459753
1 1 2 1 -1  1
2846587380074231197
3 3 1 3 -1  1
2846730510896158724
4 0 5 1 -1  1
2846735287779253148
1 6 3 4 -1  1
2846740182675927312
0 2 0 3 -1  1
2846849919826999721
0 4 5 4 -1  1
2846876668333787309
2 7 7 7 -1  1
2846880613197139639
6 3 6 4 -1  1
2846955957271266476
1 7 2 6 -1  2
2847088158280394674
1 5 3 5 -1  1
2847217260422711513
3 4 2 5 -1  1
2847281181586440913
1 7 0 5 -1  1
2847398470083016846
4 2 3 0 -1  1
2847430230204933921
2 5 3 5 -1  1
2847467006494000889
0 2 1 3 -1  1
2847512283906917034
0 1 1 3 -1  1
2847520093057736369
0 2 2 4 -1  1
2847755823672737236
0 2 0 1 -1  1
2847766433300381430
3 3 4 3 -1  1
2847807267997874570
0 2 0 5 -1  1
2848118215549600336
4 3 5 2 -1  1
2848295626222626294
6 2 5 0 -1  1
2848467085107340161
2 6 3 5 -1  1
2848548550330224301
6 1 4 1 -1  1
2848641886724625233
3 5 2 4 -1  1
2848660652282809217
0 1 4 5 -1  1
2848708326707386524
1 2 3 0 -1  1
2848857141695857482
3 4 6 4 -1  1
2848936987798686074
5 2 6 3 -1  1
2848960969036989151
3 2 2 1 -1  1
2848990966598334807
4 3 5 3 -1  1
2849034879817232219
0 2 4 6 -1  1
2849102014295134669
0 4 0 2 -1  1
2849264871165034870
4 2 5 3 -1  1
2849312727815399382
5 4 6 4 -1  1
2849362826751379378
0 7 1 6 -1  1
2849683888318318552
1 3 4 0 -1  1
2849916533897037892
5 0 3 0 -1  1
2849949151099241955
2 4 2 5 -1  1
2850229212067174923
2 2 3 3 -1  1
2850356237968437219
0 6 3 6 -1  1
2850485079406844779
1 1 3 1 -1  1
2850497606449583196
0 4 4 4 -1  1
2850680638669839956
7 4 4 4 -1  1
2850836708921822913
3 4 4 6 -1  1
2850839355618521286
1 4 2 3 -1  1
2851150888701825505
0 4 0 6 -1  1
2851224365434767738
2 1 3 1 -1  1
2851380503647328129
0 3 0 4 -1  1
2851980660300355255
1 5 2 5 -1  1
2852234291178450092
1 5 0 4 -1  1
2852319833805655925
6 3 6 1 -1  1
2852353668166554749
4 2 5 1 -1  1
2852404846512469660
4 5 2 6 -1  1
2852431368114984251
3 2 4 2 -1  1
2852458483405641434
0 1 1 3 -1  1
2852666005375485230
0 3 3 3 -1  1
2852673656572579646
3 5 4 4 -1  1
2852733447053159492
0 7 0 5 -1  1
2852791839438683024
4 3 6 3 -1  1
2853275651176878402
3 4 5 6 -1  1
2853460648509739708
3 5 4 4 -1  1
2853663864261338432
1 3 3 2 -1  1
2853797777357906360
3 6 4 6 -1  1
2853926999077331050
4 4 5 3 -1  1
2853991560554684192
3 5 4 5 -1  1
2854127621392836184
3 4 2 5 -1  1
2854139501707741206
0 0 0 2 -1  1
2854156098484005825
0 7 0 4 -1  1
2854162230847236002
3 2 4 2 -1  3
2854174824940420060
1 0 3 0 -1  1
2854278443992418150
0 2 1 3 -1  2
1 0 2 0 -1  11
1 0 3 0 -1  8
1 2 2 2 -1  3
2854352927084833852
0 5 1 4 -1  1
2854501241778227610
5 4 4 3 -1  1
2854511413612832163
1 6 2 6 -1  1
2854597792980691108
3 3 5 2 -1  1
2854747339828595831
1 6 2 6 -1  1
2854880800038742148
0 6 0 7 -1  1
2854920297532890632
0 4 0 3 -1  1
2854937966021640185
4 4 5 3 -1  1
2855108404573970691
3 6 3 5 -1  1
2855114003328994522
4 3 2 4 -1  1
2855156130746484004
5 3 4 4 -1  1
2855632978363608718
2 6 3 6 -1  1
2855644455342730910
0 3 1 4 -1  1
2855691765522752154
3 5 4 6 -1  1
2855861854322981739
0 2 2 3 -1  1
2855899231341449436
1 2 3 4 -1  1
2855996368955084429
2 5 3 4 -1  1
2856017072279955749
2 0 5 3 -1  1
2856164370098205060
1 3 2 1 -1  1
2856183561135972744
0 0 0 2 -1  1
2856245756920242954
0 2 3 5 -1  1
2856367300046626942
0 3 0 1 -1  1
2856454726501922589
1 3 3 3 -1  1
2856546846408042856
4 3 2 4 -1  1
2856709697696961773
1 4 2 3 -1  1
2856729077870992533
0 5 2 7 -1  1
2856767946915683576
0 4 0 2 -1  1
2856906506397637621
1 4 2 3 -1  1
2856951764519902893
1 1 2 1 -1  1
2856981501655677045
0 1 2 2 -1  1
2857170765172000637
3 3 4 2 -1  1
2857267185218857508
4 3 4 0 -1  1
2857883378667159152
0 4 4 4 -1  1
2857957399306662020
0 1 2 2 -1  1
2858134825535027831
1 2 1 4 -1  1
2858268821608833009
1 3 3 3 -1  1
2858684785261706856
5 1 6 1 -1  1
2858776928895384590
3 2 1 4 -1  1
3 2 4 1 -1  1
2858857321945377087
1 6 2 5 -1  1
2858975692845969736
0 7 0 6 -1  1
2859117154860540758
2 5 2 4 -1  1
2859161546337478448
2 4 3 5 -1  1
2859212074434960268
1 6 2 5 -1  1
2859305966782691496
2 1 6 5 -1  1
2859401002386326429
0 3 0 4 -1  1
2859549522274429277
1 4 2 3 -1  1
2859641756844044654
1 3 2 5 -1  1
2859680673703775811
4 6 3 5 -1  1
2859746421132958224
4 1 2 2 -1  1
2859801837659931917
4 2 2 3 -1  1
2859807175063333249
1 4 3 5 -1  1
2859866157509151209
3 4 3 7 -1  1
2859901213290260418
6 6 4 6 -1  1
2860051517301983950
0 2 1 3 -1  1
2860056299395789358
2 6 3 6 -1  1
2860277928773575588
0 3 1 3 -1  1
2860320256881981110
6 1 5 1 -1  1
2860334965556641972
1 5 2 6 -1  1
2860336377805635984
0 6 0 5 -1  1
2860353501492219714
3 1 4 1 -1  1
2860635576505908184
0 5 1 3 -1  1
2860654605320114732
2 5 3 5 -1  1
2860717010450519185
1 6 3 6 -1  1
2860748438801174093
2 1 4 0 -1  1
2861008995870532022
0 2 1 1 -1  1
2861018086539137358
3 6 2 5 -1  1
2861100984695951204
4 7 2 5 -1  1
2861411457241806432
3 1 4 1 -1  1
2861868620132222207
2 0 1 2 -1  1
2861939535731410659
0 1 2 1 -1  1
2862140040764785922
2 6 3 5 -1  1
2862187498591512838
1 0 3 0 -1  1
2862215097572068213
0 2 5 2 -1  1
2862289172654227593
1 0 3 1 -1  1
2862369017024933289
4 5 3 4 -1  1
2862400381864449688
4 3 3 1 -1  1
2862409393801286920
3 0 4 1 -1  1
2862469712440163218
3 3 4 4 -1  2
2862569472211754015
2 5 2 6 -1  1
2862606915663183792
3 7 4 7 -1  1
2862637345123432349
5 5 6 5 -1  1
2862654560443445962
2 4 3 4 -1  1
2862844261842196939
1 3 0 5 -1  1
2862875225916878657
1 3 3 3 -1  1
2862968897182215666
0 2 2 4 -1  1
2863110076943280489
1 5 2 5 -1  1
2863553699417306971
0 0 0 4 -1  1
2863620543113669106
2 2 4 1 -1  1
2863758720237879022
0 3 1 2 -1  2
0 6 1 4 -1  9
1 7 2 7 -1  1
2863834084761450431
0 6 1 7 -1  1
2863902511778955094
1 3 2 3 -1  1
2864163738697152243
3 0 4 0 -1  1
2864309336047825913
3 5 4 6 -1  1
2864394960907767533
1 0 2 0 -1  1
2864472138769685651
5 0 6 0 -1  1
2864604308760439439
0 0 0 2 -1  1
2864747470716852356
2 0 1 1 -1  1
2864821129322671115
0 5 2 5 -1  1
2864890577129800942
4 0 3 0 -1  1
2865046880587823954
2 5 3 5 -1  1
2865146643840433564
2 1 3 1 -1  1
2865306075553242523
1 7 2 7 -1  1
2865629223098447987
4 3 6 2 -1  1
2865795715788944530
5 6 5 0 -1  1
2865854769160607874
0 6 1 6 -1  1
2865902379330043428
1 1 2 1 -1  1
2866144023211578835
2 4 3 4 -1  1
2866290060821572505
3 2 3 3 -1  1
2866321020210882289
2 3 1 2 -1  1
2866480055663104921
4 0 5 2 -1  1
2866482884857147833
2 2 1 4 -1  1
2866693759425470618
1 3 2 5 -1  1
2866737914252199503
1 5 0 6 -1  1
2866828694147366422
0 2 1 3 -1  1
2867027028523842368
1 6 0 4 -1  1
2867041995682510994
2 3 1 2 -1  1
2867286142900506578
4 1 4 2 -1  1
2867335257001133283
0 4 0 2 -1  2
2867451127315314557
0 1 2 2 -1  1
2867461992415647566
0 1 1 3 -1  1
2867539494036231621
0 2 3 5 -1  1
2867698201699179943
3 3 2 1 -1  2
2867714824850034604
2 1 0 3 -1  1
2867744316046315857
0 4 0 6 -1  1
2867765079803370787
3 3 2 4 -1  1
2867935838885835277
0 6 1 4 -1  1
2868033582255546993
6 4 6 2 -1  1
2868204326650775519
3 1 4 2 -1  1
2868392146331396437
2 5 3 4 -1  1
2868403909521824077
1 3 3 3 -1  1
2869474128600837741
1 3 1 5 -1  1
2869749207863809220
1 7 2 6 -1  1
2869850653713860370
4 7 4 4 -1  1
2869889136619551466
1 2 3 3 -1  1
2870003720268734729
4 5 2 4 -1  1
2870048390973570959
3 2 2 4 -1  1
2870422248077042908
3 3 3 4 -1  1
2870531252955001275
0 2 0 4 -1  1
2870756559301573813
1 3 1 4 -1  1
2870772320908913472
1 3 3 3 -1  2
2870822604568009590
4 6 3 7 -1  1
2870825226535485182
7 4 7 0 -1  1
2870936611958747268
2 1 1 2 -1  1
2871101578839754941
3 7 4 7 -1  1
2871103062432963054
1 4 1 1 -1  1
2871184322835889436
0 5 1 4 -1  2
0 5 2 3 -1  3
2871309412045166777
0 2 2 4 -1  1
2871411265188992948
1 2 0 1 -1  1
2871450363856606870
1 5 2 5 -1  1
2871455887107986600
0 4 0 6 -1  1
2871657573100116320
2 4 3 4 -1  1
2871883647586699291
4 6 3 7 -1  1
2872454270827010507
0 6 2 5 -1  1
2872461980711194532
2 7 3 5 -1  1
2872605862701578264
0 3 1 4 -1  1
2872661457672034917
4 2 5 2 -1  1
2872710476882874389
2 4 4 3 -1  1
2872711719849199374
4 1 3 0 -1  3
4 1 5 2 -1  1
2872936421550246613
6 0 6 1 -1  1
2873064104335221064
0 0 0 3 -1  1
2873105722828055445
2 3 3 4 -1  1
2873297545794682765
7 2 7 0 -1  1
2873352115408068664
5 3 7 3 -1  1
2873443055056591122
1 3 4 3 -1  1
2873582366796837565
4 5 3 3 -1  1
2873701904370851926
4 6 5 5 -1  1
2873890611973567240
3 0 4 1 -1  1
2874098272401055258
1 3 2 4 -1  1
2874175639862967391
1 3 5 7 -1  1
2874424375579860627
2 4 3 3 -1  1
2874692919386011037
0 4 0 3 -1  1
2874704656537427992
0 3 1 4 -1  1
2874747888565899107
0 3 0 4 -1  1
2874776872673309115
1 2 4 2 -1  1
2875054565284513257
1 5 2 5 -1  1
2875113200153415692
1 3 6 3 -1  1
2875192190628856864
0 1 4 1 -1  1
2875276766530680197
2 4 3 4 -1  1
2875277327677822524
0 3 3 0 -1  1
2875328398348140085
2 4 5 1 -1  1
2875376294149654526
1 2 2 2 -1  1
2875496809332067152
2 3 2 2 -1  1
2875521925813883183
4 5 2 6 -1  1
2875556292051040600
0 5 1 6 -1  1
2875656592464706396
1 5 2 5 -1  1
2875724352713647302
1 4 2 3 -1  1
2875742148904429013
1 4 0 4 -1  1
2875752366225600998
5 7 1 3 -1  1
2875885334784962520
0 4 0 6 -1  1
2876121221971154252
4 2 2 3 -1  2
2876179224912586118
3 2 2 3 -1  1
2876202915882973914
1 6 2 6 -1  2
2876364284513018546
3 4 3 6 -1  1
2876545402388111428
3 5 0 2 -1  1
2876558022847275260
1 3 2 4 -1  1
2876632519524009038
0 4 7 4 -1  1
2876654274279134713
2 2 1 4 -1  1
2876902423138908671
3 5 4 4 -1  1
2876920608278744297
1 6 1 5 -1  1
2877091307169161973
1 5 2 4 -1  1
2877164089738523292
4 3 6 1 -1  1
2877318898353332362
3 0 4 1 -1  1
2877337793374322654
5 6 6 5 -1  1
2877463406181804528
3 6 4 6 -1  1
2877772384377830967
3 2 4 4 -1  1
2877784107257467930
0 4 0 6 -1  1
2877799224108216613
0 0 0 1 -1  1
2877875506210392503
4 2 2 4 -1  1
2877923175537415410
0 1 2 2 -1  1
0 5 1 6 -1  2
2878133384430570067
1 4 1 3 -1  1
2878168484876617117
1 2 3 0 -1  1
2878359711987535376
4 6 2 5 -1  1
2878444125933890547
2 2 3 4 -1  1
2878518445873966562
0 4 6 4 -1  1
2878521340134018755
6 4 7 4 -1  1
2878657758048140825
1 5 1 4 -1  1
2878781890548529547
0 4 5 4 -1  1
2878818775662287598
3 0 3 7 -1  1
2878888770341169842
0 5 0 0 -1  1
2878981260018014195
4 6 0 2 -1  1
2879152370632151447
0 3 2 5 -1  1
2879303530628744712
7 5 3 5 -1  1
2879451601409513169
0 4 2 4 -1  1
2879510857617083257
3 2 4 0 -1  3
2879586361762578186
1 7 2 7 -1  1
2879665385406900715
4 1 1 4 -1  1
2879699544534207893
0 0 0 3 -1  1
2879722580662080535
5 7 6 5 -1  1
7 1 7 0 -1  1
2879887598087678621
0 0 0 2 -1  1
2880034196771579809
4 3 1 6 -1  1
2880059022916423295
3 0 5 1 -1  1
2880328040746589096
0 6 1 6 -1  1
2880340392518593314
4 1 5 0 -1  1
2880356431227770241
0 6 1 6 -1  1
2880363617545348142
1 6 3 6 -1  1
2880369798936841856
1 4 3 6 -1  1
2880436089673964012
2 5 3 7 -1  1
2880470147807966016
2 3 3 5 -1  1
2880674661079934692
0 4 1 4 -1  4
2880693531402028249
4 4 5 2 -1  1
2880743117506499471
4 7 4 5 -1  1
2880777058500923537
0 3 0 2 -1  1
2880784658527188917
2 0 0 0 -1  1
2880856087269394590
5 2 6 2 -1  1
2880933754111286250
1 4 0 5 -1  1
2881305346019170847
1 0 2 0 -1  1
2881369679440360517
0 5 0 3 -1  1
2881584343139716430
5 3 1 3 -1  1
2881757373122764457
2 5 0 4 -1  1
2881777334254014256
2 3 5 6 -1  1
2881816448673397708
1 4 1 3 -1  1
2881827257336903649
1 5 2 5 -1  1
2881859849270399843
1 6 2 6 -1  1
2881868409785636419
1 2 0 2 -1  1
2881887382304206214
0 0 0 2 -1  1
2881925978473521614
4 4 0 4 -1  1
2882306508533358447
4 3 2 1 -1  1
2882390519625528372
2 4 0 3 -1  1
2882517385985272519
0 5 1 4 -1  1
2882538350459181986
6 5 6 1 -1  1
2882627066631639923
3 4 4 2 -1  1
2882666241105959771
2 4 3 2 -1  1
2882957507679626478
0 2 3 5 -1  1
0 3 2 1 -1  1
2882976087185758281
1 3 3 3 -1  1
2883047284972105044
2 2 4 3 -1  1
2883237785855750212
3 2 4 2 -1  1
2883380441944717762
2 6 2 4 -1  1
2883565219857257767
5 3 7 2 -1  1
2883754224395238305
4 3 2 5 -1  1
2883810111209972618
3 3 4 3 -1  1
2884152169254262448
3 1 7 1 -1  1
2884303126399241116
1 7 3 7 -1  1
2884341357855705320
7 2 7 7 -1  1
2884464458865353668
1 6 6 1 -1  1
2884567307814431288
1 6 3 6 -1  1
2884572044689570416
5 0 4 2 -1  1
2884574889247567081
2 4 4 5 -1  1
2884625328116026849
3 2 2 1 -1  1
2884631414570765853
0 5 5 5 -1  1
2884705598550414712
4 0 5 2 -1  1
2884719200679940422
0 1 0 2 -1  1
2884908462642303332
0 2 0 3 -1  1
2885538036853717749
1 7 2 6 -1  1
2885621443953546598
5 4 3 6 -1  3
2885623515240206442
7 0 7 7 -1  3
2885699893369937300
3 7 4 5 -1  1
2885996599060328361
1 2 2 2 -1  1
2886144860135216486
3 2 4 2 -1  1
2886308967802843839
1 7 2 7 -1  1
2886445552710373402
4 7 2 5 -1  1
2886516818306696855
4 0 3 1 -1  1
2886569189546129408
3 0 2 0 -1  1
2886574325297036857
1 0 3 0 -1  1
2886733360897884531
1 4 3 4 -1  1
2886877204126288543
1 5 2 4 -1  1
2887153018033600564
3 2 4 4 -1  1
2887184288908669602
2 3 2 5 -1  1
2887299952493654967
3 1 5 2 -1  1
2887407035848437117
0 5 0 3 -1  1
2887805835773667944
1 7 0 6 -1  1
2887899221035237294
1 0 2 1 -1  1
2888068306340251469
0 4 1 4 -1  1
2888076733043856462
5 2 4 0 -1  1
2888121131927412900
6 2 5 2 -1  3
2888179047225925041
2 1 3 2 -1  1
2888364022198619624
2 5 4 3 -1  1
2888385950943749910
2 2 3 0 -1  1
2888599073252399814
1 1 5 1 -1  1
2888666504926586637
4 1 5 1 -1  1
2888673211947606627
1 2 2 2 -1  1
2888888891068882345
0 3 1 3 -1  1
2889071330255483875
2 5 3 3 -1  1
2889110659177259979
0 0 0 5 -1  1
2889629401561061309
3 4 5 4 -1  1
2890038260938578716
0 2 0 3 -1  2
2890145961971767721
1 2 1 4 -1  1
2890302487144808141
1 2 2 1 -1  1
2890588822997730808
7 4 6 5 -1  1
2890920322146298669
1 3 2 4 -1  1
2890951374634937013
1 3 2 3 -1  1
2890968768614582216
2 0 3 1 -1  1
2890996164601189255
2 3 3 4 -1  1
2891621965970348753
3 3 3 6 -1  1
2891822092930101309
0 4 0 3 -1  1
2891880846704512874
3 2 4 4 -1  1
2891893801256918978
4 3 2 4 -1  1
2892093557405991713
5 7 6 6 -1  1
2892178345567470526
2 1 1 2 -1  1
2892213183407485650
4 4 6 6 -1  1
2892335103880023557
2 3 1 5 -1  1
2892335431457753825
0 0 0 4 -1  1
2892423383658296122
0 2 2 0 -1  1
2892497761856647971
2 7 2 0 -1  1
2892853366255883143
2 3 4 3 -1  2
2892880150538041705
1 7 2 7 -1  1
2892896514881068186
2 4 4 2 -1  1
2893324613415991608
2 5 1 3 -1  1
2893374045397545166
1 4 1 3 -1  1
2893390195813220428
0 2 1 3 -1  2
2893525349616370339
0 3 1 3 -1  1
2893691521985445187
4 2 6 4 -1  1
2893938404699347432
2 5 3 5 -1  1
2894001526401567671
0 1 0 0 -1  1
2894047010630599338
6 5 5 4 -1  1
2894119157565210461
1 5 2 6 -1  1
2894360051536933427
5 2 4 3 -1  1
2894431249956282040
2 3 1 4 -1  1
2895157222770757739
4 3 4 4 -1  1
2895317411679462115
5 0 5 6 -1  1
2895406104894574811
4 6 2 4 -1  1
2895436902029333220
0 5 1 4 -1  1
2895603930300135417
3 3 4 4 -1  1
2896001792879352971
1 4 2 4 -1  1
2896008779353284782
1 4 2 4 -1  1
2896075432168496574
3 0 4 0 -1  1
2896153216969093119
1 1 3 1 -1  1
2896298094242899631
1 0 2 0 -1  1
2896796956044204454
1 7 2 6 -1  1
2897189182999327580
1 3 2 1 -1  1
2897202551089790534
2 4 5 1 -1  1
2897391541404259040
1 2 3 2 -1  1
2897570165311034541
2 6 4 4 -1  1
2897614631056248055
2 5 3 4 -1  1
2897776975155332225
0 3 1 2 -1  1
2898027093289966533
0 4 0 2 -1  1
2898119442433650373
1 4 4 1 -1  1
2898141082403667890
3 0 6 0 -1  3
2898501733115833133
3 5 4 5 -1  1
2898585547322970836
1 7 1 3 -1  1
2898707272870860262
2 6 3 5 -1  1
2899045529963299979
3 4 3 2 -1  1
2899109330729575352
0 4 3 1 -1  1
2899805039601796069
2 4 3 4 -1  1
2900501091667799544
4 6 2 5 -1  1
2900501151703301613
6 3 5 5 -1  1
2900508236591995576
2 2 4 3 -1  1
2900714557215958253
0 3 1 2 -1  1
2901008919235357191
0 6 2 5 -1  1
1 5 3 5 -1  1
1 6 2 6 -1  1
2901034609178114256
2 1 3 1 -1  1
2901199349615780641
3 5 2 3 -1  1
2901372091642080304
3 7 2 6 -1  1
2901556057135020344
1 4 7 4 -1  1
2901783155717232494
7 1 3 5 -1  1
2901785188042923941
6 7 7 7 4  1
2902327172107437964
0 3 2 3 -1  1
2902333672762555268
1 0 2 0 -1  1
2902560207436902751
4 4 0 4 -1  1
2902561566785473402
1 4 3 4 -1  1
2902602848082845452
2 5 1 3 -1  1
2902663458165830406
1 3 1 4 -1  1
2902897305409635392
4 1 3 3 -1  1
2903024473836217070
1 2 2 2 -1  1
2903360670230332085
3 3 2 5 -1  1
2903478569777593952
1 1 2 1 -1  1
2903528336016855219
2 2 4 1 -1  1
2903645438712983951
6 4 6 5 -1  1
2903788577074008553
0 5 1 6 -1  1
2903954269558791054
1 6 2 7 -1  1
2903967091555383125
0 5 2 3 -1  3
1 2 2 2 -1  4
2904422006522039358
5 2 4 0 -1  1
2904429251255233230
1 7 2 7 -1  1
3 2 3 0 -1  1
2904478590277597408
3 1 5 0 -1  1
2904485892311101579
2 2 3 2 -1  1
2904576893582849706
6 2 6 6 -1  1
2904777549979977578
1 2 3 2 -1  1
2904891409040387513
3 7 2 5 -1  1
2904977803681744025
5 1 6 1 -1  1
2905002623048344085
2 5 4 4 -1  2
2905090048623855346
1 7 3 7 -1  2
2905198440629509679
2 3 5 0 -1  1
2905216099802275854
4 5 6 4 -1  1
2905250132419743900
2 0 3 0 -1  1
2905332474761363751
0 5 4 1 -1  1
2905393952752695786
0 0 0 2 -1  1
2905440557219676488
2 4 0 5 -1  1
2905511388564234846
3 4 4 3 -1  1
2905605296707956266
1 5 2 5 -1  1
2905606696379033901
0 5 0 0 -1  1
2905669443923361767
4 3 7 3 -1  1
2905714839373412117
6 1 7 2 -1  1
2905727966421593752
4 1 3 3 -1  1
2905953761011617399
0 1 0 2 -1  1
2906009863174557100
2 1 0 2 -1  2
2906054176913434709
2 6 3 6 -1  1
2906228479477459612
0 5 0 3 -1  2
2906266497362859009
0 0 0 3 -1  1
2906289089008469931
0 5 2 3 -1  1
2906346410779413698
1 1 2 1 -1  1
2906380119766536022
3 5 2 4 -1  1
2906435891196513255
0 4 4 4 -1  1
2906601254861824902
1 1 3 2 -1  1
2906622534248218935
0 1 1 3 -1  1
2906702552908440672
1 4 2 2 -1  1
2906807672376776656
1 0 3 0 -1  1
2906889548441151766
0 4 0 6 -1  1
2906927532262571794
6 3 7 2 -1  1
2907005352561299580
1 4 2 3 -1  1
2907087692609668251
2 3 1 2 -1  1
2907167266128744771
2 4 2 5 -1  1
2907175528541111013
0 0 0 3 -1  1
2907215182190245048
0 1 3 4 -1  1
2907259096270235066
1 4 2 3 -1  1
2907283057606786192
1 5 2 4 -1  1
2907301786112584611
3 5 5 5 -1  1
2907323028831645101
7 3 7 2 -1  1
2907328178700970295
2 7 3 7 -1  1
2907477420232770100
1 2 2 2 -1  1
2907539408091697617
2 5 3 5 -1  1
2907853024136985861
0 5 0 2 -1  1
2 3 2 5 -1  1
2907886030724621486
0 5 0 2 -1  1
2907887503267486849
0 1 1 3 -1  1
2907909234727844827
0 4 2 4 -1  1
2908002834133515658
1 5 2 5 -1  1
2908031059522576093
2 2 4 3 -1  1
2908098292796457097
1 5 2 4 -1  1
2908134368716773592
3 2 0 5 -1  1
2908168708515814273
4 7 4 4 -1  1
2908371356878440612
3 5 4 5 -1  1
2908434664175499432
2 1 4 3 -1  1
2908468539879116404
5 3 7 3 -1  1
2908606647988108166
2 5 4 4 -1  1
2908858745830222433
0 4 0 6 -1  1
2909050576125282471
0 6 6 6 -1  1
2909074175167066872
0 2 3 2 -1  1
2909136638186271848
0 6 2 7 -1  1
2909148500397543940
4 2 5 2 -1  1
2909332331346058456
1 6 2 6 -1  1
2909481511958875378
0 3 4 3 -1  1
2909678362560701844
2 4 4 5 -1  1
2909705261374896081
0 7 0 1 -1  1
2909857905598758132
0 5 0 1 -1  1
2910147793643468307
1 0 3 0 -1  1
2910272643156546104
7 7 6 7 -1  1
2910380333445053840
3 4 3 3 -1  1
2910957369133439122
5 2 3 1 -1  1
5 2 3 3 -1  1
2911100515262791490
0 0 0 1 -1  1
2911142187984276882
2 2 2 6 -1  1
2911146482264697479
0 1 0 0 -1  1
2911212444126818074
1 4 7 4 -1  1
2911404720259247664
5 2 5 4 -1  1
2911624678844346794
1 4 2 5 -1  1
2911767815286571096
5 1 6 3 -1  1
2911818296544265161
0 5 2 3 -1  1
2911942924404391964
1 5 2 5 -1  1
2912269413057171956
3 3 4 4 -1  1
2912316991554622704
1 4 2 5 -1  1
2912397331898922616
2 5 3 5 -1  1
2912624241266407271
0 4 0 7 -1  1
2912648380551909313
6 5 5 4 -1  1
2912657767467440859
2 4 4 6 -1  1
2913266574369609165
0 6 1 5 -1  1
2913326636953652448
0 4 6 4 -1  1
2913356762809957769
2 5 3 4 -1  1
2913368845129673065
2 5 1 4 -1  1
2913374494389855464
4 3 5 3 -1  1
2913614083537562709
1 2 2 2 -1  1
2913909296749343688
0 6 1 5 -1  1
2914100120730996303
1 3 2 3 -1  1
2914266079470695670
2 5 3 5 -1  1
2914287217667065305
0 3 3 0 -1  1
2914357771169591982
1 0 3 0 -1  1
2914396439458386294
1 1 1 2 -1  1
2914457820361628020
1 7 2 7 -1  1
2914554050684697976
0 4 0 6 -1  1
2914773179160909964
1 2 4 2 -1  1
2915101746198180444
3 5 3 6 -1  1
2915422536250039272
0 5 0 4 -1  1
2915553980430196426
7 4 2 4 -1  1
2915572697459058142
1 6 2 6 -1  1
2915897442608897206
2 4 1 5 -1  1
2915970920681047708
0 3 1 2 -1  1
2916098291757345980
2 1 7 1 -1  1
2916227811774204079
0 3 0 2 -1  1
2916449551769745460
5 4 5 7 -1  1
2916533918632779631
4 6 5 6 -1  1
2916691111319978510
3 5 5 5 -1  1
2916841566311861045
0 7 0 3 -1  1
2916868057090408091
5 1 6 1 -1  1
2916871292511499767
1 4 3 5 -1  1
2917089910996456402
0 1 3 4 -1  4
2917521115429566054
3 2 2 4 -1  1
2917582298577088274
1 6 0 7 -1  1
2917631631267739972
0 4 0 6 -1  1
2917671458189124014
1 3 3 1 -1  1
2917725051293755544
0 3 0 2 -1  1
2917828287515767198
3 4 5 3 -1  1
2917833905500363692
2 3 4 1 -1  1
2918228753750688939
4 7 3 6 -1  1
2918363161332870571
2 2 3 4 -1  1
2918434119092289373
1 2 2 2 -1  1
2918494077283520776
0 3 0 1 -1  1
2918626284916456876
3 3 2 2 -1  1
2918877437726431663
3 3 6 6 -1  1
2918939294619480285
2 2 3 2 -1  1
2918980518434716963
4 4 5 4 -1  1
2919008546798083912
7 0 7 1 -1  1
2919171583674083815
0 3 2 5 -1  1
2919236121395315282
3 7 4 6 -1  1
2919443710451656608
0 6 1 4 -1  1
2919484401652241152
0 6 2 6 -1  1
2919606821071164795
4 0 5 0 -1  1
2919643756445973493
0 2 1 1 -1  1
2919657169432222626
6 1 7 1 -1  1
2919769087579945508
2 6 3 5 -1  1
2919871836823248706
2 4 3 5 -1  1
2920027697067579578
0 5 2 3 -1  1
2920230808773429320
2 1 3 2 -1  1
2920426395242639571
0 2 3 5 -1  1
2920567631280196834
1 2 3 4 -1  1
2920665489900207517
2 5 3 7 -1  1
2920728197209503148
0 3 1 3 -1  1
2920886295167306172
2 2 4 3 -1  2
2921005573497498604
0 5 3 2 -1  1
2921042333439011553
0 1 1 3 -1  1
2921110033045998326
1 5 0 4 -1  1
2921249534518978336
3 4 3 7 -1  1
2921292139338481959
3 0 4 0 -1  1
2921315273394217995
3 5 3 7 -1  1
2921388291597151459
5 3 4 2 -1  1
2921432069670711216
0 0 0 3 -1  1
2921484939721577793
2 0 4 0 -1  1
2921561166317139662
0 3 3 3 -1  1
2921606838900836696
1 4 0 4 -1  1
2921817824547706812
5 0 2 3 -1  1
2922206228120045820
0 6 2 5 -1  2
2922418034981064210
5 6 6 5 -1  1
2922661120860761942
1 3 3 3 -1  1
2922946770527814393
3 3 3 7 -1  1
2923124266002786840
3 4 4 4 -1  1
2923147848934547715
0 1 1 1 -1  1
2923175402418311315
1 6 0 5 -1  1
2923216881911892858
3 4 4 5 -1  1
2923303369274340174
2 0 3 0 -1  1
2923342442406520813
2 6 3 5 -1  1
2923352466743343662
0 3 2 1 -1  1
2923495037330892047
2 3 3 4 -1  1
2923516150809203350
2 5 3 5 -1  1
2923540886324672498
0 6 2 5 -1  2
2923580096813983380
3 6 2 6 -1  1
2923629671463437010
1 6 3 4 -1  1
2923661767479028243
1 0 1 2 -1  1
2923679053746828412
2 2 4 3 -1  1
2923707376746814483
5 2 7 2 -1  1
2923797362815567110
3 7 4 7 -1  1
2923822021032902968
0 4 0 6 -1  1
2923892892519847636
1 5 3 3 -1  1
2924128970929227915
7 1 6 2 -1  1
2924396110881403469
3 5 4 4 -1  1
2924499841955517019
4 1 5 2 -1  1
2924599473430860939
0 7 1 6 -1  1
2924659232234983793
2 4 4 6 -1  1
2924731082233424690
3 3 2 5 -1  1
2924756244189814267
4 4 3 2 -1  2
2924757663731451599
3 3 2 5 -1  1
2924760845690543134
2 2 4 4 -1  2
2925088745937253626
2 1 3 1 -1  1
2925143855338094262
4 4 3 6 -1  1
2925500659337580712
3 0 4 0 -1  1
2925501038088353276
4 1 7 1 -1  1
2925562851832200289
0 2 5 2 -1  1
2925910238044395754
4 5 4 6 -1  1
2925984785770717008
3 6 4 7 -1  1
2926001201456113535
0 2 0 3 -1  1
2926145099258090755
2 5 3 5 -1  1
2926153635655480231
2 1 3 1 -1  1
2926206137051654156
0 2 3 5 -1  1
2926225395125358884
0 5 1 4 -1  1
2926345747366532977
3 1 4 3 -1  1
2926399276521846599
0 5 0 3 -1  1
2926459204333863464
1 7 2 7 -1  1
2926480788194349737
0 1 2 2 -1  2
0 6 2 5 -1  2
1 6 2 6 -1  9
2926511655057167072
2 1 0 3 -1  1
2926735358444032174
1 0 3 0 -1  1
2927018798762677203
2 3 0 1 -1  1
2927207705611864079
1 3 7 3 -1  1
2927269601200081993
3 4 3 6 -1  1
2927288936924507003
1 6 2 5 -1  1
2927330566614336963
0 2 2 4 -1  1
2927489042383045357
3 1 2 3 -1  1
2927564784219790328
1 0 2 0 -1  1
2927690785627776250
1 0 3 0 -1  1
2927794455677557746
6 2 5 2 -1  1
2927842035145137194
5 1 5 3 -1  1
2927936506760768255
2 5 0 6 -1  1
2928196680675397963
1 4 2 5 -1  1
2928312376067336078
2 2 3 4 -1  1
2928343942318753425
0 0 5 0 -1  1
2928357064066485677
0 5 0 4 -1  1
2928582522880417602
1 0 3 0 -1  2
2928605282030807855
4 5 5 5 -1  1
2928683772378882441
2 5 3 7 -1  1
2928703121895651674
4 1 5 1 -1  1
2928715333173762970
3 5 3 7 -1  1
2928828153106562443
0 3 2 1 -1  1
2929018465994091312
2 3 1 4 -1  1
2929078317567797632
4 2 5 2 -1  1
2929094597097629296
1 1 2 2 -1  1
2929101330926605011
3 1 5 3 -1  1
2929234855794845498
3 3 4 2 -1  1
2929275455021530776
2 3 3 2 -1  1
2929351567986659077
3 6 5 5 -1  1
2929585506099798447
0 5 3 2 -1  1
2929696641829970942
3 4 2 6 -1  1
2929699147717372726
2 5 2 4 -1  1
2929756556520956427
2 2 3 2 -1  1
2929826654385331636
2 1 3 1 -1  1
2929861921062310820
0 1 0 2 -1  1
2929985519969161733
0 0 0 3 -1  1
2930412736552727800
3 3 2 2 -1  1
2930437571540461325
2 4 1 3 -1  1
2930447127327679507
0 2 4 6 -1  1
1 7 2 7 -1  1
3 3 4 4 -1  1
2930780482310472222
4 6 7 3 -1  1
2930845548668363141
4 3 5 4 -1  1
2930848223711577956
0 0 0 5 -1  1
2930924185382219375
2 5 3 6 -1  1
2931200185630704395
4 6 4 7 -1  1
2931225473788796093
4 0 0 0 -1  1
2931246442835550186
2 2 4 2 -1  1
2931284710856098245
0 6 1 4 -1  1
2931356719904171942
1 0 3 0 -1  1
2931411919029784169
0 1 3 4 -1  1
2931471880156906139
0 4 0 6 -1  1
2931492132525001415
3 7 4 7 -1  1
2931517838197182543
1 5 3 5 -1  1
2931519473664185343
2 2 3 4 -1  1
2931746836113960385
1 7 3 7 -1  1
2931909643133565225
4 4 5 5 -1  2
2931975631436215129
0 4 0 6 -1  1
2932002850141376378
1 1 3 1 -1  1
2932014342237119095
2 1 4 2 -1  2
2932038165044513145
3 6 4 7 -1  1
2932177735152829349
0 4 0 5 -1  1
2932235859239938105
0 6 0 3 -1  1
2932415574327314103
4 4 2 6 -1  1
2932961774682477724
3 3 4 2 -1  1
2932962324439627420
0 6 1 4 -1  1
2933099422782157441
1 6 3 6 -1  1
2933124035888878613
4 4 6 3 -1  1
2933233419467069978
2 0 3 0 -1  1
2933394164290184236
2 3 3 3 -1  3
2933405819789825405
1 6 2 6 -1  1
2933490129059132467
2 4 1 3 -1  1
2933579125133976032
0 0 0 2 -1  1
2933606215081540760
2 4 3 5 -1  1
2933688998246176817
1 0 2 0 -1  1
2933729726110705727
1 5 3 5 -1  2
2933761955746498341
2 6 2 5 -1  1
2933873677931841167
3 5 5 6 -1  1
2934196975503960192
6 2 5 3 -1  1
2934528124794578337
4 2 3 4 -1  1
2934900931608537635
1 0 3 0 -1  1
2934936610275909829
1 7 2 6 -1  1
2935294418069132050
4 6 2 7 -1  1
2935308488571001068
2 5 3 5 -1  1
2935402065391963578
0 3 7 3 -1  1
2935489177071350476
3 3 3 1 -1  2
2936210333969770593
1 3 2 2 -1  1
2936924583703633659
2 2 2 6 -1  1
2936940053128673836
3 5 7 1 -1  1
2937152235601584652
3 5 4 5 -1  3
2937285332975937296
1 6 0 5 -1  1
2937506827358249765
0 6 1 5 -1  1
2937586176005251474
2 1 3 3 -1  1
2937596703779859892
1 7 2 7 -1  1
2937622801167531193
7 1 6 0 -1  1
2937643301727302308
3 1 2 3 -1  1
2937694425531033903
4 3 4 0 -1  1
2937837962286296202
1 4 3 6 -1  1
2938176296156490362
2 5 1 3 -1  1
2938176331393916885
2 5 1 3 -1  1
2938248904353374459
3 4 4 4 -1  1
2938378998530842595
1 2 2 2 -1  1
2938522911854950716
1 3 3 2 -1  1
2938874316319613080
4 5 6 5 -1  1
2938874697017566980
3 6 1 5 -1  1
2939099907260583343
0 4 0 3 -1  1
2939124081220133630
4 4 5 3 -1  1
2939221425442665036
2 7 3 7 -1  1
2939451193714957909
6 3 6 7 -1  2
2939497004856754971
4 1 3 2 -1  1
2939510261823021401
1 3 0 4 -1  1
2939562713663828321
3 2 4 3 -1  1
2939603999182047013
2 5 4 6 -1  1
4 4 5 5 -1  1
2939869265757985435
0 3 2 5 -1  1
2939949161509960239
5 1 2 4 -1  1
2940067923857677981
1 4 2 4 -1  1
2940164687764110542
0 2 1 2 -1  1
2940165515416049315
4 7 5 6 -1  1
2940377487380675551
2 3 0 1 -1  1
2940483535374764510
7 6 6 7 -1  1
2940523718547864420
5 0 0 0 -1  1
2940563407314576513
2 5 3 7 -1  1
2940613276661615313
0 3 1 3 -1  1
2940766160134058050
2 7 4 5 -1  1
2940828664943010710
3 5 4 5 -1  1
2940834707815614974
4 4 5 5 -1  1
2940926467429011673
3 7 4 7 -1  1
2941192543706296755
1 2 1 4 -1  1
2941291999576032469
3 5 4 5 -1  1
2941361180611211091
0 1 2 2 -1  1
0 4 0 6 -1  1
2941473977925338927
4 1 4 3 -1  1
2941523717126834008
5 0 7 0 -1  1
2941643091042963282
1 2 1 0 -1  1
2941669036067020527
0 5 0 6 -1  1
2941800517035909073
4 4 5 3 -1  1
2941867525491646831
3 2 4 3 -1  1
2942192130106645794
3 6 4 6 -1  1
2942219107593550183
1 2 0 2 -1  1
2942626060975681584
0 5 0 4 -1  1
2942791182503398783
1 0 2 0 -1  1
2942944186517195312
2 6 2 3 -1  1
2942968131938515425
0 3 0 2 -1  1
2943080075670788508
0 3 0 6 -1  1
2943239810460092000
4 5 4 6 -1  1
2943340029833157228
4 1 6 3 -1  1
2943541963785950357
0 4 0 6 -1  1
2943550969134844133
0 4 0 5 -1  1
2943606515601390264
4 3 4 5 -1  1
2944003497136951345
4 7 5 7 -1  1
2944203192361049949
2 6 3 6 -1  1
2944431059116123192
0 5 2 3 -1  3
2944660899773467233
2 6 4 5 -1  1
2944912943741941287
4 2 6 4 -1  1
2944955319626025545
3 5 3 6 -1  1
2945068084817723840
6 4 4 2 -1  1
2945173533563831565
0 6 1 6 -1  2
2945175452190559289
5 7 3 7 -1  1
2945179324107186047
3 4 4 4 -1  1
2945225313082458221
2 5 0 3 -1  1
2945257897943436725
3 4 4 3 -1  1
2945434986497962141
0 3 1 4 -1  1
2945613658455084384
6 0 4 2 -1  1
2945623876785096994
0 4 0 3 -1  1
2945690523912088773
0 7 0 4 -1  1
2946090435875937622
4 4 5 4 -1  1
2946366606376234823
3 7 5 5 -1  1
2946472982270086899
1 0 2 0 -1  1
2946986192392835193
2 1 1 2 -1  1
2947137487874453076
0 5 1 4 -1  2
2947179196084901898
6 0 4 1 -1  1
2947260370983357066
5 7 6 7 -1  1
2947363423050848803
0 3 4 3 -1  1
2947580211062653430
2 5 4 4 -1  1
2947694672300270187
0 0 0 6 -1  1
2947709240984979373
0 0 0 1 -1  1
2947735974770426591
0 5 3 2 -1  1
2947873829954722546
5 4 6 4 -1  1
2947895084899454543
3 3 2 1 -1  1
2947961104964391472
4 6 1 3 -1  1
2947977498334957905
1 5 2 5 -1  1
2948218953709018477
3 2 4 3 -1  1
2948287779808012377
3 4 3 3 -1  1
2948346335241351784
1 5 2 6 -1  1
2948379998408930999
2 1 4 0 -1  1
2948638322484772367
1 3 3 2 -1  1
2948718373328603784
2 2 3 1 -1  1
2948978361634686392
1 5 2 5 -1  1
2949029627791320839
4 5 5 5 -1  1
2949045918526872331
0 1 3 1 -1  1
2949131685803338411
4 7 5 6 -1  1
2949435945930165301
0 4 0 6 -1  1
2949805362606246251
4 5 3 3 -1  1
2950089343185182065
3 2 4 3 -1  1
2950105553864825725
5 6 5 7 -1  2
2950127644457647344
4 2 3 2 -1  1
2950192482877823647
0 7 0 6 -1  1
2950319793915765321
1 3 0 3 -1  1
2950423530263779185
2 4 1 5 -1  1
2950602421686444271
0 2 2 4 -1  2
2950625028286084703
5 7 5 6 -1  1
2950989038916010317
1 3 2 5 -1  1
2951180061618464399
0 5 4 1 -1  2
2951223760236309118
1 6 2 6 -1  1
2951256318115469821
1 2 2 2 -1  1
2951379978272699450
4 5 5 6 -1  1
2951404432677064577
0 7 1 6 -1  1
2951418958694300444
2 5 4 6 -1  1
2951502822333944189
3 4 4 4 -1  3
2951533432818876729
4 5 5 3 -1  1
2951588342524098213
5 0 4 0 -1  1
2951885741926366185
1 1 1 0 -1  1
2952110249620318824
0 6 0 2 -1  1
7 2 6 2 -1  1
2952128045869407414
0 4 0 3 -1  2
2952347139576179206
4 1 4 7 -1  1
2952535551586203845
5 1 2 4 -1  3
2952613846551890682
1 4 2 3 -1  1
2952945117731049044
3 6 4 6 -1  1
2953207879582667348
4 2 5 2 -1  1
2953249148813762758
1 4 2 5 -1  1
2953282881335155013
7 2 0 2 -1  1
2953396766764978649
2 2 0 3 -1  1
2953580322254732040
4 4 2 2 -1  1
2953639344432708602
0 2 0 1 -1  1
2953747896794645488
0 1 1 1 -1  1
2953767444403695424
0 2 2 4 -1  1
2954249764505523853
1 0 3 0 -1  1
2954416131886206765
2 5 2 7 -1  1
2954448303124880379
1 6 2 6 -1  1
2954456308774903167
2 5 1 6 -1  1
2954955168333993266
5 3 5 2 -1  1
2954970033871076809
7 3 7 0 -1  1
2954996873278405780
0 3 3 6 -1  1
2955134268101738742
0 5 0 4 -1  1
2955135805225739903
1 4 3 5 -1  1
2955226353666376061
1 7 2 6 -1  1
2955482928185216762
5 3 4 4 -1  1
2955797327668581915
2 2 3 0 -1  1
2955800185688975756
2 4 4 2 -1  2
2955839133154127311
4 5 5 7 -1  1
2955851531310110188
0 4 2 3 -1  1
2956435494649200095
1 2 3 4 -1  1
2956513995257644695
2 4 3 5 -1  1
2956571461215951120
0 1 1 3 -1  4
2956753902753311554
4 6 6 6 -1  1
2956813840408840580
3 3 2 2 -1  1
2956827010251337269
0 5 1 6 -1  1
2957103635362774143
0 0 0 4 -1  1
2957435220884706002
6 5 4 6 -1  1
2957443416412702536
2 1 1 2 -1  1
2957474366508736411
0 7 0 4 -1  1
2957632500399345919
2 4 2 1 -1  1
2957644793973776788
1 5 2 5 -1  1
6 0 6 2 -1  1
2957779143892450795
1 3 0 5 -1  1
2957879598668249022
0 2 1 3 -1  1
2958198446037054855
0 4 0 6 -1  8
4 1 5 2 -1  3
2958320251427115414
2 2 1 0 -1  1
2958610799167595119
4 3 6 1 -1  3
2959084670226611838
0 5 3 2 -1  1
2959258832343205638
3 2 2 4 -1  1
2959304496634521602
0 3 1 5 -1  1
2959307620438025614
0 0 0 1 -1  1
2959571960553683559
5 4 7 3 -1  1
2959628166983124898
0 7 0 6 -1  2
3 6 4 6 -1  7
2959663932290025101
0 3 4 7 -1  1
0 5 1 4 -1  1
2959708084801263315
0 0 0 3 -1  1
2959713476028382996
1 7 2 7 -1  1
2959733810093700400
1 3 6 3 -1  1
2959935276011117424
1 6 2 7 -1  2
2959961413277271294
2 2 1 3 -1  1
2959983377708717201
2 7 1 6 -1  1
2960382905737242545
1 4 3 3 -1  1
2960383193071471913
3 0 1 2 -1  2
2960609610754812930
3 5 4 5 -1  1
2960704452852699635
2 2 1 1 -1  1
2960803124880464728
1 6 2 5 -1  1
2960909820656215213
0 4 0 6 -1  1
2960937687402910057
2 5 3 4 -1  1
2960982082110414760
4 2 5 2 -1  1
2960990730920658482
6 5 5 5 -1  1
2961019708857453024
1 3 2 3 -1  1
2961036499386574494
2 1 3 1 -1  1
2961076369899602926
2 3 2 4 -1  1
2961183974058612192
0 5 0 4 -1  1
2961289114796018316
1 5 2 5 -1  1
2961593525671618798
2 4 4 2 -1  1
2962071385536719900
5 2 4 4 -1  1
2962099622904740086
0 4 0 6 -1  5
1 0 3 0 -1  1
3 2 2 1 -1  3
2962159581170718447
3 4 4 3 -1  1
2962301004703799606
0 5 3 2 -1  1
2962336184904465526
1 5 2 5 -1  1
2962598047995313134
3 2 5 3 -1  2
2962984644511552699
3 3 4 2 -1  1
2963049583222934162
1 3 4 3 -1  1
2963152162997136203
3 4 4 2 -1  1
2963161827951137925
4 7 5 6 -1  1
2963289204634380846
1 4 3 4 -1  1
2963383243522538687
5 3 7 3 -1  1
2963655485038603298
2 2 1 4 -1  1
2963831606967691158
2 6 4 6 -1  1
2963834026200133864
2 4 1 2 -1  1
2963925050249173437
6 4 6 5 -1  1
2964043489572954183
0 4 1 4 -1  1
2964095634325188737
4 6 2 4 -1  1
2964259212806641259
0 5 0 4 -1  1
2964289592699775838
5 3 4 2 -1  1
2964401641719035445
3 7 5 7 -1  1
2964437524832177169
1 6 2 6 -1  1
2964505421399101266
2 3 4 4 -1  1
2964631152266441275
4 7 5 6 -1  1
2964783188811093110
3 3 5 2 -1  1
2964808519691982077
5 4 7 5 -1  1
2964965188621815300
2 1 3 1 -1  2
2965051909763120979
1 0 2 1 -1  1
2965143316838683333
4 7 5 6 -1  1
2965656962433249203
1 1 2 1 -1  1
2965761822076305078
4 4 6 4 -1  1
2965831274772712057
3 6 4 7 -1  1
2965968587552344574
1 6 1 5 -1  1
2966031600356002093
0 2 2 4 -1  1
2966211288353422064
3 2 3 3 -1  1
2966483507863445561
1 6 0 6 -1  1
2966508023224188715
6 1 4 0 -1  1
2966537741672438021
0 1 0 0 -1  1
2966572631888019367
4 7 4 6 -1  1
2966803399116376701
1 0 3 0 -1  1
2966804548578559399
0 3 3 0 -1  1
2967048858004611549
4 6 2 5 -1  2
2967059062115123236
0 5 3 2 -1  1
2967207291046735346
1 6 3 6 -1  1
2967461166565935701
4 1 3 3 -1  1
2967462627764235174
2 0 3 1 -1  1
2967563856975562026
0 5 1 6 -1  1
2968027916389159933
3 1 2 2 -1  1
2968119821988877523
3 2 4 2 -1  1
2968346602923457514
3 4 4 4 -1  2
2968432151392424107
2 3 2 2 -1  1
2968541158018903877
3 0 2 1 -1  2
2968569447752379706
0 0 0 4 -1  1
2968636825870266545
6 7 5 6 -1  1
2969121445238464902
4 4 0 4 -1  1
2969319406886743353
0 4 0 6 -1  1
2969345743870803209
4 4 2 6 -1  1
2969381614852342896
3 1 2 0 -1  1
2969435768429946331
4 6 6 4 -1  1
2969539916559721277
1 2 1 3 -1  1
2969555455641995753
1 3 3 3 -1  2
2969564149405221308
4 4 5 4 -1  1
2969600398428399718
5 0 6 0 -1  1
2969982690698720143
0 1 2 1 -1  1
2970028179674164706
1 3 3 5 -1  1
2970204370789322361
0 5 0 4 -1  1
2970261617285654125
6 2 4 2 -1  1
2970321719753548648
0 5 1 4 -1  1
2970323333639773638
2 3 3 3 -1  2
2970459760319627049
4 4 5 4 -1  1
2970597152755694697
0 2 1 1 -1  1
2970718059948434644
0 0 3 0 -1  1
2970820601229459201
0 3 2 1 -1  1
2970857892958878668
0 4 0 2 -1  1
2970922281292566702
1 5 1 0 -1  1
2971004759729407479
4 3 5 2 -1  1
2971063992698131864
5 3 3 3 -1  2
2971064198389360756
3 5 5 7 -1  1
2971097120995059324
0 0 0 3 -1  1
2971265232620485487
2 7 7 7 -1  1
2971467726621071639
0 0 0 2 -1  1
2971522655063422917
3 5 4 5 -1  1
2971795885609155127
2 2 3 1 -1  1
2971858145784262438
3 2 2 3 -1  1
2971870536300444715
3 5 4 6 -1  1
2972054505984007675
1 4 3 3 -1  1
2972225786198405245
6 2 5 1 -1  1
2972252700075702221
1 4 3 4 -1  1
2972352772815477793
0 5 0 3 -1  1
2972518499279052551
1 7 2 7 -1  1
2972539678045096251
1 1 2 1 -1  1
2972547497764746981
0 5 1 6 -1  1
2972746776580046019
0 3 1 3 -1  1
2972820221201239197
5 5 6 6 -1  1
2972852473541904505
3 4 3 2 -1  1
2973033650871007780
2 7 4 6 -1  1
2973415424693274633
0 4 4 0 -1  3
2973483204451714643
3 2 4 1 -1  1
2973565037784059261
2 1 3 3 -1  1
2973569306515339533
0 5 1 6 -1  1
2973705377673509150
0 0 5 0 -1  1
2973773202779576726
3 5 2 6 -1  1
2973891185933419078
4 2 2 0 -1  1
2974124485713346909
1 4 1 3 -1  1
2974210237600705211
1 4 0 3 -1  1
2974231827980076029
0 7 0 1 -1  1
2974443402867860677
5 7 4 6 -1  1
2974571435452779105
5 3 3 3 -1  1
2974667995104162876
3 2 4 3 -1  1
2974690741193741465
3 7 4 7 -1  1
2975003106198946983
0 5 1 4 -1  1
2975350820455802989
0 4 6 4 -1  1
2975370365239093333
4 6 3 7 -1  1
2975527195759069825
3 5 1 3 -1  1
2975532311006832425
1 3 5 7 -1  1
2975902636679187701
1 6 2 6 -1  1
2975943403871762194
2 6 4 6 -1  1
2975980955961581787
2 7 5 4 -1  1
2976062033081027671
1 3 3 5 -1  1
2976272172934740232
1 3 3 3 -1  1
2976312339673514886
0 6 1 5 -1  1
2976600745021191562
3 3 2 2 -1  1
2976676380480057745
3 3 3 5 -1  1
2976734591888714012
5 5 6 5 -1  1
2977301108041853858
0 1 2 2 -1  3
1 3 3 3 -1  7
1 4 3 4 -1  3
1 6 2 6 -1  7
2977309534724918049
0 5 0 0 -1  1
2977336387359611145
0 3 1 3 -1  1
2977376738372140754
2 5 3 3 -1  1
2977466744693800003
0 2 5 2 -1  1
2977495350461939281
1 4 3 4 -1  1
2977678949382056607
4 1 3 2 -1  1
2977860003382561758
3 5 2 4 -1  1
2978212285690112643
0 5 0 2 -1  1
2978212878209441582
1 4 0 5 -1  1
2978321921362112953
0 2 0 4 -1  1
2978503165539776487
1 7 2 7 -1  1
2978611064446652176
3 3 4 4 -1  1
2978621071822353717
0 2 5 7 -1  1
2978799102072124806
1 4 2 3 -1  1
2978882929372513174
5 2 4 2 -1  1
2978926080362421647
1 6 2 6 -1  1
2978935905012011652
6 6 5 5 -1  1
2978945149243663404
1 3 3 1 -1  1
2979077425884207977
3 4 4 4 -1  1
2979124301659722643
2 6 4 5 -1  1
2979207155890284193
2 4 3 5 -1  1
2979297648855584317
1 3 2 1 -1  1
2979463441136394924
3 1 4 1 -1  1
2979485427508777216
3 4 0 4 -1  1
2979595246672944333
1 5 3 5 -1  1
2979730702999235452
7 6 6 6 -1  1
2979968690303242036
2 1 3 2 -1  1
2980203851200717128
2 4 4 2 -1  1
2980310271085605840
0 3 6 3 -1  1
2980313836365090525
2 2 4 3 -1  3
2980388826631578736
2 5 4 4 -1  1
2980388965050346624
1 2 2 1 -1  1
2980512824099730079
1 1 0 2 -1  1
2980557110846667306
3 7 4 7 -1  1
2980831999554313917
2 5 3 5 -1  1
2981023257272121945
3 4 2 5 -1  1
2981043808973962799
2 2 3 2 -1  1
2981049285696029613
1 1 2 2 -1  1
2981217913419143849
7 4 6 4 -1  1
2981223622004158497
1 5 2 5 -1  1
2981288067385815917
1 6 2 6 -1  1
2981324572084961657
2 6 3 5 -1  1
2981430911066192196
0 0 6 0 -1  1
2981721216061955568
0 3 2 3 -1  1
2981809993435904166
4 3 5 3 -1  1
2981852537461027691
2 5 3 4 -1  1
2982104885573234480
2 3 1 3 -1  1
2982134578696278605
0 3 2 1 -1  1
2982241658290557678
0 3 1 3 -1  3
2982679455831452239
1 7 2 7 -1  1
2982811965279604409
2 4 5 7 -1  1
2982970103484490633
2 0 0 2 -1  1
2983014225240439765
7 5 6 5 -1  1
2983088227131352696
0 6 0 5 -1  1
2983127667451171398
0 4 0 6 -1  1
2983150831526258076
1 5 3 5 -1  1
2983270837165528307
0 5 1 4 -1  1
2983308006451038384
0 5 0 4 -1  1
2983349115727823714
2 4 4 2 -1  1
2983394384047652129
0 3 0 4 -1  1
2983461024927047551
0 0 0 1 -1  1
2983480979215404979
4 6 6 4 -1  1
2983492065731185835
1 4 2 4 -1  1
2983626717593164430
3 5 4 4 -1  1
2983777010983509925
4 4 4 6 -1  1
2983793766277014391
0 2 1 2 -1  1
2983809858119677804
2 6 3 6 -1  1
2983958436410324520
0 4 2 4 -1  1
2983999839301850658
0 5 2 3 -1  1
2984148198149650411
3 7 4 7 -1  2
2984194889843444371
1 5 2 4 -1  1
2984216837153550279
1 7 3 7 -1  1
2984295427210647846
4 6 6 4 -1  1
2984489549453873417
7 0 7 3 -1  1
2984569380380405703
1 5 2 4 -1  1
2984594171197422707
1 1 3 1 -1  1
2984842689883074200
1 5 2 6 -1  1
2985034111366833293
3 2 0 5 -1  1
2985212543181269214
1 4 3 3 -1  1
2985214660271502586
3 0 5 1 -1  1
2985397907443234895
1 3 2 4 -1  2
2985564131677186440
1 4 0 3 -1  1
2985624628484751119
2 5 3 3 -1  1
2985649026376472683
0 1 2 2 -1  1
2985751923130590323
5 0 7 0 -1  1
2985850407101495239
0 5 2 6 -1  1
2985852131473695017
6 1 6 4 -1  1
2986115390347328435
7 0 7 4 -1  1
2986205667452768059
2 0 5 0 -1  1
2986287837072886330
0 1 1 0 -1  1
2986668420902272463
5 5 7 4 -1  1
2986924901599748751
0 3 2 1 -1  1
2987145962161417553
1 5 2 5 -1  1
2987277841677854594
0 5 3 2 -1  1
2987410186464056803
1 0 2 1 -1  1
2987608465122359480
4 5 3 5 -1  1
2987758035736029288
2 2 3 3 -1  1
2987772307443235094
2 7 2 5 -1  2
2987917390049198840
2 5 3 6 -1  1
2987947733541864964
4 3 2 5 -1  1
2988130774701287267
6 7 5 5 -1  1
2988170785400162347
0 3 0 2 -1  1
2988194495077529000
0 2 1 2 -1  1
2988407071089566159
3 0 4 2 -1  1
2988559627427569326
0 5 3 2 -1  1
2988574303528192804
2 3 1 4 -1  3
2988615641974995046
5 1 3 3 -1  1
2988632329704024299
5 0 3 0 -1  1
2988634252429881116
0 0 0 1 -1  1
2988696811317034660
0 3 0 2 -1  1
2988724296331200717
1 3 2 4 -1  1
2989059103801638310
5 2 4 4 -1  1
2989157560684382598
2 4 4 3 -1  1
2989468947538138315
1 5 2 5 -1  1
2989549094082510891
1 5 3 3 -1  1
2989554208294149857
0 6 0 5 -1  1
2989597702564344947
1 3 3 3 -1  1
2989715150694886302
2 3 1 3 -1  1
2989827687146227646
4 3 5 3 -1  1
2989834600597008136
0 1 1 3 -1  1
2990032095380068807
1 4 2 2 -1  1
2990235163310580031
2 5 3 3 -1  2
2990240562159511682
0 4 0 6 -1  1
2990266322548261106
1 2 2 2 -1  1
2990277466912776651
1 1 2 2 -1  1
2990484712219130802
4 1 5 2 -1  1
2990597975794615380
3 0 5 1 -1  1
2990668779912120508
2 2 4 3 -1  1
2990723845527029400
1 3 4 6 -1  1
2990842212758890820
0 1 2 2 -1  1
2990920083802185989
2 1 3 0 -1  1
2991188949260147031
1 5 1 4 -1  1
2991381054667073029
5 7 7 7 -1  1
2991580289085756627
0 5 0 4 -1  1
2991656166350257252
2 4 4 6 -1  1
2991693631169325291
4 4 4 3 -1  1
2991738151577025793
6 2 7 2 4  1
2991905666296695586
4 1 5 1 -1  1
2992194520947938793
6 7 7 7 -1  1
2992329642511585959
2 5 3 5 -1  1
2992395789801461099
7 0 5 2 -1  1
2992400557011595399
1 7 2 7 -1  1
2992444180796781406
1 5 3 5 -1  1
2992658293775132300
5 4 4 5 -1  1
2992714240691033622
3 1 4 1 -1  1
2992754873752119844
1 4 4 4 -1  3
2992876110910160442
2 5 1 4 -1  1
2992979492604874242
0 3 3 3 -1  1
2993058462817360140
7 0 7 4 -1  1
2993374191273437783
3 6 4 4 -1  2
2993960811414216725
2 5 3 7 -1  1
2993972328560603124
1 3 1 5 -1  1
2994139161780597573
1 4 3 2 -1  1
2994227011728872991
4 5 1 5 -1  1
2994398289517010458
5 1 6 2 -1  1
2994484756509976929
1 6 2 5 -1  1
2994601866468383889
1 4 2 2 -1  1
2994648543975805697
0 2 3 5 -1  3
2994659916570903763
2 5 3 5 -1  2
2994858643604732799
4 4 5 2 -1  1
2994879347054145977
2 4 0 2 -1  1
2994971814091849415
0 7 1 7 -1  1
2995262145645105060
3 4 6 7 -1  1
2995298924195464330
0 5 0 3 -1  1
2995382736332860409
4 1 5 3 -1  1
2995748744876966185
4 5 2 5 -1  1
2995840977283978819
3 3 4 4 -1  1
2995860372139286152
2 0 6 0 -1  1
2995921856669114866
0 6 1 7 -1  1
2995990559375988520
4 1 3 2 -1  1
2996091737081983653
4 3 2 4 -1  1
2996677435368499502
4 4 5 3 -1  1
2996777177578275776
1 6 2 7 -1  1
2996934185341179083
1 4 3 4 -1  1
2996940567784769924
4 7 5 6 -1  1
2997075447861091973
4 6 3 4 -1  1
2997308786897352578
1 2 3 2 -1  1
2997402363157115962
0 5 0 4 -1  1
2997407213963843577
5 4 1 0 -1  1
2997550919364205959
0 3 4 3 -1  1
2997655329228838282
1 6 3 6 -1  1
2997789461154723238
0 2 2 4 -1  1
2997791248640354792
2 2 1 4 -1  1
2997976153620438638
3 0 4 1 -1  1
2998087127277199685
2 4 3 4 -1  3
2998306228389021163
2 4 4 5 -1  1
2998363786073444100
2 3 3 2 -1  1
2998542786319929007
3 2 1 1 -1  1
2998570587286481536
0 1 2 2 -1  1
1 0 2 0 -1  1
2998585847409113320
4 7 6 7 -1  1
2998621299775474187
1 2 2 3 -1  3
2999323984439795174
5 5 2 5 -1  1
2999388135521308541
5 7 5 4 -1  1
2999400810479432254
3 5 4 4 -1  1
2999463092868942503
2 4 5 7 -1  1
2999503414411377829
4 3 3 5 -1  1
2999650433439401714
0 2 3 5 -1  1
2999756192299293672
3 3 5 2 -1  1
2999872095580461879
2 3 3 3 -1  2
3000112600577508855
0 5 3 2 -1  11
3000197199601271144
0 1 1 2 -1  1
3000503079443188572
2 2 3 4 -1  3
3000671842285216282
0 5 0 2 -1  1
3000749996851880791
2 5 3 5 -1  1
3000823463167349156
1 6 2 7 -1  1
3000945835178993865
2 2 3 2 -1  1
3000970330390146646
0 3 1 3 -1  1
3001001460221634208
1 6 1 4 -1  1
3001079103715497623
0 0 0 4 -1  1
3001147212094519128
1 7 2 7 -1  1
3001165517369710313
0 5 0 4 -1  1
3001378098612927715
2 3 3 2 -1  1
3001381408325788368
2 6 4 5 -1  1
3001450299499983101
1 3 2 5 -1  1
3001457663143084675
2 5 3 5 -1  1
3001473120239652771
3 0 4 2 -1  1
3001545453704816470
1 4 3 4 -1  1
3001924878310335870
4 5 5 5 -1  1
3001934110531345720
2 2 4 1 -1  1
3002170953572564651
3 0 4 2 -1  1
3002192601591867874
2 6 0 5 -1  1
3002204247933626370
0 3 3 3 -1  1
3002329369357358831
1 4 3 5 -1  1
3002422243104251408
1 5 1 4 -1  1
3002422488465796359
0 6 1 7 -1  1
3002505596553601106
2 4 1 3 -1  1
3002626615963129873
0 2 1 3 -1  1
3002671879792797614
0 4 3 4 -1  1
3002841442170154887
2 7 4 7 -1  1
3002886034067068957
0 1 0 2 -1  1
3002901111012190019
0 5 1 4 -1  1
3002948974529896242
2 0 3 0 -1  1
3003277127922959390
3 3 4 2 -1  1
3003344942029363930
4 7 5 6 -1  1
3003417926378694463
2 1 0 1 -1  1
3003462198512725029
1 7 2 7 -1  1
3003534918905057214
2 5 2 1 -1  1
3003637537619905550
2 6 4 5 -1  1
3003851411026948261
5 3 4 2 -1  2
3004101712158281941
0 3 2 3 -1  1
3004371848757239081
3 7 2 5 -1  2
3004382827646251027
1 7 2 7 -1  1
3004580177065995820
0 4 2 4 -1  1
3004637169329381317
2 2 3 3 -1  2
3004658308117274395
0 4 0 5 -1  1
3004697332568514728
0 2 0 3 -1  1
3004855779679939830
0 3 0 4 -1  1
3004923955010396112
0 4 0 6 -1  1
3005051277873476049
0 6 2 5 -1  1
3005083522547475739
3 5 4 6 -1  1
3005515802273405466
2 2 3 0 -1  1
3005580303594654268
0 5 2 5 -1  1
3005908764876738157
3 2 3 3 -1  1
3006023228180784265
2 5 0 7 -1  1
3006360803105649813
1 3 3 3 -1  3
3006368970527391727
3 3 5 2 -1  1
3006492572096216294
1 3 3 1 -1  1
3006493328849525737
2 3 3 4 -1  1
3006765267735595591
2 2 3 0 -1  1
3006889962116917516
0 5 1 6 -1  2
3007027719454780577
2 1 2 2 -1  1
3007233214269654011
0 3 1 3 -1  1
3007242050579327291
2 5 4 4 -1  1
3007301854866059535
1 4 2 5 -1  1
3007305418760946057
1 4 2 4 -1  1
3007456109107372170
4 2 5 2 -1  1
3008090901185571626
1 7 2 6 -1  1
3008231850605485994
1 4 2 4 -1  1
3008890363943727898
0 3 2 3 -1  1
3008894598353310112
1 0 3 0 -1  1
3008963847289186622
3 3 4 2 -1  1
3009090840029171896
0 4 5 4 -1  1
3009126982678426557
0 0 0 3 -1  1
3009444656137974277
0 4 0 6 -1  1
3009689537111012487
2 4 3 4 -1  1
3009693246918248102
1 0 3 0 -1  2
3009737885427607165
1 2 2 1 -1  1
3009738289154082917
1 0 2 1 -1  2
3009750883933357961
3 7 5 6 -1  1
3009840202213649374
1 5 2 5 -1  2
3010041954926163432
6 5 4 7 -1  1
3010409307514501299
6 6 7 5 -1  1
3010776169183624078
2 2 1 2 -1  1
3011181418827063474
0 2 3 2 -1  1
3011752858390609587
0 2 2 4 -1  1
3011995888893356200
4 2 5 1 -1  1
3012091498374521815
4 3 6 4 -1  1
3012104176332648380
2 2 1 4 -1  1
