18302917712023
6 0 5 0 -1  0.0717897
272160002239457
7 4 7 6 -1  -0.0147809
289803967249379
4 0 5 2 -1  0.0523347
422294436609816
6 0 5 0 -1  -0.000143341
736132522099097
7 0 7 3 -1  0.00969773
953766468219826
7 4 1 4 -1  0.81
961753496372265
6 1 7 2 -1  0.021402
1069551705188592
6 2 5 2 -1  0.0965232
1445968725867227
3 1 2 2 -1  -0.348678
1565930702658167
5 2 4 2 -1  0.59049
1642833430714119
6 4 4 4 -1  0.00785516
2062906300506497
6 3 5 5 -1  0.282429
2192060366889633
6 4 4 4 -1  0.098477
2289318833475017
7 6 5 7 -1  0.0886293
2461808121526298
5 1 4 0 -1  0.6561
2617420466535488
6 1 5 1 -1  0.00706964
2634025315835703
7 2 6 2 -1  -0.150095
2664604873243014
4 6 5 6 -1  -0.228768
2850537064991037
5 2 3 3 -1  -0.00969773
2860335774517775
6 6 2 2 -1  0.0119725
3004585257669288
2 0 3 0 -1  -0.166772
3184221766691200
4 3 5 5 -1  0.0523347
3428786417420349
6 4 4 6 -1  0.38742
3529179121104736
5 3 2 0 -1  0.0581497
3635454406239493
7 3 6 4 -1  0.00785516
3809286309655768
6 5 5 5 -1  0.205891
3887699085878944
6 7 4 7 -1  -0.430467
4197631105573407
1 1 2 1 -1  0.228768
4285476550836241
7 1 6 3 -1  -0.0097516
4378730754043176
3 5 4 6 -1  0.729
4688759695806584
5 5 4 6 -1  0.729
4792350020137073
5 1 5 2 -1  0.0797664
4925455677795251
5 2 4 4 -1  -0.0797664
5098780831203396
7 2 6 3 -1  0.098477
5391655504708984
1 3 1 0 -1  0.0646108
5667182244692517
6 6 7 6 -1  -1
5741338771664296
4 4 1 1 -1  0.348678
5879200170533036
6 5 6 6 -1  0.185302
6002187360065963
7 2 6 1 -1  0.205891
6088878646947438
5 4 4 3 -1  0.00439622
6433045270295377
5 2 4 2 -1  -0.0886293
6733355160754438
1 3 3 4 -1  0.531441
7147932493610961
6 5 7 5 -1  -0.150095
7150554775438862
7 2 4 5 -1  0.430467
7410962225983619
4 2 6 2 -1  0.0225284
7515858067294560
5 2 6 3 -1  -0.0250315
7531139311047965
2 5 2 4 -1  -0.81
7538766734040935
7 3 4 0 -1  0.098477
7744770633170339
0 3 0 5 -1  0.478297
7804306348252333
7 4 6 4 -1  -0.31381
7926008634580049
1 4 1 7 -1  -0.478297
8046005465911665
5 6 3 5 -1  -0.00572641
8139274927273796
1 0 2 0 -1  0.00706964
8170794871363999
5 0 5 4 -1  2.65613e-05
8309892563167600
3 6 2 4 -1  -1
8343838574004055
7 4 6 3 -1  0.166772
8619138242994128
0 5 0 7 -1  0.348678
8646175239995639
6 3 4 3 -1  -0.0133028
8741497495679404
6 4 5 5 -1  0.0107753
9078808733154277
4 5 3 5 -1  -0.135085
9133719311332214
4 0 4 4 -1  -1
9141329675332925
5 6 5 5 -1  0.0133028
9280967700639800
7 3 5 3 -1  0.0646108
9608827268363381
5 2 6 3 -1  0.59049
9783332316910068
6 0 7 0 -1  0.00145558
9900301825741186
6 1 4 1 -1  0.0250315
10063353534770285
6 3 5 4 -1  -0.6561
10092980775286686
7 4 6 2 -1  0.00515377
10325997344905552
7 2 4 5 -1  -0.228768
10354441759795267
4 2 3 2 -1  -0.729
10478730466261848
3 4 2 5 -1  0.098477
10545363623758815
3 2 2 4 -1  -0.0309031
10615400480051089
7 4 7 5 -1  0.9
10730086089655276
7 0 7 2 -1  -0.348678
10761428404911343
2 1 4 3 -1  0.0343368
10901463665161213
5 1 4 1 -1  0.185302
11009309150631460
6 2 4 2 -1  -0.00706964
11023971190172195
6 3 4 3 -1  0.0119725
11188576161600053
7 4 7 6 -1  -0.0250315
11295818454551548
5 4 4 3 -1  0.00463839
11339590018024769
7 0 7 6 -1  0.348678
11358301816013985
6 4 4 5 -1  -0.0107753
11633610116058363
4 5 3 4 -1  0.478297
11839135283709061
2 5 3 4 -1  0.38742
11860699432857017
3 1 5 3 -1  0.00246503
11954136713054347
5 4 6 5 -1  -0.205891
12089298622292836
6 5 4 5 -1  -0.135085
12156339021404761
7 1 5 2 -1  -0.00515377
12159930270979849
5 0 4 2 -1  0.0119725
12484678321002608
6 4 4 6 -1  -0.0309031
12953666724995154
4 4 3 3 -1  0.098477
12959714025893667
6 0 5 0 -1  0.478297
12964464700564189
7 0 7 2 -1  -0.135085
13107491734639865
4 3 3 4 -1  -0.121577
13346106985947440
6 3 4 3 -1  0.00246503
13535322726943708
6 0 5 0 -1  -0.0886293
13703241747942963
3 4 6 1 -1  -0.0147809
14345566550190905
6 2 7 3 -1  -1
14375389658187803
3 5 7 5 -1  0.81
14472835315449080
6 3 5 3 -1  -0.0119725
14521245279902495
6 3 6 4 -1  0.38742
14795540422708745
6 4 5 3 -1  0.00872795
14940763426971676
4 0 3 0 -1  -0.0797664
15036041317331084
3 5 6 2 -1  -0.205891
15053748868945446
7 1 5 2 -1  0.00199668
15280324992854534
7 5 7 4 -1  0.348678
15359396796458059
4 5 3 5 -1  -0.0471013
15483016553846736
7 0 2 0 -1  -0.205891
15585258366200348
6 0 5 0 -1  -0.025147
6 3 5 3 -1  0.0139694
7 4 7 6 -1  0.010472
15599911912435756
6 4 7 3 -1  -0.228768
15844949857012530
6 3 4 3 -1  -0.6561
15970903928598689
4 1 3 1 -1  -0.00969773
16016076623706339
7 7 6 6 -1  0.478297
16022280221315984
4 5 3 5 -1  -0.282429
16102535274489460
3 3 4 4 -1  0.135085
16180604259236377
7 5 7 4 -1  -0.150095
16203360197495511
2 4 2 2 -1  -0.150095
16223839628992697
7 3 6 4 -1  0.135085
16256596304399272
5 2 6 2 -1  0.0278128
16271909409412078
7 5 6 6 -1  0.038152
16656241631535876
5 3 4 2 -1  0.00246503
16829842380662260
4 5 5 4 -1  0.185302
17041071880555424
6 1 1 6 -1  -0.0581497
17206942153439404
1 2 1 6 -1  0.81
17219510851566136
1 2 1 6 -1  -0.0133028
17317348489745627
5 1 5 2 -1  0.0250315
17321665728080297
5 4 5 0 -1  0.0202755
17397260352445331
7 6 7 5 -1  0.0523347
17653035707199598
1 2 1 1 -1  0.00636268
17766563312326785
7 5 7 4 -1  0.000859503
18015524782020968
4 0 3 0 -1  0.254186
18333891193522059
6 5 5 5 -1  0.282429
18405075637761757
5 0 4 2 -1  0.0581497
18478891524599615
6 4 5 3 -1  -0.0523347
19060576932053373
7 2 4 5 -1  -0.0886293
19090967972187902
4 2 2 0 -1  -0.0581497
19126857765976278
5 5 4 5 -1  -0.000456775
19129569042356841
4 0 4 3 -1  -0.531441
19178321496622728
4 3 5 1 -1  -0.0797664
19447283172977021
7 5 6 6 -1  -0.0202755
19870770822282537
2 1 7 6 -1  0.166772
20195059483203035
3 6 3 7 -1  -0.59049
20356679393885346
6 2 4 3 -1  0.0343368
20486300973476546
6 1 5 1 -1  -0.135085
20666892980626760
1 4 1 3 -1  0.0471013
20869688067150729
6 4 4 6 -1  -0.121577
20878210724436466
7 5 5 3 -1  0.018248
20885331419228011
6 2 2 6 -1  -0.531441
20890572609868875
7 5 7 3 -1  -0.0202755
20912030404424960
6 3 5 5 -1  0.0164232
20996369349052770
6 2 6 4 -1  0.000626578
21138385582059173
7 5 6 5 -1  0.038152
21437055296548055
4 0 3 0 -1  0.228768
21528420325792093
6 4 6 2 -1  0.0278128
21785717795346817
2 4 1 5 -1  0.0278128
21837115843384308
5 5 4 6 -1  0.31381
21846834148640099
7 3 7 4 -1  0.00872795
21859012481511229
6 6 5 5 -1  0.0202755
22044188149095337
7 2 6 1 -1  -0.00056392
22525505415727152
4 4 5 5 -1  0.9
22623586435691907
6 2 4 2 -1  -0.00515377
22720497281205818
0 2 5 7 -1  -0.0717897
22832031076254087
4 2 2 1 -1  -0.0343368
22833847635153481
3 1 5 0 -1  0.0523347
22841310043919499
3 3 2 3 -1  -0.59049
23062571655991126
7 6 6 5 -1  -0.098477
23074069029182659
6 4 6 3 -1  0.59049
23137414569351746
7 6 6 4 -1  -0.0164232
23149617143371878
7 4 6 4 -1  0.00304325
23162624938793613
5 2 3 1 -1  0.0278128
23312480444310516
3 3 4 4 -1  0.9
23369918929913548
7 0 4 3 -1  0.121577
23370358458860134
7 3 6 2 -1  0.00273892
23377783597184825
2 6 7 1 -1  0.228768
23738591676980110
7 5 6 5 -1  0.59049
24084094641098355
6 2 5 2 -1  0.0581497
24172045265649142
6 0 5 0 -1  -0.0471013
24213754081878426
6 3 5 1 -1  -0.00872795
24338414519569590
4 3 4 4 -1  -0.348678
24394566667532122
6 3 4 2 -1  -0.185302
24716470416692259
7 5 7 6 -1  -0.150095
24802598286782345
0 7 1 7 -1  -0.0717897
24929678286997311
7 6 6 7 -1  0.59049
24958598155155391
7 6 5 7 -1  0.0886293
24984402434622996
3 4 1 3 -1  -1
25326582719788033
6 4 7 3 -1  0.348678
25575028941580665
6 5 5 6 -1  -0.038152
25898117814740192
5 7 3 5 -1  -0.478297
26147579852708580
3 1 6 4 -1  -0.254186
26162914074234841
4 1 3 1 -1  -0.31381
26311960011254620
4 6 5 4 -1  0.0343368
26421287909105020
7 1 7 3 -1  0.348678
26440832350498850
7 5 7 3 -1  0.0717897
26522750135048138
5 1 3 2 -1  0.00515377
26533245614424738
6 5 4 5 -1  0.0133028
26685685585681749
7 2 7 4 -1  0.348678
26719073985963018
5 3 4 5 -1  0.478297
26736258660161200
4 4 3 2 -1  0.0343368
26756231039856979
7 4 7 6 -1  -0.0471013
26849278753359371
3 5 5 4 -1  -0.00417455
26863518754365624
7 1 5 1 -1  0.109419
27155487381456731
5 2 4 2 -1  0.00969773
27569106934979244
3 5 2 4 -1  0.0164232
27574691247304150
6 0 5 1 -1  0.0717897
27649159069673628
7 4 7 6 -1  -0.0225284
27752297972610480
6 3 5 3 -1  -0.0250315
27826602869635149
3 1 2 2 -1  -0.478297
28037232123965050
6 3 7 4 -1  0.31381
28275136019554149
7 3 4 6 -1  0.00463839
28332665296746507
7 1 7 0 -1  0.0133028
28380241183920737
5 4 4 4 -1  -0.282429
28439265819371511
5 4 6 5 -1  -0.0797664
28630967917550770
6 5 4 5 -1  0.9
28676085667642935
5 5 3 4 -1  -0.00969773
28695307844571392
6 5 5 5 -1  -0.348678
28736167015780298
4 1 3 0 -1  0.0225284
28963505437415555
7 1 6 3 -1  0.00636268
29282064347025573
4 3 3 5 -1  0.000242749
29460792969012875
7 2 4 5 -1  -0.0164232
29748616176626065
6 6 5 6 -1  0.121577
29781461087388216
4 2 4 0 -1  0.0717897
30074857639357615
7 3 6 3 -1  0.0646108
30251762947357503
4 0 5 2 -1  0.0797664
30417038993988762
4 2 3 3 -1  -6.85594e-05
30433963112248468
7 5 7 1 -1  0.348678
30707899662766141
4 4 2 2 -1  0.6561
30925125341954919
4 2 5 2 -1  0.6561
31199911658791926
3 2 2 2 -1  -0.6561
31267025983015261
5 1 4 0 -1  0.59049
31284716263601309
2 4 1 4 -1  -1
31416406647221260
3 7 1 6 -1  0.282429
31440677646931845
6 2 4 2 -1  -0.531441
31626365797714698
4 7 3 6 -1  0.531441
31627577737969432
5 5 4 3 -1  -0.0225284
31743899803355000
7 3 4 3 -1  0.038152
31809873482518080
3 1 3 0 -1  0.282429
31835913751469091
7 2 5 4 -1  0.121577
32177643267103847
4 6 3 5 -1  -0.31381
32205788595162484
6 6 4 6 -1  0.6561
32279094837348212
6 3 7 2 -1  0.282429
32398798490735054
6 3 6 5 -1  0.0797664
32427143028811352
5 4 6 5 -1  0.31381
32446852802243596
7 4 5 3 -1  -0.000696197
32803678313123997
2 0 1 0 -1  -0.531441
32806843553968039
4 6 5 5 -1  -0.282429
32859328570112532
6 7 4 7 -1  0.31381
33015195587929187
0 2 0 4 -1  0.9
33128392525648789
5 4 3 6 -1  0.430467
33205162257463046
6 6 5 5 -1  -0.038152
33403032869813694
4 3 3 4 -1  0.0797664
33461739455803768
6 4 5 5 -1  -0.6561
33908288318822523
7 1 5 2 -1  0.0133028
34543836019040206
7 5 3 1 -1  0.00572641
34695750426695378
0 4 5 4 -1  -0.478297
34895307580323868
5 5 6 3 -1  -0.0886293
34918480551847380
6 3 7 5 -1  0.59049
34950138846382556
7 0 5 0 -1  -0.135085
34974038735782050
5 5 6 3 -1  -0.150095
34999785761099487
5 3 4 4 -1  -0.135085
35228606476274123
6 1 3 4 -1  0.135085
35355684621204224
3 3 4 5 -1  0.348678
35399023543366233
5 4 7 5 -1  -7.61772e-05
35465682105158851
6 2 6 7 -1  0.254186
35532744055719852
7 5 6 6 -1  0.282429
35634878108232330
4 3 3 1 -1  0.0423911
35939407606614009
5 2 3 3 -1  0.0343368
35946021722516582
2 2 4 4 -1  -0.81
36008244457492366
6 2 4 0 -1  -0.0717897
36147779665844038
4 2 3 2 -1  -0.59049
36180278446955487
0 6 2 4 -1  0.0581497
36308217768648571
6 3 5 3 -1  0.00785516
36342066551869585
4 1 4 0 -1  -0.0343368
36356832262468416
5 3 4 1 -1  0.00785516
36599476075408860
6 1 2 5 -1  -0.098477
36644157585606206
0 0 0 4 -1  0.348678
36813569841139591
3 4 2 5 -1  -0.205891
36981614948667466
7 6 7 5 -1  0.6561
37166789865453520
5 0 4 0 -1  -0.0717897
37227494657160825
4 3 5 5 -1  0.228768
37369312222355408
6 4 0 4 -1  0.81
37623418052034523
4 1 3 1 -1  0.0886293
38021332103891197
4 7 3 7 -1  -0.0278128
38034627087594932
6 0 4 0 -1  0.0523347
38131355316811986
1 6 5 6 -1  0.254186
38139053520585760
6 3 4 2 -1  -0.135085
38200869634658313
5 1 4 2 -1  0.098477
38216128858061319
7 6 7 7 -1  0.205891
38307415971431200
7 5 7 1 -1  0.31381
38676219647940278
7 6 6 7 -1  0.729
38716607007844349
7 0 7 2 -1  0.135085
38876435079835903
4 1 3 1 -1  -0.135085
39348379913777348
3 6 5 4 -1  0.166772
39450151616395181
4 1 2 3 -1  0.59049
39478724925384374
4 3 5 5 -1  0.098477
39524707502730902
6 7 5 7 -1  -0.0717897
39688626160144978
7 7 7 6 -1  0.0107753
39821366734703680
4 1 5 2 -1  -0.729
39980700255020357
2 6 2 4 -1  0.478297
40223094108439905
3 2 3 0 -1  -0.00338139
40256664852444333
5 5 6 3 -1  -0.0797664
40326588209255406
6 4 7 3 -1  0.00106111
40379147679393298
7 7 7 3 -1  0.0717897
40392460303057875
6 5 4 5 -1  0.81
40474868141497277
6 6 6 5 -1  0.185302
40690554318720660
5 1 4 2 -1  0.0119725
40749691058784537
5 6 4 6 -1  0.81
40865560785394661
7 5 3 5 -1  -0.6561
41002040892817963
7 7 7 3 -1  -0.348678
41316072606356796
6 2 5 2 -1  0.0646108
41675532270268927
1 7 1 4 -1  -0.348678
41695514281686877
7 5 7 3 -1  0.185302
41987888309822923
7 4 6 4 -1  0.531441
42141461563969593
4 5 3 4 -1  0.0107753
42204238015907509
4 2 3 2 -1  0.0523347
42292155136047880
6 7 5 7 -1  -0.0278128
42522065334899186
4 5 3 6 -1  -0.0225284
42650724535954947
6 4 4 4 -1  -0.098477
42933034444140408
3 7 2 7 -1  0.0797664
42936871744945932
1 5 3 3 -1  -0.31381
43027282882651705
6 6 5 6 -1  -0.000456775
43317425160726474
7 0 7 1 -1  0.121577
43629166749751420
4 2 4 4 -1  0.109419
43632097633448661
6 2 6 3 -1  0.348678
43937370204760638
5 2 4 2 -1  0.150095
44038636292642472
2 1 1 1 -1  -0.59049
44253020878147151
4 1 6 3 -1  0.31381
44578576379473896
6 7 6 6 -1  0.0717897
44762128765899233
7 1 5 2 -1  -0.0523347
44789436514889082
4 3 2 3 -1  0.6561
44962348974590524
4 1 3 1 -1  -0.348678
45216144220803484
5 2 4 3 -1  -0.000498497
7 2 3 6 -1  0.109419
45314278561103880
4 3 3 2 -1  -0.135085
45386946669046739
6 0 4 0 -1  0.348678
45457701543301472
4 1 2 3 -1  -0.254186
45585547789112642
3 1 1 0 -1  0.348678
45735711840734692
3 2 4 4 -1  0.6561
45750211129241057
7 3 7 1 -1  0.0523347
45787523204866143
7 2 5 2 -1  0.0581497
45876036421420479
6 2 4 3 -1  0.478297
45907910641565433
6 3 7 5 -1  0.185302
45967081710078518
3 6 7 6 -1  0.0646108
45974183365527408
5 1 4 1 -1  -0.0343368
45982987711538429
3 1 2 2 -1  0.0646108
46034680671282335
7 3 5 3 -1  -0.31381
46212593520041974
5 4 4 4 -1  -0.59049
46362366824165317
4 1 7 1 -1  0.205891
46715608740402956
0 3 1 3 -1  -1
46834133820976417
5 0 3 0 -1  0.0646108
46967083863929384
4 0 2 0 -1  -0.0797664
47209251275784176
7 2 5 1 -1  0.185302
47363062651159072
5 3 4 3 -1  -0.00463839
47640766989703624
6 0 5 0 -1  0.0886293
47757830335919830
4 4 3 4 -1  -0.6561
47844942465892008
0 3 5 3 -1  0.729
48028686547134049
1 1 2 1 -1  -0.109419
48123443319274238
7 0 7 1 -1  -0.150095
48248594172706254
5 5 6 7 -1  0.348678
48746029371429122
7 6 4 6 -1  0.0471013
48764343322816925
5 4 5 1 -1  0.0164232
48791631918448229
5 2 5 4 -1  0.0886293
48794177712501270
6 0 4 0 -1  0.0797664
49073995297428920
2 2 1 3 -1  0.150095
49164505422976019
1 2 0 2 10  0.228768
49169274345474659
6 1 4 1 -1  -9.40459e-05
49225094193990906
7 2 5 2 -1  0.109419
49268617735498342
6 7 5 7 -1  0.00338139
49718381157813971
5 6 6 4 -1  0.282429
49898155978399259
2 2 1 1 -1  -0.81
49902342148374738
3 3 5 1 -1  -0.135085
50157356232860088
7 7 7 4 -1  0.00417455
50212186710006022
4 7 6 6 -1  0.00969773
50400387088914313
4 1 5 2 -1  0.0471013
50408977513178333
5 1 6 3 -1  -0.0886293
50408980059798640
3 0 3 1 -1  0.205891
50759246124468842
6 4 5 5 -1  -0.9
50866888653415784
6 3 4 3 -1  0.00459076
51024381132475043
4 5 3 5 -1  -0.00246503
51234245201164798
5 2 4 2 -1  -0.0119725
51328444920044900
7 4 7 2 -1  -0.430467
51705320620349655
5 6 4 5 -1  0.38742
51712267809754480
6 5 4 5 -1  -0.729
51848115687713753
7 5 7 3 -1  -0.00463839
51892317183220806
5 2 3 1 -1  -0.109419
52126911519402493
6 4 5 5 -1  0.166772
52256774751869494
4 1 5 3 -1  0.348678
52673200814559472
5 6 3 7 -1  -0.531441
52706664825736088
7 5 7 4 -1  -0.31381
52839418005126660
7 2 3 2 -1  0.9
52853737918911082
5 5 6 5 -1  0.0471013
52865011585201499
6 3 5 3 -1  0.00417455
52954372801087492
4 5 1 5 -1  -0.00131002
53658512834538505
6 7 4 6 -1  -0.098477
53687668347986767
4 4 2 3 -1  -0.6561
53728143699728133
6 4 2 4 -1  0.430467
53864518446979785
6 7 7 7 -1  -0.038152
53866017079883634
4 4 5 5 -1  -0.00463839
54002805272715324
7 4 6 2 -1  -0.135085
54080479358315696
6 5 4 5 -1  0.0646108
54317735114669054
3 5 5 6 -1  0.38742
54520873411998903
3 4 5 5 -1  0.0343368
54662547076187077
7 4 7 5 -1  0.038152
54706385661180254
6 1 6 2 -1  0.0309031
54764828190558615
5 4 3 2 -1  0.0145915
55177299952458172
5 5 3 4 -1  0.038152
55217583323701865
5 5 6 3 -1  0.00161731
55263450348171785
1 3 1 0 -1  0.38742
55326733852843458
3 6 5 5 -1  -0.00706964
55643598866029176
4 2 6 3 -1  0.282429
55667210137709299
5 6 4 6 -1  -1
55717780427931930
7 7 7 6 -1  0.00199668
55939606159930522
6 2 6 4 -1  0.00706964
56071355906832736
1 1 0 0 -1  0.0523347
56112665428961482
3 3 2 3 -1  -0.166772
56664399839154148
7 5 7 3 -1  -0.038152
56787753664255956
5 6 4 6 -1  -0.59049
57116492480348958
4 5 2 3 -1  0.150095
57387030812828931
4 3 3 3 -1  -0.6561
57439955820301032
4 0 3 2 -1  0.038152
57588421036201124
7 6 6 5 -1  -0.0309031
57702905842822627
5 0 4 1 -1  -0.205891
57714391837020066
2 4 2 5 -1  -0.478297
58050480106663512
6 5 4 5 -1  0.0523347
58631626799883565
6 2 5 1 -1  0.0278128
58758510527845539
5 5 5 4 -1  0.9
58761872466328826
4 3 3 2 -1  -0.0886293
58967403155994958
4 7 3 5 -1  -0.0581497
59053937189497127
6 4 5 5 -1  -0.109419
59637000964699190
3 5 1 4 -1  0.6561
59639099752070520
4 4 3 4 -1  0.0886293
59698898429751683
7 3 5 5 -1  0.185302
59860778823702111
6 0 6 3 -1  0.000859503
59868501694424415
7 4 7 6 -1  0.00463839
59989200454262851
0 7 0 4 -1  0.430467
60485934746493384
4 4 2 5 -1  -0.31381
60558231463063929
6 7 4 7 -1  0.0147809
60620732997042819
3 4 3 6 -1  0.00572641
60660880294864234
2 5 3 4 -1  0.254186
60987700935398444
7 6 6 6 -1  -0.121577
61012442781744401
6 1 6 2 -1  -0.185302
61083336565487442
3 1 4 1 -1  -0.205891
61115843637751156
2 3 4 4 -1  -0.254186
61179581082179031
1 7 3 7 -1  -0.478297
61288679063660251
6 5 2 1 -1  0.9
61321832626141587
5 5 6 4 -1  0.185302
61477005097058930
4 2 2 4 -1  0.38742
61493661690183476
7 3 6 5 -1  0.00338139
61534171288368651
7 0 7 3 -1  0.0523347
61693380598258551
6 4 5 4 -1  -0.0717897
61739115915025557
5 2 4 3 -1  0.205891
62013903570326819
6 5 5 5 -1  -0.348678
62277096787209026
6 7 7 7 -1  0.0523347
62292276920514654
4 1 7 4 -1  0.9
62340716002236343
5 7 4 6 -1  0.185302
62478148966408163
7 4 6 4 -1  0.0523347
62545188745435132
3 1 3 2 -1  -0.478297
63012432456504724
7 2 7 1 -1  0.018248
63254740361574468
5 4 4 4 -1  -0.0119725
63376620994647986
3 1 4 0 -1  -0.0278128
63425013272791128
7 5 5 5 -1  -0.00221853
63466371711677255
5 5 3 4 -1  0.109419
63526842517904610
2 4 4 4 -1  -0.6561
63537072812477107
1 4 5 0 -1  -0.166772
64301175610891457
6 7 5 7 -1  -1
64428716150802656
3 1 1 1 -1  0.282429
64480655057943945
3 1 5 3 -1  0.00572641
7 1 6 3 -1  -0.00569117
64527751856476548
5 6 4 5 -1  0.59049
64554603632137986
2 2 0 4 -1  -0.109419
64690675451516378
5 6 4 5 -1  0.109419
64700780314546580
6 5 5 5 -1  0.00221853
64816526704254492
5 4 4 3 -1  0.166772
64818013110352443
4 6 5 5 -1  0.121577
64943991472663397
6 7 5 6 -1  0.135085
65080750489848506
5 4 4 4 -1  0.0581497
65099213861059039
7 3 6 3 -1  -0.430467
65314429695862409
5 4 2 1 -1  0.38742
65410325613187479
6 6 1 1 -1  0.228768
65496697578492947
6 4 5 3 -1  0.0278128
65550353015089481
7 5 6 4 -1  0.038152
65613847557256416
1 1 1 3 -1  0.282429
65664448021824616
5 7 4 7 -1  0.430467
65677165442126143
4 2 5 3 -1  0.0423911
66000110580197574
1 2 1 1 -1  0.729
66127747095892550
7 1 6 3 -1  0.0646108
66398196412549938
4 7 3 7 -1  -0.430467
66484685295093062
4 0 3 1 -1  0.121577
66555705768536784
4 2 3 1 -1  0.00417455
66622866848414205
7 0 7 1 -1  0.0646108
66631166443583580
4 0 2 2 -1  0.0225284
66638529322830032
5 2 4 2 -1  0.0581497
66743772582992984
2 2 4 3 -1  -0.31381
67525908082277539
4 3 5 1 -1  -0.109419
67713681872194004
4 5 3 4 -1  0.0523347
68081418733142150
7 1 5 1 -1  0.729
68094458727574914
7 6 7 5 -1  0.109419
68180038758178584
2 5 1 5 -1  -0.59049
68425429479161253
6 2 5 2 -1  -0.0523347
68473828634096017
4 0 3 0 -1  -0.254186
68532102765951103
7 5 7 4 -1  0.38742
68607368549778506
7 3 6 3 -1  0.098477
68720967148341007
6 4 4 4 -1  0.0120573
6 4 5 4 -1  0.00366838
7 1 6 3 -1  -0.135085
69156257361990341
7 3 5 3 -1  0.121577
69158946507068814
4 0 3 0 -1  0.348678
69255016904170304
4 2 5 3 -1  0.348678
69962070274171406
3 6 0 3 -1  -0.430467
70289473742843678
6 4 3 1 -1  0.150095
70448706546000676
7 3 6 3 -1  0.0278128
70475646802304381
5 2 3 4 -1  -0.348678
70539905972699212
6 6 5 6 -1  -0.098477
70550473171992978
6 3 5 5 -1  0.0250315
70652572307707165
6 4 6 3 -1  0.098477
70709100413956041
4 7 4 5 -1  0.228768
70715633839326050
7 6 6 5 -1  -0.531441
70941378599213995
7 2 3 2 -1  0.282429
71551503739785915
6 3 4 2 -1  -0.135085
71728926743214037
3 5 4 5 -1  -0.59049
71829205957007721
7 2 5 2 -1  -0.0797664
71994970106950833
4 1 3 0 -1  -0.166772
72111237001708945
7 1 6 3 -1  -0.0423911
72148901965386595
3 4 3 7 -1  -0.205891
72449027566177459
6 2 5 1 -1  0.254186
72576335515289365
5 4 2 1 -1  0.0797664
72664409693508995
7 1 5 1 -1  -0.282429
72702267726009972
3 4 2 2 -1  0.000369988
72872026577705199
6 3 6 4 -1  0.729
73165438881721467
3 3 3 2 -1  0.150095
73368032942232374
5 3 4 5 -1  -0.282429
73368436412743145
7 3 7 7 -1  0.0523347
73480193190462786
7 3 6 4 -1  0.0471013
73706526951086500
1 3 1 4 -1  0.9
73955871571439656
7 2 7 3 -1  0.0797664
74059098288713915
6 2 5 2 -1  0.0797664
74061156048436559
7 4 1 4 -1  0.478297
74085966517481361
5 5 3 4 -1  -0.038152
74148741504660360
3 1 2 2 -1  0.0107753
74243339819555595
0 1 7 1 -1  0.00199668
74374119776442830
6 4 2 0 -1  -0.0646108
74512446564048625
7 4 7 2 -1  0.166772
74523071290906708
7 2 7 4 -1  0.135085
74591445283337272
4 6 3 5 -1  -0.150095
74837746022433666
7 0 7 2 -1  0.0225284
75448855624983439
4 3 5 2 -1  -0.729
75572278355796902
2 4 4 5 -1  -0.254186
75874107397679160
7 7 6 6 -1  0.098477
75892965381248666
1 6 2 5 -1  0.430467
76064290866411197
7 4 7 6 -1  0.31381
76069582887990265
7 5 5 3 -1  0.0119725
76152664881223488
6 2 4 2 -1  0.205891
76255211968100937
7 4 6 2 -1  -0.0343368
76364778063601676
3 2 1 3 -1  0.150095
76520508027720130
6 5 4 4 -1  0.018248
76806219897548874
4 3 4 2 -1  0.00785516
76808721561907878
5 0 7 1 -1  -0.0471013
76880868113572619
5 5 4 5 -1  -0.31381
77360349453316661
7 4 7 6 -1  -0.098477
77925837563834844
2 6 0 6 -1  -0.9
78086565727371580
7 4 7 5 -1  0.205891
78435514222647659
7 5 7 2 -1  0.9
78529635809966865
6 3 5 5 -1  -0.00246503
78541165630169381
6 4 5 3 -1  -0.6561
78559616907949024
5 5 4 7 -1  -0.0423911
78577650609193259
7 1 6 3 -1  -0.185302
78606337134668130
6 4 4 2 -1  0.135085
78618688163159526
6 1 5 1 -1  0.0250315
78762211599274274
1 2 1 1 -1  0.167698
78768856616244048
7 0 7 2 -1  0.00969773
78954700358668429
4 6 3 5 -1  -0.0343368
78991751597678579
7 5 6 6 -1  0.348678
79346787607548601
4 7 3 6 -1  0.31381
79366908072214397
0 0 4 4 -1  0.59049
79560303065696356
6 1 7 2 -1  0.205891
80064664947003235
5 5 4 7 -1  0.0251706
80144829855622067
6 1 5 1 -1  -0.00872795
80435076270106130
6 6 2 2 -1  -0.9
80636218404280327
7 3 4 0 -1  0.0250315
80756833371405303
5 2 7 2 -1  -0.0797664
80923728197473413
6 4 7 3 -1  0.0164232
81020688519053912
5 4 3 5 -1  0.430467
81120220191267279
7 4 7 6 -1  0.098477
81286772093963735
1 4 0 2 -1  -0.109419
81294263780784684
6 2 5 2 -1  -0.121577
81404456999780732
6 4 6 3 -1  0.59049
81414095780283504
4 5 5 6 -1  -0.166772
81501809718171666
6 6 5 5 -1  -0.0471013
81532366444790532
6 6 5 5 -1  -0.098477
81656609800008323
3 1 1 3 -1  -0.135085
81707359184129050
5 0 7 2 -1  -0.0225284
81824493292377952
5 2 4 1 -1  0.0250315
82160025064791199
4 6 2 7 -1  0.282429
82172310552845525
7 5 7 2 -1  0.0886293
82424829277515632
7 3 7 4 -1  0.0717897
82567306118442971
7 1 5 2 -1  0.205891
82582488429898306
5 0 4 0 -1  0.00131002
82607056180968988
4 0 4 5 -1  -0.430467
82662589469988643
7 6 5 5 -1  -0.81
82794220209148398
3 1 2 2 -1  0.0278128
83033883719418724
2 3 3 5 -1  -0.478297
83059815779249818
6 3 4 4 -1  0.254186
83104869184615273
7 2 4 5 -1  -0.348678
83484244283299881
6 2 4 2 -1  0.098477
83788090270666358
6 6 5 5 -1  0.150095
83836275043279611
5 5 4 3 -1  -0.038152
84073294370341537
7 3 7 5 -1  0.6561
84242430032866184
6 1 3 4 -1  -0.135085
84322767867854023
4 3 3 4 -1  -0.0202755
84759538524961103
6 7 5 7 -1  -0.098477
84783018520956363
6 7 4 7 -1  0.150095
84854097537047041
7 3 6 4 -1  0.121577
84963936156636124
6 4 6 5 -1  -0.6561
85040615739995261
1 5 5 5 -1  -1
85049087587103807
4 4 3 6 -1  0.729
85130548315584004
7 1 5 2 -1  6.6342e-05
85431651023652776
5 4 4 4 -1  -0.0471013
85730338949297368
3 6 2 5 -1  -0.150095
85756800305555637
7 4 1 4 -1  -0.31381
85767933414314406
7 3 7 2 -1  -0.0471013
85886911309261253
5 3 4 2 -1  -0.348678
85891145715889648
6 7 5 7 -1  0.00246503
85931471181225328
6 4 7 4 -1  0.6561
85951719849180853
7 4 5 4 -1  -0.00706964
86047221988109541
6 3 7 4 -1  -0.0797664
86163455701145167
5 3 4 3 -1  -0.478297
86263936851433499
4 0 3 1 -1  -0.348678
86458243727106117
3 2 2 4 -1  -0.166772
86844937623444433
7 3 7 6 -1  -0.0797664
87099902900378265
6 2 5 2 -1  0.0717897
87190288536654965
6 5 4 5 -1  0.0147809
87402942599564869
5 6 6 7 -1  -0.00199668
87839793332411864
6 4 7 5 -1  0.0202755
87851152120881623
6 0 4 0 -1  0.018248
87864533047983325
7 0 7 4 -1  0.098477
88110120153064666
3 7 2 7 -1  -0.109419
88122648560600868
7 4 5 4 -1  -0.38742
88501888641589653
3 2 2 2 -1  0.0423911
88522346578244217
6 6 5 6 -1  0.228768
88567736550466526
2 5 1 7 -1  0.348678
88636662141177699
4 7 3 5 -1  0.0523347
88681695380251841
3 1 2 2 -1  0.135085
88741679466560093
5 4 0 4 -1  -0.205891
89006263898182799
4 2 6 3 -1  0.0523347
89037285918193366
4 3 3 2 -1  0.098477
89137492309013884
4 5 3 4 -1  -0.31381
89166386407014887
5 5 3 7 -1  0.9
89167944995938938
4 3 2 5 -1  0.228768
89438098648709425
5 4 4 2 -1  -0.81
89547595118906227
5 1 4 2 -1  0.0423911
89639896255047824
1 5 2 5 -1  0.59049
90017636271719960
6 5 4 5 -1  0.0471013
90113667883628064
0 0 2 0 -1  -0.205891
90130516863453745
7 4 7 6 -1  0.0581497
90221035527227175
7 4 6 4 -1  0.254186
90712723516340124
3 4 4 3 -1  0.166772
90953401875334982
1 0 0 0 -1  -0.228768
91063245208321013
7 3 5 3 -1  0.0797664
91064916183595162
5 5 6 3 -1  -0.228768
91224336709318626
7 6 4 6 -1  -0.430467
91856124724841208
1 7 2 6 -1  0.6561
91967401946524176
7 1 4 1 -1  0.282429
91993584868692069
5 4 4 3 -1  0.348678
92426567210058372
7 5 5 5 -1  0.0717897
92470804129713286
6 6 7 7 -1  0.0646108
92533087335058163
6 2 7 1 -1  0.00131002
92568562640456716
4 2 3 1 -1  0.0119725
92769758096369617
3 4 3 6 -1  0.59049
92810916609155418
7 6 6 7 -1  0.205891
93014076644630887
5 3 4 5 -1  -0.135085
93314703882428494
4 4 6 3 -1  0.282429
93337786683265696
0 3 1 4 -1  0.228768
93341704300981681
6 6 7 5 -1  0.81
93572226399891929
6 3 7 3 -1  -0.0225284
93623483786331184
5 1 3 3 -1  0.150095
93794042574194242
6 7 5 6 -1  1.52101e-07
93939623387786839
5 6 3 4 -1  0.00872795
94043516584272691
6 7 5 7 -1  -0.0225284
94279804046265516
3 3 3 6 -1  0.0581497
94521707436982752
3 5 1 4 -1  -0.0886293
94591481529873584
4 7 5 6 -1  -0.81
94748074481732580
4 2 3 3 -1  -0.0717897
95010280913447779
3 2 2 2 -1  -0.0278128
95035044561975913
3 1 5 3 -1  0.000539102
3 1 6 4 -1  0.00758676
95083619422066271
2 7 3 6 -1  -0.6561
95353839031905584
1 6 6 6 -1  0.531441
95378283387975223
5 6 4 6 -1  0.9
95409637892685169
4 2 3 3 -1  0.0111822
7 5 5 3 -1  0.00252686
95568238082382631
6 7 5 7 -1  0.0133028
7 3 4 3 -1  0.0133028
95615657741583520
5 3 5 5 -1  0.150095
95826064130785015
1 3 3 5 -1  -0.9
95962441592604841
7 3 6 3 -1  -0.0278128
96116457563983107
6 6 5 7 -1  0.0471013
96177878024698484
6 0 4 0 -1  -0.478297
96431028137714753
7 5 7 3 -1  0.121577
96552659235276206
7 6 6 5 -1  -0.00872795
96560411304764919
4 0 7 3 -1  0.185302
96607447809876691
7 0 7 1 -1  -0.0717897
96975002151875481
7 5 7 3 -1  0.38742
97004182045268194
3 5 5 6 -1  0.038152
97054273887729114
6 1 4 1 -1  -0.0225284
97131444487259327
5 1 2 1 -1  -0.00785516
97333336380779928
7 5 7 4 -1  0.166772
97344530832260118
6 5 5 5 -1  0.228768
97471062350797880
6 2 4 2 -1  0.109419
97552203962524872
5 5 6 4 -1  0.0797664
97865180607940794
3 2 3 4 -1  0.478297
97911374319950617
6 3 6 2 -1  0.38742
98141107211901186
5 5 4 5 -1  -0.185302
98250644957922649
4 3 6 2 -1  0.150095
98446972366474783
3 4 6 1 -1  0.000411098
98647180699059036
7 3 6 4 -1  0.0423911
98834007890909342
0 1 2 1 -1  0.478297
98983538073378793
5 4 4 2 -1  0.9
99430339453228279
6 4 4 4 -1  -0.00872795
99435065013450066
4 3 3 4 -1  0.135085
99483281646302601
1 4 1 3 -1  -1
99582739217654361
3 2 2 2 -1  0.38742
99651364342296383
2 3 1 1 -1  -0.185302
99654932241599180
7 4 7 5 -1  0.121577
99656698517763690
6 1 5 1 -1  0.348678
99693518776860647
7 3 6 3 -1  0.0423911
99706356767386519
4 6 3 5 -1  -0.0717897
99964176174330425
5 4 4 4 -1  0.531441
100183865937818350
5 4 6 3 -1  0.38742
100231079715485283
4 4 2 5 -1  -0.38742
100269837845336051
5 5 3 7 -1  -0.00969773
100435018405236296
5 4 4 3 -1  0.0278128
100454626653778211
4 3 3 3 -1  -0.430467
100557333497390055
4 3 3 2 -1  0.0250315
7 5 5 3 -1  -0.0423911
100592533311406629
6 2 5 2 -1  0.0225284
100656722435816111
5 4 4 3 -1  0.0797664
100942915501547887
6 5 5 6 -1  0.478297
101146851297406723
6 4 5 3 -1  0.098477
101174656551659402
5 3 4 4 -1  -0.121577
101195138722352842
6 4 4 4 -1  0.000859503
101207687606441880
5 2 3 3 -1  -0.00417455
101259702423897523
4 5 5 3 -1  -0.6561
101724827692618080
3 1 2 2 -1  0.185302
101779806722431036
7 5 7 6 -1  0.282429
101793838138152776
5 0 4 0 -1  0.282429
101796586871762610
6 1 4 1 -1  -0.00304325
101800848238491638
4 2 2 0 -1  0.0797664
101967580838432673
3 4 3 0 -1  -0.729
102165174495518111
7 4 7 2 -1  0.00106111
102199057044902478
7 2 7 0 -1  -0.38742
102272362700592647
4 3 3 4 -1  0.282429
102670662288882667
5 4 2 1 -1  -0.0471013
102694310836721461
3 6 1 4 -1  -0.430467
102848204423183437
5 0 3 1 -1  -0.0202755
102916491330889791
4 3 3 4 -1  0.31381
102937255847077593
3 7 2 7 -1  -0.81
103274014186269587
0 0 1 0 -1  0.0037571
103428520480391704
6 6 7 5 -1  0.098477
103429757833325120
0 2 1 2 -1  -0.729
103564660290599312
7 2 5 4 -1  0.109419
103953367726025068
6 0 5 0 -1  0.135085
104017937727096550
7 1 5 2 -1  0.00304325
7 5 6 4 -1  0.0265832
104275369295895213
6 3 7 4 -1  0.098477
104301709952845839
7 0 7 3 -1  -0.0646108
104465490674487158
4 7 3 7 -1  0.729
104536743022142583
6 4 6 3 -1  0.348678
104780876488954924
7 5 3 1 -1  -0.0225284
104785007618690824
7 4 0 4 -1  0.348678
104811655268572017
7 1 7 2 -1  0.018248
104897090199309063
6 1 2 1 -1  -0.9
104981897710328062
1 1 1 2 -1  0.729
105064753480427173
5 4 4 5 -1  0.282429
105253250686418700
7 0 7 3 -1  -0.0164232
105353888418737715
7 3 5 3 -1  0.00463839
105449287556043670
3 1 5 0 -1  0.0886293
105649318705021348
6 6 5 7 -1  0.205891
105659801260892348
6 7 5 7 -1  0.0147809
105810907929529128
7 5 7 4 -1  0.0343368
105916963833526827
5 7 4 5 -1  -0.6561
105938562808251769
7 4 7 0 -1  -0.31381
105951728646574171
5 1 6 2 -1  -0.430467
105991417698425872
5 1 4 1 -1  0.166772
106208975507571911
5 4 4 4 -1  0.00179701
106263781842910866
7 1 5 1 -1  0.0523347
106273431730060977
4 3 4 0 -1  0.0471013
106279127545442260
7 5 6 4 -1  0.121577
106280572125943452
7 4 7 5 -1  -0.0343368
106450539761844175
4 7 5 6 -1  -0.31381
106531995435832974
7 3 6 3 -1  0.098477
106719182023172764
4 0 4 1 -1  0.228768
106976217977069933
7 3 6 3 -1  0.59049
107384283878214938
6 5 4 5 -1  0.00417455
107796480745313012
5 3 4 4 -1  0.109419
107861989199045691
4 2 3 1 -1  -0.59049
107876598235207273
5 2 4 0 -1  0.0164232
107961889441860225
5 4 6 5 -1  0.0147809
108063936220771571
5 7 2 4 -1  0.0886293
108084033928759834
5 4 4 4 -1  0.59049
108084569232222148
7 5 7 4 -1  -0.0646108
108243930924676562
7 6 7 1 -1  -1
108282602226613295
4 6 3 5 -1  0.9
108401714091823060
4 0 4 3 -1  0.00117902
108415872298470050
1 2 6 2 -1  -0.430467
108435455061704298
5 4 4 3 -1  0.135085
108570888685925206
6 6 5 5 -1  -0.282429
108643266599662988
7 3 4 0 -1  -0.109419
108738941157073110
5 1 4 3 -1  -0.478297
108890918262315216
4 2 6 4 -1  0.0886293
108914231164494428
6 7 4 7 -1  0.228768
109189493267095913
5 3 4 2 -1  0.348678
109211874897850219
6 4 4 5 -1  -0.0581497
109257053634270038
1 2 5 6 -1  -0.9
109364512372624358
5 5 5 2 -1  0.254186
109539991504949272
6 4 4 2 -1  -0.109419
109566149486048087
6 6 5 5 -1  -0.0250315
109598280249100267
7 3 7 2 -1  -0.0343368
109780241208639658
7 5 6 5 -1  0.0147809
110008245277683266
7 5 6 4 -1  0.0250315
110060697094172043
1 6 1 1 -1  0.31381
110347067015690074
4 5 4 4 -1  -1
110448813671277177
5 5 4 4 -1  -0.185302
110583843130207972
6 4 7 5 -1  0.150095
110592012371305402
6 4 4 6 -1  0.0119725
110787311373743475
5 1 3 3 -1  0.0147809
110914351783525415
7 4 2 4 -1  -1
111081059025375841
6 5 5 5 -1  -0.185302
111102242920159723
7 2 6 3 -1  0.0278128
111126589478436465
7 4 5 3 -1  -0.0797664
111277015573607797
5 2 5 4 -1  0.205891
111507941782475404
6 6 3 3 -1  -0.478297
111671009241109601
7 6 6 6 -1  0.0202755
111768625730100313
7 3 6 2 -1  -0.00161731
111866426137526132
7 4 7 1 -1  0.531441
111888365490069173
3 4 2 3 -1  0.109419
111913168776030606
3 6 2 5 -1  0.0523347
3 6 4 7 -1  0.254186
112048907527284958
3 5 4 6 -1  0.0581497
112277196971028388
7 3 0 3 -1  0.0797664
112372182375622714
4 3 6 5 -1  0.430467
112427600772114819
5 3 6 3 -1  -0.348678
112442559286285624
5 4 4 4 -1  -0.228768
112579268641724633
4 1 3 0 -1  -0.135085
112938349567619186
3 2 1 1 -1  0.282429
112956475629866530
2 1 0 3 -1  0.00179701
113073078255362771
6 5 5 5 -1  -0.0202755
113183387892227908
4 0 3 0 -1  0.121577
113524930274167197
3 5 3 6 -1  -0.478297
5 6 4 6 -1  -0.59049
113575536265152176
7 4 7 2 -1  -0.00785516
113623067393998280
5 5 4 7 -1  0.166772
114161872171577237
5 4 5 3 -1  0.9
114618086843836001
6 3 4 4 -1  -0.0581497
114770673921888148
5 6 4 5 -1  -0.166772
114773579702577563
6 6 2 2 -1  -0.205891
115199976361159739
7 5 5 3 -1  0.38742
115436808807122798
7 5 7 1 -1  -0.254186
115512131633147773
6 5 6 6 -1  0.531441
115558593727882009
0 3 7 3 -1  -0.430467
115770642124628285
7 3 5 1 -1  -0.38742
115943082656475619
5 0 4 0 -1  0.135085
116364076023959022
5 2 4 2 -1  -0.0886293
116387546335850263
4 4 3 3 -1  -0.228768
116544651581947705
7 5 7 4 -1  0.121577
116579503233088216
7 3 1 3 -1  0.0581497
116816273905532796
1 7 1 5 -1  0.9
117034894699165594
5 4 4 3 -1  0.135085
117046080899158366
5 2 4 4 -1  -0.038152
117061804780122584
6 1 5 3 -1  0.0523347
117231846806321718
7 2 7 3 -1  0.0717897
117327578543222415
3 4 2 4 -1  0.0278128
117329917981062901
6 2 6 4 -1  -0.6561
117459774547784890
4 0 5 1 -1  0.0646108
117930099096774219
7 7 7 2 -1  -0.0225284
118014255506942421
2 5 1 5 -1  0.531441
118051746764056088
7 5 6 4 -1  -0.0343368
118084511390341153
5 6 4 4 -1  -0.729
118182888400081319
4 0 3 1 -1  0.430467
118225122532732926
7 5 6 4 -1  0.098477
118397123087296326
6 0 5 0 -1  -0.00515377
118552131471681636
3 1 2 2 -1  0.00969773
118907320207637811
5 3 6 4 -1  -0.135085
119053041785951033
4 1 3 3 -1  -0.81
119087279096116741
7 5 7 3 -1  0.00785516
119120627761873306
7 5 5 4 -1  -0.121577
119158201084338077
7 3 4 3 -1  0.0886293
119174084023471103
7 4 7 3 -1  0.254186
119227962448996908
1 3 0 2 -1  -0.0309031
119321208049263758
5 6 4 5 -1  0.729
119509734062213581
7 4 3 4 -1  -0.6561
119514336884330146
6 6 5 5 -1  0.0278128
119523348142217991
4 4 3 3 -1  0.0646108
119720936102019916
4 7 2 7 -1  -0.729
120144751112094951
7 3 6 4 -1  -0.0278128
120147154066373828
7 4 7 6 -1  -0.00117902
120234303374314183
6 6 5 6 -1  0.31381
120285676734710138
6 4 4 3 -1  0.254186
120591060643419549
4 2 2 3 -1  -0.0309031
120753186460520079
7 6 5 5 -1  -0.00106111
120778967383872447
6 6 6 7 -1  -0.430467
120840931684279690
5 1 5 0 -1  0.0133028
121028933579122891
6 2 3 5 -1  -0.228768
121043571832900642
3 2 0 2 -1  0.31381
121161057146089872
4 4 5 6 -1  -0.018248
121207280533556857
5 5 4 3 -1  0.0460572
121276721022995523
7 5 4 2 -1  -0.38742
121381354236045461
7 5 6 4 -1  0.0423911
121457557036293106
5 5 4 5 -1  0.0717897
121856468661288766
6 2 7 3 -1  0.228768
121858645310817937
6 4 5 4 -1  0.031555
121877880711312808
5 4 5 5 -1  -0.205891
122042540385585169
4 1 1 4 -1  0.38742
122054612838546214
7 7 7 6 -1  0.282429
122095463560122026
6 4 3 1 -1  -0.150095
122258763406311177
5 5 3 4 -1  -0.166772
122393982780479567
4 3 4 5 -1  -0.109419
122557005670885820
4 6 4 4 -1  -0.348678
122978585607645375
5 5 3 6 -1  0.430467
123120418595975154
5 6 6 5 -1  0.6561
123336996890718436
7 1 5 2 -1  0.0797664
123366586688323432
5 1 2 4 -1  -0.166772
123719390842557978
4 3 3 2 -1  0.00969773
124008217676486800
7 5 6 6 -1  0.59049
124010890235455200
7 6 6 6 -1  0.282429
124267194877269915
6 2 4 2 -1  0.00969773
124291314513532067
6 3 5 3 -1  0.0200743
124297897540770314
4 4 5 4 -1  0.0278128
124358318109859396
6 0 4 0 -1  -0.0471013
124402451802031535
5 5 4 5 -1  0.348678
124478445257017473
4 2 3 3 -1  -0.098477
124485903239750891
7 0 7 1 -1  0.254186
124633203275225021
7 5 5 4 -1  0.0523347
124671376620597988
7 6 7 7 -1  0.228768
124773864048290851
1 4 3 5 -1  0.282429
124878111722154465
5 4 4 4 -1  0.31381
125155938127246493
6 7 6 2 -1  0.531441
125286617303890602
7 3 5 3 -1  -0.00785516
125706056465044543
0 4 2 4 -1  0.0523347
125748427943334355
3 4 3 3 -1  0.0717897
126264642935879391
2 4 4 3 -1  0.6561
126576001197634798
7 4 6 4 -1  -0.282429
126581560376448410
4 1 5 1 -1  -0.185302
126623885455336547
5 4 4 3 -1  0.00969773
126693089872537850
6 3 7 4 -1  0.0581497
126706155491044730
5 5 7 3 -1  -0.0107753
126829047929643225
7 4 7 0 -1  0.228768
126937311810746253
4 2 3 3 -1  -0.0147809
127046309378324244
2 1 0 0 -1  0.00872795
127290151436748872
7 2 6 3 -1  0.0164232
127569952509284743
6 1 6 2 -1  -9.40459e-05
127574704145622397
4 6 1 6 -1  -1
127591296167418274
7 4 7 6 -1  -0.0343368
127642707733313764
7 0 7 2 -1  0.0309031
127695488985842763
1 3 0 5 -1  -0.282429
127891079536914497
3 4 1 5 -1  -0.59049
128029182002710778
6 4 5 4 -1  -0.0147809
128080387369202624
1 2 2 2 -1  -0.228768
128555440802738565
7 1 5 2 -1  0.150095
128563525763072100
0 1 0 5 -1  0.254186
128679473264517494
6 1 3 4 -1  -0.00161731
128689375794320794
1 2 1 3 -1  0.6561
128845125758409011
2 4 1 6 -1  -0.254186
128881250889167898
3 3 3 2 -1  -0.531441
128958719788032688
7 0 7 5 -1  0.098477
128977681228163300
7 5 6 6 -1  0.0471013
129043856956799603
0 3 0 2 -1  0.478297
129178547998232219
6 6 7 5 -1  0.0581497
129302932380209295
4 6 5 5 -1  0.135085
129659757697731975
6 1 4 1 -1  -0.0343368
129679059673554067
6 0 4 2 -1  0.0886293
129817878676347617
4 3 3 2 -1  0.0147809
129983834998970280
5 3 3 1 -1  0.81
129999958165121925
3 1 2 2 -1  0.0164232
130310991729098448
3 3 2 3 -1  -1
130547723441670662
6 1 4 3 -1  -0.0886293
131117196155077183
7 3 5 3 -1  0.0797664
131314527655119144
6 1 5 1 -1  0.038152
131380129513779442
7 5 6 6 -1  -0.0581497
131911319217419608
7 0 7 2 -1  0.038152
132002257762476126
6 6 5 7 -1  -0.729
132066694399631146
3 7 2 7 -1  -0.150095
132099716794037057
7 2 4 2 -1  0.38742
132196482468477823
4 3 3 3 -1  -0.9
132432114597914435
7 5 6 6 -1  0.00621517
132450613879566553
1 1 1 0 -1  -0.478297
132629714931093638
6 6 7 6 -1  0.9
132773580405903234
6 2 6 5 -1  0.0797664
133276711362546421
7 4 6 4 -1  0.38742
133678617627033511
5 4 6 3 -1  0.00029969
133764221563668870
3 5 2 4 -1  -0.0309031
134063946156223374
5 2 4 2 -1  0.0250315
134141086098558692
6 3 4 4 -1  -0.0471013
134293224723779153
6 3 4 2 -1  0.0581497
134675339622166232
4 0 1 0 -1  0.0471013
134702439145486444
6 3 5 3 -1  -0.0250315
6 4 5 4 -1  0.0423911
134712659085537177
2 5 3 7 -1  -0.109419
134719704209925381
7 3 6 4 -1  0.0128846
134822365070040976
5 1 6 0 -1  -0.0581497
134959495872531099
4 0 1 0 -1  -0.121577
134965812186259180
4 4 3 3 -1  0.282429
135004913591889252
4 4 4 6 -1  0.31381
135026868927576640
6 6 5 5 -1  -1
135067115609170336
6 5 5 5 -1  0.00463839
135192374963692717
3 5 4 3 -1  -0.729
135283685412310507
4 2 6 3 -1  0.59049
135299073051464753
6 4 5 4 -1  0.150095
