14166011748264475284
7 4 5 4 -1  -0.0471013
14166058121365476656
7 3 4 0 -1  0.0423911
14166095116904259114
6 4 6 3 -1  0.38742
14166286052171572066
3 4 3 3 -1  -1
14166342974761827450
7 2 2 7 -1  0.00145558
14166634425440288861
5 4 4 4 -1  -0.00515377
14166638582953059474
5 6 4 6 -1  0.31381
14166889442506480045
7 4 7 6 -1  0.0886293
14166902388837712031
5 5 4 5 -1  -0.282429
14167146183334469932
6 2 5 3 -1  -0.185302
14167157118813611677
5 6 4 6 -1  -0.166772
14167164747119111477
2 0 2 2 -1  -0.254186
14167169206275527513
7 6 7 7 -1  0.348678
14167294914025338441
5 6 4 6 -1  -0.348678
14167320315000676674
3 5 2 7 -1  -0.135085
14167481922526625844
7 2 7 4 -1  0.205891
14167505992286616129
4 4 5 5 -1  0.098477
14167661727396008861
7 0 7 2 -1  -0.0250315
14167724647923036426
6 3 6 5 -1  -0.185302
14167898376384065460
3 1 2 1 -1  -0.228768
14168032980737691306
4 0 3 1 -1  0.0581497
14168100204119105112
3 7 4 5 -1  0.0646108
14168119554068938126
6 3 4 2 -1  -0.0717897
14168587787359768584
7 1 7 4 -1  0.0646108
14168868394852576453
5 3 3 1 -1  -0.000507528
14168921742288844228
3 2 3 5 -1  0.0423911
14168998085825127269
4 4 6 3 -1  0.018248
14169097436437731696
3 5 2 4 -1  0.531441
14169130862643134430
6 6 5 6 -1  0.0202755
7 5 6 4 -1  0.0502466
14169301937973587518
6 4 5 3 -1  -0.0646108
14169443356852646741
4 0 2 0 -1  -0.0523347
14169738598407037574
5 7 4 7 -1  0.282429
14169816385986515413
7 2 5 4 -1  0.00636268
14169896958532409795
4 2 4 3 -1  0.0646108
14169899710175093858
6 6 7 5 -1  0.0581497
14169961357154137768
3 3 5 4 -1  0.00872795
14170045258098150911
7 3 6 2 -1  -0.018248
14170122517581792989
6 3 5 1 -1  0.228768
14170256990820793410
5 3 4 2 -1  -0.0202755
14170271137406264441
6 4 5 3 -1  -1
14170446264909737901
6 7 6 3 -1  0.00785516
14170544024747366600
7 3 5 1 -1  0.81
14170715324353401666
4 4 3 4 -1  0.018248
14170747741746677862
7 0 7 1 -1  0.0797664
14171006198949095965
6 6 5 6 -1  0.0523347
14171019854128660591
6 3 4 4 -1  -0.166772
14171034131438725397
4 2 3 2 -1  -0.135085
14171101577008391682
5 0 4 1 -1  0.00304325
14171397288474964388
7 3 5 1 -1  0.0797664
14171548195031217207
7 6 7 7 -1  0.531441
14171593317557730783
7 4 7 6 -1  0.00572641
14171671699615912036
7 0 6 0 -1  0.135085
14171858716044034681
7 1 5 2 -1  0.00572641
14171954415968633284
5 5 4 3 -1  -0.38742
14172138144019064317
7 3 5 1 -1  0.478297
14172471569371262261
4 5 3 6 -1  0.729
14172606107987398769
5 3 4 4 -1  0.0797664
14172795449953964624
5 7 5 4 -1  -0.00179701
14172821649311573971
7 1 7 3 -1  -0.6561
14172877323504440176
5 5 4 5 -1  0.478297
14172930192940189958
6 1 5 1 -1  0.098477
14173000725509710122
7 4 7 6 -1  0.0886293
14173185197124032138
6 2 4 2 -1  0.0566156
14173185576865904390
5 3 3 1 -1  0.00304325
14173367119560218771
5 4 5 3 -1  0.6561
14173482285277408328
6 5 4 5 -1  0.185302
14173659288099725482
5 5 6 4 -1  -0.135085
5 5 6 6 -1  -0.166772
14173760519069244246
2 2 2 3 -1  0.0797664
14173940636496499939
3 4 5 5 -1  0.0343368
14173971637321289366
5 2 4 1 -1  0.478297
14174093347463861634
5 7 4 7 -1  0.135085
14174115691096654840
7 1 5 2 -1  -0.0886293
14174349685290046846
7 5 7 0 -1  0.098477
14174618663957877251
4 5 3 5 -1  -0.0309031
14174623261765414986
7 0 7 1 -1  -0.0797664
14174708150402444151
5 6 4 5 -1  0.6561
14174745476145891522
7 4 7 6 -1  0.0278128
14175129497868515526
6 6 5 6 -1  0.0646108
14175135987454596014
6 4 5 5 -1  -0.0133028
14175342241786992742
4 2 3 0 -1  -0.31381
14175417200743564101
3 1 2 2 -1  0.531441
14175472979073582392
5 7 4 6 -1  0.228768
14175753517934724675
3 7 1 5 -1  -0.9
14175793913222848129
7 2 6 3 -1  -0.00246503
14175795004653390589
7 3 6 4 -1  -0.282429
14176151625702293875
3 1 2 2 -1  -0.00338139
14176699780170478660
6 6 7 6 -1  0.729
14177015289909694938
6 2 5 2 -1  0.9
14177126772811628610
7 0 6 1 -1  -0.135085
14177609338822616569
4 6 3 6 -1  0.0471013
14177610705836272596
5 6 3 5 -1  -0.0471013
14177688412694040284
3 6 5 7 -1  0.0147809
14177887461231553381
7 3 6 3 -1  0.0133028
14178182878245930714
5 7 4 7 -1  -0.038152
14178231637176046090
1 0 4 3 -1  -0.0107753
14178234145795437994
5 5 4 4 -1  0.348678
14178273536935052206
7 5 5 3 -1  0.729
14178532587659474698
6 1 7 0 -1  0.166772
14178542062617152620
5 5 5 6 -1  0.0147809
14178587686458842067
5 4 7 2 -1  0.185302
14178814972284218276
4 0 2 2 -1  0.000159268
14179202860287483632
6 2 6 3 -1  0.729
14179391113821592940
7 2 7 1 -1  0.000456775
14179434130036708318
7 3 5 3 -1  -0.282429
14179612715456567469
5 2 5 5 -1  -0.254186
14179652301755573020
3 6 4 6 -1  0.109419
14179877032354059588
7 2 6 2 -1  -0.109419
14180243825774338263
3 4 1 3 -1  0.205891
14180364846332814698
2 2 3 2 -1  -0.254186
14180520755657306690
7 2 5 4 -1  0.478297
14180635520246905830
4 2 3 1 -1  -0.00029969
14180652664358254230
5 4 4 3 -1  0.121577
14181043152254125113
7 5 5 3 -1  -0.0324492
14181185150044832605
6 4 4 6 -1  -0.282429
14181218857389293423
7 5 5 4 -1  0.0886293
14181242548294993827
6 3 5 3 -1  0.038152
14181310250929736159
6 4 7 5 -1  -0.0717897
14181380762664911632
4 4 5 2 -1  0.0225284
14181529174561471472
7 5 6 4 -1  0.0523347
14181836764436607651
4 2 3 3 -1  -0.228768
14182060719776472828
6 0 5 0 -1  0.000269721
14182200136470407864
4 6 3 6 -1  0.430467
14182307975339700962
5 0 6 1 -1  -0.0147809
14182682942229984728
6 3 4 4 -1  -0.0119725
14182719283759142906
7 2 6 2 -1  0.109419
14182806192671528034
7 6 6 7 -1  -0.0225284
14182858005841154633
7 2 4 2 -1  0.166772
14183001878111331484
6 5 5 6 -1  0.00969773
14183034212015801212
3 5 1 5 -1  -0.81
14183034424431164080
7 6 7 7 -1  0.531441
14183466285635148359
7 3 6 2 -1  0.0278128
14183708025547873555
6 1 5 1 -1  0.205891
14183895216296244014
6 5 4 5 -1  -0.282429
14183974155561786714
4 2 4 4 -1  -0.038152
6 2 6 4 -1  -0.0523347
14184136995197306567
6 3 6 2 -1  0.228768
14184146373592909425
7 4 7 2 -1  -0.135085
14184166027300223744
5 0 4 1 -1  0.166772
14184226386668876709
5 4 5 0 -1  0.729
14184485934254464006
6 3 5 4 -1  -0.9
14184543130785823126
5 0 4 0 -1  -0.38742
14184853909581488905
6 3 5 1 -1  0.121577
14185122117121611943
5 4 0 4 -1  -1
14185137200791922654
1 0 1 3 -1  -0.38742
14185200515323549541
5 4 1 0 -1  0.0646108
14185708447497572154
5 6 4 7 -1  -0.254186
14186012047952869670
6 6 5 6 -1  -0.00515377
14186115103593945957
5 4 2 1 -1  0.000456775
14186131743143197527
7 4 7 6 -1  3.98671e-06
14186207225740194277
3 4 2 3 -1  0.000696197
14186379616973071976
7 1 6 3 -1  3.22924e-06
14186403710299202163
3 5 2 5 -1  0.531441
14186446732695100360
7 3 7 1 -1  0.0646108
14187304243423842366
7 3 0 3 -1  0.0278128
14187335621109657693
7 4 7 6 -1  0.0202755
14187510324476807011
7 1 4 1 -1  0.0646108
14187673035340594527
5 5 4 5 -1  0.00872795
14187749079892955617
4 1 3 1 -1  -0.185302
14188034295331410281
4 4 3 4 -1  0.81
14188104938404512188
5 0 2 3 -1  0.254186
14188129051076348681
7 5 7 4 -1  0.0797664
14188222622653178274
7 2 5 0 -1  0.185302
14188548725135600594
6 5 5 5 -1  -0.0471013
14188565277081447078
3 1 5 3 -1  0.150095
14188601324454227485
7 0 7 2 -1  -0.0119725
14189119484154998832
3 7 7 3 -1  0.0717897
14189136911259643945
6 4 5 4 -1  0.00706964
6 6 5 6 -1  0.0309031
14189189388555609197
7 2 7 0 -1  0.00304325
14189423937524670854
5 5 4 7 -1  0.0886293
14189646259410587214
4 4 5 5 -1  0.109419
14189926053953909430
7 1 5 2 -1  0.0215996
14189928691827327127
3 1 7 5 -1  -0.0225284
14190064526973259631
5 7 5 6 -1  -0.150095
14190065612042121864
7 3 5 5 -1  -0.0343368
14190254595259929099
7 5 7 3 -1  0.0202755
14190303363570065068
7 4 5 4 -1  0.00131002
14190368578399327688
6 4 5 3 -1  0.00872795
14190472878301051901
1 1 2 2 -1  0.9
14190506521824876600
7 5 6 4 -1  0.00515377
14190567063852075650
5 3 4 4 -1  -0.729
14190594153258179763
4 3 3 5 -1  -0.135085
14190702979359053088
1 3 4 6 -1  -0.00969773
14190751236035304209
1 2 2 4 -1  -0.348678
14190778753966808651
6 1 5 1 -1  -0.0423911
14190919445366186479
4 5 5 3 -1  0.121577
14191012483326874531
3 1 2 2 -1  0.00338139
14191058887333445016
3 4 2 5 -1  0.135085
14191114715105833987
5 1 3 3 -1  0.121577
14191540014939352731
5 4 4 5 -1  -0.59049
14191541686589944663
6 3 4 1 -1  -0.185302
14191640319477725822
6 3 4 4 -1  0.0250315
14191642319897925487
3 2 4 4 -1  0.430467
14191706075059379924
5 5 4 4 -1  0.018248
14191761499943535893
6 2 4 2 -1  0.0225284
14191971165803553170
6 6 5 6 -1  0.38742
14192059437591479297
6 4 5 4 -1  -0.00572641
14192438569654789736
4 2 1 5 -1  -0.254186
14192737884645387189
4 6 4 7 -1  -0.531441
14192823999749511509
5 5 6 3 -1  0.000218474
14192965045432544250
6 0 5 0 -1  0.0164232
14193363146824814803
7 6 7 7 -1  0.0886293
14193578160051477550
7 6 6 7 -1  0.729
14193628327130124874
6 7 5 7 -1  0.0523347
14193695299588644913
6 1 5 1 -1  0.0423911
14193743633593448548
4 0 4 1 -1  0.228768
14193849276680456631
7 6 7 7 -1  0.31381
14194250468375344899
3 4 5 4 -1  -0.9
14194488959317444177
6 4 5 3 -1  0.9
14194558237071982111
6 2 4 0 -1  0.6561
14194703050620961809
5 3 4 4 -1  -0.0147809
14194764100358413290
7 0 6 0 -1  0.205891
14195305769611267217
4 2 3 2 -1  -0.109419
14195376041918815257
6 1 3 4 -1  0.282429
14195635207374411952
1 2 2 2 -1  -0.38742
14195912633309804120
4 7 3 7 -1  -0.0717897
14196149007554539504
2 3 1 4 -1  -0.531441
14196397471648085068
7 6 6 7 -1  0.038152
14196470405530890943
6 1 5 1 -1  -0.0164232
14196572428100323574
5 1 3 3 -1  0.205891
14196624563891247778
6 1 5 2 -1  0.228768
14196729281695348865
4 7 3 6 -1  -0.81
14196785275425212836
7 2 0 2 -1  0.31381
14196929322831204611
7 5 6 4 -1  -0.0797664
14197009936251027217
4 5 3 5 -1  0.81
14197088471031051048
5 4 4 4 -1  0.531441
14197250409528369150
3 3 2 2 -1  -0.0020132
14197353562105165118
7 7 3 7 -1  -0.000507528
14197418927873205241
7 1 5 2 -1  0.098477
14197985884008872748
3 1 2 0 -1  0.531441
14198305499279404771
7 3 7 4 -1  0.228768
14198343855364210106
4 5 3 5 -1  -0.81
14198370077015576920
6 7 5 6 -1  0.6561
14198601886871187538
5 4 6 5 -1  0.166772
14198674017882755879
6 3 7 5 -1  0.150095
14198683743409156729
3 1 2 0 -1  0.0343368
14198721769419984705
3 4 5 6 -1  -0.185302
14198975804134774864
3 5 4 3 -1  -0.0423911
14199097151190702998
5 3 5 2 -1  -0.430467
14199240238331905754
2 4 3 5 -1  -0.150095
14199457764633150623
7 0 7 1 -1  -0.135085
14199461150164397304
4 5 5 6 -1  -0.205891
14199483967632185351
1 3 3 3 -1  0.00572641
14199584002767893195
4 6 3 5 -1  0.0343368
14199726902256670751
6 3 5 3 -1  0.228768
14200232707064386876
7 0 7 2 -1  -0.0164232
14200731865315029022
6 5 5 4 -1  0.254186
14200759182723460611
5 5 6 4 -1  0.81
14200884378576554354
4 3 3 4 -1  0.0147809
14200904454376246740
5 4 6 5 -1  0.31381
14201064584388520087
7 1 6 3 -1  0.038152
14201145582235152250
4 2 2 3 -1  -0.729
14201230814139074015
7 5 7 2 -1  0.0202755
14201442129582369230
2 0 0 0 -1  0.38742
14201472293927962352
3 0 6 3 -1  0.0164232
14201689754797765490
7 6 6 7 -1  0.00872795
14201788380098423450
5 5 3 4 -1  -0.0646108
14201820728272517814
1 2 2 1 -1  0.0581497
14201936681002815403
6 2 5 2 -1  -0.0120716
14202134948825652648
7 6 5 5 -1  -0.0225284
14202288901285960846
4 2 3 2 -1  -0.254186
14202637366628234592
5 5 3 4 -1  -0.430467
14202761453144620769
6 6 5 7 -1  -0.0278128
14203093589030815469
7 4 7 2 -1  0.0646108
14203260753659234265
2 1 3 0 -1  -0.098477
14203340781492502198
7 6 7 5 -1  0.0202755
14203351368351577044
7 6 6 7 -1  -0.0797664
14203410225036036105
6 2 4 2 -1  0.0278128
14203517058120553597
5 7 1 3 -1  0.0523347
14203630673656166046
4 1 2 2 -1  0.282429
14203678883483759327
4 2 3 3 -1  0.0037571
14203780512117948023
6 2 7 3 -1  0.00636268
14203929690026920622
7 5 7 4 -1  -0.531441
14203972261517101638
6 2 2 2 -1  0.6561
14204022590879852666
5 5 7 4 -1  0.430467
14204090732757782622
4 5 3 3 -1  -0.00515377
14204142026210995937
4 2 2 1 -1  0.185302
14204520661273014569
6 1 2 1 -1  0.38742
14204549395932560851
4 0 6 2 -1  0.185302
14204573308150207002
6 5 4 5 -1  0.0271463
7 1 6 3 -1  -0.0225284
7 5 5 3 -1  -0.00145558
7 6 5 5 -1  -0.00140418
14204662849587591859
6 4 4 3 -1  0.00785516
14204826542669547225
7 5 5 3 -1  0.6561
14204841374546213814
6 1 5 1 -1  0.0471013
14204882335220627966
4 5 3 5 -1  0.9
14205046181364738430
4 5 3 5 -1  0.185302
14205084698960584164
6 2 7 3 -1  0.531441
14205158945915716023
6 4 6 0 -1  -0.729
14205161406694623077
5 5 6 3 -1  0.0423911
14205636004197602311
1 1 4 4 -1  0.9
14205925907217453040
5 2 3 3 -1  0.0523347
14206023483745198270
5 0 4 1 -1  0.205891
14206218354342160569
7 2 5 2 -1  0.0225284
14206246949375141084
7 7 7 4 -1  0.478297
14206328494070060243
6 3 6 2 -1  -0.0225284
14206345024488085042
7 5 4 2 -1  0.0107753
14206994031309513299
7 2 4 5 -1  -0.150095
14206996043861359658
7 4 7 3 -1  0.430467
14207037020012142055
7 0 7 2 -1  0.0717897
14207065408712361221
4 4 3 5 -1  0.430467
14207261918966540956
4 2 3 2 -1  -0.38742
14207281680647453805
1 1 0 1 -1  -0.81
14207421047149999299
5 4 4 4 -1  0.166772
14207601666785543493
7 0 7 3 -1  -0.166772
14207667961588354842
6 3 5 2 -1  0.166772
14207773298621103207
3 0 2 0 -1  0.9
14207855443297793621
5 4 4 3 -1  -0.00869424
6 1 4 1 -1  0.01869
6 3 5 3 -1  0.00524613
14207884731977826487
3 4 3 2 -1  0.000859503
14208051040281997130
5 1 7 3 -1  0.0717897
14208121222028154416
7 4 6 4 -1  -0.0133028
14208201641136179762
4 2 5 1 -1  -0.135085
14208339303680224025
2 3 1 5 -1  -0.478297
14208451618714617028
0 6 6 0 -1  -1
14208653710498868017
6 1 5 1 -1  -0.478297
14208681463500338315
3 3 2 4 -1  0.478297
14208692163777503677
7 0 7 2 -1  0.038152
14209080225904267012
6 2 7 1 -1  -0.0471013
14209267070251519754
4 5 3 5 -1  -0.31381
14209308192362157588
6 6 5 5 -1  -0.0886293
14209346859362469450
4 6 3 7 -1  0.109419
14209514941872161061
3 3 4 3 -1  0.109419
14209533659062937950
2 5 3 4 -1  -0.121577
14209550381651313888
1 7 2 7 -1  -0.282429
14209608503226409802
6 6 3 3 -1  0.0423911
14209668206346485733
4 3 5 1 -1  0.478297
14210006910880558570
4 5 4 6 -1  0.282429
14210038898526258176
1 0 0 1 -1  0.0523347
14210079244342407877
5 5 3 4 -1  0.0343368
14210270214625209058
6 3 5 4 -1  -0.38742
14210430691908491956
1 3 5 3 -1  0.185302
14210452522141426151
4 6 6 6 -1  -0.59049
14210570741459217489
6 3 4 2 -1  -0.0581497
14210635886681079579
4 4 3 2 -1  0.478297
14210707765512675168
6 4 5 6 -1  0.0147809
14210848615872024310
5 4 4 3 -1  -0.0037571
14210850274820042368
5 6 4 6 -1  -0.0147809
14210921796838827871
7 5 7 4 -1  0.109419
14211062968275504294
6 7 5 7 -1  0.098477
14211253654298730328
5 5 6 3 -1  0.0147809
14211279228447581850
3 5 3 4 -1  0.282429
14211440667818817321
7 0 6 0 -1  0.0646108
14211534725050504873
6 2 4 4 -1  0.228768
14211729379612817047
6 4 7 3 -1  0.0309031
14211996004487735558
1 1 1 5 -1  0.729
14212015122959455407
7 4 7 6 -1  -0.0646108
14212071614923657121
6 6 5 6 -1  0.121577
14212257755274587744
3 1 5 3 -1  0.109419
14212347831732418420
7 7 7 6 -1  0.0797664
14212430906340301645
6 0 5 0 -1  -0.0797664
14212432800939262789
6 5 5 5 -1  -0.0133028
14212438845517968891
6 4 5 4 -1  -0.205891
14212627043588300589
5 2 4 2 -1  0.166772
14213137081671858112
5 3 7 3 -1  -0.282429
14213167031440064099
4 0 3 1 -1  0.150095
14213199043413055300
4 2 1 5 -1  0.0797664
14213492176966242687
6 6 7 5 -1  0.0646108
14213628756372134732
5 4 4 3 -1  -0.254186
14213826517255830635
5 4 4 3 -1  0.00056392
14213902970046568863
7 3 3 7 -1  -0.478297
14213980142170128571
4 3 3 2 -1  0.0523347
7 4 7 6 -1  -0.0149902
14214159667952363167
4 4 3 4 -1  0.478297
14214221401047209356
5 5 3 4 -1  0.0886293
14214255148640957031
7 0 6 0 -1  -0.0225284
14214382249133283535
4 2 5 3 -1  0.59049
14214398929875807995
7 0 7 3 -1  -0.0278128
14214718408027475138
7 1 7 0 -1  1.01337e-06
14214737474386113325
4 4 3 6 -1  0.185302
14214802894998606057
2 0 4 2 -1  -0.430467
14214874077690115179
6 4 4 4 -1  0.109419
14214885188302106939
3 4 1 3 -1  0.0646108
14214986470193465425
6 4 4 2 -1  0.098477
14215016014833489810
5 1 7 3 -1  0.81
14215191697721912448
5 4 6 3 -1  0.135085
14215249077282676225
7 2 6 3 -1  -0.00221853
14215501434093712406
5 1 4 0 -1  0.478297
14215554142169428211
3 4 2 4 -1  0.038152
14215611679754002485
7 6 7 5 -1  0.0646108
14215850443086201056
7 1 5 1 -1  0.0886293
14215889488057004144
6 2 5 1 -1  0.31381
14216009338732004169
7 3 4 6 -1  0.0119725
14216202780217557278
4 5 3 5 -1  0.38742
14216337443614189687
7 1 3 1 -1  0.254186
14216398085870682885
4 2 1 5 -1  0.6561
14216467820678346948
7 2 5 4 -1  0.0423911
14216587789809435465
7 4 6 4 -1  -0.0250315
14216656283422602416
7 2 6 1 -1  0.00636268
14216981188062188187
5 6 4 5 -1  0.59049
14217133473222678895
7 3 7 0 -1  -0.185302
14217175688201986779
7 6 6 5 -1  0.38742
14217286455612306048
7 1 5 2 -1  0.00572641
14217380781616844954
6 3 5 3 -1  -0.150095
14217807931612199829
6 1 7 2 -1  0.150095
14217946837379848633
7 4 7 6 -1  0.0797664
14218106264350029467
6 0 5 0 -1  0.31381
14218307105744606655
1 6 2 5 -1  -0.6561
14218454999246856922
6 7 4 7 -1  0.00221853
14218506825026175535
6 4 5 4 -1  -0.135085
14218550785242034454
5 1 4 2 -1  0.150095
14218666389000507576
7 4 7 6 -1  0.430467
14218710796642217218
4 3 3 3 -1  0.121577
14218803150931422056
0 3 7 3 -1  0.729
14218842427570159374
7 1 7 2 -1  0.228768
14218933224172144779
6 7 7 6 -1  0.254186
14219214627495490846
5 6 3 7 -1  -0.0250315
14219360918476168032
7 1 6 3 -1  0.282429
14219387569812317306
4 1 3 1 -1  0.00872795
14219413231930604947
6 4 3 7 -1  0.135085
14219569362081619032
2 4 3 2 -1  0.6561
14219983386511650224
5 6 4 6 -1  0.000626578
14220216971486091676
5 2 4 3 -1  0.348678
14220396955713752026
7 2 6 1 -1  0.166772
14220487016523339523
7 2 6 3 -1  0.228768
14221053561518790568
7 6 6 5 -1  0.109419
14221069716524817047
6 3 5 5 -1  0.0797664
14221084361206530629
5 0 4 1 -1  -0.31381
14221157180175399672
4 0 6 1 -1  0.00572641
14221223349819592512
2 5 4 5 -1  -0.254186
14221346430519380190
3 0 6 3 -1  0.228768
14221350094149079995
3 2 2 4 -1  0.166772
14221513320599337074
6 0 4 0 -1  0.135085
14221753229591911777
4 4 3 2 -1  0.254186
14221913409763010523
6 3 5 5 -1  -0.0164232
14222033302072036450
6 2 4 3 -1  0.9
14222150527171039592
5 6 5 7 -1  -0.228768
14222377576834840647
4 4 0 4 -1  -0.00221853
14222831021588415389
3 2 3 1 -1  0.38742
14222990532024005292
6 4 6 2 -1  0.038152
14223038946268193051
6 3 3 3 -1  -0.205891
14223040197115346249
6 6 5 6 -1  -0.109419
14223045962861004143
7 5 6 4 -1  0.185302
14223163826700784404
4 2 4 1 -1  0.0133028
14223187118148069987
3 7 4 6 -1  -0.6561
14223295165027395040
5 5 4 4 -1  0.31381
14223312893319088383
5 2 3 3 -1  0.0646108
14223373081235992152
7 3 1 3 -1  0.81
14223393945117353290
5 0 4 1 -1  0.0717897
14223402804876210907
3 1 2 0 -1  0.00515377
14223568391473645359
4 4 3 3 -1  -0.0423911
14224002621890943411
6 0 4 0 -1  0.729
14224017459189604032
4 3 4 0 -1  0.0144959
4 3 5 3 -1  0.00264141
14224130298551987403
6 3 4 1 -1  -0.098477
14224229076167390685
7 4 5 4 -1  0.478297
14224295251759690666
5 6 6 6 -1  0.81
14224469150294885561
6 4 5 5 -1  -0.150095
14224533689937080594
7 5 7 3 -1  0.348678
14224644320556746416
7 2 7 3 -1  0.109419
14224807135168647736
7 2 7 4 -1  -0.531441
14225229381409433404
4 6 2 7 -1  0.254186
14225427909821438755
6 2 5 2 -1  0.0717897
14225489242948923971
6 3 4 2 -1  0.282429
14225619401629262093
3 4 1 3 -1  0.729
14225954718425490064
6 4 6 0 -1  0.166772
14226000334630753163
4 5 3 5 -1  0.018248
14226011266427584298
7 4 7 6 -1  0.0328257
14226249056957223567
7 2 7 3 -1  0.31381
14226297639618497340
0 2 1 2 -1  -0.430467
14226319388894121713
7 7 4 7 -1  -0.0202755
14226439222474938914
3 6 2 6 -1  0.531441
14226457492424295018
4 0 5 2 -1  -0.00969773
14226507836367997716
4 1 3 2 -1  -0.0309031
14226522821017814648
4 5 3 5 -1  -0.205891
14226874244894224195
4 2 2 3 -1  -0.6561
14226905823588213566
7 2 5 4 -1  -0.81
14226918443169581862
5 4 2 1 -1  0.0278128
14227196553853086968
4 5 3 6 -1  0.9
14227210617230651942
7 5 6 6 -1  -0.00056392
14227527073124210110
6 3 5 5 -1  0.121577
14227763727036615940
7 3 7 7 -1  -0.166772
14227890412349068547
5 4 4 5 -1  0.81
14227951688227244598
7 4 7 3 -1  -0.0886293
14227979452736415178
7 2 7 4 -1  -0.228768
14228024610750986397
4 7 3 7 -1  0.0797664
14228052923797609672
7 5 6 6 -1  0.098477
14228058718808058550
5 7 6 7 -1  0.59049
14228322990950148411
2 1 2 5 -1  0.0147809
14228435754361544712
6 3 4 4 -1  0.00304325
14228662085104072004
7 6 7 5 -1  0.0343368
14228693787715578669
7 4 3 4 -1  0.0107753
14228741420611050491
4 5 6 4 -1  0.729
14228995829861819075
4 5 3 5 -1  0.478297
14229128070771919572
7 3 5 1 -1  -0.166772
14229146899008336927
4 3 4 4 -1  0.00572641
14229195371573501039
7 4 6 4 -1  0.282429
14229256812649810123
7 3 2 3 -1  -0.6561
14229475403659039610
5 4 1 0 -1  0.81
14230290213835975731
4 0 3 2 -1  -0.0797664
14230641181768799337
3 5 2 5 -1  -0.729
14230644414363537997
7 2 7 5 -1  0.254186
14230722949884609888
5 5 6 4 -1  -0.282429
14230770635343015200
4 5 3 4 -1  0.0309031
14230877863911178084
5 1 4 1 -1  0.135085
14230935548267916411
7 7 3 7 -1  0.038152
14230945400380267133
7 4 7 6 -1  0.0309031
14231086163275222005
7 3 6 4 -1  -0.0423911
14231305308514385250
4 3 3 2 -1  0.205891
14231584211623117924
4 5 5 6 -1  0.00706964
14231637122418100251
7 6 6 6 -1  0.31381
14231933277770973808
6 1 5 1 -1  -0.31381
14231936658970316117
5 4 3 6 -1  -0.31381
14232539229586089129
7 5 6 6 -1  -0.205891
14232594504766812633
6 1 5 2 -1  -0.282429
14232937686744009775
6 2 6 3 -1  0.0278128
14232982297804078122
7 2 7 3 -1  0.282429
14233210368266342443
6 0 4 0 -1  -0.31381
14233278553868247644
6 2 6 1 -1  0.0423911
14233428869144062356
5 4 1 0 -1  -0.0309031
14233528274697902216
7 1 6 1 -1  0.478297
14233864801486813310
7 3 6 4 -1  0.729
14234258420981900380
5 2 3 3 -1  0.000955003
14234338212465008842
5 4 4 3 -1  0.0202755
14234441234598038558
6 0 5 0 -1  -0.0717897
14234453302096447924
5 1 6 2 -1  0.0250315
14234591633234208528
6 2 2 6 -1  0.430467
14234618150794156422
2 4 6 4 -1  0.59049
14234618497587794697
5 2 1 6 -1  0.0523347
14234654077257750239
7 2 7 4 -1  -0.38742
14234670220803243031
7 5 7 4 -1  0.000332989
14234752623480970222
7 6 6 7 -1  -0.0886293
14234905214009500980
2 5 2 1 -1  0.0250315
14234929299806997059
4 5 3 5 -1  0.098477
14235041986795560164
7 2 4 2 -1  -1
14235073028777166624
7 4 6 5 -1  0.0343368
14235322020999591576
5 5 5 3 -1  0.38742
14235323844467988691
5 0 4 1 -1  0.0225284
14235351624384957099
5 5 6 3 -1  0.0423911
14235589121469849562
7 2 6 1 -1  0.109419
14235718237935384132
4 2 6 3 -1  -0.00872795
14235829327156709236
6 4 6 3 -1  0.254186
14235898327166082242
6 0 5 1 -1  -0.185302
14236210924611545593
7 6 6 6 -1  0.0309031
14236271331473620899
5 5 4 5 -1  0.348678
14236774926573835835
6 1 5 2 -1  -0.205891
14236784164778897567
6 1 6 2 -1  0.254186
14236849808156469148
4 1 3 1 -1  0.228768
14237065391194122704
5 7 3 7 -1  -0.430467
14237160455253417446
4 6 3 6 -1  -0.81
14237291653840114533
6 5 5 5 -1  -0.0717897
14237300058874332269
4 4 3 5 -1  0.0471013
14237313448974345204
7 3 3 3 -1  -0.0886293
14237753840414821678
5 5 6 6 -1  0.098477
14237799217363186266
5 2 5 4 -1  0.31381
14238680898639237640
5 0 4 2 -1  -0.282429
14238901888622383902
1 3 2 4 -1  0.729
14239088703242762343
6 6 5 6 -1  -0.348678
14239121674461200765
7 4 7 6 -1  0.282429
14239198557423941068
2 2 1 3 -1  0.0471013
14239235076373084418
5 2 5 3 -1  -0.00161731
14239281868452610603
4 1 2 3 -1  0.729
14239505505651043900
7 4 7 6 -1  -0.228768
14239593102155919431
7 5 6 5 -1  0.00785516
14239732434974327247
3 0 3 2 -1  0.59049
14239808724160610653
3 2 0 2 -1  0.282429
14239907050290582548
6 7 5 7 -1  0.150095
14239947090787036428
4 3 2 3 -1  0.00872795
14240093301785053636
7 4 7 0 -1  0.348678
14240172085564438464
4 2 3 2 -1  -0.121577
14240396946658688720
7 4 4 4 -1  -0.430467
14240541734664812947
4 2 3 3 -1  0.31381
14240895612714190809
7 2 7 1 -1  0.9
14240935278726223664
7 5 7 3 -1  0.31381
14240990034462127654
4 2 3 2 -1  -0.0202755
14241848371093725863
0 6 3 6 -1  0.348678
14242002426634196687
6 6 7 7 -1  0.478297
14242060238229748869
4 3 3 3 -1  -0.0309031
14242150467162770806
4 2 3 1 -1  0.0225284
14242305760887202880
5 3 4 3 -1  0.0343368
14242538335092922417
5 6 4 6 -1  0.729
14242550321850835435
6 6 4 6 -1  0.0423911
14242575953941986161
7 3 2 3 -1  0.205891
14242767197578696456
5 1 6 3 -1  -0.109419
14242811907365940841
6 3 6 4 -1  0.00131002
14242871116656542211
7 5 7 4 -1  -0.254186
14242903988013837073
5 1 4 3 -1  -0.0278128
14243090140738046362
5 7 4 6 -1  -0.31381
14243146509465608187
4 4 2 3 -1  -0.729
14243178298284628235
3 3 2 3 -1  0.166772
14243585472605419643
7 6 6 4 -1  0.00872795
14243899980495183179
5 6 6 6 -1  0.348678
14243916402615828745
5 3 0 3 -1  -0.205891
14243934047002157061
7 2 7 3 -1  0.531441
14244269679507601004
4 0 3 2 -1  -0.121577
14244525606256644984
5 0 3 1 -1  -0.0797664
14244565271191005413
4 2 3 2 -1  0.150095
14244627538921635114
7 4 7 2 -1  -0.0343368
14244644342329072159
6 7 5 7 -1  -0.0471013
14244779693310453861
7 4 6 4 -1  0.018248
14244825264998804365
0 6 1 6 -1  0.150095
14244835389248909079
7 1 7 3 -1  0.121577
14244903034446613301
1 1 7 1 -1  0.121577
14244919785152210300
7 1 5 3 -1  0.205891
14244947625781089006
5 5 6 3 -1  0.0459724
14245098320899158677
3 7 2 7 -1  -0.150095
6 0 5 0 -1  0.0423911
7 2 6 3 -1  -0.0202755
14245305817509407127
4 4 3 5 -1  0.348678
14245426789506936408
4 0 6 1 -1  0.0119725
14245430241634664926
7 2 6 1 -1  -0.0423911
14245505182019840365
6 6 6 5 -1  -0.282429
14245598277445186124
7 6 7 7 -1  -0.348678
14245610756970608547
7 3 6 4 -1  -0.0250315
14245881427799863734
7 5 7 3 -1  -0.00785516
14246045328757482241
7 1 5 2 -1  0.0717897
7 1 6 3 -1  0.0264037
14246242439622880407
1 4 4 4 -1  0.6561
14246398815958352265
4 5 3 6 -1  -0.430467
14246698153334385885
7 1 5 0 -1  0.0343368
14246839544526122325
6 4 5 5 -1  0.135085
14246930158208054009
3 2 4 4 -1  -0.348678
14247263103132571381
6 4 7 4 -1  0.430467
14247523540420380127
6 4 5 4 -1  -0.000143341
14247753349449549800
6 5 6 4 -1  0.00872795
14247877028457140576
3 5 2 5 -1  0.6561
14248182202354097708
6 6 6 5 -1  -0.31381
14248317852572362525
5 3 4 3 -1  0.038152
14248634392985516666
6 1 5 1 -1  0.0471013
14248998791473232929
3 5 2 5 -1  -0.228768
14249105694111572276
5 2 4 3 -1  -0.478297
14249179392788609459
5 1 3 3 -1  -0.531441
14249242721941383902
7 7 7 3 -1  0.0886293
14249277559592882828
5 4 4 4 -1  0.531441
14249386354334283491
6 2 4 2 -1  -0.0225284
14249713977375021745
6 7 5 7 -1  0.59049
14249778024037671580
4 4 3 4 -1  0.166772
14249966735066601040
5 4 4 3 -1  0.00273892
14250087783982071695
6 2 5 2 -1  0.9
14250368719823811493
3 0 0 3 -1  -0.109419
14250429891967340476
5 4 4 4 -1  -0.0523347
14250966839618545752
5 4 4 4 -1  0.00969773
14251036015218918355
4 2 3 3 -1  0.038152
5 5 3 4 -1  0.0523347
14251232927576727912
7 1 6 3 -1  0.00106111
14251373938894064048
6 3 4 2 -1  -0.0886293
14251665124360631179
4 6 3 6 -1  -0.31381
14251803189067916428
5 4 4 3 -1  -0.0343368
14251890153037934915
7 3 5 5 -1  -0.0581497
14252181346113506355
6 2 3 2 -1  0.31381
14252210622233397255
4 6 4 4 -1  0.6561
14252430046056099337
7 5 6 4 -1  -0.0164232
14252485783610846089
5 3 4 3 -1  0.205891
14252500075726906482
6 0 5 0 -1  0.205891
14252783616780807832
7 4 7 6 -1  -0.00939617
14253129664223881027
5 4 3 2 -1  0.00515377
14253474537015394132
5 5 3 4 -1  0.00872795
14253573898399336886
1 5 0 6 10  -0.81
14254041172200259545
3 4 1 3 -1  -0.000773553
14254345543129030383
4 3 2 5 -1  0.430467
14254489653812041788
4 4 6 6 -1  0.0717897
14254492926935426757
3 2 3 0 -1  0.205891
14254804702340697857
7 3 2 3 -1  -0.729
14255039493801266907
6 6 5 5 -1  -0.018248
14255106422919373899
7 7 7 6 -1  0.0278128
14255190460558271879
3 3 2 4 -1  -0.0250315
14255243194989013885
6 7 0 7 -1  -0.9
14255254525823248235
4 5 2 4 -1  0.38742
14255302761242862956
6 3 7 1 -1  -0.0523347
14255351735212616762
7 0 0 0 -1  0.00273892
14255392797895000860
5 6 6 4 -1  0.0164232
14255693168593873014
5 5 4 5 -1  -0.478297
14255715793579176789
6 3 5 4 -1  -0.0202755
14255811096653913597
7 4 7 7 -1  0.38742
14255871851608793025
3 5 1 6 -1  0.135085
14255994262860511477
6 4 5 4 -1  -0.0343368
14256000937976146803
7 2 3 2 -1  0.00785516
14256082772144488246
5 5 4 6 -1  0.166772
14256096343120355408
6 5 5 5 -1  -0.478297
14256098149862298597
6 6 4 4 -1  0.109419
14256099013810506310
7 5 7 2 -1  0.0423911
14256328712970868909
7 4 3 0 -1  0.282429
14257347727910254666
7 1 5 1 -1  0.166772
14257360169918749866
4 4 5 2 -1  -0.150095
14257552483766493939
6 2 0 2 -1  0.121577
14257656068472260918
7 6 7 5 -1  -0.150095
14257836409281778516
7 1 7 2 -1  0.0343368
14258014298266150841
5 3 4 2 -1  0.0309031
14258071721921543256
3 3 2 3 -1  -0.135085
14258271466451318149
7 2 6 1 -1  0.0296378
14258467884998331851
7 4 6 3 -1  -5.55331e-05
14258561196894742747
5 6 4 5 -1  -0.0309031
14258568894315951071
7 6 6 5 -1  0.6561
14258740869279014155
6 6 0 0 -1  -0.00969773
14258780299250253430
6 3 5 3 -1  0.59049
14258799960873642052
5 7 2 7 -1  -0.205891
14259089461345525441
6 5 5 5 -1  -0.038152
14259108567334344746
5 6 5 5 -1  0.38742
14259236686108794338
6 5 5 5 -1  0.098477
14259443490460910079
6 6 7 6 -1  -0.150095
14259516538133484626
0 2 2 4 -1  -0.109419
14259742593016729582
0 5 0 3 -1  0.81
14259762571795204343
6 3 7 2 -1  0.00131002
14259853192382689543
3 0 2 1 -1  -0.0717897
14260403761128632700
6 4 6 3 -1  0.0423911
14260426745551174219
6 3 5 4 -1  -0.000773553
14260737924705780125
7 1 7 0 -1  0.185302
14260779910560535391
4 2 5 1 -1  -0.38742
14260834795296600749
5 7 4 6 -1  0.166772
14261069135270524939
7 5 5 6 -1  0.254186
14261101793979209275
6 3 3 6 -1  -0.00785516
14261128814965549872
6 1 7 2 -1  -0.59049
14261146142851470722
4 1 2 3 -1  1
14261182028836563620
2 0 2 5 -1  -0.38742
14261285135942804581
7 6 7 7 -1  -0.0133028
14262027524406210251
3 5 4 3 -1  0.254186
14262255846276543026
6 2 4 4 -1  -0.38742
14262566296381237514
7 2 6 1 -1  0.9
14262802473326272814
3 1 4 2 -1  0.0471013
14263059071579853062
7 0 7 3 -1  0.185302
14263078659188029008
5 2 7 1 -1  0.135085
14263164291949666423
7 2 6 3 -1  0.0797664
14263418790588112381
4 0 3 1 -1  -0.38742
14263493335114237752
6 6 4 6 -1  0.6561
14263637193379235586
5 5 7 4 -1  0.000955003
14263723892417519285
1 1 2 0 -1  -0.0886293
14263787945188613311
4 5 4 3 -1  0.282429
14263818359052067028
7 6 5 5 -1  -0.00199668
14263827829830373075
2 7 5 7 -1  -0.0133028
14263842538684877756
5 1 4 1 -1  0.430467
14264205889792739025
2 3 4 3 -1  -0.81
14264223819865575784
4 5 3 4 -1  0.0225284
14264306089215170833
7 0 7 2 -1  -0.00636268
14264367150721526296
6 0 5 0 -1  -0.0225284
14264416617436955123
5 3 4 4 -1  0.0309031
14264524490649347061
6 4 7 5 -1  0.0107753
14265393360822405040
5 2 3 1 -1  0.0423911
14265437576206933637
0 4 2 4 -1  -0.430467
14265553656252671298
7 6 6 5 -1  -0.254186
14265567293999914931
7 4 4 4 -1  -0.0886293
14265781135283154850
6 0 5 1 -1  0.81
14265805772507983061
6 5 4 7 -1  -0.0886293
14266199462723081257
3 0 7 0 -1  -0.31381
14266365049336077024
6 5 5 5 -1  0.478297
14266600368659775522
5 7 4 7 -1  0.348678
14266645521539531385
7 7 5 7 -1  -0.0107753
14266846617640493729
2 2 0 4 -1  -0.0225284
14266935917819419586
7 7 7 4 -1  -0.0423911
14267041779235130910
5 5 6 3 -1  -0.430467
14267252326829285484
5 4 4 3 -1  -0.254186
14267379832679554497
0 2 0 6 -1  0.9
14267504396318051960
7 3 6 2 -1  0.430467
14267641078843342670
3 2 2 2 -1  -0.9
14267677431173091805
6 5 5 5 -1  0.0373063
6 6 4 6 -1  0.0276322
14267690226994460189
7 3 4 3 -1  -0.0797664
14267860801746102988
5 2 4 3 -1  0.0581497
14267961257878199126
5 2 4 1 -1  0.00872795
14268325329342647549
2 2 1 2 -1  -0.729
14268535346849826303
3 7 3 6 -1  0.81
14268755541964155501
0 6 0 2 -1  0.348678
14269197481420325978
6 6 5 6 -1  -0.109419
14269275251808264110
6 2 4 2 -1  -0.0133028
14269311736528300533
1 0 1 4 -1  -0.729
14269401042783356930
7 2 5 4 -1  -0.00572641
14269511886611614298
2 0 1 0 -1  -0.31381
14269860333422282099
6 5 5 6 -1  -0.430467
14270068168587909460
7 1 6 3 -1  -0.0037571
14270148389332881056
4 5 1 2 -1  0.00221853
14270433717210080495
6 1 4 1 -1  -0.31381
14270558526303027606
7 3 7 4 -1  0.109419
14270572371679452431
7 3 7 2 -1  0.038152
14270618413822890057
4 4 2 3 -1  -0.038152
14270718933183449633
7 3 5 1 -1  0.0523347
14270892343668733844
5 3 5 4 -1  0.228768
14271066814157796444
7 5 7 3 -1  -0.0164232
14271122843484323354
7 4 6 4 -1  0.0228228
14271305631495051265
7 6 6 7 -1  0.228768
14271443359972033448
4 7 3 7 -1  0.205891
14271461991977182107
6 5 5 5 -1  0.00246503
14271990467633672022
7 4 6 4 -1  0.205891
14272244302160921562
2 7 2 6 -1  -0.9
14272365669785341501
7 3 6 1 -1  0.0250315
14272452781531820167
6 3 4 3 -1  0.59049
14272452877341569256
3 3 5 5 -1  0.0423911
14272561287266387423
0 4 2 4 -1  -0.59049
14272735154820118212
7 6 6 7 -1  0.00969773
14273012915592517003
6 5 5 5 -1  0.150095
14273083348765904735
4 3 3 2 -1  0.185302
14273158281184926206
6 4 5 3 -1  0.098477
14273357590448244757
2 4 2 6 -1  0.205891
14273908315990960812
1 0 1 1 -1  0.0523347
14273999050328786888
6 3 3 0 -1  0.0523347
14274002332051377265
4 3 4 5 -1  0.0646108
14274029623804222742
6 3 5 4 -1  0.430467
14274596409361700110
5 5 6 6 -1  0.348678
14274608504983475897
7 2 6 3 -1  0.000696197
14274706985215203163
5 0 3 1 -1  -0.00785516
14275004026540823253
5 2 3 3 -1  0.0164232
14275063171328992143
7 4 7 5 -1  0.81
14275261241490691786
7 2 7 3 -1  0.205891
14275317046173783150
4 5 3 5 -1  -1
14275426502538898499
5 3 7 5 -1  0.531441
14275477203900612336
4 4 2 2 -1  -0.185302
14275647641049669779
7 5 6 6 -1  0.38742
14275795583389719099
6 4 3 1 -1  -0.0797664
14276403089241186478
7 3 5 1 -1  -0.00393423
14276407655773167683
5 5 5 6 -1  0.0797664
14276598796838982917
6 2 7 1 -1  0.038152
14276599678036449746
7 5 6 6 -1  0.0471013
14276848160019194438
3 2 2 2 -1  -0.228768
14276939043917368158
5 7 4 7 -1  0.6561
14277074766668767223
1 2 1 4 -1  0.000242749
14277105974905919582
5 6 4 6 -1  -0.0646108
14277110206076129268
4 3 3 2 -1  0.0147809
14277185271012814402
4 2 3 3 -1  0.0278128
14277358774168661644
5 1 5 4 -1  0.0119725
14277448248144649410
7 7 7 6 -1  0.31381
14277490506497532122
6 3 6 2 -1  -0.0278128
14277651064293310547
7 2 6 2 -1  0.205891
14277918215025140271
2 7 1 7 -1  0.0523347
14277965301034789398
5 4 6 3 -1  0.00636268
14277987373016562395
6 1 4 1 -1  0.185302
14278440111510468292
7 2 5 2 -1  0.729
14278527643675585000
7 4 5 4 -1  0.109419
14279472049303137450
6 3 4 2 -1  -0.0278128
14279526177611997087
6 4 4 4 -1  0.0107753
14279556189953822429
4 0 3 1 -1  -0.0278128
14279650158974996649
6 0 5 0 -1  -0.0423911
14279841539721140479
5 6 4 7 -1  0.348678
14279987513638314252
5 5 4 5 -1  0.166772
14280152595060188966
7 2 5 0 -1  0.205891
14280203196658754774
6 2 4 2 -1  0.0037571
14280324852420939192
5 2 3 1 -1  -0.729
14280591919466361605
7 0 7 7 -1  -0.478297
14280597403811353562
7 2 5 2 -1  0.018248
14280840544573867592
7 6 7 7 -1  -0.282429
14280896534748957643
3 6 2 5 -1  -0.00969773
14280909643719338320
6 3 7 5 -1  0.282429
14280985548830237331
7 1 6 3 -1  0.228768
14281068297221357920
6 7 5 7 -1  0.31381
14281211267844776959
4 1 6 1 -1  -0.185302
14281585652763872312
4 5 3 4 -1  0.185302
14281603678065396324
6 5 5 5 -1  -0.00505989
7 3 5 5 -1  -0.0160819
7 5 6 4 -1  -0.073938
14281763120490391135
7 2 6 3 -1  0.6561
14281875245112514588
6 3 1 3 -1  -0.531441
14281914251878588839
6 3 5 3 -1  -0.282429
14282134415843601455
5 4 4 4 -1  0.166772
14282201487306552534
7 6 5 5 -1  0.121577
14282231318733930130
4 1 3 0 -1  0.135085
14282331709796206057
7 3 4 6 -1  -0.205891
14282501917833734139
7 5 6 6 -1  -0.0621203
14282557611676543063
6 6 5 6 -1  0.0717897
14282732089740102783
3 1 2 1 -1  -0.81
14282762434192556937
4 3 3 4 -1  0.282429
14282957456680740499
7 2 6 1 -1  0.00548764
14282960092256313422
7 0 5 2 -1  -0.121577
14283065641367386307
7 5 7 3 -1  -0.0278128
14283189874660507145
7 3 6 4 -1  0.00246503
14283200687094781219
7 0 1 0 -1  0.098477
14283322251746081132
3 1 2 2 -1  0.31381
14283466147724991286
7 3 6 3 -1  0.0202755
14283468792133155068
6 6 5 5 -1  -0.150095
14283731163360235129
4 6 4 5 -1  0.729
14283857020196847750
7 1 4 1 -1  0.0250315
14284252045456548454
3 1 5 3 -1  0.9
14284397024404198329
1 3 0 5 -1  0.0423911
14284438316187439605
6 3 5 5 -1  0.729
14284602631347999813
7 5 6 4 -1  -0.0309031
14284816150807627846
1 0 3 1 -1  -0.81
14284886558032314532
7 3 5 3 -1  0.9
14284907054094532211
7 0 7 2 -1  0.00636268
14285076018720236315
7 4 7 6 -1  -0.228768
14285244048991206958
6 3 5 5 -1  -0.098477
14285269348494678966
7 2 7 4 -1  0.0797664
14285362655405087329
7 2 3 6 -1  0.135085
14285523084355650862
7 5 7 4 -1  0.00145558
14285776885008098209
5 1 4 2 -1  -0.00433988
14286000827571274885
5 1 3 1 -1  0.0523347
14286259903442005007
1 0 0 0 10  -0.9
14286351821609421397
6 7 5 7 -1  0.00417455
14286465246161740485
7 3 3 7 -1  0.0164232
14286522815971178911
3 5 1 5 -1  -0.81
14286751714799694952
6 6 2 2 -1  0.109419
14286776174368036162
1 4 2 5 -1  0.00872795
14287012407637696528
6 3 7 4 -1  -0.0797664
14287063620500380569
6 4 2 0 -1  -0.348678
14287086005324365036
7 2 6 1 -1  -0.00161731
14287213743438587044
3 4 1 5 -1  -0.0164232
14287298758381068150
7 2 6 2 -1  -0.000456775
14287423848874841656
7 5 6 4 -1  -0.00872795
14287710854964621127
5 2 3 3 -1  0.150095
14288040571632071095
1 0 1 3 -1  0.098477
14288357564205888384
5 7 5 6 -1  0.185302
14288630329879794298
6 0 5 1 -1  -0.018248
14288724954084577304
7 5 5 4 -1  0.228768
14288755643213077011
2 1 5 4 -1  -0.109419
14288884339898411595
3 2 4 4 -1  0.166772
14289664547921060285
4 3 4 1 -1  -0.0646108
14289858743545440079
7 6 6 6 -1  0.0646108
14290019656844401559
4 5 3 6 -1  -0.185302
14290409370766987428
7 4 3 4 -1  0.00338139
14290892618937982194
1 1 1 0 -1  0.430467
14291069455668458232
3 4 3 3 -1  0.9
14291277544621168559
6 3 5 5 -1  0.166772
14291436306000079133
4 2 3 2 -1  0.430467
14291655047255595214
7 0 1 0 -1  0.00872795
14291903317268368474
6 6 5 6 -1  0.38742
14291917971885015117
7 2 4 5 -1  0.348678
14291952967899232469
3 0 3 1 -1  0.0581497
14292230419895486375
4 4 1 7 -1  -0.135085
14292303433977412578
6 4 3 7 -1  0.478297
14292738131519756123
3 6 3 7 -1  -0.478297
14292854852777217800
6 7 4 5 -1  0.121577
14292914162082214400
6 6 5 6 -1  0.185302
14293371698334817654
6 6 6 5 -1  -0.531441
14293596600500122607
5 5 7 4 -1  0.0423911
14293898034795806443
7 4 7 6 -1  -0.121577
14293994443439278388
7 1 6 0 -1  0.81
14294087902771267031
4 5 3 4 -1  -0.121577
14294176846852065305
6 3 5 5 -1  0.00638222
14294460210857089892
3 1 4 3 -1  -0.228768
14294630799453554195
7 1 6 1 -1  0.0886293
14294685039116547914
6 6 5 7 -1  0.185302
14295135002396717671
4 4 3 5 -1  0.185302
14295257243763036510
5 1 3 0 -1  0.348678
14295321912032703127
4 2 1 2 -1  -0.0581497
14295387299029917426
3 4 0 4 -1  -0.478297
14295452463554696259
6 4 4 6 -1  0.0717897
14296703971763599817
3 3 1 4 -1  -0.729
14296784092967245287
4 2 3 2 -1  0.00056392
14296895881762818470
6 5 5 4 -1  0.00221853
14296962016182692500
7 4 4 4 -1  0.430467
14297146497616000302
5 3 5 5 -1  0.282429
14297166246606859920
7 5 7 2 -1  -0.0147809
14297279611921772219
7 1 5 1 -1  0.31381
14297283370787098643
6 3 6 2 -1  0.166772
14297589034463839274
3 0 2 0 -1  -0.282429
14297744039546693572
7 4 7 6 -1  0.0250315
14297795664487455830
3 1 2 2 -1  -0.00872795
14297934454354593218
7 4 7 1 -1  0.81
14298074177646056783
5 6 4 5 -1  -0.9
14298510352504349003
7 1 7 3 -1  0.228768
14298586554376514298
5 6 3 5 -1  0.59049
14298591958891802250
7 2 3 6 -1  0.00969773
14298856838039226035
0 4 0 0 -1  0.9
14298908231413550184
5 4 7 4 -1  0.6561
14299150965133743273
5 5 4 4 -1  0.0225284
14299181866399380289
5 5 4 6 -1  0.531441
14299424567028552465
7 2 6 2 -1  -0.0119725
14299436378549439128
7 6 6 4 -1  0.0523347
14299506081057522807
6 6 5 5 -1  0.531441
14299512264845290386
6 4 5 3 -1  -0.0471013
14299527290022419475
2 7 5 4 -1  0.00572641
14299678431669331029
7 1 6 3 -1  -0.038152
14299829176394935289
7 1 5 2 -1  -0.228768
14299868566590389541
1 6 5 2 -1  -0.205891
14299876369006244210
3 2 6 2 -1  0.0164232
14300048498673791681
5 4 7 4 -1  -0.81
14300107937700994482
3 0 4 2 -1  0.430467
14300198216058564939
1 3 1 4 -1  0.81
14300203589818225271
1 5 4 2 -1  0.228768
14300296862258909826
3 3 2 4 -1  0.228768
14300382089247918651
4 6 3 6 -1  -0.098477
14300847754151398565
6 6 2 2 -1  -1
14300938827697099792
4 4 3 3 -1  -0.59049
14300974999977296566
5 5 6 4 -1  0.135085
14301096996598316052
6 0 5 0 -1  -0.166772
7 5 7 4 -1  -0.135085
14301174752642890146
6 3 5 3 -1  0.109419
14301565181634084595
6 2 6 4 -1  -0.0646108
14301729863998020559
6 4 5 4 -1  0.150095
14301772477526904216
7 2 4 5 -1  0.00872795
14301907589142193064
5 2 6 1 -1  -0.0886293
14301951098297080343
7 7 5 7 -1  -0.185302
14301964920563066901
6 2 5 2 -1  -0.00179701
14301985581282383093
7 0 7 5 -1  -0.282429
14302364787803719775
5 3 4 2 -1  0.098477
14302368964985833430
3 3 0 3 -1  -0.0250315
14302483109039824716
3 5 1 4 -1  0.109419
14302682754164444058
7 6 7 2 -1  -0.0886293
14302731775534920869
7 1 3 1 -1  0.185302
14302753221629636059
6 2 7 4 -1  0.0523347
14302885875422679293
5 6 4 5 -1  0.0202755
14303058617380433791
7 3 7 0 -1  0.0423911
14303440617572827904
2 3 3 2 -1  0.9
14303488005623448172
6 4 4 2 -1  -0.166772
14303778137941422584
1 2 3 1 -1  0.00338139
14303871084734073931
3 6 1 5 -1  0.9
14303883995405333867
3 4 2 3 -1  -0.31381
14304004532802467685
6 6 5 5 -1  0.478297
14304108955298778581
5 0 4 0 -1  0.0523347
14304132303286064834
7 2 5 4 -1  -0.0646108
14304290716374700319
6 1 2 5 -1  0.6561
14304413139375000199
6 4 5 4 -1  -0.00433049
14304489690942359331
4 2 3 3 -1  -0.0225284
14304526355804116006
7 2 4 2 -1  0.000456775
14304763741713703616
5 4 4 4 -1  -0.0423911
14304813045761523341
4 4 3 4 -1  0.0278128
14304880262578794688
6 2 7 1 -1  -0.31381
14305021542293007866
6 5 5 6 -1  0.098477
14305222780552075898
6 6 5 5 -1  0.228768
14305270318189398108
5 3 4 3 -1  0.205891
14305322146799802206
7 5 7 1 -1  0.0471013
14305419005110113926
6 6 6 7 -1  0.81
14305515698372827505
5 0 4 1 -1  -0.0797664
14305659153379971346
5 2 6 3 -1  -0.0886293
14305711766652073409
6 2 5 2 -1  -0.282429
14305836000615873128
4 7 3 5 -1  0.135085
14305905156677900683
4 5 5 3 -1  0.6561
14305937314450642040
7 3 6 4 -1  0.018248
14305947731024277921
6 2 6 1 -1  0.185302
14305959917160674274
6 6 5 5 -1  0.0133028
14306004108206599139
7 0 7 2 -1  -0.0471013
