15936267842210726376
5 5 6 3 -1  0.150095
15936384127568532885
3 2 2 2 -1  -0.00273892
15936437134830158298
3 5 3 2 -1  -0.135085
15936474468008083317
7 3 6 2 -1  -0.0147809
15936545019560206589
6 3 5 2 -1  -0.0797664
15936812379028260785
7 3 6 2 -1  -0.000269721
15936828869617959014
5 6 3 7 -1  -0.531441
15937012638261295349
3 6 5 7 -1  0.0471013
15937037818870069456
1 1 2 2 -1  0.348678
15937133676530304418
1 5 3 5 -1  0.430467
15937194282889379642
2 1 2 5 -1  -0.0646108
15937404793112500828
6 2 3 2 -1  0.00246503
15937409001958470589
5 6 5 7 -1  0.81
15937438819738140270
5 2 4 0 -1  0.00636268
15937461505327262156
4 6 3 6 -1  -0.531441
15937560710488166431
5 1 4 2 -1  -0.098477
15937612264940139491
5 0 6 1 -1  0.0309031
15937691113160694343
1 3 2 4 -1  0.81
15937734416714508388
1 4 1 0 -1  0.478297
15937742992717346542
7 3 6 2 -1  0.0471013
15937788687944850688
6 3 5 1 -1  0.0119725
15937789959212724470
6 5 5 4 -1  -0.478297
15937986197299824115
4 5 3 3 -1  -0.38742
15938025880291259214
6 3 4 4 -1  -0.0225284
15938197441124966841
4 7 3 6 -1  -0.121577
15938203108726914056
5 5 5 4 -1  0.59049
15938393243805507854
7 5 7 1 -1  -0.478297
15938526214403484556
7 0 7 3 -1  -0.098477
15938538961414614838
3 4 2 4 -1  0.0250315
15938635757151942528
7 7 7 6 -1  0.729
15938849254896110598
6 4 4 2 -1  0.00706964
15938936792866819525
7 6 6 5 -1  -0.0523347
15939223232128346524
4 6 2 4 -1  -0.0225284
15939340790108009170
5 4 5 7 -1  0.254186
15939418856995746614
7 2 6 1 -1  0.0471013
15939614729875812078
1 1 3 2 -1  -0.6561
15939679944192395829
7 6 6 4 -1  0.0423911
15940038922368398937
4 5 1 5 -1  -0.478297
15940205199801128795
2 6 2 5 -1  -0.098477
15940227353143736970
2 0 1 1 -1  0.348678
15940486264173627808
7 2 6 3 -1  0.00515377
15940531927242178596
6 2 4 2 -1  0.0646108
15940881684396206966
7 0 5 0 -1  -0.0523347
15941296808480675084
6 3 4 1 -1  0.00872795
15941445191325596060
4 4 4 2 -1  -0.121577
15941693539585209646
5 3 6 3 -1  -0.59049
15941951476522501575
0 5 7 5 -1  0.38742
15942055372370145515
5 2 7 4 -1  -0.0278128
15942256509153937707
6 5 5 5 -1  0.0107753
15942533086155399274
5 6 4 6 -1  -0.729
15942627231957303554
7 2 5 0 -1  0.0797664
15942788637828398553
7 4 7 6 -1  0.038152
15942875509372426164
7 4 1 4 -1  0.478297
15943318998710351474
7 3 7 2 -1  0.531441
15943686198886274164
5 0 5 2 -1  0.729
15943733007398594197
3 4 4 3 -1  0.282429
15943748870044166431
5 6 0 6 -1  -0.9
15944320302362760201
5 0 4 0 -1  0.205891
15944428684281323544
6 3 5 5 -1  0.166772
15944500354690351721
5 5 6 5 -1  0.0147809
15944912035679860054
6 6 4 6 -1  -0.0422024
15944998730698452252
5 2 4 4 -1  -0.000696197
15945282020039370025
3 2 5 4 -1  -0.00706964
15945389353855289955
4 1 0 1 -1  0.531441
15945703934362089291
7 1 5 2 -1  -0.0886293
15945815485151288841
7 4 6 2 -1  -0.038152
15945933136944459004
7 4 6 4 -1  -0.109419
15946060961067404971
6 3 4 2 -1  -0.0225284
15946239539380966998
7 5 6 5 -1  0.228768
15946318369791789047
5 4 4 3 -1  0.0717897
15946754825912820939
6 0 7 0 -1  0.150095
15947117066900172791
4 3 2 4 -1  0.000773553
15947208189494325052
4 0 5 2 -1  0.150095
15947256496397174795
4 7 3 7 -1  0.135085
15947666547113382243
7 4 1 4 -1  -0.348678
15947766345018179344
7 3 3 7 -1  -0.38742
15947819187987453211
3 4 3 2 -1  0.59049
15947840467092975478
6 1 5 1 -1  -0.0581497
15948120003174199852
4 6 2 4 -1  0.185302
15948157301224830663
7 0 7 3 -1  -0.121577
15948158217730378503
6 2 4 1 -1  -0.00572641
15948289234960717062
7 2 6 2 -1  0.254186
15948301630034821304
7 3 7 2 -1  0.531441
15948497258766196714
7 2 4 5 -1  0.150095
15948719618652774730
7 3 5 5 -1  0.00199668
15949072284040071418
7 6 7 7 -1  0.038152
15949101465368489141
6 4 7 5 -1  0.00969773
15949479386384564956
3 6 2 5 -1  0.135085
15949658547822739775
7 0 7 3 -1  0.81
15949920652725169932
6 6 5 7 -1  0.282429
15949938741587945121
4 3 5 1 -1  0.00911907
15950258262590878615
2 5 3 3 -1  0.135085
15950412017304949179
7 4 7 6 -1  -0.0224281
15950484632607302361
2 2 1 2 -1  -0.205891
15950554800221154819
3 4 2 4 -1  0.166772
15950616834368364058
5 4 3 3 -1  -0.348678
15950868006926974711
5 0 4 1 -1  0.0278128
15950943633016721466
4 2 3 2 -1  0.000507528
15950958011100706835
7 3 6 2 -1  0.38742
15950990461002699531
4 0 3 0 -1  0.018248
15951831103546214324
6 4 7 5 -1  -0.0278128
15951872910843504982
7 5 6 5 -1  -0.038152
15951973651186093321
5 2 3 1 -1  0.59049
15952092681396004727
4 3 2 3 -1  -0.430467
15952102261395892425
6 1 5 1 -1  0.098477
15952118275833823921
3 5 1 7 -1  -0.6561
15952160308637323083
6 5 3 5 -1  -0.166772
15952348319457722159
6 1 5 2 -1  -0.150095
15952415833620503422
5 4 5 6 -1  0.59049
15952601401760371652
6 3 5 4 -1  0.018248
15952688005246774049
5 2 4 3 -1  -0.000833364
15952795526838374516
7 6 7 5 -1  0.430467
15952837333873191449
6 6 5 7 -1  0.000218474
15952900559319702142
5 5 6 5 -1  0.59049
15952977783297768046
5 5 5 3 -1  0.166772
15953102371528192245
4 7 4 5 -1  -1
15953175492165457901
2 5 1 6 -1  -0.348678
15953263207397750628
1 6 3 5 -1  0.150095
15953384456551813617
5 5 5 6 -1  0.531441
15953615461545842715
5 2 4 3 -1  -0.0164232
15953902674700539278
6 2 5 2 -1  0.135085
15953972827573879174
6 1 5 2 -1  -0.228768
15954267791526165946
5 0 4 2 -1  0.0646108
15954313844810133385
4 7 4 6 -1  -0.00785516
15954790490155768444
7 0 7 4 -1  0.0886293
15955043793314512918
7 2 6 1 -1  0.0202755
15955095279527673618
5 0 4 0 -1  0.0646108
15955238352812248977
6 3 6 4 -1  0.098477
15955247613987804328
4 5 3 3 -1  -0.430467
15955252993847769210
1 6 2 7 -1  -0.0119725
15955271097119073241
7 5 4 2 -1  0.166772
15955476435822906430
2 1 3 3 -1  -0.135085
15956209153985334396
5 1 5 2 -1  -0.282429
15956209395792705533
7 5 7 0 -1  0.185302
15956383743939185691
7 1 6 3 -1  0.098477
15956386479267824302
5 3 5 6 -1  0.228768
15956429017902359649
5 3 4 3 -1  -0.00636268
15956470578895416169
6 2 4 2 -1  0.0164232
7 5 6 6 -1  -0.00580117
15956590126014904598
4 7 7 4 -1  0.0202755
15956711782558638841
7 2 6 3 -1  0.166772
15956899655699966895
5 5 3 6 -1  0.0107753
15957073148115486754
5 3 4 3 -1  0.0523347
15957219734025406183
6 3 5 1 -1  0.00221853
15957234514631838536
6 7 4 6 -1  -0.098477
15957365911552211605
5 5 6 6 -1  -0.0797664
15957813351133080161
7 5 5 4 -1  -0.282429
15957918358455465036
6 6 4 4 -1  0.59049
15957974364211019451
7 5 6 6 -1  -0.0255595
15958168429245897536
3 5 3 6 -1  0.166772
15958192805751773435
3 5 1 3 -1  0.205891
15958223369511918916
6 5 5 5 -1  0.205891
15958279047433537920
6 7 5 7 -1  0.430467
15958365072176365318
7 3 6 3 -1  0.000773553
15958523082477965518
7 4 7 0 -1  0.348678
15958634394590588909
7 3 5 1 -1  0.0886293
15959047945250923946
5 5 5 6 -1  -0.9
15959329970179996929
6 6 2 2 -1  -0.098477
15959635285729448336
7 5 7 4 -1  -0.0471013
15959703832489949076
4 5 5 4 -1  0.109419
15959845664403498133
7 5 6 4 -1  0.0343368
15959874279467873026
3 0 2 2 -1  -0.282429
15960199370515454262
7 3 6 2 -1  0.0225284
15960227576839464995
6 6 5 6 -1  0.000218474
15960488932604370463
4 2 7 2 -1  -0.150095
15960507736833240686
3 7 2 7 -1  -0.205891
15960683196969375563
7 0 7 2 -1  0.0234314
15960743174535560392
4 4 7 1 -1  0.185302
15960822083128604575
6 1 4 1 -1  0.026674
15960822295188125944
3 1 3 5 -1  -0.0646108
15960834966740528659
6 5 5 5 -1  0.121577
15960916801465421119
4 6 3 6 -1  0.0423911
15960942987912649395
6 4 4 6 -1  -0.0250315
15961058991544880225
7 7 7 6 -1  0.038152
15961194118623972153
3 1 3 4 -1  0.038152
15961767331400645466
7 0 7 3 -1  0.109419
15962200170410446650
7 1 7 3 -1  0.59049
15962343142777245613
6 7 7 5 -1  0.098477
15963019001481092120
4 4 3 4 -1  0.59049
15963159695071871206
7 2 7 1 -1  0.59049
15963231033784689021
6 6 5 6 -1  0.0646108
15963519195255209404
7 1 5 0 -1  -0.00417455
15963576335114595303
4 4 3 4 -1  0.531441
15963681525898222772
3 4 2 5 -1  0.0797664
15963998306367384440
6 2 5 2 -1  0.018248
15964245427087682114
5 0 4 2 -1  -0.0309031
15964267797757857661
4 2 3 3 -1  -0.38742
15964394867413451993
5 1 6 2 -1  0.00969773
15964451448790473893
3 4 4 3 -1  0.00463839
15964552633938816651
7 3 5 1 -1  0.0471013
15964682676936388612
5 2 5 1 -1  -0.38742
15964867165373663175
7 4 7 6 -1  -0.0202755
15965206129180375614
4 0 3 0 -1  0.81
15965351280021290934
7 0 6 0 -1  -0.348678
15965457835018520869
5 0 6 2 -1  0.38742
15965897860548786636
6 7 6 6 -1  0.31381
15966013685657187618
4 3 3 2 -1  0.254186
15966142714455660890
6 6 7 5 -1  0.430467
15966160458467012451
5 6 4 5 -1  0.348678
15966313313643555340
7 0 7 2 -1  -0.121577
15966373865230621652
2 4 0 5 -1  0.166772
15966682352661412920
4 6 3 6 -1  0.59049
15966731138336171044
6 6 7 4 -1  0.348678
15966996319492523249
6 4 5 5 -1  0.018248
15967140747364768824
7 5 7 2 -1  0.038152
15967317888879509139
5 5 5 6 -1  -0.0164232
15967370845516801746
6 2 6 1 -1  -0.038152
15967413787563393358
6 3 4 5 -1  -0.430467
15967442270531454303
6 3 5 1 -1  -0.0164232
15967548524613694581
5 6 3 4 -1  0.00221853
15967842182808108122
4 0 3 0 -1  -0.254186
15967863201505084314
1 5 0 6 -1  -0.81
15967976626508568739
4 4 3 2 -1  0.531441
15968186164206023684
7 6 6 5 -1  -0.81
15968319949779957027
7 1 5 2 -1  -0.0202755
15968576006357349953
6 7 5 7 -1  -0.0471013
15968610015334795462
3 1 2 1 -1  0.205891
15968671480784527356
3 1 4 1 -1  0.59049
15968738029870831162
5 5 4 6 -1  0.150095
15968893188175813117
7 4 5 4 -1  0.135085
15969090223408112407
0 0 2 0 -1  0.166772
15969095741285522952
7 3 7 2 -1  0.166772
15969138695623570349
4 6 1 3 -1  0.81
15969143370519860268
7 0 7 6 -1  -0.109419
15969292862365651619
6 0 7 1 -1  -0.478297
15969480508274103586
6 0 4 0 -1  0.150095
15969523580694747371
7 2 7 3 -1  -0.0250315
15969666062325859321
7 5 7 4 -1  0.135085
15969845173706508520
6 6 5 7 -1  0.166772
15969878739811863602
7 6 6 7 -1  -0.9
15969880147399528781
5 4 4 4 -1  -0.098477
15970159308314714227
5 6 4 6 -1  -0.098477
15970371387741702598
3 2 2 2 -1  0.348678
15970466515125254838
6 6 7 6 -1  0.150095
15970726362953948044
5 6 4 5 -1  0.31381
15970733149647935275
4 0 3 0 -1  0.0343368
15970816254639127755
6 7 5 6 -1  -0.038152
15971057087966276469
5 0 7 0 -1  0.0717897
15971161109090137579
1 1 0 1 -1  -0.31381
1 1 2 1 -1  -0.254186
15971525719589193985
6 1 5 0 -1  0.0717897
15971668208117521713
2 7 1 7 -1  -0.729
15971765352884185950
5 1 7 2 -1  0.59049
15971896092944092998
6 1 7 2 -1  -0.205891
15972076847434764327
1 5 1 6 -1  0.00306016
15972176902403821118
3 7 4 5 -1  0.228768
15972538605051858733
5 7 4 7 -1  0.00515377
15972662522914704725
6 6 7 5 -1  0.185302
15972927746954096423
6 3 4 2 -1  0.00572641
15973104591177592223
6 6 5 6 -1  0.0523347
15973123360602255051
3 6 5 7 -1  0.0646108
15973537001761943566
6 3 6 4 -1  -0.109419
15973667147892388486
6 6 5 5 -1  0.166772
15973955446321937674
7 0 0 0 -1  0.0309031
15973985351295289623
7 2 7 0 -1  -0.282429
15974066159593876109
7 3 5 5 -1  0.00515377
15974144933569454219
3 1 2 1 -1  0.282429
15974416290433205640
7 3 4 0 -1  0.00463839
15974623179278315328
1 7 0 7 -1  -0.348678
15974839861804263016
5 2 7 4 -1  0.205891
15974858715697544980
6 3 4 4 -1  -0.0523347
15974906382821801471
4 6 5 4 -1  0.121577
15975190435079592975
3 4 2 3 -1  0.0717897
15975526145499564781
5 2 3 3 -1  0.0202755
15975710712805934759
0 4 0 5 -1  0.31381
15975785629035105257
2 3 2 2 -1  0.9
15975871885104679901
5 2 3 3 -1  0.000129007
15975922440954872187
3 1 3 0 -1  -0.38742
15976046218549245938
3 1 2 0 -1  0.135085
15976060154637011324
6 5 4 3 -1  0.0164232
15976164569661344921
4 3 4 1 -1  -0.0523347
15976185179099823442
5 5 5 6 -1  0.531441
15976484833331485418
1 6 1 2 -1  -0.135085
15976637775242670203
7 6 6 4 -1  -0.00417455
15976774980013566364
5 6 3 5 -1  0.6561
15976877981613624956
6 1 5 1 -1  0.0164232
15976891110869908111
4 0 3 1 -1  0.0717897
15976990738941251470
7 1 5 2 -1  0.109419
15977023452080327421
4 6 4 7 -1  -0.0646108
15977303852724222388
7 4 7 6 -1  0.098477
15977477639348969062
6 6 5 6 -1  0.0250315
15977483181329449674
4 1 2 1 -1  -0.0886293
15977615090779190935
5 5 4 7 -1  0.109419
15977688997305473149
3 2 7 2 -1  0.0164232
15977843731937468337
0 4 1 5 -1  0.9
15977887851795884917
4 7 2 6 -1  -1
15977926887474856823
6 4 5 4 -1  -0.38742
15978481850768378096
6 6 3 3 -1  0.81
15978543444804273436
3 6 2 5 -1  0.0343368
15978935289562347381
6 5 5 4 -1  -0.00304325
15979313950956411391
7 6 7 5 -1  0.729
15979556318105039375
6 4 6 0 -1  -0.0147809
15979642224617975148
6 3 5 3 -1  0.000507528
15979688566513080823
4 4 3 2 -1  -0.0886293
15979767683097863128
0 1 0 5 -1  -0.430467
15979896759103355253
2 0 7 0 -1  0.098477
15979952667989200850
7 4 7 2 -1  0.0886293
15980205508927651638
4 7 3 7 -1  -0.348678
15980349589832827884
1 5 1 4 -1  -0.9
15980482513428937390
3 1 5 3 -1  0.121577
15980780222761819303
7 0 7 2 -1  -0.0147809
15981046803680212586
4 0 3 0 -1  -0.0581497
15981264946512585261
5 3 4 2 -1  0.0343368
15981447627509082331
3 0 2 0 -1  0.0717897
15981742274819557875
5 5 4 3 -1  0.185302
15981792577597436641
7 7 7 6 -1  0.31381
15981829762270444059
5 5 4 4 -1  -0.430467
15981932255885571021
6 5 6 6 -1  0.282429
15981972241098387409
7 2 6 3 -1  -0.166772
15981999273293183167
4 2 6 4 -1  0.00785516
15982285394284744148
6 7 5 7 -1  -0.00179701
15982363107748980139
6 4 7 6 -1  0.729
15982418745614388782
7 2 6 3 -1  0.0133028
15982451022898847062
1 3 2 3 -1  0.81
15982591061511286795
3 5 2 4 -1  -0.0250315
15982691953948446896
6 0 4 0 -1  0.430467
15982870249224999035
6 0 7 1 -1  0.098477
15982990919935702407
5 3 4 4 -1  -0.0119725
15983008860478241984
5 2 1 2 -1  0.0523347
15983105847519260000
6 5 5 5 -1  0.0471013
15983196005695631656
5 5 4 5 -1  -0.0646108
15983205870781576963
7 1 6 3 -1  -0.00515377
15983377792853517952
7 2 7 4 -1  0.00463839
15983545314367875155
5 6 6 7 -1  0.531441
15983947359506487922
5 5 5 6 -1  0.109419
15984013094991210203
7 0 7 2 -1  -0.0523347
15984147632670761681
5 0 4 1 -1  0.098477
15984210510712356332
6 4 5 6 -1  0.0250315
15984275409320245600
1 3 4 6 -1  0.282429
15984590451755430476
7 0 7 4 -1  0.00706964
15984812847879964428
5 2 1 6 -1  0.038152
15984918604280111711
5 3 4 1 -1  0.150095
15984962863845577465
2 2 1 0 -1  0.729
15985024559589715552
1 2 5 6 -1  0.121577
15985108509128799105
3 1 2 3 -1  0.0147809
15985178378803093390
6 6 3 3 -1  -0.038152
15985368073634894503
6 6 5 5 -1  -0.0343368
15985731933484901443
7 2 6 3 -1  0.0278128
15985739769709137405
4 2 5 3 -1  -0.109419
15985746950642359134
7 5 6 6 -1  0.0278128
15986050165028647050
3 1 2 2 -1  0.38742
15986088398771931909
6 1 3 1 -1  0.00872795
15986099509394842528
7 0 7 3 -1  0.0119725
15986139018683234518
5 0 4 1 -1  -0.018248
15986144785355125515
2 5 5 2 -1  0.81
15986164440143336847
0 6 3 6 -1  0.38742
15986249913160934483
4 3 3 2 -1  0.098477
15986272019157563292
5 6 4 6 -1  -0.9
15986533119780663842
6 7 3 4 -1  0.0581497
15986582377841246590
5 3 3 2 -1  -0.0164232
5 3 3 4 -1  -0.0309031
15986667805392666324
2 1 2 3 -1  0.729
15986822309327364606
6 4 5 5 -1  0.0581497
15986894017336376679
5 3 4 4 -1  0.205891
15986907633352629514
7 5 7 3 -1  -0.0797664
15987066465403531196
7 4 6 5 -1  -0.0225284
15987227416898577762
3 4 1 5 -1  -0.0471013
15987601057020149790
6 2 5 1 -1  0.0278128
15987613585760216479
7 2 6 1 -1  -0.135085
15987623291387700857
4 2 5 2 -1  0.109419
15988363832601675783
7 4 5 4 -1  0.59049
15988390432687515812
1 5 0 5 10  0.81
15988486284495657614
3 6 4 6 -1  0.0278128
15988798216919057343
5 4 2 1 -1  -0.59049
15988954277315462584
7 4 7 3 -1  0.531441
15988969646878319079
5 3 4 4 -1  0.478297
15989244895128801423
4 5 4 0 -1  0.00338139
15989260606245739115
4 4 3 2 -1  0.00161731
15989419436677949584
4 5 3 4 -1  0.81
15989502815914815132
5 1 3 2 -1  0.121577
15989764382573514151
5 0 4 1 -1  0.254186
15989852695825834411
5 5 4 5 -1  0.018248
15990053327303003745
3 3 5 5 -1  -0.121577
15990102397238684769
4 3 3 2 -1  0.0119725
15990220498615736870
6 6 5 5 -1  0.59049
15990261633270557095
1 3 6 3 -1  0.531441
15990268277914244949
4 4 5 3 -1  -0.038152
15990279590023674046
7 4 1 4 -1  -0.6561
15990568485569169255
3 2 2 2 -1  -0.81
15990643099347335422
2 5 3 6 -1  -0.38742
3 7 7 3 -1  -0.478297
15990648996692376886
3 3 3 2 -1  0.0133028
15990804412106923048
4 1 5 3 -1  0.31381
15991044286236037047
7 4 7 2 -1  0.166772
15991082434732078441
4 5 3 4 -1  -1
15991249025419982051
5 3 6 3 -1  0.109419
15991528231657133299
5 3 4 3 -1  0.0343368
15991643556483859292
6 6 7 6 -1  0.038152
15992006264688632993
6 3 5 3 -1  -0.00345912
6 4 4 4 -1  0.0278128
6 4 5 4 -1  0.098477
15992173457527205580
0 4 0 6 -1  -0.9
15992239937628817130
6 0 4 0 -1  -0.098477
15992431972527607818
6 5 6 4 -1  -0.0037571
15992611369381234800
6 0 5 0 -1  0.0202755
15992840387426008649
6 6 4 6 -1  -0.228768
15993007665707803565
3 2 2 4 -1  -0.0107753
15993182112032236297
5 2 6 4 -1  -0.205891
15993417665599817120
1 1 0 2 -1  -0.348678
15993542417019964663
3 4 1 2 -1  0.018248
15993549322600509260
4 4 3 4 -1  -0.166772
15994426764933133389
3 4 2 3 -1  -0.38742
15994513702492671324
6 7 5 7 -1  -0.0250315
15994515571531319865
3 3 2 2 -1  0.00572641
15994654534912331814
7 4 1 4 -1  0.150095
15994708351901420518
1 0 0 0 -1  0.0147809
15994847531603796295
4 4 3 3 -1  -0.109419
15994908836977495524
5 3 6 2 -1  -0.150095
15995000861104610797
5 2 4 2 -1  -0.00706964
15995540567177982395
4 4 4 3 -1  -0.185302
15995721244383248653
7 6 7 5 -1  0.430467
15995790248956480118
5 0 4 0 -1  -0.150095
15995832488694274843
7 6 6 7 -1  -0.254186
15995881497264283862
6 1 5 1 -1  -0.109419
15996039219697808047
6 3 3 0 -1  0.000696197
15996050767609270347
6 7 5 7 -1  0.430467
15996090419365434732
7 2 7 3 -1  -0.00463839
15996341753406869764
6 0 4 0 -1  0.0147809
15996520148931292609
6 3 4 3 -1  -0.0102659
15996525744857235552
5 5 4 6 -1  0.31381
15996657494212911634
6 0 5 0 -1  0.0581497
15996862344696690673
5 3 4 4 -1  -0.31381
15996883347738301414
7 6 6 7 -1  -0.0278128
15997049108774282570
5 4 6 4 -1  0.531441
15997267354741099284
5 5 1 1 -1  0.0886293
15997360509007220560
6 4 5 4 -1  0.729
15997386257957439251
5 5 3 3 -1  -0.0797664
15997720399994364610
3 4 4 5 -1  -0.228768
15997865520975748503
6 6 7 5 -1  0.348678
15997932176024685815
6 3 4 2 -1  -0.00706964
15998093585760976852
6 4 5 2 -1  0.166772
15998361246067523050
6 3 4 2 -1  -0.0797664
15998573432663995829
5 0 4 0 -1  -0.121577
15998798329813635915
6 5 6 4 -1  0.150095
15998980963886099531
6 1 4 1 -1  0.9
15999027159384775003
6 5 6 4 -1  -0.018248
15999059175504537307
6 1 4 1 -1  -0.00273892
15999572654419192789
7 0 7 2 -1  0.00417455
16000024372271131883
6 6 5 5 -1  0.166772
16000155136899639652
5 6 4 6 -1  0.31381
16000254826014616000
4 7 5 6 -1  0.38742
16000337111442760600
7 6 6 5 -1  -0.282429
16000377903880166047
7 5 7 3 -1  0.729
16000400143783136479
3 6 2 7 -1  0.135085
16000507041385177833
6 3 5 2 -1  0.0797664
16000641145116598054
6 6 4 6 -1  0.228768
16000650283367434938
3 5 4 7 -1  0.81
16000786625789023501
7 5 5 5 -1  0.0278128
16001542074751774846
5 5 6 3 -1  0.000332989
16001998310833839690
5 3 4 4 -1  0.59049
16002093340150866769
5 2 6 4 -1  -0.0717897
16002150636741775604
4 2 5 1 -1  0.0929469
16002217860161615102
6 0 5 0 -1  -0.0523347
16002374802610358257
7 4 5 4 -1  -0.0119725
16002468461394887398
4 2 3 3 -1  0.0717897
16002560391199740821
7 2 2 2 -1  0.478297
16002577864552819395
4 0 5 1 -1  -0.018248
16002594608201383998
7 5 6 6 -1  -0.0343368
16002628783393564645
6 0 4 0 -1  -3.05743e-10
6 3 5 3 -1  0.00577379
16002758792489345077
4 0 6 1 -1  0.0886293
16003321745320902086
6 5 6 4 -1  0.185302
16003475400753224825
4 2 4 4 -1  0.38742
16003826356291690786
6 3 4 2 -1  0.0717897
16004331875086088755
6 7 6 1 -1  0.531441
16004458685455025940
7 2 7 0 -1  0.135085
16004473458653211825
1 4 1 1 -1  0.81
16004589653448753338
7 5 6 6 -1  0.109419
16004635118075223168
0 1 4 5 -1  0.348678
16004701962869591889
7 6 6 7 -1  0.430467
16004863975838739984
5 3 4 3 -1  -0.00273892
16004989073032840872
6 2 4 3 -1  0.0471013
16005063574181678426
5 4 4 4 -1  0.166772
16005069496405181483
7 1 7 0 -1  0.185302
16005132248563184568
7 2 5 0 -1  0.282429
16005258947852319694
4 3 2 1 -1  0.150095
16005537840653410777
4 3 3 3 -1  -0.0581497
16005825013912644211
7 2 3 6 -1  0.0278128
16005953429278195915
6 1 5 1 -1  -0.0886293
16006415786515998628
5 7 4 7 -1  0.109419
16006418839275953020
2 1 6 1 -1  -0.018248
16006597228172859132
4 2 3 3 -1  -0.0471013
16006908576970499534
6 1 4 3 -1  0.135085
16007245851108682525
5 3 4 2 -1  -0.0119725
16007449229848826540
4 3 3 1 -1  0.0169331
16007589296355489586
7 3 7 1 -1  0.135085
16007612244359381187
4 2 3 1 -1  0.00636268
16007633696949458640
6 3 5 1 -1  -0.166772
16007721575709303584
7 3 7 1 -1  0.121577
16007787327261153267
5 7 4 6 -1  0.59049
16007922178016695399
2 0 7 5 -1  0.59049
16008004561484588699
4 4 3 6 -1  0.81
16008138000976134388
3 1 2 3 -1  -0.121577
16008158437676583282
6 4 7 5 -1  0.0605027
16008198220945146921
7 4 7 2 -1  0.00417455
16008286833633946281
7 4 7 3 -1  0.228768
16008431220287803553
6 4 4 4 -1  0.136966
16008547031732650337
5 7 4 7 -1  -0.0797664
16008548719674945778
7 0 7 2 -1  0.109419
16008612848386769197
7 5 7 7 -1  0.038152
16008727228161262720
7 5 6 4 -1  0.59049
16008828587849503192
6 4 4 2 -1  -0.0202755
16008932874835490351
1 3 0 3 -1  -0.531441
16008986171155210794
3 6 5 4 -1  -0.00179701
16009100175951270169
4 5 3 4 -1  0.254186
16009237857805225549
2 1 2 3 -1  -0.531441
16009418324262287844
4 5 5 6 -1  -0.00378819
16009592229802304990
4 2 4 5 -1  0.478297
16009822240860988308
7 5 6 4 -1  -0.0471013
16009902698790240015
5 2 4 4 -1  0.185302
16009907927501403689
5 3 7 3 -1  0.348678
16010648444822645351
0 7 4 7 -1  0.729
16010667941309978476
4 0 4 1 -1  0.430467
16010683636433427303
5 0 4 0 -1  -0.00338139
16010937301665882377
4 4 3 2 -1  0.0717897
16011391211815129657
5 3 4 4 -1  -0.0886293
16011416979468061455
3 1 2 2 -1  0.0278128
16011465917310271697
7 7 6 6 -1  0.228768
16011525980904477087
7 5 6 6 -1  -0.0202755
16011630233463078725
7 5 5 5 -1  -0.185302
16011638691573953287
2 5 1 6 -1  -0.0646108
16011791249320305487
6 3 6 5 -1  0.121577
16011858803275222360
6 3 5 4 -1  0.185302
16011930801716348727
7 1 5 2 -1  0.038152
16012578300695054017
3 4 4 5 -1  0.128331
16012818387816882175
6 1 5 1 -1  0.0797664
16012894201357956929
6 7 5 6 -1  0.185302
16012981214108769388
4 7 2 6 -1  -0.135085
16012993132478160687
6 6 4 4 -1  0.31381
16013020040118220751
7 2 6 3 -1  0.59049
16013087664518881922
4 3 6 1 -1  -0.0107753
16013142138762394630
5 3 3 1 -1  0.729
16013249956073974306
4 5 5 4 -1  0.729
16013399605533304292
5 5 3 4 -1  -0.0164232
16013662449439212824
7 2 5 4 -1  -0.121577
16013862641806392060
6 5 7 5 -1  0.38742
16013951821023721066
5 3 4 4 -1  0.0886293
16014000359226146415
5 2 4 4 -1  0.0797664
16014285252461672669
6 2 5 1 -1  0.0225284
16014350928788751743
7 2 3 6 -1  -0.0202755
16014371087154313118
4 4 3 3 -1  0.228768
16014732526511933071
4 4 3 3 -1  0.0523347
16015155881024799376
6 7 5 7 -1  -0.0886293
16015165341117797779
5 4 5 3 -1  -0.185302
16015224741408025277
6 0 5 0 -1  0.0067712
6 3 5 3 -1  0.0205626
7 3 6 2 -1  0.0166156
7 6 5 5 -1  0.00236405
16015242910618739794
7 0 2 0 -1  0.098477
16015418955995132929
4 2 3 3 -1  0.185302
16015474891654579614
7 3 7 1 -1  0.729
16015928394337729121
4 2 3 3 -1  -0.0225284
16015942982515851019
5 2 4 1 -1  0.0552422
16016110457672348423
7 0 7 2 -1  0.185302
16016212133953490078
4 4 2 6 -1  -0.121577
16016312966069946561
1 7 1 5 -1  0.531441
16016543650892877655
6 1 5 2 -1  -0.0225284
16016761389531433014
7 5 6 5 -1  0.205891
16017253669978786346
5 5 4 4 -1  0.0343368
16017258790684479251
3 4 3 2 -1  -0.282429
16017296095334977893
6 1 7 1 -1  -0.531441
16017353285514187990
7 1 6 1 -1  -0.166772
16017372071655567931
5 2 3 1 -1  -0.166772
16017410146599448656
3 3 6 3 -1  0.254186
16017468665211411908
0 7 0 5 -1  0.6561
16017632929300202540
6 1 5 2 -1  0.205891
16017963829123765660
4 7 5 6 -1  0.9
16017981241881660618
4 2 3 2 -1  0.205891
16018117235331196104
6 3 7 4 -1  0.59049
16018298401379403883
5 3 5 5 -1  -0.038152
16018350890735397189
3 1 5 0 -1  0.150095
16018675427745004484
3 0 1 2 -1  0.205891
16018804658790286980
5 4 5 5 -1  0.0225284
16018847044038922927
7 2 5 4 -1  0.0282633
16018884504141875289
2 1 3 2 -1  -0.531441
16018897719340443015
6 1 4 1 -1  0.0133028
16019057448099101733
5 0 4 0 -1  0.38742
16019276980497672869
3 1 4 0 -1  0.0250315
16019285313292605272
7 4 7 6 -1  -0.0646108
16019583468014912278
5 3 2 6 -1  -0.81
16019638055076011207
7 5 7 4 -1  0.348678
16019745112020298772
7 6 7 5 -1  0.0646108
16019759707889260962
3 4 1 6 -1  -0.0886293
16019924566391287128
6 3 7 5 -1  0.0202755
16020107614858252036
4 5 3 6 -1  0.0646108
16020118759127376945
4 3 4 7 -1  -0.0646108
16020504297331980386
2 4 2 5 -1  0.00706964
16020680331623389140
4 5 3 4 -1  -0.018248
16020709920313621878
5 3 4 4 -1  0.38742
16020800673107414486
4 0 4 5 -1  0.228768
16020869542534796678
6 2 7 3 -1  0.0147809
16021000523566618620
1 1 5 5 -1  -0.135085
16021121098789076713
7 3 3 7 -1  0.038152
16021223906192042477
6 7 5 5 -1  0.109419
16021476589571668716
3 6 1 4 -1  0.228768
16021661038227703497
7 7 5 7 -1  0.109419
16021707408624241231
5 7 4 6 -1  -0.254186
16021736418788824598
4 2 7 2 -1  0.00463839
16021888141570302191
5 2 3 0 -1  0.0343368
16021933909184258282
6 3 5 3 -1  -1.82779e-10
16021980552998336458
6 2 5 1 -1  0.478297
16022142270457518714
4 1 3 2 -1  0.9
16022549202657395605
4 5 4 1 -1  0.31381
16022695754812992573
7 2 3 6 -1  -0.00969773
16022739125875365457
7 2 7 1 -1  0.348678
16022870022730503242
6 4 7 5 -1  0.00706964
16022956729933477224
7 2 5 4 -1  0.00969773
16023331951136991848
4 5 3 4 -1  -0.185302
16023419778966347686
3 7 2 7 -1  -0.0278128
16023443853518967069
6 4 3 1 -1  0.00872795
16023542956586939141
0 3 4 7 -1  0.121577
16023619744923397324
6 1 5 1 -1  0.0119725
16023944339189775283
5 6 4 7 -1  -0.282429
16024717626614350350
3 4 5 5 -1  0.0202755
16024882633505683180
7 3 7 2 -1  0.430467
16024887098189071022
4 1 3 1 -1  0.228768
16025070721174386954
5 1 3 2 -1  -0.0471013
16025185412493619845
7 0 6 0 -1  -0.0343368
16025213172260045701
3 1 6 4 -1  0.0309031
16025289212756904118
5 4 4 3 -1  0.185302
16025381729449549935
5 3 4 4 -1  0.38742
16025492721214803502
3 0 1 0 -1  0.348678
16025667584806524670
5 2 4 4 -1  0.0133028
16025843912132558252
5 2 4 0 -1  0.0523347
16025858286951714482
4 4 6 5 -1  -0.282429
16025882820690305092
6 0 6 1 -1  -0.018248
16025888259044573556
6 2 6 3 -1  -0.59049
16025995614837004871
6 6 1 1 -1  0.00636268
16026010383977349376
5 6 3 5 -1  0.0147809
16026366716842195655
5 4 4 3 -1  0.000394913
16026438471357464328
7 6 7 5 -1  -0.348678
16026470678017260192
4 3 5 3 -1  -0.185302
16026474778680079542
6 7 5 7 -1  -0.0797664
16026672986640689214
6 3 4 4 -1  -0.0202755
16026690361802822873
4 3 5 1 -1  -0.0523347
16026803156206916874
4 5 3 4 -1  0.098477
16026857998011100532
5 4 1 4 -1  -0.150095
16027002625127128533
3 0 2 2 -1  -0.121577
16027057321984080611
6 3 4 2 -1  0.228768
16027230593859751002
7 1 2 1 -1  -0.59049
16027292393664280772
4 1 3 1 -1  0.0513814
16027307008672380923
5 7 4 5 -1  0.9
16027439424255084962
5 4 4 3 -1  0.00463839
16027560835554060725
3 1 2 1 -1  -0.282429
16027608303885661831
6 6 5 6 -1  -0.430467
16027635093986768938
7 1 5 2 -1  -0.0423911
7 5 6 4 -1  0.0133028
16028166616477039873
7 4 5 4 -1  0.254186
16028240551860510968
1 1 4 4 -1  0.0797664
16028254053838183804
4 0 3 0 -1  -0.0886293
16028499093167095194
2 6 3 5 -1  0.282429
16028818762273547295
4 3 3 3 -1  -0.0309031
16028998357179083668
7 3 7 2 -1  0.729
16029064760458752278
5 0 4 0 -1  0.00273892
16029083409385226839
7 5 6 5 -1  0.9
16029211662453233714
5 6 6 5 -1  0.0343368
16029332193248370417
5 3 6 3 -1  -0.0250315
16029463308791701832
6 2 5 2 -1  0.81
16029472314325347958
4 3 3 3 -1  -0.81
16029588663947315801
4 6 5 7 -1  -0.0278128
16029662088725449829
3 4 5 6 -1  0.0646108
16029895767525464961
7 3 6 4 -1  0.0523347
16029971773916174927
5 5 4 6 -1  0.0523347
16029980525559929603
7 2 6 1 -1  -0.9
16030066252284738840
5 0 4 1 -1  0.81
16030099996562776578
2 3 3 5 -1  -0.729
16030610029399934667
1 5 5 5 -1  -0.228768
16030729674315919790
3 7 0 7 -1  0.38742
16030815472326592265
7 4 5 4 -1  -0.150095
16030828839648482316
4 4 2 3 -1  0.121577
16030977934399190710
6 3 5 4 -1  0.0309031
16030985641939517324
7 5 6 4 -1  0.205891
16031061663929852727
5 7 4 6 -1  0.228768
16031074244772285296
5 0 5 4 -1  0.729
16031183296801670266
6 5 6 4 -1  0.282429
16031275760286699041
5 5 3 6 -1  -0.0581497
16031305906078589774
4 4 4 3 -1  -0.0309031
16031338734408032224
3 3 2 4 -1  -0.59049
16031494950623795588
6 3 5 1 -1  0.228768
16031542846769657112
3 0 2 1 -1  -0.38742
16031551821354901214
4 5 3 5 -1  0.000955003
16031832699856489342
5 3 4 3 -1  0.0523347
16031897149219270207
3 2 3 1 -1  -0.348678
16032225408793098686
5 2 6 4 -1  0.228768
16032266478452281839
5 2 2 5 -1  0.59049
16032445457916690750
2 4 4 2 -1  -0.478297
16032472399459365945
2 7 1 7 -1  0.59049
16032496962837220112
7 5 6 6 -1  0.282429
16032522453533175280
3 3 2 3 -1  -1
16032628040155022591
7 3 6 2 -1  0.0886293
16032705035534297592
2 5 4 4 -1  -0.9
16032773199261281488
3 4 1 5 -1  0.59049
16032781578760806170
6 4 1 4 -1  -0.38742
16032882079190366843
5 1 6 0 -1  0.00338139
16032909608053904921
1 1 3 3 -1  0.531441
16032915251116035568
1 7 2 7 -1  -0.9
16032963908882929595
6 6 7 7 -1  0.00463839
16033015745163331348
5 3 4 5 -1  -0.0423911
16033179465988916812
6 0 4 0 -1  0.0581497
16033227237365668086
7 5 7 3 -1  0.0646108
16033520435889647443
6 4 5 4 -1  0.81
16033570946567636120
2 0 4 0 -1  0.0056221
16033615818572771512
7 3 4 0 -1  -0.150095
16033709531875594255
6 1 5 0 -1  0.228768
16033890942126258134
5 5 6 3 -1  -0.038152
16033914212562194990
0 0 0 3 -1  0.0523347
16034058733065320316
6 7 5 7 -1  0.109419
16034136979781642562
7 5 3 1 -1  0.0225284
16034401728504318513
7 1 6 3 -1  0.205891
16034431570680279391
5 5 3 3 -1  0.0423911
16034720047606890120
6 5 6 6 -1  0.531441
16034725539069833816
4 4 2 5 -1  0.282429
16034757147977003815
6 3 2 7 -1  -0.00572641
16035265685423077427
5 3 4 2 -1  0.6561
16035313706444577193
7 3 7 2 -1  0.0646108
16035377358590524805
6 3 5 2 -1  0.9
16035393863984015239
5 5 4 6 -1  -0.0471013
16035624338194292747
3 3 5 5 -1  0.00572641
16035892828356712585
4 5 3 6 -1  0.0523347
16035901890964865830
7 6 5 5 -1  0.0133436
16036164063776430987
7 1 7 2 -1  0.729
16036321155062472970
4 7 5 5 -1  0.0797664
16036473370320041751
1 3 2 4 -1  0.0581497
16036536011034838940
6 4 7 3 -1  0.0133028
16036627939266916003
2 2 2 0 -1  0.0581497
16036776585486366171
6 6 5 5 -1  0.00145558
16036898661515748892
5 2 4 1 -1  -0.531441
16036911277315491791
5 5 3 3 -1  0.150095
16037019983177697011
4 3 3 4 -1  0.0797664
16037220179272991398
7 6 6 6 -1  0.9
16037453312721549060
6 3 7 5 -1  0.0797664
16037584974631516618
5 2 7 3 -1  0.0250315
16037642873021717734
5 4 3 2 -1  0.0523347
16037852339740510724
6 3 5 2 -1  0.0423911
16038004829916008603
4 7 3 7 -1  0.121577
16038287673128530697
6 2 3 2 -1  0.228768
16038431020198972901
5 2 4 2 -1  0.0212595
16038658496543898577
6 1 4 1 -1  0.81
16038961299353791753
4 5 3 5 -1  -0.81
16038972802872143885
6 0 5 0 -1  0.018248
16039023906508836676
3 4 1 3 -1  0.0273674
16039054404542122674
2 2 1 2 -1  0.348678
16039261510339273059
5 4 6 3 -1  0.00872795
16039290455259804159
4 4 3 3 -1  0.00706964
16039345019246204450
2 2 3 4 -1  -0.150095
16039501445453413189
6 4 4 4 -1  -0.0523347
16039686403956638884
6 4 5 6 -1  -0.205891
16040158030047251963
2 2 4 4 -1  0.150095
16040414014936152099
5 3 5 5 -1  0.0147809
16040998803114798095
4 0 3 0 -1  0.6561
16041031772203391030
3 4 4 4 -1  0.135085
16041102363194331257
7 2 5 2 -1  0.254186
16041387581226473501
0 4 1 3 -1  -0.00706964
16041435637006067943
3 4 2 4 -1  -0.531441
16041464172273954679
7 5 3 1 -1  0.000457201
16041589500239807105
7 0 6 0 -1  0.0717897
16041603031947722810
7 3 5 4 -1  0.098477
16041608381279261826
6 5 5 5 -1  0.185302
16042032864071038929
2 1 2 3 -1  -0.00304325
16042454184597598650
3 4 2 5 -1  0.228768
16042558085138313548
5 5 4 4 -1  0.241401
16042562867409720345
4 4 7 4 -1  0.150095
16042577645315367507
6 3 5 5 -1  0.00572641
16042858675004683895
1 5 5 1 -1  0.135085
16043093242634032749
5 6 4 7 -1  0.00417455
16043215762700373087
7 3 7 4 -1  -0.0250315
16043249027596774133
4 4 3 5 -1  0.228768
16043262384616336594
6 6 5 5 -1  0.348678
16043291026476352729
4 2 3 2 -1  -0.121577
16043415106316823766
7 3 7 4 -1  0.9
16043976725075112634
4 4 3 3 -1  0.0886293
16043985645163326061
7 0 7 3 -1  0.0423911
16044050182547158362
3 5 4 3 -1  -0.098477
16044256789505686948
7 6 6 5 -1  0.348678
16044289779953670949
6 7 6 6 -1  -0.205891
16044629735366310243
7 5 7 3 -1  -0.282429
16044750208063395767
4 7 3 7 -1  0.121577
16044923719411035954
0 5 0 2 -1  -0.478297
16044930223758109042
7 7 6 7 -1  0.038152
16044935804127255497
6 4 4 5 -1  -0.0225284
16045173827376674731
6 3 6 4 -1  0.478297
16045559470653358463
4 5 5 4 -1  0.018248
16045614069494357250
5 6 4 6 -1  0.098477
16045656373376292489
4 4 6 3 -1  0.150095
16045769344198028448
6 2 5 4 -1  0.00161731
16045775384553687228
7 4 7 5 -1  -0.430467
16045869120888650624
4 2 5 1 -1  -0.0309031
16045871176969700312
7 0 0 0 -1  -0.0471013
16045921640333473410
6 5 3 2 -1  -0.9
16045939863055042195
4 3 3 2 -1  0.282429
16045963187706351490
5 4 4 4 -1  0.531441
16046334710361869410
3 0 4 1 -1  0.135085
16046558409079133845
7 3 1 3 -1  -0.478297
16046567914509258194
7 5 7 3 -1  0.6561
16046640338685247869
4 3 5 1 -1  -0.531441
16046787702262865902
3 6 4 7 -1  -0.0250315
16046919521979452019
5 2 4 2 -1  0.0523347
16046927634790146402
7 2 4 5 -1  0.531441
16046961792377474037
4 7 5 5 -1  0.205891
16047035092894423092
2 2 1 1 -1  0.282429
16047093023957932507
5 4 6 3 -1  -0.38742
16047188903845732018
6 7 4 7 -1  0.6561
16047204472566347852
7 7 7 3 -1  -0.00179701
16047289130417777545
6 6 4 6 -1  -0.121577
16047508598172122861
5 2 4 3 -1  0.098477
16047530989050422443
7 5 7 4 -1  -0.430467
16047586497811133548
5 5 5 6 -1  0.205891
16047813317072276508
5 6 3 5 -1  0.531441
16048104399229382976
6 4 4 4 -1  0.0423911
16048105159943919306
1 1 0 1 -1  0.6561
16048178498007339259
3 3 5 2 -1  -0.0147809
16048315828846212004
3 6 3 3 -1  0.59049
16048334317124628335
7 6 7 7 -1  0.81
16048699320150802373
3 4 2 4 -1  0.121577
16048757312254032475
6 0 4 2 -1  0.0797664
16048888388278707343
5 5 6 3 -1  0.254186
16049006717340419377
4 4 4 5 -1  0.59049
16049010733870951406
5 6 4 4 -1  -0.59049
16049057716366543440
4 4 3 3 -1  0.0797664
16049109352050197651
7 3 5 1 -1  0.531441
16049130817922332488
7 7 6 7 -1  0.6561
16049317456575024927
6 1 4 1 -1  0.254186
16049624508758208869
3 0 6 0 -1  0.038152
16049706786873484240
6 3 4 4 -1  0.166772
16050150489753303969
6 5 6 4 -1  0.0523347
16050435431752565697
4 3 3 5 -1  -0.205891
16050521279411575947
5 0 4 0 -1  0.00304325
16050782596072408219
6 1 5 1 -1  0.282429
16050805776208254529
6 7 3 7 -1  0.531441
16050859774433293676
7 6 5 5 -1  0.0278128
16051321329652664242
7 2 2 2 -1  0.531441
16051335555559097957
6 1 5 0 -1  0.00636268
16051841486658434306
4 2 3 3 -1  -0.0581497
16051843091156803397
0 2 3 2 -1  -0.0717897
16051935173711417327
4 4 2 5 -1  -0.478297
16052263131080522523
6 5 5 5 -1  -0.531441
16052297984418862721
7 5 6 4 -1  0.0202755
16052572768339398971
7 4 5 2 -1  0.0250315
16052652156631576271
7 5 7 2 -1  0.00221853
16052852094502171575
7 2 4 2 -1  -0.38742
16052984581481459803
7 4 7 6 -1  0.0284096
16053029115918268603
4 2 3 2 -1  0.185302
16053227813271716047
6 3 5 1 -1  0.81
16053292058610131342
3 7 5 5 -1  0.00785516
16053385367038394810
4 3 5 4 -1  1
16053754628668964588
4 4 3 4 -1  0.729
16054080231651355740
6 3 5 2 -1  0.0886293
16054206125015788644
5 2 3 3 -1  0.0164232
16054368877138928093
5 1 4 1 -1  -0.729
16054723093713452108
4 5 4 7 -1  0.166772
16054737651324941226
0 0 0 3 -1  0.0886293
16054768329712332978
4 1 4 2 -1  -0.729
16055013309218013445
6 6 5 5 -1  0.0227207
16055032643026025722
7 4 7 2 -1  0.282429
16055033653424699232
3 5 2 6 -1  -0.00463839
16055150474862011737
7 1 6 3 -1  0.121577
16055165028966925673
4 3 4 4 -1  -0.0646108
16055169190458683865
6 1 3 1 -1  -0.0250315
16055389001775653499
7 3 6 2 -1  -0.00969773
16055458744706623026
7 4 7 5 -1  0.282429
16055604603979177161
5 2 6 3 -1  -0.348678
16055787818219270153
3 4 4 6 -1  0.478297
16056176728461999541
7 3 5 5 -1  0.00199668
16056411096330751925
4 3 3 2 -1  -0.0107125
6 2 5 2 -1  0.00218904
6 4 5 4 -1  0.00148956
16056441286293116101
5 4 3 2 -1  -0.00246503
16056464985412625086
6 4 5 4 -1  -0.0133028
16056575896425249865
7 3 6 4 -1  0.0343368
16056727572593309047
6 4 5 4 -1  0.0225284
7 2 4 5 -1  0.0436597
16056903606009586845
7 1 7 0 -1  -0.31381
16056952500818605433
4 4 4 3 -1  -0.38742
16056958308691674416
2 4 5 4 -1  0.185302
16056998247258482436
5 4 4 3 -1  -0.254186
16057018671694377048
5 1 4 2 -1  0.185302
16057029337923788175
7 5 6 4 -1  0.135085
16057103278348205587
5 4 6 5 -1  0.0309031
16057270011084081244
7 6 5 5 -1  0.018248
16057311477239344857
5 5 4 4 -1  0.348678
16057350033866647249
5 4 4 4 -1  0.0107753
16057657923617007909
7 6 6 6 -1  -0.00199668
16058055105474135718
6 6 5 6 -1  0.31381
16058296598928013079
4 4 6 6 -1  -0.59049
16058315027392547115
5 1 5 0 -1  0.0523347
16058600967892547881
7 7 7 1 -1  9.12031e-07
16058750111236421219
7 3 7 5 -1  0.348678
16058861367615352770
7 6 5 5 -1  -0.0164232
16058871762610350802
7 5 6 6 -1  0.228768
16059072615392502516
6 6 4 6 -1  0.228768
16059305426204833513
3 0 2 2 -1  -0.31381
16059848969792065438
6 5 4 5 -1  0.0581497
16059890461912945019
3 4 5 6 -1  0.000859503
16059908495218915546
6 3 5 4 -1  -0.254186
16060232552187763016
7 5 3 1 -1  -0.109419
16060240689048845869
6 4 6 3 -1  -0.531441
16060251887276890593
4 2 3 3 -1  -0.282429
16060833908214166130
0 2 0 3 -1  -0.282429
16060859560787759338
7 1 5 2 -1  -0.0237356
16060860493116442511
6 4 6 1 -1  -0.228768
16060978123492996016
5 2 6 4 -1  0.478297
16061082621512557846
6 4 7 3 -1  0.166772
16061121388377871320
5 5 6 4 -1  0.00117902
16061127394161554912
2 1 5 1 -1  -0.282429
16061261533139798695
1 7 2 7 -1  -0.00463839
16061305769147053066
6 5 5 6 -1  0.00572641
16061329058719705582
3 1 3 3 -1  0.0343368
16061528020703227059
7 3 7 2 -1  0.185302
16061554599484222047
5 3 4 5 -1  0.31381
16061766072796188745
6 5 5 5 -1  -0.81
16062085329499959192
7 5 7 4 -1  0.0646108
16062088868968764725
7 4 7 5 -1  -0.0250315
16062201812744009725
4 5 2 7 -1  0.59049
16062223984738838266
7 1 6 2 -1  0.478297
16062390687985701680
7 5 7 4 -1  -0.0797664
16062616718579437229
3 5 2 6 -1  0.0471013
16062830404314647301
4 6 3 4 -1  -0.0343368
16062952546076040163
7 3 4 6 -1  -0.150095
16063010221977672873
7 1 1 1 -1  0.430467
16063111895103510242
7 0 6 0 -1  0.0343368
16063246227329465006
3 3 5 5 -1  -0.729
16063251940530092730
6 1 4 3 -1  0.59049
16063328173876383874
2 1 1 1 -1  -1
16063416322043897756
4 3 6 4 -1  -0.098477
16063472962119189960
5 3 7 5 -1  -0.166772
16063719214992318183
5 5 1 5 -1  0.31381
16063750395909939709
6 7 5 7 -1  0.348678
16064150032769067638
5 5 5 4 -1  0.478297
16064254494530363850
5 6 4 6 -1  0.205891
16064415684799831499
1 6 0 5 -1  -0.0343368
16064671016414956860
5 6 5 5 -1  -0.478297
16064802612733464722
3 5 5 6 -1  0.0278128
16064877765195362137
5 6 4 5 -1  0.0343368
16065172503184258781
4 5 2 3 -1  0.0797664
16065208584050650074
3 4 3 6 -1  -0.0225284
16065325723474062108
4 5 5 6 -1  -0.38742
16065357208325957927
6 7 6 6 -1  0.81
16065532132122134105
5 6 3 5 -1  -0.228768
16065866947295245261
7 5 6 6 -1  0.228768
16066058839547641729
3 5 0 5 -1  -1
16066323298124619817
3 6 4 4 -1  -1
16066340914295104426
7 5 7 4 -1  -0.109419
16067176838353161487
3 2 4 3 -1  -0.31381
16067205388139446287
5 3 4 3 -1  0.00636268
16067291632443920322
4 2 2 1 -1  0.00636268
16067765661166826810
5 5 3 4 -1  -0.430467
16067774962984632492
2 7 4 7 -1  -0.0423911
16068486931339906375
6 3 5 5 -1  0.31381
16068505324720392619
6 6 4 6 -1  -0.729
16068717832387140043
7 7 6 7 -1  -0.00572641
16068892490952896945
3 3 3 1 -1  -0.31381
16068989327543600340
4 2 3 3 -1  0.729
16069080189662461883
6 4 5 5 -1  0.0309031
16069243596651908558
6 5 7 6 -1  0.0250315
16069422378478109393
3 6 2 4 -1  -0.38742
16069536398059408520
6 5 7 5 -1  -1
16069835952948760215
4 3 5 1 -1  0.0797664
16069885686421369795
7 6 7 7 -1  -0.00246503
16069917434660613170
4 5 3 5 -1  -0.0278128
16070013294138236613
1 0 1 2 -1  0.0797664
16070034316173319063
6 3 7 1 -1  0.31381
16070573014493049051
7 2 6 1 -1  -0.0250315
16070684517516170744
6 6 4 4 -1  -0.0309031
16070819925788996903
7 3 7 0 -1  -0.185302
16071121820913072102
7 6 7 7 -1  -0.150095
16071122459725634240
7 4 7 3 -1  0.00145558
16071148437778012024
1 1 1 2 -1  0.150928
16071443660863011443
5 6 4 6 -1  -0.150095
16071496775621626489
4 6 3 6 -1  0.478297
16071531468602111069
7 6 5 5 -1  -0.00636268
16071696914527313379
6 5 5 5 -1  0.018248
16071824676584871209
6 7 5 7 -1  -0.0581497
16072039682018656906
6 3 5 1 -1  0.430467
16072332618070289795
7 7 7 6 -1  0.729
16072550710655949480
7 3 0 3 -1  -0.0797664
16072562244923460126
7 1 6 3 -1  0.0581497
16072605174281871835
7 4 4 4 -1  -0.0523347
16072636034652941253
3 1 4 1 -1  0.59049
16072706801493027137
6 3 4 3 -1  0.00130606
16072749529378011356
6 6 5 7 -1  0.6561
16073023500625836454
3 2 2 3 -1  -0.38742
16073038988019984136
6 7 5 7 -1  -0.098477
16073051702665821583
7 6 2 6 -1  0.38742
16073071177229010452
3 3 4 5 -1  0.00515377
16073467517316422554
4 6 5 5 -1  0.282429
16073498198932154113
7 1 7 0 -1  0.59049
16073590649037591773
7 2 3 6 -1  0.0581497
16073663130156699243
2 4 3 5 -1  0.430467
16073926631506065994
6 3 5 1 -1  0.0797664
16073949804754224352
4 7 5 7 -1  0.185302
16074356763254284423
7 3 6 2 -1  0.228768
16074495043868490544
7 5 6 6 -1  -0.150095
16074810429530608460
4 3 3 1 -1  0.0133028
16074897465713637587
7 3 7 4 -1  0.38742
16074945200259605841
4 7 3 7 -1  -0.109419
16075050165781750200
4 4 3 4 -1  0.0717897
16075374896514912745
7 6 7 5 -1  0.38742
16075439142343164423
5 5 1 1 -1  0.0886293
16075715983932269068
2 2 4 0 -1  0.205891
16075904352801112223
7 4 6 3 -1  0.0717897
16075958639140850561
6 0 5 0 -1  0.254186
16075966843939827763
7 5 5 7 -1  0.185302
16076559255479539337
7 2 7 1 -1  0.9
16076698759429958710
5 2 3 3 -1  0.098477
16076699581857504962
1 4 2 4 -1  -0.9
16076757207771080193
4 5 6 4 -1  0.038152
16076760292295620386
6 6 5 6 -1  -0.0423911
16077457436612730624
3 3 5 1 -1  -0.00636268
