16503714665181818520
3 6 4 6 -1  0.478297
16503748025235982219
4 2 3 3 -1  0.0147809
16504091683582384922
4 5 3 6 -1  -0.348678
16504384225039676733
4 0 3 0 -1  0.348678
16504393338088656189
7 1 7 2 -1  0.81
16504411668221736012
3 2 1 1 -1  -0.531441
16504455953521246215
5 4 4 3 -1  -0.0119725
16504488365436148863
6 0 4 0 -1  -0.00969773
16504489362513063712
7 4 6 3 -1  0.205891
16504579501094484221
7 6 5 6 -1  -0.00785516
16504866573899619223
7 6 6 6 -1  -0.254186
16504887386568046106
5 5 3 4 -1  -0.254186
16504984309093026724
5 4 0 4 -1  -0.81
16505018875523969064
5 5 6 6 -1  0.9
16505077814194906183
7 1 5 1 -1  0.0581497
16505089854676513751
4 6 3 5 -1  0.109419
16505109539041505146
6 0 4 0 -1  -0.018248
16505503987758878151
6 2 6 4 -1  -0.31381
16505693072634830387
5 5 4 3 -1  -0.9
16505805248636856807
0 6 1 6 -1  -0.135085
16505926319677157913
6 6 4 6 -1  -0.205891
16505934843491158779
6 4 4 4 -1  -0.0328768
16505992285096808808
7 4 7 6 -1  0.01123
16506178562367726849
5 2 2 5 -1  -0.018248
16506371596302693562
6 6 5 6 -1  0.0202755
16506424143311801141
7 3 6 2 -1  -0.00969773
16506502478373131542
6 5 5 5 -1  0.0343368
16506600346304118278
5 4 4 6 -1  0.150095
16506666215142500171
2 4 3 5 -1  0.81
16506677908041392492
5 6 1 6 -1  -0.38742
16506686938175942140
6 3 4 4 -1  -0.348678
16506966116810289451
5 3 6 4 -1  0.31381
16507109010373600192
4 7 5 5 -1  -0.00417455
16507160292191956361
7 4 3 4 -1  0.31381
16507607372935448989
5 4 4 3 -1  0.109419
16507726515547650701
6 4 4 4 -1  0.0278128
16507786400692469396
3 2 3 1 -1  0.478297
16507831062689845359
5 3 4 2 -1  0.531441
16507961430039927695
5 5 6 3 -1  0.0886293
16508074318715315081
4 2 3 2 -1  0.150095
16508290405359607560
3 2 4 4 -1  -0.0523347
16508384664353040508
6 1 6 2 -1  0.0423911
16508821987184311981
7 4 7 6 -1  0.150095
16508856294830567980
6 6 5 5 -1  0.0886293
16508970538807391015
7 2 4 5 -1  -0.228768
16509011975806236452
7 0 5 0 -1  0.282429
16509037753760544667
5 1 4 1 -1  0.430467
16509295144903917860
5 6 4 7 -1  0.478297
16509401168978249742
6 5 6 3 -1  0.109419
16509495639551996030
4 4 2 6 -1  -0.00131002
16509562872181632172
3 3 1 4 -1  0.81
16509736665037121109
7 4 1 4 -1  0.0646108
16509755730542720484
4 7 3 6 -1  0.228768
16509848350038592138
3 6 4 6 -1  -1
16509917816720737093
4 4 3 6 -1  0.150095
16510138315470982008
7 5 7 3 -1  0.0523347
16510166537811807020
3 5 1 7 -1  -0.6561
16510266650834844747
6 7 5 7 -1  0.38742
16510310418467861099
5 1 5 3 -1  -0.6561
16510924344166216429
5 4 4 5 -1  0.205891
16511013847063403202
6 3 5 3 -1  -0.00304325
16511425840862800825
1 7 2 7 -1  0.150095
16511775992409238641
4 7 3 7 -1  -0.59049
16511920799247826890
5 2 4 2 -1  -0.0797664
16511963566235090866
6 6 5 5 -1  0.6561
16511973285835836520
4 4 3 4 -1  -0.81
16512231742098289061
4 5 3 4 -1  -0.166772
16512586264883773230
4 5 3 4 -1  -0.00515377
16512698924469365728
6 2 4 2 -1  0.0278128
16512802734031422479
4 4 6 2 -1  0.38742
16512913119819478468
7 6 6 4 -1  0.254186
16513132713120476601
7 3 5 5 -1  -0.0581497
16513232230833482937
5 5 4 3 -1  -0.121577
16513271611890045017
3 7 2 7 -1  -1
16513339656962419772
2 2 1 2 -1  -0.38742
16513442102602296807
6 4 5 3 -1  -0.00785516
16513545491357381845
5 2 4 3 -1  0.478297
16513570162240814424
5 0 3 2 -1  0.0147809
16513685202098979341
5 4 4 3 -1  -0.0309031
16513858476406446794
6 4 3 1 -1  -0.150095
16513943847273993022
7 5 4 5 -1  0.478297
16514137542056555780
6 1 4 1 -1  -0.9
16514354784093821707
7 4 2 4 -1  0.282429
16514865544392414509
7 4 7 3 -1  0.59049
16515210375833378666
6 3 0 3 -1  0.150095
16515222763467782760
6 4 5 4 -1  0.0234916
7 1 6 3 -1  0.0265803
16515674973544033834
4 3 3 5 -1  0.228768
16516088723591964976
5 6 4 6 -1  -0.121577
16516144661188442143
4 4 3 5 -1  -0.00515377
16516183849098415117
3 4 1 3 -1  -0.0164232
16516653566658212404
7 5 4 5 -1  0.282429
16516840513562940531
6 4 6 2 -1  0.348678
16516892053836295807
5 0 5 3 -1  0.205891
16516988713441477669
5 4 4 4 -1  0.0164232
16517237051222647567
4 6 3 5 -1  -0.205891
16517310557436040852
7 5 7 4 -1  0.282429
16517320045409468764
6 1 5 0 -1  0.254186
16517565828946011894
6 1 7 0 -1  0.31381
16517659496034473680
7 6 6 5 -1  -0.185302
16518000073727372868
4 5 3 3 -1  -0.018248
16518029056112456386
6 3 7 2 -1  0.000159268
16518430451040593841
7 5 6 4 -1  0.109419
16518453804958980367
5 5 4 5 -1  -0.185302
16518590159313128014
3 6 2 5 -1  0.0119725
16518890958291687392
5 5 6 3 -1  0.729
16518977013107834550
3 1 2 2 -1  0.430467
16519056362404213914
5 6 4 5 -1  0.098477
16519232469383671162
4 5 3 4 -1  -0.098477
16519265808286288933
7 5 5 4 -1  0.0523347
16519282667400397832
0 2 4 2 -1  0.6561
16519309573890144290
4 2 3 2 -1  -0.81
16519331463815940042
2 4 4 5 -1  -0.0886293
16519377376602874240
4 2 0 2 -1  0.135085
16519483418630013140
7 3 5 5 -1  0.59049
16519705682100547063
7 4 7 2 -1  0.31381
16519771942820175224
7 7 6 7 -1  0.81
16519925387320928339
7 3 3 3 -1  -0.0147809
16519978307531594914
4 0 5 2 -1  0.000269721
16520000730298221073
3 0 3 5 -1  0.59049
16520077960786513410
5 0 6 0 -1  -0.38742
16520312567478551781
4 3 5 3 -1  -0.282429
16520429067651371105
5 5 0 5 -1  0.478297
16520437976689223921
6 3 6 4 -1  0.205891
16520536747863316975
4 3 5 1 -1  -0.0164232
16520697846602280838
5 4 4 4 -1  -0.205891
16520704002427017346
7 6 6 7 -1  0.6561
16520719552071589676
3 7 5 5 -1  -0.282429
16520793798531414733
5 1 4 3 -1  0.531441
16520920742022616728
7 7 7 6 -1  -0.430467
16521036810621490317
5 5 5 7 -1  -0.0886293
16521093740842414097
6 1 3 4 -1  0.00515377
16521319189299853367
6 1 5 1 -1  -0.348678
16521580642154282517
7 4 5 4 -1  0.6561
16521608777276365531
5 5 3 4 -1  0.38742
16521686218952110182
6 4 5 3 -1  -0.150095
16522097288098704775
6 6 6 3 -1  0.38742
16522138912556559429
7 5 7 2 -1  0.00304325
16522429335083212499
4 3 2 2 -1  -0.81
16522433462902345429
3 5 3 7 -1  -0.9
16522508988078828404
7 4 7 5 -1  -0.121577
16522514068842772193
5 1 5 0 -1  0.0581497
16522547773582615761
7 2 6 1 -1  0.00338139
16522647498758374185
6 3 4 2 -1  0.018248
16522765184131423913
3 4 2 3 -1  0.185302
16522879164595224284
5 0 4 1 -1  -0.00515377
16522882711158434685
3 2 1 2 -1  -0.478297
16523178869955318517
7 4 6 4 -1  -0.282429
16523267778305242339
1 0 0 0 -1  -1
16523384324968395122
7 2 7 3 -1  0.0250315
16523410810465089460
7 3 7 2 -1  -0.109419
16523466738029875189
7 3 6 4 -1  0.00872795
16523585067181331595
4 2 5 3 -1  0.00515377
16523628301314870359
4 5 4 4 -1  -0.430467
16523658234303953731
3 6 4 7 -1  0.0717897
16523812495367829825
7 7 6 6 -1  0.0423911
16523922444522381010
4 3 3 4 -1  -0.0278128
16523964244260284977
6 3 4 3 -1  0.9
16523985403094010820
7 2 3 6 -1  0.38742
16524030539634466899
4 0 5 0 -1  0.0278128
16524098836067071299
3 4 2 4 -1  0.81
16524221778965840449
4 6 1 3 -1  0.0886293
16524271415261176484
5 1 6 0 -1  0.121577
16524295737443194093
6 4 5 4 -1  0.59049
16524555548771593572
6 7 4 7 -1  0.00145558
16524755130188895106
7 5 5 7 -1  0.0343368
16524786358423588420
6 6 5 6 -1  0.135085
16524857685180783470
7 5 7 4 -1  0.121577
16524925613106143243
6 1 4 1 -1  -0.185302
16525013201963079740
6 1 5 2 -1  -0.0343368
16525040751688434318
3 5 4 4 -1  -1
16525197339401336551
7 2 6 1 -1  -0.00872795
16525427025868659494
4 6 4 7 -1  0.0886293
16525591351040621960
6 7 5 7 -1  0.282429
16525669333774141467
6 1 3 4 -1  -0.0202755
16525957759357020637
7 4 7 5 -1  -0.228768
16526345850383162106
7 5 6 4 -1  0.0470586
16526440129342310688
7 6 5 5 -1  -0.0147809
16526565614016129841
1 2 1 5 -1  0.205891
16526574938816891932
7 1 5 2 -1  0.0309031
16526743010535890950
5 2 3 3 -1  0.00304325
16527100594822807588
4 3 3 4 -1  0.38742
16527225809273110929
3 2 2 2 -1  -0.282429
16527750470207381737
7 4 7 6 -1  0.00230951
16528036649623649987
2 6 1 7 -1  0.185302
16528193199298814693
4 4 3 5 -1  -0.121577
16528399269627766547
3 4 0 4 -1  -0.150095
16528515034769254845
5 2 2 2 -1  0.0225284
16529458033930635905
3 5 3 6 -1  -0.729
16529486567239144403
7 6 6 6 -1  0.9
16529710241218392494
5 0 4 0 -1  0.0717897
16529857355816292079
6 0 7 1 -1  0.00872795
16530334297935167933
3 1 5 2 -1  0.59049
16530463611936913901
7 6 6 5 -1  0.9
16530582533142628798
4 2 4 1 -1  0.0147809
16530604209186378259
5 5 6 3 -1  -0.00785516
16530732978462494544
5 1 4 3 -1  -0.0250315
16530771821131886494
3 3 2 4 -1  -0.0037571
16531005308965868469
7 0 7 1 -1  0.0343368
16531010916344174081
4 4 3 5 -1  -0.531441
16531137307016297532
7 4 5 2 -1  0.166772
16531195754330616663
6 2 5 2 -1  0.0471013
16531282208865527415
5 7 4 7 -1  0.478297
16531311657917686841
5 2 3 1 -1  -0.000332989
16531330807485847462
5 3 4 4 -1  0.430467
16531342727194447268
6 3 7 5 -1  -0.0886293
16531639659791621511
5 0 2 3 -1  0.31381
16532330550480880004
5 3 4 3 -1  -0.430467
16532600555456662251
0 7 4 7 -1  0.121577
16532838339559893823
7 1 5 2 -1  0.0423911
16533032125183428775
7 5 6 3 -1  0.31381
16533448816004424059
7 4 7 5 -1  -0.150095
16533872552331261126
7 6 6 5 -1  -0.135085
16534083291402448410
7 3 7 2 -1  -0.254186
16534177889534049347
5 1 6 2 -1  0.00217739
16534307809129011178
3 0 1 2 -1  -0.6561
16534330383859643510
7 3 7 2 -1  0.0278128
16534427825459322613
4 5 5 4 -1  0.254186
16534448683727659161
4 2 1 2 -1  0.098477
16534783668124826735
6 4 5 5 -1  -0.121577
16534973102540597945
4 2 6 2 -1  -0.0309031
16535146889360493002
6 4 4 2 -1  -0.0523347
16535358861545787510
4 0 4 5 -1  0.0471013
16535415845458848282
2 2 3 4 -1  -0.38742
16535474485111100600
7 5 7 4 -1  0.0343368
16535536568153937821
7 2 6 1 -1  0.121577
16535610419097473079
6 1 4 1 -1  0.098477
16535661963208864693
3 4 1 3 -1  0.038152
7 3 6 3 -1  0.0343368
16535956230822737027
3 6 4 7 -1  -0.000269721
16536062990528852375
7 3 7 2 -1  -0.0107753
16536211733469795720
7 0 5 0 -1  0.121577
16536288573384782723
7 3 7 2 -1  0.531441
16536523148775507142
6 4 6 2 -1  0.018248
16536782481989722370
7 3 5 3 -1  0.0225284
16536969330516008417
0 0 5 0 -1  0.0886293
16537196419728496016
4 4 3 5 -1  0.430467
16537528705826751717
7 5 7 3 -1  0.0797664
16537635137372700153
6 6 5 6 -1  -0.0106755
16537686854978436640
5 4 4 4 -1  0.282429
16537688892020744868
7 5 6 5 -1  0.098477
16537955974266172079
7 5 4 2 -1  0.185302
16538134142056299539
7 6 7 1 -1  -0.31381
16538279963138467924
4 5 3 5 -1  -0.0589592
16538420057692283228
7 6 6 6 -1  -0.0309031
16538575924956033415
5 2 2 2 -1  -0.59049
16538592714030507541
7 5 7 4 -1  0.729
16538613366560796030
4 2 3 1 -1  0.0133028
16539070634280780020
3 1 7 5 -1  0.185302
16539144222029581921
3 6 2 6 -1  0.0278128
16539262925638490302
5 3 4 4 -1  0.0343368
16539300722410342271
7 5 6 5 -1  0.0886293
16539305428121326700
7 2 6 2 -1  0.00785516
16539416180736256680
6 0 5 0 -1  0.0523347
16539633048916608677
7 4 4 4 -1  -0.0278128
16539675219234622742
4 2 2 3 -1  0.531441
16539698656114182240
5 4 4 3 -1  -0.6561
16539739379207971061
5 6 4 5 -1  0.00161731
16539751117823878756
5 5 4 5 -1  -0.0581497
16539764157977918420
6 0 5 1 -1  0.6561
16540018454273064377
7 1 1 1 -1  0.282429
16540118284381985925
7 3 4 3 -1  -0.0225284
16540129809653163222
7 3 1 3 -1  0.098477
16540372650690262092
7 1 6 3 -1  -0.0797664
16540556001550660258
3 1 6 4 -1  0.729
16540639364339772197
5 3 4 2 -1  0.0581497
16540650702079149964
7 0 7 1 -1  -0.0309031
16541089492674020859
6 6 5 7 -1  -0.150095
16541152319549322252
6 5 5 4 -1  0.282429
16541253564877040043
6 7 5 7 -1  0.135085
16541538027563727736
7 2 6 1 -1  -0.00131002
16541734069481762028
7 5 6 4 -1  -0.0797664
16541803890668264350
7 4 6 4 -1  0.098477
16541878899725612272
4 6 3 6 -1  0.00131002
16541905514056499936
0 5 3 2 -1  -0.9
16541982152987595739
6 4 5 6 -1  0.0250315
16542018071183970503
7 5 0 5 -1  -0.6561
16542117564334923971
5 3 5 4 -1  0.00417455
16542283974799920170
7 5 6 3 -1  -0.018248
16542555236591345409
6 7 5 7 -1  -0.166772
16542582686406663707
6 5 6 3 -1  0.0717897
16542918950042164784
2 0 1 0 -1  -0.348678
16543346100873092910
6 4 7 2 -1  0.0309031
16543465284174136845
3 7 2 7 -1  -0.348678
16543576388818420007
6 4 4 2 -1  0.0797664
16543670373959796233
7 6 6 6 -1  0.0202755
16543791941343390735
6 2 4 2 -1  7.61772e-05
7 1 5 2 -1  0.0151102
16544073639800533385
6 1 5 2 -1  -0.135085
16544200587347599781
6 7 6 6 -1  0.81
16544554214936062266
7 4 7 6 -1  0.0646108
16544570273430700782
7 4 1 4 -1  0.729
16544596273599757114
3 3 2 2 -1  0.6561
16544723265576908013
5 2 4 0 -1  -0.0250315
16544983306688336670
7 5 3 1 -1  0.0423911
16545022627744351319
7 4 7 6 -1  -0.0343368
16545023696260607980
3 1 1 1 -1  0.135085
16545050291077554659
6 5 4 5 -1  0.185302
16545468431098732932
4 3 3 4 -1  0.0225284
16545531421506910245
4 2 1 5 -1  0.205891
16545633576279434367
6 7 5 6 -1  0.0133028
16545650596283677709
1 1 3 2 -1  0.6561
16546503414876575625
6 5 5 5 -1  0.31381
16546530916373016864
5 0 5 4 -1  0.185302
16546594732387406605
5 4 4 4 -1  0.0174412
6 2 4 2 -1  0.00568935
16546718303427855054
7 4 7 1 -1  0.0471013
16547060783089667746
3 5 3 1 -1  0.098477
16547201430552603221
6 0 5 0 -1  -0.0037571
16547206795608476224
2 2 0 1 -1  -0.729
16547380772333149211
7 0 7 6 -1  0.0581497
16547456060830899921
7 4 6 5 -1  -0.0202755
16547552233507447787
6 2 5 2 -1  0.254186
16547704671728774389
7 3 5 1 -1  0.00161731
16547758159252154991
4 2 3 2 -1  0.135085
16547762460103107236
7 2 6 1 -1  0.0243769
16547769069115740918
7 1 5 2 -1  -0.0164232
16547896738267403617
6 3 5 3 -1  -0.348678
16547923137587846815
6 2 5 3 -1  0.729
16547924532320749877
1 5 2 4 -1  -0.348678
16548023364317056467
3 1 4 3 -1  -0.0119725
16548155049855033697
4 4 2 5 -1  0.121577
16548209673964069395
7 4 4 4 -1  0.729
16548672046063010345
4 2 3 3 -1  0.185302
16548687104055235841
6 3 3 0 -1  0.0646108
16548985209374749259
7 2 2 2 -1  0.0646108
16549070608551646759
5 5 5 7 -1  0.0886293
16549097595537571496
4 0 3 0 -1  -0.0225284
16549132164744247610
5 2 4 3 -1  0.0250315
16549144917742023479
2 1 3 2 -1  -0.6561
16549282648345777805
7 2 5 4 -1  0.0119725
16549359828004124496
6 5 5 6 -1  0.018248
16549396748914672266
6 7 4 7 -1  -0.254186
16549435397716305767
6 1 4 1 -1  -0.185302
16549483931828721715
6 4 5 3 -1  0.0343368
7 2 3 6 -1  0.0343368
7 6 5 5 -1  0.00509176
16549649770511882291
6 2 4 0 -1  0.166772
16549717500554515886
3 6 7 6 -1  0.0581497
16549747788109066376
6 3 6 2 -1  0.254186
16549997371538443425
6 0 7 1 -1  0.282429
16550017929130253566
5 7 4 7 -1  -0.0202755
16550124306882482251
4 2 3 2 -1  -0.0797664
16550181197143330265
7 4 5 5 -1  0.00785516
16550201999713811845
4 2 3 4 -1  0.348678
16550251559351013245
4 1 3 0 -1  0.478297
16550272696107149805
4 2 3 3 -1  -0.282429
16550289878831706529
1 0 3 2 -1  0.81
16550387127293645207
6 0 5 0 -1  0.185302
16550459302355754062
5 5 4 7 -1  -0.0225284
16550687217254362381
7 2 1 2 -1  0.59049
16550734945603253809
5 3 3 1 -1  0.430467
16550812981868967404
4 1 3 1 -1  0.150095
16551016504874439876
6 4 7 5 -1  0.9
16551022279612736795
0 7 7 0 -1  0.59049
16551105178593305415
6 6 5 5 -1  0.348678
16551285807958585055
5 0 5 3 -1  0.0343368
16551420582387326497
7 5 7 6 -1  0.348678
16551675528032169872
7 6 7 7 -1  0.729
16551804192731433266
0 0 2 0 -1  0.0119725
16551854308530801378
7 3 7 0 -1  -0.282429
16551900516122784739
7 0 7 5 -1  0.6561
16551952249308585479
2 6 1 5 -1  0.0717897
16552004034689814608
0 2 3 5 -1  -0.166772
5 6 5 7 -1  -0.135085
16552093071585788972
6 1 4 1 -1  -0.038152
16552251112343085005
6 3 3 3 -1  -0.81
16552347276582869399
7 0 7 1 -1  0.228768
16552402507258456317
7 7 7 6 -1  -0.729
16552431897792175558
7 4 6 3 -1  -0.0523347
16553082424270373526
5 2 4 3 -1  0.00872795
16553104383848813557
6 2 3 5 -1  0.0797664
16553213820551484407
4 6 4 1 -1  0.121577
16553247728547180768
6 7 5 7 -1  0.00969773
16553432860123884103
7 0 7 7 -1  0.9
16553517065387025420
4 4 6 6 -1  0.729
16553582690261167729
6 4 4 2 -1  0.0646108
16553584877876351258
6 4 3 1 -1  -0.0133028
16553717455061805189
6 4 5 5 -1  0.228768
16553779559536920844
5 4 4 5 -1  -0.150095
16553888700283564016
6 4 6 3 -1  0.228768
16553960863933912314
7 2 4 5 -1  -0.205891
16554249985198829806
3 5 1 5 -1  0.0886293
16554304812610184960
4 1 1 1 -1  0.430467
16554478367738246719
5 2 3 3 -1  0.00338139
6 0 4 0 -1  0.0343368
16554608800920341543
7 2 4 5 -1  0.0309031
16554674463922218967
7 5 7 2 -1  -4.99798e-05
16554700311264378872
6 2 4 2 -1  0.000496962
6 4 5 4 -1  0.00246503
7 2 4 5 -1  -0.00143693
16554724402020184673
6 5 5 4 -1  0.0471013
16554866744407321743
7 3 6 4 -1  0.185302
16554960241393725749
0 3 4 3 -1  0.31381
16555287239582589595
3 1 1 2 -1  0.0133028
16555343069097132412
6 6 4 6 -1  -0.531441
16555391380216798458
6 6 7 6 -1  0.018248
16555498689467150302
6 7 4 7 -1  0.0581497
16555545028454912943
6 3 5 1 -1  0.109419
16555635535564389184
2 2 3 4 -1  0.00969773
16555758463519188886
5 4 4 5 -1  0.205891
16556062488428219993
2 2 4 4 -1  -0.038152
16556075721339622084
4 4 3 3 -1  0.166772
16556228981328249149
6 7 4 7 -1  0.0646108
16556430256726026025
7 7 7 2 -1  0.531441
16556495086117024022
7 4 7 0 -1  0.150095
16556550963156453335
5 5 4 5 -1  0.348678
16556639632257509564
7 5 5 3 -1  -0.0191672
16556812981016058803
5 0 4 0 -1  -0.0423911
16557116491023004438
5 4 7 4 -1  -0.018248
16557119406331196395
5 1 3 2 -1  0.0797664
16557221016767511009
6 1 5 2 -1  0.0369565
16557808106228772287
4 5 4 0 -1  -0.254186
16558641414922020656
6 3 6 4 -1  0.282429
16558762788559336830
0 6 0 5 -1  0.205891
16558962163993032829
5 5 6 6 -1  0.81
16559287192982582282
5 3 4 4 -1  0.00246503
16559491390362714842
4 2 3 3 -1  0.228768
16559652672196365636
3 6 2 5 -1  -0.430467
16559667981846761777
3 6 4 7 -1  0.121577
16559763291222548914
2 2 1 2 -1  -0.282429
16560012724778143641
7 2 6 1 -1  0.00179701
16560083595948595712
7 7 5 7 -1  0.38742
16560155777616096718
6 2 7 2 -1  0.098477
16560224359620809570
3 7 3 6 -1  -0.9
16560258976359807706
5 6 7 5 -1  0.0886293
16560827719870005522
7 5 7 3 -1  -0.205891
16561131680947304412
6 6 7 5 -1  0.0471013
16561239400224154174
5 5 0 0 -1  0.59049
16561618511201530712
5 4 7 4 -1  0.0309031
16561642225924313888
4 4 4 7 -1  0.531441
16561802428726298507
7 5 7 3 -1  0.000369988
16561856761786400579
7 1 5 1 -1  0.531441
16562113453541788102
4 5 4 2 -1  0.0581497
16562322069287279274
6 0 0 0 -1  -0.478297
16562543211188841345
7 6 6 5 -1  0.9
16562637659389583986
6 6 5 6 -1  -0.135085
16562713581685873541
7 3 5 5 -1  -0.729
16562887131631854501
7 2 6 3 -1  0.0225284
16563089858791920307
7 4 6 5 -1  0.0343368
16563147374938455881
7 3 6 3 -1  0.185302
16563559539954307868
7 5 7 4 -1  0.531441
16563658864358114659
5 6 3 6 -1  -0.205891
16563901884692120089
7 1 5 1 -1  0.185302
16564067344985352626
7 6 6 5 -1  -0.478297
16564161665847984494
4 5 5 4 -1  0.135085
16564204383186529298
5 2 4 4 -1  0.0202755
16564219888033824857
3 1 4 0 -1  0.150095
16564415326067775142
6 3 4 1 -1  -0.478297
16564428926825508505
5 0 4 0 -1  -0.254186
16564588112436986751
6 7 5 7 -1  0.0886293
16564618536910330955
6 3 7 4 -1  0.531441
16564751033271327024
4 4 3 3 -1  -0.81
16564771258803219693
7 6 5 7 -1  -0.166772
16565169256152132965
6 2 5 2 -1  0.0133028
16565340220438236759
7 6 3 6 -1  0.729
16565358877816962489
3 0 4 2 -1  0.038152
16565390588715812634
3 3 2 3 -1  -0.59049
16565401230481610024
6 4 4 3 -1  -0.121577
16565739898555210632
5 6 3 4 -1  0.000955003
16565910876259847613
4 3 5 4 -1  0.282429
16566122936953657657
5 2 6 4 -1  0.0423911
16566138600026205510
6 2 5 2 -1  -0.430467
16566557370103052404
7 3 6 2 -1  0.0250315
16566811330348941463
6 3 5 5 -1  -0.00969773
16567120885292463381
7 5 6 4 -1  0.0581497
16567156744221244988
4 5 2 3 -1  -0.098477
16567222894212733744
6 7 5 6 -1  -0.0164232
16567345214252637817
5 7 7 6 -1  0.109419
16567496142042003527
6 3 2 7 -1  0.185302
16567705891846492303
6 2 5 2 -1  -0.0523347
16568231367504548494
7 4 6 4 -1  -0.00417455
16568414400118766059
3 2 2 0 -1  0.478297
16568423674885278455
7 4 4 4 -1  -0.121577
16568458310855689987
6 4 7 5 -1  -0.038152
16568508201892892786
4 0 2 1 -1  0.729
16568662852605469812
5 4 5 2 -1  -0.00117902
16568974970859376252
5 6 3 7 -1  -0.31381
16569341860191486631
1 5 2 5 -1  -0.430467
16569396594795673350
5 4 6 5 -1  0.186331
16569403153725064457
6 3 4 2 -1  0.135085
16569663533740250730
5 4 4 5 -1  0.9
16569746409011507703
3 4 2 4 -1  0.59049
16569854025444347868
2 3 2 5 -1  0.0646108
16569931866029143141
5 5 7 4 -1  0.478297
16570178833205198487
6 3 5 5 -1  0.205891
16570986525013785149
6 6 5 6 -1  0.185302
16571049985511072810
7 1 5 1 -1  -0.0202755
16571089924415789713
3 4 5 3 -1  0.0110568
16571147777066742772
7 4 7 6 -1  -0.00161731
16571163632403338136
3 6 4 6 -1  0.38742
16571308551059288417
5 2 6 3 -1  0.109419
16571342142967349776
6 3 6 2 -1  0.59049
16571914287800445453
4 5 3 6 -1  0.81
16572110189221741466
5 2 4 2 -1  -0.00161731
16572187011520078227
6 6 5 6 -1  -0.121577
16572265647950877659
6 7 5 6 -1  -0.0646108
16572393995540176012
6 3 5 1 -1  0.0278128
16572524385852849912
7 2 5 4 -1  -0.00969773
16572690947923191106
4 0 3 1 -1  0.348678
16572770192786437494
3 1 5 3 -1  0.150095
16573094912526140933
6 3 6 4 -1  0.00706964
16573125016546032781
6 2 5 2 -1  -0.166772
16573191112002846737
5 3 4 4 -1  -0.150095
16573351350004169955
4 2 6 2 -1  0.0717897
16573473229370668196
5 0 4 0 -1  0.729
16573615003708898994
6 4 5 5 -1  0.166772
16573796026467895352
6 7 5 6 -1  -0.430467
16573840465410471934
7 0 7 2 -1  0.038152
16573935994353455436
6 6 5 6 -1  0.9
16574008784954794630
6 6 5 7 -1  0.0797664
16574035862245552906
7 3 6 2 -1  0.478297
16574038919375800044
5 3 5 5 -1  -0.121577
16574123867879561570
4 6 3 5 -1  -1
16574176659338622331
6 2 5 3 -1  -0.0164232
16574572320675777663
4 3 3 5 -1  0.81
16575057697021131657
4 0 6 0 -1  -0.00515377
16575075280690823451
7 3 6 3 -1  0.478297
16575391893815509901
7 1 7 0 -1  0.228768
16575527245698382980
7 0 7 1 -1  0.228768
16575764490448480676
6 3 5 1 -1  -0.00969773
16575775140197800235
1 1 3 3 -1  0.00221853
16575855826890304573
4 4 3 5 -1  -0.121577
16575997508614231612
6 7 5 6 -1  -0.00969773
16576085168540065191
4 1 3 1 -1  -0.59049
16576287042351264381
3 4 4 4 -1  -0.121577
16576373980878131040
4 7 3 7 -1  -0.531441
16576432322524454089
7 0 7 1 -1  0.0646108
16576756562917709921
5 0 4 1 -1  -0.430467
16576801052292164583
6 7 5 6 -1  0.0278128
16576854405825488626
5 5 7 3 -1  0.0147809
16576880958272561116
7 1 1 1 -1  0.0797664
16577034766256923240
3 1 2 0 -1  -0.0797664
16577336058739536452
6 3 5 3 -1  -0.00151531
6 4 5 4 -1  -0.0175388
16577361464437654918
4 2 3 1 -1  -0.0423911
16577386426376463472
2 2 3 1 -1  -0.9
16577403613247167092
6 0 5 0 -1  -0.430467
16577499228170005845
2 1 1 1 -1  -0.59049
16577637152357323365
7 6 7 5 -1  0.59049
16577686280524682118
5 5 6 6 -1  -0.478297
16577773151452388464
7 6 6 6 -1  0.0133028
16577809007139696203
4 5 4 4 -1  0.038152
16577908940307574965
7 1 6 3 -1  0.038152
16578086907079705825
5 5 7 4 -1  -0.038152
16578091274721904495
5 4 1 0 -1  -0.729
16578112593367050112
5 5 4 4 -1  0.0147809
16578182039843049504
3 7 5 6 -1  -0.6561
16578297489026535678
7 1 7 7 -1  0.0225284
16578330740362379536
7 6 5 6 -1  0.228768
16578528282942443815
5 0 4 0 -1  0.109419
16578532854541353666
5 1 4 2 -1  0.254186
16578671666530498490
4 6 3 6 -1  -0.0797664
16578817951492897596
5 5 3 4 -1  -0.0797664
16578945937319904492
7 0 7 2 -1  -2.95126e-05
16578995020779625585
5 5 5 7 -1  -0.531441
16579262981005089088
3 1 3 3 -1  0.729
16579356275901893686
6 0 5 1 -1  -0.348678
16579427655785796824
6 7 5 7 -1  -0.0250315
16579436216408753541
7 6 5 5 -1  0.0250315
16579478655717103858
5 6 4 6 -1  0.81
16579968384662435526
7 0 7 2 -1  -0.185302
16580506722783665582
7 2 6 3 -1  0.0581497
16580722005675292527
5 3 4 4 -1  0.166772
16580917821991218834
3 2 6 5 -1  -0.9
16581127937118893910
1 7 0 7 10  -0.9
16581198759057146197
6 2 5 2 -1  -0.0581497
16581327526344441993
6 4 5 5 -1  0.205891
16581411452560203635
6 5 7 5 -1  0.185302
16581517537350210403
5 3 1 7 -1  0.109419
16581593159071980514
7 4 6 4 -1  0.729
16581624531967161746
6 1 7 0 -1  -0.0309031
16581993321913714140
5 0 4 0 -1  0.729
16582353790557214173
7 6 6 6 -1  -0.0886293
16582355030341465479
6 4 6 1 -1  0.0523347
16582385331000642921
0 3 2 2 -1  0.81
16582408209385219281
7 1 7 6 -1  0.0717897
16582534810052832253
5 2 4 1 -1  -0.166772
16582659305283990122
7 0 7 1 -1  -0.185302
16582766989099731397
7 3 4 3 -1  -0.121577
16582817477993596037
4 7 2 6 -1  0.00273892
16582924861328791501
6 1 6 3 -1  0.0250315
16582933550829274502
7 3 5 5 -1  0.81
16582939819972144099
6 7 7 6 -1  0.729
16582956364176651871
7 2 5 4 -1  0.000196627
16583162527817008846
5 2 7 3 -1  -0.121577
16583349602712414280
6 5 5 4 -1  0.205891
16583405305272294920
2 1 1 1 -1  -0.31381
16583432987236086737
5 4 4 4 -1  0.531441
16583667986586594232
7 2 5 4 -1  0.0646108
16583715533342264049
5 2 3 0 -1  -0.59049
16583983478345785900
3 1 5 2 -1  -0.348678
16584183921446723981
5 5 6 6 -1  0.254186
16584234027667901840
5 3 3 2 -1  -0.0202755
16584533576512318764
5 6 6 5 -1  -0.729
16584788925391884984
5 5 3 4 -1  -0.282429
16584950703238618133
5 0 4 0 -1  -0.150095
16585102975180432168
6 2 5 1 -1  0.430467
16585164005231380510
1 0 4 3 -1  0.348678
16585197428537649766
6 5 5 4 -1  0.135085
16585339466349113351
6 4 6 3 -1  0.0343368
16585381747837315966
3 4 4 6 -1  -0.00785516
16585487114696393870
4 4 0 4 -1  0.31381
16585539534912201719
4 3 3 4 -1  -0.018248
16585600066273534195
1 5 2 5 -1  -0.9
16585705246756446943
6 4 4 2 -1  0.00515377
16585880099790433049
7 2 5 0 -1  -0.0797664
16585918670013490741
7 5 7 3 -1  0.282429
16586024056635593124
6 6 5 5 -1  -0.205891
16586045689957387529
7 7 7 6 -1  0.00273892
16586076738370694323
5 0 7 2 -1  -0.166772
16586132109149776575
5 7 6 7 -1  -1
16586172338682273465
7 5 7 3 -1  0.0147809
16586473911072479577
7 3 6 4 -1  0.0633859
16586584245926399655
5 6 7 5 -1  0.00572641
16586592068570533375
7 4 7 6 -1  0.0646108
16586918671052216958
5 2 4 2 -1  0.282429
16586956244961242303
6 4 6 2 -1  0.0717897
16586956293192706668
6 3 5 1 -1  0.0250315
16586993017955156991
7 5 7 3 -1  0.59049
16587217689085360896
2 0 0 0 -1  -0.31381
16587409600680875807
2 2 5 5 -1  -0.254186
16587583784621767217
4 5 6 3 -1  0.166772
16587695491772447589
3 6 2 5 -1  -0.0147809
16587873852361078966
4 2 1 5 -1  0.000696197
16588057351810126187
3 5 2 7 -1  -0.00246503
16588417131092206767
4 1 3 1 -1  0.205891
16588506588816071246
4 2 3 1 -1  0.6561
16588586523629258216
4 2 2 3 -1  -0.166772
16588759485607020943
4 1 3 1 -1  -1
16588825146196678180
1 1 1 5 -1  0.0717897
16588967160713901968
7 0 7 3 -1  0.282429
16589071222399305887
4 2 6 4 -1  0.0717897
16589077697759305052
4 4 5 5 -1  0.430467
16589750249818928720
6 4 5 2 -1  0.0886293
16589996737209164887
5 5 4 3 -1  0.0133028
16590055424064988061
4 3 3 1 -1  0.00969773
16590072283382278480
3 1 6 4 -1  0.00969773
16590265958771678682
6 1 4 3 -1  0.121577
16590306744019845615
5 1 4 1 -1  0.00785516
16590358346564053931
3 2 2 1 -1  0.0797664
16590486747589650548
5 2 4 2 -1  0.0523347
16590722768011814021
6 2 7 4 -1  -0.0250315
16590842668562753487
6 3 5 5 -1  0.00117902
16590897467502587885
7 4 6 2 -1  -0.121577
16590996615130240069
7 6 7 0 -1  0.6561
16591230864066532267
3 2 1 2 -1  0.0581497
16591266755872891110
4 7 3 7 -1  -0.531441
16591578004031308118
7 2 6 2 -1  0.0202755
16591593501781221589
5 2 4 3 -1  -0.0200089
16591799765104728654
6 4 7 5 -1  0.0250315
16591939761934257916
5 2 4 2 -1  -0.228768
16592106125110382803
4 3 3 2 -1  -0.59049
16592357579993569079
5 6 4 6 -1  0.0225284
16592405991497942950
5 5 0 0 -1  -0.31381
16592436707380136423
7 2 6 2 -1  0.150095
16592474131358807496
3 0 2 1 -1  0.38742
16592476540660461205
5 4 5 3 -1  0.348678
16592665542940015694
4 2 3 3 -1  0.00417455
16592829760621036603
5 0 4 1 -1  0.729
16592853223047914553
3 5 0 2 -1  -0.478297
16592854209065609177
1 1 0 2 -1  0.6561
16592886657164485425
4 4 3 3 -1  0.0107753
16593061049494966253
1 1 2 0 -1  0.0107753
16593169624640515689
4 6 3 5 -1  0.729
16593269883239289726
5 4 7 2 -1  0.348678
16593393782755074292
7 5 5 4 -1  -0.0886293
16593422926688546973
4 3 4 4 -1  0.31381
16593470665332699620
5 5 6 7 -1  0.0343368
16593524361424640510
7 5 6 5 -1  0.531441
16593537024203895465
5 5 3 6 -1  -0.00706964
16593607033777844055
5 5 3 6 -1  -0.0523347
16593622429317068775
7 5 7 3 -1  -0.121577
16593734766587093229
4 1 3 1 -1  0.026732
16593770360766676525
5 4 4 4 -1  0.9
16594359966010335092
4 5 3 5 -1  -0.478297
16594402854244417710
7 5 7 0 -1  0.0250315
16594489365967777299
2 1 5 4 -1  0.185302
16594532150703079199
6 4 6 5 -1  0.0164232
16594561668646725993
3 2 4 3 -1  0.150095
16594599145943919612
5 6 4 5 -1  0.0646108
16594754329680544527
6 3 5 2 -1  0.0164232
16594960631553206506
7 6 7 7 -1  0.531441
16595001273061535747
1 3 0 3 10  0.81
16595305713705038799
7 5 7 2 -1  -0.135085
16595464021854867051
5 4 7 4 -1  0.0581497
16595472778244720290
6 4 7 3 -1  0.185302
16595521991918076429
6 4 6 2 -1  -0.430467
16595672559855016091
5 3 1 3 -1  -0.348678
16595967224303749515
7 5 6 4 -1  0.121577
16596002177013411584
6 4 7 3 -1  0.00706964
16596056835138236325
7 5 7 4 -1  0.109419
16596364725982792326
5 3 4 4 -1  0.81
16596368702926645545
3 0 2 0 -1  0.135085
16596431933874002904
3 1 5 1 -1  0.150095
16596604802234884547
1 3 2 4 -1  -0.00969773
16596890581217960565
7 4 7 6 -1  0.0613802
16596950745549054033
5 6 5 5 -1  0.6561
16597190757867832707
7 1 6 3 -1  0.0109873
16597280432285283197
4 3 2 2 -1  0.0119725
7 5 6 4 -1  -0.0250315
16597295894356671358
6 5 4 5 -1  0.31381
16597609180647734646
0 0 4 4 -1  -0.228768
16597891678730688997
5 4 4 5 -1  0.0278128
16597934119833328899
0 7 0 6 -1  0.00785516
16598029943651973908
6 2 5 3 -1  0.0646108
16598649428820014266
5 2 6 4 -1  0.185302
16598690738126590131
5 4 3 3 -1  0.000104495
16598936138583859584
5 3 6 4 -1  0.0471013
16599004786289001934
5 4 5 2 -1  -0.0147809
16599440640308768966
6 7 5 6 -1  0.185302
16599444493089480423
6 7 5 7 -1  -0.098477
16599459742481472514
7 1 0 1 -1  0.0886293
16599647926710459449
7 3 7 2 -1  0.135085
16599822139662812509
4 4 3 5 -1  0.185302
16599826039410068178
6 3 4 4 -1  0.150095
16599867752121947805
4 1 3 2 -1  -0.6561
16600225373269160011
3 3 2 5 -1  0.0225284
16600245994790703012
5 1 3 1 -1  0.00199668
16600271427839065717
6 4 4 3 -1  0.121577
16600371950635942998
7 0 7 5 -1  -0.109419
16600442358562922552
7 4 7 6 -1  0.0107753
16600747101107654318
7 3 6 2 -1  0.00273892
16600874421822475489
6 1 5 1 -1  0.0886293
7 1 5 2 -1  -0.0184009
16600912425180291821
7 3 7 4 -1  -0.038152
16601303717933986685
0 2 0 4 -1  0.282429
16601546457024210052
4 1 3 1 -1  0.254186
16601627468107698511
5 2 3 3 -1  0.00539547
16602102673645383275
7 5 7 4 -1  -0.0797664
16602105251485856263
6 4 6 3 -1  -0.0717897
16602377176429087994
7 3 6 2 -1  0.00515377
16602389616439797076
2 0 2 1 -1  0.430467
16602450218006056167
7 4 7 5 -1  0.729
16602510301643964276
6 6 5 6 -1  -0.348678
16602598455058065674
7 4 5 4 -1  0.0343368
16602602048929330902
6 2 4 4 -1  0.0717897
16602789141177479119
7 6 7 7 -1  0.430467
16603232257694302161
6 3 6 4 -1  0.00131002
16603275961864277690
4 2 3 2 -1  -0.81
16603338208722069229
7 2 7 1 -1  0.254186
16603498395551520235
5 3 4 2 -1  2.39052e-05
16603991729922185887
4 3 3 2 -1  -0.9
16604180634545547132
4 3 4 4 -1  -0.0603456
16604238609189417275
5 0 4 0 -1  0.0523347
16604279423111272582
7 2 6 4 -1  -0.109419
16604283232051916663
7 5 6 3 -1  0.150095
16604500912513338543
5 3 4 4 -1  0.0886293
16604504922847884917
5 2 4 4 -1  -0.00463839
16604563874521838769
6 7 4 7 -1  0.6561
16604593870052532451
5 4 4 3 -1  0.013001
16604648541448086351
5 1 4 2 -1  -0.0797664
16604853836453882786
5 4 6 4 -1  0.0646108
16604859281896134657
6 7 5 7 -1  -0.348678
16605078934768154953
7 0 7 2 -1  -0.0717897
16605324442071516704
3 2 2 2 -1  -0.6561
16605433250875625320
7 6 6 7 -1  0.0309031
16605536999766039538
7 3 6 4 -1  0.135085
16605562869704202676
7 3 5 5 -1  0.0797664
16605816725343854185
3 5 2 5 -1  -0.6561
16606069798532772651
7 5 4 5 -1  0.166772
16606223105153135888
6 7 5 7 -1  0.0423911
16606334608495102206
6 6 5 6 -1  -0.185302
16606386470079137812
7 0 1 0 -1  0.00785516
16606493442528098712
6 4 5 3 -1  0.038152
16606514087374648227
6 4 6 5 -1  0.150095
16606644729299563117
4 2 1 5 -1  0.185302
16606898856603538791
6 3 7 5 -1  -1
16606945964225281540
7 3 5 3 -1  0.228768
16607031518792780428
7 3 4 3 -1  0.0133028
16607147865466823755
2 1 1 1 -1  0.0646108
16607167966126756899
6 4 5 5 -1  0.185302
16607249422575898924
6 3 6 5 -1  0.430467
16607282586278845607
4 2 3 3 -1  0.0278128
16607402891293851068
2 5 4 5 -1  -0.0581497
2 5 4 7 -1  -0.0886293
16607416484933343341
7 2 5 4 -1  -0.31381
7 2 6 3 -1  0.038152
16607449561422651630
4 7 3 5 -1  -0.00572641
16607741204036972949
4 3 3 4 -1  -0.38742
16608207165447975449
4 3 1 3 -1  -0.6561
16608215001279046305
5 3 2 0 -1  0.38742
16608260304846558463
6 4 5 4 -1  0.00106111
16608263434031351846
4 3 6 3 -1  0.531441
16608565905488594606
7 5 7 3 -1  0.018248
16608779025684414007
6 4 5 4 -1  -0.00706964
16608855729949245654
1 0 1 5 -1  0.9
16609048717293461595
7 2 4 5 -1  0.109419
16609152210834780678
7 2 6 1 -1  0.0471013
16609308375516272673
4 4 3 4 -1  0.478297
16609481990706191463
4 3 3 2 -1  -0.015244
6 1 5 1 -1  0.0717897
6 2 4 2 -1  -0.00378819
16609624275070413790
7 3 3 3 -1  -1
16609934707798342004
5 2 4 4 -1  0.531441
16609994855626607041
6 5 5 5 -1  -0.282429
16610015722224078306
3 0 3 5 -1  -0.166772
16610061745900785341
5 5 4 3 -1  0.00056392
16610084232257612495
5 4 3 5 -1  0.0797664
16610146636473391936
6 3 5 4 -1  -0.0225284
16610202934060097624
2 3 1 3 -1  0.348678
16610221794804343452
5 5 6 3 -1  0.0797664
16610394518855372750
5 5 6 4 -1  0.0523347
16610595078507422994
4 5 3 5 -1  -0.0149344
16610641660414150180
6 4 5 2 -1  0.430467
16610904869970902716
5 6 4 4 -1  0.109419
16610933137848709662
7 1 2 1 -1  0.121577
16611201853982196541
3 0 2 1 -1  0.00145558
16611420709187509910
4 5 3 4 -1  0.0646108
16611621222999824780
5 2 3 3 -1  -0.166772
16611635972510651576
7 5 7 4 -1  0.109419
16611718932213990956
5 5 4 3 -1  -0.00969773
6 1 4 1 -1  -0.0309031
16611943543240472269
4 3 4 5 -1  -0.31381
16611960534131475500
4 3 3 3 -1  0.81
16612132539204545989
5 3 6 1 -1  -1
16612169087677166937
7 4 7 5 -1  0.109419
16612378039346245122
7 3 6 2 -1  0.254186
16612429197392008486
7 0 7 2 -1  0.205891
16612473936075698377
7 1 6 3 -1  0.0423911
16612630666565157444
6 4 4 6 -1  -0.0225284
16612633246916411015
4 4 3 3 -1  0.0886293
16612702040152393050
5 3 5 5 -1  0.121577
16612790626728338586
5 5 3 5 -1  -0.9
16612861217124770593
4 3 0 3 -1  0.6561
16612913148575458327
7 5 6 4 -1  -0.0119725
16613294842908387242
6 5 3 2 -1  0.348678
16613335036920992554
3 1 2 2 -1  -0.478297
16613646555379803737
7 4 6 4 -1  0.000176964
16613738341111342272
7 1 5 1 -1  -0.018248
16614154463200131412
6 2 4 1 -1  0.38742
16614388114113093408
5 3 4 4 -1  -0.282429
16614588475043054660
7 6 6 7 -1  0.282429
16614709876877624834
7 3 6 2 -1  -0.0245588
16614967151035940678
2 0 1 0 -1  -0.9
16615004338797336192
7 3 6 3 -1  0.00572641
16615084042883918430
7 6 6 6 -1  0.282429
16615357754990466140
7 0 7 1 -1  0.38742
16615372292577449680
1 3 0 2 -1  0.81
16615406258273926916
6 3 4 1 -1  0.531441
16615505110693666942
4 2 5 4 -1  0.205891
16615746119253046045
4 3 2 4 -1  -0.478297
16616150408004855727
0 4 0 3 -1  0.018248
16616183095491279323
4 1 3 2 -1  -0.109419
16616583433715976072
6 1 2 1 -1  -0.254186
16616663541434886503
6 3 4 3 -1  0.121577
16616754022605187330
7 3 6 3 -1  -0.0107753
16616912740145182594
4 3 3 1 -1  0.185302
16616922685675387296
6 4 4 6 -1  0.0523347
16617499260367970164
7 3 5 5 -1  -0.0132181
16617738874998303234
7 3 5 3 -1  -0.00969773
16617798807820211958
5 2 3 2 -1  -0.00131002
16618074983871364805
3 5 3 3 -1  0.282429
16618090510622430471
7 0 4 0 -1  0.0717897
16618247314430775948
7 4 7 3 -1  -0.205891
16618931618966134221
3 1 5 3 -1  -0.0309031
16618976576748763912
5 5 6 4 -1  0.0250315
16619510535201797781
7 4 7 6 -1  0.098477
16619545892807078620
5 0 4 0 -1  -0.6561
16619756559205115883
4 3 2 1 -1  -0.0278128
16619788656748195940
7 6 7 5 -1  -0.31381
16619791705270886447
5 6 4 6 -1  -0.81
16619880608513282944
4 1 3 1 -1  0.0119725
16619890907086875222
4 2 1 2 -1  -0.135085
16620039744405267484
6 0 5 0 -1  0.0471013
16620100545485223470
5 4 4 3 -1  0.166772
16620177656550839192
7 4 6 3 -1  -0.348678
16620264273882459427
6 5 4 5 -1  0.0886293
16620375680448593844
6 6 5 5 -1  0.9
16620544525288638854
5 4 4 3 -1  -0.150095
16620703362939353589
7 4 7 6 -1  0.0886293
16620730515370290065
4 4 4 2 -1  -0.185302
16621265113093738747
6 4 4 4 -1  0.228768
16621729507143918318
5 5 6 3 -1  -0.0278128
16621833910660577075
3 2 0 2 -1  -0.478297
16622012378781045206
5 7 5 3 -1  0.0202755
16622019481321324431
2 5 1 5 -1  0.9
16622191394810323217
7 4 5 5 -1  0.0523347
16622447283086442170
2 1 2 2 -1  -0.121577
16622447497083514333
3 6 5 4 -1  0.121577
16622476614765601910
6 6 5 6 -1  0.531441
16622525402315884878
6 6 4 5 -1  0.205891
16622555830556473941
6 4 7 4 -1  0.0225284
16622760927210184766
4 7 3 6 -1  0.018248
16623346862362725232
2 1 2 4 -1  0.9
16623488455181012900
4 3 2 2 -1  0.038152
16623529023206131892
6 1 5 2 -1  0.00145558
16623549212951476120
7 0 7 4 -1  0.282429
16624142352795919437
6 6 5 6 -1  -3.27918e-05
16624292419020893042
7 1 7 6 -1  -0.38742
16624707826608141009
7 5 6 6 -1  -0.138357
16624786101055300470
6 4 4 4 -1  -0.0107753
16624868138447703557
5 5 6 3 -1  0.0164232
16625417215254822336
4 2 2 0 -1  -0.0523347
16625650327684242598
7 4 5 5 -1  0.6561
16625782129895725061
1 7 1 1 -1  0.228768
16625878120441384736
7 5 7 3 -1  -0.228768
16625922246551934867
6 7 5 7 -1  0.478297
16626130230277770765
5 5 4 6 -1  -0.0309031
16626271926884134054
5 5 6 3 -1  -0.0202755
16626330422037705849
4 5 3 4 -1  0.0886293
16626555287098027352
7 2 5 0 -1  0.121577
16626672797487180363
3 0 7 4 -1  0.478297
16626853580965093457
5 4 4 4 -1  -0.166772
16627193239582808786
7 4 7 6 -1  0.0309031
16627483995516743914
1 5 1 0 -1  0.6561
16627488006412134206
4 5 2 7 -1  -0.0717897
16627560061419549244
7 5 7 3 -1  -0.0797664
16627598987335420140
3 4 4 5 -1  0.0147809
16627704133118471339
1 4 2 4 -1  0.6561
16627723542261266821
5 5 4 5 -1  -0.150095
16627834432488282718
5 4 7 2 -1  0.018248
16628427364374552558
7 3 2 3 -1  -0.0202755
16628504226337150435
5 4 3 6 -1  0.00572641
16628547717581329382
7 2 6 1 -1  -0.0581497
16628601073306971678
4 3 2 2 -1  -0.00872795
16628616639613398720
4 6 5 7 -1  0.59049
16628631909314520339
5 1 7 2 -1  0.098477
16629064735472125775
3 0 2 0 -1  -0.729
16629227589290784847
3 7 2 6 -1  0.0646108
16629301110770486029
7 3 6 2 -1  0.81
16629680210703566959
3 3 4 2 -1  0.348678
16629715055692502170
6 5 4 5 -1  0.185302
16629835983756283786
3 1 3 7 -1  0.0423911
16629993198615059801
4 3 3 3 -1  0.018248
16630026480433573317
6 3 5 5 -1  -0.0107753
16630093572616696951
1 6 5 6 -1  -0.38742
16630155343471361534
1 1 3 2 -1  0.185302
16630171362620712269
1 5 1 6 -1  0.254186
16630518863747836099
4 4 5 5 -1  0.000626578
16630846431650715539
7 7 6 7 -1  0.0886293
16630950968747297935
4 1 3 1 -1  0.0797664
16631070572081177194
2 4 5 4 -1  -0.38742
16631280080042654164
7 5 4 5 -1  0.0133028
16631462717385432915
7 5 6 4 -1  -0.0581497
16631507277402148030
4 2 3 3 -1  0.0119725
16631587397167053433
7 3 6 3 -1  -0.121577
16631713659112533607
7 4 7 6 -1  -0.044018
16632143579325822576
4 6 5 7 -1  -0.478297
16632427468895316509
3 6 2 7 -1  0.430467
16632878685780751813
6 0 5 0 -1  -0.0147809
16632939820615319148
7 2 7 3 -1  0.228768
16632951311860292210
5 3 6 4 -1  0.0646108
16633035893015282879
1 2 1 1 -1  -0.0581497
16633106867238478743
4 7 3 7 -1  -0.0523347
16633332980968751407
4 2 2 0 -1  0.31381
16633341581293974229
4 2 3 3 -1  -0.0694795
16633489302196391998
5 2 6 0 -1  0.0133028
16633514251385803957
5 5 4 4 -1  -0.478297
16633724079158941374
6 0 4 0 -1  -0.430467
16633773071387284698
5 4 6 3 -1  0.0309031
16633794252475114400
6 4 5 6 -1  0.0471013
16633806556321888340
6 4 5 5 -1  0.0225284
16633900062335870233
6 4 4 5 -1  -0.0717897
16633911989353625839
5 5 4 7 -1  0.0343368
16634246241629667700
4 1 3 1 -1  0.00161731
16634384472066554946
0 3 1 3 -1  0.38742
16634442045174067059
5 5 6 3 -1  0.0717897
16634669930775878973
4 5 5 5 -1  -0.31381
16634708401314110113
3 0 3 1 -1  0.0250315
16634766063654030667
4 2 3 3 -1  -0.729
16634775493346784251
7 5 3 1 -1  0.0136575
16634812162134742205
4 5 3 5 -1  -0.0646108
16635055560635664857
6 5 4 5 -1  -0.098477
16635094052485498979
7 3 7 4 -1  -0.150095
16635506367649740400
6 6 5 6 -1  0.31381
16635825795670551743
7 5 6 6 -1  0.038152
16636006645420483088
7 5 7 0 -1  0.185302
16636181346349700739
7 0 6 1 -1  0.166772
16636196303531760339
5 2 5 0 -1  0.0523347
16636235473859093844
7 4 1 4 -1  -0.0037571
16636319320137128403
5 1 4 1 -1  0.0423911
16636484986305880455
1 5 0 6 -1  -0.9
16636584487886370841
5 0 4 1 -1  0.0581497
16636607454772199211
5 5 4 5 -1  0.9
16637325612966805933
6 7 4 7 -1  0.348678
16637347296449359401
5 0 4 0 -1  -0.0797664
16637352197437753783
7 2 6 1 -1  0.018248
16637587653814562679
5 4 3 5 -1  0.255599
16637593817267128974
5 4 3 2 -1  0.166772
16637782303162146520
7 1 6 3 -1  -0.00338139
16637798508708130798
6 3 5 5 -1  -0.121577
16638048405713798177
6 4 4 4 -1  -0.0309031
16638257637001103161
6 1 4 1 -1  0.00273892
16638269448371757391
3 3 2 3 -1  -0.729
16638273982299081090
3 0 4 2 -1  0.254186
16638331606343676131
7 1 5 2 -1  -0.430467
16638338624741438868
2 0 1 1 -1  0.729
16638442910480377249
6 1 6 2 -1  -0.0225284
16638554129612101059
0 6 1 6 -1  0.9
16638640127615583471
7 2 5 4 -1  0.166772
16638681236678848990
6 5 5 5 -1  -0.0107753
16638693144788301830
6 5 5 5 -1  0.00785516
16638879472571970818
7 3 7 0 -1  -0.31381
16638912526547535663
6 5 5 5 -1  -0.00463839
16639079418387279446
5 7 4 6 -1  -0.81
16639249090477875410
6 1 7 0 -1  0.00785516
16639259281363943110
3 1 4 2 -1  0.6561
16639265755851717184
7 5 7 2 -1  0.0250315
16639266832513305188
5 5 3 3 -1  0.0147809
16639462113833165392
2 3 1 2 -1  -0.478297
16639585882878761834
1 6 3 6 -1  -0.531441
16639747287317403684
4 6 4 7 -1  -1
16639794010808894955
6 3 4 3 -1  0.0278128
16640103991361470417
5 6 6 7 -1  0.282429
16640173019065161240
7 3 2 3 -1  -0.0309031
16640252596602421969
5 5 4 3 -1  -0.0646108
16640265213965860943
6 2 4 1 -1  0.31381
16640507935552778191
6 5 5 5 -1  0.430467
16640616898119670861
6 3 5 3 -1  0.00221853
7 4 7 6 -1  -0.0164232
