16640764546130455452
4 4 2 2 -1  -0.109419
16640766992836518825
6 6 5 6 -1  -0.430467
16640780185729283737
4 7 5 5 -1  -0.0471013
16641367644581884408
7 4 7 3 -1  0.038152
16641580647593339636
4 2 3 3 -1  0.81
16641589521890098841
6 4 3 1 -1  -1
16641638141671893811
5 6 5 4 -1  0.121577
16641709060972738362
3 4 4 6 -1  0.150095
16641906537810080086
7 2 3 6 -1  0.098477
16642055570981502760
6 6 7 5 -1  0.098477
16642063385224501977
6 7 4 7 -1  0.531441
16642076086897863435
6 7 5 6 -1  0.38742
16642096088378120352
4 2 2 0 -1  0.018248
16642109933974742153
6 3 6 7 -1  0.430467
16642354726501962061
5 5 3 4 -1  0.000859503
16642422706846523792
6 1 7 0 -1  0.121577
16642425939567068846
7 4 7 6 -1  0.185302
16642471828506159514
0 0 0 3 -1  -0.478297
16642499202173781397
6 7 5 5 -1  -0.0133028
16642574640460887011
4 1 3 1 -1  -0.018248
16642668655418899755
4 6 4 7 -1  -0.098477
16642696522359031663
6 5 5 4 -1  0.9
16642699793537613866
2 7 3 7 -1  0.0797664
16642739064191503824
6 7 5 7 -1  0.098477
16642991556103571016
4 6 4 7 -1  0.348678
16643218108549319760
6 4 5 6 -1  0.0886293
16643392068899414015
4 4 3 4 -1  -0.59049
16643689111184755952
6 1 5 1 -1  -0.0309031
16643744878097141952
5 4 4 3 -1  0.38742
16643965519915038038
0 4 0 5 -1  0.0250315
16644037052349972880
1 5 0 3 -1  -0.430467
16644096381715326514
1 5 0 3 -1  -0.0886293
16644371647740908896
6 7 5 7 -1  0.121577
16644497081880923539
5 2 4 3 -1  0.0343368
16644732658517450661
7 2 7 0 -1  -0.81
16644943249387373067
7 2 4 5 -1  0.0172859
16644970785379412974
5 3 4 3 -1  -0.205891
16645185159910692223
6 2 5 3 -1  0.0471013
16645197349614344465
7 7 7 2 -1  -0.0523347
16645217858487059738
6 3 5 3 -1  -0.0836278
16645537621021363465
7 4 5 3 -1  -0.166772
16645587686813840855
6 4 5 5 -1  0.0471013
16645635934308947657
3 3 1 4 -1  0.9
16645959926970808260
4 3 4 2 -1  0.185302
16646209145451125601
7 1 7 2 -1  0.0423911
16646399829655768543
7 1 7 0 -1  -0.0119725
16646463326535368259
2 6 3 6 -1  0.348678
16646491031661191873
5 4 6 3 -1  0.31381
16646624806269108082
7 7 7 0 -1  0.81
16646666458340496488
4 0 7 3 -1  -0.00572641
16646698705996246423
7 4 6 4 -1  -0.38742
16646758829992255162
4 2 5 4 -1  -0.038152
16646954688529963341
0 1 5 1 -1  -0.150095
16647096225487964732
7 4 7 6 -1  0.109419
16647349154932974570
6 7 5 5 -1  0.098477
16647380786122102239
7 2 6 3 -1  -0.31381
16647409655350236728
7 3 7 2 -1  0.0164232
16648149733968047911
7 4 7 3 -1  0.0202755
16648198622850591195
7 0 7 1 -1  0.000859503
16648212069058854034
4 5 3 5 -1  -0.150095
16648451594639061660
7 5 7 3 -1  -0.0119725
16648455199308908362
5 3 3 1 -1  0.0133028
16648472102483491601
7 0 0 0 -1  -0.150095
16648475018866301713
4 6 0 2 -1  0.018248
16648571151278012022
1 2 3 0 -1  0.0797664
16648603383532907252
6 1 2 5 -1  0.6561
16648679123442736418
3 4 2 3 -1  -0.38742
16648778945782085848
5 5 6 3 -1  -0.478297
16648787304570189504
4 2 1 2 -1  -0.0797664
16648953085677489127
2 3 0 5 -1  0.478297
16649132244561662723
4 4 3 3 -1  0.348678
16649357879574623748
4 2 2 3 -1  0.109419
16649445298781325522
5 5 3 4 -1  -0.00304325
16649469438730952820
6 6 4 6 -1  0.0119725
16649525187949172635
7 5 6 4 -1  0.348678
16649532389937454499
3 4 2 5 -1  -0.185302
16649567553620985040
6 0 5 0 -1  -0.121577
16649757602998595754
6 6 4 4 -1  0.00785516
16649808860216462783
5 5 7 4 -1  -0.00872795
16649845287736157081
6 7 6 6 -1  0.59049
16649862816318117532
6 7 5 7 -1  0.9
16650106256356778378
7 1 2 1 -1  0.59049
16650543361603192497
6 4 5 5 -1  0.0523347
16650745786930753218
4 0 2 0 -1  -0.166772
16650776473645529883
5 5 4 4 -1  -0.121577
16650980069628439651
6 5 7 4 -1  0.6561
16651055821717467567
4 5 7 5 -1  0.135085
16651221116707819317
7 4 7 5 -1  0.729
16651226538087923883
3 5 2 5 -1  -0.729
16651249544085699549
7 1 7 3 -1  -0.0646108
16651406331201611701
4 7 5 6 -1  -0.0164232
16651451470048499370
5 2 4 3 -1  -0.00417455
16651639058194160207
6 6 5 5 -1  0.205891
16651785650975699104
7 6 6 4 -1  -0.00246503
16651813185200226839
6 6 5 6 -1  0.000773553
16651857816107453746
6 6 4 6 -1  0.0164232
16651924561415079767
7 2 7 3 -1  -0.018248
16652055113374524875
7 4 7 6 -1  0.00872795
16652316164240258610
7 3 3 7 -1  0.228768
16652360914336751202
6 1 4 1 -1  -0.38742
16652410250761852036
4 2 0 2 -1  -0.9
16652496810541867750
6 3 5 4 -1  0.150095
16652850011861984900
5 5 5 4 -1  0.121577
16653014135270624927
7 4 7 6 -1  0.38742
16653186494445041392
6 5 5 6 -1  0.150095
16653507882183469373
7 6 6 6 -1  0.478297
16653650667939732564
5 5 4 4 -1  0.430467
16654058167245740006
7 1 4 1 -1  0.531441
16654313731211967171
6 7 5 7 -1  -0.000159268
16654320707085787330
1 0 3 1 -1  -0.0107753
16654462214188504771
7 2 4 2 -1  0.0423911
16654596842769168114
7 3 6 3 -1  -0.0309031
16654660253344442236
7 3 6 4 -1  0.0646108
16655557319226815204
1 5 0 5 -1  0.9
16655642747537679377
3 3 1 4 -1  0.38742
16655752580589490489
7 5 3 5 -1  -0.0717897
16656010265933431512
5 2 4 2 -1  0.254186
16656039468470482518
4 2 4 4 -1  0.0717897
16656074240407563120
4 2 3 3 -1  0.0717897
16656266644270858192
3 7 1 7 -1  -0.185302
16656338373595843057
6 3 5 3 -1  0.0343368
16656680279774398528
6 1 7 0 -1  -0.00785516
16656752647936393770
5 1 3 2 -1  0.00969773
16656798453273303049
7 0 7 2 -1  0.0147809
16656885273456248055
5 2 0 2 -1  -0.81
16656942386508018270
3 3 3 0 -1  0.0646108
16657307149460643937
6 5 7 5 -1  0.6561
16657524842232921245
4 6 7 6 -1  0.6561
16657631416702229098
5 0 5 3 -1  -0.0797664
16658286225229150518
7 4 4 4 -1  0.0581497
16658392554040893223
4 5 2 5 -1  0.0886293
16658433763789354614
6 1 6 4 -1  -0.9
16658550233730524145
1 6 2 7 -1  0.282429
16658658390723771980
7 7 7 4 -1  -0.135085
16658750289079305626
4 2 3 3 -1  -0.150095
16659099562256794664
4 4 5 2 -1  0.350615
16659162778262837431
6 6 5 6 -1  0.166772
16659252345224250884
7 1 6 3 -1  0.0423911
16659334167463836946
4 7 5 5 -1  0.282429
16659385133028532323
7 6 7 7 -1  0.31381
16659574945624896905
5 5 4 3 -1  -0.205891
16659947559617570537
4 6 5 5 -1  0.282429
16660230315568739336
7 0 5 0 -1  0.348678
16660684898914766653
3 6 4 7 -1  0.31381
16660692870407376334
7 3 5 4 -1  0.0164232
16660768367070595617
7 1 5 2 -1  0.0523347
16660950118798507917
4 1 5 0 -1  0.121577
16661220234585727126
4 1 3 1 -1  0.150095
16661280169096061142
4 3 5 1 -1  0.6561
16661379170230719620
7 3 7 2 -1  -0.0250315
16661421786048231032
7 4 5 3 -1  0.0250315
16661461703250765311
4 0 1 0 -1  0.00246503
16661624327214000087
7 3 0 3 -1  0.0107753
16661835715314277110
4 0 3 0 -1  -0.531441
16661905429142276053
5 4 6 5 -1  0.59049
16662032440974476588
3 1 5 2 -1  -0.0343368
16662099761664398122
6 2 4 2 -1  0.034379
6 4 4 4 -1  -0.00502987
7 1 5 0 -1  -0.0408815
7 1 6 3 -1  -0.0238208
16662269888259312767
6 3 5 1 -1  -0.0133028
16662360932890873832
0 4 1 5 -1  -0.254186
16662436181637624744
1 0 1 1 -1  0.0886293
16662489971458571995
5 4 4 3 -1  0.0523347
16662560790494354102
3 7 2 6 -1  0.0225284
16662606164572190563
3 0 5 0 -1  0.9
16662682034389152418
6 7 7 7 -1  0.81
16662691887016635811
4 5 3 4 -1  0.121577
16662717905354323741
6 4 5 5 -1  0.135085
16662728203953168287
7 2 5 0 -1  -0.0717897
16662730417997673247
5 0 6 2 -1  0.478297
16662934868146626042
6 3 4 5 -1  -0.166772
16663014970970524765
5 2 4 3 -1  0.282429
16663221753402822349
5 3 3 1 -1  0.0278128
16663599111735029352
7 6 5 5 -1  -0.135085
16663854812640054929
7 0 7 1 -1  -0.00029969
16664020842650231472
5 2 3 0 -1  0.098477
16664048279840804850
7 0 0 0 -1  -0.0133028
16664101008369215767
7 5 4 2 -1  0.205891
16664154457612357906
5 3 4 4 -1  0.0423911
16664325384414688449
6 3 5 2 -1  -0.0523347
16664412007258774760
5 0 6 1 -1  -0.0471013
16664885827348681209
7 6 6 6 -1  0.81
16664904149591961411
7 3 0 3 -1  0.0523347
16664908805711008599
6 6 5 6 -1  -0.109419
16664911331682896591
5 1 7 2 -1  -0.098477
16665141426760910683
7 5 7 7 -1  0.9
16665282612234760894
2 2 2 7 -1  0.81
16665294032242410742
1 1 7 1 -1  0.0523347
16665722666546863644
7 2 7 1 -1  -0.430467
16665738619891844517
7 0 7 2 -1  -0.00969773
16665759599477944232
7 2 7 3 -1  0.228768
16665974653384397857
4 2 5 1 -1  -0.098477
16666050875898505559
6 3 5 3 -1  0.0523347
16666225832747304717
5 7 4 7 -1  -0.00872795
16666299624184652179
7 4 7 6 -1  0.000773553
16666384681913583872
6 1 7 2 -1  -0.000332989
16666476889609946187
3 7 4 6 -1  0.348678
16666798126391587289
3 3 2 3 -1  0.430467
16667332977738506274
5 4 4 4 -1  -0.59049
16667536005485261944
4 3 4 4 -1  -0.0250315
16668543224142841978
4 5 1 5 -1  -0.000626578
16668686371153695229
3 1 2 1 -1  0.38742
16668719351629777306
2 3 4 4 -1  -0.166772
16668728780428130578
7 2 5 4 -1  -0.0202755
16668996163692015940
7 0 7 1 -1  0.0225284
7 6 5 5 -1  0.119362
7 6 5 7 -1  -0.0240801
16669111823860064791
3 0 3 5 -1  0.38742
16669286326862092622
7 3 5 5 -1  -0.0423911
16669309913887088561
7 5 6 5 -1  -0.00106111
16669422221003828102
7 6 7 7 -1  -0.109419
16669707972104361880
5 3 4 4 -1  0.0423911
16669813287872420873
3 1 4 2 -1  -0.38742
16669988716322236017
7 5 7 4 -1  0.098477
16669989804418318572
3 7 2 6 -1  0.38742
16670183842296943995
4 4 3 4 -1  0.81
16670197227974854871
6 6 6 5 -1  0.0309031
16670228551390237742
7 3 5 3 -1  0.81
16670305611861167939
6 4 6 5 -1  0.135085
16670375621866013684
7 4 6 5 -1  -0.31381
16670448274254963563
5 4 4 4 -1  -0.0523347
16670852845645267563
0 7 0 0 -1  0.0107753
16670925096510450232
1 0 6 5 -1  0.478297
16670980151334224371
6 4 6 2 -1  0.150095
16671125477525549736
7 4 7 6 -1  0.0309031
16671165330331914719
4 5 5 5 -1  0.0133028
16671272759520131714
5 2 6 3 -1  0.59049
16671381121121718502
4 4 4 7 -1  0.228768
16671602608908792675
7 2 4 2 -1  -0.348678
16671629169111098391
0 0 5 5 -1  0.81
16671870399810783795
3 6 2 6 -1  0.729
16672042986850137900
7 2 6 3 -1  0.098477
16672165333306300020
5 4 4 3 -1  0.098477
16672265692676086709
7 5 7 6 -1  0.729
16672333377304650506
7 2 5 4 -1  -0.205891
16672352022135024133
4 5 4 4 -1  -0.098477
16672826959734460445
0 3 0 2 -1  0.135085
16672897855558532724
7 6 5 5 -1  -0.0165144
16672929893937594290
6 5 5 4 -1  -0.31381
16673076673400356600
5 0 1 4 -1  0.0147809
16673212169375390378
5 5 3 4 -1  0.0646108
16673317221481329316
5 1 7 2 -1  0.0343368
16673349214864090978
4 2 1 5 -1  0.098477
16673374236445175109
7 1 6 3 -1  0.00338139
16673648713190330515
5 4 4 3 -1  -0.254186
16673830311541602378
7 6 6 5 -1  0.6561
16674071647686726860
4 2 3 3 -1  0.348678
16674275816393845620
6 3 4 2 -1  0.0581497
16674318900010986631
6 3 3 3 -1  0.166772
16674352905750342998
4 1 3 0 -1  -0.0309031
16674498471445199991
7 3 2 3 -1  0.121577
16674579333631042453
7 0 7 2 -1  0.59049
16674603148174740491
2 3 5 3 -1  0.254186
16674729827129539752
4 4 3 4 -1  -0.6561
16674765302410157102
7 4 7 6 -1  -0.0646108
16674898848463492792
7 0 7 1 -1  0.0133028
16675099424322416857
4 6 4 7 -1  0.254186
16675371470984888455
5 5 6 3 -1  0.121577
16675718793215526260
5 5 3 6 -1  0.185302
16675795277028423406
4 5 3 5 -1  0.254186
16675848907097396809
7 4 3 0 -1  -0.0133028
16676009827862477510
7 1 5 2 -1  0.109419
16676220774822390604
4 0 5 1 -1  0.0646108
16676468174396449875
3 4 2 2 -1  0.531441
16676484285701431102
7 5 7 2 -1  0.0423911
16676587691624375534
5 5 6 3 -1  -0.0581497
16676862915425604152
6 6 5 7 -1  0.38742
16676926075269512038
5 1 5 2 -1  0.59049
16677085283732981692
5 2 4 4 -1  -0.0343368
16677106240805082024
5 2 4 4 -1  0.0147809
16677295341763854380
6 2 4 0 -1  -0.0797664
16677333376344852627
5 4 6 4 -1  0.59049
16677387555326268484
4 2 3 3 -1  -0.0202755
16677430412368787759
5 5 4 7 -1  -0.228768
16677556359496158545
7 2 5 0 -1  0.0581497
16677742322101445171
5 6 4 4 -1  -0.31381
16678158071450975761
6 0 7 1 -1  0.81
16678177026628725656
5 5 4 3 -1  -0.00161731
16678225183955544985
7 3 7 4 -1  0.166772
16678466616129374472
7 4 7 6 -1  0.0886293
16678505074005974454
3 5 2 6 -1  0.478297
16678897766682843105
5 1 4 0 -1  0.38742
16678941241848459080
4 1 6 1 -1  0.531441
16678996591886328399
5 6 6 4 -1  -0.0471013
16679183543771983420
5 0 4 1 -1  0.121577
16679372377360891219
4 7 3 7 -1  -0.00056392
16679496691007752751
6 5 5 4 -1  0.0147809
16679557172908301818
6 0 4 0 -1  -0.0225284
7 2 5 4 -1  -0.0147809
16679760297404368808
7 4 4 4 -1  0.166772
16679764633242431298
1 1 5 1 -1  0.9
16679873039633852639
5 1 4 0 -1  0.348678
16679886995850536393
7 0 0 0 -1  0.000332989
16680079705533998842
5 6 6 7 -1  0.0297703
16680084397567538716
4 5 3 4 -1  0.135085
16680123654082426318
4 3 3 4 -1  -0.0147809
16680221075448809250
5 2 4 2 -1  0.0581497
16680282682281820371
3 4 3 0 -1  0.9
16680336489247587064
4 3 5 2 -1  -0.185302
16680512862167617476
6 3 4 5 -1  0.254186
16680554329758376205
7 6 7 4 -1  -1
16680883814974462271
6 7 5 7 -1  0.430467
16680955485013321377
6 4 5 4 -1  0.0225284
16681138487810507249
5 2 6 1 -1  0.81
16681161237700089288
1 4 2 3 -1  -0.729
16681232435768811776
7 2 4 2 -1  -0.166772
16681617634203440370
0 0 0 3 -1  -0.729
16681729006667040620
6 3 7 5 -1  0.0107753
16681741867551911042
5 4 4 3 -1  0.0471013
16681818788995143989
4 3 3 3 -1  -0.81
16681838452233115276
5 6 6 5 -1  -0.254186
16681880437241119504
3 4 2 5 -1  0.729
16682357916875606558
4 6 4 7 -1  0.478297
16682733028469301956
7 4 5 4 -1  -0.038152
16682901839618805522
5 7 0 2 -1  -0.31381
16682924315204558772
6 6 5 6 -1  0.0250315
16683004775917860645
6 5 5 5 -1  -0.0330505
16683051047257333349
0 4 0 2 -1  0.228768
16683149372179899834
3 7 2 7 -1  -0.150095
16683530107286817650
7 5 3 5 -1  0.00273892
16683724907565217784
7 5 5 3 -1  0.0423911
16683871154067098266
0 4 1 2 -1  0.0164232
16684116006101992473
5 3 4 3 -1  0.150095
16684124172813158205
5 3 5 4 -1  0.109419
16684275389923642665
6 3 4 4 -1  -0.000859503
6 3 5 5 -1  -0.000696197
16684346598851251864
1 2 4 2 -1  0.59049
16684440681426928265
2 2 2 3 -1  0.38742
16684812658368226286
7 3 7 2 -1  0.0202755
16684859046207930467
7 0 7 2 -1  0.228768
16684915654950358820
3 7 5 6 -1  -0.0423911
16685012233124672210
0 1 0 2 -1  -0.348678
16685076512461091178
4 6 2 5 -1  -0.185302
16685611771420646147
6 5 5 5 -1  -0.6561
16685650846824123570
7 6 7 7 -1  -0.150095
16685705291517089100
7 2 6 1 -1  0.0343368
16685828492543615259
4 5 3 6 -1  -0.150095
16685876804825917679
4 3 5 2 -1  0.531441
16685883637543710122
4 6 3 6 -1  -0.135085
16686128381045681322
2 4 0 5 -1  -0.38742
16686667332028176388
4 0 2 2 -1  -0.0309031
16686689537699028480
4 7 5 6 -1  0.0250315
16686765707787447756
2 4 4 3 -1  -0.166772
16686810757434144594
4 6 4 3 -1  -0.00056392
16687013946451672752
4 3 6 4 -1  0.00463839
16687044406299510069
5 7 4 7 -1  0.150095
16687100447094791686
6 3 5 5 -1  -0.00463839
16687101717637556862
4 4 5 2 -1  0.109419
16687112337921483823
4 2 3 1 -1  0.185302
16687114664264333890
6 3 4 1 -1  0.0278128
16687160116920640345
4 2 5 3 -1  0.0423911
16687177478317375498
4 4 3 4 -1  0.531441
16687221143175809375
4 2 3 3 -1  0.00338139
16687225386665635393
4 0 7 3 -1  -0.109419
16687828398618080178
4 0 3 2 -1  0.000143341
7 5 6 4 -1  -0.0581497
16687925107817299368
7 1 6 0 -1  0.185302
16688091492674229883
7 2 4 5 -1  0.205891
7 5 6 6 -1  0.121577
16688159708195864004
6 5 5 5 -1  0.228768
16688545327851835599
5 3 3 1 -1  0.166772
16688683906759067970
3 7 0 4 -1  -0.0309031
16688691168389461109
4 2 3 1 -1  0.0471013
16688732747747711357
4 7 3 7 -1  -0.430467
16688861708431147463
6 4 5 5 -1  0.31381
16688891413438663525
6 3 3 3 -1  -0.00246503
16688999720461526901
5 5 4 6 -1  0.121577
16689074498772946334
6 4 5 3 -1  -5.55331e-05
16689098309371100145
7 1 0 1 -1  -0.185302
16689151344264101228
7 3 5 3 -1  0.430467
16689372260487531623
7 5 7 3 -1  0.205891
16689468426442002250
7 1 5 0 -1  -0.0225284
16689645803114829538
7 6 6 7 -1  0.205891
16689769642821987098
6 1 6 3 -1  0.166772
16689880026510327541
7 4 7 5 -1  0.254186
16690097573926678353
5 0 4 0 -1  0.0581497
16690344864728488424
6 4 4 2 -1  0.0147809
16690364631813947963
7 5 5 3 -1  0.00199668
16690949923090978089
4 2 2 4 -1  0.254186
16690993810820135378
6 5 4 5 -1  0.00304325
16691150347369959289
0 1 1 1 -1  -0.121577
16691186625112643687
1 4 1 2 -1  -0.135085
16691315410386631052
2 4 3 4 -1  0.9
16691355472384205964
6 6 5 5 -1  -0.00785516
16691685217023950586
4 6 5 6 -1  -0.729
16691859314212245013
7 0 7 2 -1  0.0250315
16691878450309809859
3 3 5 5 -1  0.0107753
16691920933678433191
4 2 3 2 -1  0.254186
16691950459018180187
3 4 2 3 -1  -0.59049
16691959314214622418
4 6 6 5 -1  0.729
16691985768805867848
6 5 5 3 -1  0.38742
16692206965435702824
6 6 5 6 -1  0.0886293
16692459497909430750
0 6 2 4 -1  0.150095
16692504218992023203
6 6 7 5 -1  0.0797664
16692579376033703934
4 3 2 4 -1  -0.531441
16692719854199658213
4 2 5 1 -1  -0.00872795
16692787767579182590
1 0 1 3 -1  0.81
16692803013078117979
6 7 5 6 -1  -0.018248
16692848927511299005
5 5 7 6 -1  0.0225284
16692929666673763276
7 7 7 5 -1  0.0250315
16692936653536469618
7 7 3 7 -1  -0.9
16693004306797264797
6 6 5 6 -1  0.0202755
16693180066687911651
5 6 4 6 -1  -0.228768
16693248028732472231
7 4 5 4 -1  0.0250315
16693413485694251768
7 1 0 1 -1  0.00636268
16693954349166067538
6 5 5 5 -1  0.59049
16694058653785905205
6 3 5 3 -1  0.254186
16694117714269878102
5 6 3 7 -1  0.0278128
16694321145725475075
5 6 4 6 -1  0.0581497
16694343204332037767
5 2 7 0 -1  -0.0797664
16694383229496386443
0 3 0 6 -1  -1
16694389700835401450
4 1 3 1 -1  -0.0797664
16694767797818196455
7 6 7 7 -1  0.098477
16694900381082889282
6 3 6 4 -1  0.0278128
16695033622204586780
5 2 4 2 -1  0.0278128
16695034757797084705
7 3 1 3 -1  0.31381
16695129417296485922
4 0 7 3 -1  0.0423911
16695371347320097594
5 0 6 2 -1  -0.0471013
16695475369230056035
6 5 6 6 -1  -0.282429
16695527585685462636
1 2 4 2 -1  -0.0343368
16695539304580637058
6 4 4 2 -1  9.40459e-05
16695784481918836924
6 0 5 0 -1  -0.00603647
7 6 5 5 -1  0.0646108
16695808157413354650
4 0 1 0 -1  0.348678
16695885582399755476
6 1 4 1 -1  0.00145558
16696177820269176522
5 2 4 4 -1  0.478297
16696521140236391762
4 4 3 5 -1  0.0471013
16696764665868723070
7 5 5 4 -1  0.205891
16696920285626173775
7 2 6 1 -1  0.0250315
16697088673809611108
7 2 6 1 -1  0.121577
16697550691664005989
6 6 7 5 -1  0.348678
16697569716715548115
6 2 5 2 -1  0.0717897
16697586258903379817
2 3 3 3 -1  0.150095
16697602239499924573
6 0 6 2 -1  0.0147809
16697636418854775408
7 5 7 4 -1  0.00636268
16697896470516326157
4 3 3 4 -1  0.098477
16698086745374561102
4 5 5 6 -1  0.0278128
16698137688956948345
7 6 6 7 -1  0.0471013
16698226163552079549
5 6 6 4 -1  -0.729
16698343114059926820
7 2 5 4 -1  0.000456775
16698433562568954537
5 5 3 4 -1  0.0886293
16698485300161508683
6 3 7 5 -1  0.0581497
16698579664785722909
6 5 5 4 -1  0.098477
16698672083483256698
7 3 7 2 -1  0.121577
16699008863209401714
4 1 3 1 -1  -0.0202755
16699063838160238274
5 3 7 5 -1  0.00131002
16699355906331624781
3 0 3 4 -1  -0.729
16699393192104143780
7 3 7 4 -1  0.6561
16699616864340139998
4 7 3 6 -1  -0.00304325
16699624229842643752
2 1 2 0 -1  -0.478297
16699644421798178204
4 4 5 5 -1  -0.0581497
16699718709991867306
2 3 6 3 -1  0.38742
16700084177724765464
7 6 7 5 -1  0.0250315
16700274418365440421
7 1 6 3 -1  0.0225284
16700375511590080188
6 4 5 4 -1  0.0717897
16700627935145485078
7 4 5 4 -1  0.205891
16701093331858086886
6 3 4 4 -1  -0.9
16701489169280149358
6 6 5 6 -1  0.0581497
16701545754095585329
5 5 4 7 -1  -0.0797664
16701584656157649834
7 6 6 7 -1  0.0717897
16701719773580334852
6 2 5 1 -1  0.348678
16701781772170321405
7 2 7 1 -1  0.00969773
16701826738117186032
7 1 5 0 -1  0.0462118
16701891851157267795
5 5 4 3 -1  0.00969773
16702115369799761286
6 4 6 3 -1  0.9
16702121519880615304
6 4 7 5 -1  0.729
16702316706182694722
3 3 4 2 -1  0.121577
16702378781776864138
6 1 5 1 -1  -0.00304325
16702440658468321152
4 3 6 3 -1  0.098477
16702644657841923118
5 3 6 2 -1  0.9
16703324888030186194
4 1 3 1 -1  0.098477
16703381464394886150
5 1 5 2 -1  0.430467
16703478772051617472
7 2 7 3 -1  0.531441
16703581800934005501
3 2 5 1 -1  0.00515377
16703634188093271556
6 4 5 6 -1  0.38742
16703646746857705827
1 0 5 4 -1  0.729
16703693452911317677
7 3 6 3 -1  0.0278128
16703760933662836475
7 7 7 6 -1  0.0646108
16704041347316414534
6 4 4 4 -1  -0.0288211
16704175118512839054
6 5 6 4 -1  -0.9
16704239084528081717
5 2 6 3 -1  -0.0147809
16704466033458613958
6 4 4 4 -1  0.0207319
16704529708570622041
4 2 3 0 -1  0.59049
16704831010133874501
3 5 2 4 -1  -0.38742
16704876915971839190
4 2 3 1 -1  0.121577
16704945171118845221
3 6 2 7 -1  0.0646108
16705001092251489996
4 3 3 3 -1  0.0278128
16705216878036177936
2 3 0 3 -1  -0.9
16705382456472512040
4 7 3 6 -1  0.6561
16705452456533970887
6 4 5 2 -1  -0.00273892
16705843549253561432
6 1 5 0 -1  0.282429
16706120049703814208
7 3 4 3 -1  -0.531441
16706413378998642743
6 7 5 7 -1  -0.0202755
16706477807245418341
5 3 6 2 -1  0.38742
16706532193924329736
4 2 3 2 -1  0.0343368
16706621916906499573
7 2 6 2 -1  -0.0343368
16706773470990974884
6 3 5 1 -1  0.0581497
16706961280258585899
3 2 1 3 -1  0.205891
16706991005460528235
6 7 4 7 -1  0.348678
16707023558562853101
5 1 2 1 -1  0.0343368
16707327742704643203
5 7 5 6 -1  0.531441
16707842541635821005
6 4 3 4 -1  0.9
16707852689325903448
5 4 4 4 -1  -0.430467
16708045823953884010
2 0 1 0 -1  0.531441
16708151734528901112
4 7 3 6 -1  -0.0581497
16708248399695294920
3 3 5 2 -1  -0.430467
16708435957972590574
7 0 6 0 -1  0.59049
16708478548725144847
4 3 2 2 -1  0.430467
16708643815453442466
4 5 3 4 -1  0.098477
16708728286739518871
6 7 5 5 -1  0.0147809
16708753402990615174
7 4 1 4 -1  0.9
16708819573916945629
5 3 4 3 -1  -0.0646108
16708859022736158575
5 7 1 3 -1  0.135085
16708924676809984392
7 2 7 1 -1  -0.150095
16708960704037400374
6 0 5 0 -1  -0.0581497
16709218988775884194
7 3 7 4 -1  0.531441
16709361130897174275
7 3 5 2 -1  0.31381
16709383118145266398
6 7 5 6 -1  0.31381
16709562663531580677
4 6 3 7 -1  0.729
16709860718669782115
4 5 6 4 -1  0.0886293
16709868784373465019
6 4 6 5 -1  -0.282429
16709950995219462841
4 2 5 4 -1  -0.0343368
16710219681839575740
6 3 5 5 -1  0.81
16710241266870735110
7 2 7 3 -1  0.185302
16710509094380971320
6 4 7 5 -1  -0.0523347
16710520248719376364
6 2 5 3 -1  0.531441
16710793158150239832
5 4 4 5 -1  -0.0581497
16710795967047100567
5 2 4 2 -1  0.098477
16710849218398751620
6 3 3 0 -1  0.0581497
16710924771689291917
6 4 4 2 -1  0.185302
16711239730930340282
7 3 6 3 -1  -0.00117902
16711414677055931667
5 1 1 5 -1  -0.348678
16711540271571495511
6 0 4 0 -1  0.098477
16711582415045641137
6 0 5 0 -1  -0.0581497
16711593598284443031
0 2 1 1 -1  -0.00872795
16711706839640370103
7 5 7 4 -1  0.31381
16711815651743912329
4 0 0 4 -1  -0.9
16712078313941365803
6 3 5 1 -1  -0.00179701
16712106961864243861
5 4 5 7 -1  0.166772
16712269985997912251
7 3 7 4 -1  0.430467
16712424798094935504
6 4 4 4 -1  0.0250315
16712486898514562735
4 3 2 2 -1  -0.0471013
16712501081940146926
5 3 4 4 -1  0.00706964
16712508696207486934
6 5 5 5 -1  0.729
16712755397358330425
4 3 4 1 -1  0.531441
16712930286456444867
5 4 0 4 -1  0.6561
16712958771616991134
4 4 3 4 -1  0.000196627
16713048869670390690
7 3 1 3 -1  0.430467
16713122292152878055
5 4 4 3 -1  0.205891
16713495987511349703
4 6 4 4 -1  0.0717897
16713904481354442090
5 3 5 0 -1  0.38742
16713908658717761485
6 6 5 5 -1  0.478297
16714072214648506315
6 5 5 5 -1  -0.0581497
16714402325288230975
6 4 5 5 -1  0.531441
16714772648933782931
7 5 4 2 -1  -0.0646108
16714798740721218301
6 0 5 0 -1  0.228768
16714848068462015430
6 5 6 1 -1  0.31381
16714857591894380787
4 0 5 2 -1  0.00145558
4 2 3 3 -1  0.0160752
7 2 6 3 -1  0.0278128
16715020727762193083
7 5 6 4 -1  -0.0646108
16715084376088095611
7 0 6 0 -1  -0.0107753
16715085548004695412
2 1 4 2 -1  0.0225284
16715189261717059562
6 6 5 5 -1  0.0278128
16715194883056046473
5 5 5 0 -1  0.109419
16715630282642191010
7 6 5 5 -1  -0.254186
16715683160844595773
7 5 7 2 -1  -0.166772
16716118577741399543
6 2 5 2 -1  0.478297
16716155397740327699
4 3 3 3 -1  0.9
16716189363324270313
7 2 5 4 -1  0.531441
16716286452993647566
7 3 7 1 -1  0.00572641
16716636240713146902
7 0 7 4 -1  -0.150095
16716723031794414859
4 1 3 3 -1  0.478297
16716754879026289465
5 3 5 4 -1  -0.205891
16716858491272103750
5 4 2 7 -1  -0.348678
16716858595981857287
3 1 6 4 -1  0.121577
16717141274636251565
1 2 2 2 -1  0.0309031
16717142624638162842
5 4 4 4 -1  -0.150095
16717155158422613214
6 7 5 7 -1  0.0423911
16717288565973557379
7 6 7 7 -1  0.00463839
16717368004103970637
7 3 6 3 -1  0.150095
16717629701028559899
7 4 5 4 -1  0.0309031
16717762317201127587
5 3 4 3 -1  0.0202755
16717846994774046508
6 1 5 0 -1  0.185302
16717884696821207156
4 3 2 2 -1  0.0523347
16718040865686299390
6 2 4 2 -1  0.0471013
16718081331155230272
7 1 4 4 -1  0.0717897
16718112063540674443
0 2 1 2 -1  0.228768
16718119860006309675
7 1 5 2 -1  0.00636268
16718166485860202538
7 1 5 0 -1  0.0147809
16718246011114679354
5 4 4 4 -1  0.31381
16718299380876636202
3 6 2 7 -1  -0.729
16718491039724247167
6 6 5 5 -1  0.000955003
16718595421459810080
7 3 5 5 -1  -0.478297
16718646888087203662
3 6 4 5 -1  0.31381
16718678249267301795
4 0 4 6 -1  0.185302
16718701803460864013
5 5 6 3 -1  -0.098477
16718796902935971754
7 0 7 4 -1  0.185302
16718888164384727087
2 3 1 3 -1  0.0471013
16718955105783965751
4 6 3 6 -1  -1
16719082147828113727
4 3 2 2 -1  -0.0202755
16719407280297780101
4 7 4 6 -1  0.150095
16719494125164512379
3 5 5 4 -1  0.6561
16719571455582452678
2 6 1 6 -1  -0.282429
16719661679743152827
6 4 5 5 -1  -0.0278128
16719795687937564965
5 5 3 4 -1  -0.430467
16720413493157256358
6 5 7 6 -1  0.531441
16720416644400813082
7 3 6 2 -1  -0.00338139
16720463508006533010
6 6 7 5 -1  0.0278128
16720502627252176163
7 3 4 6 -1  -0.00221853
16720701232078917035
3 5 3 6 -1  0.6561
16720804502534667138
6 4 5 5 -1  -0.0147809
16720835061040222002
6 4 4 5 -1  -0.0309031
16721183432923321403
7 3 6 2 -1  0.109419
16721230113867473812
7 2 4 5 -1  0.0225284
16721419180828078743
5 7 4 7 -1  -0.098477
16721434642886859358
5 0 4 1 -1  -0.098477
16721465850291744159
7 5 6 4 -1  0.205891
16721708089305129202
6 6 5 6 -1  -0.0278128
16721765641733898357
5 5 4 5 -1  0.0147809
16722013319240520308
5 4 4 3 -1  -0.0309031
16722423801538371511
5 4 6 4 -1  0.098477
16722463839710168667
7 2 6 1 -1  -0.150095
16722585394034868310
7 2 6 1 -1  -0.135085
16722793850815637827
7 3 6 3 -1  -0.31381
16722816501986539680
1 3 1 4 -1  0.00199668
16722913674614630889
5 6 4 5 -1  -0.121577
16723048195407353782
5 4 4 5 -1  -0.9
16723124572422003909
7 4 6 5 -1  0.0886293
16723448427114987258
7 2 7 3 -1  -0.0717897
16723452823968098558
5 4 4 4 -1  0.254186
16723505271328420009
2 0 1 0 -1  -0.59049
16723650892967438826
7 7 7 6 -1  0.135085
16723666528531558019
4 3 3 2 -1  -0.59049
16723777236150410584
6 4 7 5 -1  -0.38742
16723855605275987863
2 1 1 1 -1  -0.0423911
16723961874300331118
7 2 4 2 -1  -0.00872795
16724207498747224486
6 4 7 4 -1  0.185302
16724225967192599426
3 2 2 1 -1  0.478297
16724429527683099486
3 6 2 6 -1  0.121577
16724558174017041161
5 6 5 4 -1  0.31381
16724828728061948068
5 6 5 5 -1  0.430467
16724829130139659661
5 1 4 1 -1  0.0646108
16725043591031327370
7 6 7 7 -1  -0.9
16725066124963477831
6 3 5 1 -1  0.0523347
16725207909880549205
5 5 3 6 -1  0.0107753
16725249161924507020
7 1 6 3 -1  -0.00221853
16725485589013700144
7 2 4 2 -1  -0.0309031
16725540688123285293
6 3 4 4 -1  -0.0797664
16725602728861623462
6 3 7 4 -1  -0.228768
16725648526437859070
7 4 4 7 -1  -0.0886293
16725719479955527275
5 6 1 2 -1  -1
16725825524424561701
6 6 5 5 -1  0.282429
16725893495293468211
6 5 5 4 -1  -0.0423911
16725973638167853908
5 1 3 0 -1  -0.0309031
16726104467067892215
7 3 6 3 -1  -0.228768
16726172782673102138
6 3 5 2 -1  0.0225284
16726182667092267166
4 1 3 1 -1  0.098477
16726374476338553557
7 0 5 0 -1  -0.150095
16726439341694701084
5 7 4 6 -1  0.018248
16726891246750363778
4 5 2 5 -1  -0.121577
16726911809719108877
2 2 1 1 -1  0.81
16727225063564935202
7 0 3 0 -1  0.185302
16727700852730764967
7 3 6 4 -1  0.109419
16727728960359486273
3 7 2 6 -1  -0.59049
16727766349909417810
4 0 6 2 -1  0.254186
16727775176661759628
1 6 3 7 -1  -0.348678
16727805756117886373
3 2 4 1 -1  0.150095
16727853162447001873
6 0 4 0 -1  -0.098477
16728028069524851469
7 6 6 5 -1  0.0523347
16728116984093083074
6 2 4 2 -1  0.0733895
6 2 5 2 -1  0.00706964
16728144839177999539
6 2 4 4 -1  0.81
16728174828899965828
7 5 7 4 -1  -0.0164232
16728372396489471471
6 1 5 2 -1  -0.0133028
16728399560393750909
7 3 5 5 -1  0.038152
16728680228587182492
7 2 2 2 -1  -0.166772
16728854442699887395
7 1 6 3 -1  0.00338139
7 4 7 6 -1  -0.0106681
16728861764797052385
5 4 4 5 -1  0.81
16728982188432609616
5 1 3 2 -1  -0.00221853
16729100947527927251
7 3 6 3 -1  0.185302
16729183027127344766
7 4 6 4 -1  -0.018248
16729333388614252340
3 6 5 4 -1  0.0119725
16729484528991932556
4 2 3 3 -1  -0.0471013
7 6 5 5 -1  0.000411098
16729491599367998521
3 2 1 2 -1  0.81
16729561478119133030
3 2 2 2 -1  0.0886293
16729603305472031720
6 4 5 5 -1  0.0119725
16729693807475724272
3 1 7 5 -1  0.0343368
16729741030313124333
5 5 6 3 -1  0.0250315
16729756698519721763
7 3 0 3 -1  0.00572641
16730188699935891058
7 0 7 4 -1  -0.0581497
16730203820470794340
6 3 3 6 -1  -0.729
16730344864683136710
7 3 7 0 -1  0.430467
16730476419316433359
7 2 5 4 -1  -0.0119725
16730533213806885670
7 5 7 4 -1  0.150095
16730651834052726712
3 7 3 6 -1  0.254186
16730878271146825476
2 3 6 3 -1  -0.38742
16730901720853929884
4 3 3 3 -1  0.531441
16730910183999953173
3 0 2 1 -1  -0.0471013
16730979942422610755
6 3 5 1 -1  0.0107753
16731083353318525691
5 1 5 7 -1  0.59049
16731235823958944946
1 1 5 5 -1  -1
16731377464175880104
3 6 2 5 -1  0.135085
16731637869585774743
5 5 4 5 -1  0.00179701
16731745295417807077
6 3 7 4 -1  0.0646108
16731750609804456319
3 4 2 2 -1  -0.478297
16731804379441276505
6 5 5 3 -1  -0.00872795
16731932507375892063
5 5 7 3 -1  -0.0278128
16732057822838551773
3 1 2 2 -1  -0.00706964
16732467329920560027
5 5 5 6 -1  -0.0309031
16732506149057483839
6 6 5 7 -1  0.430467
16732697100864933659
4 1 3 0 -1  0.59049
16732730010282626152
5 3 7 5 -1  0.0107753
16732892289174832095
5 7 4 7 -1  0.729
16732958966221576412
7 5 6 5 -1  -0.348678
16733028033841316242
2 2 7 2 -1  0.150095
16733121737367414242
6 5 4 5 -1  -0.000859503
16733230312853623993
2 2 3 1 -1  0.150095
16733288527542016268
5 2 6 3 -1  -0.000129007
16733423298089846129
6 4 6 3 -1  0.0107753
16733742304548466926
1 3 2 1 -1  0.254186
16733919761089807672
6 4 5 4 -1  0.38742
16734058965978562515
2 2 1 2 -1  0.166772
16734068611179854671
6 5 5 4 -1  0.478297
16734219680812565532
6 6 5 6 -1  0.348678
16734367983892106349
3 3 2 5 -1  0.0278128
16734563713521410505
0 0 2 2 -1  0.6561
16734768103963554457
6 2 4 2 -1  0.0523347
16734905441580090831
5 3 4 4 -1  0.0717897
16735143926843697813
7 0 7 2 -1  0.00273892
16735610629255358179
3 5 0 5 -1  0.282429
16735679626538373588
4 4 2 5 -1  -0.0423911
16735784365905781692
4 0 6 0 -1  0.166772
16735797124820216923
6 0 4 2 -1  0.59049
16735814624707626072
7 1 5 3 -1  0.81
16735844310281824869
7 0 7 2 -1  0.150095
16735965317580969824
4 5 3 4 -1  -0.0225284
16736080759311259786
7 6 7 7 -1  0.0309031
16736201364751608912
2 2 1 3 -1  0.0164232
16736429286621571876
7 0 4 0 -1  0.0471013
16736569768457518050
5 5 4 3 -1  -0.038152
16736629657777141033
5 5 4 3 -1  -0.038152
16736648209726979107
6 1 4 1 -1  -0.348678
16736915975869522911
5 5 6 7 -1  0.38742
16737146645840021598
7 3 6 3 -1  -0.0581497
16737260751424684805
3 4 6 7 -1  0.109419
16737331950568562084
5 2 3 3 -1  0.0646108
16737439491343706237
6 7 7 7 -1  0.348678
16737547682203406010
5 3 4 3 -1  0.00706964
16737710211693374416
5 4 6 5 -1  -0.729
16737785477144131080
6 6 5 7 -1  -0.098477
16737857882051507446
5 6 4 7 -1  -0.729
16737961029562774725
5 5 4 6 -1  -0.531441
16737981066324682819
6 0 4 0 -1  -0.205891
16738073475004755297
5 3 5 0 -1  0.478297
16738166904927252535
6 4 4 4 -1  -0.0471013
16738346112124780265
7 6 6 7 -1  -0.729
16738456968557219298
6 1 5 2 -1  0.254186
16738472287556942651
6 1 6 0 -1  -0.0886293
16738673976725185505
7 5 6 4 -1  0.228768
16738686452606343621
7 5 5 5 -1  0.0886293
16738877901922765220
6 4 5 4 -1  0.0225284
16739075505716714715
6 0 4 0 -1  0.478297
16739209394773009173
5 1 2 4 -1  -0.00145558
16739353160986080692
6 3 7 2 -1  0.38742
16739448172630732225
5 0 4 1 -1  0.00131002
16739484058710961709
7 3 6 2 -1  0.038152
16739617390303268552
7 6 1 6 -1  0.430467
16739634500307324715
6 6 4 6 -1  -0.135085
16739865425236459530
7 1 6 3 -1  -0.166772
16740089448596254715
0 0 0 5 -1  0.166772
16740159423113379174
5 4 4 4 -1  0.121577
16740643483284563136
7 4 7 6 -1  0.0581497
16740750022482722730
5 1 5 6 -1  0.531441
16740834507399508448
1 4 3 4 -1  -0.81
16741089170818349154
7 2 7 1 -1  0.430467
16741138081336049014
3 7 4 6 -1  0.348678
16741282725637418589
7 6 5 6 -1  0.254186
16741505264069273467
5 2 4 3 -1  0.0646108
16741520115527554144
7 3 7 4 -1  0.0343368
16741665119761650967
6 4 5 5 -1  0.38742
16741677046095273889
1 5 2 6 -1  0.0202755
16741824223755874748
7 7 0 7 -1  0.0523347
16741830385049779703
4 3 3 1 -1  0.0717897
16742007708632367309
4 7 3 7 -1  0.135085
16742133402811492232
6 5 5 5 -1  0.0278128
16742214624581769183
7 1 6 3 -1  0.282429
16742405197246049281
4 7 3 6 -1  0.150095
16742572139123671366
7 3 7 5 -1  -0.0423911
16742600763422485910
4 0 7 3 -1  0.531441
16742784950447543361
6 6 7 6 -1  0.81
16742976065644205851
3 4 4 6 -1  -0.150095
16743097453251257909
6 3 7 2 -1  0.38742
16743181920617344738
1 5 2 6 -1  0.205891
16743917248695804595
5 5 6 7 -1  -0.0820395
7 6 6 6 -1  0.0147809
16744059032989657597
2 2 1 4 -1  0.81
16744124094082994975
5 0 4 0 -1  0.9
16744183432624541566
7 0 6 1 -1  0.0797664
16744184095795502244
7 1 4 4 -1  -0.0581497
16744656858002465846
4 5 4 2 -1  0.185302
16744831548380816738
5 5 4 3 -1  0.0309031
16745245762656759911
7 0 7 3 -1  0.098477
16745312042910320921
4 3 2 1 -1  0.038152
16745322928956291347
5 5 3 7 -1  0.0133028
16745546263727759756
3 1 3 3 -1  -0.6561
16745829188106772013
5 5 4 5 -1  -0.729
16745892501058751668
4 0 3 0 -1  0.038152
16746418572305168641
7 0 7 4 -1  -0.0797664
16746483240958063819
7 3 0 3 -1  -0.9
16746776561217805056
1 0 0 0 -1  0.00572641
16746904432506674415
5 5 4 4 -1  -0.0147809
16746967810522097897
5 3 6 3 -1  0.59049
16746973762998189738
2 3 0 2 -1  -0.0581497
16747031159611980879
7 6 5 5 -1  0.00515377
16747212840409085219
5 5 4 7 -1  0.0471013
16747327367288881247
3 7 2 6 -1  -0.38742
16747405398237715518
5 3 4 3 -1  0.9
16747419623744850623
6 4 5 5 -1  -0.038152
16747451785108825461
1 6 3 7 -1  -0.430467
16747644560306871494
7 3 0 3 -1  0.38742
16747678640950566425
7 3 3 7 -1  -0.166772
16747745603920630048
7 3 4 3 -1  0.000859503
16747801127920194264
7 3 6 2 -1  0.000955003
16748269819812051577
4 0 1 0 -1  0.348678
16748285849115216473
7 1 5 2 -1  0.109419
16748374995797348539
6 2 4 2 -1  0.00131002
16748411571667982030
6 6 5 6 -1  0.348678
16748638897442366916
1 1 1 0 -1  -0.098477
16748668343993227616
7 5 7 4 -1  -0.00969773
16748715883333766498
7 1 7 5 -1  0.254186
16748718527153304004
6 1 2 1 -1  -0.38742
16748806402335567993
6 4 5 5 -1  0.348678
16748814640615911396
4 6 4 7 -1  0.0646108
16748948908158079659
7 2 7 3 -1  0.348678
16749157890596496170
5 2 3 3 -1  0.00179701
16749275197533037169
5 4 5 5 -1  0.254186
16749420001661054725
7 2 3 6 -1  0.0133028
16749451949425119534
6 1 4 1 -1  0.166772
16749661592703458581
6 5 5 6 -1  0.254186
16749708832541267167
6 4 5 2 -1  0.00572641
16749894556792571486
3 4 4 5 -1  -0.228768
16750112078016088797
3 1 4 3 -1  0.135085
16750403524640108909
6 7 6 3 -1  0.0164232
16750696589106263932
5 6 3 4 -1  0.0309031
16750832307743379670
5 2 4 4 -1  -0.254186
16750851607619254400
5 7 4 7 -1  -0.150095
16750936690212310377
6 5 5 5 -1  -0.00572641
16750941179770170635
5 5 4 3 -1  -0.00145558
16750980980617805593
5 5 4 7 -1  0.150095
16751659411246710680
3 6 4 5 -1  0.121577
16752138746592565222
1 2 5 6 -1  0.31381
16752229688770398286
7 3 7 4 -1  -0.0581497
16752280489235277062
4 1 3 1 -1  0.00872795
16752321393678509622
6 4 6 2 -1  0.31381
16752350483120915242
6 7 5 7 -1  -1
16752658620490333195
6 1 5 1 -1  0.0119725
16752869006155377510
6 4 7 3 -1  0.00417455
16752932919087550550
5 4 4 4 -1  0.531441
16753013676208153876
6 6 5 6 -1  0.81
16753056340384859356
7 5 6 4 -1  -0.0717897
16753237221770812260
4 5 3 4 -1  0.9
16753408022560078783
5 6 4 7 -1  0.254186
16753732979127149873
3 1 2 3 -1  -0.59049
16753779790409435050
6 4 4 6 -1  -0.205891
16753936913239747386
5 7 4 7 -1  -0.0119725
16754106151582593933
6 5 3 2 -1  0.729
16754140229011886490
6 3 5 3 -1  -0.0178107
16754231566554462423
5 4 4 4 -1  -0.531441
16754342418069228474
6 6 1 1 -1  0.0471013
16754371188669054945
6 6 5 6 -1  0.135085
16754415743621381120
4 4 5 2 -1  0.0133028
16754438421167695210
5 2 3 3 -1  0.0292321
16754523898054191591
3 6 3 1 -1  0.098477
16754662140532107927
7 1 6 3 -1  -0.0471013
16754712396227163464
6 2 7 2 -1  -0.205891
16754777216465495309
6 5 6 4 -1  0.38742
16754850056331128525
6 3 5 5 -1  0.121577
16754950827290761375
2 1 4 1 -1  -0.38742
16755124655979685592
7 0 7 1 -1  0.6561
16755513835132409387
7 5 6 5 -1  -0.121577
16755660634903023210
6 4 5 4 -1  -0.6561
16755974049700521199
3 4 3 3 -1  0.135085
16756051526668290224
4 5 2 4 -1  -0.098477
16756064576404978348
5 1 2 4 -1  0.135085
16756197065684348414
7 6 6 4 -1  -0.0202755
16756412221978219337
7 4 4 4 -1  -0.0646108
16756557698652187736
6 3 5 3 -1  0.9
16756870018951108267
7 1 6 0 -1  -0.254186
16757101255062145100
4 0 3 1 -1  -0.038152
16757123427873731848
6 2 6 3 -1  0.0202755
16757422633124262217
6 4 5 3 -1  0.185302
16757618791700200164
6 3 6 2 -1  0.9
16757832691818396952
7 3 5 5 -1  0.0107753
16757845228276593761
1 0 1 1 -1  -0.9
16758116272842160115
6 0 7 0 -1  -0.0717897
16758301807430653422
6 1 5 1 -1  -0.00785516
16758344886853527621
6 4 4 6 -1  0.109419
16758455320065170248
6 3 4 2 -1  0.0471013
16758599495509985262
5 6 4 5 -1  0.0797664
16758725277155261090
6 0 7 2 -1  0.348678
16758933091435661976
7 5 6 6 -1  0.00785516
16759225699014755528
5 1 7 3 -1  0.205891
16759235578899953964
4 0 3 1 -1  0.0164232
16759249001633658607
6 4 5 5 -1  0.150095
16759255256380946262
5 0 5 5 -1  0.185302
16759455341874470337
6 6 4 4 -1  -0.348678
16759619693321224002
7 4 7 6 -1  0.0206929
16759646263236190497
1 1 0 1 10  0.0250315
16759849995697152113
6 7 5 7 -1  -0.185302
16759952293585958856
6 1 4 1 -1  0.430467
16760027730626457791
4 7 3 7 -1  -0.228768
16760217800895807253
5 5 4 3 -1  -0.0646108
16760313767077363172
7 4 7 6 -1  0.0278128
16760455788713079493
4 1 3 1 -1  -0.9
16760499537872129516
5 4 2 1 -1  0.038152
16760635547805022590
6 1 7 0 -1  0.0581497
16760656422481655800
7 6 6 5 -1  -0.6561
16760669510086402579
4 1 3 1 -1  0.38742
16760739759929579665
4 0 2 1 -1  -0.038152
16760835919158878559
6 0 4 0 -1  0.150095
16760921860984641841
2 1 7 1 -1  0.0147809
16760932243109096695
5 3 4 2 -1  0.531441
16761200370648510090
5 3 3 5 -1  0.228768
16761377032850497600
7 0 7 3 -1  0.135085
16761526731360606405
7 5 3 1 -1  0.0250315
16761566359715069023
5 3 4 4 -1  0.00117902
16761644992363160069
6 1 4 1 -1  0.0646108
16761738289044529073
6 7 4 7 -1  0.31381
16761763408316009586
3 6 4 4 -1  -0.109419
16761900576506801073
6 3 5 3 -1  0.0581497
16762073845491963641
4 3 4 4 -1  -0.0343368
16762198035928732910
1 5 3 7 -1  0.282429
16762259105422322805
6 6 7 4 -1  0.531441
16762275535451522722
5 3 4 3 -1  -0.018248
16762322915342824953
7 3 7 6 -1  -0.00106111
16762324712895676528
6 3 5 3 -1  0.0164232
16762355543786665103
6 7 6 6 -1  0.121577
16762433386935578203
7 5 6 4 -1  -0.0646108
16762463820786568716
7 4 7 6 -1  -0.0147809
16762538682262244246
7 3 4 0 -1  0.00515377
16762539770308752054
3 3 6 6 -1  0.098477
16762582426739273686
3 4 5 5 -1  0.0717897
16762694786744482730
3 7 3 3 -1  0.0523347
16762701068641613111
5 0 5 1 -1  -0.282429
16762709739664919040
5 5 3 4 -1  0.0392126
16763305567090390910
7 4 0 4 -1  -0.31381
16763430775029901078
7 5 7 2 -1  -0.478297
16763433091707968833
6 3 5 2 -1  -0.150095
16763578495323111250
5 5 4 3 -1  0.0423911
16763636727765392550
6 1 5 1 -1  -0.0523347
16763837339868584189
3 4 3 3 -1  0.038152
16764148950448112952
1 1 2 0 -1  0.205891
16764358147681087133
6 1 3 4 -1  -0.135085
16764601992999011425
6 2 5 2 -1  -0.0523347
16764688777778358445
6 0 6 2 -1  0.0037571
16764748274975516403
6 1 7 2 -1  -0.0343368
16764877444832883488
5 6 4 6 -1  -0.0423911
16764937185709411938
7 2 5 4 -1  -9.40459e-05
16765052479667210681
7 5 7 4 -1  0.0581497
16765110012109681743
4 3 2 1 -1  -0.729
16765277320443499847
7 6 2 6 -1  -0.9
16765335088118682332
5 2 2 2 -1  0.59049
16765456692149732685
5 5 7 4 -1  0.0523347
16765745581906109471
3 1 1 0 -1  -0.254186
16766020249764008802
7 4 6 4 -1  -0.150095
16766561581714827424
5 2 3 3 -1  -0.81
16766812695535086910
7 4 7 2 -1  -0.0309031
16766863128626963943
4 6 2 4 -1  0.0581497
16767011358538663684
7 0 7 1 -1  -0.31381
16767459298156171709
5 7 4 5 -1  -0.098477
16767486190523879517
7 1 5 2 -1  0.205891
16767770978531771454
6 7 5 6 -1  0.478297
16767933778318860313
7 2 6 1 -1  -0.254186
16768051046520344792
4 3 3 3 -1  0.282429
16768102038984516897
5 5 7 3 -1  -0.0581497
16768153012927632513
7 3 7 7 -1  -0.348678
16768177649473425931
3 1 2 1 -1  0.0717897
16768476112598391124
4 2 2 4 -1  0.135085
16768561795965660219
6 3 4 4 -1  0.0423911
16768718739003859619
7 3 6 2 -1  0.0471013
16768782996622185170
2 7 1 6 -1  0.9
16768798567736717217
6 5 4 5 -1  -0.282429
16768938366248160675
7 0 7 2 -1  -0.038152
16769113948691355114
6 2 4 2 -1  -0.0250315
16769132578788470985
1 0 1 5 -1  0.348678
16769187005314472842
6 3 4 2 -1  0.31381
16769286221974777267
6 7 4 7 -1  -0.0133028
16769333186533424820
7 5 7 3 -1  -0.00304325
16769456797533297700
3 1 2 1 -1  -0.348678
16769939981720007394
6 2 7 3 -1  0.38742
16770007145672094063
7 0 7 4 -1  -0.000773553
16770037838577497341
7 3 0 3 -1  0.00969773
16770074655623086989
5 6 4 4 -1  -0.0133028
16770201089370414241
6 3 5 1 -1  0.0309031
16770290344794885156
7 1 6 1 -1  0.478297
16770378700686864938
7 5 6 6 -1  0.00117902
16770426918046669800
5 3 4 3 -1  0.31381
16770428612809311986
5 4 4 4 -1  -0.81
16770503007996072352
6 3 4 2 -1  0.0717897
16770572801692552207
3 4 2 4 -1  -0.478297
16770585047034766542
6 6 7 5 -1  0.348678
16770616593313947244
7 3 7 2 -1  -0.098477
16770866112923627014
7 1 6 3 -1  -0.0309031
16771164858648904115
3 6 1 6 -1  -0.348678
16771386999820418387
4 6 7 3 -1  -0.6561
