16909953459345048318
4 3 2 2 -1  0.0717897
16910033624387668770
4 0 3 0 -1  0.109419
16910047248513747164
2 2 2 4 -1  0.282429
16910103887466578976
4 5 3 4 -1  0.00179701
16910252527847394760
2 0 1 0 -1  -0.00273892
16910461966010610223
7 6 7 7 -1  -0.348678
16910464555219667128
7 3 2 3 -1  -0.0250315
16910659136985632998
5 3 4 4 -1  -0.000696197
16910778653769146999
6 1 5 2 -1  0.150095
16910824842652708032
7 3 5 5 -1  0.00785516
16910825904214887333
7 4 7 2 -1  -0.0797664
16910883786093856158
1 5 1 0 -1  -0.205891
16910884834997394056
5 2 4 4 -1  -0.205891
16910952893602449748
7 1 3 1 -1  0.478297
16911002126705947447
3 7 4 6 -1  -0.729
16911002650591507270
7 4 7 6 -1  -0.0523347
16911193985953562306
4 1 3 2 -1  0.531441
16911198902387472068
6 2 7 3 -1  0.0581497
16911226204809949198
7 0 7 4 -1  -0.0343368
16911388143221427135
5 7 3 5 -1  0.31381
16911440048775321806
3 6 2 5 -1  -0.121577
16911476707420705848
3 4 2 4 -1  0.0471013
16911926539209817983
7 0 7 4 -1  0.0717897
16912099923600953181
7 2 6 3 -1  -0.0309031
16912273020544765850
3 6 7 2 -1  -0.00304325
16912347403575871743
6 6 5 6 -1  0.135085
16912355458897551291
7 3 7 2 -1  0.0523347
16912466012671384729
7 2 6 1 -1  0.0797664
16912471986800315410
7 2 7 7 -1  -0.205891
16912498115236006286
4 1 3 2 -1  0.38742
16912544830490717645
1 6 2 5 -1  -0.531441
16912712109825604138
6 6 5 5 -1  -0.0250315
16912892184302308047
0 4 0 6 -1  0.0309031
16912999744657953143
6 1 5 1 -1  -0.205891
16913203193550256410
5 4 4 4 -1  0.430467
16913308703977450293
6 1 4 1 -1  -0.0133028
16913340239455938058
7 5 4 2 -1  0.0133028
16913355866228667063
5 3 6 2 -1  0.00304325
16913711290945305854
6 5 5 4 -1  -0.00785516
16913929263583324362
5 1 1 5 -1  -0.0886293
16914476511967145471
7 5 6 5 -1  -0.59049
16914728599292670657
5 5 6 5 -1  0.0717897
16915195221152218761
5 6 3 5 -1  0.0343368
16915523534449254052
5 5 7 3 -1  0.254186
16915557116404826926
6 6 5 5 -1  0.531441
16915841165909610905
6 2 5 2 -1  -0.0717897
16915846596047634771
5 5 3 4 -1  -0.166772
16915862026549811565
5 2 3 1 -1  -0.185302
16916111018074008025
7 5 6 4 -1  0.00706964
16916302750840631605
5 2 4 0 -1  0.205891
16916648792392602582
6 1 4 1 -1  0.141889
16916813224650222438
6 6 4 6 -1  -0.0886293
16917007375018349452
4 2 3 1 -1  -0.81
16917047308854789179
3 2 1 1 -1  -0.166772
16917065100418065027
7 2 6 3 -1  -0.0646108
16917263909505745320
5 4 4 3 -1  0.0646108
16917310979782538248
6 4 4 3 -1  0.0309031
16917548999856138624
6 6 5 6 -1  0.6561
16917551552521730054
6 6 5 6 -1  0.81
16917740101982474283
6 6 4 6 -1  -0.0250315
16917907110260431408
7 5 6 6 -1  -0.121577
16918020245039929275
5 4 2 7 -1  0.0202755
16918262812940983399
7 2 6 1 -1  0.135085
16918310420794642214
3 1 2 2 -1  -0.111203
16918371250165424162
7 5 6 4 -1  0.0523347
16918679270770702627
3 3 4 5 -1  -0.0581497
16918703678066491567
6 3 5 3 -1  0.348678
16919152162624811755
6 2 6 3 -1  -0.150095
16919352529730519932
6 5 4 5 -1  0.228768
16919458384388279870
3 7 1 6 -1  -0.430467
16920038624188658189
6 6 5 5 -1  0.0646108
16920074427218924386
5 7 5 5 -1  -0.478297
16920769699663520348
6 7 5 7 -1  0.0886293
16920834146280509716
4 7 2 6 -1  0.0523347
16920945857987326893
6 7 4 7 -1  -0.166772
16921005817156173144
7 3 5 3 -1  0.0471013
16921015063173456876
4 2 3 0 -1  0.0471013
16921028576353148779
2 4 5 1 -1  -0.150095
16921119170469030968
5 4 4 5 -1  0.31381
16921128147431426027
4 1 3 1 -1  -0.0646108
16921385945399453920
6 1 5 1 -1  0.00969773
16921802702485184685
7 2 5 4 -1  0.00463839
16922077996384608443
4 4 4 3 -1  0.38742
16922098163901720574
5 7 6 6 -1  0.0886293
16922115941943851805
5 3 4 3 -1  -0.478297
16922380563598118516
4 1 2 1 -1  0.150095
16922810981981067691
5 4 6 5 -1  0.348678
16922872501568970364
3 0 4 0 -1  0.109419
16923049057212298660
7 4 4 7 -1  -0.228768
16923158672860153127
7 3 0 3 -1  -0.0423911
16923169090329935806
7 2 1 2 -1  0.0225284
16923182136498621264
5 7 4 7 -1  0.228768
16923268368465332248
5 3 4 3 -1  -0.098477
16923463861983899187
6 1 5 1 -1  -0.0202755
16923598037024331991
6 3 5 3 -1  -0.0886293
16923624252498801039
5 1 5 2 -1  -0.038152
16923627208722731870
3 6 2 5 -1  0.0523347
16923679179039969562
5 5 6 3 -1  -0.0797664
16923811237011396974
6 4 7 3 -1  -0.0343368
16924054339658318729
4 2 3 0 -1  0.348678
16924333988068960697
3 4 4 5 -1  -0.81
16924423875499360798
7 1 6 1 -1  0.00872795
16924644621619677290
4 6 4 0 -1  0.0423911
16924872772570846903
6 1 5 1 -1  0.254186
7 1 5 2 -1  0.0147809
7 1 6 3 -1  0.0121166
7 3 7 4 -1  0.31381
16924962511569441265
7 2 6 3 -1  -0.0646108
16925008325838783260
4 3 5 1 -1  0.0309031
16925080165285473334
5 3 6 4 -1  0.478297
16925095387066343650
7 1 5 2 -1  -0.0581497
16925144376698816867
5 6 6 4 -1  0.166772
16925202349775181261
6 4 6 1 -1  -0.9
16925437846945844282
7 3 6 3 -1  0.0309031
16926003734449979074
3 4 2 4 -1  -0.254186
16926057507659614422
5 6 3 4 -1  -0.0581497
16926118126391405656
3 4 2 5 -1  -1
16926157232361634729
5 2 4 2 -1  0.0202755
16926180037635681007
7 4 6 6 -1  -0.121577
16926246166293481646
7 1 1 1 -1  0.00179701
16926476307141987724
6 4 7 4 -1  0.00273892
16926777863966742869
5 4 6 6 -1  0.0107753
16926948553209211835
4 2 3 2 -1  0.135085
16927189384385152694
5 5 6 5 -1  0.228768
16927323919221704814
4 7 2 5 -1  0.00872795
16927519120554831674
6 1 7 0 -1  0.0581497
16927588923738525096
4 3 3 2 -1  0.0797664
16927694990205532976
5 1 4 2 -1  0.150095
16928224373476236572
7 6 7 4 -1  -0.531441
16928787985725462698
6 2 4 2 -1  5.55331e-05
16928865675349277590
1 5 3 6 -1  -0.207035
16929152306025251547
5 5 3 3 -1  0.185302
16929250844205987654
2 7 2 6 -1  0.150095
16929551409260602494
7 5 6 6 -1  -0.121577
16929559938333564245
7 3 6 2 -1  -0.121577
16929576111463556871
2 2 3 3 -1  -0.430467
16929629312376864562
1 2 0 2 10  -0.121577
16929711129208489237
7 3 6 3 -1  0.0797664
16929795058398327484
6 3 5 3 -1  -0.0133028
16929858782598127310
6 4 6 2 -1  0.0343368
16929957984054035284
6 4 5 3 -1  0.59049
16929962991081513167
0 3 2 3 -1  0.81
16930135164000999292
5 0 4 0 -1  -0.0797664
16930156424386573321
7 5 6 6 -1  0.0629211
16930333820181168852
6 0 4 0 -1  0.00417455
16930343303505840453
0 2 3 5 -1  -0.0343368
16930413513324757966
6 7 7 6 -1  0.121577
16930639172111145879
7 1 7 3 -1  0.9
16930888022331337766
7 5 6 6 -1  0.185302
16931115855025828058
5 0 4 1 -1  0.185302
16931131595395716557
1 3 3 5 -1  -0.38742
16931153000813899343
6 7 4 7 -1  0.0225284
16931606937526543492
5 5 4 3 -1  0.0471013
16931698036108173161
5 1 4 3 -1  0.038152
16931769901236395090
4 2 0 6 -1  0.098477
16931854722308929108
7 0 6 0 -1  0.0278128
16931881604671090834
7 5 7 2 -1  0.121577
16931904317872091692
7 4 7 6 -1  -0.0797664
16931930143666606949
1 4 5 4 -1  -0.0886293
16932220772392993394
4 4 2 2 -1  0.6561
16932300843896175229
5 3 4 3 -1  -0.0582211
16932320282884322767
7 5 7 4 -1  -0.0147809
16932324358967655861
0 4 3 1 -1  0.185302
16932443283162649236
6 1 5 1 -1  0.0797664
16932593501961013224
6 6 2 2 -1  -0.00131002
16932643903998519189
7 1 5 1 -1  0.0471013
16932671260828142711
6 2 4 0 -1  0.121577
16932862854193364772
7 5 6 3 -1  0.478297
16932879518152921486
3 2 7 2 -1  -0.0345276
16933032823791079209
7 4 7 6 -1  0.0471013
16933189259949342380
3 4 4 4 -1  -0.0523347
16933366950290047055
7 0 7 1 -1  0.0471013
16933404081069886494
6 7 5 7 -1  0.0581497
16933820175132509347
7 4 4 4 -1  0.6561
16934171507426973042
7 5 6 5 -1  0.81
16934383569316812909
7 5 7 4 -1  -0.0797664
16934551540430516277
0 3 0 5 -1  -0.9
16934733709302129859
4 4 3 3 -1  0.348678
16934771751402617658
6 5 7 4 -1  0.282429
16935187392430502801
6 4 5 5 -1  0.38742
16935370830357181446
6 1 6 0 -1  0.9
16935698565956039791
7 6 5 5 -1  0.0797664
16936149222673148126
6 6 7 5 -1  0.0886293
16936273077160364474
2 2 3 1 -1  0.228768
16936339723795152773
6 2 5 2 -1  0.0299348
16936505131907397238
7 5 6 6 -1  0.228768
16936594764493368191
5 4 3 6 -1  0.0581497
16936730229302111627
7 6 6 6 -1  -0.531441
7 6 6 7 -1  -0.6561
16936861425281946934
6 3 4 2 -1  0.228768
16936919840466118622
4 5 4 3 -1  0.0797664
16937168134573279922
5 4 4 3 -1  0.00872795
16937210099394658484
6 7 5 7 -1  -0.38742
16937252154155957709
4 3 3 2 -1  -0.6561
16937342546148248918
2 7 7 7 -1  0.135085
16937565804760205951
7 3 7 4 -1  -1
16937573673416173614
7 3 5 3 -1  0.0278128
16937583714507384268
5 0 3 1 -1  0.729
16937745463950481989
7 1 5 2 -1  -0.00872795
16937770130621903439
5 2 6 3 -1  -0.228768
16937862643319295421
7 0 7 2 -1  0.348678
16937985147638432755
7 4 7 6 -1  -0.00645311
16938074733325622683
6 4 5 3 -1  0.729
16938082290057607866
6 1 2 5 -1  0.0343368
16938217696619427669
7 2 6 3 -1  0.0646108
16938396137727787742
7 0 5 0 -1  -0.150095
16938506757987563968
7 0 7 4 -1  0.166772
16938652813300002830
4 1 6 3 -1  -0.228768
16938729744004285579
1 0 1 2 -1  -1
16938960646977078477
5 4 4 5 -1  0.109419
16939074973871292050
6 2 7 2 -1  0.31381
16939276431743853256
5 6 6 5 -1  0.478297
16939299075548390260
6 3 4 3 -1  -0.00199668
16939350216188751717
4 1 3 0 -1  -0.185302
16939533557847417923
6 1 5 1 -1  0.228768
16939786332201102348
4 0 3 1 -1  -1
16940265987612495301
7 5 5 5 -1  0.0225284
16940382580652281707
6 4 4 2 -1  0.0250315
16940775953971737085
7 0 7 2 -1  -0.0797664
16940807061867391248
7 1 7 4 -1  -0.00515377
16941092638153220936
7 7 7 6 -1  -0.0717897
16941147312385646887
6 3 6 4 -1  0.729
16941193002537068476
7 5 7 3 -1  0.00636268
16941321930806783842
7 0 7 5 -1  0.31381
16941423972788096140
4 2 7 5 -1  -0.166772
16941460644765615740
5 3 7 1 -1  -0.000626578
16941495310700102485
5 4 4 5 -1  -0.0119725
16941708083703782215
7 2 5 4 -1  0.0797664
16941733867700693217
5 0 3 0 -1  0.531441
16941808525779149118
2 2 3 1 -1  0.59049
16941992605166685298
5 4 5 3 -1  0.9
16942000474424748589
3 2 2 2 -1  -1
16942163202004907213
5 7 4 6 -1  -0.81
16942314155598161738
5 4 5 1 -1  0.166772
16942317903107936080
7 4 7 3 -1  0.018248
16942488116434958870
3 2 1 2 -1  -0.00969773
16942532279737223829
3 3 2 3 -1  0.531441
16942705108480699466
7 4 7 6 -1  0.038152
16942708060983309315
7 7 7 6 -1  -0.228768
16942747711022341337
6 6 5 6 -1  0.31381
16943344570399124624
5 6 4 6 -1  0.0886293
16943625016075837991
5 5 5 7 -1  -0.135085
16943651211577923343
1 1 1 4 -1  0.9
16944139737158690115
3 1 4 2 -1  0.81
16944221307978468819
3 1 2 1 -1  0.9
16944413354072339753
5 4 6 5 -1  0.0343368
16944525131894090120
6 7 5 7 -1  0.0646108
16944557195629204909
4 1 1 4 -1  0.185302
16944665616469786982
7 2 5 4 -1  -0.00969773
16944705644394399343
2 7 3 7 -1  0.185302
16944733314501433524
7 4 5 5 -1  0.038152
16944790123634824570
3 4 2 4 -1  -0.38742
16945113342919120099
7 4 0 4 -1  0.729
16945548385340990325
7 3 1 3 -1  -0.430467
16945877865467106491
1 0 2 0 -1  0.531441
16945946143483616405
5 3 5 5 -1  0.121577
16945971323514525446
6 3 4 3 -1  0.0147809
6 3 5 3 -1  -0.0309031
16946109224845230852
7 0 7 3 -1  0.166772
16946120682640096573
6 1 5 0 -1  -0.38742
16946160274555299708
6 6 5 5 -1  0.348678
16946231015694590543
7 2 3 6 -1  -0.109419
16946313529107463392
7 2 6 3 -1  -0.00161731
16946451301939827390
6 5 5 5 -1  0.31381
16946618376144847465
5 5 4 4 -1  -0.0250315
16946774343403584803
4 4 3 4 -1  0.0717897
16946863860827244879
2 4 4 2 -1  -0.38742
16946889820584318849
5 6 4 6 -1  0.166772
16947123723100184099
5 0 5 3 -1  0.135085
16947233689845809493
5 1 4 2 -1  0.185302
16947256555537048059
5 6 4 5 -1  -0.59049
16947309313401164667
5 6 4 6 -1  0.531441
16947506938199434207
7 4 7 1 -1  0.0886293
16947588438786234576
2 6 2 7 -1  -0.135085
16947797487347971476
4 2 5 2 -1  -0.81
16948518020728951728
7 4 6 4 -1  0.254186
16948683581421083064
4 6 5 5 -1  -0.478297
16948693564219843423
5 3 4 4 -1  0.228768
16948953059054800605
6 6 2 2 -1  0.38742
16949443375257477095
4 1 3 0 -1  0.109419
16949552329006808356
7 1 6 3 -1  -0.00292924
7 5 6 4 -1  -0.0433834
16950082382614788666
7 4 7 6 -1  0.018248
16950082719045430028
7 4 7 5 -1  -0.205891
16950388001645877133
7 0 7 3 -1  0.59049
16950408630406660431
2 3 4 4 -1  -0.478297
16950747215393820608
6 6 5 7 -1  -0.59049
16950835606820828932
1 0 3 0 -1  0.729
16951232270097002186
2 1 4 0 -1  0.00106111
16951272718661888019
4 5 3 4 -1  -0.228768
16951470625654259391
7 0 7 2 -1  0.0646108
16951620127026587513
7 1 6 3 -1  -0.0346209
16951681763411633192
4 4 3 6 -1  0.254186
16952169346511610431
5 6 4 6 -1  0.38742
16952379587495005698
2 3 0 5 -1  0.282429
16952525436198064956
6 4 5 3 -1  -0.121577
16952747869399011159
4 4 2 3 -1  -0.430467
16952938843805747840
3 0 1 0 -1  0.38742
16953406654660476451
5 4 3 2 -1  0.31381
16953420081201862542
7 1 4 1 -1  0.166772
16953480840220729767
4 1 3 0 -1  0.59049
16953536689733090821
3 0 2 0 -1  0.121577
16953566999733474079
6 6 5 7 -1  -0.81
16953667753895153701
7 7 3 7 -1  -0.0225284
16953731544552084151
0 6 0 4 -1  0.150095
16953831086470744523
3 5 4 4 -1  -1
16953913824023707864
5 3 1 3 -1  0.0471013
16954070133339846354
4 4 3 3 -1  0.478297
16954324976912536147
4 6 3 6 -1  0.478297
16954482277259368361
7 3 6 2 -1  0.000773553
16954710182975058876
6 3 4 1 -1  0.0581497
16955151923050738232
4 6 0 2 -1  -0.38742
16955161554284567719
6 2 5 2 -1  0.0343368
16955205297405271594
3 1 4 2 -1  0.166772
16955243215393055814
7 0 7 3 -1  -0.000859503
16955404450601345752
4 2 3 2 -1  -0.0471013
16955460647157708019
4 7 2 7 -1  0.0164232
16955583661879238020
4 1 3 1 -1  -0.282429
16955614463163167026
1 5 0 6 -1  0.185302
1 5 2 5 -1  0.150095
16955707688322316172
5 6 4 7 -1  -0.348678
16955867923167189402
5 4 0 4 -1  -0.098477
16955920222577617527
7 4 6 2 -1  -0.135085
16956005314119908858
7 5 7 4 -1  -0.205891
16956058257688500434
7 2 3 6 -1  0.000369988
16956242323732660664
5 5 4 4 -1  0.166772
16956504378191236656
4 4 3 4 -1  -0.135085
16956541306913008244
7 1 6 1 -1  -0.0717897
16956567410977687576
7 5 7 3 -1  0.38742
16956621123062837417
7 5 5 5 -1  0.38742
16956797918934544253
4 1 4 3 -1  0.135085
16956962519743437050
7 1 5 2 -1  0.00463839
16957038747183744132
7 2 6 2 -1  0.228768
16957338034661321858
6 4 4 4 -1  -0.0523347
16957428627378095393
7 6 6 7 -1  0.109419
16957440665677389121
3 0 4 0 -1  0.729
16957528941022385388
5 4 4 4 -1  0.00969773
16957655283549629907
1 1 3 2 -1  0.254186
16957705847965499570
2 1 5 4 -1  0.166772
16957724809525167360
7 6 5 5 -1  0.00785516
16957785657304403389
3 2 2 3 -1  -0.729
16958087968297980284
5 4 6 3 -1  0.00785516
16958098204444241290
7 6 6 6 -1  0.430467
16958146393171049909
4 4 3 5 -1  0.0717897
16958285193259373269
5 5 3 4 -1  -0.205891
16958317249460423245
7 5 6 7 -1  0.31381
16958534102695701218
6 1 4 1 -1  -0.0797664
16958608082461872319
7 4 6 4 -1  -0.00246503
16958633054597290044
3 3 0 3 -1  0.38742
16958819078754278443
7 5 7 0 -1  -0.348678
16958859316491552844
5 0 4 1 -1  -0.282429
16959257073880078528
6 5 4 5 -1  -0.0147809
16959336925148324576
6 5 4 5 -1  -0.00515377
16959416930107813346
4 1 7 1 -1  -0.185302
16959720254083945949
4 2 6 4 -1  -0.121577
16959884405635661798
7 2 4 2 -1  0.0797664
16960094621274890241
5 3 4 3 -1  0.205891
16960403255862435307
5 1 3 2 -1  0.0343368
16960496716606031270
5 7 2 7 -1  -0.729
16960571182152064302
2 1 5 4 -1  0.00106111
16961250486641521656
7 5 6 6 -1  0.0250315
16961576260033781915
4 0 5 1 -1  0.0471013
16961596623483779756
7 7 6 6 -1  0.205891
16961658677650366152
6 4 4 3 -1  -0.0147809
16961678135141104038
4 6 3 5 -1  0.0581497
16961774318743290146
7 5 6 4 -1  -0.150095
16962390257408691451
6 5 6 6 -1  -0.228768
16962612801860325261
4 0 5 1 -1  -0.0581497
16962681272885041670
1 5 3 4 -1  -0.478297
16962966508457764260
7 4 7 6 -1  0.0202755
16962992757357799419
5 4 5 3 -1  -0.254186
16963046848621409152
5 7 2 4 -1  0.038152
16963212205381368071
4 7 3 7 -1  0.00785516
16963327369875188907
3 5 2 4 -1  0.9
16963379850705742166
6 3 5 1 -1  0.0797664
16963616307544976055
7 4 7 6 -1  0.018248
16963741669990249332
6 0 5 0 -1  -0.038152
16963789353658281670
4 3 3 2 -1  0.0133028
16963911194318783887
6 0 4 0 -1  -0.282429
16964101750925056824
6 7 5 7 -1  -0.166772
16964449201716809806
7 2 3 6 -1  0.0797664
16964844657283433070
7 4 6 4 -1  0.0133028
16965107775702235573
6 5 4 5 -1  0.0250315
16965281512777236008
6 1 2 5 -1  -0.0471013
16965351690401116887
6 4 7 2 -1  0.000773553
16965356089389187836
5 1 3 2 -1  0.0523347
16965657559044012586
5 4 4 4 -1  0.0471013
16965786221094624648
2 2 4 2 -1  0.0797664
16966072676877672339
3 1 4 2 -1  0.00199668
16966296434759245057
7 5 7 2 -1  0.0886293
16966371259343649936
7 5 7 4 -1  0.109419
16966386287947676014
7 4 7 6 -1  0.000196627
16966404771555578510
3 1 2 1 -1  0.0471013
16966503046182324900
5 1 4 1 -1  -0.121577
16966629235268316878
7 2 6 1 -1  0.018248
16966680832468040962
7 1 6 3 -1  0.0581497
16966859227961533315
1 0 5 4 -1  0.205891
16967032226578243831
7 0 7 7 -1  -0.228768
16967067078365184784
6 1 5 1 -1  -0.0258267
6 2 4 2 -1  -0.00725411
6 3 4 3 -1  -0.0252477
6 5 4 5 -1  -0.0063954
7 5 3 1 -1  -0.0030526
7 6 5 5 -1  -0.00573373
16967130418646648503
6 6 7 5 -1  0.121577
16967300310695116110
6 1 7 2 -1  -0.0523347
16967342955112749845
5 4 4 3 -1  0.109419
16967698669666560368
1 6 2 6 -1  -0.0471013
16968025305592781507
6 5 4 5 -1  -0.430467
16968072461904010361
7 0 7 1 -1  0.166772
16968125194596762895
7 0 7 2 -1  -0.0278128
16968220266584533011
4 3 5 1 -1  -0.0423911
16968302557447997647
6 2 1 2 -1  -0.38742
16968509095278405992
7 6 6 6 -1  0.6561
16968780403760952641
6 3 4 2 -1  0.38742
16968788277601570294
5 3 4 3 -1  0.0886293
16968954054688429153
4 4 4 5 -1  -0.0581497
16969022530485241151
7 5 6 5 -1  -0.59049
16969049523931048984
5 5 4 4 -1  -0.282429
16969129808538233518
6 5 5 4 -1  0.9
16969186834648428201
6 4 4 4 -1  -0.0646108
16969217027700338596
5 7 4 5 -1  0.00872795
16969218194786935161
6 1 5 1 -1  0.109419
16969366616495323606
7 1 5 2 -1  0.098477
16969672680874511413
3 6 3 7 -1  0.0423911
16969699358014086406
7 5 6 4 -1  0.0646108
16969719697276617086
7 3 1 3 -1  0.0250315
16969885902484083745
7 4 7 6 -1  0.531441
16970264113023967393
2 7 1 7 -1  0.9
16970383677603792336
7 1 6 3 -1  0.00463839
16970387293586784341
6 3 2 3 -1  -0.109419
16970431316516029898
5 1 5 0 -1  0.00029969
16970471928896002485
5 6 3 5 -1  -0.31381
16970624830758897136
6 2 4 1 -1  -0.121577
16970786977012232229
4 2 5 3 -1  0.254186
16970992668416721256
4 7 3 5 -1  0.348678
16971025971008814095
6 3 3 0 -1  -0.0717897
16971158844637332112
6 3 5 1 -1  0.00246503
16971417069457180744
7 3 5 1 -1  -0.150095
16971656511833021084
7 1 5 2 -1  0.150095
16971811682346427580
5 3 4 3 -1  -0.0133028
16971875468353424174
2 0 6 0 -1  -0.166772
16971892409208155598
7 3 4 0 -1  -0.00246503
16971919829716330240
4 2 0 6 -1  0.135085
16972034208651617989
7 2 4 5 -1  -0.282429
16972111582456967056
2 1 3 0 -1  -0.205891
16972373284159616333
4 2 3 3 -1  0.00179701
7 2 6 1 -1  -0.0966832
16972878430855250246
7 6 6 5 -1  -0.254186
16972919782370458942
6 0 4 0 -1  -0.166772
16973187759580884260
6 4 7 5 -1  0.0646108
16973399316240612846
5 2 4 2 -1  0.729
16973483826667160723
4 7 3 7 -1  -0.109419
16973528967686484172
7 5 7 4 -1  -0.150095
16973586895305241645
7 1 5 2 -1  0.018248
16973818148343692963
5 7 7 5 -1  0.00515377
16974225875157251004
5 6 4 7 -1  0.729
16974381065946031182
6 5 4 5 -1  0.0423911
16974567740470679577
7 4 7 2 -1  0.00872795
16974619994748525399
4 6 3 7 -1  0.0523347
16974824790112366646
5 2 4 3 -1  0.0309031
16974952367359409954
6 3 4 3 -1  0.00515377
16974978234226966464
5 6 4 5 -1  0.348678
16975093275955733516
5 6 4 5 -1  0.0250315
16975165232392352577
7 2 6 2 -1  0.0202755
16975277657590000209
4 1 3 1 -1  0.478297
16975289471909566064
7 6 6 7 -1  -0.150095
16975446596525940669
1 0 1 3 -1  0.228768
16975466501116431077
5 5 4 4 -1  0.0133028
16975654272882438824
4 4 5 2 -1  -0.185302
16975875011644985664
5 2 4 4 -1  -0.00785516
16976168881050515236
5 6 4 6 -1  -0.0423911
16976200013540523259
3 2 3 0 -1  -0.228768
16976270000409974303
6 1 5 2 -1  -1
16976894125667133889
3 6 1 6 -1  0.228768
16977317155759141165
5 4 6 5 -1  0.109419
16977339978440672065
4 5 3 4 -1  -0.6561
16977347176454593910
6 6 5 5 -1  0.109419
16977355058568017504
4 4 5 6 -1  -0.282429
16977461636725237622
6 1 7 0 -1  0.6561
16977611893348898603
7 4 7 6 -1  -0.121577
16977675631990345866
3 1 6 1 -1  0.00636268
16978004003419376498
6 1 5 0 -1  0.430467
16978030764856825792
7 4 1 4 -1  0.38742
16978424642070141454
4 7 6 5 -1  0.38742
16978843633741671063
6 5 6 6 -1  -0.0225284
16979142021666125473
7 2 6 3 -1  0.000143341
16979297723654639800
0 0 0 1 -1  0.9
16979328773729120295
6 3 2 7 -1  0.729
16979332859164682373
3 2 1 2 -1  -1
16979334738646566485
6 1 5 1 -1  -0.0523347
16979542221293082303
5 7 4 7 -1  -0.000773553
16979588856268345863
7 6 6 7 -1  0.38742
16979687763642995255
3 1 2 2 -1  0.0250315
16979696294411014696
7 4 7 7 -1  -0.38742
16980425426623432956
3 1 3 2 -1  0.81
16980438230551022608
5 2 4 3 -1  -0.000626578
16980701217413120706
6 0 5 0 -1  0.135085
16980709137867574992
6 3 5 3 -1  0.00969773
16980749285003222267
6 6 5 6 -1  0.205891
16981163886320692177
6 7 5 6 -1  0.729
16981212085189002778
7 0 7 6 -1  0.531441
16981307938637702618
6 0 5 0 -1  0.0423911
7 4 7 6 -1  -0.0196549
16981420566315202285
5 2 4 1 -1  0.0523347
16981472986660704373
7 1 5 2 -1  0.038152
16981657314082473600
3 7 1 7 -1  -0.9
16981671859041134245
7 0 7 2 -1  -0.0164232
16981733028371180361
7 3 6 4 -1  0.531441
16981756907158939167
5 4 5 2 -1  0.0250315
16981813148269655797
4 0 2 2 -1  -0.254186
16981842480273121881
2 1 3 1 -1  -0.121577
16981858289118983920
7 0 7 1 -1  -0.098477
16981878045036435943
5 7 4 7 -1  0.478297
16982104754247635058
6 7 5 7 -1  0.348678
16982171977322504981
6 5 5 5 -1  -0.0423911
16982436647090568214
6 6 5 5 -1  -0.0147809
16982520160592010873
1 2 0 3 -1  0.0250315
16982657601048046073
4 3 3 3 -1  0.228768
16982735289771428326
6 2 5 2 -1  -0.0250315
16982918928353783663
7 6 2 6 -1  0.0523347
16983127079127046625
7 3 0 3 -1  -0.38742
16983525602438277253
6 1 5 0 -1  0.282429
16983721099604154263
5 3 6 4 -1  0.31381
16983960502618789900
4 0 2 1 -1  0.0119725
16984148812468884482
5 2 4 2 -1  0.0019076
16984575684357302111
0 7 5 7 -1  0.9
16985353891023887384
6 1 2 1 -1  -0.166772
16985522985590807062
7 1 6 3 -1  0.00463839
16985794160393232173
7 3 6 3 -1  0.098477
16985897913496718286
5 1 4 1 -1  -0.185302
16985904230497215453
6 1 4 3 -1  0.0523347
16985976805501244197
6 7 6 6 -1  0.59049
16986196690004853820
4 2 3 2 -1  -0.6561
16986494846121588770
6 4 5 2 -1  0.531441
16986809680275611298
6 4 3 1 -1  -0.00636268
16986817537016741783
7 4 3 0 -1  0.0037571
16986838651958391239
3 1 0 1 -1  0.0886293
16986972187795208062
7 3 7 7 -1  -0.205891
16987021550330380467
5 5 3 4 -1  0.0309031
16987234324597962335
4 0 3 0 -1  -0.729
16987376851808415744
4 2 4 3 -1  0.81
16987556410864221060
5 3 3 3 -1  0.0278128
16987558228408800908
6 4 5 6 -1  -0.185302
16987793036415962048
6 4 1 4 -1  0.0471013
16987986009079811522
4 5 5 6 -1  0.31381
16988442780374604453
4 2 4 4 -1  -0.478297
16988773835432101624
1 0 3 1 -1  -0.0423911
16988816990697410495
4 2 5 3 -1  -0.59049
16988876409618518962
3 5 5 5 -1  -0.0250315
16988882273170768880
0 5 0 0 -1  -0.254186
16989148719637028076
6 1 5 1 -1  0.000218474
16989372397180467084
6 1 6 0 -1  0.0133028
16989478256330140826
4 7 4 0 -1  0.135085
16989520034453399929
5 2 3 3 -1  0.0202755
16989555520130545102
7 4 6 4 -1  -0.430467
16989717990403909062
6 1 7 2 -1  0.430467
16989735863726944091
7 2 6 0 -1  0.00706964
16990019831345601045
6 5 5 5 -1  0.0225284
16990102592906263012
7 4 4 4 -1  0.0037571
16990185887796623176
7 1 5 2 -1  0.0340807
16990215655236398298
4 3 3 3 -1  -0.282429
16990326467149504717
2 0 3 0 -1  0.109419
16990430670242231663
6 2 6 1 -1  -0.0523347
16990634855975822073
6 6 4 6 -1  0.00179701
16990666067447724514
5 6 4 6 -1  -0.098477
16990704052052115271
7 2 5 4 -1  0.0119725
16991167961382388265
3 4 2 3 -1  -0.0797664
16991230463780951858
6 3 5 3 -1  -0.000696197
16991339072927464616
2 1 3 1 -1  0.348678
16991373064749357425
1 5 2 5 -1  0.38742
16991382730852895121
5 2 6 4 -1  -0.0278128
16991480922907693074
4 1 3 1 -1  0.0119725
16991552876618224933
7 5 6 4 -1  -0.121577
16991590047227166149
7 5 7 4 -1  0.0343368
16991628790837226557
7 4 4 7 -1  0.0797664
16991862272630628041
1 3 1 4 -1  0.430467
16991871666488442850
3 6 2 5 -1  0.185302
16991897457705743152
5 2 7 3 -1  0.109419
16992577477441352656
3 2 2 0 -1  0.348678
16992684867061822251
3 0 6 0 -1  -0.00636268
16992709570381974518
6 6 5 6 -1  -0.0523347
16992723741531563179
4 3 3 1 -1  -0.109419
16992811751142360219
7 4 7 2 -1  0.150095
16993026465368800460
7 2 6 3 -1  -0.59049
16993062864924013593
6 2 5 1 -1  0.228768
16993285650959364295
4 1 3 2 -1  0.00338139
16993421557024663935
6 7 5 7 -1  0.282429
16993448516622401699
5 4 4 4 -1  0.9
16993702134246618547
4 0 2 1 -1  -0.00304325
16993715416703596643
7 3 6 2 -1  0.185302
16993801286026774693
7 4 7 5 -1  0.59049
16993973321719245570
5 5 4 5 -1  -0.729
16993981676393147676
5 5 0 0 -1  -0.228768
16994010890429121421
4 1 3 1 -1  -0.0278128
16994025597252719123
5 5 3 4 -1  0.018248
16994105917166777912
7 6 7 7 -1  -0.0523347
16994442115840666848
6 0 5 0 -1  -0.0471013
16994631111959625884
7 3 7 4 -1  0.0147809
16994681792587012065
4 3 6 4 -1  0.00872795
16995243582304431720
3 3 4 4 -1  -0.150095
16995338648326510721
2 3 2 1 -1  -0.531441
16995372561400763389
7 0 2 5 -1  0.6561
16995616618296826697
4 3 5 1 -1  -0.0717897
16995707857120878893
7 6 6 4 -1  -0.00706964
16996046530366856178
6 3 5 3 -1  -0.109419
16996052401526906363
6 6 4 5 -1  -0.0886293
16996220423278898319
7 5 4 5 -1  0.59049
16996371678629922953
6 3 5 5 -1  0.185302
16996400610308205421
3 0 5 1 -1  0.00969773
16996664511922343474
3 1 2 2 -1  -0.0119725
16996854273058208234
6 7 5 7 -1  -0.166772
16996920800347198394
6 0 4 2 -1  0.9
16996973011747544582
7 3 5 3 -1  -0.254186
16997011778088991208
5 1 3 2 -1  0.0717897
16997147398408958891
5 3 6 4 -1  0.0164232
16997458289777499012
6 0 4 0 -1  0.348678
16997556515781190810
5 4 3 5 -1  -0.6561
16997574215875591586
5 6 5 4 -1  -0.0343368
16997617495006027314
1 5 2 6 -1  0.282429
16997714553251093609
6 4 5 3 -1  0.0581497
16998194730344708588
2 2 2 3 -1  0.0797664
16998481120857795441
5 6 4 6 -1  -0.150095
16998528430802362590
4 1 3 1 -1  0.0343368
16999130114437585791
5 5 4 5 -1  -0.0202755
16999196842330711745
6 7 7 7 -1  -1
16999400900274156927
6 0 4 0 -1  -0.00463839
16999460751854068808
7 4 0 4 -1  0.6561
16999467714494843400
5 6 5 5 -1  -0.59049
16999637876199859741
4 0 4 1 -1  0.478297
16999901265667885967
7 5 4 2 -1  -0.0119725
16999939964017217348
5 6 4 7 -1  0.38742
17000019892847616876
3 2 6 2 -1  0.0471013
17000090254460519666
7 5 5 7 -1  0.018248
17000531908309663596
1 1 7 1 -1  0.282429
17000652485458649911
7 2 6 3 -1  -0.0678653
17000801804340449815
6 3 7 1 -1  0.38742
17001105974207101778
2 4 5 4 -1  0.430467
17001246998761767800
7 3 7 1 -1  0.0523347
17001877653492556489
4 7 3 6 -1  0.9
17002063742342492196
5 3 6 4 -1  0.9
17002183201001369886
3 7 2 7 -1  0.254186
17002262591559547473
4 0 3 0 -1  0.185302
17002383786199359825
4 4 3 2 -1  -0.121577
17002559868236482920
6 6 4 6 -1  -0.121577
17002587417922433905
0 3 1 3 -1  0.9
17002662071482789602
5 4 3 2 -1  0.0886293
17002752174626697106
4 3 1 6 -1  0.166772
17002861848434405283
7 5 6 5 -1  0.0717897
17002926424982976684
7 5 6 4 -1  0.0581497
17003010408617126916
6 2 1 2 -1  0.31381
17003124387535006734
6 0 5 0 -1  -0.0646108
17003282817859269170
7 1 7 7 -1  0.0147809
17003324507300970979
5 2 4 4 -1  0.205891
17003552432334813089
6 7 5 7 -1  0.038152
17003843876631879648
4 4 6 3 -1  0.0119725
17004394815480461336
5 2 4 1 -1  0.0581497
17004487984550504115
5 5 3 4 -1  0.135085
17004758646773738731
5 5 5 7 -1  0.0646108
17005028275602378882
7 5 7 4 -1  0.0717897
17005051201976865464
7 2 5 4 -1  0.0717897
17005127608701986094
3 4 5 3 -1  0.0278128
17005578366322155661
7 5 3 1 -1  0.0717897
17005582534215911734
7 3 5 3 -1  -0.59049
17005816538177172346
7 0 7 3 -1  -0.00515377
17005948020614997909
6 2 4 2 -1  0.018248
17006148951759790006
5 2 6 4 -1  -0.018248
17006213072270832811
3 6 2 6 -1  0.283998
17006519597849715235
3 4 3 2 -1  -0.348678
17006842532734424128
5 5 6 3 -1  -0.31381
17007024411739224567
7 5 6 5 -1  0.282429
17007315669632602548
4 4 3 4 -1  0.0797664
17007394135669434848
7 6 7 5 -1  0.9
17007841639763023963
6 2 5 2 -1  0.121577
17007983098811314038
6 7 5 7 -1  0.282429
17008064433788251671
7 4 7 6 -1  0.00273892
17008087662359202443
4 2 4 3 -1  0.9
17008116060939530157
4 7 4 5 -1  -0.0797664
17008259412049700244
7 2 7 0 -1  0.81
17008415566588171030
7 6 6 6 -1  0.185302
17008416796775684098
6 4 5 2 -1  -0.205891
17008417550717258158
6 3 5 4 -1  0.282429
17008534204404783268
1 1 5 5 -1  0.9
17008637980380842463
5 2 3 3 -1  -0.0252387
7 2 6 3 -1  -0.0119725
17008683251902360444
7 6 7 0 -1  0.00179701
17008979339362361246
5 3 5 0 -1  -0.31381
17009102915418226044
3 0 2 0 -1  0.254186
17009157097992980634
2 0 1 0 -1  0.0581497
17009282598883534240
5 2 4 1 -1  -0.098477
17009728307881337075
4 4 3 4 -1  0.166772
17009769875502764360
7 5 2 5 -1  0.729
17009857536009511068
6 5 7 4 -1  0.150095
17010093303403950530
6 4 6 3 -1  0.0225284
17010306278384248854
6 3 6 7 -1  0.098477
17010441060933515249
7 5 7 3 -1  -0.348678
17010722457704208773
6 7 4 7 -1  -0.121577
17010752129234047625
7 4 7 6 -1  0.098477
17010805739790612892
4 7 3 7 -1  -0.254186
17010983305153148857
6 4 7 5 -1  0.0133028
17010989330559012462
5 5 5 6 -1  0.729
17011032044267041332
7 5 7 1 -1  -0.254186
17011116874204610199
5 4 6 4 -1  0.00706964
17011127815494447750
7 2 7 6 -1  -0.0309031
17011163396261761775
6 7 4 7 -1  0.00417455
17011238913074595507
6 3 4 4 -1  0.0269865
17011449479728501317
1 4 3 3 -1  0.228768
17011665940648063940
7 4 7 6 -1  -0.0646108
17011798841964232458
3 1 5 3 -1  0.531441
17011830473511610592
7 4 6 3 -1  0.729
17011881839422337135
3 3 2 5 -1  -0.478297
17011986970906837126
7 2 6 1 -1  0.121577
17012121762014247322
6 0 5 0 -1  0.729
17012152031575191790
5 2 0 2 -1  0.0581497
17012306401387045894
7 0 7 1 -1  -0.348678
17012343356516252141
2 0 4 2 -1  0.430467
17012393021993387084
3 2 2 2 -1  0.282429
17012662375493196639
7 2 5 4 -1  0.0147809
17012666352547051440
7 6 5 5 -1  -0.0250315
17012759479660988156
5 6 5 5 -1  -0.59049
17012759811100762339
7 6 6 5 -1  -0.254186
17012894855783666558
3 4 2 5 -1  0.166772
17013268553792385277
5 7 3 5 -1  -0.31381
17013307329803323257
4 4 3 5 -1  0.31381
17013718120936707178
3 1 6 4 -1  -0.0343368
17013796063253640355
5 1 3 2 -1  -0.282429
17013827091088773230
2 7 3 5 -1  0.6561
17014065251155758850
5 0 4 0 -1  0.531441
17014409234229175964
6 1 4 3 -1  -0.018248
17014424746603813667
5 2 3 3 -1  0.0343368
17014462460955979050
7 4 7 6 -1  0.0343368
17014483628793092472
6 3 5 5 -1  0.166772
17014491015598492412
6 0 7 1 -1  0.9
17014552488684908720
5 0 3 1 -1  0.205891
17014583675003718595
3 5 0 2 -1  -0.00636268
17014928217621834635
7 1 6 3 -1  0.038152
17015125294986219601
6 5 5 4 -1  0.00145558
17015374050751538253
5 6 5 5 -1  0.729
17015449414704092417
6 1 6 2 -1  0.205891
17015575911960159378
4 4 3 4 -1  -0.150095
17015643712937505579
3 1 5 2 -1  0.098477
17015983701233604429
5 5 4 3 -1  -0.0119725
17016125720073383777
6 4 5 4 -1  -0.0523347
17016225804728964186
5 5 3 6 -1  0.729
17016272786720029465
6 4 6 3 -1  0.185302
17016281834373395210
7 1 6 3 -1  0.0717897
17016889834682746223
6 1 4 1 -1  0.166772
17016927384071357239
5 4 4 4 -1  0.0717897
17017060339601816137
6 4 4 4 -1  -0.0523347
17017166012986940876
6 2 5 2 -1  -0.038152
17017200875234164849
7 4 6 4 -1  0.0164232
17017229602495961043
7 1 6 3 -1  -0.098477
17017399245034156474
4 7 5 5 -1  -0.00179701
17017447031240924425
6 3 4 3 -1  0.0523347
17017864348569116085
4 4 2 3 -1  0.0717897
17017997100344387420
5 7 4 7 -1  -0.0471013
17018104697939077601
6 6 5 6 -1  0.109419
17018207304027156440
5 4 4 5 -1  -0.166772
17018257656765646342
6 6 5 6 -1  0.729
17018311718198129127
0 1 0 0 -1  -0.478297
17018523105506762827
6 4 5 3 -1  0.38742
17018695819299374910
6 4 5 5 -1  0.81
17018828749389979552
1 4 2 5 -1  -0.0797664
17018928924229199504
3 0 3 1 -1  -0.31381
17019399749253776848
6 2 6 5 -1  0.018248
17019558579253158329
1 7 1 5 -1  -0.0343368
17019820829257004493
3 7 2 7 -1  0.81
17019998942984789841
6 4 5 2 -1  0.00304325
17020179903437671844
3 6 4 7 -1  -0.018248
17020419075957995782
7 7 7 2 -1  0.098477
17020510801624828426
7 5 6 4 -1  -0.0581497
17020747315025276806
7 2 6 2 -1  -1
17020860330077371673
4 2 4 7 -1  0.348678
17021050952682076531
7 4 7 6 -1  0.166772
17021115494748564353
3 3 1 3 -1  -0.38742
17021327180151021457
6 2 4 2 -1  0.150095
17021385603102169266
6 6 5 6 -1  -0.0278128
17021684563446495726
6 5 5 4 -1  -0.6561
17021866139422019749
7 5 6 3 -1  0.254186
17022003132630076074
3 3 2 3 -1  0.478297
17022199785226233322
7 6 7 7 -1  0.6561
17022351437941624283
4 6 3 6 -1  -0.254186
17022479872025571407
6 4 5 5 -1  -0.0225284
17023164162282075605
6 2 4 2 -1  -0.205891
17023266033455341345
4 0 6 2 -1  0.185302
17023581370968969149
5 7 4 7 -1  -0.135085
17023718266548710048
7 5 7 3 -1  0.038152
17023745579820569107
6 3 4 2 -1  0.228768
17023841011253297702
7 5 7 4 -1  0.109419
17023882787737718892
4 0 3 0 -1  0.430467
17023926122547640925
7 6 5 5 -1  -0.185302
17024133172484874749
5 3 4 3 -1  0.228768
17024621850381372981
5 5 4 3 -1  0.185302
17024648383853563921
4 2 3 2 -1  0.0523347
17024649832313786189
7 0 0 0 -1  0.038152
17024834904789362258
3 0 4 0 -1  0.531441
17024924615792916169
1 2 1 1 -1  -1
17025054460203088035
5 0 4 1 -1  0.0225284
17025292467699452542
6 1 4 0 -1  0.0343368
17025493945375911590
5 1 4 0 -1  -0.00636268
17025563445012030222
4 4 3 4 -1  0.0278128
17025618546840771724
5 3 6 4 -1  -0.00969773
17025622889573540634
6 3 6 4 -1  0.0471013
17025953663082179536
5 6 3 7 -1  -0.0107753
17026100202500791836
5 3 4 2 -1  0.0423911
17026309752079316203
6 5 5 4 -1  -1
17026419083414900151
7 2 7 1 -1  0.135085
17026529053428453804
4 2 5 3 -1  0.282429
17026597453862892988
7 3 7 4 -1  -0.0147809
17027328455143172631
4 2 3 3 -1  -0.531441
17027364771589414886
6 0 5 0 -1  -0.018248
17027649462654313140
5 5 4 4 -1  -0.0471013
17027849603794793491
6 5 7 4 -1  0.228768
17028051290007578716
7 5 7 3 -1  0.00969773
17028223817617829262
6 3 7 3 -1  -1
17028245810954894417
3 1 2 2 -1  0.00706964
17028420893263958711
7 6 6 5 -1  -0.59049
17028425766045842682
5 5 5 7 -1  0.0147809
17028497661868170540
6 5 5 4 -1  0.478297
17028504384831843949
6 7 7 6 -1  0.228768
17028520601943201462
5 7 4 6 -1  -0.6561
17028532851406910403
7 1 6 1 -1  0.282429
17028762939188238476
3 0 6 3 -1  -0.228768
17028799700691600509
6 6 5 6 -1  0.000773553
17029085671916230682
7 2 6 1 -1  -0.0147809
17029193159792451319
7 4 7 6 -1  0.018248
17029424743591941010
1 7 6 2 -1  0.0202755
17029651238626688568
4 0 1 3 -1  0.0523347
17029889003039122181
5 0 4 1 -1  0.018248
17029911469048286332
6 3 4 3 -1  0.000507528
17029949866703752299
5 2 6 2 -1  0.729
17030028667429307912
5 3 4 3 -1  -0.254186
17030324169752139456
7 0 7 2 -1  0.000104495
17030411651965364442
6 3 4 4 -1  0.0343368
17030496761289489780
5 5 4 5 -1  0.0523347
17030676036625684274
7 7 6 6 -1  0.729
17030824512021558182
6 4 5 5 -1  0.00969773
17030843964597443493
6 5 4 5 -1  -0.478297
17030980202383218109
6 0 2 4 -1  -0.109419
17031369986562803627
6 5 5 4 -1  -0.00872795
17031502312672992923
6 4 7 3 -1  -0.228768
17031654856158378842
6 5 6 4 -1  0.59049
17031782266178950682
6 3 5 5 -1  0.0717897
17031924127029990685
6 4 5 4 -1  0.0886293
17031957016271750668
5 2 6 4 -1  -0.0107753
17032063330517220476
2 5 1 5 -1  -0.254186
17032081285467055583
4 4 3 3 -1  -0.00872795
17032178980272932673
5 4 4 4 -1  -0.098477
17032232962499639379
5 4 3 5 -1  0.0797664
17032320444393444932
6 6 6 5 -1  0.000332989
17032536704027738047
5 5 3 4 -1  0.254186
17032628014883341671
6 3 6 1 -1  0.018248
17032655905811237368
4 6 6 4 -1  -0.59049
17032704807134224475
7 2 5 4 -1  -0.254186
17033098394255167954
6 2 0 2 -1  0.254186
17033338344295805996
6 4 7 3 -1  0.0717897
17033445339212665841
2 3 0 3 -1  -0.109419
17033531371844999545
5 4 4 3 -1  0.185302
17033581395261515260
4 2 3 4 -1  -0.205891
17033988114083822305
5 4 6 3 -1  -0.0717897
17034046437532619840
5 5 6 6 -1  -0.0037571
17034206485980107037
2 7 6 3 -1  -0.228768
17034225680117864062
7 2 6 1 -1  0.0202755
17034552210790696515
4 4 3 3 -1  0.0107753
17034658886678381373
6 4 5 2 -1  0.205891
17034671992444634333
7 6 5 5 -1  0.038152
17034773886993849721
2 0 2 1 -1  0.31381
17034986049350598839
7 5 7 3 -1  -0.038152
17035048602610702765
6 6 5 6 -1  -0.0886293
17035138165968069867
6 7 5 7 -1  -0.0523347
7 5 7 3 -1  0.038152
17035173576080657086
5 4 4 4 -1  0.0423911
17035323957228277936
4 5 3 4 -1  0.0581497
17035368977501168206
6 5 6 4 -1  0.81
17035589637988892165
6 4 5 5 -1  0.282429
17035738843065829881
4 6 5 7 -1  0.121577
17035853651557966761
5 3 4 3 -1  0.00304325
17035895032899560052
7 5 4 5 -1  -0.430467
17036084343075700842
6 4 5 5 -1  -0.0581497
17036313387350641649
7 0 1 0 -1  0.166772
17036359119872847250
7 1 7 3 -1  0.185302
17036365155358729593
5 2 3 1 -1  0.6561
17036468621322295347
5 4 0 4 -1  0.228768
17036818694041666045
6 3 5 1 -1  0.00199668
17036932846331755028
4 2 3 4 -1  0.0147809
17037052458199247901
6 5 6 4 -1  -0.00969773
17037079326317088720
4 4 3 3 -1  0.228768
17037129093038842701
5 3 6 3 -1  0.282429
17037360921808149649
5 2 6 2 -1  -0.018248
17037678990453169795
7 6 7 5 -1  0.0202755
17037701131118131215
7 3 6 2 -1  -0.0471013
17037716520543374922
4 3 3 3 -1  -0.430467
17037760272372571043
4 6 5 5 -1  0.150095
17037811969606267196
7 5 5 3 -1  -0.121577
17038264854295200797
6 1 5 1 -1  0.121577
17038329947305703425
4 5 5 6 -1  0.0581497
17038335103769370118
7 5 6 6 -1  0.729
17038411958728691737
4 1 3 1 -1  -0.0133028
17038604641326140662
2 5 6 5 -1  0.729
17038654712331365172
6 7 7 6 -1  0.478297
17038781497077119085
4 0 5 0 -1  0.098477
17038797047875324115
7 3 3 7 -1  0.531441
17038799408958837210
5 4 4 5 -1  -0.0797664
17039058009204400439
6 2 5 2 -1  0.098477
17039176630558318614
1 5 4 2 -1  0.0471013
17039197927373370013
6 7 5 7 -1  -0.0797664
17039248778468320665
1 0 1 3 -1  -0.00199668
17039336833287212843
6 5 5 5 -1  0.282429
17039521990627507446
6 6 5 7 -1  0.098477
17039606595019596625
4 4 7 1 -1  0.0646108
17039765100056996595
4 7 3 7 -1  0.6561
17039846344620283573
5 6 4 5 -1  -0.348678
17040051742949994770
4 4 5 3 -1  0.150095
17040407195769481720
7 6 6 7 -1  -0.9
17040407358265844551
5 1 5 0 -1  -0.38742
17040773075697431622
6 1 5 3 -1  -0.38742
17040842452660323563
6 4 7 4 -1  0.38742
17041200509812194732
7 1 3 1 -1  0.0471013
17041303946043343737
5 3 7 3 -1  -0.166772
17041348847043224402
6 4 5 5 -1  -0.109419
17041390880579309898
5 2 5 3 -1  -0.254186
17041458595623744386
5 2 5 1 -1  -0.0797664
17041633190969457249
7 1 1 1 -1  -0.0717897
17041674641072552862
6 6 4 6 -1  -0.0523347
17041898037409548189
2 1 4 3 -1  -0.166772
17041959526336076255
4 0 3 0 -1  0.0107753
17042091338650489016
6 1 4 1 -1  0.0819839
17042233188072501706
6 7 5 6 -1  0.282429
17042306137868023983
6 7 5 6 -1  -0.000626578
17042338602857146169
4 3 3 3 -1  0.0423911
17042565194288611346
4 1 4 3 -1  0.729
17042622383847048525
2 0 1 0 -1  0.6561
17042634495045907324
6 1 6 0 -1  0.282429
17042816226927357436
3 6 4 5 -1  -1
17042863845496445546
6 6 5 7 -1  0.018248
17042880972555531586
6 3 4 4 -1  0.38742
17043060833347916379
5 1 6 2 -1  0.31381
17043095799338369767
6 1 4 1 -1  -0.0523347
17043195933709341186
4 7 3 7 -1  -0.098477
6 5 5 4 -1  -0.0797664
17043258689751305068
7 4 5 5 -1  0.430467
17043310057624154165
6 5 7 4 -1  0.205891
17043324036518545678
5 0 4 1 -1  0.38742
17043422344205074796
3 1 1 1 -1  -0.430467
17043524004171192332
4 3 3 2 -1  0.0343368
17043610829355512735
3 6 5 5 -1  0.6561
17043656494357884252
3 2 2 3 -1  -0.0343368
17043720777111205173
7 2 7 1 -1  0.0309031
17043807181706104762
4 6 3 6 -1  0.9
17044173697837852289
6 4 3 7 -1  0.150095
17044322090048731968
7 7 3 3 -1  0.6561
17044534711991988555
6 1 5 1 -1  -0.109419
17044565077189681099
2 5 2 4 -1  -0.205891
17044666000888993969
7 3 7 0 -1  0.9
17044675491472501042
5 4 3 2 -1  -0.166772
17044728908504196774
7 6 6 4 -1  -0.0423911
17044744113050792447
3 6 2 5 -1  0.185302
17044749821577829866
4 3 0 7 -1  -0.38742
17044818150240022743
6 1 4 1 -1  -0.0309031
17044912420530974344
7 1 6 3 -1  0.0278128
17044990518058268010
4 3 7 3 -1  -0.531441
17045073428140666386
7 7 6 6 -1  0.478297
17045347054382428184
2 3 5 3 -1  -0.348678
17045471253629157659
5 5 4 3 -1  -0.00273892
17045502076102887644
2 6 1 7 -1  -0.254186
17045511605853522294
0 5 2 5 -1  -0.205891
17045542736413486968
3 0 2 0 -1  0.254186
17045608938445100222
5 4 4 4 -1  0.00785516
17045860631496893051
1 0 0 0 10  -1
17045920398343883094
6 4 5 3 -1  -0.0202755
17046072303703331818
7 0 7 1 -1  0.150095
17046478603425597934
4 6 3 6 -1  0.348678
17046834431887845887
7 3 5 1 -1  0.0147809
17047170755182979641
7 3 6 3 -1  0.135085
17047191099899639925
3 1 2 1 -1  0.282429
17047263111021736985
5 1 4 2 -1  -0.135085
17047456691669554158
2 0 1 0 -1  0.348678
17047493683009269568
6 6 1 1 -1  0.098477
17047526271110377786
5 0 3 2 -1  0.0343368
17047884544801226763
6 4 5 3 -1  0.0147809
17047991761364847850
3 2 5 1 -1  -0.00706964
17048160005751173852
2 0 1 0 -1  -0.9
17048177178730799909
3 4 1 4 -1  -0.9
17048247860072947075
6 4 4 2 -1  -0.0646108
17048329110053978957
6 7 5 6 -1  -0.205891
17048477790018591236
5 1 4 1 -1  0.00221853
17048557240278451063
6 3 5 1 -1  -0.0278128
17048757075037540061
4 3 2 4 -1  -1
17048813028633372255
4 2 2 4 -1  0.0717897
17049004276931986725
6 2 5 2 -1  0.0147809
17049034687550427475
6 1 4 1 -1  -0.00706964
17049065284155981533
7 2 6 1 -1  0.00273892
17049433521295974617
5 4 5 5 -1  -0.0250315
17049543852269281060
2 7 1 7 -1  0.38742
17049574728271631254
6 7 5 7 -1  0.150095
17049617703005897486
7 0 1 0 -1  -0.0343368
17050198430602900131
4 4 4 6 -1  0.531441
17050313381431806152
6 3 5 2 -1  0.430467
17050323981602037232
1 1 3 0 -1  0.0797664
17050325232240617184
1 3 1 4 -1  -0.9
17050373044599143568
6 7 7 5 -1  0.0646108
17050416552693062155
2 3 3 4 -1  -0.121577
17050614171091100717
4 6 3 5 -1  -0.430467
17050662402228866574
7 2 1 2 -1  0.185302
17050680430558534855
4 5 0 1 -1  -0.0523347
17050791843142992351
5 7 4 7 -1  0.478297
17050907301088453755
7 4 7 3 -1  0.348678
17051037986968742343
5 5 5 4 -1  0.282429
17051055968823072102
6 3 4 2 -1  -0.0343368
