17178591441682849444
4 1 3 3 -1  0.205891
17178612672891212546
7 5 5 3 -1  0.150095
17178743589843839510
6 2 6 4 -1  0.0119725
17178879810422167555
7 1 6 1 -1  0.000332989
17178942490740450421
6 4 7 4 -1  -0.0202755
17178947048012447246
4 5 4 3 -1  -0.531441
17178950091101042803
6 5 6 4 -1  0.228768
17178995664941052081
2 6 4 7 -1  -0.254186
17179183274685563420
6 2 6 7 -1  0.9
17179373994414315000
2 2 1 2 -1  0.018248
17179458610377990025
2 3 1 4 -1  -0.729
17179512979358712800
6 0 5 0 -1  -0.0278128
17179601445163448364
5 5 6 7 -1  0.348678
17179665417552336355
7 4 7 0 -1  0.478297
17179767506812270146
7 4 7 6 -1  -0.0581497
17179786769766458961
7 4 4 1 -1  0.121577
17179903818022621406
5 4 3 4 -1  -0.282429
17179992468132032879
5 6 3 5 -1  0.0343368
17180367943975038389
7 5 5 5 -1  0.282429
17180539105268525499
2 2 1 2 -1  -0.00145558
17180596172611076139
7 6 6 7 -1  0.0037571
17180616630034431138
6 1 5 2 -1  -0.0278128
17180690218860525685
5 3 5 2 -1  0.0471013
17180833081406514067
4 6 3 6 -1  0.478297
17180865091889714841
7 2 6 3 -1  -0.121577
17181118195529726101
7 6 6 6 -1  -0.38742
17181189536159502201
7 3 7 4 -1  0.109419
17181558463580632825
0 1 3 4 -1  -0.166772
17181571790778970013
5 5 7 3 -1  -0.228768
17181750919993054751
4 2 6 3 -1  0.348678
17181753773765032419
7 3 7 4 -1  -0.348678
17181808360061532729
6 5 5 4 -1  -0.6561
17181936960457872625
6 0 6 4 -1  0.185302
17182093471693425877
7 5 7 3 -1  -0.038152
17182095596628446275
7 1 6 3 -1  0.0309031
17182300108396836373
6 3 5 3 -1  0.00515377
17182540028386071067
5 5 4 6 -1  0.0147809
17182633971701165055
5 2 4 0 -1  0.121577
17182718646438366978
4 4 3 4 -1  0.166772
17182753457754266306
6 3 7 4 -1  -0.0343368
17183105335664707520
7 2 5 4 -1  0.0133028
17183124825273893147
6 5 7 7 -1  0.59049
17183416238708968093
6 4 6 3 -1  0.282429
17183495674727092615
6 1 5 2 -1  0.0471013
17183589071538085444
0 4 3 1 -1  -0.228768
17183610779168454002
4 0 3 1 -1  -0.0119725
17183861766893322360
4 4 3 3 -1  -0.430467
17183870079422574674
2 0 1 0 -1  -1
17183979045664353804
1 6 3 7 -1  -0.478297
17184548115176798364
3 4 5 5 -1  0.109419
17184854707259011549
5 5 6 3 -1  0.0886293
17185020744921880730
5 5 1 5 -1  -0.31381
17185093157777060250
6 3 5 1 -1  0.6561
17185142399761118168
6 3 5 5 -1  0.0423911
17185453475380879077
4 0 6 1 -1  -0.150095
17185489542465280763
7 1 7 6 -1  0.31381
17185545024398381799
4 0 5 2 -1  0.00117902
17185644841629776084
6 4 6 2 -1  0.38742
17185812760629072704
5 6 4 6 -1  0.038152
17185825455115513833
4 1 3 1 -1  -0.282429
17185889870426621425
7 1 6 3 -1  -0.0309031
17186063830086257475
5 6 3 7 -1  -0.121577
17186118822498856519
5 4 4 5 -1  0.282429
17186124910408626109
7 4 7 3 -1  0.254186
17186208139170626685
5 3 5 5 -1  0.0886293
17186404816404347147
3 4 2 5 -1  0.81
17186517537372584479
6 2 5 3 -1  0.0107753
17186556798589297535
6 1 5 1 -1  0.00527794
17186766732168991162
7 1 6 3 -1  -0.0886293
17186771895237683350
7 2 1 2 -1  -0.0309031
17187034149948796550
0 2 0 1 -1  0.0717897
17187094848436356136
7 1 5 1 -1  -0.228768
17187219601660054265
4 0 3 1 -1  0.135085
17187363812097279433
6 3 5 3 -1  0.0646108
17187543991465335977
7 6 6 5 -1  0.531441
17187866611033045976
5 2 4 3 -1  -0.31381
17187888013951158834
1 2 1 6 -1  0.59049
17188086332451475850
7 3 5 1 -1  -0.0717897
17188288759080910196
6 4 5 3 -1  -0.00969773
17188560227039443535
6 5 5 4 -1  0.348678
17188596457164994078
7 5 5 5 -1  -1
17188829257187500368
4 5 5 6 -1  0.185302
17189013051006106481
7 5 6 7 -1  0.531441
17189065760950762448
1 3 6 3 -1  0.531441
17189178548754544240
5 1 1 1 -1  -0.109419
17189516000847975438
7 4 7 6 -1  0.00969773
17189530536610307516
7 2 6 2 -1  0.0423911
17189831080303962821
4 5 3 4 -1  -0.185302
17189839487372203084
4 1 3 1 -1  0.0581497
17189857464574699126
7 2 4 5 -1  -0.0107753
17189879443273770617
4 5 3 4 -1  0.098477
17190071708430272797
4 5 3 5 -1  -0.0717897
17190209609631444679
5 0 6 2 -1  -0.0717897
17190293873169998649
6 6 5 6 -1  -0.228768
17190503668319132452
1 3 4 6 -1  0.205891
17190505503658693872
4 1 1 1 -1  -0.205891
17190659147063991338
6 1 5 0 -1  -0.430467
17190847467409877109
5 5 4 5 -1  0.0225284
17190928148664752105
1 5 3 6 -1  0.729
17191167998295502698
4 6 3 6 -1  0.0886293
17191307951898701872
4 6 3 6 -1  -0.9
17191504212774670133
6 7 5 7 -1  0.00785516
17191579105347530957
5 1 5 6 -1  0.228768
17191743605667933577
5 2 0 2 -1  0.729
17191821341399373406
6 1 4 1 -1  -0.0471013
17192080003238285152
7 5 7 4 -1  0.348678
17192128008482397954
7 5 7 6 -1  0.729
17192167086907312060
5 1 6 3 -1  0.135085
17192358349432435923
7 4 5 5 -1  -0.0717897
17192361304291327656
7 4 7 6 -1  0.0523347
17192432509812052850
4 4 0 4 -1  0.81
17192578525861404983
6 1 4 1 -1  0.0471013
17192620936636370100
5 5 4 3 -1  -0.0886293
17192844852989086507
7 0 6 1 -1  0.531441
17193022015662385353
6 6 5 6 -1  0.282429
17193384685023334610
6 7 5 6 -1  0.109419
17193389997723523113
6 4 3 7 -1  -0.098477
17193560697484530702
5 1 4 2 -1  -0.0797664
17194188580183847817
4 0 6 1 -1  0.531441
17195057029645569235
6 4 7 6 -1  0.282429
17195122864891880715
2 2 1 4 -1  -0.81
17195189885023314737
6 5 6 6 -1  0.150095
17195401104039327496
3 6 5 6 -1  -0.531441
17195422805739029193
7 2 6 2 -1  -1
17195843985494963243
6 7 4 7 -1  0.0717897
17195955535064537843
5 3 4 3 -1  0.729
17195956917893701400
6 5 5 5 -1  0.0423911
17196243398060301978
5 3 4 3 -1  0.205891
17196376855018301600
3 2 5 0 -1  0.282429
17196507488458780378
6 7 5 7 -1  0.81
17196580897176893647
6 7 5 7 -1  0.0471013
17196885465155244453
7 4 7 5 -1  0.109419
17197084086148965706
4 5 3 4 -1  0.6561
17197130011633331115
7 0 1 0 -1  0.282429
17197273404179265271
2 2 2 5 -1  0.0471013
17197304982051706688
5 0 4 1 -1  -0.0581497
17197462212250661133
5 5 5 7 -1  0.0202755
17197537028070788633
6 5 5 5 -1  0.0343368
17197567111639390915
4 2 3 3 -1  -0.59049
17197678499715986809
6 7 4 7 -1  -0.0423911
17197730273119534913
3 4 2 2 -1  -0.0581497
17197776195293100505
7 6 6 6 -1  0.59049
17197896697547478751
6 3 7 3 -1  0.348678
17197905325950015694
7 5 7 4 -1  -0.0523347
17198003480456546014
7 2 5 0 -1  0.0225284
17198066320036274265
6 0 3 3 -1  0.00872795
17198311405956589153
3 6 2 5 -1  -0.000369988
17198333565791545140
4 1 3 0 -1  0.038152
17198459051797596055
7 5 7 4 -1  -0.0119725
17198769587210434630
5 1 4 0 -1  0.0523347
17198895077207788282
7 2 1 2 -1  -0.0202755
17198984322045790680
7 3 5 2 -1  -0.228768
17199077452997144089
4 7 3 7 -1  0.205891
17199463139214429775
3 0 3 2 -1  -0.38742
17199595259149928402
4 7 3 7 -1  -0.430467
17199675741410141318
5 0 5 1 -1  0.0646108
17199677363877948663
6 2 5 2 -1  0.38742
17199981788244756028
3 1 3 3 -1  -0.150095
4 3 5 3 -1  -0.121577
17200010329310766900
7 4 7 5 -1  0.0581497
17200236413825691049
0 7 5 7 -1  0.729
17200317551656444176
7 6 6 5 -1  -0.31381
17200436698210846712
7 2 0 2 -1  0.6561
17200466318195667330
3 3 4 2 -1  3.64353e-05
17200600766653985163
7 4 7 2 -1  -0.0202755
17200886258499859804
7 2 5 2 -1  0.0471013
17200974676228378240
4 4 4 3 -1  0.254186
17201287259272170164
7 2 6 4 -1  0.31381
17201346429269652596
5 4 5 5 -1  -0.729
17201381194151670890
6 0 5 0 -1  0.0797664
17201680534064779512
6 1 5 1 -1  0.00029969
17201694279312267226
6 1 5 1 -1  0.00199668
7 3 0 3 -1  -0.0119725
17201849650495880583
6 2 4 2 -1  0.000507528
17201938817442950627
5 6 4 5 -1  -0.150095
17202215483947606322
7 0 7 3 -1  0.185302
17202251399679299155
4 4 5 5 -1  -0.9
17202409205503303633
6 3 5 5 -1  0.00417455
17202478619280953848
0 7 0 5 -1  -0.166772
17202497453030879605
6 2 6 5 -1  0.038152
17202549267436114811
7 4 7 6 -1  0.000456775
17202593415638593218
7 6 6 6 -1  0.59049
17202761483811519705
5 0 3 2 -1  -0.0309031
17202804195250698104
2 4 1 4 -1  -0.478297
17202982173723750198
6 4 5 5 -1  -0.0423911
17203006081139977241
1 3 0 3 -1  -0.59049
17203378347031155332
4 3 3 5 -1  0.531441
17203384700244944607
7 3 5 5 -1  0.254186
17203434900453577141
5 6 5 7 -1  0.0471013
17203734038666469315
3 6 5 5 -1  0.038152
17203803536155839248
7 7 3 7 -1  -0.185302
17203920067528225046
7 0 7 3 -1  0.038152
17203920107190241037
7 5 7 1 -1  -0.00199668
17204029243960480929
7 4 6 4 -1  -0.0107753
17204181488804795280
7 3 6 4 -1  0.0107753
17204199758336513524
7 5 7 4 -1  0.135085
17204284907031357520
7 2 6 3 -1  0.0147809
17204427686436390912
6 5 6 4 -1  0.00785516
17204655347268372432
5 5 4 4 -1  0.00969773
17204820592704683201
4 2 6 3 -1  -0.81
17204916173132689668
4 4 3 4 -1  0.729
17204977130617755755
6 0 4 0 -1  0.205891
17205077432490179837
5 0 3 1 -1  0.0309031
17205406561011153900
4 3 2 4 -1  -0.31381
17205511004138402917
6 2 5 2 -1  0.00281782
6 4 5 4 -1  0.0107753
6 6 5 6 -1  -0.00296563
7 1 5 2 -1  -0.0164232
7 1 6 3 -1  -0.0449042
7 2 3 6 -1  0.00795241
7 6 5 5 -1  -0.00181051
17205523942482727063
6 4 5 5 -1  0.430467
17205551747858685746
7 3 6 4 -1  0.205891
17205563760296843265
5 4 4 4 -1  0.135085
17205641666683259386
5 4 4 4 -1  -0.478297
17205739100243988939
6 0 0 0 -1  0.0423911
17205851793392976985
7 1 1 1 -1  0.228768
17205891488492082444
6 6 4 6 -1  0.121577
17206009080923521538
6 0 2 0 -1  0.38742
17206241783154965804
5 3 3 3 -1  0.0250315
17206261353920428538
4 0 3 0 -1  -0.228768
17206495738934960453
4 5 3 4 -1  -0.0886293
17206683588396147872
4 5 6 7 -1  -0.31381
17206895706980125327
3 3 3 2 -1  0.0717897
17207009572149003758
7 3 6 3 -1  0.282429
17207040942861611152
7 3 7 4 -1  0.38742
17207212196131628355
3 2 4 1 -1  0.282429
17207288858426520258
7 4 7 6 -1  -0.0886293
17207405698324932542
7 3 1 3 -1  0.0309031
17207410683994947729
2 3 2 7 -1  -0.478297
17207583711638700684
6 4 5 5 -1  0.59049
17207672910924147290
6 0 6 5 -1  -0.38742
17207827610371706410
6 1 7 2 -1  0.00106111
17207839782009968345
2 1 2 4 -1  -0.282429
17207852355694567121
5 3 4 3 -1  0.098477
17207986241341639082
3 0 5 1 -1  0.018248
17208035006853388905
0 1 1 1 -1  -1
17208111784725312159
7 3 6 2 -1  0.0250315
17208117114107148612
6 4 6 5 -1  0.0343368
17208198878744186992
7 4 7 5 -1  0.478297
17208341401639149774
3 2 5 3 -1  -0.166772
17208383197434322980
4 0 3 1 -1  0.282429
17208483365419847941
6 6 7 5 -1  -0.00273892
17208503353773780058
7 4 5 4 -1  -0.0278128
17208545019154253446
7 3 4 3 -1  0.59049
17208816728374779206
7 6 6 7 -1  -0.185302
17208899686103424861
7 1 7 2 -1  -0.0037571
17209029970726514360
7 2 6 3 -1  0.59049
17209477923690066956
6 6 5 5 -1  0.0278128
17209555397305451941
7 0 7 3 -1  0.185302
17209993432876104830
5 5 6 6 -1  -0.135085
17210041868918750181
4 7 5 5 -1  -0.00221853
17210059343504374745
5 4 6 5 -1  0.0309031
17210076202096721458
3 1 2 1 -1  0.81
17210380613138866898
5 4 4 5 -1  -0.0164232
17210441980783818633
6 0 5 0 -1  0.185302
17210466187648210885
5 0 4 2 -1  0.00785516
17210604168291409524
7 0 2 0 -1  0.0717897
17210731766399918436
2 0 1 0 -1  0.430467
17210992902837502954
7 3 5 5 -1  0.0343368
17211093051343151374
5 2 4 4 -1  0.228768
17211114399702294223
7 4 7 5 -1  -0.038152
17211253603960856570
6 6 5 5 -1  0.0147809
17211373262226998245
5 2 7 2 -1  -0.0471013
17211608686320761995
5 2 4 3 -1  -0.9
17211636338544769786
2 5 2 3 -1  -0.729
17211822974514648409
6 2 4 0 -1  0.150095
17211861727464278858
4 1 3 1 -1  0.430467
17212075646068833677
7 1 6 3 -1  -0.166772
17212156827587620886
0 3 1 5 -1  0.6561
17212318911923583818
2 1 4 1 -1  0.00338139
17212501662059646042
6 4 5 5 -1  0.9
17212550810766816827
2 2 1 1 -1  -0.00636268
17212604265167216097
5 4 4 4 -1  0.531441
17212655016911598834
6 4 5 3 -1  0.531441
17212821372618525901
6 4 4 4 -1  0.0119725
17212996670436524096
4 0 4 4 -1  -0.0646108
17213013763097981953
7 3 6 3 -1  0.00106111
17213359665164442410
4 4 6 3 -1  0.81
17213390806185345515
5 5 3 4 -1  0.205891
17213411209237185909
7 1 6 3 -1  -0.038152
17213500752670715131
7 6 5 7 -1  0.0250315
17213578443630755699
5 1 7 3 -1  -0.0147809
17213611618098722436
7 1 5 2 -1  0.0369242
17213739994884516143
4 2 6 3 -1  0.135085
17213855942409781357
3 1 2 1 -1  -0.166772
17213884903313525522
2 2 0 1 -1  -0.478297
17213970826962956703
6 6 5 6 -1  0.0250315
17214091602676926078
6 1 7 2 -1  0.0646108
17214202379139282932
7 3 7 4 -1  0.228768
17214427427626727789
7 3 5 1 -1  0.098477
17214550331647754224
7 6 5 5 -1  -0.038152
17214623819717074542
3 7 2 6 -1  -0.282429
17214721741525706435
5 4 4 3 -1  0.00458259
17214770691202398765
7 0 7 4 -1  -0.282429
17214799244816156515
6 4 5 5 -1  -0.0581497
17214824969829998349
4 2 3 4 -1  -0.0797664
17214949975456023749
4 6 5 7 -1  0.166772
17215004761808288446
7 5 6 4 -1  -0.00969773
17215156670526199322
6 6 5 6 -1  0.478297
17215222545688713251
7 0 6 0 -1  0.38742
17215382693811109009
7 4 7 3 -1  -0.81
17215436865430541188
4 1 3 2 -1  -0.109419
17215656642515735214
4 0 7 3 -1  -0.531441
17215800139609893943
4 6 3 5 -1  0.150095
17215820454994409490
6 7 5 7 -1  0.282429
17216206947040793818
5 2 7 2 -1  0.6561
17216298348072678211
5 0 1 4 -1  -0.0423911
17216422230513840195
5 6 4 5 -1  0.0119725
17216444513674014662
4 0 3 1 -1  0.6561
17216530657417562757
6 5 5 5 -1  0.0250315
17216655966788276557
7 3 5 3 -1  0.38742
17216955878034029691
7 1 6 0 -1  -0.430467
17217083580896241162
6 2 7 2 -1  0.38742
17217112174410042412
6 3 5 4 -1  0.0164232
17217619966316425197
6 7 7 6 -1  0.205891
17217628228103767011
7 2 7 1 -1  -0.150095
17217661975316249143
3 6 2 5 -1  -0.150095
17217942355648649091
6 7 4 7 -1  -0.0886293
17217983150047672151
6 7 4 7 -1  0.0263191
17218086880998167095
6 3 4 3 -1  0.0168467
17218364529723726897
5 3 5 1 -1  0.0581497
17218400531441322587
4 1 3 1 -1  0.036233
17218472560109580439
7 7 7 6 -1  0.00304325
17218518135570920412
7 0 7 2 -1  0.166772
17218800783140265324
0 2 3 2 -1  -0.121577
17218825080738164076
4 2 3 3 -1  0.000456775
17218835817396059729
7 6 6 6 -1  0.0581497
17219186889658652103
7 2 7 1 -1  0.254186
17219357553675113413
7 3 7 6 -1  -0.6561
17219479398529097483
7 2 7 3 -1  -0.0133028
17219536008578611952
6 5 7 4 -1  0.121577
17219592705074998115
6 4 7 5 -1  0.00636268
17219644296236661372
6 3 7 2 -1  0.0717897
17219821002422183485
5 7 2 4 -1  -0.0309031
17220013308746068970
6 7 5 7 -1  -0.254186
17220077115075959397
5 2 5 3 -1  0.9
17220084024884219117
7 4 7 6 -1  -0.0581497
17220110039656229247
7 5 7 3 -1  0.0646108
17220189336057613493
6 3 6 4 -1  0.0717897
17220225324955787773
7 0 7 4 -1  0.00572641
17220487580261780080
0 0 4 4 -1  0.121577
17220664593100351603
4 2 3 3 -1  -0.59049
17220728789933492514
5 5 3 4 -1  -0.0646108
17220893398388433900
6 4 5 6 -1  0.0309031
17221223521469534692
7 0 7 1 -1  -0.000955003
17221236596947017754
5 5 4 7 -1  0.38742
17221245165419346496
4 4 4 3 -1  -0.430467
17221292213801551825
7 5 6 4 -1  0.166772
17221520054204059529
6 6 5 5 -1  -0.59049
17221533483656660763
6 2 5 3 -1  0.228768
17221748333044159050
5 1 6 2 -1  0.121577
17222033328221174887
6 1 4 1 -1  0.00969773
17222048631052120278
4 7 5 7 -1  0.9
17222144183791101211
6 4 7 4 -1  0.38742
17222222357547309982
4 7 3 7 -1  0.228768
17222535694341510010
4 6 6 7 -1  0.185302
17222647342032716057
4 2 6 3 -1  0.0225284
17222876392824971069
5 2 7 2 -1  0.0717897
17223110188642465820
6 4 4 6 -1  0.000955003
17223385017850908935
4 1 3 1 -1  0.38742
17223393296829400305
7 5 7 4 -1  -0.00969773
17223977248149074959
7 7 7 6 -1  0.0250315
17224100516073273749
7 3 6 4 -1  1
17224316812985152870
0 5 0 4 -1  0.166772
17224378365917322243
4 7 5 5 -1  0.31381
17224401849723860207
6 0 5 0 -1  -0.000859503
6 4 5 4 -1  0.0646108
17224475646450013387
7 4 5 4 -1  0.109419
17224499006921841313
6 5 3 2 -1  -0.0717897
17224607151586171048
4 5 4 0 -1  0.531441
17224648962721422352
2 0 3 1 -1  -0.00417455
17224714786955859198
7 0 7 1 -1  -0.185302
17225118314374602501
5 2 4 0 -1  0.228768
17225223103740744081
6 0 7 1 -1  0.282429
17225290561520569022
5 3 5 5 -1  0.0886293
17225433175773245337
6 4 7 4 -1  0.0225284
17225476445675198861
6 6 5 5 -1  0.6561
17225583006018659493
6 6 5 5 -1  0.0886293
17226021433161949505
6 6 5 6 -1  0.0471013
17226045591871411207
4 7 5 5 -1  0.0250315
17226746096333324374
7 6 7 5 -1  0.478297
17227147073854882555
5 5 4 3 -1  -0.00221853
17227167284473208836
4 4 6 3 -1  0.9
17227170130379181041
7 6 6 6 -1  -0.0133028
17227318500593075224
3 3 2 4 -1  -0.531441
17228135553797535512
6 6 5 7 -1  0.729
17228138316337257106
5 3 4 2 -1  -0.205891
17228199749357459872
4 7 3 7 -1  0.38742
17228325757386001109
7 3 5 2 -1  -0.135085
17228604283917592942
5 2 4 4 -1  0.0309031
17228643945583029085
6 5 4 5 -1  -0.150095
17228697879812958279
4 1 3 1 -1  -0.0523347
17228722626106474021
4 2 4 4 -1  -0.531441
17228815771960037493
6 6 6 5 -1  0.185302
17229228350962155426
7 2 1 2 -1  -0.00145558
17229490892300080592
4 5 4 6 -1  -0.38742
17229741282705739748
6 6 4 6 -1  0.00696537
17229949995412615887
4 0 3 1 -1  0.0581497
17230017500793241715
5 3 7 3 -1  0.150095
17230275627280682950
3 4 5 2 -1  0.0523347
17230517665304526798
5 5 3 4 -1  -0.282429
17230779106220633791
1 3 3 4 -1  0.185302
17230889490294392517
7 5 7 2 -1  0.150095
17231005982757333106
5 0 1 4 -1  -0.729
17231211359326535085
2 3 2 5 -1  0.6561
17231264179689908522
7 4 6 4 -1  0.31381
17231352580394577097
4 7 6 5 -1  -0.109419
17231503114806960956
5 5 4 4 -1  0.150095
17232291027698954017
5 3 2 3 -1  0.0471013
17232435539017733144
6 2 4 0 -1  -0.348678
17232544053150413278
4 6 5 5 -1  0.348678
17232577297761969858
4 3 3 2 -1  -0.0119725
17232594646138118846
2 6 1 5 -1  -1
17232762560716834589
7 6 6 6 -1  0.0278128
17232923421530933938
7 7 7 0 -1  0.00338139
17232965454013590474
7 7 7 3 -1  -0.9
17232988757647192423
7 2 6 2 -1  0.531441
17232992262836070025
7 2 6 3 -1  0.00199668
17233052268094415129
4 5 3 4 -1  -0.121577
17233233539921366838
7 4 0 4 -1  -0.0278128
17233339653260843781
5 5 6 4 -1  0.531441
17233526617425335646
5 5 6 7 -1  -0.00969773
17233541972681862386
3 3 5 5 -1  2.08643e-07
17233882979952533192
7 6 6 6 -1  0.6561
17233931791972482427
3 6 3 7 -1  0.254186
17233965432854892441
7 1 6 3 -1  -0.0343368
17233979110646894477
7 5 6 4 -1  -0.0278128
17234015450488530816
5 7 5 4 -1  -0.150095
17234051247222422729
6 0 5 1 -1  0.00872795
17234188500036874879
6 1 4 1 -1  0.098477
17234276583297470834
6 4 4 4 -1  -0.0646108
17234471460273342052
5 1 3 0 -1  0.0202755
17234477905422127860
5 7 6 6 -1  0.254186
17234610897396509853
7 4 6 5 -1  -0.0202755
17234859007876823512
5 7 4 6 -1  0.59049
17234862788732375155
3 3 4 2 -1  -0.38742
17234900539411919538
7 4 6 4 -1  -0.31381
17234926797302298499
5 5 4 3 -1  -0.0717897
17235039621740005227
0 2 6 2 -1  0.00785516
17235151187749728973
6 3 4 4 -1  0.000773553
17235324672272743706
4 3 3 1 -1  0.00199668
17235401283217647349
5 1 3 2 -1  0.531441
17235512285426254494
7 6 7 7 -1  0.166772
17235562098982892220
7 6 7 5 -1  0.121577
17235647310711841048
7 4 2 4 -1  0.166772
17236075285328911533
5 4 4 2 -1  0.31381
17236083257312838184
4 3 3 2 -1  0.0222198
17236089222576951296
6 6 5 5 -1  0.254186
17236124221100770967
6 4 3 1 -1  -0.0343368
17236428245828593659
5 4 4 4 -1  -0.121577
17236709685925859217
6 6 7 5 -1  0.31381
17236768541821280973
6 6 7 5 -1  0.6561
17236898598128925981
6 7 7 7 -1  -0.729
17236939140299513377
7 4 6 4 -1  0.150095
17237191615183974377
7 2 6 3 -1  0.31381
17237365335618315230
6 3 5 5 -1  -0.0581497
17237849945672305704
7 0 7 3 -1  0.00273892
17237953763487055293
5 3 5 2 -1  0.59049
17238224043695557818
6 7 7 7 -1  0.9
17238271739129125211
5 4 6 3 -1  0.00338139
17238464752845412175
6 1 4 1 -1  -0.00964422
7 5 6 4 -1  -0.0374316
17238507617585417338
3 0 2 0 -1  0.81
17238568057278961423
5 5 4 3 -1  -0.59049
17238710278085876289
1 2 7 2 -1  -0.109419
17238740325784623507
7 4 7 6 -1  0.00706964
17238782796416526564
6 4 5 4 -1  -0.0646108
17238801728266597546
2 4 2 3 -1  -0.81
17238925435914829623
7 0 7 1 -1  0.109419
17238932672972798001
7 2 6 1 -1  0.166772
17238967417558385538
6 6 5 6 -1  0.31381
17239123853444781052
2 3 1 3 -1  0.0797664
17239141629480174385
4 0 3 0 -1  -0.109419
17239253076274886759
4 4 5 2 -1  0.0164232
17239422363346601471
7 2 6 2 -1  -0.228768
17239577369046198643
4 0 3 1 -1  0.282429
17239645619605060608
6 0 5 0 -1  0.166772
17239759449286810048
4 6 1 3 -1  0.0797664
17239880572971027058
1 2 1 3 -1  0.0202755
17239965188535709728
7 3 6 3 -1  -0.109419
17240055669574819710
0 5 1 3 -1  -0.228768
17240067557679365736
3 0 2 0 -1  1
17240132615410157098
3 1 0 4 -1  0.121577
17240412867295751489
5 0 4 0 -1  -0.205891
17240487301518373105
6 4 5 5 -1  0.0581497
17240711093461528775
7 2 6 2 -1  -0.0886293
17240884873817206919
6 2 4 2 -1  0.0250315
17241153483568921903
3 4 4 2 -1  0.0250315
17241166612509381130
6 2 5 1 -1  0.0717897
17241244060442280833
6 2 5 2 -1  0.0471013
17241276500541250238
6 0 4 0 -1  -0.282429
17241384877266517980
7 0 7 3 -1  -0.0309031
17241404005178583446
4 0 3 0 -1  0.0423911
17241536937861806956
6 6 5 6 -1  0.150095
17241559041486191633
7 3 7 6 -1  -0.478297
17241685932918856713
7 3 7 4 -1  -0.0423911
17241874849545526359
5 3 5 4 -1  -0.228768
17241994556022242146
6 5 3 5 -1  0.31381
17242600374170135711
4 5 4 6 -1  -0.0471013
17242771314216531923
5 4 4 4 -1  0.531441
17242835181798923150
1 5 2 6 -1  -0.0343368
17242993183226121828
7 2 7 1 -1  -0.109419
17243537183920056854
3 6 4 7 -1  0.150095
17243592575785969348
1 0 0 0 -1  0.6561
17243683243526695814
7 0 7 2 -1  -0.109419
17243832095809902290
5 4 4 3 -1  0.0169732
17243857619933040559
3 6 0 6 -1  0.478297
17244296997814159068
7 5 6 4 -1  -0.00246503
17244354572060239698
7 3 6 3 -1  0.121577
17244476440475259607
7 4 7 3 -1  0.150095
17244493624761993415
4 3 3 2 -1  -0.0119725
17244518344024245642
4 4 3 4 -1  -0.150095
17244773735055165172
4 0 3 0 -1  0.135085
17244798324987518970
6 4 7 5 -1  -0.109419
17244806797174463497
6 4 3 7 -1  -0.00117902
17244868017137426696
3 1 4 2 -1  0.166772
17244987086337088980
6 1 7 0 -1  0.38742
17245055031628779524
5 5 3 4 -1  -0.038152
17245804750942043786
6 3 5 3 -1  -0.0797664
17245818216276681812
3 3 4 2 -1  -0.185302
17245964366920537164
5 1 4 1 -1  0.038152
17246094469211787514
6 6 5 6 -1  0.0717897
17246150707501401653
3 5 4 4 -1  0.00515377
17246470941405764069
6 5 4 3 -1  0.00872795
17246576334918133076
4 5 6 3 -1  0.0147809
17246584792297608686
5 0 4 1 -1  0.254186
17246733304152645060
5 1 5 5 -1  -0.348678
17246846339294541326
7 6 5 5 -1  0.038152
17246973689965648636
7 5 3 1 -1  0.00304325
17247183300626143814
7 0 7 2 -1  0.0797664
17247360963693920586
7 5 6 4 -1  0.205891
17247446824761888680
1 2 1 0 -1  0.0523347
17247726685142273304
4 0 5 1 -1  -0.0133028
17247808907934935641
5 2 4 3 -1  0.0164232
17248226193171398492
2 3 0 1 -1  -0.109419
17248256052619936169
6 7 5 7 -1  -0.0309031
17248595613591736284
4 5 3 5 -1  0.9
17248635281094272707
6 6 4 4 -1  -0.150095
17248699196355715693
7 3 5 4 -1  0.81
17248826021447393042
6 5 7 4 -1  -0.185302
17248847981453586990
5 3 2 0 -1  -0.38742
17249045374197274169
7 7 7 6 -1  0.0797664
17249097489457588819
6 1 5 2 -1  0.430467
17249191521347310659
7 6 7 5 -1  0.59049
17249314708361551157
6 1 5 1 -1  -0.00117902
17249470263864367568
4 6 5 6 -1  0.135085
17249745478041875616
5 0 4 1 -1  -0.38742
17249768298658334581
5 3 4 4 -1  0.0581497
17249851312862364588
3 3 4 4 -1  0.38742
17249955329712200175
7 6 5 5 -1  -0.282429
17249968518337361737
7 6 6 7 -1  0.038152
17250145162941830029
4 4 3 6 -1  -0.135085
17250502540984831141
7 4 7 6 -1  0.729
17250531336090000990
2 1 2 5 -1  -1
17250553367857078219
7 6 6 6 -1  0.254186
17250630319377295585
6 2 5 1 -1  -0.38742
17250735304119999755
3 4 2 5 -1  -0.0581497
17250987159187591862
7 3 5 1 -1  -0.0581497
17251020548699876744
7 5 7 4 -1  -0.0471013
17251114543670012691
3 2 2 1 -1  -0.0717897
17251217367473249375
6 5 4 5 -1  -0.00636268
17251352460048567409
5 1 6 0 -1  0.000773553
17251436353513719854
4 4 3 3 -1  -0.00145558
6 3 4 3 -1  0.00872795
17251605452198580713
5 0 6 1 -1  -0.166772
17251689903798506686
6 1 4 1 -1  -0.038152
17251794501161343057
5 6 6 5 -1  0.59049
17252073058248648496
6 4 4 5 -1  -0.0646108
17252116721675267152
7 5 7 3 -1  -0.000104495
17252123997545727166
6 6 7 6 -1  0.0225284
17252158131752417430
6 3 5 5 -1  0.0717897
17252162603343060156
4 2 3 3 -1  0.6561
17252268822243665237
3 0 2 0 -1  0.6561
17252732563385898594
4 6 3 6 -1  0.9
17252969489252769921
6 5 4 5 -1  -0.0646108
17253013570618268958
6 6 3 3 -1  -0.0164232
17253399267726923715
7 3 7 6 -1  -0.31381
17253524990010046219
4 7 4 4 -1  -0.729
17253718663467030227
3 3 3 0 -1  -0.0202755
17253914213666757566
6 7 5 7 -1  0.0717897
17253950586925605532
6 4 4 6 -1  -0.0278128
17253988252716598534
2 1 4 3 -1  -0.00636268
17254352085397072068
6 4 4 4 -1  -0.098477
17254377208407240265
6 1 7 2 -1  0.00572641
17254395988382705343
5 4 4 4 -1  0.0717897
17254958729224479320
4 6 3 7 -1  0.166772
17255008816591078637
7 3 6 2 -1  0.0343368
17255091078641561258
2 2 4 4 -1  0.81
17255197658920640866
3 5 0 2 -1  -0.205891
17255304110025279831
7 7 7 2 -1  0.205891
17255422615411988147
6 4 5 5 -1  0.0147809
17255543667495749212
7 6 5 5 -1  -0.31381
17255646484195904570
6 2 5 2 -1  -0.00145558
17255707904583889435
5 5 4 3 -1  0.0250315
17255945889397900592
7 3 6 4 -1  0.038152
17256121572401748816
5 2 3 3 -1  0.348678
17256211542803926438
7 0 7 3 -1  0.0225284
17256387892770402586
6 6 7 5 -1  0.121577
17256390878433609908
6 3 5 2 -1  0.81
17256418302937957115
7 3 4 3 -1  0.9
17256476179383080098
5 2 4 4 -1  0.166772
17256899187074840332
6 0 5 0 -1  0.0278128
17256981348107558264
7 3 6 2 -1  0.478297
17257102384037151216
1 0 3 1 -1  -0.0147809
17257132757221687663
7 4 7 6 -1  -0.0886293
17257165360163134646
6 3 4 5 -1  -7.61772e-05
17257233447374536936
4 4 3 3 -1  -0.00636268
17257300027351320528
6 1 4 1 -1  0.0225284
17257358606612950626
6 7 5 7 -1  0.185302
17257388934200790145
3 3 2 3 -1  -0.0886293
17257643254970532294
7 4 7 6 -1  -0.0147809
17257758344428798005
6 0 5 0 -1  0.185302
17257834677099790483
4 0 2 1 -1  0.0278128
17257882985160105290
5 1 2 1 -1  -0.430467
17258051952408939393
5 3 0 3 -1  -0.531441
17258270343957091486
5 4 4 5 -1  -0.31381
17258275099327794255
7 5 7 1 -1  -0.478297
17258428852163202283
4 4 3 5 -1  0.135085
17258488307483155303
6 7 5 7 -1  0.0797664
17259007284565735227
3 1 4 0 -1  0.0250315
17259015473549384590
5 3 4 3 -1  0.348678
17259056324162822765
4 0 3 2 -1  -0.135085
17259124640664901101
7 5 6 6 -1  0.6561
17259403007184517495
6 6 6 3 -1  0.0309031
17259462279064433166
4 4 4 5 -1  0.00417455
17259736624005382840
7 1 6 3 -1  0.0886293
17260079574742812330
2 3 5 0 -1  -0.0423911
17260278749482635263
6 4 5 4 -1  0.166772
17260359965274278987
7 6 7 5 -1  0.282429
17260644408662885521
6 2 4 2 -1  0.0682003
17260666956911836174
7 5 0 5 -1  0.109419
17261028565431709817
4 4 3 4 -1  0.478297
17261362365429364484
7 4 7 5 -1  0.0343368
17261728580761680284
7 5 6 4 -1  0.185302
17261802714292234510
7 3 6 3 -1  -0.0225284
17261815878831694076
7 2 6 1 -1  0.109419
17261825736539404461
6 5 5 5 -1  -0.135085
17261917269561883259
3 1 7 1 -1  0.81
17262141909282865209
3 0 2 0 -1  -0.81
17262198101514970054
5 1 4 1 -1  -0.0717897
17262325742732901203
6 5 7 5 -1  0.254186
17262699689625618850
1 3 1 0 -1  -0.9
17262872844487020079
6 5 5 6 -1  0.478297
17263067244382492061
7 3 6 2 -1  0.0797664
17263203138483980098
1 1 7 1 -1  0.00338139
17263414922799510259
3 4 2 3 -1  -0.430467
17263479386370806183
6 3 5 2 -1  0.0886293
17263497474439699734
5 3 4 3 -1  -0.0309031
17263499198701221759
5 2 6 1 -1  -0.0133028
17263672532689039627
5 2 4 3 -1  -0.109419
17264041955270768311
6 7 7 6 -1  0.00872795
17264042114662477845
4 3 6 4 -1  0.31381
17264285751528583817
5 0 4 0 -1  0.0523347
17264809458487745846
6 4 4 5 -1  0.430467
17265006267292645720
5 5 4 3 -1  -0.0423911
17265111247552539613
7 2 1 2 -1  0.81
17265162029911124634
7 5 7 4 -1  0.0309031
17265450163486080470
4 3 3 4 -1  0.59049
17265673748488420830
7 4 7 2 -1  0.348678
17265686047825442697
3 3 4 5 -1  -0.0717897
17265706087342569166
7 6 7 7 -1  -0.098477
17265832756781553521
7 3 6 4 -1  0.0119725
17266101508543097292
7 2 7 3 -1  0.00785516
17266415824685125766
3 5 5 3 -1  0.150095
17266821364412206369
3 2 1 0 -1  0.0797664
17267091624943672956
5 1 4 1 -1  -0.59049
17267125484587644402
7 4 6 4 -1  0.81
17267389322066031183
3 4 4 2 -1  0.166772
17267426358452899977
6 1 5 0 -1  0.282429
17267523051302191803
5 2 3 2 -1  0.59049
17267699936481570682
5 5 4 3 -1  0.00969773
17267763947286214022
4 1 3 0 -1  -0.282429
17267863112747438891
4 5 3 4 -1  -0.0423911
17267894049156183222
3 0 2 0 -1  -0.531441
17267908547998642236
6 2 5 1 -1  0.478297
17267994202212665270
4 5 2 4 -1  0.166772
17268173090045266305
6 1 5 0 -1  0.0423911
17268318834012833268
5 5 4 3 -1  -0.121577
17268487504033937714
7 0 7 3 -1  -0.282429
17268499605851052040
6 7 5 6 -1  -0.018248
17268509844324591521
2 1 1 1 -1  -0.81
17268803259637107190
7 3 7 1 -1  0.0886293
17269102835359538614
5 1 6 2 -1  0.0202755
17269105485875450600
7 7 6 7 -1  0.098477
17269518127211168537
6 3 7 5 -1  0.0250315
17269642714317682618
6 4 7 5 -1  0.0202755
17269679798671678821
6 2 4 1 -1  0.81
17269793806364201372
5 7 4 5 -1  0.0646108
17269810088869647301
7 4 7 1 -1  0.9
17270083379512004097
3 3 2 3 -1  0.430467
17270187976268690195
6 2 4 2 -1  0.228768
17270210409694566196
7 5 7 6 -1  0.00706964
17270529356760538549
5 1 4 2 -1  -0.6561
17271208259130270445
7 3 7 4 -1  0.0309031
17271281757628700690
4 2 6 4 -1  0.00246503
17271376490096948486
6 5 4 5 -1  -0.348678
17271464528089513989
3 5 3 4 -1  0.59049
17271632594878954758
4 6 3 6 -1  -0.38742
17271710020167094181
4 2 5 1 -1  0.38742
17271873967608844802
4 0 3 0 -1  0.00463839
17272126917263358416
3 1 6 4 -1  -0.121577
17272260859888003994
4 3 7 6 -1  0.729
17272282238474940131
7 4 6 4 -1  0.729
17272288748499140335
7 6 6 5 -1  -0.6561
17272329132814446152
7 2 4 5 -1  -0.0147809
17272806840829893243
5 6 6 4 -1  0.00056392
17272841639410363606
5 3 2 6 -1  0.185302
17272878122538302767
3 1 3 6 -1  -1
17273261849314374507
6 4 4 2 -1  0.0309031
17273416128301576485
7 4 7 6 -1  -0.121577
17273505490488543322
5 2 6 4 -1  0.00304325
17273507059899311318
1 5 5 5 -1  0.9
17273636784271875193
6 0 4 0 -1  -0.185302
17273791526680597973
5 3 5 6 -1  -0.6561
17274675102881307635
6 3 7 2 -1  -0.0225284
17274675530421410677
4 2 6 4 -1  -0.0797664
17274739937957738112
4 6 4 5 -1  0.0797664
17274758778941338930
2 4 2 7 -1  -0.6561
17274840729766632566
7 1 6 3 -1  -0.0886293
17274908171270357426
4 1 5 2 -1  0.430467
17275083766765338511
6 4 5 6 -1  0.0646108
17275271697787800385
7 0 7 5 -1  -0.0646108
17276143682286353404
6 6 5 6 -1  0.038152
17276210982078818486
6 5 5 5 -1  0.0250315
17276247734047495328
6 2 4 2 -1  0.0797664
17276399015560670947
6 2 5 2 -1  -0.0107753
17276692225855933709
6 7 6 3 -1  -0.0471013
17276859054973680821
6 0 5 0 -1  -0.000773553
17276950474071568746
3 4 2 2 -1  0.185302
17276997975159993950
5 5 6 3 -1  0.109419
17277016624006650220
6 4 4 3 -1  0.31381
17277146245191906818
6 5 5 5 -1  0.0202755
17277344939013410567
7 6 2 6 -1  0.150095
17277416254732206344
5 2 4 3 -1  -0.0717897
17277590692090817700
7 3 7 1 -1  -0.205891
17277700198326519487
7 4 6 4 -1  -0.282429
17277858722160161824
0 6 0 1 -1  0.0646108
17278001127365198518
6 1 5 1 -1  -0.0343368
17278035379121576329
5 0 3 0 -1  -0.228768
17278073166489938558
6 2 7 2 -1  0.098477
17278075293139470660
2 2 2 0 -1  0.282429
17278079273297317153
6 6 7 5 -1  0.228768
17278238861094436061
5 6 7 4 -1  0.0133028
17278259056000189085
7 6 6 7 -1  0.478297
17278364249892115144
0 7 0 4 -1  0.150095
17278379840218179073
4 5 5 6 -1  -0.109419
17278405650775381530
7 1 6 3 -1  0.121577
17278597266368930289
7 5 4 2 -1  0.109419
17278618548255790509
6 2 4 2 -1  -0.098477
17278725431684743147
5 3 4 4 -1  0.0717897
17279115707433280267
7 1 3 1 -1  0.59049
17279235916201228781
4 6 3 7 -1  0.166772
17279398783710476462
5 3 6 3 -1  -0.0278128
17279775116867312913
5 5 3 4 -1  0.228768
17279796153689887696
3 6 3 5 -1  0.729
17280115331895027114
4 6 4 5 -1  -0.348678
17280167459666764422
2 1 0 1 -1  0.0581497
17280213040452325674
6 3 6 2 -1  0.38742
17280438713147249215
7 7 6 6 -1  0.9
17280678817966725924
6 4 5 2 -1  0.0471013
17280909368584196814
7 7 7 4 -1  0.0646108
17280956316476832935
6 4 5 5 -1  -0.348678
17281091128797590232
7 1 5 1 -1  0.38742
17281476005829843560
3 5 1 4 -1  -0.59049
17281744957004604019
3 6 2 6 -1  -0.430467
17281815035335425341
2 7 1 6 -1  -0.166772
17281931502904709244
6 3 5 1 -1  -0.00304325
17282070206547526278
6 4 4 5 -1  0.185302
17282214783810985440
6 7 5 6 -1  -0.0886293
17282232607406193276
2 7 1 6 -1  -0.59049
17282453307902809739
4 4 3 4 -1  0.00706964
17282482891212486250
6 3 3 3 -1  0.0250315
17282499245947667633
5 1 4 0 -1  -0.38742
17282574200424219231
3 3 5 4 -1  0.0147809
17282621612991927914
6 0 5 0 -1  -0.0133028
17282814783425852665
6 3 4 4 -1  0.0119725
17282847040744935183
7 5 3 1 -1  -0.00785516
17283092955026271386
7 5 5 5 -1  -0.0717897
17283253927313473131
5 4 7 4 -1  -0.0147809
17283415425329537653
6 1 5 1 -1  -0.135085
17283508104259002276
5 3 4 2 -1  0.254186
17283523015376261179
6 6 6 5 -1  0.59049
17283689141571572878
5 0 4 1 -1  -0.348678
17283760798508445530
6 1 5 1 -1  -0.00969773
17283835908720901384
6 7 6 6 -1  0.9
17283940028374845049
5 1 5 0 -1  0.185302
17283968558101835426
4 2 3 3 -1  0.81
17284111458854601361
6 4 5 4 -1  -0.0581497
17284113812839689573
7 4 7 2 -1  0.121577
17284313014670670422
6 1 5 2 -1  -0.81
17284381822103424935
4 4 6 3 -1  -0.098477
17284432652543330167
6 7 4 7 -1  0.0581497
17284597195076843541
7 7 7 4 -1  0.038152
17284806621459675625
6 5 4 5 -1  0.135085
17285136284572523642
4 3 3 1 -1  -0.0717897
17285151490028842082
3 4 1 3 -1  0.0717897
17285251841715009917
7 7 6 6 -1  0.00515377
17285582888224611227
5 5 7 4 -1  0.00785516
17285851903242306114
7 1 6 3 -1  -0.000369988
17286224861350099540
2 0 4 0 -1  -0.9
17286326745820407558
5 3 4 4 -1  0.135085
17286341089989156997
6 4 7 6 -1  0.478297
17286451067974869681
6 6 5 5 -1  0.531441
17286491943354895173
3 5 0 2 -1  0.0717897
17286622591122051390
5 6 5 5 -1  -0.0581497
17286642808417704707
4 5 5 4 -1  0.150095
17286858209435065883
7 4 6 2 -1  0.6561
17286976410800111349
7 2 7 0 -1  -0.0471013
17287587671828530347
5 4 6 3 -1  0.9
17287839298790718305
3 1 3 3 -1  -0.348678
17288143323924411291
7 3 4 3 -1  0.0717897
17288446638335613133
6 7 4 7 -1  0.150095
17288553057493795738
6 3 5 5 -1  0.00338139
17288788089305805396
7 6 6 5 -1  0.0523347
17289473878689896681
6 1 4 1 -1  0.0158079
7 4 7 6 -1  0.166772
17289569712600846747
6 0 4 0 -1  -0.00785516
17289570198477178815
3 1 7 5 -1  0.00417455
17289641300923054287
6 6 4 6 -1  0.166772
17289772128263929489
7 3 7 1 -1  0.38742
17289854952226890545
1 0 5 0 -1  -0.729
17289950344657019389
5 2 4 1 -1  0.121577
17290355738864483832
5 4 3 3 -1  -0.348678
17290461676568729435
7 2 3 6 -1  -0.00221853
17290499350728856023
6 3 1 3 -1  0.729
17290948171813297977
7 7 7 0 -1  0.0164232
17291155373064858625
7 4 6 5 -1  0.0107753
17291259363408146666
1 6 2 5 -1  -0.38742
17291307369306112387
7 5 5 3 -1  0.9
17291674793098423149
5 4 3 4 -1  0.0147809
17291715096614721889
7 5 5 3 -1  -0.00417455
17291742617858212943
5 1 4 3 -1  -0.185302
17291802465740214839
4 4 2 2 -1  0.018248
17291890319613896742
4 6 5 7 -1  0.205891
17292275857600802726
7 0 7 3 -1  0.185302
17292286008231919105
6 2 4 2 -1  0.0717897
17292449700298643222
7 4 7 6 -1  0.0717897
17292468435180061779
4 1 2 1 -1  0.0202755
17292898895584691974
7 5 6 4 -1  -0.6561
17292930078455857890
1 2 3 3 -1  0.282429
17293133407844630865
4 0 3 1 -1  -0.00417455
17293148215185895727
5 2 6 4 -1  0.0471013
17293392253620667348
6 7 7 6 -1  0.166772
17293549527474516604
6 5 4 5 -1  0.166772
17293672982411106339
1 0 1 6 -1  -0.00056392
17293746023347745805
7 2 6 2 -1  0.135085
17293813541008194166
4 4 3 3 -1  0.0225284
17293828092704798811
5 7 6 6 -1  -0.348678
17294019008233089902
5 5 4 4 -1  0.0164232
17294119656688306348
5 4 4 4 -1  0.729
17294177884324411330
7 5 7 4 -1  -0.348678
17294314759187231418
6 4 5 4 -1  -0.00161731
17294372399354856667
3 5 4 6 -1  0.478297
17294395234216065338
6 3 4 2 -1  -0.348678
17294533394038617320
7 5 3 5 -1  -0.6561
17294671596025764910
5 1 6 3 -1  -0.00872795
17294898837493810964
1 5 1 6 -1  -0.205891
7 3 6 2 -1  -0.254186
17295365151384629627
4 1 4 2 -1  0.531441
17295659897248613167
1 7 3 5 -1  -1
17295849780632559983
5 3 6 4 -1  -0.38742
6 6 6 5 -1  -0.478297
17295940072523123749
7 5 7 4 -1  0.0202755
17296231273538258855
7 5 5 4 -1  0.0202755
17296279089715584105
4 3 3 2 -1  0.00572641
17296564411963256989
7 0 7 5 -1  0.81
17297088679660954547
6 7 5 6 -1  0.0797664
17297431051108829298
4 6 3 6 -1  0.0187337
17297533097521894427
7 4 7 5 -1  0.038152
17297563838932691723
4 6 4 4 -1  0.121577
17298485730217931498
7 4 7 6 -1  0.0202755
17298732682058622276
5 1 4 2 -1  -0.0202755
17299032790659010502
5 2 4 2 -1  -0.038152
17299050182874432234
7 7 7 5 -1  -0.282429
17299109434788407589
5 4 5 3 -1  -0.109419
17299131275436892629
2 2 1 2 -1  -0.9
17299342683096165707
4 2 5 2 -1  0.729
17299413975625917717
1 5 3 7 -1  0.531441
17299553878624819953
1 2 3 4 -1  -0.205891
17299779854275710771
7 0 6 0 -1  0.185302
17299868462776839642
6 4 7 5 -1  -0.00785516
17299921453508232580
7 2 7 3 -1  0.531441
17300280100139191414
4 4 4 3 -1  -0.109419
17300442790068686093
3 4 5 5 -1  0.0797664
17300734716180673853
4 2 3 3 -1  -0.00273892
17301142053836946290
6 3 5 2 -1  -0.478297
17301177425910288211
2 4 1 4 -1  -0.0886293
17301359758904528842
5 5 7 4 -1  0.0581497
17301386233968917615
7 2 5 4 -1  -0.00338139
17301463297068527532
5 4 7 2 -1  0.0717897
17301523768897861536
5 2 6 4 -1  0.0646108
17301784988159914828
7 4 7 6 -1  0.00398832
17302001007807312005
5 6 4 7 -1  0.0797664
17302157938538942132
7 4 6 5 -1  0.0226419
17302432031476166016
6 5 7 5 -1  0.282429
17302733991625682614
7 4 6 5 -1  -0.228768
17302815870618206983
6 0 6 2 -1  0.205891
17302893670870351569
4 4 3 6 -1  -0.729
17302924799705825239
6 6 6 7 -1  0.478297
17303033324788577633
7 5 7 3 -1  -0.038152
17303123870114589579
6 3 5 3 -1  0.00106111
17303150400237631001
6 5 4 5 -1  -0.9
17303358483913635687
3 3 4 4 -1  0.228768
17303597744980455595
7 2 6 3 -1  -0.0202755
17303628288671043073
6 4 4 3 -1  0.185302
17303697950915967094
3 3 2 4 -1  0.0471013
17303705960881565650
7 5 7 4 -1  0.531441
17303802408500375213
4 2 2 4 -1  0.0646108
17303855199917227302
4 7 5 6 -1  0.121577
17303882081177060872
6 0 4 0 -1  4.49819e-05
17303931932691372382
7 3 6 2 -1  0.121577
17303993667337673192
5 6 7 4 -1  -0.038152
17304081752192243021
5 1 6 3 -1  0.0717897
17304099716601962243
7 2 6 2 -1  -0.205891
17304249489595335905
5 5 5 6 -1  -0.478297
17304363940316129573
7 2 7 3 -1  -0.228768
17304779897026234716
2 6 3 6 -1  -0.430467
17304811352842866573
7 0 7 2 -1  -0.59049
17304847427471276126
7 2 7 1 -1  -0.0581497
17304848156618084491
6 7 5 7 -1  0.9
17304853572780793206
4 0 3 2 -1  0.0797664
17305139718711091573
6 4 4 3 -1  -0.282429
17305322105184250714
7 3 4 3 -1  -0.729
17305382259049120224
1 7 4 4 -1  -0.9
17305620422004144791
5 2 5 3 -1  0.6561
17305702334630336147
6 2 4 4 -1  -0.121577
17305750846195741197
6 7 5 7 -1  -0.0119725
17305884404110584836
7 1 6 3 -1  0.0147809
17305898651474437667
7 0 7 3 -1  0.348678
17306158652092250826
6 5 7 4 -1  -0.282429
17306165573091344875
7 1 5 0 -1  -0.0133028
17306315536035916547
1 1 1 0 -1  0.0717897
17306368192046157862
5 4 4 4 -1  0.0471013
17306723105402084806
7 0 7 1 -1  -0.282429
17306760544079426872
7 4 7 6 -1  -0.0133028
17306775666586356194
6 2 4 2 -1  0.0164232
17307439348517620655
6 4 5 4 -1  0.0421625
17307475574683193311
6 5 5 5 -1  0.729
17307500026542162815
5 5 6 4 -1  0.254186
17307590853847519357
1 2 1 1 -1  0.348678
17307787964287564583
4 4 3 5 -1  0.00463839
17308134256375748770
5 2 4 3 -1  0.0635761
17308209203760036809
5 6 4 6 -1  0.150095
17308233446640917196
6 4 6 3 -1  0.0886293
17308310748308772097
7 2 5 4 -1  6.17035e-05
17308754461997575085
5 5 3 4 -1  0.000143341
17309048580409496562
6 4 5 4 -1  -0.00872795
17309471283798466931
6 4 5 4 -1  0.121577
17309652149823279801
4 5 3 5 -1  0.0523347
17309669473695556950
6 3 7 5 -1  0.282429
17309935437155975195
7 3 4 0 -1  0.121577
7 5 7 4 -1  -0.0107753
17309957737546313864
6 4 6 3 -1  -0.348678
17310179489230137023
6 1 5 2 -1  -0.00706964
17310306232775885619
5 3 3 1 -1  -0.0225284
17310374301461452836
0 2 0 7 -1  0.729
17310525105338829422
4 0 3 1 -1  0.098477
17310625383346489580
6 3 6 4 -1  -0.531441
17310761591386651800
7 1 7 0 -1  0.0107753
17310913877079320686
6 2 5 2 -1  0.121577
17311205493671958683
6 4 7 3 -1  0.00872795
17311344878616113281
6 6 5 6 -1  -0.098477
17311483889454014373
1 2 1 1 -1  -0.38742
17311525312387027033
6 3 5 2 -1  -0.0250114
17311558755394162868
4 2 3 3 -1  0.0337944
6 0 5 0 -1  -0.018248
17311568867344431731
5 4 4 4 -1  0.00131002
17311576473894343819
5 4 4 4 -1  0.0471013
17311793296414168384
6 7 4 7 -1  0.121577
17312167943303293669
6 7 5 7 -1  0.00665983
17312192531712555932
6 7 4 7 -1  -0.135085
17312248737000884475
6 1 5 0 -1  0.59049
17312311938347136633
7 1 3 1 -1  0.0309031
17312327474577431553
5 5 3 4 -1  0.0581497
17312429928602216633
7 6 6 5 -1  0.0797664
17312605927629386560
5 0 2 3 -1  0.205891
17312800819302887012
7 5 7 3 -1  -0.000859503
17312810628144152984
6 4 4 2 -1  0.0147809
17312983059153899983
3 1 0 4 -1  0.150095
17313014971690413530
1 1 2 2 -1  0.81
17313426351975805969
4 2 4 3 -1  -0.31381
17313780617265358900
6 0 5 0 -1  0.0581497
17313791311021990631
5 4 4 5 -1  -0.0886293
17313837019619878797
2 1 5 1 -1  0.0309031
17313881516065627127
7 1 6 3 -1  -0.205891
17314265495344994301
5 2 7 4 -1  0.098477
17314309585067638938
5 0 6 1 -1  0.121577
17314655653080866431
6 1 6 3 -1  0.0119725
17314703055581947740
4 4 3 3 -1  0.0278128
17314899676767351608
7 5 7 4 -1  0.0278128
17314923818736733545
5 4 6 2 -1  0.0107753
17315035332126080335
5 1 4 2 -1  -0.0107753
17315070164008094755
4 3 2 4 -1  -0.59049
17315090423167641177
5 4 4 5 -1  -0.6561
17315104407835249727
5 6 4 6 -1  0.0717897
7 5 5 4 -1  0.0119725
17315251306826810383
5 6 4 4 -1  -0.038152
17315295174509650937
5 1 5 3 -1  -0.0278128
17315411750622898422
7 6 6 7 -1  0.59049
17315436232875696492
7 3 7 2 -1  -0.0423911
17315478022407983234
4 3 3 4 -1  -0.9
17315599454953641795
6 3 5 5 -1  0.109419
17315941432077348631
4 3 3 2 -1  -0.038152
17315996833630286035
1 2 1 3 -1  0.729
17316229256005794064
4 2 3 4 -1  0.205891
17316243169388242027
0 4 3 4 -1  0.0886293
17316251535540556542
7 3 0 3 -1  0.098477
17316273359281360962
6 3 5 1 -1  0.81
