1785597455416609698
4 4 6 3 -1  -0.185302
1785609349628854419
4 6 3 5 -1  -0.531441
1785679572065844099
4 7 4 4 -1  0.150095
1785756722331945220
5 2 4 0 -1  0.0250315
1785790212241416407
4 2 3 3 -1  0.254186
1786014855210850438
7 0 7 3 -1  -0.00706964
1786433390173266694
4 4 3 3 -1  -0.0581497
1786558308934224068
6 3 5 1 -1  -0.150095
1786624263171427815
7 3 6 3 -1  0.0471013
1786759872556481161
3 5 2 5 -1  -0.166772
1786789503506527712
5 5 4 5 -1  0.150095
1786966960953621089
3 1 4 2 -1  -0.00304325
1786998375201064686
6 4 5 5 -1  0.0250315
1787054662542960598
6 2 7 4 -1  -0.81
1787439245143076189
7 5 6 4 -1  0.0147809
1787632777905416705
5 5 1 1 -1  0.0471013
1787658428711235847
4 1 3 1 -1  -0.0309031
1787704588180041464
1 2 1 5 -1  -0.6561
1787750444055681057
6 4 6 3 -1  0.109419
1788194698963172380
5 0 4 0 -1  -0.59049
1788217685629941155
3 4 5 5 -1  0.0886293
1788302833410706701
6 7 4 7 -1  0.0581497
1788312103164615170
5 5 3 4 -1  0.00463839
1788524533437752640
5 0 4 2 -1  -0.135085
1788560453983127630
5 6 4 5 -1  0.478297
1788896129450916772
3 7 3 6 -1  0.166772
1788927565580143149
2 7 1 6 -1  0.31381
1788950061983048939
6 1 5 2 -1  -0.00969773
1789198052463432404
5 0 7 2 -1  -0.00106111
1789279726188567520
7 0 7 7 -1  -0.348678
1789574688646745887
7 5 7 4 -1  0.0717897
1790071738108737071
3 1 6 4 -1  -0.0147809
1790306408346827004
7 2 7 3 -1  -0.430467
1790634571341872217
5 6 6 5 -1  0.430467
1790915395176972220
6 1 5 1 -1  0.0119725
1790945369290222573
2 6 5 6 -1  -0.348678
1791008338439100189
4 5 4 6 -1  -0.59049
1791148034382229661
6 6 5 5 -1  -0.59049
1791300254288092552
2 2 3 0 -1  -0.430467
1791399455713907650
4 3 3 2 -1  0.0717897
1791593740559508745
5 3 6 4 -1  0.121577
1791778103725769735
7 7 6 6 -1  0.0646108
1791883019256876287
3 0 2 0 -1  -0.478297
1791905611877632795
5 6 4 5 -1  0.0717897
1791942510473233043
4 4 3 4 -1  0.38742
1791975681658860235
6 5 4 5 -1  0.00417455
1792003008611622934
6 2 5 2 -1  -0.0797664
1792013078197576852
5 6 4 7 -1  0.0147809
1792038679729709749
3 0 4 1 -1  0.0343368
1792262302471004166
2 0 6 0 -1  -0.121577
1792363196980207802
6 6 6 5 -1  0.098477
1792411645784118168
4 7 3 5 -1  -0.0278128
1792433946819911337
6 3 3 3 -1  -0.205891
1792664455427644978
5 2 6 1 -1  0.31381
1792754308856985415
7 3 5 1 -1  0.00872795
1792787626612777672
7 2 5 4 -1  0.00145558
1792801593469234898
1 4 6 4 -1  -0.0581497
1793249810076859796
6 2 4 2 -1  0.0169746
6 3 4 3 -1  0.0170199
7 5 3 1 -1  0.00885417
1793441413884222026
5 2 4 0 -1  0.0717897
1793623233268600420
5 3 4 3 -1  -0.729
1793682758657212968
6 5 4 5 -1  0.0423911
1793821618038745872
0 4 0 5 -1  -0.531441
1793854585966676121
7 1 1 1 -1  0.038152
1793903756901958028
4 2 3 0 -1  0.185302
1793930944724941811
7 3 4 0 -1  -0.00572641
1793941559630835863
5 2 4 2 -1  0.166772
1794086225147141663
7 0 3 0 -1  0.185302
1794099045940978214
2 5 4 7 -1  0.478297
1794142685877615911
7 6 6 7 -1  0.9
1794397265985293315
6 2 7 3 -1  0.205891
1794634137143407236
2 0 2 3 -1  -0.0278128
1794645698850792089
6 3 2 7 -1  0.254186
1794655771566131231
7 2 5 4 -1  0.430467
1794693529921549938
3 5 2 6 -1  0.166772
1794695338856210087
5 6 5 5 -1  -0.109419
1794905760964777383
7 4 6 3 -1  0.9
1795093611399420288
6 7 5 7 -1  0.0343368
1795318669750462369
7 0 7 2 -1  -0.0717897
1795361664837097015
5 5 3 6 -1  -0.531441
1795528525291442144
7 6 5 6 -1  -0.478297
1795630714430855807
5 3 4 4 -1  0.018248
1795929250980332843
6 2 5 2 -1  0.0191672
1795953906071576030
7 2 6 3 -1  0.228768
1796068170527349370
6 3 6 2 -1  0.348678
1796247909688077657
3 4 5 5 -1  0.109419
1796333693409715037
5 2 4 1 -1  -0.109419
1796375520675415539
7 3 0 3 -1  0.531441
1796392715155970995
1 7 2 7 -1  0.0581497
1796429496908633312
5 3 4 5 -1  0.0343368
1796473195823591955
5 6 4 6 -1  0.31381
1796485592117180759
5 6 6 7 -1  0.478297
1796491309527662598
6 2 5 2 -1  0.0471013
1796525192417469775
6 5 4 5 -1  0.00199668
1796596787358043385
4 4 3 4 -1  -0.228768
1796767763281709620
1 6 3 7 -1  -1
1796806738330030580
4 7 3 6 -1  -0.038152
1797045812111425543
7 4 6 4 -1  0.0471013
1797076470364470831
7 2 6 1 -1  -0.0203085
1797144997203357688
7 5 7 4 -1  0.166772
1797352077701410535
7 2 6 1 -1  -0.018248
1797469515979791196
5 7 5 6 -1  0.31381
1797542399662856323
3 3 2 2 -1  -0.531441
1797555569603894366
7 4 7 5 -1  0.228768
1797627470540832760
0 3 1 4 -1  0.531441
1797751937897698344
6 1 5 1 -1  0.59049
1797873016796371460
6 1 5 2 -1  0.0202755
1797877105729608661
3 3 2 2 -1  0.0147809
1797878623609379482
4 1 4 3 -1  0.254186
1798021092938823792
3 1 0 1 -1  0.228768
1798184242220902523
4 3 3 2 -1  -0.00572641
1798271912355760774
5 2 4 2 -1  -0.254186
1798472782648486185
7 5 5 3 -1  0.098477
1798549478888198898
7 3 5 1 -1  0.000159268
1798632812385904642
6 3 6 2 -1  -0.6561
1798815249402187336
4 2 6 3 -1  0.31381
1798849390430522187
7 6 6 7 -1  -0.6561
1798894743575696079
6 4 5 5 -1  0.166772
1799087912889125570
7 5 5 5 -1  0.282429
1799241054172584188
3 4 2 6 -1  0.00572641
1799245184494739129
4 7 4 4 -1  -0.282429
1799264862367342006
7 7 6 7 -1  -0.31381
1799309876322855434
5 2 4 3 -1  0.0797664
1799357959953783056
5 0 4 0 -1  -0.00463839
1799363133204219618
7 6 6 4 -1  -0.00706964
1799634068022156549
6 1 5 1 -1  -0.00969773
1799644302053238895
6 4 2 0 -1  0.150095
1799915995820118660
6 4 2 0 -1  -0.00706964
1800073259728921999
5 4 6 5 -1  -0.109419
1800405621458529601
4 6 4 3 -1  0.135085
1800629602712314072
7 1 6 2 -1  0.0309031
1800630511515939631
3 3 3 2 -1  0.0133028
1800699178425842106
6 6 4 6 -1  -0.0717897
1800790782560358429
6 3 4 4 -1  0.0278128
1800936719915749312
7 5 6 6 -1  0.135085
1800962206845770944
5 5 6 6 -1  0.9
1801018098951757475
4 3 3 5 -1  0.0164232
1801020361020933671
4 4 5 3 -1  -0.531441
1801153869985048516
5 4 4 5 -1  0.0164232
1801226538243640045
6 1 5 1 -1  -0.00872795
1801383749615499558
6 6 5 5 -1  0.00969773
1801867280459988053
5 5 4 3 -1  0.00417455
1801886713653113481
3 3 5 1 -1  0.00872795
1802035089397453489
5 1 2 4 -1  -0.0523347
1802554498167510845
7 5 6 5 -1  0.228768
1802628697271237927
4 6 3 7 -1  -0.430467
1803031934189181473
7 4 7 6 -1  -0.0646108
1803095200346802569
4 4 3 3 -1  -0.6561
1803673290370120264
5 3 4 3 -1  -0.205891
1803719635100483318
1 2 1 0 -1  0.0523347
1803889761504062385
4 6 4 0 -1  0.6561
1804035442939261372
4 7 6 6 -1  0.185302
1804190787193769134
7 2 4 5 -1  -0.038152
1804245721476231530
3 5 5 3 -1  0.0119725
1804433267733076119
5 0 4 1 -1  -0.038152
1804465782513699755
6 5 4 5 -1  -0.0037571
1804617634132460522
7 4 3 4 -1  0.0646108
1804660751902297473
2 2 4 4 -1  -0.018248
1804686943964214944
7 5 7 4 -1  -0.59049
1804901741536460044
6 2 5 2 -1  0.254186
1804907024939301394
5 5 6 7 -1  0.282429
1804971425110672158
7 0 7 2 -1  -0.6561
1805068895342005948
0 4 0 1 -1  -1
1805108636866937299
7 3 0 3 -1  0.121577
1805242300217088359
3 4 4 2 -1  0.00246503
1805304978452166541
7 0 6 0 -1  0.0343368
1805497200861545853
5 6 4 6 -1  -0.228768
1805500740469183445
6 4 6 3 -1  0.59049
1805667098851476575
6 6 5 6 -1  -0.0581497
1805675635081759262
4 2 2 4 -1  0.166772
1805888686763287385
7 5 6 4 -1  0.254186
1805965495314926940
7 3 6 2 -1  -0.121577
1806153205251679264
6 1 5 2 -1  0.0315046
6 3 5 2 -1  0.00461955
1806191738660603251
4 1 3 1 -1  -0.00338139
1806336011541720738
5 2 4 2 -1  -0.0523347
1806536123211351181
4 1 4 4 -1  0.228768
1806770895605514310
6 4 3 1 -1  -0.0646108
1807375333022629624
4 7 3 7 -1  0.478297
1807499209288784871
7 1 6 3 -1  0.0471013
1807642347555450400
5 3 4 3 -1  0.166772
1807661247442432434
0 1 1 2 -1  0.6561
1807839677515893323
7 3 6 2 -1  0.430467
1807864279556659671
1 3 1 2 -1  -0.135085
1807880790295240673
7 4 6 4 -1  0.0797664
1808174964169662943
4 4 4 6 -1  -0.150095
1808196291898147689
7 2 5 4 -1  -0.0025313
1808307376671157735
4 0 3 2 -1  -0.6561
1808395921597975855
2 7 0 5 -1  -0.9
1808435304359281583
5 0 4 0 -1  0.0717897
5 5 4 6 -1  0.00117902
1808579937480123577
6 1 5 2 -1  0.185302
1808718861707973125
4 7 3 7 -1  -0.000955003
1808764365834370276
7 3 0 3 -1  -0.00969773
1809294952310568933
4 3 3 4 -1  -0.166772
1809413189172540443
5 4 7 3 -1  0.109419
1809708902125115402
5 1 3 2 -1  -0.348678
1809900084474633676
4 3 6 2 -1  0.282429
1810082486317341794
6 6 5 6 -1  0.31381
1810309654127042616
6 0 5 0 -1  -0.0278128
1810629149071511853
7 2 6 3 -1  -0.121577
1811037781155236549
5 6 5 5 -1  0.531441
1811077975479274976
5 5 3 4 -1  0.000332989
1811099077016259332
1 5 5 5 -1  0.478297
1811124365574818588
6 1 5 1 -1  -0.00969773
1811172709721164934
6 3 7 4 -1  0.0797664
1811280069860582009
5 0 7 0 -1  -0.166772
1811385304612919364
6 4 5 4 -1  0.109419
1811715345193461416
5 2 3 3 -1  -0.0613609
1811733139997875504
1 1 1 5 -1  0.6561
1811799836141739917
6 1 5 1 -1  0.0278128
1811860079018445890
5 2 1 6 -1  -0.430467
1811868777614678888
6 2 5 3 -1  -0.430467
1811931670129803098
6 6 4 6 -1  0.0133028
1812046242605067628
6 6 4 6 -1  -0.0646108
1812185091080103119
7 2 4 5 -1  0.150095
1812386428848422304
6 0 5 0 -1  0.0343368
1812477965420685212
6 2 5 3 -1  0.038152
1812872057042697450
5 2 6 1 -1  0.81
1813054318824716000
2 5 2 6 -1  0.9
1813083620856550370
7 1 5 2 -1  0.0202755
1813192862163528155
1 2 1 5 -1  0.31381
1813221396715851353
6 2 4 2 -1  0.098477
1813416223382506809
5 3 4 3 -1  0.0225284
1813583160933019741
6 4 5 4 -1  0.0133028
1813903017306779592
4 2 3 3 -1  0.0343368
1814089976191483482
6 7 5 7 -1  -0.531441
1814125265335278589
7 2 4 2 -1  -0.0309031
1814163864756043423
4 1 4 7 -1  0.38742
1814569806450168456
7 3 1 3 -1  0.0343368
1814578461298869796
4 3 5 4 -1  0.0225284
1814758773950821494
7 4 7 6 -1  -0.205891
1814793933655198013
7 3 1 3 -1  -0.59049
1814977520212377158
5 3 4 4 -1  -0.00117902
1815126916519443314
7 7 7 6 -1  -0.0278128
1815210300881865632
5 3 4 3 -1  0.0164232
1815459172460836248
5 4 4 3 -1  0.00572641
1815596516692732928
3 3 2 4 -1  0.59049
1815742530628175527
6 3 4 3 -1  0.0309031
1815766033681565993
6 1 4 1 -1  0.0646108
1815790403125029078
7 2 7 3 -1  0.430467
1815873841240543854
6 3 6 2 -1  0.228768
1815976689203695270
4 1 4 3 -1  -0.00463839
1815977516573750848
7 3 3 3 -1  0.00246503
1815980753435013833
6 6 5 5 -1  -0.81
1816111691511061825
5 6 4 7 -1  0.430467
1816155171111122826
6 1 4 2 -1  0.348678
1816233601688399160
5 2 4 4 -1  0.0717897
1816367709074945917
6 4 4 6 -1  0.0886293
1816445267989513319
5 2 3 2 -1  0.0886293
1816515343729307579
6 4 5 5 -1  0.430467
1816563964371016248
4 0 5 1 -1  0.0343368
1816694009308710321
7 5 6 6 -1  -0.0225284
1816738980380752081
6 3 4 2 -1  0.0164232
1816834184642000613
5 4 4 3 -1  -0.185302
1816863109673897971
7 3 7 2 -1  -0.00969773
1816939288267043634
3 2 2 2 -1  0.430467
1817197900575844060
6 4 3 7 -1  -0.228768
1817239513270073879
5 4 4 5 -1  0.00636268
1817388106151373608
4 7 4 4 -1  0.0646108
1817527312110660678
2 5 3 4 -1  0.9
1817618162727295277
6 0 0 0 -1  0.121577
1817656158265754102
6 4 4 4 -1  0.109419
1817675029185740033
5 5 4 5 -1  0.00872795
1817724242259088818
7 4 6 4 -1  0.098477
1817883802925200880
5 7 5 6 -1  0.59049
1817976823594581843
3 2 2 1 -1  0.6561
1818367421978318766
5 0 4 1 -1  -0.254186
1818466048967725008
6 3 3 6 -1  0.0797664
1818673295930042606
7 6 5 5 -1  0.0164232
1818761940933251563
4 3 2 2 -1  0.00515377
1818911449677983047
3 0 2 2 -1  -0.59049
1819025657852799174
7 6 7 7 -1  0.0133028
1819127402455450285
5 3 4 3 -1  0.00417455
1819175235205012483
7 6 5 5 -1  -0.00338139
1819198412536826125
4 7 5 6 -1  -0.018248
1819229736691009990
5 3 4 3 -1  -0.228768
1819510348875878321
2 0 2 5 -1  -1
1819696347387486290
6 5 5 4 -1  0.0523347
1819701120429509089
6 6 5 5 -1  -0.0423911
1819704572114219975
1 3 1 5 -1  -0.9
1819719991630507146
7 5 7 2 -1  -0.9
1819749330946940072
7 3 6 2 -1  0.0646108
1819775372552559896
6 5 4 5 -1  0.00872795
1819991965622913372
4 0 3 2 -1  0.0119725
1819995953709559733
6 3 5 5 -1  0.000955003
1820133280118587306
5 5 4 6 -1  0.109419
1820377392666557037
6 1 4 1 -1  0.0471013
1820446923175335659
6 7 4 7 -1  0.0202755
1820516324679228472
4 1 6 1 -1  0.038152
1820698687749449502
7 2 5 1 -1  0.0471013
1820711533559413522
4 3 3 3 -1  -0.121577
1821170235636039095
4 5 6 4 -1  -0.185302
1821265073790759107
6 5 4 5 -1  0.0225284
1821283879885179959
1 1 0 1 -1  0.0423911
1821532331188405531
6 6 5 6 -1  0.9
1821533192059756073
7 2 1 2 -1  0.0717897
1821807112693998668
5 4 6 3 -1  0.00131002
1821955706425713000
6 5 7 4 -1  0.81
1822031914164835231
7 5 7 3 -1  -0.254186
1822338728737871407
5 5 3 6 -1  0.00785516
1822542692437418366
3 4 4 6 -1  -0.205891
1822556177826187193
6 4 5 6 -1  -0.121577
1822765640882508065
6 4 6 5 -1  0.205891
1823232713709523740
4 0 5 0 -1  -0.0523347
1823307490355784878
5 5 4 5 -1  -0.729
1823583456801654806
6 3 4 2 -1  0.109419
1823684494274511884
0 7 0 2 -1  0.00785516
1823751028389706472
7 3 7 4 -1  0.121577
1823799255815398937
7 6 6 6 -1  -0.038152
1823885102707963411
5 5 4 4 -1  0.185302
1823977613890582507
7 2 5 2 -1  -0.0581497
1824060105808425128
7 0 4 0 -1  -0.00706964
1824160250677398945
4 6 6 4 -1  0.0278128
1824401586727406441
7 4 7 6 -1  0.00338139
1824404653920532501
4 4 4 6 -1  0.0886293
1824423245794182148
7 3 7 4 -1  0.254186
1824457884982634416
1 4 2 3 -1  -0.0250315
1824569213653058227
5 1 6 2 -1  0.0133028
1824971466287490436
7 4 5 5 -1  0.185302
1825307298539921366
6 4 7 3 -1  -0.0343368
1825335862976596708
6 4 4 5 -1  0.000218474
1825393168495560379
5 6 4 5 -1  0.0202755
1825860410857431372
6 4 5 4 -1  -0.0797664
1826378952972440890
3 1 5 3 -1  0.166772
1826392394584903173
6 6 5 7 -1  0.478297
1826463408361774396
6 1 5 1 -1  -0.0278128
1826474409366974119
5 1 3 2 -1  0.0423911
1826689776046388209
7 4 7 3 -1  -0.282429
1826703547978293095
6 0 4 0 -1  -0.018248
1826845337148617197
7 2 7 1 -1  0.000269721
1826934556798912626
7 3 4 3 -1  0.00137178
1827040032128075265
5 3 3 5 -1  -0.31381
1827104165688676331
6 4 5 3 -1  0.59049
1827116460412804659
6 3 5 3 -1  -0.038152
1827355615786231983
4 1 5 2 -1  0.430467
1827446078842321812
5 5 6 3 -1  -0.31381
1827528214034380460
3 0 1 0 -1  -0.6561
1827607521225690151
7 5 7 1 -1  -0.205891
1827804050167137719
7 3 4 3 -1  0.00106111
1827821670399127853
4 2 4 0 -1  -0.038152
1827850689489219786
6 0 4 0 -1  -0.00706964
6 2 4 2 -1  0.0424432
7 1 5 2 -1  -0.00179701
1828508493032598950
6 3 4 1 -1  -0.00417455
1828649296733327541
7 5 7 4 -1  0.000773553
1828964037783751545
6 6 4 4 -1  -0.0797664
1829182144301525147
7 6 7 7 -1  0.81
1829183575810439100
6 3 4 2 -1  0.109419
1829466273335175894
3 7 4 6 -1  0.185302
1829480967060582655
4 5 5 6 -1  0.59049
1829518398113008502
6 5 4 5 -1  -0.00179701
1829691322174992519
7 2 0 2 -1  0.228768
1830239202933049546
5 2 4 2 -1  -0.121577
1830309878415048191
7 3 1 3 -1  -0.9
1830450943244134990
6 3 5 3 -1  -0.0353321
7 4 7 6 -1  0.0147809
1830497482808714755
7 3 6 3 -1  0.150095
1830502586331982847
5 0 3 2 -1  -0.31381
1830642733951045076
5 5 4 3 -1  0.0119725
1830733097489965047
4 2 5 3 -1  0.478297
1830918042511604312
4 1 3 1 -1  -0.205891
1831079006918195137
4 4 3 6 -1  0.478297
1831140601683919902
7 6 6 5 -1  0.282429
1831284103593740209
3 4 1 3 -1  -0.81
1831291023423650963
7 4 5 4 -1  0.166772
1831314411213885288
6 6 7 5 -1  0.31381
1831559982414636645
3 0 2 0 -1  -0.0886293
1831757125021555794
0 6 1 6 -1  -0.31381
1831795603961977808
7 6 6 6 -1  -0.478297
1831954156248500279
4 4 3 4 -1  0.000143341
1832011597308760835
0 6 0 0 -1  0.109419
1832126213145281890
7 4 7 6 -1  0.098477
1832307237061078230
3 2 2 0 -1  -0.205891
1832367633338018610
6 4 5 5 -1  -0.109419
1832395135722642669
6 2 6 3 -1  -0.9
1832536005428901853
7 3 7 4 -1  0.59049
1832654703273315213
6 3 7 5 -1  0.0523347
1832702763680445545
4 2 2 1 -1  0.00515377
1832846552308020857
2 2 5 2 -1  0.31381
1832876127350905175
7 3 5 3 -1  0.0202755
1833163675189848907
4 4 6 6 -1  -0.0523347
1833212138607170261
7 0 7 2 -1  0.000955003
1833443588875592334
7 5 6 4 -1  0.135085
1833577589498148349
5 4 5 5 -1  -1
1833756851354070526
6 5 4 7 -1  0.0797664
1833811743450591534
5 0 6 1 -1  0.531441
1833890532118689432
5 5 6 4 -1  0.00872795
1834013240366068261
6 3 7 4 -1  0.254186
1834013489268490274
6 0 4 0 -1  -0.228768
1834174102811765922
7 1 5 2 -1  0.0164232
1834321975329628575
6 6 5 7 -1  0.185302
1834672162599019797
5 0 6 2 -1  -0.0164232
1834682859221904122
6 3 5 1 -1  0.00636268
1834908679172110397
7 2 6 1 -1  0.0886293
1834945758961139623
7 1 6 0 -1  0.0717897
1835090224871715662
6 1 5 1 -1  -0.205891
1835121781962867680
7 4 4 4 -1  -0.0250315
1835234461245253376
7 5 6 3 -1  0.0250315
1835346876839047565
5 6 4 5 -1  -1
1835505229804846909
7 3 5 3 -1  0.038152
1835552387513459372
5 4 1 4 -1  0.254186
1835610242890535036
7 3 5 5 -1  0.150095
1835732941641265245
7 4 7 3 -1  -0.135085
1835807151826939881
6 4 4 4 -1  -0.348678
1836107891734211854
6 3 6 5 -1  0.31381
1836194368605773100
2 3 1 3 -1  0.9
1836217514960541226
0 4 6 4 -1  -0.038152
1836226752112066552
7 6 5 6 -1  0.254186
1836451271804150077
6 2 6 4 -1  0.135085
1836558687578002094
5 2 3 4 -1  0.348678
1836768627876563692
7 1 5 2 -1  0.00338139
1836783243330734722
7 5 7 4 -1  0.348678
1836848800287288285
6 6 7 6 -1  0.9
1836848946778830715
3 7 5 6 -1  0.729
1837222800749998915
6 4 5 3 -1  0.228768
1837249256502461761
3 6 1 4 -1  0.0250315
1837392611852509883
7 7 6 6 -1  -0.430467
1837584573533913490
5 6 5 7 -1  -0.166772
1837841317818002218
5 1 4 2 -1  0.729
1837954985434561356
2 4 1 2 -1  -0.185302
1838103910067687917
5 5 4 5 -1  0.729
1838153217790273543
6 4 5 4 -1  0.150095
1838310795579456762
2 1 2 2 -1  0.0343368
1838469483845413886
6 5 5 5 -1  -0.254186
1838706589250139892
4 7 3 7 -1  -0.0309031
1838796546629175733
3 3 1 2 -1  0.0309031
1839029310926145106
6 4 4 6 -1  0.254186
1839154961858749788
6 3 6 1 -1  0.6561
1839165238949245718
6 4 5 4 -1  0.00221853
1839206593130381002
6 2 6 3 -1  0.38742
1839367996598229283
1 3 0 5 -1  0.6561
1839398794831588198
3 4 2 4 -1  -1
1839882288788016949
4 1 3 1 -1  0.0278128
1840073026245911417
4 3 3 4 -1  0.38742
1840403677061712578
6 2 6 0 -1  0.0717897
1840451035867927883
7 3 5 3 -1  -0.109419
1840629100432094889
6 3 5 5 -1  -0.185302
1840631484007331238
5 3 3 1 -1  0.0147809
1840694807703911852
4 4 3 4 -1  -0.0523347
1840763179206679678
5 3 3 4 -1  0.348678
1840765232110146434
6 2 6 3 -1  0.254186
1840989091421038104
6 7 5 6 -1  -0.531441
1841433108004883198
6 4 7 5 -1  -0.228768
1841438264532606817
7 1 5 3 -1  0.38742
1841657916501976458
7 7 6 7 -1  -0.9
1841689542949276956
4 3 4 5 -1  0.00969773
1841914136961689420
5 5 6 4 -1  0.282429
1841953699897539311
7 4 6 4 -1  -0.59049
1842238779747559983
5 0 4 0 -1  0.254186
1842287636192973027
6 5 5 3 -1  -0.0343368
1842319454252933794
7 5 7 4 -1  0.00969773
1842469542863199479
6 5 6 4 -1  0.038152
1842481868657475132
4 7 5 5 -1  0.00463839
1842650760651550873
5 3 4 3 -1  0.098477
1842732719094680534
6 4 5 4 -1  -0.0523347
1842877178939388248
7 5 6 6 -1  0.0151684
1842922669294746735
4 2 3 2 -1  0.135085
1843059691954213748
3 1 5 3 -1  -0.00417455
1843149907773014620
7 2 3 6 -1  -0.018248
1843342003931530908
4 2 6 4 -1  -0.0309031
1843429412781045409
7 0 1 0 -1  0.00304325
1843451912612737328
5 5 4 4 -1  -0.0278128
1843483826068345691
3 6 2 6 -1  0.0471013
1843523653303158227
6 2 5 2 -1  0.000159268
1843820459638127065
5 2 6 2 -1  -0.478297
1843957911516456788
4 1 2 2 -1  0.9
1844004619096745158
4 2 3 3 -1  0.0225284
1844027453013835108
6 5 5 5 -1  0.0717897
1844231080071868622
6 1 5 1 -1  0.0523347
1844338285505030973
2 7 1 6 -1  -0.098477
1844596199151196235
7 6 7 7 -1  -0.098477
1844638996577406343
6 6 5 7 -1  -0.228768
1844751994926076218
7 2 7 1 -1  -0.0309031
1844775298128419442
4 2 1 2 -1  0.038152
1844880497421000139
5 0 7 0 -1  0.0797664
1844935691908570724
4 3 3 3 -1  -0.00145558
1845013235149414449
3 6 3 1 -1  -0.135085
1845136321276298238
6 1 5 2 -1  -0.729
1845156928055414434
2 7 4 7 -1  -0.478297
1845354062227682415
3 5 4 6 -1  0.018248
1845567679060455246
7 4 7 2 -1  0.205891
1845644811589678903
6 2 5 2 -1  0.00515377
1845794309227436243
5 5 7 4 -1  0.0423911
1845868032475380602
6 6 5 7 -1  0.228768
1846476083231134345
4 2 3 4 -1  -0.150095
1846515569430903740
5 1 6 1 -1  -0.348678
1846776694646636365
5 4 2 1 -1  -0.038152
1847129205340471882
6 0 7 0 -1  -0.166772
1847197342547975074
6 3 2 3 -1  0.254186
1847397990009325719
7 5 7 4 -1  0.00572641
1847447421237421282
4 1 4 6 -1  0.430467
1847525471495694210
4 2 4 1 -1  0.254186
1847527481125472539
7 7 7 3 -1  -0.38742
1847584919861221306
6 0 4 0 -1  0.0225284
1847900709010755462
4 5 3 5 -1  -0.135085
1848033437694463794
6 3 4 4 -1  0.0523347
7 0 7 2 -1  0.0646108
1848649526601865636
7 6 7 5 -1  0.0164232
1848741813969000037
6 3 5 1 -1  0.00785516
1848851792884380805
7 3 5 3 -1  0.0423911
1848866221763053616
0 3 1 1 -1  -0.478297
1848950755882314825
7 0 7 3 -1  -0.430467
1848994210068789952
5 5 3 6 -1  0.0309031
1849170585067083302
6 7 4 7 -1  -0.0886293
1849273758913081600
5 4 3 2 -1  0.098477
1849570030530426503
5 4 6 5 -1  -0.0133028
1849794558579629823
0 0 1 2 -1  0.0037571
1849842810043214804
5 5 3 4 -1  0.0278128
1850076816708724187
5 7 4 7 -1  0.729
1850496159035088524
3 7 4 6 -1  0.00515377
1850683686387668529
6 1 4 1 -1  -0.0147809
1850853293765230539
7 4 7 6 -1  0.109419
1851340174903722931
6 1 5 2 -1  0.430467
1851492010720323046
6 6 5 5 -1  0.0717897
1851644388787681191
4 5 5 5 -1  0.59049
1851721758116870127
7 3 6 4 -1  0.00872795
1851895234156704951
4 5 3 4 -1  0.430467
1851912405932322172
5 4 4 4 -1  0.0202755
1851917820410663323
7 2 6 1 -1  -0.038152
1852221034047195183
5 3 4 2 -1  0.0343368
1852382265896218130
7 2 5 4 -1  0.02378
1852576103728812875
4 1 3 1 -1  -0.0471013
1852631698911811910
5 4 7 2 -1  0.0107753
1852710914178261931
7 0 7 1 -1  0.478297
1852802264467925387
1 3 1 4 -1  0.228768
1852842719935411262
3 4 5 2 -1  0.9
1852965465664114636
6 6 5 7 -1  0.166772
1853195350938903712
7 4 5 2 -1  0.729
1853357537679407794
6 4 6 5 -1  0.478297
1853367157657588561
0 3 2 3 -1  -0.038152
1853491048899611901
6 3 4 5 -1  0.0646108
1853543157344220957
3 3 2 4 -1  0.109419
1853700106445916186
6 7 5 7 -1  0.0523347
1853750630775539578
1 2 3 4 -1  0.00785516
1853780268294448382
4 6 3 6 -1  0.0886293
1853807008373167589
6 7 5 6 -1  0.6561
1853819724740099937
6 7 5 7 -1  -0.31381
1853930023400807476
5 5 4 6 -1  0.0797664
1854044376183010999
4 4 7 4 -1  0.0523347
1854081279398088356
6 2 4 2 -1  0.135085
7 5 6 4 -1  0.00951459
1854389247844908664
7 2 7 7 -1  0.0133028
1854762189746453622
4 3 2 1 -1  0.38742
1855241024582385184
2 2 2 3 -1  -0.31381
1855308432298775535
6 3 7 2 -1  0.6561
1855353968796653160
6 4 6 7 -1  0.6561
1855469591997597620
4 2 3 3 -1  -0.0202755
1855558796357267786
6 7 4 7 -1  0.00969773
1855788337034562545
5 3 4 4 -1  -0.185302
1855798607548542333
5 0 6 1 -1  0.228768
1855953229616231079
6 5 5 5 -1  -0.150095
1856251944248507603
5 6 6 6 -1  0.729
1856435387293567458
7 3 6 3 -1  0.018248
1856444541424672311
6 1 5 1 -1  0.018248
1856462425593445390
3 3 1 4 -1  0.0581497
1856545433001917490
5 3 2 6 -1  0.098477
1856568775606866340
6 1 4 1 -1  -0.038152
1856752244905181712
7 6 7 5 -1  0.0164232
1857074989076573901
7 3 5 1 -1  0.00706964
1857208619949467051
3 2 4 4 -1  0.59049
1857308236695984558
7 6 7 7 -1  0.9
1857466341997275137
7 6 6 7 -1  0.31381
1857512682733130940
4 5 3 4 -1  0.59049
1857632311014969671
3 2 1 4 -1  0.00131002
1857643762976850758
4 7 4 4 -1  0.0133028
1857659975917519795
5 4 4 3 -1  0.109419
1857763851169703995
6 1 7 1 -1  0.348678
1858205849847677610
6 2 5 2 -1  -0.31381
1858208792440821183
5 4 2 1 -1  0.531441
1858276395673706325
4 3 3 2 -1  0.0797664
1858298354388574928
6 1 5 1 -1  0.038152
1858307469673375849
7 2 6 1 -1  -0.185302
1858402106660916976
4 5 5 3 -1  -0.205891
1858556985882231581
4 5 5 6 -1  0.018248
1858575622070866768
3 3 2 3 -1  -0.81
1858578378826574262
4 3 3 3 -1  0.0250315
1858626859369614551
3 2 2 2 -1  -0.121577
1858839534398600485
7 1 7 5 -1  0.282429
1858899552378958281
7 5 3 5 -1  0.185302
1859078067987060031
1 2 4 2 -1  0.254186
1859143991616607621
2 5 0 5 -1  0.81
1859675196826276083
5 6 3 5 -1  -0.018248
1859724738689377160
3 5 2 4 -1  0.185302
1859768977141924942
2 2 3 2 -1  -0.109419
1859923859594587136
4 5 1 5 -1  0.38742
1859937722820144855
7 5 7 3 -1  0.0717897
1859944605536317501
6 6 3 3 -1  0.0523347
1860144394634340325
4 3 3 4 -1  -0.6561
1860276239474821095
4 1 3 1 -1  0.0278128
1860684513088586960
2 0 3 0 -1  -0.00636268
7 0 5 2 -1  -0.00785516
1860726157728980835
3 2 5 1 -1  0.150095
1861072545769312776
7 6 5 5 -1  -0.0343368
1861155208569581634
3 4 1 3 -1  -0.729
1861188557677875754
5 6 4 5 -1  0.478297
1861221869739646743
4 4 3 3 -1  0.0523347
1861249658958690722
7 4 7 3 -1  -0.0523347
1861300207660460105
6 3 5 1 -1  0.0192369
1861315639060752470
7 5 7 3 -1  0.478297
1861329458649976832
5 2 4 4 -1  -0.0051824
1861871529385711890
7 6 6 7 -1  0.9
1861874675073405354
7 2 7 5 -1  0.81
1861952668534352206
3 5 2 5 -1  -0.185302
1862155254945607697
1 2 6 7 -1  0.00515377
1862178565246714938
1 6 1 4 -1  -0.0717897
1862225216146408625
3 6 2 5 -1  0.00179701
1862466243882978641
4 1 5 3 -1  0.6561
1862967172026835603
5 3 4 4 -1  0.0581497
1863121574334775217
6 6 4 4 -1  0.166772
1863140126424700747
4 4 3 4 -1  -0.430467
1863503085239029930
7 3 4 0 -1  -0.254186
1863601410573781409
4 4 3 5 -1  0.0423911
1863612236841747774
6 3 5 1 -1  0.0423911
1863723729911322391
7 0 5 0 -1  -0.0523347
1863734180675130003
0 1 4 1 -1  0.430467
1863958740928971107
2 6 1 5 -1  -0.00572641
1864172408018461246
6 5 5 5 -1  0.0646108
1864222960818925885
4 5 3 5 -1  0.348678
1864612182367980685
7 7 7 6 -1  0.6561
1864770228240557459
7 3 7 0 -1  -0.9
1864906121289445779
6 6 5 6 -1  0.0646108
1864935610412788989
5 4 4 4 -1  -0.0343368
1864946985865798182
6 4 5 4 -1  -0.000626578
1865027963989888510
6 6 7 5 -1  -0.478297
1865066440870093648
6 5 5 5 -1  0.185302
1865169977058854098
5 5 4 4 -1  -0.38742
1865305508899516035
4 1 3 1 -1  -0.0886293
1865476736332591383
7 2 3 2 -1  -0.0250315
1865597174622901153
6 1 5 1 -1  0.478297
1865599495140530417
7 6 7 5 -1  -0.0202755
1865655760933555339
3 1 2 2 -1  -0.348678
1865691815344654525
6 2 5 2 -1  0.150095
1865745656784098719
5 4 3 2 -1  1.74269e-05
1865853321084877511
4 3 3 3 -1  -0.254186
1865869214796219877
7 1 7 4 -1  -0.254186
1866057430573948838
2 3 3 2 -1  0.430467
1866130824609863482
6 5 5 5 -1  0.0164232
1866286816259462841
5 0 4 0 -1  -0.0797664
1866535630400848690
7 4 3 4 -1  0.0250315
1866704288439279312
7 4 7 6 -1  0.00872795
1866706584200939921
5 4 4 5 -1  0.31381
1867169314501176249
5 6 4 6 -1  0.0133028
1867221000266694987
7 0 7 1 -1  0.135085
1867226587831672052
4 3 3 2 -1  0.00572641
1867286161834213877
5 6 4 6 -1  -0.59049
1867593168641204826
7 6 6 7 -1  0.430467
1867679283397136350
6 2 7 1 -1  0.0164232
1867998385998242893
6 1 4 1 -1  0.0309031
1868007250896747489
7 2 6 3 -1  -0.185302
1868128167411115677
5 1 3 1 -1  -0.0886293
1868305122078533972
7 4 7 2 -1  0.282429
1868475051495046744
7 4 6 4 -1  0.0717897
1868524768017526192
6 3 7 2 -1  0.59049
1868535152836510714
6 3 0 3 -1  0.0133028
1868554473396003572
6 7 5 7 -1  0.150095
1868755387072563726
6 2 5 3 -1  -0.0717897
1868758827702066141
7 3 6 4 -1  0.00572641
1868841730934093467
6 6 5 5 -1  0.430467
1868855181078465770
7 6 6 5 -1  0.282429
1868941922109592299
6 2 5 3 -1  0.0886293
1868993469941447092
5 2 6 4 -1  -0.0717897
1869085386965507975
6 3 4 1 -1  0.348678
1869166221745922391
4 4 3 4 -1  0.00969773
1869213128445049176
4 5 3 5 -1  0.430467
1869554832213435196
3 2 3 1 -1  -0.254186
1869617029600199985
3 1 1 3 -1  0.135085
1869660067066986612
4 2 6 2 -1  -0.000369988
1869745179477004787
7 5 5 5 -1  0.348678
1869870418187442563
5 4 5 0 -1  0.0164232
1870045365612092865
3 7 2 7 -1  -0.38742
1870596678254282747
6 7 5 7 -1  0.135085
1870808296887542769
2 1 4 1 -1  -0.348678
1870968905583867256
5 1 3 2 -1  0.150095
1870988609967783912
4 7 3 6 -1  0.81
1871233771455370949
4 2 6 4 -1  0.0797664
1871479819228024148
3 3 2 1 -1  -0.31381
1871531002594661098
4 4 4 5 -1  -0.729
1871637956881151215
3 4 5 2 -1  -0.135085
1871693552576965617
7 3 6 4 -1  -0.0423911
1871695536787208133
7 4 7 6 -1  -0.00417455
1871978085465137917
7 5 6 4 -1  0.0581497
1872688351538215416
5 2 5 1 -1  0.109419
1872896556243617700
6 7 5 7 -1  0.0225284
1873088527738337264
7 4 7 5 -1  0.430467
1873095134335899219
7 2 6 2 -1  0.59049
1873113663745550268
5 3 3 3 -1  -0.0797664
1873166667884294409
6 4 7 5 -1  0.000626578
1873631068672473213
5 5 4 3 -1  0.348678
1873672790744405652
5 2 5 3 -1  -0.38742
1873988468785755583
7 6 6 4 -1  0.038152
1874276291178710023
5 4 4 3 -1  0.109419
1874404006204334301
4 2 2 3 -1  -0.109419
1874530699646500298
5 2 4 2 -1  0.282429
1874710018812997486
7 0 7 2 -1  0.282429
1874728805330027230
6 3 3 6 -1  0.166772
1875043391516403585
3 0 6 0 -1  -0.9
1875094566184364976
6 0 5 0 -1  0.0164232
1875102709519881124
7 6 6 7 -1  0.186331
1875137293845298998
7 5 5 5 -1  0.0107753
1875248403493095509
6 1 4 3 -1  0.59049
1875254409162400776
7 0 3 0 -1  0.729
1875566892718652538
2 1 2 0 -1  -0.81
1875618324121326283
6 2 5 3 -1  -0.00706964
1875625662127546255
6 4 6 5 -1  0.31381
1875770988935975049
6 0 4 0 -1  0.0646108
1876142888965476357
3 6 2 5 -1  0.0604069
4 4 3 3 -1  0.00188427
1876155112604651116
6 6 4 6 -1  -0.098477
1876249801663744603
5 6 5 4 -1  0.282429
1876339184832351794
0 3 0 6 -1  0.59049
1876459414321972849
2 3 5 6 -1  0.430467
1876544925913500786
4 3 3 3 -1  -0.430467
6 6 4 6 -1  -0.531441
1876703461253920339
7 4 3 4 -1  -0.31381
1877159727775634462
1 1 0 1 -1  -1
1877364327498524035
7 4 6 5 -1  -0.121577
1877461790703566013
7 5 5 4 -1  0.0646108
1877532518106939264
5 0 6 1 -1  0.228768
1877549678371157519
6 4 5 3 -1  0.00969773
1877780359198557990
5 2 4 3 -1  -0.00338139
1877841367623272938
5 2 6 0 -1  0.9
1877887143354421108
7 4 3 4 -1  0.0343368
1877905549850957297
4 2 4 4 -1  0.205891
1878087323550451683
7 6 7 7 -1  0.0278128
1878154369834702902
5 1 5 0 -1  0.150095
1878812238960601577
7 3 3 3 -1  0.254186
1878978102688115899
5 5 6 3 -1  0.0886293
1879045998947035748
7 0 3 0 -1  0.0147809
1879163210351460839
5 5 4 5 -1  -0.228768
1879203523125224928
6 7 4 7 -1  0.0797664
1879226813662722254
7 5 6 4 -1  0.0886293
1879285890777444207
4 3 5 3 -1  -0.282429
1879396022106781244
6 5 4 5 -1  0.109419
1879449770075548478
3 1 2 0 -1  0.00785516
1879464184794406963
7 6 3 6 -1  -0.9
1879474195074558930
6 3 7 3 -1  -1
1879774655815626722
7 6 6 6 -1  0.9
1879809320646046907
6 5 4 5 -1  -0.282429
1879926797317338027
5 5 4 7 -1  0.0523347
1880130773414219586
2 0 1 0 -1  -0.6561
1880172838923101924
1 0 2 1 -1  -0.531441
1880369764283069555
6 5 5 4 -1  0.31381
1880507514746663319
7 3 6 2 -1  0.0717897
1880526283710093637
3 4 5 5 -1  0.0471013
1880947247447116271
3 0 2 0 -1  -0.282429
1881363540018255885
5 3 1 7 -1  -0.0133028
1881414244921281527
1 1 2 1 -1  0.9
1881464043128052386
5 3 2 6 -1  -0.348678
1881782238759963427
5 2 4 4 -1  0.098477
1881830737689793991
7 6 7 7 -1  0.0164232
1881881769439928900
1 2 3 2 -1  0.0797664
1881951930215612060
7 4 7 6 -1  0.0423911
1881978631534969110
7 3 6 3 -1  0.185302
1882093464692666834
4 1 4 7 -1  0.00056392
1882119556894950475
7 2 6 1 -1  0.00515377
1882200729994872044
4 1 3 2 -1  0.109419
1882775000796620505
7 1 5 0 -1  -0.0309031
1882859092870388031
6 4 4 5 -1  -0.098477
1883123626117972692
4 0 3 0 -1  0.185302
1883330366821310524
1 6 1 4 -1  -0.00199668
1883478926590332792
7 5 7 2 -1  0.166772
1883760864551327139
7 5 7 1 -1  0.228768
1884038325849708215
7 5 7 4 -1  -0.0797664
1884216403687585799
6 4 4 2 -1  -0.038152
1884355071266243217
2 5 2 3 -1  0.109419
1884776969443078626
4 4 2 2 -1  -0.0471013
1884817110447880597
5 4 4 3 -1  0.00969773
1884900426365098766
1 2 3 2 -1  0.0343368
1884925921815335470
6 0 5 1 -1  -0.135085
1885244516409348831
7 0 7 1 -1  0.0343368
1885308537138353574
6 4 7 5 -1  0.81
1885565755909081198
3 7 3 5 -1  -0.430467
1885630344800887280
4 5 5 5 -1  -0.348678
1886349540128484292
6 7 5 7 -1  0.9
1886385432879473297
4 7 5 6 -1  0.00273892
1886689636458975287
4 6 3 7 -1  0.430467
1887158684305688083
4 2 4 0 -1  0.729
1887260477534061772
5 7 6 7 -1  0.348678
1887276992565436210
7 3 5 1 -1  -0.0523347
1887371477480518363
6 4 4 6 -1  0.348678
1887400717050501699
7 0 6 1 -1  -0.38742
1887456242956506141
1 3 6 3 -1  0.038152
1887461481993745645
6 2 3 5 -1  0.31381
1887867547628434557
4 2 3 1 -1  -0.0278128
1888035862677328449
4 2 5 3 -1  0.0581497
1888141961614846301
4 0 3 0 -1  0.185302
1888260288208212195
6 0 5 0 -1  0.205891
1888720004833926393
4 3 3 3 -1  0.31381
1888976721496013804
7 2 7 1 -1  0.6561
1889106835665542662
7 1 6 3 -1  0.00785516
1889313195022091840
6 5 5 5 -1  0.348678
1889314300625950615
5 6 4 6 -1  -0.430467
1889360164129679276
6 3 2 3 -1  0.531441
1889448346749526152
3 7 5 5 -1  0.205891
1889518046231363792
1 5 0 6 -1  -0.81
1889597723739334065
3 4 5 3 -1  0.0147809
1889639638220395772
7 5 6 5 -1  0.135085
1889945195628784834
7 4 7 5 -1  0.254186
1889966600981778252
6 1 5 3 -1  -0.0147809
1890490456390111440
4 3 5 2 -1  0.0886293
1890565121310655962
6 7 4 7 -1  0.121577
1890631579152586769
6 3 5 1 -1  -0.135085
1890758722541770714
7 0 4 0 -1  -0.729
1890810840355326917
4 3 2 2 -1  0.282429
1890829538483278221
6 6 5 6 -1  -1
1890921329037496204
6 4 6 5 -1  -0.478297
1890960939919325004
6 4 6 5 -1  -0.205891
1890988624710261269
7 0 7 7 -1  0.81
1891230834329389427
2 6 2 0 -1  0.531441
1891294689113664772
3 0 2 0 -1  0.0147809
1891329350482551227
7 4 7 2 -1  -0.185302
1891339652598193148
6 1 5 1 -1  -0.185302
1891343460875567938
5 5 4 4 -1  0.166772
1891422952966367380
5 0 7 1 -1  -0.0423911
1891886910939511206
7 2 5 4 -1  0.282429
1891921786356102177
4 1 3 1 -1  0.0797664
1892083720464108009
4 0 2 0 -1  0.531441
1892115865747562574
5 5 4 4 -1  0.109419
1892736151988204830
7 2 4 5 -1  0.00706964
1892782754032912240
7 0 7 3 -1  -0.31381
1892902923005194938
6 7 6 6 -1  0.59049
1893037684821264321
7 5 6 6 -1  0.150095
1893212783091944040
5 2 4 3 -1  -0.254186
1893938454373814996
1 6 3 7 -1  0.531441
1894045182275197966
4 3 5 4 -1  0.6561
1894200395484522142
5 3 4 3 -1  0.135085
1894378886641002872
4 5 5 7 -1  0.0523347
1894478410072424922
6 6 4 4 -1  0.0423911
1894493045711757521
6 3 5 5 -1  0.0037571
1894621343130595272
6 5 4 5 -1  -0.0110432
7 5 6 6 -1  0.0169942
1894630114571328430
6 2 7 4 -1  -0.109419
1894849629113679512
7 5 7 3 -1  -0.0646108
1895221093462306016
4 4 3 3 -1  -0.0119725
1895454158761427075
4 3 5 2 -1  -0.000507528
1895493977275341893
3 1 1 2 -1  -0.81
1895613491407538599
7 1 5 2 -1  0.254186
1895824926415388329
5 2 4 2 -1  -0.0225284
1896085712924045342
7 4 7 6 -1  -0.0343368
1896217939529415066
7 0 7 3 -1  0.254186
1896338951414224699
7 2 6 2 -1  0.00417455
1896511288597152741
2 6 3 4 -1  -0.478297
1897278076252108084
7 6 6 7 -1  -0.59049
1897283826894047611
1 4 1 3 -1  -0.430467
1897402966860203975
3 1 4 3 -1  0.6561
1897515774070342474
6 4 4 4 -1  0.135085
1897776448120189394
2 6 4 5 -1  -0.6561
1897882195495866455
6 3 5 3 -1  0.150095
1897889183706777179
5 2 4 1 -1  0.205891
1898007907681869502
5 5 4 3 -1  0.038152
1898331566703348675
4 4 3 3 -1  0.0797664
1898375227076373950
6 3 4 2 -1  0.000773553
1898388719318310012
3 1 2 2 -1  0.228768
1898457584740103005
5 2 4 2 -1  0.430467
1898529413165665400
6 4 7 5 -1  -0.729
1898554699607259730
1 2 2 1 -1  -0.135085
1898687541536602334
7 0 7 3 -1  -0.228768
1898702390991397989
4 5 2 3 -1  -0.00872795
1899405067668119581
7 6 7 5 -1  0.166772
1899474004979616170
4 7 3 7 -1  1
1899515860768581233
6 3 5 3 -1  0.0523347
7 4 7 6 -1  -0.0250315
1899633090445943255
5 5 3 4 -1  0.018248
1899816888882059760
5 0 4 0 -1  0.00636268
1899839758472428450
2 2 2 3 -1  0.0423911
1899856181251517554
5 5 6 3 -1  0.109419
1899874115026477425
7 3 7 1 -1  0.0225284
1899907170361272057
7 1 5 2 -1  -0.016331
1900047288565101393
5 5 6 3 -1  -0.0309031
1900093083747555886
7 3 7 5 -1  0.478297
1900135763762281948
5 3 4 4 -1  0.098477
1900137877167299822
5 7 5 6 -1  0.0797664
1900291145551957774
6 4 4 4 -1  -0.531441
1900337280351632214
5 3 4 3 -1  -0.430467
1900422632916693584
6 1 5 0 -1  0.121577
1900517858764048120
6 1 4 1 -1  -0.0164232
1900692699814313448
1 3 1 1 -1  0.81
1900954573942638675
5 1 4 1 -1  0.0646108
1901071428739533249
6 5 6 4 -1  0.0309031
1901496082265831931
5 4 4 5 -1  0.348678
1901534412244418292
3 3 1 5 -1  -0.098477
1901602778603645819
7 2 5 2 -1  -0.729
1902058759978150910
6 7 5 7 -1  0.0343368
1902196451610928683
7 2 6 1 -1  -0.282429
1902305023144542929
5 4 5 6 -1  0.166772
1902455299829780181
4 1 3 1 -1  0.348678
1902605399607946218
5 5 4 7 -1  -0.0523347
1902802999618053148
6 5 4 5 -1  0.109419
1902810680570745031
6 1 5 1 -1  0.0886293
1902827090508473668
7 2 5 2 -1  0.0225284
1902863487230028026
6 3 4 2 -1  -0.098477
1903054243433024486
4 4 4 3 -1  -1
1903164796641103060
6 7 4 7 -1  -0.00179701
1903211119705711262
1 0 6 0 -1  -0.0423911
1903331411092174134
0 1 3 1 -1  0.348678
1903377482226134164
6 4 5 2 -1  0.00572641
1903414226604802623
6 7 5 7 -1  0.0886293
1903640701537134685
4 2 3 1 -1  -0.348678
1903740469176361272
7 3 6 3 -1  0.205891
1903741786504958951
6 3 4 3 -1  0.000242749
1903824408219438481
7 2 6 1 -1  0.00056392
1903927757313568104
7 4 6 3 -1  0.348678
1904079931128849831
6 5 5 5 -1  0.205891
1904154569209846767
3 6 7 2 -1  0.0886293
1904206226813213530
6 3 5 4 -1  -0.00515377
1904427350800507590
3 6 5 5 -1  0.0133028
1904469847005260403
5 5 4 3 -1  0.0107753
1904579499674717194
6 2 6 1 -1  0.59049
1904765462358380712
4 7 3 6 -1  0.38742
1905027049288322182
5 2 7 3 -1  0.0717897
1905131240169702553
7 4 7 6 -1  -0.0646108
1905332183760849555
7 0 6 0 -1  0.59049
1905711720726706576
5 0 6 1 -1  0.0343368
1905809316498035761
4 3 3 2 -1  0.0581497
1905945900865784487
7 5 7 3 -1  0.0202755
1906101513211235130
7 3 7 4 -1  0.038152
1906107412426915666
4 3 4 5 -1  -0.348678
1906152230075449430
5 4 4 6 -1  0.59049
1906253084517414790
4 7 3 6 -1  -0.0225284
1906296275914279327
7 2 7 4 -1  0.0278128
1906462739496799341
3 6 2 6 -1  -0.185302
1906652239088894563
4 3 5 5 -1  0.531441
1906725060012337078
7 2 7 1 -1  0.135085
1906839452369543821
6 6 7 5 -1  0.0343368
1906883313446188754
4 3 3 3 -1  0.0119725
1907000604834218025
3 0 2 0 -1  -0.38742
1907535671727293414
2 3 3 3 -1  -0.729
1907638881166363682
3 7 4 6 -1  0.038152
1908047457561010018
5 2 4 0 -1  0.0581497
1908170441542549887
3 3 4 2 -1  0.282429
1908551139854774714
4 5 3 5 -1  0.282429
1908660177645781198
5 3 3 5 -1  0.282429
1909021843191710971
7 5 5 3 -1  -0.0343368
1909170438302390983
4 1 3 2 -1  0.121577
1909615240775290763
5 3 4 3 -1  -0.430467
5 3 5 1 -1  -0.348678
1909678058498257372
7 1 6 3 -1  0.0433358
1910119080751945459
4 5 2 3 -1  0.0110626
1910272224314377560
7 3 7 0 -1  -0.121577
1910545951431349126
6 3 5 5 -1  -0.0471013
1910610368829978261
7 6 7 7 -1  0.00969773
1910952789428195243
7 2 5 4 -1  0.0309031
1910971776548717187
3 1 3 0 -1  0.254186
1911168538731208822
5 5 3 4 -1  0.282429
1911315406743159569
5 0 7 2 -1  -0.121577
1911332639591440752
7 4 4 4 -1  0.282429
1911594137777827462
7 1 5 2 -1  -0.0037571
1911597261616782307
6 2 4 1 -1  0.185302
1912057842838504856
6 2 7 1 -1  0.0147809
1912222849875206702
5 2 4 2 -1  0.38742
1912264541113679635
7 2 7 3 -1  0.109419
1912274789593597762
6 5 5 4 -1  -0.6561
1912348068647175156
7 3 6 2 -1  -0.038152
1912420733552026476
7 0 4 0 -1  0.098477
1912468295368542141
2 7 3 6 -1  -0.432859
1912660460842987629
7 6 7 7 -1  0.531441
1912729196304274787
7 6 6 5 -1  0.00338139
1912796948201972650
2 2 2 5 -1  0.282429
1913042281268680442
5 3 6 4 -1  -0.038152
1913177105424684664
6 6 4 6 -1  -0.0646108
1913260348490003414
4 4 6 5 -1  0.729
1913424367657590297
2 6 1 7 -1  -1
1913579649343986033
5 4 4 4 -1  0.6561
1913655375398539696
2 6 4 5 -1  -0.135085
1913730106570477796
3 2 1 3 -1  -0.282429
1914210243439727463
6 6 7 7 -1  0.31381
1914470075184668047
4 2 3 3 -1  -0.0482361
7 1 5 2 -1  0.0203838
1914586448711152530
5 3 6 4 -1  0.098477
1914597506488087321
7 1 5 0 -1  -0.000411098
1914699985253971344
6 3 5 1 -1  -0.00872795
1914902442230927143
3 2 2 2 -1  -0.185302
1915085665756077190
4 2 4 1 -1  0.6561
1915136453112642302
3 1 5 2 -1  0.0343368
1915206005237246760
5 6 4 7 -1  0.729
1915319091217257087
5 6 6 5 -1  0.0581497
1915543086714882109
7 5 7 4 -1  0.59049
1915654407698461058
6 4 4 2 -1  -0.228768
1915744653433306929
1 6 3 7 -1  -0.0797664
1915982848386374502
5 7 4 6 -1  0.135085
1916022040981396944
6 3 4 2 -1  -0.59049
1916091219847769199
4 5 4 4 -1  0.0309031
1916143724019259788
5 5 7 4 -1  0.00969773
1916146517156700947
6 3 6 1 -1  0.0147809
1916225440705624253
5 5 3 4 -1  0.0250315
1916427235098856375
2 1 4 0 -1  0.348678
1916432751770537052
6 3 5 1 -1  0.0423911
1916588524700014910
2 4 4 4 -1  0.81
1916610522148026587
5 4 4 5 -1  0.6561
1916695008655516610
6 2 3 5 -1  0.00572641
1916699761284223694
5 2 3 3 -1  0.0279673
1916723597585975509
7 4 5 5 -1  0.6561
1916977170557797988
6 7 5 5 -1  0.0107753
1917084856449180490
2 5 1 3 -1  -0.81
1917236629720810453
4 3 4 4 -1  0.478297
1917412007089013827
7 0 7 2 -1  -0.0423911
1917655941367855224
7 6 6 4 -1  0.0309031
1917675955374851648
4 4 5 3 -1  -0.6561
1917678691994877276
7 0 7 1 -1  -0.0523347
1917699029254309660
4 4 3 2 -1  -0.0523347
1917710299391758837
0 3 4 3 -1  0.59049
1917721346817660495
4 6 4 1 -1  0.185302
1917962570377855383
4 3 2 2 -1  0.000696197
1917978441734356698
7 5 3 1 -1  -0.0509692
1918175109943530226
7 0 7 2 -1  -0.00304325
1918181128063789909
3 4 1 3 -1  0.00515377
1918260684254022461
7 6 7 5 -1  0.254186
