18003374408029395399
5 4 6 3 -1  0.0646108
18003505376994518495
5 6 4 5 -1  -0.282429
18003597604035784362
5 5 6 7 -1  0.430467
18003622577476285571
6 2 5 4 -1  0.121577
18003822361262782743
4 3 3 1 -1  0.478297
18003840228675427007
4 4 3 4 -1  0.0886293
18003893661827188941
1 0 3 1 -1  -0.531441
18003949510713693584
6 5 5 5 -1  0.018248
18004126396332077328
4 2 5 3 -1  0.185302
18004217043846736770
5 2 4 1 -1  -0.729
18004304774162803650
7 3 5 1 -1  0.0717897
18004375589550346528
3 3 4 3 -1  0.0471013
18004959365737289522
7 7 7 6 -1  0.38742
18004968740064090533
4 3 3 4 -1  0.729
18005013505928745836
7 4 6 4 -1  0.0886293
18005197396318600875
7 1 2 1 -1  0.729
18005205985569242409
6 4 5 4 -1  -0.098477
18005362767027773652
6 3 5 5 -1  -0.0117509
18005396671449275731
7 4 6 4 -1  0.0646108
18005419138893460320
6 4 5 4 -1  -0.00706964
18005991604158541585
4 3 3 4 -1  0.282429
18006111895526698212
4 2 3 2 -1  0.228768
18006248517891477365
6 2 4 2 -1  0.0309031
18006462145766955051
3 5 2 6 -1  -0.478297
18006525392372443725
7 6 6 6 -1  -0.150095
18006558979831254410
6 3 5 2 -1  -0.0717897
18006847271645955346
4 5 2 5 -1  -0.531441
18007231839331763592
6 1 4 3 -1  0.59049
18007487022895173727
6 0 4 0 -1  0.038152
18007951735798591879
6 3 4 2 -1  -0.205891
18008024543932754837
6 2 6 4 -1  0.150095
18008137198857206108
3 5 3 0 -1  0.348678
18008191011339970354
3 1 2 2 -1  0.00969773
18008265176232955415
6 2 5 2 -1  0.0278128
18008324074664793545
4 7 3 6 -1  -0.478297
18008436735285820058
7 2 3 6 -1  0.00481521
7 6 5 5 -1  0.000604455
18008530204542309685
6 5 4 5 -1  -0.135085
18008616437053082677
3 7 2 7 -1  0.6561
18008659752816336250
7 6 5 5 -1  0.00603745
18008782286041538647
5 0 4 1 -1  0.81
18009115801958048285
5 7 4 6 -1  -0.205891
18009148749856660345
5 7 5 6 -1  0.0717897
18009151012747713019
4 2 6 0 -1  0.00987484
7 4 7 6 -1  -0.0581497
18009220333368618471
6 5 5 4 -1  0.254186
18009288857085220995
7 6 6 7 -1  0.282429
18009486327008644249
5 5 6 4 -1  0.254186
18009845544263345412
7 1 6 1 -1  -0.254186
18009856566423560273
3 3 5 4 -1  -1
18009981137368881995
4 0 2 1 -1  0.00785516
18010015873446310618
7 2 6 2 -1  0.729
18010119322340455779
4 4 3 3 -1  0.31381
18010342456017695616
7 6 7 7 -1  0.0278128
18010387613809044678
6 1 5 1 -1  0.6561
18010501613284973589
4 2 3 3 -1  -0.098477
18010537202814922146
6 5 4 5 -1  0.59049
18010551180264252960
6 6 5 6 -1  0.150095
18010796000365413983
6 2 5 1 -1  -6.85594e-05
18010821190828262641
6 6 5 5 -1  0.121577
18010836791667803791
0 1 2 1 -1  0.018248
18011129606627302914
5 5 4 6 -1  0.166772
18011204745355783547
7 2 5 2 -1  0.00515377
18011210330726678106
6 1 5 0 -1  0.0147809
18011383101993668957
7 5 7 0 -1  -0.00969773
18011392527149404717
6 4 4 5 -1  0.430467
18011667294006766577
7 2 6 3 -1  -0.0107753
18011667947348396355
4 5 3 5 -1  0.150095
18012020032310939254
6 1 4 1 -1  0.00572641
18012068805426849822
4 3 3 1 -1  0.9
18012176259156957615
6 7 6 6 -1  0.31381
18012251061252051004
6 6 7 6 -1  0.478297
18012267141820616654
5 5 2 5 -1  -0.00106111
18012415994049532544
6 1 5 1 -1  0.205891
18012432588066543273
6 1 4 1 -1  0.0250315
18012477441903666174
3 4 2 3 -1  0.6561
18012527263254746034
7 5 7 2 -1  -0.0423911
18013538518046410896
2 0 1 0 -1  0.478297
18013681485251512391
3 2 2 0 -1  -1
18013950116380828042
4 4 3 4 -1  -0.9
18013968359826992707
7 0 7 4 -1  0.0797664
18014087849145153332
6 2 6 0 -1  0.0343368
18014753390669903583
6 3 4 4 -1  0.0717897
18014782964381158046
0 2 0 3 -1  0.0147809
18014786027329720463
4 1 1 4 -1  -0.0523347
18014825785812378018
2 4 3 4 -1  -0.254186
18014940039643033107
6 3 4 1 -1  0.348678
18015236717605136212
4 4 3 3 -1  0.348678
18015238234258096584
1 2 1 3 -1  0.205891
18015248819117331319
5 5 3 4 -1  0.150095
18015269858803029333
6 4 7 4 -1  0.0797664
18015368306290127191
7 5 7 4 -1  0.166772
18015425603920844661
5 6 6 5 -1  0.9
18015574704016905091
5 3 4 3 -1  0.0423911
18015669507831587467
3 0 5 0 -1  0.109419
18015794177049776482
6 1 6 2 -1  0.121577
18016128235579383858
7 4 6 6 -1  -0.038152
18016233130580773403
7 0 7 2 -1  0.0343368
18016381027979366409
2 0 3 1 -1  0.315554
18016385169251443408
4 2 3 2 -1  -0.0797664
18016915571154865861
5 2 7 2 -1  0.0343368
18017157647378451336
5 3 4 4 -1  0.6561
18017214061293323655
7 0 7 1 -1  0.150095
18017282360615162374
7 3 6 2 -1  0.0797664
18017375017072700506
6 5 4 5 -1  0.254186
18017665525167556060
4 6 3 7 -1  -0.6561
18017760361450062076
7 4 7 3 -1  -0.31381
18017881752343514848
5 2 4 2 -1  -0.0523347
18018310239473489139
7 0 1 6 -1  -0.109419
18018378596905342173
6 2 5 2 -1  0.81
18018626933786702190
4 1 3 1 -1  0.121577
18018859125585326326
6 3 4 4 -1  0.282429
18018920724804247828
7 3 4 3 -1  0.282429
18019088810993454407
5 5 3 4 -1  -0.531441
18019296138086394174
6 2 6 4 -1  0.0886293
18019314333335044850
6 7 5 7 -1  -0.098477
18019343954256641514
4 3 3 4 -1  0.31381
18019395424377587907
6 6 2 2 -1  -0.430467
18019464178275974756
7 0 0 0 -1  0.282429
18020007485138849898
7 4 7 0 -1  0.9
18020027420228693116
5 2 3 0 -1  -0.00785516
18020157696101912916
6 0 5 0 -1  0.0797664
18020221116358067013
7 3 6 3 -1  -0.000955003
18020228822990736879
5 5 3 4 -1  0.59049
18020436031028941762
7 6 7 7 -1  0.0646108
18020449761764599261
7 4 6 3 -1  0.038152
18020457197251808423
3 7 2 7 -1  0.0717897
18020587490168155777
5 6 4 6 -1  0.6561
18021312665264535042
5 4 2 7 -1  0.135085
18021411765817320090
2 3 3 1 -1  0.0717897
18021633589598636778
4 6 5 5 -1  -0.0886293
18021664247188613334
7 4 6 4 -1  0.098477
18021692241119014903
4 5 5 4 -1  0.430467
18022045015101688692
7 3 7 4 -1  -0.00969773
18022055287725701187
4 5 3 5 -1  0.254186
18022153293025377554
6 5 5 6 -1  -0.0797664
18022175145097424297
5 5 5 6 -1  -0.0423911
18022229582892305904
5 0 3 2 -1  0.0646108
18022295533132566164
7 5 7 4 -1  -0.0423911
18022520854544269671
4 0 7 3 -1  0.135085
18022566477075029959
4 3 3 5 -1  0.0646108
18022754976507257580
7 1 6 3 -1  0.0309031
18023301993084014280
7 2 7 1 -1  0.0107753
18023400367781190221
5 4 6 6 -1  0.729
18023409506402570914
5 1 4 0 -1  2.65613e-05
18023426860170567924
1 7 1 3 -1  0.31381
18023439367571363104
4 5 3 5 -1  -0.531441
18023441530467218026
4 3 2 4 -1  -0.166772
18023695762794602346
6 2 4 2 -1  0.137935
18024070313387070204
2 5 2 0 -1  0.38742
18024286588438041368
3 7 1 6 -1  0.135085
18024383850059033871
7 3 6 4 -1  0.038152
18024534229505691818
5 6 4 5 -1  -0.0886293
18024569941401308212
7 0 7 2 -1  -0.0343368
18024580866749687943
5 2 4 1 -1  0.098477
18024849481346277774
4 6 5 5 -1  0.0225284
18025395431582555113
7 0 3 0 -1  0.0523347
18025702536120851766
5 2 4 1 -1  0.59049
18025756790584596626
6 3 5 3 -1  -0.0202755
18025942814638584943
4 0 3 2 -1  0.185302
18026082723252311740
1 5 2 4 -1  -0.31381
18026086892746840279
4 5 3 5 -1  0.109419
18026238418743480519
2 2 4 2 -1  -0.81
18026282339356602811
7 1 5 2 -1  0.00706964
18026350836972669416
3 1 1 2 -1  0.098477
18026562672011252456
5 6 5 7 -1  0.478297
18026710089868013866
2 5 3 6 -1  0.81
18026731385928886747
6 7 4 7 -1  0.0343368
18026877887561195511
6 2 5 1 -1  0.135085
18026879138265599609
5 2 5 1 -1  0.0309031
18027174641540088612
6 7 4 7 -1  0.150095
18027197191881891676
7 0 1 0 -1  0.121577
18027244531665532342
7 6 5 5 -1  0.021402
18027551686973896419
6 6 6 7 -1  0.9
18027568788581179881
4 4 3 3 -1  0.0423911
18027669999258989527
7 6 6 5 -1  0.254186
18027736795468845560
6 5 4 5 -1  0.00221853
18027947975213704614
7 6 7 7 -1  0.729
18027976050365595460
6 3 5 4 -1  -0.9
18028405254431030897
4 0 4 3 -1  -0.348678
18028457743644831593
3 6 6 3 -1  -0.254186
18028601715562904479
2 0 1 0 -1  -0.6561
18028820092666876885
1 6 2 5 -1  -0.478297
18028945975096047174
1 1 0 1 -1  -0.9
18028958779442976102
5 1 6 3 -1  0.038152
18029022116830841910
6 2 6 1 -1  -0.185302
18029087827795689403
3 1 5 3 -1  0.018248
7 5 7 4 -1  0.00552422
18029146541049100541
4 3 3 4 -1  0.0423911
18029200344862301218
7 5 6 6 -1  -0.0250315
18029281399658969729
5 4 4 3 -1  0.038152
18029331274492267680
4 4 5 5 -1  -0.0523347
18029336563144266626
7 5 6 4 -1  -0.0037571
18029560766503768834
5 4 4 5 -1  0.6561
18029771920114013377
7 2 5 4 -1  0.098477
18029792577610662438
5 2 4 2 -1  0.121577
18029829081402023514
1 1 3 1 -1  -0.121577
18029878679835192567
1 5 2 6 -1  -0.121577
18030014868657048250
6 4 4 6 -1  0.098477
18030040504369868504
4 4 6 2 -1  -0.0717897
18030221331299709714
7 6 6 7 -1  -0.0343368
18030230401943541850
6 1 5 1 -1  -0.098477
18030848922449421951
5 3 4 2 -1  0.0202755
18030886738885369496
7 0 7 3 -1  0.0717897
18030976719813126333
6 4 4 6 -1  0.81
18031296889297873314
6 6 4 5 -1  0.00273892
18031449937277472916
6 5 5 5 -1  0.348678
18031554536136354422
7 3 5 5 -1  -0.0886293
18031586163653874792
5 6 4 5 -1  0.00785516
18031648243021306325
7 2 6 1 -1  -0.00145558
18031742302648323120
7 6 6 4 -1  -0.150095
18032108432595990808
4 2 6 0 -1  -0.0797664
18032113379582965720
4 4 3 3 -1  0.81
18032270999877758403
5 2 3 3 -1  -0.0107753
18032382018476592291
4 3 0 3 -1  0.0471013
18032444821238350297
7 1 5 0 -1  0.185302
18032622008434065734
6 3 5 3 -1  0.102462
18032642808269610686
6 6 5 6 -1  0.228768
18032722117460025260
4 4 3 3 -1  -0.478297
18032787524925428827
3 2 4 3 -1  -0.430467
18032883374836824699
3 2 2 1 -1  0.135085
18032918278524631039
6 6 7 7 -1  0.00463839
18033092238355541388
6 3 5 1 -1  0.0523347
18033193296526952669
7 6 6 7 -1  -0.430467
18033369578366616321
7 1 6 1 -1  0.0147809
18033512725402034664
4 1 3 1 -1  -0.6561
18033615693662337088
6 6 6 3 -1  -1
18033658134592213886
7 5 4 2 -1  0.59049
18033940501367968185
3 3 4 1 -1  0.348678
18033987691817955713
3 0 2 2 -1  0.0278128
18034099494211432438
4 7 2 5 -1  0.185302
18034184908960819970
5 3 5 6 -1  0.166772
18034541188090673858
5 6 4 6 -1  -0.185302
18034882112235067118
7 0 7 5 -1  0.00179701
18034921939793977106
6 2 6 3 -1  0.205891
18034973814874574708
4 3 3 3 -1  0.038152
18035109725266128647
6 1 4 1 -1  -0.00636268
18035238100692189387
7 1 6 3 -1  0.0188138
18035512071314133916
7 3 3 7 -1  -0.0886293
18035522228337324137
7 2 6 2 -1  0.121577
18035644119373106310
4 1 5 3 -1  0.38742
18035707406794895121
6 6 7 5 -1  -0.0523347
18035769785240043059
4 6 3 6 -1  -0.0471013
18035924717687907654
6 7 5 6 -1  0.6561
18036176069379513095
7 2 5 4 -1  -0.0423911
18036185863728936487
7 4 7 6 -1  0.0107753
18036197979925368364
7 2 6 1 -1  -0.166772
18036310650454005613
3 3 0 3 -1  -0.9
18036579189171535341
6 4 7 5 -1  0.185302
18036641004204153094
7 0 7 4 -1  0.167698
18036885444345606000
4 1 5 2 -1  0.729
18036950233469720096
7 6 7 1 -1  0.00706964
18037030819189681474
5 0 6 1 -1  -0.0581497
18037300226039407883
4 1 3 1 -1  -0.38742
18037450224156859041
0 0 1 1 -1  0.0471013
18037467592151859015
4 2 3 1 -1  -0.098477
18037497511495902763
4 2 3 3 -1  0.038152
18037958465419220822
6 3 5 1 -1  0.0886293
18038085551268638319
5 2 4 2 -1  -0.205891
18038449977209442851
6 1 5 1 -1  0.9
18038558680249961482
7 2 6 1 -1  0.0278128
18038570150625563894
6 4 7 2 -1  -0.121577
18038849347763648973
5 5 6 3 -1  0.121577
18038978463183800314
4 1 7 1 -1  -0.000196627
18039013107775153698
6 4 4 4 -1  0.0523347
6 6 5 6 -1  -0.0225284
18039032980200739004
5 3 5 2 -1  0.038152
18039221861066805039
5 4 5 3 -1  0.205891
18039348397896680628
7 0 7 1 -1  -0.0309031
18039365661805642326
7 5 6 4 -1  0.00636268
18039462045697196007
2 4 6 4 -1  0.478297
18039670576583179204
3 5 1 4 -1  0.098477
18039678718503894369
0 1 3 4 -1  0.0717897
18039756020724335236
3 1 2 2 -1  -0.0309031
18039869377809128150
5 2 6 0 -1  0.430467
18040025297021601566
6 7 5 7 -1  0.038152
18040384575483005925
4 4 2 3 -1  -0.150095
18040685281066742757
6 4 2 0 -1  0.282429
18040691471227723154
3 3 5 1 -1  -0.38742
18040751803808161291
1 5 1 2 -1  0.531441
18040786058439467181
6 1 5 0 -1  -0.109419
18041069652253865893
6 4 5 4 -1  0.31381
18041117248306190295
6 7 7 7 -1  0.150095
18041296647670362446
5 1 4 1 -1  -0.205891
18041503758145979820
5 6 1 2 -1  -0.00785516
18042161429506614598
5 4 4 6 -1  0.0250315
18042388290515816262
6 5 4 5 -1  0.282429
18042451238745870973
7 4 6 4 -1  0.0343368
18042458451541420453
7 1 5 3 -1  -0.0523347
18042919364079979946
5 0 4 1 -1  -0.0309031
18043024010918316803
7 3 6 3 -1  0.018248
18043183118998768066
6 1 3 4 -1  -0.00785516
18043972194330933148
0 0 0 6 -1  0.81
18044010650368194032
4 5 3 5 -1  -0.00572641
18044064239037300164
5 5 5 4 -1  -0.0797664
18044143801973607135
5 2 5 1 -1  0.282429
18044359388700512880
6 4 5 2 -1  0.098477
18044418119084711050
5 1 3 2 -1  -0.121577
18044436735279731431
5 5 4 3 -1  -0.0278128
18044705589011177776
6 0 6 3 -1  0.000269721
18044738085932552570
5 2 4 3 -1  -0.0886293
18045124309841108269
7 3 6 3 -1  -0.00706964
18045137053253254770
6 2 6 3 -1  0.0037571
18045274250047670821
0 3 2 3 -1  0.135085
18045353429501264631
4 2 5 4 -1  -0.0423911
18045385699396472768
7 2 2 2 -1  -0.166772
18045395532586927159
6 5 4 5 -1  0.254186
18045418073410622943
5 5 3 4 -1  0.0120366
7 1 5 0 -1  -0.00106111
18045434118765047084
6 0 5 0 -1  0.00304325
18045579463540175221
3 1 2 1 -1  0.185302
18045767316437075184
6 5 5 4 -1  -0.0797664
18045943915071657937
6 5 4 4 -1  -0.0202755
18045994412291397138
4 4 4 6 -1  -0.31381
18046415080756418258
1 7 2 6 -1  0.81
18046417618803263539
6 6 5 6 -1  0.0278128
18046471500450262938
5 5 6 4 -1  0.185302
18046920997295390784
2 2 3 4 -1  -0.81
18046987608005029783
6 4 5 3 -1  -0.228768
18047144218032197020
2 2 1 2 -1  -0.0343368
18047155652698104855
6 7 5 7 -1  0.00029969
18047486860989056015
6 5 4 5 -1  0.0646108
18047501333665208809
3 5 2 6 -1  0.00117902
18047538804907588244
1 4 4 1 -1  0.9
18047584146693976059
6 4 3 1 -1  0.254186
18047591537595637597
4 3 3 4 -1  -0.135085
18047626157980819852
5 5 4 5 -1  0.135085
18047908323627539901
4 2 3 3 -1  -0.150095
18047923657748056981
6 5 5 5 -1  0.6561
18048085960450231263
5 5 6 7 -1  -0.185302
18048147879789731992
6 3 5 1 -1  0.000626578
18048327032652276468
5 6 4 5 -1  -0.150095
18048342899344850228
3 3 1 4 -1  0.9
18048480945780036363
7 1 6 3 -1  0.0164232
18048570630592242138
4 7 4 5 -1  0.0523347
18048681940186872765
5 2 5 3 -1  0.185302
18048763704656947692
4 2 2 1 -1  0.205891
18048819969009900694
7 0 7 5 -1  -0.150095
18048827576483452822
7 5 7 3 -1  0.0646108
18049120334687477903
5 0 4 0 -1  -0.348678
18049308122498325337
2 0 5 0 -1  -0.430467
18049410613756314423
3 3 2 3 -1  -0.282429
18049549617283948336
3 4 3 0 -1  0.531441
18049819254806237305
7 5 7 2 -1  0.0147809
18049820973312818935
6 5 5 4 -1  0.098477
18049821234361693294
3 3 6 3 -1  -0.254186
18049942130275658485
6 6 4 6 -1  0.9
18050105365877108125
7 4 7 0 -1  0.59049
18050443310042944689
4 7 3 7 -1  0.59049
18050467987471750761
5 5 3 4 -1  -0.254186
18050489713189773632
4 7 2 6 -1  -0.478297
18050579198466804998
7 0 7 6 -1  -0.348678
18050675158878719709
1 5 0 5 -1  -1
18050710791811730210
7 6 7 7 -1  0.478297
18050818278427975578
5 2 0 2 -1  -0.531441
18050887082446177981
6 2 5 2 -1  0.0523347
18050889977956267403
4 2 3 3 -1  0.150095
18050960787946929081
4 5 5 6 -1  0.0886293
18051177494260639216
7 1 6 3 -1  -0.00246503
18051217800968067090
4 5 2 5 -1  0.109419
18051558284126690721
3 1 4 2 -1  -0.098477
18051570860101581699
7 3 7 6 -1  0.0581497
18051575439255619850
7 1 5 0 -1  0.00515377
18052209597747596852
7 6 6 6 -1  -0.478297
18052403788960686650
4 2 3 3 -1  -0.205891
18052643389548522388
1 4 1 7 -1  -0.729
18052647812121522117
7 6 7 5 -1  -0.150095
18052691008519877033
6 5 5 5 -1  0.0202755
18052832489740400458
6 1 5 1 -1  0.166772
18053289164837258046
1 7 3 6 -1  -0.59049
18053320160071274012
7 4 7 6 -1  -0.030202
18053432783433271215
6 1 4 1 -1  0.098477
18053526725171943545
6 3 5 1 -1  -0.348678
18053985416620514078
3 2 2 2 -1  -0.098477
18054075355173197269
4 5 6 5 -1  0.59049
18054131662688076426
5 2 4 2 -1  0.430467
18054186321302373889
2 6 1 6 -1  0.531441
18054389097148034031
6 7 7 6 -1  0.729
18054442940815323086
7 2 5 4 -1  -0.0581497
18054494721162254584
6 0 4 0 -1  0.00304325
6 0 5 0 -1  -0.00594044
6 7 5 7 -1  0.019537
7 4 7 6 -1  0.0142669
18054646791165529290
7 5 6 4 -1  -0.0225284
18054701899467966054
7 5 7 4 -1  0.38742
18054705130182109045
5 4 4 3 -1  -0.00179701
18054817122065407033
7 4 7 5 -1  -0.00179701
18054891918222283837
6 3 5 3 -1  0.000380712
7 5 6 6 -1  0.0560906
18054902836988961351
7 5 6 6 -1  0.109419
18055044555801947559
7 0 1 0 -1  -0.00199668
18055272816710575394
6 4 5 5 -1  0.254186
18055313864172492219
4 5 3 4 -1  -0.0202755
18055412985179193493
2 2 3 1 -1  -1
18055525126123500097
7 6 7 5 -1  -0.121577
18055543151545531540
6 4 7 4 -1  0.430467
18055640326622286166
7 2 5 4 -1  -0.135085
18055720708682006166
4 2 3 2 -1  0.109419
18055805455051146121
5 6 3 5 -1  0.0119725
18055858337419319905
5 5 6 3 -1  0.00117902
18056026026278112492
6 3 5 1 -1  0.0343368
18056203642956940802
6 6 4 6 -1  -0.282429
18056410718619060580
4 3 3 3 -1  0.00199668
18056414214140725556
7 5 7 3 -1  0.31381
18056528994754630703
3 0 2 0 -1  -0.166772
18056943759753980096
7 4 7 3 -1  0.00463839
18057023183117731855
5 6 3 5 -1  0.9
18057030681632135057
5 5 6 6 -1  0.185302
18057174459626144750
7 3 6 3 -1  -0.185302
18057649776388269555
4 1 3 1 -1  0.098477
18057692846673487441
7 4 5 4 -1  -0.0797664
18057702809927433855
6 2 7 3 -1  0.282429
18057766833172647399
7 5 7 4 -1  0.6561
18057790883776650095
4 1 3 0 -1  0.166772
18057862868772269705
4 7 3 5 -1  0.0278128
18057901604514861709
6 0 5 1 -1  0.81
18058176036602314015
7 0 6 0 -1  -0.135085
18058183498562311428
0 3 1 5 -1  -0.81
18058271674154383017
6 1 5 1 -1  0.098477
18058289698105297522
4 3 6 4 -1  0.0523347
18058598993252661228
5 2 4 2 -1  0.729
18058637455449939533
5 7 4 6 -1  -0.000773553
18058648674664241029
6 3 3 3 -1  0.00029969
18058809075268390886
5 5 6 4 -1  0.0581497
18058884645444890726
7 2 6 2 -1  0.531441
18058914153757408716
6 7 4 5 -1  -0.0717897
18058946716623965481
7 4 7 6 -1  0.00304325
18059064302777587743
5 7 4 6 -1  0.478297
18059162644573457097
7 5 6 6 -1  -0.0886293
18059225977320761088
4 1 2 2 -1  0.150095
18059398117621572418
6 4 5 3 -1  0.0343368
18059417319180382201
7 4 6 5 -1  0.31381
18059483659695375425
7 3 6 2 -1  0.166772
18059775414037435168
6 5 5 5 -1  0.0423911
18059877591670578357
5 7 4 7 -1  0.9
18060399162544746593
4 1 3 0 -1  0.0886293
18060581151815119312
3 5 2 7 -1  -0.109419
18060763206243739071
5 4 5 3 -1  0.430467
18060802132786168489
4 7 3 5 -1  0.038152
18060851358522636044
4 4 3 4 -1  -0.00636268
18061083118815622026
4 3 3 4 -1  0.00338139
18061472887929612754
4 0 3 0 -1  0.59049
18061568954930154476
7 3 5 3 -1  -0.0343368
18061800121794879490
6 7 5 7 -1  0.348678
18061974055055141704
7 5 4 2 -1  -0.0717897
18062368955289370895
3 6 3 1 -1  -0.254186
18062559868055316180
6 4 5 3 -1  -0.00572641
18062789831055024500
3 7 2 6 -1  0.098477
18062793382682945681
7 6 6 6 -1  0.0423911
18062890048326059576
0 0 0 4 -1  0.430467
18063001068294253371
7 1 6 1 -1  0.478297
18063193569299189814
5 5 6 3 -1  0.121577
18063289876093779357
4 2 4 6 -1  0.282429
18063344265992304386
6 7 5 7 -1  -0.00273892
18063509384313258323
6 6 7 7 -1  0.9
18063599136264351795
6 1 7 0 -1  0.185302
18064017894654625253
5 2 6 2 -1  0.729
18064061722406437146
7 4 6 4 -1  -0.348678
18064091394056747511
7 5 7 4 -1  -0.0581497
18064349599962196919
1 1 4 4 -1  0.0581497
18064512110772573677
7 4 7 6 -1  -0.00246503
18064536719062209588
6 0 1 0 -1  -0.121577
18064606048689980164
0 5 3 5 -1  0.478297
18064940016632460627
6 7 5 6 -1  0.31381
18065012913252611079
3 3 4 3 -1  -0.0423911
18065123279570029711
7 3 6 2 -1  0.0225284
18065166242597342256
2 1 4 1 -1  -0.205891
18065459158861174935
6 4 5 5 -1  0.0581497
18065598434900382564
1 4 1 1 -1  0.31381
18065635053265160202
6 4 6 3 -1  0.0523347
18065636575274496017
4 5 3 4 -1  -0.0343368
18065649233741366849
6 3 7 3 -1  0.135085
18065739826895063713
4 1 3 2 -1  0.0797664
18065745884268152664
7 2 7 1 -1  -0.0164232
18065892267095173410
6 5 5 5 -1  0.150095
18065899855481255975
4 4 3 4 -1  -0.00221853
18065923888976823033
6 2 4 2 -1  0.109419
18066393163142072402
6 6 5 5 -1  0.098477
18066402430853243424
5 5 4 5 -1  0.00969773
18066564647560550333
7 6 7 5 -1  0.0147809
18066601794619881064
3 1 2 2 -1  0.00417455
18066649046451767578
5 2 3 0 -1  0.0309031
18066658773497075628
4 0 4 2 -1  -0.0250315
18066691826862410425
3 4 4 6 -1  0.00515377
18066840127955924067
7 5 7 4 -1  -0.228768
18066963536330081902
7 1 6 1 -1  0.81
18067384633557337691
6 4 5 3 -1  0.430467
18067464285470590463
7 7 6 7 -1  0.228768
18067575699688899148
5 2 4 3 -1  0.0309031
18067811327547845722
6 0 5 0 -1  0.00572641
18067861011720919025
7 3 3 7 -1  -0.098477
18067974408192300463
3 2 4 1 -1  0.185302
18068005791402696018
6 4 7 3 -1  0.81
18068051869345369454
7 3 7 4 -1  -0.9
18068179496058344495
6 2 5 2 -1  0.121107
18068380863093574067
5 6 3 6 -1  0.31381
18068475523646317402
6 2 5 2 -1  0.0107753
18068555548810559026
3 2 3 1 -1  -0.6561
18068901689815885665
6 4 5 4 -1  0.0202755
18069124590968198676
6 7 5 7 -1  0.81
18069287922671684137
3 5 3 4 -1  -0.0646108
18069304434444167465
6 2 5 2 -1  -0.0471013
18069356793213733331
6 6 2 2 -1  0.109419
18069369990414406145
4 3 3 2 -1  0.038152
18069570112927810935
5 2 3 3 -1  0.0717897
18069575288280456492
7 3 6 4 -1  0.00145558
18069647398827467793
7 5 7 4 -1  0.81
18069733600503639137
6 6 5 6 -1  0.0646108
18069888610122179257
7 7 7 6 -1  0.228768
18070062721961998652
6 3 5 2 -1  -0.0343368
18070269102355929680
3 6 1 7 -1  0.166772
18070274005049432975
6 3 6 2 -1  0.0250315
18070289382621958749
7 5 5 5 -1  0.00872795
18070896580704855284
6 6 4 6 -1  0.038152
18070992752681161208
6 6 5 6 -1  0.0250315
18071219570631426841
7 5 5 6 -1  -0.00246503
18071239910842350357
3 3 1 4 -1  -0.098477
18071437691857311867
1 2 0 2 -1  0.81
18071446044853470117
4 3 3 4 -1  -0.00572641
18071517759332504496
6 6 7 6 -1  -0.31381
18071965344003329638
7 5 6 5 -1  0.121577
18072004645181008978
4 4 3 5 -1  0.00221853
18072009160342971069
4 5 3 5 -1  -0.0797664
18072021761403907562
6 6 5 5 -1  0.135085
18072044509228963702
6 6 5 6 -1  0.098477
18072095348638338993
5 1 4 0 -1  -0.018248
18072164516953632457
3 0 7 4 -1  0.185302
18072211725672996153
6 5 5 6 -1  0.531441
18072287591243785813
3 0 0 0 -1  -0.135085
18072312562837714097
4 7 3 5 -1  -0.098477
18072550060025659508
1 4 4 1 -1  -0.430467
18072619765081957617
2 3 1 4 -1  0.729
18072697649835705272
2 7 2 1 -1  -0.109419
18072837468840649906
2 3 4 5 -1  0.0886293
18072882685163163415
3 6 4 6 -1  0.531441
18072998129652614995
6 4 6 2 -1  0.0581497
18073048184553760506
7 5 5 4 -1  -0.038152
18073293724398462505
6 3 7 4 -1  0.6561
18073431274121449210
5 1 3 1 -1  0.098477
18073683090094240603
6 6 4 4 -1  -0.0225284
18073712277714681273
6 5 7 6 -1  0.282429
18073786909353630920
7 4 6 3 -1  0.0886293
18074054953370552554
7 4 7 5 -1  -0.81
18074189206246877172
3 4 0 4 -1  -0.6561
18074250294696797106
7 6 7 5 -1  -0.430467
18074320049712963974
7 0 7 2 -1  0.9
18074562836443460966
5 5 6 3 -1  0.150095
18074679511634911317
5 5 4 3 -1  0.000626578
18074724540683483696
5 5 6 4 -1  -0.0797664
18074879319946230954
4 7 3 5 -1  -0.0523347
18074886298419177012
6 0 4 0 -1  0.0423911
18075174073118872458
2 5 0 3 -1  -0.282429
18075349720938372931
5 1 6 3 -1  0.00572641
18075390884783980653
5 2 4 4 -1  0.228768
18075433545498171225
6 5 5 4 -1  0.9
18075559427313490165
7 6 7 2 -1  0.0717897
18075561647084782096
3 4 5 3 -1  0.0343368
18075586142178000348
4 3 4 5 -1  -0.205891
18075866312430347085
4 0 3 1 -1  0.282429
18075959726632940408
3 0 1 2 -1  -0.00785516
18076021075170446630
2 1 1 1 -1  0.0471013
18076059425564241611
3 5 2 5 -1  0.59049
18076068357710823627
5 1 4 1 -1  0.121577
18076186186437416053
6 2 5 2 -1  -0.282429
18076470039894507458
7 5 5 3 -1  -0.228768
18076473659775890223
6 3 4 2 -1  0.0119725
18076519168459714522
7 2 6 3 -1  -0.098477
18076525796625314483
5 7 4 6 -1  0.430467
18076574715782610738
7 4 7 3 -1  -0.0108351
18077126129237340440
5 2 5 3 -1  0.282429
18077336773767020205
5 1 3 3 -1  -0.531441
18077411759005411666
5 6 4 6 -1  -0.038152
18077430576908650038
5 4 4 5 -1  -0.0309031
18077594256943703950
6 0 5 0 -1  0.038152
18077871819052923470
7 0 7 2 -1  0.0423911
18077960992344884647
7 4 7 6 -1  -0.018248
18078071895305591211
7 6 5 5 -1  0.038152
18078087115086427886
5 4 4 3 -1  -0.00515377
18078446248976980826
4 4 3 4 -1  -0.531441
18078518476525987427
2 3 1 3 -1  -0.121577
18078555447922997618
7 2 7 4 -1  0.282429
18078678808518656145
6 4 7 6 -1  -0.121577
18078747028837995211
5 5 5 3 -1  0.109419
18079354277431245633
6 7 5 7 -1  -0.0886293
18079797497315678840
6 4 4 2 -1  0.098477
18079896725965887805
7 0 7 1 -1  -0.185302
18079969395131347398
6 3 5 1 -1  0.348678
18080006601260298556
5 2 4 3 -1  0.121577
18080216824724872460
6 6 5 6 -1  -0.0471013
18080322050930509554
6 1 5 1 -1  0.00221853
18080535140552678193
6 6 5 5 -1  0.0717897
18080628084937546786
5 1 4 1 -1  -0.121577
18080656252629949156
7 2 1 2 -1  -0.348678
18080744238403106113
5 5 4 3 -1  -0.121577
18081046674414073787
5 5 3 6 -1  0.00463839
6 3 5 3 -1  -0.005744
18081216442262906170
7 2 2 2 -1  -0.0309031
18081513142573247417
5 5 4 5 -1  0.228768
18081826012765529425
5 2 6 4 -1  -0.00636268
18081949418214201219
6 5 4 5 -1  -0.00179701
18081990316943143171
5 4 4 3 -1  0.729
18082399044957187397
6 5 5 5 -1  0.0797664
18082649115681949983
7 5 7 3 -1  0.0147809
18082837833833134569
2 7 6 3 -1  0.38742
18082992161233800126
7 4 7 6 -1  -0.0278128
18082997887126690359
7 0 7 2 -1  -0.038152
18083099842894443627
7 3 6 2 -1  0.00056392
18083225868499228574
7 3 5 5 -1  0.0250315
18083231056736029251
6 7 5 7 -1  -0.150095
18083285038925365442
3 1 5 3 -1  -0.729
18083418208076891677
7 2 5 4 -1  0.205891
18083421265278359704
5 3 4 3 -1  -0.9
18084136626880098872
5 2 6 0 -1  0.282429
18084144578294475588
5 5 6 3 -1  0.0797664
18084211521933371073
4 5 3 4 -1  0.282429
18084327863568590436
5 1 3 0 -1  0.0717897
18084363080334997428
6 0 4 0 -1  -0.00636268
18084699377260870985
4 5 5 5 -1  0.729
18084709411002108597
7 2 6 2 -1  0.0471013
18084857719426680464
6 3 5 5 -1  0.9
18085235571204899694
5 5 4 7 -1  0.0523347
18085597443558827887
7 4 7 6 -1  -0.00463839
18085611152314926261
2 4 1 6 -1  0.31381
18085746644463668197
5 2 4 1 -1  0.166772
18085831881299975675
3 4 2 4 -1  -1
18085990068302555516
3 1 5 3 -1  0.205891
18086112083309567543
4 0 2 2 -1  0.0886293
18086455860523824220
1 1 2 2 -1  0.0717897
18086966424106284026
6 6 5 7 -1  0.00338139
18086978930508975520
6 5 5 5 -1  0.00706964
18087092661099480097
6 7 5 7 -1  0.00452723
18087109569226794031
6 2 5 3 -1  0.0523347
18087452058015986048
6 1 4 1 -1  0.018248
18087557923152205993
5 1 6 1 -1  0.9
18088095563033457940
6 6 5 7 -1  0.478297
18088200780175804281
5 7 3 5 -1  -0.0147809
18088215155975263902
4 3 3 3 -1  0.038152
18088293474674528152
7 5 7 7 -1  -0.6561
18088931195853361092
7 6 5 5 -1  0.00417455
18088936305163428710
3 0 3 5 -1  0.348678
18088977576313024897
4 6 3 6 -1  -0.282429
18089067343366559914
7 3 5 5 -1  0.109419
18089393690274052987
6 6 4 4 -1  -0.430467
18089460479309558512
7 5 6 4 -1  -0.00706964
18089464947371408185
7 5 7 4 -1  0.0225284
18089516579494023541
6 2 5 1 -1  0.0886293
18089797511028714741
6 3 6 0 -1  0.228768
18089919758459197659
5 6 5 5 -1  -0.254186
18090118410188311374
7 1 7 2 -1  -0.478297
18090188705078372681
7 6 7 7 -1  0.531441
18090726472655540132
4 4 2 3 -1  -0.0581497
18090811893752140145
6 4 4 4 -1  -0.38742
18090841621308050376
6 3 4 3 -1  -0.185302
18090919830923838366
7 0 7 2 -1  -0.00515377
18091029162186494183
5 4 4 4 -1  -0.0646108
18091309701709325449
6 3 4 2 -1  -0.0797664
18091425438639689447
3 3 1 3 -1  -1
18091708787542318750
6 5 6 6 -1  0.531441
18091788076745321897
6 1 4 1 -1  0.205891
18091798252732836931
7 5 3 1 -1  -0.0717897
18091882416246420221
3 4 4 3 -1  0.38742
18091964262277232212
5 4 4 4 -1  0.0886293
18092004410200125204
1 3 6 3 -1  0.185302
18092022645817892991
5 4 4 4 -1  -0.254186
18092564071292503458
7 4 7 6 -1  0.00329286
18092632563418625505
5 5 7 4 -1  -0.00417455
18092676558326640083
5 5 3 4 -1  0.00304325
18093020844906785078
6 6 7 4 -1  0.185302
18093025363107554659
5 1 4 1 -1  0.0646108
18093252135778927707
5 3 4 3 -1  0.59049
18093299904395864722
7 2 7 1 -1  -0.59049
18093690693059198071
3 4 1 6 -1  0.9
18093933472929944975
1 0 1 3 -1  0.478297
18094030101808930591
4 3 2 4 -1  -0.729
18094051079827149236
5 5 4 3 -1  0.0119725
18094252293268876157
5 3 4 3 -1  0.38742
18094414814664157644
5 5 4 5 -1  0.254186
18094567044235358017
5 1 4 1 -1  0.729
18094813558266434618
5 3 4 3 -1  0.81
18094837538220999456
3 2 1 0 -1  0.150095
18094992368417413506
7 4 6 6 -1  -0.00515377
18095037659967336710
6 3 4 2 -1  -0.0202755
18095057339494112875
7 4 7 6 -1  0.0717897
18095138533326172019
4 2 3 3 -1  0.150095
18095250167050310642
5 7 4 6 -1  -0.0717897
18095470119471266216
6 6 5 5 -1  0.0164232
18095573823543912885
7 4 7 6 -1  0.0164232
18095630969277306943
4 0 5 1 -1  -0.228768
18095914374027153371
6 4 7 2 -1  -0.0717897
18096106608486238540
6 0 5 0 -1  0.018248
18096166779348230364
7 1 7 3 -1  -0.0523347
18096233010431161631
7 3 6 4 -1  0.230039
18096553993513569678
3 4 5 5 -1  -0.0717897
18096661260635177907
2 1 3 0 -1  0.430467
18096796065230246695
4 6 3 5 -1  -0.0164232
18096801957136546524
3 2 2 2 -1  -0.31381
18096809083798090119
6 3 7 4 -1  -0.531441
18097010859769007253
3 2 2 2 -1  -0.729
18097016485924903884
0 3 0 0 -1  -0.228768
18097051705070845263
7 0 4 0 -1  0.430467
18097056511432386515
7 5 7 3 -1  0.0886293
18097166285588851610
6 4 3 4 -1  -0.205891
18097274147651017050
5 0 4 1 -1  0.0581497
18097455540820731493
4 5 3 5 -1  0.81
18097579412795301250
5 5 4 7 -1  -0.150095
18097845597796074302
3 4 4 2 -1  -0.0523347
18097895925535709839
5 5 3 6 -1  -0.0107753
18097937525417290078
5 2 4 2 -1  -0.135085
18098026917903334133
4 3 2 4 -1  0.00145558
18098184929686890441
7 4 2 4 -1  0.430467
18098212005482487654
6 0 5 0 -1  0.0646108
18098788125022355189
5 5 6 6 -1  0.729
18098803498228454982
1 4 1 5 -1  0.430467
18099183661887210925
5 5 6 4 -1  0.531441
18099238421986124039
4 4 6 3 -1  0.6561
18099425127018416328
3 1 0 1 -1  0.0250315
18099483377481240506
4 5 3 4 -1  -0.0423911
18099592101202942535
7 3 7 5 -1  0.150095
18099685786310239838
6 5 6 3 -1  0.0164232
18099857590113947524
4 2 7 5 -1  0.31381
18099920259933192209
1 7 1 3 -1  -0.282429
18100295773743883527
4 2 3 3 -1  0.0343368
18100572983539468742
5 5 6 4 -1  0.31381
18100788742524550513
6 1 5 1 -1  -1
18100792838328664957
7 3 7 0 -1  0.0119725
18100869849365932822
4 3 3 2 -1  0.0646108
18101306995392474830
3 1 2 2 -1  -0.0343368
7 3 4 0 -1  0.0037571
18101777355459970709
5 4 4 2 -1  0.0886293
18102046639943916753
7 3 6 4 -1  0.0309031
18102175076662936734
5 6 4 6 -1  0.0898631
18102571498964852124
4 3 3 2 -1  0.0581497
18102594330244776306
4 0 1 0 -1  -0.0119725
18102612175600935820
6 4 7 4 -1  0.109419
18102655765440301755
6 1 7 2 -1  0.185302
18103238121421380097
7 4 6 3 -1  0.38742
18103278223425067775
7 3 4 6 -1  0.729
18103362425473572133
7 5 6 4 -1  0.478297
18103373296811729373
7 2 6 3 -1  -0.0717897
18103695493142643764
5 4 4 3 -1  0.254186
18103906624497013431
6 3 5 5 -1  -0.254186
18103925134416406477
6 0 5 1 -1  0.00131002
18103927648136467410
5 0 4 1 -1  -0.430467
18104088878785205498
7 1 6 3 -1  -0.00221853
18104454459262117965
5 5 4 6 -1  -0.31381
18104549908257354322
7 4 7 3 -1  -0.478297
18104595321631837690
3 4 4 2 -1  0.0225284
18104736965643106159
0 1 0 4 -1  -0.478297
18104808124222678695
6 5 4 5 -1  0.0309031
18104812618389048053
3 5 6 5 -1  0.0309031
18104855054031961174
2 3 1 3 -1  -0.9
18104984843018687964
4 3 4 4 -1  -0.6561
18105311963205274582
6 5 5 5 -1  -0.185302
18105346104234828767
6 3 5 3 -1  0.0717897
18105396181832401288
7 0 0 0 -1  0.00417455
18105637757884968307
3 3 2 5 -1  -0.0107753
18105858174157804960
4 5 0 5 -1  -0.9
18106150429744530614
4 6 3 5 -1  -0.150095
18106214841908535187
7 4 7 6 -1  -0.729
18106324073245269538
6 3 5 2 -1  0.166772
18106487563135457784
7 6 6 7 -1  0.205891
18106823050261379420
5 5 3 6 -1  -0.59049
18106869707395235454
6 3 4 4 -1  -0.109419
18106991548680477034
3 5 4 3 -1  0.0202755
18106996087182517722
3 1 5 3 -1  0.228768
18107032778049632418
5 7 4 6 -1  -0.00872795
18107117379104374017
5 2 6 4 -1  0.135085
18107168020069255701
7 5 5 5 -1  0.0886293
18107208027746603193
6 1 4 1 -1  0.531441
18107304643703922079
6 3 5 3 -1  0.254186
18107416817990134411
6 4 7 4 -1  -0.282429
18107491475717949768
7 2 3 6 -1  -0.0343368
18107562384768642887
7 0 3 4 -1  0.228768
18107609079930950002
4 1 3 1 -1  -0.150095
18107720147122190714
6 1 5 1 -1  0.00304325
18107971210480344247
5 7 4 6 -1  0.59049
18107988380542437009
5 1 6 1 -1  -0.59049
18108042017245125813
3 5 2 5 -1  -0.109419
18108044262497264336
3 2 2 3 -1  -3.64353e-05
18108050878346928132
7 3 5 1 -1  -0.0423911
18108117828994319830
7 5 7 7 -1  -0.81
18108158995634681911
1 5 1 6 -1  0.478297
18108342209162208045
6 1 4 1 -1  -0.0164232
18108494343121744255
6 0 5 0 -1  0.018248
18108546469573391025
6 1 5 1 -1  -0.205891
18108891276349990934
7 3 7 1 -1  0.0250315
18108913844286548591
5 2 4 2 -1  0.150095
18109103306779666326
4 5 3 5 -1  -0.6561
18109275716451110784
4 3 2 2 -1  0.205891
18109495170423884767
7 4 7 6 -1  -0.0278128
18109510604790428381
4 1 3 1 -1  -0.0523347
18109623920680905487
4 5 3 4 -1  -0.00199668
18109728150155424150
4 2 1 2 -1  0.135085
18109793852268401866
4 2 3 0 -1  -0.478297
18109896371541325057
4 5 3 4 -1  0.81
18110141549466343591
6 7 7 6 -1  0.81
18110261974050149881
5 7 4 6 -1  -0.729
18110376628766808814
6 6 5 6 -1  0.0119725
18110617086612562615
1 3 3 3 -1  -0.254186
18110736951111808563
6 5 5 5 -1  -0.254186
18110749558771957769
4 4 6 6 -1  -0.348678
18110922516213470403
6 5 5 6 -1  0.31381
18110980531795801497
6 6 4 6 -1  -0.00417455
18111001543635121368
3 7 2 6 -1  -0.0886293
18111036489214410321
6 5 4 5 -1  0.31381
18111120671177039119
5 2 4 2 -1  -0.0133028
18111143664707797614
4 7 5 5 -1  -0.166772
18111193471413627639
7 4 7 6 -1  0.0250315
18111369560951981988
7 2 6 1 -1  0.0797664
18111537650642203160
7 2 5 4 -1  0.0423911
18111557909870483826
4 4 3 4 -1  0.0581497
18111647334692595891
5 1 4 1 -1  0.00463839
18111652403702549358
5 4 5 7 -1  0.348678
18111660272307372533
5 4 4 3 -1  0.282429
18111731665559292657
7 2 6 1 -1  -0.282429
18111763955502528285
5 5 4 4 -1  0.430467
18111850591867172940
5 6 4 5 -1  -0.0886293
6 3 6 5 -1  -0.0717897
18111855868656783154
7 6 6 6 -1  0.254186
18111978731449722701
0 1 0 2 -1  -0.0886293
18112347017566494404
5 5 4 5 -1  0.0309031
18112483549473677136
7 1 6 1 -1  0.31381
18112489336725491158
6 5 5 6 -1  0.185302
18112492877702947627
5 6 4 5 -1  0.38742
18112517126017243738
2 7 3 7 -1  0.729
18112550987307126237
5 7 1 7 -1  -0.0646108
18112816079040403798
6 0 5 0 -1  0.0717897
7 0 7 2 -1  -0.254186
18112873248397677062
7 5 7 3 -1  -0.098477
18113046705996316432
2 1 4 0 -1  0.166772
18113048943807406117
7 0 7 5 -1  -0.0423911
18113315932152562135
6 3 4 4 -1  0.00872795
18113968422413475640
7 4 7 1 -1  0.150095
18114348324228928573
5 5 6 6 -1  0.531441
18114531952186345714
7 5 7 3 -1  0.00706964
18114704346326993943
3 0 6 3 -1  -0.150095
18114789431885049312
6 6 5 5 -1  0.282429
18114815644659140683
6 5 4 3 -1  -0.6561
18114868906002746404
3 3 5 4 -1  0.81
18114894605547956548
4 6 3 6 -1  -0.121577
18114963711624855036
7 2 5 0 -1  -0.0309031
18115061459639564725
3 0 2 1 -1  -0.38742
18115062034195171432
7 6 6 5 -1  0.729
18115228034230626114
2 2 2 3 -1  -0.0581497
18115322173058502063
6 3 4 4 -1  0.0202755
18115587589825705216
6 2 5 2 -1  0.31381
18115784733648450011
7 3 7 5 -1  0.31381
18115810086313135390
6 5 5 5 -1  0.0523347
18115824155903537583
6 4 5 5 -1  -0.0119725
18115919041755404582
4 7 3 7 -1  -0.59049
18116053597950289656
4 6 3 7 -1  0.150095
18116129520078364541
7 3 7 2 -1  -0.0471013
18116188728041211470
4 3 5 2 -1  0.0581497
18116240416720416564
2 5 2 0 -1  0.81
18116252489378334526
4 0 6 2 -1  0.0343368
18116597990160978235
6 6 5 5 -1  0.31381
18116649729719214768
4 2 4 3 -1  -0.478297
18116699683244409866
3 4 2 4 -1  -0.348678
18116700085260187514
6 2 5 1 -1  -0.38742
18116735637104724558
6 3 5 1 -1  0.098477
18116754725689921587
4 0 4 3 -1  0.205891
18116789675576641954
4 4 1 4 -1  0.0886293
18116882475523456936
7 6 5 6 -1  0.31381
18116896441456216836
2 3 0 4 -1  -0.150095
18116982710541416264
6 5 5 5 -1  0.254186
18117101174374850363
6 3 5 1 -1  0.098477
18117124746385936451
0 5 1 3 -1  -0.0717897
18117138370524858837
5 3 6 4 -1  0.098477
18117276184681991706
7 3 7 4 -1  0.185302
18117359592895851744
4 7 3 6 -1  0.531441
18117435314976800768
5 4 7 6 -1  0.00161731
18117521764893157818
6 2 4 1 -1  0.0343368
18117635609626500878
5 3 4 3 -1  -0.228768
18117670024795219157
5 2 4 4 -1  -0.185302
18117806873699418752
5 2 6 2 -1  -1
18117815430330216033
5 3 3 1 -1  0.0423911
18117883621534884538
5 3 7 3 -1  0.81
18117934347942918826
4 4 3 3 -1  -0.282429
18117968952774403655
2 1 4 0 -1  0.185302
18117984370536898881
1 4 2 3 -1  0.478297
18118319991600300372
0 5 0 0 -1  -0.38742
18118521639234227336
5 2 6 2 -1  -0.531441
18118577921476273754
6 4 4 4 -1  -0.0250315
18118648969719286068
0 3 2 5 -1  0.9
18118674522704623914
5 0 5 3 -1  0.150095
18119059531247584898
3 5 4 5 -1  -0.254186
18119098956716440171
7 5 6 4 -1  -0.166772
18119372241169843356
7 0 7 3 -1  0.0133028
18119885849467545736
7 4 6 5 -1  -0.00199668
18120076383935417457
5 7 3 5 -1  -0.0133028
18120131641668677196
6 2 5 2 -1  -0.0797664
18120189720109417927
7 2 4 2 -1  0.150095
18120320342436636025
5 4 3 6 -1  0.0646108
18120517697135040606
5 4 3 6 -1  -0.166772
18120772058061856925
6 1 4 1 -1  0.0163861
18120866022218886311
3 4 5 6 -1  0.6561
18120899207648011136
6 0 5 0 -1  0.0343368
18120929121830953633
7 3 6 2 -1  -0.0037571
7 5 6 6 -1  0.150095
18120936579339900994
6 2 5 2 -1  0.282429
18120998493152501418
4 0 3 1 -1  0.38742
18121144954586274172
7 2 5 4 -1  0.6561
18121500768264300704
4 4 4 5 -1  0.0581497
18121981609629391380
4 2 3 3 -1  -0.0250315
18122118576261773855
5 4 4 3 -1  -0.205891
18122268021004761472
7 4 7 2 -1  -0.205891
18122699702780331473
4 2 4 7 -1  -0.430467
18123056693350100536
7 2 6 3 -1  -0.0581497
18123183588419900603
6 6 5 5 -1  -0.109419
18123438374216220533
7 6 7 5 -1  -0.000218474
18123559918113887393
4 0 5 1 -1  -0.0423911
18123614704710762447
5 5 6 3 -1  0.000773553
18123806712244096010
5 0 4 0 -1  0.098477
18124051356682245491
4 3 5 5 -1  -0.150095
18124311106345922370
6 3 5 3 -1  -0.00572641
18124337873186870690
6 5 4 5 -1  -0.0523347
18124406785918156821
0 1 1 0 -1  -0.81
18124483737682515567
5 3 4 2 -1  0.430467
18124597080057829599
3 4 2 4 -1  -0.531441
18124885765899514068
5 3 4 4 -1  -0.0523347
18124896825278325853
6 6 7 5 -1  0.228768
18124911794094616460
2 1 2 0 -1  0.0423911
18125126643037990676
4 0 3 0 -1  -0.478297
18125166400379973364
4 2 3 3 -1  0.00872795
7 3 5 1 -1  0.00586438
18125266662929997072
6 4 6 5 -1  0.00969773
18125622031584177151
1 3 3 3 -1  -0.228768
18125818240598490138
4 1 5 2 -1  -0.38742
18125821818920318667
7 5 6 4 -1  0.0192618
7 6 5 5 -1  0.0278128
18125826451818083744
4 0 4 3 -1  -0.098477
18125914280352158031
7 3 5 3 -1  0.0423911
18125980711093441424
7 5 7 2 -1  0.81
18126346578863742549
1 1 0 2 -1  0.205891
18126516475899795268
7 0 7 2 -1  0.0471013
18126562544902340794
7 5 7 6 -1  0.0797664
18126763342891235259
3 1 0 1 -1  -0.150095
18126843061693602927
3 3 5 4 -1  -0.0886293
18127517675803347623
5 4 4 3 -1  -0.0471013
18127525959345910189
6 1 5 1 -1  0.00338139
18128005570221562550
4 5 3 7 -1  0.282429
18128056033863645346
6 5 4 5 -1  -0.205891
18128089046928284663
3 6 7 2 -1  0.00636268
18128251556002258967
6 4 7 5 -1  -0.00304325
18128424620184038558
5 5 3 4 -1  -0.00636268
18128546133040044873
6 5 5 5 -1  -0.166772
18128879764826154108
4 6 6 4 -1  0.205891
18129091243972668841
3 6 4 4 -1  -0.121577
18129370425778008271
6 4 4 4 -1  -0.135085
18129437441403309544
5 7 4 5 -1  0.228768
18129615437316339109
7 4 7 6 -1  -0.150095
18129631113030258253
4 2 3 3 -1  -0.150095
18129654088207772126
1 5 3 4 -1  -0.478297
18129805399811322658
7 7 6 6 -1  -0.430467
18130175531445471052
7 3 6 4 -1  0.38742
18130182004009444982
7 6 6 5 -1  0.729
18130248928444132048
5 1 3 2 -1  0.0581497
18130363827388598903
7 6 6 7 -1  0.0147809
18130414807549135892
4 2 5 3 -1  0.6561
18130502321857654343
7 1 6 3 -1  -0.0250315
18130524510782464187
5 2 4 2 -1  -0.0886293
18130619380917614351
4 4 4 3 -1  -0.0147809
18130739162157005548
7 2 6 1 -1  -0.166772
18130955021083678215
0 4 0 3 -1  -0.018248
18131003875374628671
4 0 3 0 -1  0.038152
18131159988863737134
5 7 4 6 -1  -0.31381
18131257235784322282
6 3 5 5 -1  0.0119725
18131778398540679676
6 2 5 2 -1  -0.00463839
18131802065845033398
4 3 2 4 -1  -0.0471013
18131937802195614224
1 1 1 0 -1  -0.150095
18132094671606410903
6 7 6 6 -1  -0.135085
18132175797648752044
1 5 1 4 -1  -1
18132300162296598110
3 3 5 4 -1  -0.0581497
18132314912817379156
5 5 4 4 -1  0.0423911
18132545522751569908
7 4 6 2 -1  -0.098477
18132925341878092944
3 1 2 1 -1  0.59049
18133024307315930885
4 5 6 3 -1  0.121577
18133133360149411204
6 6 5 6 -1  0.00785516
18133181654079818446
5 2 2 2 -1  0.729
18133227343404337524
6 4 5 5 -1  0.0343368
18133299018954627461
7 5 7 4 -1  -0.0717897
18133381215747000184
5 6 4 6 -1  -0.0646108
18133481371890745153
6 4 3 1 -1  -0.135085
18133482894262939042
7 2 5 4 -1  -0.0309031
18133526617003376544
3 7 6 4 -1  0.0717897
18133681862107707298
7 1 5 2 -1  -0.0343368
18133791763758106220
3 4 1 3 -1  0.254186
18133956257357301399
7 3 7 2 -1  -0.254186
18134013548981373532
5 2 5 4 -1  0.121577
18134146847735022033
6 7 5 7 -1  -0.018248
18134156353394703793
5 4 6 3 -1  0.018248
18134298110250811844
1 3 3 5 -1  -0.185302
18134352545614255536
7 0 7 2 -1  0.0717897
18134390843916535369
4 5 3 4 -1  -0.00056392
18134397202505543519
5 1 3 0 -1  0.0797664
18134419729963544045
4 6 3 6 -1  0.0523347
18134576636223579386
5 6 4 7 -1  -0.9
18135285445465749673
5 1 4 2 -1  0.478297
18135507923755466409
7 4 6 4 -1  -0.0581497
18135573527413227406
6 5 4 5 -1  0.00273892
18135629589852053496
4 3 2 2 -1  0.0202755
18135714315120594851
4 4 2 5 -1  -0.150095
18135935976538333760
7 1 3 1 -1  -0.205891
18135956700040927401
4 2 5 1 -1  0.135085
18136055066523059616
7 5 6 4 -1  0.0078988
18136069837119711150
7 6 7 5 -1  0.0251706
18136230200145980822
5 0 4 1 -1  -0.282429
18136363672330350453
7 6 7 7 -1  0.038152
18136405622378267593
4 3 4 1 -1  0.109419
