272269030482611843
6 6 7 6 -1  0.205891
272328572463069339
7 1 5 2 -1  -0.00785516
272489319971979512
5 2 4 2 -1  -0.0309031
272589548695576890
4 2 3 1 -1  -0.430467
272649222148921980
7 3 5 1 -1  0.0581497
272650976161517887
7 3 6 3 -1  0.31381
272713715775927313
7 4 7 6 -1  -0.0343368
272761405360506114
3 1 5 1 -1  0.478297
273126813773928553
6 1 4 1 -1  0.348678
273235762625283058
4 4 3 5 -1  0.00273892
273267512894277372
4 7 4 3 -1  0.038152
273366177426114362
1 4 5 0 -1  0.0646108
273480080974225479
4 5 3 3 -1  0.185302
273666209379400273
5 5 3 4 -1  0.0423911
273674290494019030
6 0 4 0 -1  -0.038152
273683055940535538
7 5 6 6 -1  0.00161731
273683269812061417
5 2 6 3 -1  0.135085
273704506270778986
2 0 0 2 -1  0.0423911
273921971072222119
7 4 7 6 -1  -0.348678
273940018752589756
3 6 0 6 -1  0.135085
273950518746011795
5 6 4 6 -1  0.098477
274316143427780958
5 5 6 4 -1  -0.31381
274415731414677255
7 2 5 2 -1  0.478297
274525446858371038
5 6 4 7 -1  -0.00515377
274677643055255366
5 6 4 6 -1  -0.185302
274893780863157143
6 5 4 5 -1  0.038152
275074276453223832
7 3 6 3 -1  0.121577
275194130781346555
7 6 6 6 -1  0.205891
275234958505938363
7 6 6 4 -1  0.150095
275235841589662986
6 0 5 0 -1  0.254186
275248101362486740
4 6 3 7 -1  0.38742
275399220641038812
5 5 4 5 -1  -0.0250315
275433530880941314
6 4 5 6 -1  -0.0202755
275467276961565457
7 2 6 3 -1  0.348678
275627415845945747
0 4 0 3 -1  0.478297
275723664756279339
4 4 3 3 -1  -0.00179701
275972388621748152
6 2 4 2 -1  -0.0119725
6 3 4 3 -1  0.0225284
276206460692798556
7 0 4 0 -1  0.0797664
276294154240668714
4 4 4 0 -1  0.0717897
276294707335428625
5 2 4 2 -1  0.228768
276353955268327241
6 4 5 5 -1  0.0202755
276401317935392294
5 6 4 5 -1  0.0309031
276446965304844712
7 6 5 5 -1  0.135085
276712055509341024
5 1 4 3 -1  0.185302
276773013320346784
6 3 7 5 -1  0.018248
276939400178706387
6 1 2 5 -1  -0.59049
277157886558711465
6 4 5 6 -1  0.0886293
277447292780821772
7 2 7 1 -1  0.0886293
277555762313927023
6 2 5 4 -1  -0.150095
277679192043297776
7 7 4 7 -1  -0.254186
277691165783431635
4 3 7 0 -1  0.478297
277720321517749157
5 3 4 4 -1  0.0343368
277723884399551706
5 7 4 6 -1  0.38742
277849363786161245
6 4 5 4 -1  -0.0797664
277863420521535114
5 1 3 3 -1  0.59049
277865739040730660
6 1 5 0 -1  -0.00117902
278031409881856586
2 1 1 0 -1  0.0309031
278117095864042720
5 4 6 3 -1  0.348678
278654242364482206
1 0 4 3 -1  0.0717897
278681752885859915
4 2 3 3 -1  -0.0523347
278736011596285658
7 1 6 0 -1  0.31381
278830140305911002
6 5 5 5 -1  -0.0886293
278883781819155066
5 4 6 4 -1  0.31381
279131276103079592
2 2 1 1 -1  -0.0133028
279141580551144288
2 7 4 5 -1  -0.0886293
279389573976715910
5 1 5 2 -1  0.0646108
279774569872195783
6 0 5 0 -1  0.0797664
280120122286053611
3 6 2 5 -1  -1
280245669224591453
7 0 7 1 -1  0.185302
280472435762241910
6 3 4 2 -1  0.0581497
281124306553880414
6 1 4 1 -1  -0.0250315
281228332485261668
6 3 4 4 -1  0.6561
281494739050055189
4 3 4 1 -1  0.135085
281535902952651001
6 7 5 7 -1  0.0797664
281691985292102477
0 5 5 5 -1  0.9
281750884116162802
6 1 5 2 -1  -0.185302
281830498364966144
6 4 5 3 -1  0.018248
281851707935432278
2 7 5 4 -1  -0.0886293
282000030411299686
4 4 6 6 -1  -0.121577
282412526463222216
5 5 4 6 -1  0.228768
282496713786766055
0 5 1 3 -1  0.9
282636091769011764
7 1 5 2 -1  0.00706964
283260514434455065
3 7 1 7 -1  0.185302
283377633557700093
7 2 6 3 -1  0.0343368
283471294696080673
7 2 6 2 -1  -0.0250315
283569025094179569
7 7 7 4 -1  0.430467
283623134923336431
6 4 7 5 -1  0.166772
283933555251233196
4 3 5 1 -1  0.478297
283937419911359608
7 6 6 6 -1  0.81
284131715416895976
5 4 4 2 -1  0.0581497
284202423977482227
6 5 4 5 -1  -0.109419
284308101401336454
5 6 4 5 -1  0.166772
284308625533463131
6 0 5 0 -1  0.0120829
7 6 5 5 -1  0.00785516
284360413875884972
5 5 3 4 -1  0.430467
284401549791491976
7 1 5 2 -1  7.61772e-05
7 6 5 5 -1  0.0147809
284462497952600944
7 0 7 1 -1  0.166772
284540995315298362
5 4 4 6 -1  0.00199668
284599965333963638
6 2 4 4 -1  -0.018248
284608660285031039
6 3 4 2 -1  -0.135085
285122409897582128
6 3 6 1 -1  -0.185302
285167564955741487
6 4 5 4 -1  0.185302
285323871045789916
2 0 1 0 -1  0.729
285667091994035718
4 0 2 0 -1  -1
285869784923207751
7 3 7 2 -1  0.0717897
286074018613978051
7 0 1 6 -1  -0.166772
286127427285486816
5 2 7 3 -1  0.0717897
286246541076821981
7 0 7 3 -1  0.0225284
286319452012467132
7 4 7 5 -1  -0.0717897
286433241640896935
5 3 3 5 -1  0.282429
286578526551957308
6 1 5 1 -1  0.018248
286785216988566309
6 4 6 2 -1  0.6561
286981279441374137
3 1 3 2 -1  0.0343368
287167465905015973
7 3 6 3 -1  0.59049
287242783630592527
7 0 2 0 -1  0.430467
287385445037660681
5 0 3 2 -1  -0.0471013
287506000758096897
7 4 6 4 -1  0.9
287770895865970009
0 2 2 2 -1  0.098477
287814471609472254
5 2 3 1 -1  -0.109419
288002289058599382
7 1 6 3 -1  -0.00785516
288038326040613711
5 7 4 6 -1  0.6561
288150346627852196
7 6 6 7 -1  0.098477
288579139807055267
6 2 4 4 -1  0.00463839
288663009242674626
6 6 5 7 -1  0.531441
289056866576996947
7 5 7 4 -1  -0.0250315
289201448780506511
7 3 6 2 -1  -0.166772
289229279156105918
5 5 3 5 -1  -0.254186
289674857763456222
6 0 2 4 -1  -0.0717897
290001280394763802
4 3 3 4 -1  -0.0458723
290010479888080823
1 4 1 2 -1  -1
290194754049762809
1 6 3 5 -1  -0.166772
7 7 7 3 -1  -0.205891
291065401534129568
6 5 5 4 -1  0.0523347
291115961724586582
6 5 4 5 -1  0.0184257
291121418218357632
6 0 6 2 -1  0.109419
291239395103277882
5 0 4 1 -1  0.254186
291258797043914864
6 3 4 4 -1  -0.282429
291289250637270220
7 0 7 5 -1  0.185302
291376365230649646
7 5 7 2 -1  0.0886293
291573776833247900
7 0 7 2 -1  -0.00515377
291652641196665214
7 5 6 6 -1  -0.109419
291776333150435985
7 5 6 3 -1  0.0797664
292089344635484965
2 3 1 3 -1  -0.430467
292123323350205170
5 4 4 3 -1  -0.254186
292225707808275355
6 4 5 3 -1  -0.348678
292297062182919398
5 7 3 6 -1  -0.0797664
292355351979110527
5 3 6 3 -1  0.0646108
292389605932870959
0 0 0 2 -1  -1
292471726620097595
6 1 5 1 -1  0.0202755
292578872409920893
5 5 7 5 -1  0.255599
292967222908937347
4 0 3 0 -1  0.282429
293054520029292755
3 0 5 1 -1  0.00417455
293311126239713872
5 6 4 6 -1  0.185302
293340411941205509
5 6 6 6 -1  -0.531441
293541881820220885
5 5 5 1 -1  -0.185302
293762797562861901
6 4 5 5 -1  -0.098477
293773805038362519
6 3 7 2 -1  0.166772
293904539336999476
4 4 3 5 -1  0.0471013
294391886961039665
3 3 3 0 -1  0.531441
294401920309470780
4 4 4 5 -1  0.38742
294421068811347493
7 2 7 5 -1  0.228768
294523469443533846
7 7 7 3 -1  0.0717897
294548181158853550
6 4 3 4 -1  -0.109419
294721092574296657
5 3 6 4 -1  0.150095
294974739597954202
6 2 4 2 -1  -0.0147809
6 3 5 3 -1  0.142447
295116821360013756
5 2 0 7 -1  0.430467
295413245029176659
6 6 5 7 -1  0.348678
295584100534265414
4 7 3 6 -1  -0.478297
295614905433960936
2 3 2 1 -1  -0.348678
295714318985557023
7 4 5 6 -1  0.018248
295823307461549886
4 4 6 4 -1  0.430467
295879505145623648
5 1 7 2 -1  -0.348678
295924421554942033
3 5 0 5 -1  0.166772
295969815478968127
7 0 6 0 -1  0.205891
296099234302690447
5 2 7 3 -1  -0.135085
296569476921429236
7 3 6 3 -1  -0.0225284
296588637659921957
6 4 7 5 -1  0.38742
296933684484018002
5 1 4 3 -1  0.00417455
297053424066697383
7 2 7 1 -1  -0.205891
297367101837061305
5 3 4 3 -1  -0.135085
297472527392820634
6 7 4 7 -1  -0.0250315
297585876527733864
4 4 5 6 -1  -0.228768
297704104781653336
7 5 2 0 -1  0.478297
297838676897950764
2 4 0 4 -1  -0.282429
5 3 4 2 -1  -0.348678
297930494539525768
5 3 3 2 -1  -1
297983872239191743
6 5 6 2 -1  0.166772
298070487179883683
7 2 6 1 -1  -0.00338139
298145022111602557
6 3 4 4 -1  -0.166772
298330685919283634
7 0 7 3 -1  0.0717897
298646855192298103
4 5 3 4 -1  0.0797664
298768015587002981
4 0 3 0 -1  0.729
298844891341389610
6 4 6 5 -1  0.59049
298921167189758595
2 3 0 3 -1  -0.38742
299200693483362739
4 4 3 5 -1  0.729
299250613729699981
1 2 0 2 10  -1
299517494049460121
6 4 5 4 -1  0.282429
299527209054722433
7 0 7 2 -1  0.109419
299741935250163241
7 6 7 4 -1  -0.59049
299804045024383620
7 7 7 0 -1  -0.228768
300202906333300640
3 7 1 5 -1  -0.531441
300461712606630949
7 1 5 0 -1  0.018248
7 3 6 4 -1  0.135085
300668811071156473
5 4 4 4 -1  0.205891
301096923126663410
7 5 5 3 -1  -0.109419
301218705049334565
7 0 7 1 -1  0.0107753
301697493133062977
6 3 4 4 -1  0.121577
301765338725501008
3 5 2 4 -1  0.31381
301898250440190545
7 1 5 1 -1  -0.31381
302122067894325334
4 3 4 4 -1  0.6561
302592981036313445
5 5 3 4 -1  0.0717897
302769299808752289
6 3 4 1 -1  -0.0886293
302776245680021428
6 0 5 0 -1  -0.150095
302795374270983268
6 1 7 2 -1  -0.0309031
302849306759297459
5 5 6 3 -1  0.478297
303113444114757781
5 0 4 0 -1  0.00273892
303754552641056098
6 3 5 1 -1  -0.0343368
303770006036862946
4 2 5 1 -1  0.0110578
303840332107444758
6 4 6 1 -1  -0.0250315
303888285654858726
3 1 3 4 -1  0.478297
303989692680545674
5 2 3 3 -1  0.729
304071704421167344
5 4 6 4 -1  0.109419
304242232405646449
3 1 2 2 -1  -0.098477
304503251338067660
6 0 5 0 -1  0.00246503
304759953412996518
6 3 5 2 -1  -0.31381
304933575917962048
7 5 0 5 -1  0.31381
305203690377161883
7 5 5 3 -1  0.254186
305287124091981905
7 4 7 6 -1  0.018248
305294815735819355
6 4 7 5 -1  0.81
305300075658520955
6 2 5 2 -1  -0.00969773
305498748536542996
4 2 3 2 -1  -0.038152
305628891621060126
7 5 6 4 -1  0.00417455
305770334103441520
1 1 1 7 -1  0.9
305885149682126826
6 2 2 6 -1  0.166772
305970837788697777
4 3 3 5 -1  0.348678
306047498498159265
6 4 5 6 -1  -0.135085
306096011094923002
5 5 6 4 -1  0.0471013
306211640236546425
5 5 4 5 -1  -0.109419
306340253555106587
7 5 7 4 -1  -0.0581497
306357634722158478
7 4 6 3 -1  0.0107753
306446801262684467
2 0 0 0 -1  0.098477
306624465773069467
2 4 1 4 -1  -0.430467
306675338074906555
7 5 6 6 -1  -0.0107753
306696129945526083
5 2 3 3 -1  -0.9
306747112262778142
6 3 5 3 -1  -0.0037571
7 4 7 6 -1  0.00883982
306939750956567327
3 2 5 4 -1  -1
306995336538926401
1 5 1 3 -1  0.150095
307253020885071677
7 6 6 6 -1  0.166772
307260239642609601
7 6 7 5 -1  -0.205891
307364408964434442
7 4 7 6 -1  0.000104495
307377810459593067
4 6 3 6 -1  0.729
307623134765606249
1 7 1 0 -1  -0.348678
308029808996556046
7 7 7 3 -1  0.31381
308102673807061377
7 6 6 7 -1  -0.185302
308235805444081383
5 2 3 3 -1  0.098477
308328623606207073
4 2 6 3 -1  0.38742
308445526965713149
2 7 2 4 -1  0.531441
308490605427899822
7 5 5 5 -1  -0.478297
308649898806848147
4 4 3 4 -1  0.31381
308721460367445961
6 3 6 1 -1  0.185302
308753813752251119
5 5 7 6 -1  0.0278128
309044470261176036
5 5 4 7 -1  0.0250315
309061312345392307
6 3 4 4 -1  -0.205891
309103590890191012
6 7 4 7 -1  0.31381
309123567855861990
5 2 4 4 -1  -0.00463839
309274286260933224
7 3 5 5 -1  0.0278128
309294107809348362
7 3 6 2 -1  -0.00636268
309547924922518679
6 2 3 5 -1  0.0423911
309592373011433680
7 2 6 2 -1  0.0119725
309915912164284703
6 4 5 3 -1  -0.166772
310120565738856285
4 4 3 2 -1  0.0886293
310210557138107070
5 6 3 5 -1  -0.282429
310259839374396696
4 6 3 5 -1  0.478297
310344209348336672
3 4 3 2 -1  -0.185302
310390403878636136
4 7 3 7 -1  -0.430467
310472878258032264
5 0 4 0 -1  0.0225284
310576236633708301
0 4 4 0 -1  -0.81
311156829474701778
4 7 5 7 -1  -0.0646108
311272471135066374
7 3 6 3 -1  0.0646108
311315208336084965
4 0 3 0 -1  -0.31381
311543550609346151
4 3 1 3 -1  0.430467
311703242904722481
6 1 5 2 -1  -0.0278128
311791188489621640
4 5 6 6 -1  0.348678
311805794286450637
7 2 5 2 -1  0.430467
312047576276277813
6 3 4 4 -1  0.150095
312277239234412662
3 1 5 0 -1  -0.00785516
312318105369592443
7 5 6 6 -1  0.478297
312348105124539045
5 3 5 2 -1  0.9
312561807619280736
7 0 7 1 -1  0.024549
312571038824370380
7 0 7 2 -1  0.109419
312750436901185261
7 3 6 3 -1  -0.00463839
313107776289623878
7 6 7 5 -1  0.135085
313207935594488612
7 5 5 3 -1  0.00304325
313267531991319981
5 1 6 2 -1  0.150095
313274609991361241
7 5 4 2 -1  -0.0278128
313304628806628903
6 7 4 7 -1  -0.018248
313525630032910559
7 2 6 3 -1  0.0199978
313540071697221176
7 1 1 1 -1  -0.478297
313714326849692179
5 2 4 0 -1  0.0471013
313789203395859461
1 2 4 5 -1  -0.729
313892126042913287
5 7 4 6 -1  0.430467
313902614461866651
6 1 5 0 -1  0.0309031
313957069097995054
5 3 3 2 -1  -0.205891
314096951865166299
6 6 4 6 -1  -0.185302
314243205181784573
3 2 2 2 -1  0.6561
314322482814032044
6 2 6 6 -1  0.478297
314505006362382042
6 2 6 0 -1  0.0797664
314624103088886148
7 4 7 6 -1  0.00969773
314756107455127631
6 0 4 0 -1  0.205891
314806488171718289
7 4 6 2 -1  -0.205891
314831594095136531
1 0 0 0 -1  -0.150095
314902534046122087
3 0 3 1 -1  -0.0343368
315296223460702049
7 1 5 0 -1  -0.0225284
315409349085864533
3 0 5 0 -1  0.00417455
315537727106039993
5 5 4 5 -1  0.228768
315549572927105007
4 6 1 3 -1  0.135085
315608579174828723
7 5 3 1 -1  0.00572641
315661944764648943
6 0 4 0 -1  0.0133028
315738484205075982
3 3 1 4 -1  -0.478297
315752038177852098
7 1 6 0 -1  0.59049
315896539466871746
6 6 4 6 -1  0.038152
315936729118639849
6 1 5 1 -1  -0.0423911
316034288020813713
1 2 2 4 -1  -0.282429
316457648748039911
0 1 0 0 -1  0.729
316543668986110521
7 4 7 6 -1  0.205891
316687250654262640
5 3 3 2 -1  -0.0343368
316881875501365689
7 3 6 3 -1  -0.0423911
316948137951010278
6 7 5 7 -1  0.0278128
317036197769816135
5 1 7 3 -1  -0.31381
317125044520710544
7 6 5 5 -1  -0.00969773
317129952999613256
7 6 7 5 -1  -0.0797664
317564897180950239
5 1 4 1 -1  -0.098477
317588222937525267
5 5 4 5 -1  0.228768
318147499016697845
6 2 4 2 -1  -0.0258214
318292985367261992
5 2 5 1 -1  0.00969773
318302417266664783
7 3 6 3 -1  0.109419
318901396411910907
2 1 3 3 -1  0.9
319198894652922058
6 0 6 3 -1  0.166772
319433825304901989
4 3 4 2 -1  0.0197453
320035919741577365
7 0 6 1 -1  -0.531441
320374179130499747
7 1 6 2 -1  -0.121577
320831638789056465
7 3 6 2 -1  0.000159268
320894875236493686
6 1 5 0 -1  0.0225284
320986318193073975
7 1 7 2 -1  0.729
321365170953217144
5 5 5 2 -1  0.135085
321414293104209236
5 0 3 1 -1  0.0471013
321509932582603091
4 3 3 4 -1  0.0523347
321703324818990566
2 7 0 6 -1  -0.531441
321718063961365200
7 6 7 5 -1  0.205891
321727082253423136
2 4 2 1 -1  0.531441
321803441099030314
1 5 2 5 -1  0.0581497
321833313919076809
4 3 5 1 -1  0.31381
321839222974920804
5 5 6 4 -1  0.0423911
321889588385894102
6 2 6 1 -1  0.282429
322021158377244125
5 0 4 1 -1  0.00515377
322041021688886385
5 2 6 4 -1  0.6561
322113275764836576
6 5 5 5 -1  0.0581497
322296441564139304
6 5 6 6 -1  0.098477
322567835233916070
5 2 4 3 -1  -0.0119725
322577170272802857
7 0 7 3 -1  -0.121577
322720987701333060
1 2 2 1 -1  -0.0423911
322774901010057936
4 3 5 2 -1  -0.166772
322837870256554723
4 4 3 4 -1  0.430467
322882956921474727
6 3 5 3 -1  -0.098477
322976323865523374
5 0 5 3 -1  0.0523347
322995436871549679
5 2 4 3 -1  -0.0646108
323065867956639231
4 6 5 6 -1  -0.0147809
323119323299786157
7 3 6 2 -1  0.185302
323216827950168813
5 2 4 2 -1  -0.00636268
323293397124614806
5 1 5 6 -1  0.166772
323347800712732722
7 7 7 4 -1  0.31381
323624535125696835
3 3 4 4 -1  0.150095
323686857740848989
7 3 7 0 -1  -0.0225284
323735931296236096
5 1 5 5 -1  0.0225284
323922433154065016
1 4 4 1 -1  0.228768
324339212180823046
5 4 3 3 -1  -0.6561
324793387213316979
3 1 0 4 -1  0.00785516
324957374260992883
6 1 5 1 -1  0.81
325985748757785053
5 3 4 3 -1  0.38742
326339498641079867
4 3 3 4 -1  0.38742
326446476808058511
7 2 4 2 -1  0.0423911
326655789948489163
3 7 4 6 -1  0.205891
326696657200504961
4 6 3 6 -1  -0.0225284
326718871546721977
6 7 4 7 -1  -0.185302
326999690637638246
7 6 5 4 -1  0.098477
327246759150403891
4 2 3 3 -1  0.0133028
327270179700639835
7 5 7 4 -1  0.282429
327440058096445464
7 5 7 2 -1  0.0133028
327457316966115010
3 5 2 5 -1  0.6561
327640797089726038
6 5 5 5 -1  -0.00636268
327656709388083805
4 7 3 6 -1  -0.38742
327745633632874807
6 2 5 2 -1  -0.150095
327829104957580366
1 0 0 0 -1  -0.9
328258125507747399
0 6 0 0 -1  0.59049
328589188596477606
6 7 5 7 -1  -0.166772
328826789706859732
7 4 6 4 -1  0.531441
329330274321114328
7 3 6 3 -1  0.0225284
329348798206525146
5 1 4 0 -1  0.0886293
329462039418040404
5 2 4 0 -1  0.0186797
5 2 7 1 -1  0.000725746
5 5 6 3 -1  -0.00636268
7 2 6 1 -1  0.0190381
7 5 7 4 -1  0.00843169
329664716502352081
2 6 4 7 -1  0.59049
329692254932706566
7 3 6 2 -1  -0.135085
329697666596930199
6 5 5 5 -1  -0.0164232
329784645564927251
4 3 0 3 -1  0.478297
329846923890206771
7 3 5 1 -1  0.0581497
329868010499358958
7 2 4 5 -1  -0.00572641
329977747087499114
6 4 5 4 -1  0.254186
330575724129036803
7 3 7 4 -1  0.0797664
330587080156867589
5 7 4 7 -1  0.478297
330896506987470710
4 1 3 1 -1  -0.205891
331155089314998757
4 4 5 3 -1  0.0164232
331362620746164688
2 1 0 2 -1  0.0802095
331412058440811914
5 1 5 0 -1  0.0119725
331428617488205144
5 5 4 6 -1  -0.0278128
331434027871651042
5 6 1 2 -1  -0.729
331941376628693942
6 7 5 7 -1  0.0343368
332579946943067818
4 0 3 0 -1  -0.348678
332720886275767513
6 3 7 3 -1  -0.31381
332861190817643739
7 5 7 3 -1  -0.00572641
332886266808781685
3 2 2 2 -1  -0.098477
333145870926136505
7 6 6 6 -1  -0.109419
333472339418099698
1 0 3 0 -1  0.478297
333806347779568390
7 2 3 2 -1  0.430467
333872643291193703
7 1 1 1 -1  -0.0581497
333988629713508168
6 3 4 4 -1  0.166772
334048133236765418
6 3 4 2 -1  -0.0886293
334352608309148028
6 3 5 1 -1  -0.109419
334542714111776315
5 1 6 0 -1  0.038152
334603192996922944
7 4 7 6 -1  -0.00246503
334616351034911609
2 2 4 2 -1  0.038152
334668640655785234
6 1 5 1 -1  -0.0717897
334674101531094890
6 6 3 3 -1  5.55331e-05
334893325842839420
5 2 4 2 -1  -0.00936167
334920199680934351
7 1 6 3 -1  -0.0250315
335053755450001890
7 0 7 2 -1  0.00572641
335060011355937106
6 7 5 7 -1  0.0133028
335097701405488393
6 4 4 6 -1  -0.59049
335167830050121328
7 4 6 3 -1  0.00785516
335221175162049011
7 5 6 6 -1  0.0309031
335553752100337767
4 2 3 2 -1  -0.0202755
335575904368013191
2 1 6 1 -1  0.0225284
335594977739591417
7 3 7 4 -1  0.135085
335604887820366123
6 7 5 7 -1  -0.0797664
335645448566865768
6 0 1 0 -1  0.185302
336037109703844870
1 3 0 3 -1  -0.228768
336346050792120432
7 6 6 6 -1  0.0471013
336467793655730943
7 5 2 5 -1  0.185302
336533865071404376
4 6 3 6 -1  -0.9
336615056200412779
6 5 5 5 -1  0.0581497
336700687515967752
3 2 4 4 -1  -0.166772
337570270420695499
5 1 5 3 -1  0.0717897
337681699233250582
4 2 3 1 -1  -1
337789818183832290
1 3 1 1 -1  0.38742
337796013835863818
6 5 6 4 -1  -0.531441
337823531778819139
2 7 2 5 -1  -0.282429
337849810339983610
7 1 5 1 -1  0.0581497
337882618899967156
4 4 3 4 -1  0.135085
337894820931206606
6 4 3 1 -1  0.9
337942413221376912
3 6 4 7 -1  0.0309031
338052354577847281
7 3 4 6 -1  0.282429
338127045890119593
6 4 4 4 -1  0.185302
338223109955614406
1 2 0 2 -1  -0.228768
338251249235938227
5 5 4 6 -1  0.9
338269622882119375
3 3 2 2 -1  0.121577
338320989442929153
3 2 1 3 -1  0.0646108
338363160243475877
6 7 4 7 -1  -0.205891
338426655064054948
4 3 3 4 -1  0.0646108
338431392859546369
7 7 7 4 -1  0.531441
338506649393369118
7 5 3 1 -1  -0.0196744
338631336204084500
7 1 6 3 -1  -0.0423911
338728463874129610
7 3 4 0 -1  0.0278128
339037102654613022
5 2 4 2 -1  0.0225284
339356014869784882
6 0 5 0 -1  -0.185302
339502912679432492
3 3 3 2 -1  -1
339585555911876889
3 7 2 7 -1  -0.9
339717154588007838
5 2 6 1 -1  -0.478297
339911772427916141
6 0 5 1 -1  -0.0278128
340184181498770465
6 2 5 2 -1  0.430467
340328061984505671
0 5 1 3 -1  0.9
340489391717724015
6 5 6 4 -1  0.0886293
340628182236389266
5 3 4 3 -1  0.000242749
340664258385142853
7 6 5 5 -1  0.00246503
340784024905030280
6 5 7 6 -1  0.478297
340804822984105846
2 2 1 1 -1  -0.109419
340950240801937151
6 0 6 1 -1  -0.135085
341143000153398795
7 6 6 6 -1  0.9
341228205492472612
5 2 6 2 -1  -0.59049
341319875554406510
6 2 2 2 -1  0.478297
341428229635501392
4 4 4 6 -1  -0.6561
341469930710388916
6 2 7 2 -1  0.282429
341626300304859014
5 4 4 3 -1  -0.59049
341689603755409782
5 0 3 1 -1  0.228768
342051170974333624
7 6 7 7 -1  0.166772
342134874511567509
6 6 6 5 -1  0.205891
342206420291377876
7 1 4 4 -1  -0.9
342218225256154566
2 5 2 6 -1  -0.282429
3 5 3 6 -1  -0.348678
342289667085229357
5 3 4 3 -1  0.478297
342320672177781467
7 2 7 5 -1  0.430467
342348780749662325
5 4 3 2 -1  0.0147809
342477788367815950
4 2 3 1 -1  -0.0202755
342684434582532449
7 3 6 3 -1  -0.0646108
342909671528415208
4 0 4 7 -1  0.150095
343068808257647119
7 4 7 6 -1  0.0581497
343126877402467353
4 1 3 0 -1  -0.59049
343194498085995402
4 2 2 1 -1  0.0515577
343318718287090478
7 6 7 7 -1  0.205891
343498466307268101
7 6 6 7 -1  -0.185302
343507155368565453
4 1 3 0 -1  0.00029969
343574367719847752
6 4 4 4 -1  0.00131002
344194367050986804
4 3 6 2 -1  0.038152
344318382846683301
7 5 6 6 -1  0.0309031
344394189911190013
7 5 7 4 -1  -0.00515377
344422221932093656
6 2 5 2 -1  -0.6561
344456839133409689
7 5 7 1 -1  0.478297
344861641338685528
6 2 5 3 -1  0.59049
344879144207568661
6 4 4 4 -1  0.150095
345716913703726666
5 4 7 2 -1  0.166772
345745514447168855
4 2 5 1 -1  -0.109419
345752214952381810
3 4 4 6 -1  -0.0646108
345838765646764972
6 1 5 1 -1  0.531441
346179805087309690
5 7 4 7 -1  0.0717897
346576706612517245
7 3 7 0 -1  -0.348678
346662800509380940
7 4 7 6 -1  0.00428448
346678851054887611
3 4 2 5 -1  -0.0133028
346739351632532936
2 4 1 3 -1  0.166772
346776744215515385
7 2 6 1 -1  -0.0627432
7 5 3 1 -1  -0.0150318
346889231692458601
6 2 5 1 -1  -0.9
347026947670709425
5 1 4 2 -1  -0.135085
347060841943781357
6 2 4 4 -1  -0.0886293
347079739992821328
4 0 0 4 -1  0.150095
347195207809564991
4 0 3 1 -1  0.59049
347420319604384712
7 0 5 0 -1  -0.038152
347446506311065430
3 3 2 3 -1  0.109419
347568895590751144
3 7 2 6 -1  0.228768
347578266084193683
7 2 6 1 -1  0.0581497
347591609920907791
7 5 7 4 -1  -0.205891
347806391629874521
5 3 6 3 -1  0.0343368
347856166660255356
7 4 7 6 -1  0.0278128
347892170253593393
7 5 7 3 -1  0.38742
348020251232644084
7 5 5 4 -1  0.6561
348046782758219725
6 2 6 3 -1  0.0202755
348060500611465047
6 3 7 5 -1  -0.038152
348063646063280557
6 6 5 6 -1  0.0343368
348404335411076418
7 0 7 2 -1  0.0225284
348509030479153241
4 4 3 4 -1  0.0717897
348769759079970643
7 5 7 6 -1  0.0581497
349388722627404038
6 0 5 0 -1  -0.098477
349711020183715026
3 0 7 0 -1  0.00417455
349769280155974531
5 3 4 2 -1  0.0646108
349774323910102362
6 7 7 6 -1  -0.348678
349804286868882587
4 4 6 3 -1  0.0343368
349915413632511302
6 4 6 3 -1  0.185302
349988047572021484
7 3 1 3 -1  -0.185302
349995044427533493
7 3 6 3 -1  0.205891
350207961581756465
7 2 7 1 -1  0.0225284
350278102288566204
4 3 2 2 -1  0.0250315
350424530120780967
3 1 7 5 -1  -0.0715125
350435703690715614
6 3 4 2 -1  0.00303149
350442487231451727
5 3 7 5 -1  -0.59049
350549768679101250
6 2 4 2 -1  0.0157085
6 2 5 2 -1  0.0107753
6 3 4 3 -1  -0.00768104
6 3 5 3 -1  0.135085
6 4 4 4 -1  0.00952084
6 4 5 4 -1  0.0213214
6 6 5 6 -1  -0.00244829
350588129369433902
1 4 2 5 -1  -0.729
350627165567507611
3 5 2 5 -1  -0.6561
350629130524364560
4 3 3 3 -1  0.478297
350790115982013224
4 2 0 2 -1  -0.150095
350833911982953582
3 5 2 4 -1  -1
350928877931752763
6 0 2 0 -1  -0.348678
350959596963295564
4 0 5 1 -1  0.0202755
351157027747555636
4 4 3 4 -1  -0.150095
351208549876408888
1 7 2 5 -1  -0.9
351282129657937911
0 4 0 3 -1  0.348678
351363457956876984
5 1 4 1 -1  0.729
351764983922761904
5 2 4 0 -1  0.000196627
351879756556665870
4 6 3 5 -1  0.348678
352671362345403573
5 1 3 2 -1  -0.0343368
353054766313545047
4 4 3 4 -1  -1
353078606269906833
7 5 6 5 -1  0.6561
353200679610470195
7 2 0 2 -1  0.0797664
353305519407739740
4 2 3 2 -1  0.121577
353399944938134974
6 5 5 5 -1  -0.0797664
353515527294984230
5 4 6 5 -1  0.0886293
353542564877856172
1 2 4 2 -1  -0.38742
353645606023541059
7 6 5 5 -1  0.31381
353703860061037279
7 3 7 2 -1  0.228768
353972651786193125
5 6 4 6 -1  -0.185302
354148915008682555
2 6 1 7 -1  -0.109419
354223313565932704
5 5 4 6 -1  0.150095
354301941990367622
5 7 6 6 -1  -0.228768
354367085649528704
4 5 3 5 -1  -0.0119725
354436983666186247
1 0 1 3 -1  0.59049
354586772507022414
7 4 7 5 -1  0.228768
354726702480562014
6 0 4 0 -1  -0.228768
354991290432701811
7 3 6 2 -1  0.0646108
355057091146940922
6 3 5 4 -1  -0.0717897
355075154049461102
5 4 4 4 -1  0.098477
355106751131661289
6 5 5 4 -1  0.121577
355191210947488044
4 3 5 5 -1  -0.00706964
355197860874732255
4 6 3 5 -1  0.135085
355387289430222800
6 1 5 2 -1  -0.0581497
355415891576149935
7 5 7 3 -1  0.9
355526850378030468
4 3 3 3 -1  -0.254186
355547639819249643
4 0 3 2 -1  -0.0886293
356033821587766849
4 5 1 5 -1  -0.121577
356039888168135436
5 5 6 4 -1  0.430467
356195676530086412
5 5 4 4 -1  0.0119725
356230915695230418
4 2 2 1 -1  -0.6561
356338699294018538
4 6 2 6 -1  -0.109419
356466452465232179
3 4 2 4 -1  0.228768
356488515022899310
6 7 5 7 -1  0.0471013
356667434701367570
6 5 6 4 -1  0.9
356809416615386978
6 6 2 2 -1  0.109419
356862086980817724
3 2 4 4 -1  -0.00273892
356870519818352950
7 6 7 0 -1  0.6561
357053494778283290
5 2 3 3 -1  0.31381
357316000315374571
7 0 7 1 -1  -0.185302
357644398808558043
6 7 5 6 -1  0.0343368
357908174123481885
7 3 7 4 -1  0.254186
358238500959733897
6 2 5 3 -1  0.38742
358273845040923190
5 7 4 5 -1  0.348678
358334505527316992
6 6 1 1 -1  0.098477
358426599398550896
7 6 7 5 -1  0.121577
358515455423701014
6 5 4 5 -1  0.00785516
358607086816183041
7 5 7 6 -1  0.0717897
358652081423132752
1 7 1 0 -1  -0.59049
358788379359627180
6 3 6 4 -1  0.0581497
358980374984761755
7 0 6 0 -1  0.121577
359011592482462069
5 3 4 3 -1  0.150095
359019677613230907
5 5 4 7 -1  -0.0423911
359025632907417007
6 4 5 4 -1  -0.205891
359253055203377357
7 5 5 7 -1  0.81
359278121341151861
2 5 2 6 -1  -0.478297
359405604619543599
3 4 5 3 -1  0.150095
359462329505402104
5 4 4 5 -1  0.478297
359632318282549256
3 0 2 0 -1  0.31381
359703059833447970
3 4 1 5 -1  0.478297
359755710848822625
6 0 6 2 -1  -0.109419
359817564693270254
4 5 5 6 -1  -0.0309031
359919573516721413
0 4 0 5 -1  0.59049
359967704985564095
5 6 4 5 -1  0.430467
360206152790107654
4 2 6 4 -1  0.0797664
360383847116674214
6 0 5 0 -1  0.0471013
360414853882555691
7 2 6 1 -1  -0.0646108
360483590493320713
5 0 3 2 -1  -0.000196627
360649148269026152
6 0 5 0 -1  0.135085
360660856614577971
7 1 7 0 -1  0.282429
360752259162324922
4 5 3 6 -1  0.00199668
360821685169747496
6 2 5 2 -1  -0.00387376
360892886971502063
6 3 5 2 -1  0.0797664
360924198710280522
7 6 5 5 -1  0.0886293
361071419988851841
4 3 5 3 -1  -0.282429
361078452147392948
6 4 7 5 -1  0.185302
361101437952539516
5 3 4 1 -1  0.150095
361424044875571204
6 3 5 3 -1  0.9
361604253870814177
6 1 5 0 -1  0.0250315
361758155747393643
6 6 4 6 -1  -0.0343368
361804269900274531
5 2 4 1 -1  -0.109419
361858620364168456
5 6 4 7 -1  0.00221853
361918769139775267
4 1 3 1 -1  -0.0390848
6 3 4 4 -1  0.109419
7 2 6 1 -1  0.0462433
362102747560814729
6 7 5 7 -1  -0.135085
362163677055329922
5 5 4 7 -1  -0.00025495
6 0 4 0 -1  0.0267262
362429285184460259
7 7 7 6 -1  0.6561
362606069091056465
5 3 4 3 -1  0.150095
362976428739899220
5 5 7 4 -1  0.478297
363061894098520527
4 4 2 3 -1  -0.81
363083890098091352
5 5 6 3 -1  0.00969773
363113093503663674
4 6 3 6 -1  -0.150095
363199672586930976
7 2 6 1 -1  -0.00463839
363200662397925980
6 2 6 5 -1  0.282429
363207406966894693
7 1 5 2 -1  0.00572641
363343266553563297
1 1 0 1 10  -0.9
363490140906682209
6 4 4 5 -1  -0.0343368
363534849686197902
2 4 0 3 -1  0.166772
363758741096208036
5 2 4 3 -1  -0.729
364020242295156206
6 6 5 5 -1  0.254186
364050764719581930
5 5 4 3 -1  -0.0343368
364067374186545039
0 2 0 1 -1  0.59049
364144553587321436
5 5 3 4 -1  -0.00179701
364196155268501737
6 6 5 7 -1  0.282429
364480664320028456
7 3 6 2 -1  -0.0646108
364493029890395060
2 3 0 4 -1  -0.81
365005967292768587
0 0 3 0 -1  0.81
365259019075860895
7 1 7 3 -1  0.228768
365351869909593066
6 1 7 0 -1  0.0147809
365427476476155701
5 2 6 4 -1  -0.0717897
365523203645730187
5 3 2 6 -1  -0.150095
365556712494239267
7 3 7 2 -1  0.0797664
365920602512443820
5 5 4 5 -1  0.0717897
365938321412960166
6 4 5 3 -1  0.0202755
366126514065718709
7 2 5 2 -1  0.0119725
366135774590937541
0 2 2 3 -1  -0.0343368
366155836521877835
6 7 5 7 -1  0.0581497
366268120522578360
3 1 6 4 -1  0.0309031
366326745915895234
4 3 3 5 -1  -0.0886293
366344512155287692
7 7 7 6 -1  0.348678
366448709425968732
6 4 7 3 -1  0.0423911
366628317182636331
6 4 7 3 -1  -0.59049
366644245189532325
5 6 6 5 -1  0.00515377
366660624318146386
6 0 5 0 -1  0.0309031
366667483363972424
5 5 5 4 -1  -0.00417455
367154784921870149
7 0 7 2 -1  -0.430467
367175982715778756
6 7 1 2 -1  0.59049
367288660128030183
4 0 3 0 -1  0.185302
367355329481288805
4 3 3 3 -1  -0.0202755
367614670564284328
5 3 4 2 -1  -0.81
367652450169568313
1 4 0 4 -1  0.478297
367681746650662374
5 6 5 4 -1  -0.6561
367693735806295670
7 6 7 5 -1  -0.109419
367753832569887918
7 7 4 7 -1  0.00304325
367953817839791520
6 2 7 1 -1  0.166772
367961367645848824
2 1 4 2 -1  0.348678
368183920872545974
6 4 4 5 -1  0.0523347
368294922646168473
6 6 3 6 -1  -0.478297
368329654631462006
7 5 5 4 -1  0.0107753
368383827810566942
6 1 5 2 -1  -0.0343368
368402722172711319
5 5 4 5 -1  0.254186
368473009280633646
6 3 5 5 -1  0.166772
368497996392015781
4 4 2 5 -1  -0.0717897
368529840180743502
3 1 4 2 -1  -0.531441
368624721012369431
3 7 4 7 -1  -0.729
368969725226820711
5 7 6 6 -1  0.348678
369053203223686844
4 7 0 7 -1  -0.9
369557396168913769
7 1 5 2 -1  -0.00785516
369742500176044539
2 5 5 5 -1  0.729
369844025390628291
6 7 5 7 -1  -0.0797664
369887003907002342
6 7 4 7 -1  -0.31381
369948380945534466
7 2 3 6 -1  -0.018248
370044102557098992
5 5 7 3 -1  0.9
370154003102163783
5 6 4 5 -1  0.150095
370229991707777323
4 6 5 5 -1  0.478297
370466472675052153
6 2 5 2 -1  0.0797664
370816936770595906
5 1 7 2 -1  -0.0037571
370879206433881589
7 3 5 1 -1  0.0523347
371088251489584203
6 1 5 1 -1  -0.150095
371415694963256736
3 1 2 3 -1  0.109419
371539098537994313
6 1 5 2 -1  0.0240588
371657046058792658
7 1 5 2 -1  0.185302
371863086222109848
6 1 5 1 -1  0.018248
371948861606179183
5 5 4 3 -1  -0.0646108
371994905428616422
7 7 7 6 -1  0.0423911
372114397073073612
7 6 7 4 -1  0.0717897
372147785248830157
4 4 6 4 -1  -0.098477
372199634072344766
6 3 4 3 -1  0.098477
372217407468651677
7 2 6 1 -1  0.166772
372367717106045093
6 1 4 1 -1  0.038152
372500919685890427
2 1 5 1 -1  -0.0278128
372550604339423110
6 3 5 3 -1  -0.00417455
372656820288669717
5 4 4 3 -1  -0.228768
372766584204912454
7 0 5 0 -1  0.00338139
372846913895096042
5 4 6 4 -1  -0.135085
372923456323570231
7 5 2 5 -1  -0.228768
373370892408266720
5 4 3 5 -1  -0.282429
373560644377257384
7 5 6 6 -1  0.0886293
373592237021841211
7 2 3 6 -1  0.0250315
373615527105381666
7 4 5 3 -1  0.0107753
373656481299802516
6 7 5 7 -1  0.185302
373743912224447441
1 5 0 6 -1  0.254186
374029821015297459
6 2 4 2 -1  0.729
374043446485146965
7 0 7 2 -1  0.00106111
374099888055123278
7 0 7 4 -1  0.00463839
374258665328164131
7 0 4 0 -1  0.205891
374359871483653949
7 2 5 4 -1  -0.228768
374643220235377188
4 5 3 5 -1  -0.185302
374816653091582664
6 4 5 5 -1  -0.00515377
375001145659292918
4 2 2 2 -1  0.018248
375392841619993771
3 1 4 3 -1  -0.135085
375393017713623593
6 4 5 3 -1  0.0471013
375611785810519567
4 6 3 7 -1  -0.205891
375797429876076017
3 3 3 4 -1  -0.31381
375854529708550700
4 6 6 5 -1  -0.81
375882565351577748
5 4 4 4 -1  0.018248
375944901149073819
5 4 4 3 -1  0.00969773
376002889677363418
7 7 6 7 -1  -0.282429
376026865807829485
3 6 6 3 -1  0.254186
376321052963686326
7 4 7 2 -1  0.6561
376535897951512013
7 0 7 2 -1  -0.282429
376692402178337572
7 5 6 6 -1  -0.00145558
376960888596505228
5 7 2 7 -1  0.150095
377165187979761348
4 0 3 0 -1  -0.348678
377228161896537440
3 3 4 3 -1  -0.00199668
377242183633552097
6 1 6 4 -1  -0.00969773
377548700341937536
6 5 4 5 -1  -0.0225284
377565171845066870
2 1 5 1 -1  -0.81
377808200128458543
5 3 6 4 -1  0.0133028
377820076607039952
6 4 2 4 -1  0.121577
377853167931734826
7 7 7 6 -1  -0.121577
377997887212135381
2 4 3 5 -1  -0.9
378029130945133415
6 5 6 4 -1  0.348678
378064181748889062
3 1 4 2 -1  0.0886293
3 1 6 4 -1  -0.0797664
378162266457495356
5 6 3 6 -1  -0.282429
378203274939817208
7 4 2 4 -1  -0.6561
378680294787916560
7 0 4 0 -1  0.0886293
378774432196192352
7 7 7 6 -1  0.0886293
378808293905276433
6 7 4 7 -1  0.185302
379018198880943781
7 3 7 2 -1  0.0886293
379055788006019497
7 1 5 2 -1  0.0278128
379107805493377653
4 4 3 4 -1  -0.6561
379323523254144666
4 2 3 3 -1  -0.000862889
379461989485081112
1 2 1 3 -1  -0.38742
379538514076069833
3 6 4 4 -1  -0.109419
379548505057000126
5 6 4 7 -1  0.9
379593574058757930
6 3 4 2 -1  0.205891
379638042757482247
6 6 6 7 -1  0.228768
379735065872837177
6 3 5 1 -1  -0.00969773
380112114698108266
7 3 6 3 -1  0.31381
380549638604840753
7 2 6 2 -1  0.135085
380741485941724461
0 2 2 4 -1  -1
381001800177662074
6 7 5 7 -1  0.00636268
381033284632261890
5 6 4 5 -1  -0.0147809
381083215534722576
3 4 0 4 -1  0.228768
381298304258946184
7 3 5 3 -1  0.135085
381582523216589783
1 6 6 6 -1  0.00179701
381654617393439316
3 4 2 3 -1  0.0225284
381879561420474672
4 7 3 7 -1  0.00969773
381912667152036531
7 3 4 0 -1  0.166772
382135539146676845
7 0 7 5 -1  0.531441
382246936737485341
3 5 2 6 -1  -1
382507635357445453
4 3 2 5 -1  -0.00304325
382653210897496747
7 4 7 6 -1  -0.00417455
382673753383105594
5 7 4 6 -1  0.254186
382707460037240636
5 5 4 3 -1  -0.0164232
7 2 6 3 -1  0.098477
382897828105797940
7 6 6 5 -1  0.150095
383180025552376781
7 2 7 3 -1  0.38742
384164392071275457
3 6 2 5 -1  0.282429
384191659255905980
6 3 3 0 -1  0.098477
384250648903452317
3 7 3 6 -1  -0.478297
384397775945563866
2 1 3 2 -1  0.166772
384576571182357437
3 7 6 7 -1  0.9
385581637528201409
7 5 6 6 -1  0.150095
385600901226332277
7 2 6 1 -1  -0.000696197
385627673881553108
6 2 5 2 -1  -0.59049
385646042506829668
5 7 7 7 -1  0.81
385854553409514356
7 0 6 0 -1  0.430467
385899805351362435
6 6 7 5 -1  -0.228768
386012082702491556
3 4 2 4 -1  -0.348678
386160045200952242
6 5 5 5 -1  0.150095
386253254484317261
6 4 6 5 -1  0.31381
386497614558811790
4 4 3 5 -1  0.150095
386510751622161799
5 6 4 6 -1  0.098477
386698496240121488
4 4 3 3 -1  0.00246503
386882973744505000
5 4 7 3 -1  0.9
386900509676711660
7 2 3 2 -1  0.38742
387300532975957551
7 1 4 4 -1  -0.00179701
387382805908169146
7 5 5 3 -1  0.0147809
387656711158116681
4 6 3 5 -1  0.6561
388109737687782097
2 3 2 1 -1  0.228768
388181481604873450
3 2 2 4 -1  -0.185302
388253403016804777
3 2 4 0 -1  -0.185302
388276515879148064
4 2 3 2 -1  0.0202755
388418681902451021
5 4 5 5 -1  0.0202755
388588347430783926
4 5 4 4 -1  -0.6561
388711455628169781
6 3 2 7 -1  0.185302
388833870628520046
0 5 4 1 -1  0.166772
388835901700207637
5 2 6 0 -1  0.0797664
388855886017751065
4 1 3 1 -1  0.135085
389003507967307924
7 7 7 3 -1  -0.254186
389040481996028522
6 6 4 6 -1  0.531441
389200609409896450
7 1 7 2 -1  -0.0423911
389233939639535368
0 3 1 2 -1  -0.0343368
389534715643057042
6 3 4 1 -1  0.0164232
389583398008199612
4 2 1 2 -1  0.38742
389696748094620346
7 5 6 6 -1  0.0202755
389831464878965871
4 4 5 6 -1  0.00417455
389847795935268834
4 3 5 5 -1  0.000507528
390010423759469866
6 3 5 3 -1  -0.0523347
390325001930609108
5 5 3 7 -1  -0.59049
390365461689607354
7 3 6 2 -1  -0.254186
390376587779001134
2 4 4 2 -1  0.430467
390454573975906524
7 0 7 2 -1  -0.00785516
390587117091663864
2 3 1 3 -1  -0.531441
390659726144615511
5 0 4 0 -1  0.000369988
390688471983178987
5 7 7 5 -1  0.00273892
390810958968244185
5 5 4 4 -1  0.254186
390847524463288065
6 6 6 5 -1  0.478297
391120552252413155
2 1 1 1 -1  -1
391239752590012430
5 1 3 2 -1  0.0423911
391350610815037015
5 2 7 1 -1  0.0646108
391442052485783510
6 4 5 5 -1  0.38742
391679084012178896
2 0 1 0 -1  -0.59049
391729650594434415
4 1 3 1 -1  -0.6561
391939888762631507
7 5 6 5 -1  0.000696197
391986332790674615
5 4 3 2 -1  -0.0147809
392070342312961277
5 4 5 6 -1  0.0119725
392100623611527980
4 7 3 6 -1  -0.109419
392629084229652332
5 5 6 6 -1  -0.00706964
392719661861370421
4 4 2 5 -1  0.0119725
393072463527738457
5 4 4 4 -1  -0.531441
393198831483181777
6 5 5 7 -1  0.0717897
393306360368254851
5 4 4 3 -1  -0.205891
393358488283918839
7 2 5 4 -1  -0.00273892
393578201008217331
5 3 4 3 -1  0.531441
393737232769660079
5 1 4 1 -1  -0.0343368
393780160002503077
2 4 2 3 -1  -0.098477
393907166604689317
4 4 4 7 -1  0.185302
393950055901255086
4 4 5 6 -1  -0.6561
393963328225363022
7 2 3 6 -1  -0.00273892
393977712849210205
5 5 6 6 -1  -0.31381
394383122978558152
1 0 3 0 -1  0.31381
394454538778655589
5 0 4 1 -1  0.81
395034874305387169
5 4 4 3 -1  0.254186
395451444439889358
5 3 3 3 -1  0.00872795
395941329908200761
3 4 2 3 -1  -0.6561
396036875573682422
6 4 6 5 -1  -0.59049
396055336464210629
6 2 4 2 -1  0.0173968
6 4 5 4 -1  -0.00337569
396121754960643812
0 0 0 4 -1  0.38742
396185646301796329
7 2 5 0 -1  -0.0471013
396222476183867610
7 6 7 5 -1  0.9
396253795382272746
7 6 6 6 -1  0.166772
396259625445508104
3 4 4 2 -1  0.0107753
396460387582972981
6 0 5 0 -1  0.0886293
396748973488806874
4 1 3 3 -1  -0.109419
396949182972372976
6 4 5 3 -1  -0.0343368
397051315541052966
7 2 5 4 -1  -0.0225284
397138861616467332
5 1 4 0 -1  0.254186
397300194918542547
7 5 7 2 -1  0.254186
397340158172052986
5 2 4 0 -1  -0.0133028
5 3 4 3 -1  -0.0288631
397422909123171356
6 7 5 7 -1  -0.0886293
397672147530810781
5 3 5 4 -1  0.282429
397680952886448490
4 3 3 3 -1  0.9
397703863910503126
6 4 7 5 -1  0.135085
397748603837250451
2 5 1 5 -1  -0.6561
397873830406700761
5 2 4 2 -1  0.282429
397880029022708189
5 4 4 5 -1  0.205891
397884308097613589
7 5 4 2 -1  -0.00785516
398231764133894502
7 3 7 4 -1  0.185302
398277314486051987
4 2 5 0 -1  0.59049
398318181931834446
6 2 4 2 -1  -0.00304325
398440275033293140
5 2 4 2 -1  0.0717897
398556346588151328
4 2 3 3 -1  0.098477
398613031230046150
7 7 7 6 -1  0.9
398668386380675166
4 5 3 4 -1  0.00785516
398785635344064893
5 7 4 6 -1  0.185302
399053867350629547
6 2 7 2 -1  0.150095
399180328477508223
5 2 4 1 -1  0.348678
399402753909381815
5 1 6 3 -1  0.00706964
399517801563849303
6 4 4 4 -1  -0.00706964
399627063547437562
6 3 4 4 -1  0.348678
399731141335059530
6 4 4 4 -1  0.185302
399739864397483557
5 6 4 6 -1  -0.531441
399760392216377409
7 1 5 2 -1  -0.0107067
399799627700792551
5 5 6 4 -1  0.0343368
399800913307362448
7 0 7 2 -1  0.0717897
399809434450286604
6 7 7 7 -1  0.81
399973056673477323
5 5 3 3 -1  0.348678
400008034232502574
7 6 6 5 -1  0.205891
400115585418944176
4 0 4 3 -1  -0.205891
400236711536064840
4 4 3 4 -1  -0.81
400415186761056559
7 4 6 5 -1  0.185302
400449235126605815
3 0 1 0 -1  -0.59049
400764893372452038
1 2 3 2 -1  -0.00872795
400928790054943723
7 3 6 4 -1  0.0133028
401020472514349799
6 2 7 3 -1  -0.478297
401218194927722375
7 1 7 0 -1  -0.531441
401251945124093850
6 3 5 3 -1  0.00463839
401544854946470559
5 1 4 2 -1  -0.0119725
6 6 7 5 -1  -0.0133028
401703078180962687
4 5 5 6 -1  0.0886293
401708528889724070
6 3 5 2 -1  -0.0343368
401755008397539472
6 0 4 0 -1  0.0886293
401800635625676941
5 4 4 4 -1  -0.00161731
6 0 5 0 -1  0.0102269
6 1 4 1 -1  -0.0216131
401844280103589176
3 2 2 1 -1  -0.38742
401987166551111094
4 2 4 3 -1  0.0147809
401988271395740401
7 3 5 4 -1  0.166772
402055525935022957
6 2 5 2 -1  -0.478297
402280078437350737
6 1 6 0 -1  0.0797664
402387173371432190
5 7 4 7 -1  0.0423911
402420966893105645
3 0 2 0 -1  -0.166772
402468910655080631
7 2 6 2 -1  -0.0107753
402630679954962858
6 0 5 0 -1  -0.0523347
7 6 5 5 -1  -0.000411098
402856584597512466
5 5 4 3 -1  0.0581497
402944160803662954
5 4 3 2 -1  0.254186
403080354462734656
6 3 5 1 -1  0.0523347
403188023911638474
7 2 5 1 -1  -0.0646108
403310331780713346
7 5 5 7 -1  0.098477
403510317064457192
7 5 6 6 -1  -0.0523347
403576503151916555
3 4 2 4 -1  -0.9
403650812787118350
1 0 3 0 -1  0.0225284
403725699279022749
5 1 7 2 -1  0.59049
403741137156959954
2 1 3 1 -1  -0.205891
403800376862336395
5 1 6 3 -1  -0.0423911
403958794573150706
3 4 4 3 -1  0.31381
404024463960611629
6 0 6 2 -1  0.81
404250009564427167
4 5 5 4 -1  0.0423911
404585334384718271
7 2 5 2 -1  -0.0646108
404679624756587953
4 4 3 3 -1  0.729
405119614079517863
7 3 7 2 -1  0.0343368
405290159282587136
7 1 5 1 -1  0.0423911
405504364596274658
7 6 6 6 -1  0.0309031
405850736594632011
7 4 7 6 -1  -0.228768
406071594290923385
6 6 4 6 -1  -0.0523347
406435239936823089
6 4 7 5 -1  0.282429
406716625263983000
4 5 6 4 -1  0.098477
406820042351268663
7 2 5 4 -1  -0.81
