5185600037537982667
7 5 6 4 -1  0.121577
5185898550735259563
6 1 5 1 -1  0.109419
5185963730334787856
5 6 7 4 -1  -0.6561
5186078464793885425
7 5 7 3 -1  0.0523347
5186290674969030545
6 3 5 5 -1  0.6561
5186355479619492815
7 3 7 4 -1  -0.0797664
5186419654504528565
4 5 3 7 -1  0.59049
5186477638210796491
7 4 7 6 -1  0.0797664
5186517606862033394
7 6 5 6 -1  0.348678
5186796817176039928
7 4 7 6 -1  -0.00417455
5186884516784903990
5 0 2 3 -1  0.348678
5187046918673062990
3 5 1 6 -1  0.729
4 4 5 3 -1  0.9
5187144299838666431
5 5 4 5 -1  -0.348678
5187180258702053117
2 0 6 0 -1  -0.0523347
5187307521160482673
2 1 3 2 -1  0.166772
5187352194366542563
5 7 4 7 -1  0.098477
5187430073960323158
6 2 5 2 -1  -0.430467
5187485483014058400
6 6 4 4 -1  -0.000859503
5187632156864729063
5 5 4 3 -1  0.348678
5187687394746810732
5 4 4 4 -1  0.228768
5187850698414540795
6 3 4 1 -1  0.0886293
5187967100814559064
5 2 6 3 -1  0.135085
5187990695233535889
6 2 4 2 -1  -0.000795167
6 3 4 3 -1  0.0150357
7 5 3 1 -1  0.0250315
5188329916952736556
7 1 4 1 -1  0.150095
5188337020425496572
6 2 4 0 -1  0.000411098
5188344421134254661
7 4 7 1 -1  -0.038152
5188826521925248513
7 5 5 6 -1  0.228768
5189090214434577218
6 7 5 6 -1  -0.205891
5189165948141563502
5 3 6 2 -1  0.00179701
5189818939153445181
5 2 3 1 -1  0.0523347
5189832290149317713
7 2 7 1 -1  0.00969773
5190019309993057935
7 0 7 2 -1  0.00117902
5190021199627930670
7 2 0 2 -1  0.098477
5190064501416828236
4 4 6 2 -1  0.0250315
5190125059543544811
0 4 1 4 -1  -0.0471013
5190258878599128831
7 3 6 4 -1  0.121577
5190356270721015220
2 4 2 1 -1  -0.0886293
5190501455447461704
1 1 0 1 10  -0.81
5190699524471149856
6 5 6 4 -1  0.0202755
5190704672123948300
6 1 5 1 -1  0.166772
5190737217206227077
7 2 7 6 -1  -0.81
5190750347598611528
6 5 5 5 -1  -0.0343368
5190817982775462916
7 3 3 3 -1  0.00463839
5190864432946436986
6 0 6 2 -1  0.38742
5191386530352733188
3 3 4 5 -1  0.31381
5191867928546943266
3 1 4 2 -1  0.0278128
3 1 6 4 -1  -0.00338139
5192102095622822192
0 1 0 5 -1  0.254186
5192185666245356713
6 4 5 4 -1  -0.0581497
5192300770978440828
7 6 6 4 -1  0.0423911
5192345938068478155
6 2 4 3 -1  -0.59049
5192370384675506483
3 0 1 0 -1  -0.228768
5192536890389784460
2 7 3 6 -1  0.0471013
5192783976047990497
5 4 2 1 -1  -0.0523347
5192811665151026783
6 4 5 5 -1  -0.282429
5193266818431351336
5 5 3 4 -1  0.6561
5193618775747338745
7 6 7 5 -1  0.109419
5193619477157995052
7 3 7 4 -1  0.729
5193792211470572350
5 4 2 7 -1  -0.0717897
5193840432745286419
4 2 1 5 -1  0.0107753
5193931895002924329
5 4 4 3 -1  0.00221853
5194073284428197598
5 7 4 5 -1  0.0343368
5194179475200126280
4 3 7 3 -1  0.0646108
5194180697553264437
6 3 6 4 -1  0.150095
5194224881326980307
6 2 4 3 -1  -0.0797664
5194299821679403279
4 0 4 1 -1  0.59049
5194322565180202593
5 4 6 5 -1  0.81
5194349093408919966
5 3 4 4 -1  0.018248
5194574105003725333
7 3 6 3 -1  0.0274782
5194575877172089308
6 3 4 2 -1  0.135085
5195500600975889762
5 0 4 2 -1  0.00029969
5195688499715520774
7 6 7 5 -1  -0.0202755
5195971022105811000
6 2 5 4 -1  0.6561
5196044819043395321
5 1 3 0 -1  0.31381
5196104568659382349
4 5 3 5 -1  -0.31381
5196470590693419969
6 1 5 1 -1  0.0202755
5196519873791479223
6 0 5 0 -1  0.185302
5196565017424308746
6 4 5 3 -1  0.121577
5196652969545235540
6 4 4 6 -1  0.121577
5196961337160313440
6 5 5 5 -1  0.729
5197079446095001364
6 1 5 3 -1  -0.430467
5197334677558214860
7 1 5 2 -1  0.0250315
5197482611607978598
5 5 5 2 -1  -0.00338139
5197535373286744836
2 2 7 7 -1  0.0471013
5197570260421753624
4 4 3 3 -1  0.0646108
5197689573166779923
6 3 7 4 -1  0.00199668
5197806185555263282
5 0 4 0 -1  0.282429
5198008778758470578
7 4 5 2 -1  0.38742
5198168687334898786
7 0 7 3 -1  -0.205891
5198168955064531211
5 5 4 5 -1  0.0523347
5198273043995938268
6 3 4 3 -1  0.282429
5198292497840328602
6 3 6 4 -1  0.00572641
5198590377679881316
5 4 4 3 -1  -0.348678
5198610683652684177
6 4 4 2 -1  0.00785516
5199027987365761098
5 2 6 1 -1  0.00572641
5199111556212873000
5 5 6 3 -1  0.0523347
5199164943270471560
3 3 2 3 -1  -0.9
5199205064740874132
6 7 4 7 -1  0.150095
5199225512659697001
4 5 3 5 -1  0.038152
5199233444559946525
5 5 4 3 -1  -0.0633216
5199262978436811046
6 7 5 7 -1  0.9
5199356489173813094
3 0 4 2 -1  0.531441
5199419220169080671
4 0 3 1 -1  -0.150095
5199446845222522299
5 2 6 3 -1  0.0886293
5199627636770593321
4 6 3 6 -1  -0.0797664
5199697248520807446
3 2 1 1 -1  0.0646108
5199897667825878915
3 3 2 4 -1  -0.729
5200105930603544055
7 4 7 6 -1  0.0163669
5200210938977883999
7 4 7 6 -1  0.0886293
5200358407305782849
5 5 7 3 -1  -0.098477
5200430709718364570
5 5 2 2 -1  0.0225284
5200575069222582312
4 7 5 5 -1  0.109419
5200631111073097571
3 6 3 1 -1  0.0797664
5201012757619217034
5 1 6 2 -1  0.038152
5201054123473210055
6 3 7 3 -1  0.0471013
5201084261412175872
5 5 6 3 -1  0.0471013
5201115816522009717
5 6 4 6 -1  0.00161731
5201217077262406642
6 1 3 1 -1  0.205891
5201257637056357705
6 2 7 2 -1  -0.0164232
5201287417965101097
7 6 6 7 -1  -0.0646108
5201460689901776407
5 3 3 2 -1  -0.228768
5201648185209916931
6 0 5 1 -1  0.31381
5201933785807862510
5 2 3 3 -1  0.228768
5202091775503772354
1 0 1 4 -1  0.6561
5202171894045029642
3 5 2 3 -1  -0.0797664
5202237517058883572
2 4 0 6 -1  0.6561
5202277052577866046
6 7 7 5 -1  0.109419
5202330017475881534
4 4 4 5 -1  -0.185302
5202339435767334872
5 5 6 3 -1  -0.098477
5202350899415115721
5 1 6 2 -1  -0.150095
5202418502496066499
7 3 4 6 -1  -0.0250315
5202825090644806322
5 1 4 1 -1  0.109419
5202829094901186937
4 3 3 4 -1  0.018248
5202962805341434897
4 0 1 0 -1  -0.6561
5203269426712877400
3 3 3 2 -1  0.59049
5203425286572643736
6 2 4 3 -1  0.185302
5203596205480904843
4 2 2 0 -1  0.348678
5203806725239335607
6 5 5 5 -1  0.0133028
5203825158497266655
7 4 7 6 -1  -0.000626578
5203842880752285638
5 4 4 4 -1  0.121577
5203912574002989450
1 6 0 7 -1  -0.135085
5203949826312816985
0 2 1 3 -1  -0.109419
5203983695763371289
6 6 3 3 -1  -0.0278128
5204053007633750836
3 1 4 0 -1  0.6561
5204593259937138059
6 7 7 6 -1  0.534393
5204614445355358140
7 2 4 2 -1  0.00106111
5204866660271062870
6 1 4 1 -1  -1
5205111324855903514
7 2 5 4 -1  0.0717897
5205175082440602238
7 5 6 4 -1  0.430467
5205408147212269679
5 7 6 6 -1  0.38742
5205435701668483713
3 3 4 4 -1  -0.185302
5205516343692568826
4 0 7 3 -1  0.205891
5205637669660938244
0 5 4 5 -1  0.098477
5205677040259044932
4 2 3 3 -1  0.000773553
5205824785676457696
7 4 4 4 -1  -0.0250315
5205846132173772861
6 4 5 4 -1  0.0225284
5206040062322287652
3 6 5 5 -1  0.109419
5206482982207897460
3 6 2 5 -1  0.00246503
5206483069915431979
5 2 3 1 -1  -0.0278128
5206499001675849787
6 5 5 5 -1  0.205891
5206501970329532528
6 0 6 1 -1  0.150095
5206530256882834936
6 2 6 4 -1  -0.59049
5206638917873061870
7 7 7 6 -1  0.0250315
5206692432470609295
2 0 3 1 -1  0.0581497
5206795231382027448
4 2 3 0 -1  0.59049
5206820795345902579
6 5 4 5 -1  0.228768
5206828477059887331
4 0 1 0 -1  0.109419
5206873685600624727
4 5 3 4 -1  -0.0343368
5207002073891447836
1 5 2 5 -1  0.430467
5207053507516417253
5 1 6 2 -1  0.0423911
5207097956306194104
4 4 3 4 -1  -0.729
5207251792452388501
2 2 1 2 -1  0.348678
5207280243057330663
6 4 4 2 -1  0.00636268
5207285681793158048
5 5 3 3 -1  -0.348678
5207309220353805797
7 5 7 6 -1  0.430467
5207390371466493556
4 4 3 3 -1  -0.0459724
5207683722030856392
6 3 6 4 -1  0.109419
5207856988907210088
7 5 6 6 -1  0.0015602
5208030042292323622
7 0 7 3 -1  -0.729
5208250708236995131
6 0 7 1 -1  0.0646108
5208353994759013991
7 0 7 3 -1  0.109419
5208472968118749532
5 4 7 4 -1  0.0133028
5208484290851402488
7 0 1 0 -1  0.31381
5208516631460926390
6 6 6 5 -1  0.282429
5208659370227372916
6 6 4 4 -1  0.478297
5208776299024524841
7 5 6 6 -1  -0.00947771
5209273353098953850
4 5 4 4 -1  0.729
5209278662649451495
6 3 7 5 -1  -0.0523347
5209288745087624034
7 0 7 1 -1  -0.0202755
5209724844293392460
6 7 5 7 -1  0.0119725
5209912807602710945
4 7 5 5 -1  0.0202755
5210312998905394634
7 6 7 7 -1  0.166772
5210413539142372030
6 3 5 5 -1  0.0278128
5210447860650336533
7 0 7 2 -1  0.228768
5210465880825921164
3 3 4 2 -1  0.0797664
5210661761838411016
6 2 3 2 -1  0.31381
5210782207794904708
4 4 3 3 -1  -0.0056221
5210814493425095677
7 3 7 2 -1  -0.0523347
5210973374789929030
5 0 4 1 -1  0.00706964
5211109987130707336
5 3 4 3 -1  0.254186
5211164921327502877
4 6 4 7 -1  -0.81
5211433637885751299
3 2 2 4 -1  0.0646108
5211442333682951119
5 3 2 3 -1  0.282429
5211698175894437167
7 4 7 3 -1  -0.000411098
5211770245908215499
6 3 5 1 -1  0.348678
5211795347560652085
5 0 7 1 -1  0.38742
5211903729975480405
3 4 4 5 -1  -0.135085
5211942417883300972
6 7 7 7 -1  0.81
5212142431307015600
0 0 0 4 -1  -0.135085
5212236478942533216
5 4 4 3 -1  -0.0250315
5212316481261293612
6 5 4 5 -1  0.430467
5212531455540128044
5 2 4 4 -1  0.098477
5212658686947146065
7 2 5 4 -1  0.0646108
5212671836988550580
1 5 2 5 -1  -0.9
5212705890066736352
0 5 1 6 -1  0.150095
5212859700280401086
6 7 4 7 -1  -0.0797664
5213031804643472684
4 6 4 5 -1  0.348678
5213184525065253313
6 5 5 5 -1  -0.254186
5213470815793964460
6 5 6 3 -1  -0.205891
5213486352204772530
1 2 0 2 -1  0.205891
5213513876137878660
7 0 7 2 -1  0.018248
5213738649234918671
6 6 7 5 -1  0.478297
5213839548457483832
6 3 4 2 -1  0.185302
5214395388119729608
7 5 5 4 -1  0.531441
5214445858957910899
5 6 4 4 -1  0.0646108
5214518262524443310
2 1 1 3 -1  0.59049
5215017256720655963
2 5 1 5 -1  -0.729
5215043910382715074
5 4 5 3 -1  0.0717897
5215110460526613804
6 2 7 2 -1  0.0886293
5215295001055345608
5 5 5 6 -1  0.0250315
5215320457100114716
3 4 3 1 -1  -0.254186
5215431127874328169
0 6 3 6 -1  0.348678
5215649623077011465
3 1 1 3 -1  -0.9
5216003007927662704
6 2 4 2 -1  0.0225284
5216035307560202319
6 6 7 5 -1  0.0343368
5216065557513288067
4 3 5 3 -1  -0.59049
5216224228851351131
6 4 5 5 -1  0.0107753
5216359854493285276
6 3 6 0 -1  0.228768
5216524608992598171
4 4 3 4 -1  -0.228768
5216610801431160646
3 5 2 4 -1  -0.6561
5216762115070106840
7 0 7 4 -1  -0.000955003
5216862565733365033
6 2 6 5 -1  0.00029969
5216923289021751809
7 2 6 1 -1  -0.109419
5216926214182691518
6 7 5 7 -1  0.0037571
5217117526000897093
5 0 3 1 -1  0.185302
5217152395618942880
6 7 5 7 -1  0.185302
5217253081001654336
1 0 5 4 -1  0.31381
5217258111211012718
1 4 0 3 -1  -0.729
5217293301702234327
6 7 5 7 -1  0.0423911
5217294632498886534
3 4 3 3 -1  -0.38742
5218122742201387763
4 0 3 0 -1  0.729
5218203037451201361
5 4 4 6 -1  -0.38742
5218408038248900385
6 7 7 6 -1  0.81
5218421708998082787
3 5 3 3 -1  0.38742
5218523503785938519
6 1 4 1 -1  0.0309031
5218673256649940572
7 3 3 3 -1  -1
5218785045559443832
6 4 7 5 -1  0.00417455
5218912937129204667
7 2 2 2 -1  -0.81
5219126032268477537
3 5 2 5 -1  -0.59049
5219152270514533468
5 5 3 5 -1  -0.6561
5219407858895980892
1 3 2 2 -1  -0.166772
5219738872783484101
7 4 6 4 -1  0.0581497
5219999622023229222
5 7 0 2 -1  0.0797664
5220104077679436160
7 0 7 3 -1  -0.348678
5220260986314912763
7 2 5 4 -1  0.00969773
5220295136363962465
7 2 4 5 -1  0.9
5220322719667171087
6 2 6 0 -1  0.150095
5220329407913303941
7 1 5 0 -1  0.000129007
5220760646180797463
6 3 2 3 -1  -0.282429
5220801716964093928
1 0 1 2 -1  0.109419
5221040985449154638
5 4 6 3 -1  0.478297
5221144245339639299
5 0 4 1 -1  -0.0797664
5221188254932780871
6 4 5 6 -1  0.00872795
5221557033538204063
0 7 0 2 -1  -0.729
0 7 2 5 -1  -0.59049
5221578843184603582
6 5 5 6 -1  -0.0886293
5221712839250343422
7 1 7 2 -1  -0.0886293
5221768045054263195
5 3 5 0 -1  -0.0646108
5221864176107213066
6 2 4 2 -1  -0.038152
7 5 7 4 -1  0.00128585
5222087920585245231
6 5 5 5 -1  0.166772
5222516802079666272
2 2 3 0 -1  0.166772
5222553869461665411
5 1 5 2 -1  -0.0133028
5222607990028594767
5 4 5 6 -1  -0.0523347
5222628083593094900
7 5 7 4 -1  0.135085
5222681865892102431
7 0 6 0 -1  0.31381
5222693782219747136
4 3 3 2 -1  0.135085
5222916010269668659
7 6 6 6 -1  0.00572641
5222918217836128188
5 0 4 1 -1  -0.0309031
5223105805067055140
3 5 5 4 -1  0.0107753
5223152662743613710
5 4 3 5 -1  -1
5223199967234226480
3 5 2 6 -1  0.098477
5223292496019373167
6 7 4 7 -1  0.00706964
5223404729525971067
6 7 4 7 -1  -0.430467
5223553542092920681
7 3 5 3 -1  0.9
5223766077729869326
5 0 5 3 -1  0.00636268
5223924718649317688
7 5 7 4 -1  0.430467
5224236191984674090
1 2 4 5 -1  -0.0797664
5224359536540575407
6 2 5 2 -1  -0.430467
5224448404605016716
4 7 3 6 -1  0.166772
5224533831919538289
6 7 4 7 -1  0.9
5224958526680027335
7 1 5 2 -1  -0.00515377
5225271534563560748
7 4 0 4 -1  -0.81
5225389794942584626
4 6 3 4 -1  0.185302
5225679152488466306
6 3 4 2 -1  0.0886293
5225792821969137953
5 4 3 6 -1  0.430467
5226508671529145312
6 7 5 7 -1  -0.430467
5226634459324826137
7 4 6 3 -1  0.00515377
5226927407740470833
6 7 5 7 -1  0.282429
5227410813775671187
7 6 7 5 -1  0.729
5227519976771394624
5 6 4 6 -1  0.38742
5227555637049717903
1 5 1 3 -1  0.81
5227616752966405333
7 2 6 3 -1  0.0119725
5228113215693692113
6 6 5 5 -1  0.729
5228146154164845237
6 1 5 2 -1  0.0581497
5228322533765464929
4 2 6 4 -1  -0.59049
5228417783369158532
1 1 2 1 -1  0.729
5228591811295358797
2 4 3 3 -1  0.121577
5228739406346069096
4 4 5 5 -1  0.59049
5228742820181390015
7 4 6 5 -1  0.38742
5228849661616051969
7 0 7 2 -1  0.0278128
5228885202710426599
4 6 3 6 -1  -0.348678
5229029238784334858
6 4 4 4 -1  0.0570124
5229205210526994686
6 3 5 5 -1  0.150095
5229232865872844500
7 2 7 1 -1  0.0309031
5229316727531012985
6 5 6 6 -1  0.254186
5229417932149790075
4 3 6 4 -1  0.109419
5229811126212440673
5 5 4 4 -1  0.0717897
5229894112036391219
6 3 4 4 -1  -0.0147809
5229972032973788442
7 1 6 3 -1  0.00515377
5230132270137291245
5 6 4 5 -1  -0.729
5230156548121396411
5 5 4 4 -1  0.0581497
5230201425888093440
5 3 4 3 -1  0.0107753
5230241080833783521
6 5 5 5 -1  0.0037571
5230304728997753912
3 4 5 5 -1  -0.0646108
5230373967847208717
6 3 7 4 -1  -0.254186
5230513382571836436
1 4 3 4 -1  -0.0523347
5230526057468408452
7 2 5 2 -1  -0.228768
5230589312583054401
4 7 3 6 -1  0.729
5231017310211666727
6 2 2 2 -1  0.0202755
5231126475964501179
5 2 4 0 -1  0.0471013
7 5 7 4 -1  0.00572641
5231144057669220433
2 0 1 0 -1  0.0717897
5231225859452895057
5 7 4 6 -1  -0.38742
5231309792051006205
6 5 5 6 -1  0.109419
5231430635332501428
4 2 4 4 -1  -0.729
5231522578649387046
7 5 6 6 -1  -0.00304325
5231544824772806194
5 5 4 7 -1  -0.0717897
5232096639494528097
5 6 3 5 -1  0.098477
5232126416483207163
1 0 1 2 -1  -0.121577
5232350981495826857
5 4 4 3 -1  0.018248
5232477337645915285
5 4 6 3 -1  0.6561
5232546749392807378
3 0 3 6 -1  0.531441
5232631239977941909
5 2 4 0 -1  0.0423911
5232647575896110878
7 5 7 4 -1  0.098477
5232652790673645170
3 2 2 4 -1  -0.0202755
5232771407845765962
6 3 4 2 -1  0.282429
5232970940370639229
4 4 3 4 -1  -0.00969773
5233072932090404215
7 3 7 4 -1  0.0471013
5233075306002206074
7 7 6 7 -1  0.166772
5233132813770137377
7 3 6 4 -1  -0.0286317
5233169682023578785
6 2 6 3 -1  0.430467
5233254178399263908
6 1 7 1 -1  0.59049
5233315026155802705
5 0 6 1 -1  0.430467
5233390426592979720
6 4 3 7 -1  -0.00199668
5233400221272824184
6 0 5 0 -1  0.00572641
5233465719331432854
7 4 7 6 -1  -0.00417455
5233741784829234555
4 4 2 6 -1  -0.38742
5233917450407543991
4 2 3 3 -1  0.0343368
5233925844978516751
7 0 0 0 -1  -0.478297
5233949153533172146
3 0 3 4 -1  0.430467
5234166711693017102
6 1 5 2 -1  -0.0133028
5234330819500610720
1 2 1 0 -1  0.31381
5234336028004657092
6 1 5 1 -1  0.0107753
5234463037775272723
4 3 3 4 -1  -0.0646108
5234911330856634710
6 7 4 7 -1  0.81
5235077830178142295
7 6 6 4 -1  0.0617543
5235279816802270697
7 1 5 2 -1  -0.000696197
5235290019751249826
6 4 4 5 -1  -0.00463839
5235291536426401984
4 5 3 3 -1  0.0225284
5235337042683879092
2 1 1 1 -1  0.348678
5235394584874553264
6 6 5 7 -1  -0.0119725
5235525712072311030
6 5 7 4 -1  0.098477
5235641136612692103
4 4 3 3 -1  4.49819e-05
5235760632485248420
5 5 4 4 -1  -0.0523347
5235779334495415183
5 5 6 6 -1  -0.228768
5235807210281929936
4 2 3 3 -1  0.254186
5235870946731478496
7 5 2 5 -1  0.135085
5236003931755782307
6 3 7 5 -1  0.0107753
5236135625338382962
7 2 5 0 -1  -0.000859503
5236375006148756242
2 4 1 3 -1  -0.430467
5236545484657464959
4 2 4 1 -1  0.0343368
5236561779670951391
5 5 4 3 -1  0.00179701
5236574233872078613
2 0 1 1 -1  -0.9
5236601423645209986
7 3 0 3 -1  -0.31381
5236719187012636342
2 4 0 6 -1  -0.6561
5236733590092663362
1 4 0 6 -1  0.6561
5236766174770513063
4 2 3 2 -1  -0.31381
5237129490635425806
5 4 4 5 -1  0.282429
5237138843367698461
2 5 4 7 -1  0.00969773
5237141054989546211
5 3 6 5 -1  0.478297
5237278903424381248
3 0 2 0 -1  -0.0225284
5237340942832176350
5 5 4 4 -1  -0.018248
5237400871178641688
4 2 6 4 -1  0.038152
5237704500198938693
3 5 2 6 -1  0.121577
5237749388727894626
6 4 5 5 -1  -0.0147809
5238024048029609770
3 7 3 2 -1  -0.531441
5238062181159208899
5 5 5 4 -1  0.81
5238161922254658896
6 5 7 6 -1  0.38742
5238252598631539522
5 4 5 0 -1  0.0581497
5238466587574377013
3 4 3 5 -1  -0.0202755
5238511506434000211
6 3 4 3 -1  0.282429
5238594810768112539
1 7 0 7 -1  0.531441
5238728829889465067
7 4 6 2 -1  0.729
5238837720371737105
7 3 3 3 -1  0.0471013
5239062447534572404
7 5 7 3 -1  -0.000218474
5239162695475353325
6 3 5 3 -1  0.038152
5239387080055130245
4 2 3 1 -1  0.00199668
5239486019474204717
7 6 7 5 -1  0.0278128
5239548234389281574
6 5 5 4 -1  -0.0471013
5239669348268007989
6 1 7 0 -1  -0.0164232
5239759933560745886
6 4 6 3 -1  0.150095
5239934580930276158
6 6 7 5 -1  -0.098477
5240185864214932445
5 5 4 3 -1  -0.0343368
5240345078164905249
6 6 4 6 -1  -0.035403
7 2 6 1 -1  0.0797664
5240456043278901628
4 5 4 6 -1  0.430467
5240684562758270565
0 3 0 5 -1  0.0133028
5240839842184521554
6 7 7 6 -1  0.480954
5240990806752841580
6 3 5 3 -1  0.0250315
5241020153614945827
6 4 6 3 -1  0.228768
5241031866193304760
4 3 3 4 -1  0.31381
5241225947856912106
6 4 7 5 -1  0.098477
5241248298819426336
2 5 2 4 -1  0.0279673
5241491328628509062
5 1 4 0 -1  -0.00304325
5241541880950383033
3 6 3 7 -1  0.0107753
5241561277004235668
3 2 5 1 -1  -0.0523347
5241589266369602420
3 4 1 2 -1  0.59049
5241608359164719911
4 1 3 1 -1  -0.531441
5241691286973555440
7 2 7 4 -1  0.478297
5241940728618141331
6 3 4 2 -1  0.0343368
5242144323736706012
7 4 7 2 -1  -0.0523347
5242160378809916601
7 5 5 4 -1  0.0797664
5242276865338472850
1 1 1 2 -1  0.430467
5242540944578779635
6 5 6 4 -1  -0.228768
5242661074718778700
5 5 4 5 -1  -0.166772
5242774017594216197
7 3 7 4 -1  0.9
5243100367630544596
7 4 7 3 -1  -0.098477
5243654371624910618
6 5 5 5 -1  -0.121577
5243715775368027507
4 3 3 3 -1  -0.166772
5243772528514049832
6 4 4 3 -1  0.00273892
5243816860373850743
6 7 5 6 -1  0.531441
5244156747187256707
5 6 6 5 -1  0.0581497
5244294433572862520
7 0 7 2 -1  0.0646108
5244352390299345070
5 3 4 3 -1  -0.00515377
5244724862174652418
7 4 7 5 -1  0.0343368
5245096528810011727
4 0 5 0 -1  -0.018248
5245114706931724979
1 0 0 0 -1  0.430467
5245115548651895868
6 4 5 4 -1  -0.00199668
7 2 6 3 -1  0.0886293
5245456938429181186
5 3 5 6 -1  -0.0225284
5245589779072118563
7 3 6 3 -1  -0.0646108
5245625315227301637
7 6 6 6 -1  -0.0225284
5245625513775094913
3 5 4 4 -1  0.81
5245853144318272254
7 3 4 3 -1  0.121577
5245856081294536597
7 4 7 2 -1  0.81
5245931938865912601
7 2 4 2 -1  0.38742
5246111444542146139
5 4 5 3 -1  0.135085
5246115686194542919
5 2 4 3 -1  0.478297
5246218399857287065
1 6 1 7 -1  -0.135085
5246368339435149113
5 4 4 4 -1  -0.0797664
5246387509957431028
7 4 7 6 -1  -0.00636268
5246541790566703431
5 5 3 4 -1  -0.150095
5246584915816153893
4 4 5 2 -1  0.0471013
5246636211006730049
6 7 5 7 -1  0.0471013
5246652648794857420
7 3 7 4 -1  0.150095
5246704546215014393
3 4 4 2 -1  -0.59049
3 4 4 6 -1  -0.729
5246755897903254575
7 3 5 4 -1  -0.254186
5246767547739782334
5 1 7 1 -1  0.531441
5246805031313685384
6 2 5 2 -1  -0.729
5246838873265389829
1 0 1 4 -1  -0.81
5246893961052367945
5 2 5 5 -1  0.38742
5247055031420957767
7 1 6 3 -1  -0.0147809
5247239046200031861
6 6 5 6 -1  0.00785516
7 2 6 3 -1  0.0202755
7 5 6 4 -1  -0.00254157
5247432280523303863
4 2 3 3 -1  -0.135085
5247493220436086713
6 3 5 3 -1  -0.0646108
5248047718327510291
7 6 4 6 -1  0.6561
5248100897667155105
6 4 4 6 -1  -0.348678
5248135756897559731
6 0 4 0 -1  0.166772
5248142655513262466
4 1 3 1 -1  -0.0202755
5248155565511964806
6 6 5 5 -1  -0.166772
5248169612626024085
6 4 1 4 -1  0.109419
5248243590550399737
5 2 4 3 -1  -0.185302
5248247765264167212
5 3 6 4 -1  0.205891
5248319254159227376
6 1 5 2 -1  -0.018248
5248520235952521829
6 5 2 5 -1  -0.0646108
5248522589878270648
4 5 3 3 -1  0.531441
5248983265220715791
6 4 3 1 -1  0.0797664
5249029000485873923
0 1 0 3 -1  -0.31381
5249163090414929812
4 5 4 3 -1  0.0886293
5249179923694201993
4 2 7 5 -1  0.9
5249304241493176088
6 2 4 4 -1  0.282429
5249435883151489098
6 6 5 6 -1  -0.0164232
5249640553324804330
5 5 6 7 -1  0.478297
5249669582258475689
7 5 7 4 -1  0.00161731
5249757376860682059
1 5 3 3 -1  0.228768
5249851037810178241
7 1 5 2 -1  0.0250315
5250102253377212010
6 5 5 4 -1  0.729
5250322295404344138
4 3 3 4 -1  -0.430467
5250630802606936869
5 3 4 3 -1  0.00572641
5250656029624107921
6 0 6 1 -1  0.430467
5251089498409431362
6 0 6 5 -1  0.531441
5251096081121699767
4 3 3 2 -1  -0.00515377
5251140615542270069
1 2 0 2 -1  0.38742
5251248374965297661
5 6 4 6 -1  -0.282429
5251249455262929478
6 6 5 6 -1  0.0523347
5251261204588046908
3 4 5 3 -1  0.109419
5251484886730099697
7 7 7 3 -1  0.6561
5251539214959126805
6 5 5 5 -1  0.6561
5252166919436782863
7 4 5 2 -1  0.254186
5252328775704547515
7 1 5 0 -1  0.150095
5252592721823493024
7 4 7 5 -1  0.0278128
5253083013130053107
5 2 4 2 -1  0.0581497
7 4 7 6 -1  0.0581497
5253234522187986528
6 7 6 6 -1  -0.9
5253504648287451988
4 4 3 4 -1  0.430467
5253561471777689649
4 3 2 4 -1  -0.109419
5253613355188751465
5 7 4 6 -1  0.729
5253996915717893285
7 5 5 5 -1  -0.9
5254047042051377957
4 1 3 1 -1  0.0423911
5254120536572506504
5 2 4 2 -1  -0.430467
5254316454983992590
7 7 7 6 -1  -0.0886293
5254496125643311790
6 0 4 1 -1  -1
5254543945570573790
4 0 5 1 -1  0.205891
5254921498596522135
7 3 6 3 -1  0.9
5254936827450831377
6 0 5 0 -1  0.150095
5254977074455737328
6 2 5 2 -1  0.0164232
5255050278890028078
3 6 4 7 -1  0.38742
5255184953572691842
4 3 3 3 -1  0.00463839
5255204616606148160
7 1 6 3 -1  0.0107753
5255220814605875190
1 4 1 7 -1  -0.729
5255268463551076765
4 1 3 1 -1  -0.228768
5255308466044606411
6 5 5 5 -1  0.348678
5255320555712236836
6 3 4 5 -1  0.00706964
5255363846126093224
1 1 3 3 -1  0.205891
5255371089894756900
3 7 4 6 -1  0.0343368
5255444069176187539
2 3 1 4 -1  -0.0523347
5255575568109245041
5 6 2 6 -1  0.59049
5255604248765325487
7 2 6 2 -1  -0.121577
5255623096723539998
6 7 5 7 -1  -0.0107753
5255755854437201171
7 5 5 4 -1  -0.166772
5255774952540135885
4 2 4 4 -1  -0.9
5255965742513080259
7 5 6 4 -1  0.282429
5256591495033854768
4 5 5 4 -1  -0.205891
5256841372637749191
4 7 5 5 -1  0.0423911
5256929047103804815
6 5 4 5 -1  0.0107753
5257013419856858441
5 1 6 3 -1  -0.0797664
5257212999262393896
0 7 0 4 -1  0.9
5257265518378237742
7 5 6 4 -1  0.00463839
5257281162386451412
6 7 5 7 -1  0.00246503
5257328570102368110
3 6 5 5 -1  0.0471013
5257347833448557016
6 3 5 4 -1  0.0423911
5257691391809624944
7 4 6 3 -1  0.9
5257762377801618547
6 1 5 1 -1  -0.0523347
5257973428107815451
7 3 6 2 -1  0.0278128
5258184755072012104
4 0 4 7 -1  0.0646108
5258373996397702049
4 5 1 2 -1  0.38742
5258795859223492317
7 3 7 0 -1  0.135085
5258805568897871836
4 3 3 3 -1  -0.254186
5259207414195600837
3 6 2 7 -1  -0.0225284
5259260596552411138
6 3 6 4 -1  -0.729
5259266603096128669
7 4 2 4 -1  0.00636268
5259276492851019664
6 7 4 7 -1  -0.254186
5259505252726967715
7 3 5 3 -1  0.0886293
5259974057740674602
7 0 0 0 -1  -0.31381
5260006009918235724
5 5 4 7 -1  -0.00223085
5260158374957029517
7 5 6 4 -1  0.00785516
5260195495685484372
7 3 3 3 -1  -0.31381
5260277485579398315
4 2 3 2 -1  -0.9
5260323998111619193
4 6 5 6 -1  -0.531441
5260326722229691704
7 3 3 3 -1  -0.166772
5260412113135462177
7 2 3 2 -1  -0.282429
5260699588861451828
3 1 6 1 -1  0.531441
5260722600696507861
7 4 7 3 -1  0.0147809
5260747307449245196
5 3 3 2 -1  0.038152
5260817340181720413
3 3 1 5 -1  -0.282429
5261272360123262270
5 5 3 3 -1  -0.478297
5261349007858266276
7 0 7 2 -1  0.59049
5261476892971781025
6 6 6 5 -1  0.6561
5261513207541989854
0 4 3 1 -1  -0.59049
5261724529464273387
7 0 7 1 -1  0.0225284
5261905656558570840
1 5 3 3 -1  -0.109419
5261917551992361470
4 2 3 2 -1  0.531441
5261954622741933440
4 3 5 2 -1  0.0225284
5262091719741273447
7 0 7 1 -1  0.531441
5262200605202677735
4 1 3 0 -1  0.098477
5262247607650282025
6 3 7 2 -1  0.00706964
5262600408857975221
3 5 6 2 -1  0.9
5262879074293416460
7 0 6 0 -1  0.38742
5263019229968459776
7 2 7 3 -1  0.098477
5263091876091519438
7 6 6 5 -1  -0.0717897
5263238941007599580
4 5 6 3 -1  0.0250315
5263362221360265883
6 4 6 7 -1  -0.282429
5263628386360068224
7 1 6 3 -1  0.0717897
5263766848505667545
0 3 0 2 -1  -0.81
5263902853498872069
5 3 5 4 -1  0.729
5263964580610536425
6 3 5 5 -1  0.185302
5263978281347156491
7 6 6 5 -1  0.0717897
5264074682335396207
3 4 5 5 -1  0.00221853
5264090936626822661
4 1 6 3 -1  0.150095
5264224771791462758
5 5 4 3 -1  0.348678
5264379905516591995
4 3 5 5 -1  -0.729
5264466313474272806
5 0 6 0 -1  0.81
5264526128505896771
7 4 7 6 -1  0.00273892
5264796399032337678
6 6 5 6 -1  0.282429
5264995774382813084
5 1 6 1 -1  0.430467
5264997538358254644
6 2 5 2 -1  0.38742
5265077553777012516
7 5 6 6 -1  0.81
5265866422449992779
7 0 7 1 -1  0.121577
5266128879819077536
5 5 5 4 -1  0.9
5266489871648956432
2 2 0 4 -1  0.348678
5266583582344160180
7 4 6 4 -1  1.74269e-05
5267295265382796719
7 2 6 1 -1  0.0717897
5267393220166396968
3 3 1 5 -1  0.430467
5267465477350042620
6 0 5 0 -1  0.00338139
6 2 4 2 -1  -0.00404021
6 3 5 1 -1  -0.0250315
5267860219895467531
7 4 3 4 -1  0.185302
5267988931172414661
2 3 0 5 -1  -0.282429
5268345069235284889
5 5 6 4 -1  0.0717897
5268464005776877156
7 0 7 2 -1  0.038152
5268484621607763204
5 7 4 7 -1  0.478297
5268872595767244708
6 5 5 5 -1  -0.81
5269215119236374149
6 4 6 2 -1  0.0886293
5269346721750381048
4 3 2 4 -1  -1
5269447035786245850
5 1 5 3 -1  -0.282429
5269578009718466572
5 0 6 0 -1  -0.0886293
5269734888567608627
4 2 3 3 -1  -0.0797664
5269737048816211908
6 1 5 1 -1  -0.0101199
6 2 4 2 -1  0.00698426
6 2 5 2 -1  0.0341405
6 4 5 4 -1  0.00631714
6 6 5 6 -1  0.0128418
5269893229573560008
5 5 3 4 -1  0.0523347
5269908609794469213
6 0 6 4 -1  0.282429
5270106536003634623
7 1 6 3 -1  -0.0581497
5270280840237204918
4 6 3 6 -1  -0.9
5270327248223084713
5 4 6 3 -1  0.6561
5270711633618811771
4 2 5 1 -1  -0.121577
5270736941116811536
6 5 5 4 -1  -0.478297
5270767404356799600
5 5 6 4 -1  0.0523347
5270876018301000324
7 2 7 1 -1  0.348678
5271101130942718510
5 0 6 2 -1  0.0797664
5271115565208703697
7 4 7 3 -1  0.9
5271156470805384337
3 4 4 3 -1  0.0202755
5271477266957136804
6 3 4 2 -1  0.0471013
5271481701974959491
7 3 7 4 -1  0.0147809
5271668048550550412
6 5 5 5 -1  -0.098477
5271715464936180013
6 1 4 1 -1  0.0581497
5272090547506144949
7 2 6 1 -1  0.0717897
5272172356959790275
7 4 7 6 -1  -0.00463839
5272348269421326050
6 7 5 7 -1  0.00199668
5272355363115294694
6 3 4 3 -1  -0.0646108
5272391604294920726
7 2 7 3 -1  -0.9
5272458005815297668
6 0 6 2 -1  0.348678
5272466107024024833
2 4 0 4 -1  -0.00636268
5272787925395125008
4 4 2 5 -1  0.121577
5272846304294427895
7 0 7 2 -1  -0.205891
5272986756948140130
5 2 4 2 -1  -0.0225284
5273072031665028214
2 6 3 5 -1  -0.135085
5273280047557690040
6 5 4 5 -1  -0.430467
5273543968010803953
7 2 6 3 -1  0.00572641
5273570318161157929
5 6 5 7 -1  0.166772
5273573079930031449
6 5 5 5 -1  0.135085
5273705171359089589
4 5 4 4 -1  0.531441
5273836313068218137
7 2 6 1 -1  0.166772
5273911340886749642
6 5 5 5 -1  -0.00338139
5273990757684050941
7 3 7 6 -1  -0.0717897
5274179967880741132
6 2 6 1 -1  0.282429
5274331014758201052
2 0 7 0 -1  -0.478297
5274384121431664270
7 1 7 4 -1  0.0423911
5274478299638897291
7 3 4 3 -1  0.0119725
5274820879922089180
3 4 4 5 -1  0.729
5274860654484238340
3 5 4 4 -1  -1
5274916195401844357
5 6 4 6 -1  0.0646108
5274949495809331822
6 6 5 6 -1  0.38742
5275233207108892733
7 1 6 3 -1  -0.000479636
5275243968480374500
7 2 7 5 -1  0.0581497
5275251781063978882
4 2 7 5 -1  0.205891
5275315170386885389
5 7 4 7 -1  -0.0797664
5275388537795278723
6 5 7 5 -1  0.31381
5275913454640496135
6 3 5 1 -1  0.0147809
5275977440655813752
6 0 5 0 -1  -0.0278128
5276089644751470070
6 7 5 7 -1  -0.0646108
5276313297394789022
5 0 6 2 -1  0.0523347
5276501963066677270
2 2 3 3 -1  0.348678
5276516298320913762
5 5 6 4 -1  0.166772
5276522056118375495
7 2 7 3 -1  0.81
5276601783954556063
7 5 4 2 -1  0.228768
5276890093778256767
5 3 3 1 -1  -0.00273892
5276980674321118469
7 1 5 1 -1  0.59049
5277082948508491356
7 3 6 2 -1  0.000104495
5277239539139293773
1 2 3 1 -1  0.31381
5277479086503837186
5 5 7 4 -1  -0.0581497
5277479613987055180
5 4 4 4 -1  0.0581497
5277772532533225279
7 5 6 6 -1  -0.282429
5277976952301748630
4 6 2 5 -1  -0.0309031
5278026304990798601
7 3 6 4 -1  -0.00706964
5278080531720638099
2 7 1 7 -1  -0.81
5278390953420610755
5 4 7 2 -1  0.0119725
5278638672976202136
6 5 5 4 -1  0.729
5278669580656122873
6 7 5 7 -1  -0.0119725
5278679422552492390
4 7 3 7 -1  0.282429
5278684920874897304
6 2 7 2 -1  -0.109419
5278762467289538916
7 5 3 1 -1  0.0037571
5279040312258514912
3 0 2 0 -1  -0.282429
5279188006563190384
4 5 3 6 -1  -0.166772
5279511266843091383
6 5 4 5 -1  0.00636268
5279972716152870770
4 2 3 2 -1  0.31381
5280144940461695018
4 7 5 6 -1  0.38742
5280469486955051979
5 4 3 2 -1  0.0471013
5280523438469195888
2 5 0 7 -1  -0.478297
5280557508807062998
7 4 6 2 -1  0.098477
5280642248873160861
7 2 5 4 -1  0.00515377
5280688304625110985
6 5 5 5 -1  0.0278128
5280709099144200752
0 7 4 3 -1  -0.38742
5280754513920451665
3 3 4 4 -1  -0.00515377
5280811579734153762
6 5 5 4 -1  0.109419
5280976123353094581
6 5 5 4 -1  0.282429
5281038296055037215
6 1 4 1 -1  0.0886293
5281482213033560138
4 3 3 3 -1  -0.109419
5281607546140207130
6 2 4 1 -1  -0.0133028
5281641688829077045
7 4 7 0 -1  -0.121577
5281811126790575890
7 4 3 4 -1  0.38742
5281879144452151866
4 6 2 5 -1  0.348678
5282001100877427737
7 6 7 5 -1  0.0309031
5282001252385017316
5 5 4 5 -1  0.31381
5282123173262598814
3 7 4 7 -1  0.729
5282206195040536720
4 5 5 5 -1  -0.531441
5282214948171569560
1 1 4 1 -1  -0.135085
5282223576959303659
4 3 3 3 -1  0.0886293
5282261407329542048
7 6 6 7 -1  0.531441
5282275403786397043
0 1 2 1 -1  -0.59049
5282587373727705805
6 1 5 2 -1  0.0133028
5282614673202673246
5 5 4 6 -1  0.59049
5282646832834020409
7 4 4 4 -1  0.00969773
5282712806682867960
0 3 1 4 -1  -0.254186
5282895583650458429
7 2 7 7 -1  0.00706964
5283115184657189719
7 6 7 7 -1  0.135085
5283147857121005168
6 3 5 1 -1  0.81
5283265779027128090
6 7 5 7 -1  0.00706964
5283426280866817485
5 4 6 3 -1  -0.166772
5283585357083107943
5 4 6 4 -1  -0.531441
5283666070445833451
6 3 5 1 -1  0.0797664
5283965201463731626
6 6 4 4 -1  -0.0202755
5284177836895693619
7 5 7 2 -1  0.282429
5284249696013372138
0 1 1 2 -1  0.166772
5284439462687152740
4 6 5 7 -1  0.205891
5284789964080707137
5 5 4 4 -1  0.109419
5284813247862889630
6 1 4 1 -1  -0.38742
5285448466581398460
7 5 7 4 -1  -0.185302
5285451780532620190
7 0 5 1 -1  0.166772
5285821430255491593
3 2 5 2 -1  0.0717897
5285913608781488763
6 7 5 7 -1  0.9
5286018256794533331
5 5 6 3 -1  0.59049
5286153677496385515
3 3 2 3 -1  -0.531441
5286312702202165927
5 2 3 1 -1  0.166772
5286420395284027577
7 5 5 3 -1  0.038152
5286434908493741488
4 0 7 3 -1  0.00872795
5286615768765709745
6 5 5 5 -1  0.0797664
5286773321377545131
4 6 3 6 -1  0.59049
5286884478643322648
6 7 5 7 -1  -0.228768
5287018397182887796
5 0 4 0 -1  0.018248
5287115500729254944
4 2 5 1 -1  2.15147e-05
5287150853770823965
6 5 4 5 -1  0.0646108
5287236114132325462
5 1 3 0 -1  0.135085
5287289844991129738
7 4 0 4 -1  0.000159268
5287717194800260707
5 4 4 3 -1  0.150095
5287748621380779878
6 5 5 6 -1  0.348678
5287793718731239037
7 3 6 3 -1  -0.254186
5287877910857980497
6 3 6 4 -1  0.150095
5287921837239060820
5 2 1 6 -1  0.0646108
5288158372466707404
4 2 3 3 -1  0.00572641
5288221581798541028
7 1 6 2 -1  0.0423911
5288230184957368427
3 3 4 4 -1  -0.531441
5288283819290338448
5 4 4 4 -1  0.81
5288305467227861487
4 2 3 4 -1  0.729
5288306150273368498
6 1 5 1 -1  0.121577
5288710262838019550
4 5 1 2 -1  -0.0717897
5288832417494895992
7 1 5 2 -1  -0.00056392
5288895760724855781
5 4 4 4 -1  0.0471013
5288896184914454893
4 0 3 0 -1  -0.478297
5288909791321302913
5 5 3 6 -1  -0.0797664
5288971634495573880
6 4 5 4 -1  -0.000332989
5289002345873857872
3 2 2 1 -1  0.9
5289208477995388800
3 2 0 2 -1  -0.81
5289476120852386092
5 5 3 4 -1  0.185302
5289573872523467407
3 2 1 3 -1  -0.254186
5289870755375126258
6 5 6 4 -1  -0.121577
5289877424109874743
6 3 5 2 -1  -0.6561
5290332416250764401
5 2 3 3 -1  0.166772
5290523204280793717
4 0 7 0 -1  0.00515377
5290939577913608683
5 5 4 3 -1  0.121577
5291114434708827594
6 2 7 4 -1  0.282429
5291123073916123332
7 0 7 2 -1  -0.478297
5291192703989064427
7 7 6 7 -1  0.531441
5291296526621753258
5 0 4 0 -1  0.185302
5291339465533409776
7 3 6 2 -1  0.0423911
5291346930437465725
7 3 6 4 -1  0.6561
5291814493308075579
6 2 4 2 -1  0.254186
5291887357745458956
1 1 1 5 -1  0.135085
5292019461780181291
3 4 1 4 -1  -0.81
5292320734290478205
5 1 6 1 -1  0.0119725
5292365677871866055
1 7 1 5 -1  -0.185302
5292369512708233199
1 0 0 0 -1  0.31381
5292603608268085375
7 5 5 5 -1  -0.31381
5292615829291895724
7 0 7 1 -1  0.0119725
5292654405045774785
7 4 3 0 -1  -0.0797664
5292703874036217765
7 1 6 3 -1  -0.205891
5293046556105730759
7 2 6 1 -1  0.0423911
5293071599939148278
5 1 4 1 -1  0.729
5293661350296307049
7 4 0 4 -1  -0.531441
5293967770557502326
4 7 2 5 -1  0.478297
5294095735280423680
6 5 7 6 -1  0.348678
5294125963252440744
7 6 6 4 -1  -0.135085
5294499231166925843
6 4 7 5 -1  0.9
5294506495975400643
7 6 7 5 -1  0.31381
5294571797071312759
4 5 6 3 -1  0.166772
5294685969287795692
6 0 4 0 -1  0.109419
5294732657047286973
3 2 2 1 -1  0.0471013
5294777755888098464
4 1 3 0 -1  -0.0646108
5295030300934619134
5 5 4 5 -1  0.121577
5295413726686712409
5 4 3 4 -1  -0.00785516
5296078003634270787
6 0 5 0 -1  0.109419
5296207671917862308
7 4 5 6 -1  0.0202755
5296320113392481576
3 6 2 4 -1  0.228768
5296477453716384968
4 2 2 0 -1  -0.31381
5296856477916854947
3 1 4 2 -1  0.0163467
6 0 4 0 -1  0.00304325
5297319948047652586
5 0 4 0 -1  0.205891
5297384041184803953
3 2 2 2 -1  -0.430467
5297549800666256408
7 2 0 2 -1  0.150095
5297566347940624001
3 2 1 2 -1  0.729
5297743789256412388
5 5 5 3 -1  0.205891
5297746302109379412
4 5 4 3 -1  -0.205891
5297800359508063637
4 4 5 6 -1  0.0309031
5297836524893554566
4 7 3 5 -1  0.109419
5297849768600933494
7 3 7 0 -1  0.00969773
5298062308407290671
2 0 1 0 -1  -0.348678
5298178909139708777
6 0 6 5 -1  0.282429
5298183103710647050
6 1 4 1 -1  -0.0646108
5298234500405631439
6 2 0 2 -1  0.38742
5298274189601505725
7 4 4 4 -1  0.254186
5298330480477534371
7 1 7 5 -1  0.0646108
5298479705716787656
6 6 7 6 -1  0.59049
5299122358459201870
7 5 6 6 -1  -0.0366694
5299156167564613243
6 4 5 5 -1  -0.185302
5299553932531213275
7 4 7 5 -1  0.430467
5299648552313704353
6 3 5 1 -1  -0.0471013
5299853417528125753
6 1 3 4 -1  0.0202755
5299904742078344274
5 1 4 2 -1  0.205891
5299943891586572083
2 6 0 5 -1  0.0309031
5300239575508506637
4 4 5 2 -1  -0.282429
5300379715911157577
7 2 4 5 -1  -0.185302
5300412529039365382
7 6 6 6 -1  -0.6561
5300529405370888502
6 1 4 3 -1  -0.228768
5300786148104514534
5 4 6 3 -1  0.31381
5300871786677407940
6 4 4 2 -1  0.729
5300943377806202728
5 0 4 2 -1  0.254186
5301529531366218255
7 5 6 3 -1  0.0717897
5301572270834902961
6 3 6 4 -1  0.0797664
5301573174350815964
4 2 3 2 -1  0.150095
5301846585568449556
7 1 5 0 -1  0.00106111
5301993598512092073
7 6 7 3 -1  -0.0147809
5302022735457494991
5 3 6 3 -1  -0.00179701
5302118816455651426
7 6 7 7 -1  0.0581497
5302311831237236995
1 2 3 3 -1  0.0133028
5302544026097727397
6 4 5 3 -1  0.109419
5302636081089555928
6 4 6 2 -1  0.430467
5302930972250104700
3 6 4 5 -1  0.0164232
5302945136572466931
1 3 3 3 -1  -0.478297
5302974206304339061
7 6 5 6 -1  -0.000269721
5303005660200626069
7 4 5 5 -1  0.0037571
5303058162148074342
7 4 5 6 -1  -0.6561
5303364865733259893
4 7 3 7 -1  0.9
5303392229911207532
6 2 6 3 -1  0.6561
5303395108207792893
6 7 4 7 -1  -0.00706964
5303626314668145109
4 5 6 5 -1  0.150095
5303747209842889712
6 1 5 1 -1  -0.430467
5304820449226622106
7 6 6 7 -1  0.81
5304874242793898685
7 5 7 4 -1  0.018248
5304930820729728610
5 0 7 0 -1  0.59049
5304979187568388630
7 3 7 2 -1  0.121577
5305311092352690608
7 3 4 6 -1  0.166772
5305382620572857536
2 1 2 7 -1  0.531441
5305386118304628106
6 4 5 6 -1  -0.0164232
5305392365501644138
4 2 2 4 -1  -0.135085
5305673099940356650
4 4 3 5 -1  -0.729
5305678915702533728
6 6 7 5 -1  -0.0646108
5305756357536991321
7 5 6 4 -1  0.166772
5305759146713171193
7 7 7 6 -1  0.430467
5305986687880818732
2 4 1 4 -1  -0.59049
5306107463472748790
5 5 3 4 -1  0.098477
5306304874967570250
7 5 5 7 -1  -0.121577
5307262582877240439
3 1 2 1 -1  -0.478297
5307486664265626901
6 6 4 6 -1  0.254186
5307550215373255910
7 3 4 3 -1  -0.0164232
5307828630643432531
2 5 3 4 -1  -0.81
5307911108423511774
3 6 2 7 -1  -0.0646108
5308199476623029742
6 3 7 1 -1  0.0717897
5308215216196911179
6 0 5 0 -1  0.0471013
5308427348245770794
3 1 5 3 -1  0.166772
5308448703029741796
3 1 2 2 -1  0.00572641
5308484723529265550
7 4 3 4 -1  0.0886293
5308876221538689745
7 6 6 6 -1  -0.150095
5309482977870757885
6 4 5 5 -1  0.38742
5309755405975971523
5 1 4 1 -1  0.430467
5310018920249330533
6 5 5 6 -1  -0.254186
5310041182520222196
4 1 5 3 -1  0.38742
5310143465259146096
4 7 3 7 -1  0.0133028
5310479119144998495
6 3 4 2 -1  0.0471013
5310528919753274144
2 5 1 6 -1  -0.9
5310596403865884919
5 4 4 3 -1  -0.038152
5310637570719423990
6 0 5 0 -1  0.0581497
5310755735608504615
5 4 4 4 -1  0.109419
5310817583207727229
2 6 1 6 -1  -0.9
5311106470582473891
5 4 5 3 -1  0.729
5311709418661819668
6 6 5 7 -1  0.38742
5311792499032735570
7 6 6 6 -1  0.0523347
5311891343706582771
6 0 5 0 -1  0.0202755
5312021729845052720
7 5 6 6 -1  0.0717897
5312123596325261151
5 4 4 5 -1  0.348678
5312246127067201481
0 3 0 2 -1  0.729
5312251618359373455
6 3 4 4 -1  -0.00304325
5312650569823554814
5 0 4 0 -1  -0.430467
5313046904566244393
6 7 4 7 -1  0.0133028
5313047685740639722
3 1 2 0 -1  0.531441
5313090562903425824
4 3 5 3 -1  0.0471013
5313227927701387622
7 7 5 7 -1  -0.0225284
5313296731352687469
6 7 5 7 -1  0.185302
5313348976305231064
3 3 5 3 -1  0.109419
5313433634526712773
7 3 6 2 -1  -0.00056392
5313577600036061315
5 2 4 0 -1  0.038152
5313665118696839889
7 3 0 3 -1  0.0384718
5313745629583085625
4 5 3 4 -1  -0.0309031
5313976573595077502
6 4 7 5 -1  0.0423911
5314031674917566604
7 2 6 1 -1  0.0128123
5314059923890438115
1 5 1 3 -1  0.9
5314090526297000425
6 2 6 3 -1  -0.0886293
5314351872418929888
5 2 6 3 -1  0.531441
5314383315806697847
1 3 2 4 -1  0.0250315
5314568727368794056
3 1 4 2 -1  -0.0646108
5314610799806644547
6 6 5 6 -1  0.38742
5314738458072149799
5 5 6 5 -1  0.0133028
5315048094775837475
1 0 1 3 -1  0.00417455
5315221696321295620
3 2 5 4 -1  0.0471013
5315232582564713310
7 4 7 6 -1  0.185302
5315737229296259570
6 2 5 3 -1  0.729
5316323603190981115
5 1 3 1 -1  -0.282429
5316391385582005949
5 3 5 7 -1  0.0119725
5316531210179299614
2 5 2 6 -1  -0.135085
5316622792116175348
7 2 5 2 -1  0.0797664
5316631882775663550
6 4 7 3 -1  -0.59049
5316672033031927863
3 3 4 1 -1  0.0717897
5316792646505027494
5 5 4 7 -1  0.00515377
5316948189661064852
6 6 7 5 -1  0.9
5317192672833353873
3 4 1 4 -1  -0.38742
5317354231232325611
4 2 3 3 -1  -0.00969773
5317489895848935215
5 0 4 0 -1  0.000456775
5317503505471959739
6 7 5 7 -1  -0.254186
5317531270376636319
5 6 6 5 -1  0.9
5317570157449388654
7 1 7 0 -1  -0.205891
5317658500082378918
6 1 4 3 -1  0.531441
5317911271636461271
4 5 3 4 -1  0.0423911
5318034567754107951
6 6 7 5 -1  0.430467
5318125612874187352
3 6 2 4 -1  -0.0225284
5318199586019067076
7 4 3 4 -1  0.38742
5318360221198818708
4 2 6 3 -1  0.0278128
5318382341043787145
6 4 5 2 -1  0.430467
5318517202739341518
7 3 5 1 -1  0.205891
5318561912112188517
3 4 6 4 -1  0.0471013
5318625164314886895
6 0 5 0 -1  0.0133028
5318714683100178751
1 0 1 1 -1  0.729
5318762251282124755
7 6 7 7 -1  -0.0717897
5318882265011019069
4 2 6 0 -1  -0.00463839
5318939587554592078
4 5 3 3 -1  -0.038152
5319334639519126933
4 0 3 0 -1  0.255599
5319344822293868067
6 2 5 2 -1  -0.0886293
5319837088365249308
6 3 5 1 -1  0.38742
5319840637462557799
3 1 2 3 -1  -0.282429
5320309937062224879
6 7 5 7 -1  0.038152
5320392225194272004
6 4 5 2 -1  0.430467
5320512862395775276
5 6 4 6 -1  0.38742
5320524701786769633
5 0 4 1 -1  0.0225284
5320559374112883838
7 0 7 3 -1  0.0250315
5320567054099109835
5 5 7 4 -1  0.150095
5320625067152338742
5 3 3 1 -1  -0.0646108
5321015970938338029
6 1 6 2 -1  0.430467
5321057664235214828
5 4 6 5 -1  0.478297
5321176069202845620
4 4 3 6 -1  0.348678
5321256511189603980
5 3 4 4 -1  0.185302
5321514477068008791
6 3 5 1 -1  0.0278128
5321681905833329046
5 5 4 3 -1  -0.0202755
5321785009277399857
5 5 4 3 -1  -0.0147809
5322005713911011068
5 0 4 1 -1  -0.109419
