548612270870959231
7 6 6 6 -1  -0.205891
548616747553596234
7 2 1 2 -1  0.166772
548644744624114510
5 4 4 4 -1  0.0581497
548879026366701208
6 4 5 3 -1  0.0646108
548929992525486895
2 7 1 7 -1  0.228768
548992103691844022
7 4 1 4 -1  -0.6561
549260866343649463
3 2 2 2 -1  -0.9
549284570668377108
6 4 6 6 -1  0.38742
549294623370828936
5 1 4 2 -1  -0.0225284
549479605983581880
7 5 7 1 -1  0.135085
549547432512064554
6 6 4 6 -1  -0.0581497
549565531847669405
4 0 0 0 -1  -0.9
549895072240020577
3 4 4 6 -1  0.0225284
550042926278583763
6 3 5 3 -1  0.81
550366092392479944
7 7 6 6 -1  -0.0523347
550457009627240068
0 3 0 2 -1  0.478297
550468667230272279
5 2 3 3 -1  0.282429
551050667450378178
1 3 3 2 -1  -0.6561
551360720936516605
4 2 5 1 -1  -0.205891
551435924424625650
3 1 3 4 -1  -0.0523347
551460345333196414
4 0 3 0 -1  -0.0523347
551979608489856558
7 0 7 1 -1  -0.0886293
552123294251209863
7 6 6 6 -1  -0.9
552209763121341680
7 2 5 0 -1  0.0278128
552227267197051324
5 2 6 3 -1  0.205891
552260909094196787
4 0 1 0 -1  0.121577
552488079094714609
7 1 6 2 -1  0.254186
552521756741192400
6 3 5 4 -1  0.254186
552565474608968159
6 1 4 1 -1  0.0646108
552962505101362210
5 2 4 3 -1  0.6561
553083659572063883
7 6 7 5 -1  0.0147809
553390084078057117
6 6 1 1 -1  -0.0581497
554220090087423910
4 3 2 4 -1  0.0717897
554582753246868951
7 0 7 4 -1  0.31381
554672645804518383
6 2 4 1 -1  0.00161731
555116587510831830
6 3 4 1 -1  0.0278128
555294866975995326
7 2 6 2 -1  0.282429
555382569931520571
4 6 4 4 -1  0.81
555536291672224322
7 3 6 3 -1  0.0717897
555718386555505350
3 0 2 0 -1  0.9
556046645902383637
3 3 2 3 -1  -0.00131002
556257196291970807
7 1 6 1 -1  -0.0119725
556272557181256455
4 5 3 4 -1  0.531441
556482672167653952
6 6 7 7 -1  0.166772
556484228958930879
3 3 2 2 -1  0.38742
556741325736148164
7 6 5 5 -1  0.185302
556873970015304039
7 3 4 0 -1  -0.0119725
556967809879223868
7 5 7 4 -1  0.430467
557024531833939817
7 3 6 4 -1  0.00515377
557244565121976913
3 4 2 4 -1  -0.478297
557288777100218840
7 6 6 5 -1  -0.166772
557512091284623376
7 3 7 4 -1  -0.0255595
557655901138097865
6 2 4 2 -1  -0.0717897
557742146637319746
5 4 5 3 -1  -0.38742
557873605448657499
7 3 7 0 -1  0.0278128
557887236921373307
7 2 6 3 -1  -0.038152
557943481863952476
6 5 5 5 -1  0.81
558211210305786383
6 6 5 6 -1  0.205891
558220946290180476
7 3 6 4 -1  0.31381
558313092108313764
6 1 4 1 -1  0.254186
558445036394096329
6 7 4 7 -1  0.0423911
558548691762152879
6 4 5 3 -1  0.0278128
558571972183248615
4 5 3 7 -1  0.0147809
558753618313798477
4 2 3 2 -1  0.31381
558849886112741829
2 0 5 3 -1  -0.0343368
558962366172699709
5 1 3 3 -1  0.00515377
559170889827463706
6 7 4 7 -1  0.531441
559341961509954425
6 1 7 3 -1  0.6561
559451631182432620
7 7 7 3 -1  0.81
559706504627194334
7 6 6 6 -1  -0.729
559736104487354492
0 4 1 5 -1  -0.81
559796455434322383
6 0 4 0 -1  0.0278128
6 2 4 2 -1  0.018248
560019852921945698
3 4 1 3 -1  -0.205891
560043130413146967
5 1 7 3 -1  -0.166772
560235155525882607
4 0 3 1 -1  -0.81
560300065380055468
6 1 4 1 -1  0.0133028
560379534072493343
7 0 6 0 -1  0.729
560403899410389831
5 0 0 5 -1  -0.254186
560428280909683018
4 2 6 4 -1  0.0423911
560485765654800246
3 2 2 3 -1  0.0107753
560555029259538237
2 4 3 5 -1  0.59049
560616325993606916
4 5 3 6 -1  0.228768
560684053269447237
6 2 4 3 -1  0.00785516
560833798259576969
4 2 2 3 -1  0.0646108
561019263276256994
6 1 6 6 -1  0.729
561327862495465011
3 6 2 4 -1  -0.0164232
561345520134533516
6 3 4 2 -1  0.150095
561430917261666153
6 4 5 5 -1  -0.0343368
561493875383930678
6 3 4 4 -1  -0.282429
561557033074753281
7 2 6 1 -1  0.254186
561580567554433072
6 5 7 4 -1  -0.150095
562048459427515166
7 2 2 2 -1  -0.81
562149554063684938
7 6 5 5 -1  0.0119725
562347254637237755
3 2 2 1 -1  0.0523347
562494532136126588
7 0 7 1 -1  0.121577
562627129654351217
3 3 1 5 -1  0.0250315
562763396374043228
7 0 7 2 -1  -0.135085
562849343484780360
5 2 5 5 -1  -0.531441
562934113264457103
7 3 6 3 -1  0.185302
562957393777075360
1 6 3 5 -1  0.59049
562987323828110286
6 3 5 3 -1  0.185302
563084493592403111
6 2 5 2 -1  -0.000955003
563105107612216909
7 6 7 7 -1  0.0717897
563511510331901142
6 0 4 0 -1  0.098477
563837493647124846
6 4 4 5 -1  0.0523347
564009836738432871
5 2 5 0 -1  0.729
564200598107196728
3 2 2 2 -1  -0.31381
564351834678398669
4 0 3 0 -1  0.0225284
564844576392898997
3 4 2 4 -1  -0.0309031
565171929979391820
6 6 7 5 -1  0.0107753
565239615727342218
4 4 4 2 -1  0.0309031
565347989148797384
4 2 3 3 -1  -0.00872795
565557333240650084
5 6 3 7 -1  0.348678
565746781307356295
3 7 5 5 -1  0.0343368
566184115151690837
6 0 7 1 -1  0.478297
566203106287307073
7 5 6 6 -1  -0.0164232
566385643445950296
3 4 5 3 -1  0.0646108
566504227477774549
5 5 4 3 -1  -0.150095
566772778537405227
7 3 5 1 -1  -0.00969773
566892585624278763
5 5 4 4 -1  0.0646108
566929995971985065
5 7 4 7 -1  0.0278128
567136195171546996
4 4 3 5 -1  0.166772
567212302232900933
4 2 6 3 -1  0.0523347
567263346791300647
7 6 6 7 -1  -0.109419
567477943550615990
7 0 7 3 -1  0.0343368
567827954157753869
7 1 5 2 -1  0.00304325
567888073285220877
6 2 6 0 -1  0.478297
567988967852060265
7 4 5 2 -1  0.185302
568120894053579124
6 2 3 2 -1  0.185302
568142201589721434
4 7 3 6 -1  0.205891
568316093322720120
7 2 5 4 -1  0.0523347
568326578178872806
3 0 3 2 -1  -0.0202755
568694976593402416
4 7 5 7 -1  0.430467
568883421131844091
7 0 7 2 -1  0.185302
568976865564887623
6 4 5 4 -1  -0.38742
569146832591812313
5 3 5 6 -1  0.228768
569263539991721661
4 4 3 2 -1  -0.282429
569271395197316907
1 0 2 0 -1  -0.6561
7 4 7 3 -1  -0.81
569481472734731349
5 6 6 4 -1  0.109419
569563984628150227
7 3 6 2 -1  0.150095
569803247413943249
2 4 2 0 -1  0.430467
569965536214351591
6 4 5 4 -1  0.0343368
570151493690415331
6 3 7 1 -1  -0.0797664
570445451543613952
2 2 6 6 -1  -0.6561
570625898512274827
7 5 6 4 -1  -0.185302
570668590045276512
7 6 6 6 -1  -0.0886293
570902989861472566
5 5 3 4 -1  0.31381
570912648647454629
6 0 5 0 -1  -0.150095
570915777063417308
5 4 6 3 -1  0.81
571408885509987000
7 1 6 3 -1  -0.000696197
571462521618105584
2 5 3 4 -1  0.0225284
572561838410933311
7 6 7 5 -1  0.478297
572742045640684331
1 4 1 3 -1  -0.0891217
572895092517971904
6 4 6 3 -1  0.282429
572901236548144827
6 4 5 6 -1  0.0717897
573128668184305233
3 3 2 3 -1  0.81
573168909915461798
7 5 7 2 -1  0.81
573181196265972316
5 3 5 5 -1  0.478297
573363266559137601
4 6 3 5 -1  0.9
573397177474079344
0 7 0 6 -1  -1
573492696375385125
5 5 4 5 -1  0.0797664
573578999143710000
5 1 4 1 -1  -0.0164232
573865815238759706
6 1 4 1 -1  0.038152
573872366555202391
6 6 7 6 -1  0.207035
573910784455024869
4 4 4 6 -1  -0.205891
574070563143932293
4 7 3 6 -1  0.185302
574077641205174881
6 7 6 6 -1  -0.228768
574128203770536764
0 2 0 1 -1  -0.282429
574194733441468700
2 3 2 7 -1  -0.531441
574417630758009512
6 1 4 3 -1  -0.0471013
574657637605395145
7 4 6 4 -1  -0.185302
574701553737291197
4 3 0 3 -1  0.729
574747300149256780
5 0 4 0 -1  -0.0309031
574748988323072221
5 3 4 4 -1  0.0583337
574954863944205459
5 6 4 6 -1  0.348678
575029078483876466
4 4 3 3 -1  0.531441
575671892926809452
7 6 6 6 -1  -0.9
575936970623137061
6 6 4 4 -1  -0.00304325
576116329746260489
7 2 3 6 -1  -0.31381
576119704017218452
7 4 0 4 -1  -0.0797664
576434949662553224
7 5 3 5 -1  -0.185302
576834550531629526
6 2 3 5 -1  -0.531441
576897625235197020
7 5 6 5 -1  0.348678
576928046219433423
3 3 5 1 -1  0.121577
577241086518948686
7 5 7 1 -1  0.098477
577395964105754159
6 2 5 2 -1  -0.205891
7 5 7 4 -1  0.038152
577432002789974732
7 3 5 1 -1  -0.0202755
577969092092957345
6 0 5 0 -1  -0.185302
578121327517363232
5 2 3 1 -1  0.166772
578199475390967100
6 2 6 6 -1  -0.0797664
578291784158683683
4 4 3 4 -1  -0.0886293
578351303511610379
7 4 7 6 -1  0.0423911
578799469547144479
6 6 2 2 -1  -0.150095
578897530561520986
6 1 5 3 -1  0.0278128
578971428138855352
7 0 7 2 -1  0.00872795
579122100374106893
7 5 2 5 -1  -0.098477
579138644222715938
5 5 6 3 -1  0.109419
579257205293917712
3 3 2 2 -1  0.430467
579358871890728637
6 2 7 1 -1  0.348678
579390369037473180
7 4 7 6 -1  0.00636268
579410684956927741
7 7 7 4 -1  0.150095
579722090228180643
3 5 4 6 -1  0.109419
579786744238503948
2 5 2 7 -1  -0.430467
579804508691096724
4 5 4 4 -1  -0.81
580115761467426324
1 4 1 5 -1  -0.185302
580168071629470694
6 1 4 3 -1  0.098477
580321858418077221
7 0 7 3 -1  0.00872795
580366870741648667
3 0 1 0 -1  -1
580535170172032865
5 2 6 4 -1  0.010121
7 0 7 1 -1  -0.00212089
7 4 7 6 -1  -0.016559
580675482976978243
4 3 3 3 -1  0.121577
580680312815385137
5 2 7 1 -1  0.59049
581248908826168933
7 1 7 6 -1  -0.00706964
581346770733865622
7 2 6 1 -1  0.185302
581350499282889463
5 6 7 5 -1  0.098477
581478131306627817
7 0 7 5 -1  0.0523347
581490944932370400
5 5 4 7 -1  -0.150095
581511777667516651
4 5 3 6 -1  -0.282429
581516316503653200
5 1 4 1 -1  -0.9
581573997180703180
4 2 5 1 -1  0.150095
581622683724293577
6 5 6 6 -1  -0.185302
581715111457837110
5 4 4 4 -1  0.166772
581727308519092102
6 5 5 5 -1  -0.109419
581806406553692904
7 5 2 5 -1  0.0717897
581837219672274418
4 4 2 3 -1  -0.0646108
581918175189803902
6 3 4 3 -1  0.0052613
582235471235280113
7 5 4 2 -1  6.75153e-06
582266650448920592
5 4 6 5 -1  -0.0225284
582543230695322462
3 3 3 6 -1  -0.6561
582835255607577221
2 4 1 4 -1  -0.00221853
582847831893910739
7 7 6 7 -1  0.59049
582963731780951113
4 4 3 6 -1  -0.109419
583328814735037048
3 1 3 0 -1  -0.81
583329316497149205
6 5 4 5 -1  -0.430467
583362120715268382
7 5 6 6 -1  -0.00453557
583599136327596905
7 6 1 6 -1  0.59049
583744430677423487
5 5 6 3 -1  0.0646108
583800324548243325
5 5 4 7 -1  0.0471013
583883880893234281
5 3 5 6 -1  -0.531441
583903517562563429
7 2 2 2 -1  -0.185302
583958520425556229
4 6 3 5 -1  -0.0471013
584068349418245782
1 3 3 3 -1  0.0717897
584105160439029146
6 6 7 5 -1  -0.00304325
584146245472990543
2 1 1 1 -1  -0.81
584168024552943313
4 2 6 0 -1  -0.205891
584447619195047451
5 5 4 6 -1  0.0343368
584647769865225901
7 6 7 7 -1  0.31381
584653230327112513
7 5 5 6 -1  -0.018248
584742913399255971
4 4 5 6 -1  -0.0278128
584797421473596404
6 5 2 5 -1  -0.348678
585010195623438768
5 5 3 4 -1  -0.038152
585010703006598319
3 6 5 7 -1  -0.6561
585162302942361815
7 5 7 4 -1  0.121577
585205947656044729
7 2 2 2 -1  0.166772
585249876464835483
4 4 3 5 -1  0.000269721
585385125185150882
4 4 5 5 -1  -0.0343368
585621144425133778
0 1 2 1 -1  -0.6561
585641794058225742
7 3 5 1 -1  0.254186
585795170778026225
7 5 3 1 -1  0.0886293
586331559953707196
4 5 3 3 -1  -0.0717897
586415140237535034
5 5 4 4 -1  0.348678
586420330213154222
2 5 5 2 -1  0.9
586554745379073199
7 2 5 2 -1  -0.430467
586689599838961678
0 7 0 1 -1  0.135085
587081702124341877
7 7 7 3 -1  -0.00304325
587104388445871657
7 0 7 1 -1  0.348678
587131105873416413
7 4 7 6 -1  0.00636268
587191400084460859
7 5 6 4 -1  0.00636268
587440986487766799
4 2 6 4 -1  -0.0797664
587790726939877159
5 3 5 7 -1  0.098477
588173751687704173
7 5 4 2 -1  -0.00342846
588203817685442726
3 5 4 7 -1  -0.38742
588243528477943102
5 5 5 4 -1  0.205891
588273087818042554
4 4 2 6 -1  -0.6561
588478912942011533
6 3 7 4 -1  0.81
588688405441816667
5 5 4 5 -1  -0.185302
589047588740625834
5 4 4 3 -1  -0.109419
589107184422938265
4 5 6 4 -1  -0.430467
589137134120575863
6 4 4 6 -1  0.0886293
589192136954003352
3 6 2 6 -1  -0.348678
589505519517970660
5 2 4 3 -1  0.205891
589534625875082826
7 3 6 3 -1  -0.6561
589750897138054379
2 0 1 2 -1  0.166772
589769983689152331
6 2 5 2 -1  -0.0202755
589846737138360410
0 7 0 2 -1  -0.38742
589990958782611814
6 5 5 5 -1  0.9
590495545555729990
7 5 7 3 -1  0.228768
590641937578314788
5 1 4 1 -1  0.00969773
590838355758137487
7 0 7 7 -1  0.0646108
590897539527446919
6 1 5 2 -1  0.0309031
590922724373477690
6 3 5 5 -1  -0.166772
591100891856706405
3 1 1 3 -1  0.0278128
591129642471533573
5 5 3 6 -1  0.0119725
591312124151476490
7 5 7 4 -1  -0.0250315
592052044228291165
6 7 4 7 -1  0.00131002
592151624741287788
4 5 5 4 -1  0.0309031
592374694299523964
6 4 7 3 -1  -0.0717897
592424958295943148
7 3 4 3 -1  0.0423911
592471137957292397
3 6 4 4 -1  0.0797664
592606127689430358
7 0 7 1 -1  0.00304325
592938499560622485
4 4 3 3 -1  0.0107753
592940629294276896
5 2 3 1 -1  -0.121577
593271874021168085
4 6 3 6 -1  0.348678
593302487102542067
6 0 5 0 -1  -0.0278128
593620217769234789
4 2 2 3 -1  -0.0797664
593651871815394120
6 3 4 3 -1  0.0117009
593859899053395612
7 4 7 6 -1  0.0164232
593867369229955751
5 3 7 5 -1  0.00463839
594958003695395356
7 3 5 3 -1  -0.00636268
594969544804880739
6 6 5 7 -1  -1
595292997522244508
6 3 5 5 -1  0.348678
595481607420310744
6 3 5 3 -1  -0.0797664
595496661847674471
4 3 3 3 -1  -0.0119725
595558645736064261
5 5 4 5 -1  0.0797664
595561243066800723
7 3 4 3 -1  -0.81
595680785467256299
7 5 6 4 -1  0.109419
596036568161566613
4 7 3 7 -1  0.729
596290917941239547
3 4 4 6 -1  -0.282429
596419274068867232
6 3 5 3 -1  -0.00706964
596687189192654088
7 2 6 4 -1  0.729
596888353147217001
5 0 4 1 -1  0.0471013
597095915440479704
7 0 7 2 -1  0.0797664
597341222898242874
6 7 5 7 -1  0.00246503
597579758920073043
7 3 4 0 -1  -0.0646108
597585677447047579
3 1 0 1 -1  -1
597863034540575263
7 7 7 5 -1  0.0646108
597876773995294583
7 6 1 6 -1  0.00515377
597907586616896955
4 3 5 2 -1  0.0133028
598022546544720288
6 1 4 1 -1  0.0646108
598599058848398955
7 5 7 4 -1  -0.150095
598695435470211442
3 2 5 3 -1  0.228768
598742249689973896
6 5 7 6 -1  0.00131002
598836754853782533
7 3 6 2 -1  0.121577
599004844084671708
6 7 5 7 -1  0.018248
599227702604030534
5 4 4 3 -1  0.0797664
599370055080843126
5 4 4 3 -1  -0.478297
599398059901729691
7 3 6 3 -1  0.0164232
599591959604931447
6 4 5 3 -1  0.00706964
599715104744909458
1 1 3 1 -1  -0.59049
599751918496604460
2 0 1 0 -1  0.430467
599797320905055389
4 0 3 1 -1  0.00199668
599847156648223274
7 3 6 2 -1  0.00572641
599932759762156953
6 2 7 4 -1  0.478297
600072769573343036
4 2 6 1 -1  0.0133028
600385004695526380
6 0 5 0 -1  0.038152
600407138376598311
5 5 4 5 -1  0.31381
600616045692539229
7 6 5 5 -1  -0.0250315
600787769567105788
7 2 5 4 -1  -0.0886293
600948140828489498
7 3 6 4 -1  0.0646108
601021036211487424
4 0 3 1 -1  0.00463839
601157667438212063
4 3 3 3 -1  -0.254186
601241891199684307
6 2 4 2 -1  -0.0164232
601330228528929173
6 7 5 6 -1  0.166772
601356572154135527
7 0 6 0 -1  0.135085
601466245594901889
5 1 6 2 -1  -0.254186
601774182758840599
3 5 2 4 -1  -0.9
602050587663261444
4 6 3 6 -1  -0.81
602186837997082491
4 7 6 6 -1  0.282429
602357270280065275
7 3 5 1 -1  0.430467
602442967869851237
6 3 5 2 -1  -0.00131002
602621419449141490
5 5 4 3 -1  -0.38742
602665467900045710
5 2 6 4 -1  0.0107753
602803478090483486
4 0 6 0 -1  0.0119725
602820452622377410
6 6 5 6 -1  0.018248
602865995788543650
4 3 3 5 -1  -0.00872795
603248202028532496
5 5 4 5 -1  0.0523347
603330044028205773
7 4 1 4 -1  0.0581497
603441294613610049
7 2 5 4 -1  0.00572641
604266181786492057
1 2 3 0 -1  0.729
604931402564544616
7 2 3 2 -1  0.0523347
604966023658911206
6 3 5 2 -1  0.534393
605018682295845214
0 1 2 2 -1  0.205891
605167431437014132
6 2 5 2 -1  0.282429
605492162920315345
7 2 0 2 -1  0.00872795
605648639799111927
6 2 6 3 -1  0.282429
605728545268955668
7 5 6 5 -1  0.31381
605803923581484562
5 5 6 3 -1  -0.000456775
606045439189444434
4 1 3 1 -1  0.6561
606396533078679676
4 6 6 4 -1  -0.0343368
606563170316967389
6 4 4 4 -1  0.0886293
606937254413164851
5 5 3 4 -1  -0.254186
607132074985745946
7 5 7 2 -1  0.0581497
607177199548753951
6 2 4 2 -1  -0.00273892
607225872736060150
7 2 5 1 -1  0.109419
607271869491707926
5 7 5 6 -1  0.9
607281870152372948
4 2 2 1 -1  -0.00304325
607381738877247210
6 0 6 1 -1  -0.729
607475277886990362
4 0 3 1 -1  -0.121577
607662707895240194
6 2 4 2 -1  -0.00706964
607670521961745045
7 1 6 3 -1  -0.00273892
607977776823360493
4 1 3 2 -1  -0.81
607994188098612510
5 1 6 0 -1  0.00969773
608141329104447745
4 5 3 5 -1  0.478297
608213976375837290
4 6 2 5 -1  -0.81
608324174300748193
5 6 4 6 -1  -0.0646108
608649341045469814
7 4 6 4 -1  0.00117902
608729095146887243
7 3 0 3 -1  -0.254186
608837908482586680
4 4 3 4 -1  0.282429
608902449555047031
3 3 2 4 -1  -0.135085
609090878863886463
7 3 7 2 -1  0.0107753
609261145003418937
7 0 1 0 -1  0.150095
609478456858305780
1 0 1 4 -1  0.59049
609600549601323621
1 4 2 6 -1  -0.121577
609686289000110863
3 4 5 6 -1  0.0133028
609753435443073602
2 3 6 3 -1  -0.59049
609756558696561815
7 0 7 2 -1  -0.0717897
609785388119780237
7 2 4 2 -1  0.228768
609933278781681446
4 2 2 1 -1  0.430467
610155043816821305
7 7 0 7 -1  0.282429
610309137418395009
4 4 3 3 -1  -0.00872795
610331046441201604
2 0 4 0 -1  0.00969773
610589888765168899
4 4 3 3 -1  0.121577
610634744789444700
7 3 7 4 -1  -0.0147809
610644344096541481
6 4 6 2 -1  0.228768
610847957840991508
7 4 5 4 -1  0.282429
610930114815041023
6 5 5 4 -1  0.0646108
611215464798334683
6 1 3 4 -1  0.038152
611413129752970719
7 1 6 3 -1  0.000116106
611505827051563156
3 7 1 5 -1  -0.0225284
611594328649985147
2 7 0 7 -1  -0.6561
611603056412602091
6 4 5 5 -1  0.0581497
611875439907514356
5 4 2 1 -1  -0.000369988
612193637900592102
0 4 5 4 -1  0.38742
612288454005620362
6 6 5 6 -1  -0.81
612347487342212296
5 1 5 2 -1  -0.478297
612421938740459713
6 1 7 2 -1  0.0797664
612471455966538475
4 5 7 2 -1  0.0250315
613010497680821760
4 7 3 7 -1  1
613575541435487514
7 2 4 2 -1  0.81
613838155224308817
7 3 6 2 -1  -0.0717897
614010054680684825
4 5 3 4 -1  0.254186
614166175156232743
6 0 5 1 -1  -0.0119725
614286226943351487
5 5 6 3 -1  0.348678
614301982831581338
7 2 6 3 -1  0.150095
614485412172072582
6 6 5 5 -1  0.0343368
614517799107769119
3 0 4 0 -1  0.0343368
614618684014644889
6 3 5 1 -1  -0.00145558
614620185823284496
7 0 7 2 -1  0.098477
614813606580643560
6 6 3 3 -1  0.531441
614983062029704903
7 4 7 5 -1  -0.282429
615015954724319442
6 2 6 5 -1  0.31381
615071388626836490
6 6 5 5 -1  0.81
615107900181290435
5 4 4 4 -1  0.430467
615240516584611873
4 2 3 3 -1  -0.729
615284424978701901
7 4 7 6 -1  0.00969773
615635804105142231
3 6 2 6 -1  -1
615672108799849385
7 3 4 0 -1  0.00872795
615897178436995391
5 7 6 5 -1  0.6561
615970882789191609
1 3 2 2 -1  0.59049
615991659217432601
6 5 4 5 -1  0.0646108
616027087292416262
6 6 5 4 -1  0.531441
616063061509364990
0 2 3 5 -1  -0.00338139
616241892508456432
5 3 4 4 -1  0.150095
616350838171192855
6 4 3 1 -1  -0.166772
616391090490441911
6 5 7 6 -1  0.00969773
616427389482034251
7 7 7 4 -1  -0.038152
616482116583102487
6 3 7 4 -1  0.59049
616706425544620304
7 4 7 7 -1  0.38742
616897116125104664
7 2 5 0 -1  0.0523347
617020911816215009
7 4 5 4 -1  0.228768
617227587510373156
3 1 2 3 -1  0.478297
617402447172552158
7 0 1 0 -1  -0.531441
617415773946032443
5 3 5 5 -1  0.0886293
617601489847382912
3 0 3 1 -1  -0.478297
617633708898122954
5 6 3 6 -1  -0.109419
617643696766541538
7 6 5 5 -1  0.0646108
617866446306571481
7 6 7 5 -1  0.81
617926293076993239
4 5 5 6 -1  0.0202755
618023074410941753
6 5 5 5 -1  0.6561
618032294969020935
6 2 5 2 -1  -0.0107753
618278945901684933
6 1 5 1 -1  0.0248997
618526757194356768
5 4 7 2 -1  -0.109419
618649479440121206
7 4 7 6 -1  0.348678
618796414121391857
6 2 5 4 -1  0.109419
619268139673470925
5 3 5 2 -1  0.228768
619303121915290166
4 1 4 2 -1  0.205891
619488805858600346
7 3 7 0 -1  0.59049
619800647599000796
6 5 5 5 -1  0.150095
620116859463683673
4 0 3 0 -1  0.478297
620385480292527962
6 0 5 0 -1  0.00969773
620475456883794261
7 5 5 5 -1  0.166772
620611295860109712
5 7 4 6 -1  0.135085
620781689278596420
5 4 6 5 -1  -0.81
620841875313585269
3 6 5 5 -1  0.00106111
621014897070273094
6 4 5 3 -1  0.00969773
621115355718321579
6 2 5 4 -1  0.0278128
621118978489319219
3 4 3 1 -1  -0.0423911
621209947273456638
4 4 3 3 -1  0.348678
622037569291122162
6 6 4 6 -1  0.348678
622328200266330702
1 5 0 5 -1  0.81
622481553368375527
3 4 2 5 -1  0.59049
622895389406548631
6 1 7 0 -1  0.282429
622973779211903139
2 1 1 2 -1  0.121577
623085662049918157
5 5 7 4 -1  0.348678
623333705045148532
7 4 7 6 -1  0.348678
623488032498278765
7 6 7 4 -1  0.282429
623642259765781476
3 4 2 2 -1  -0.00117902
623665243221083358
5 1 4 1 -1  0.0886293
623729047755119813
6 4 5 5 -1  0.018248
623742847947886255
4 0 6 2 -1  0.038152
623960166386663205
5 3 4 2 -1  -0.0202755
624212424771509340
6 3 5 5 -1  -0.0886293
624220684205275173
6 1 5 1 -1  0.00636268
7 1 6 3 -1  -0.00593923
624237163113507058
4 4 3 6 -1  0.135085
624423735628139117
4 5 2 3 -1  -0.00515377
624687066740892990
7 4 7 5 -1  0.729
624824251774265239
7 7 3 3 -1  0.430467
624828093702468654
7 6 7 3 -1  -0.81
624840587739857508
4 6 3 6 -1  0.0250315
625038486066384660
6 0 7 1 -1  0.31381
625117845873291680
6 4 5 5 -1  -0.121577
625326133656746868
5 5 4 3 -1  0.150095
625462781996201670
7 6 6 6 -1  -0.59049
625646340875448921
6 6 7 5 -1  -0.0646108
625719335015746281
2 3 4 3 -1  0.228768
625778451245031173
7 4 7 0 -1  0.00246503
626016857302531343
7 5 7 3 -1  0.0119725
626399687242695342
7 7 6 7 -1  0.31381
626402506314846175
6 1 7 0 -1  0.228768
626423946459391250
3 6 2 6 -1  0.00872795
626937114264457548
7 2 7 1 -1  0.0164232
627246763013613773
6 3 5 4 -1  0.9
627275807608380974
2 5 3 5 -1  -0.81
627611924847872271
7 2 6 1 -1  -0.38742
627619894396656834
3 0 3 1 -1  0.9
627861064006617679
7 1 5 2 -1  -0.0407437
627987005157639381
6 6 5 6 -1  -0.098477
628188814579141727
7 2 5 0 -1  0.31381
628205896813547328
5 5 6 6 -1  0.00969773
628324555443876482
4 0 4 1 -1  -0.166772
628510616078049774
6 2 6 0 -1  -0.228768
628584525036903465
6 6 5 5 -1  -0.121577
628620175754821772
6 4 4 6 -1  0.150095
628643521247872737
6 2 4 2 -1  0.000104495
6 3 4 3 -1  0.00169877
628658803307984670
4 5 6 6 -1  0.31381
628692105886465956
5 6 5 7 -1  0.00304325
628798870947298269
4 5 4 6 -1  0.531441
628822669177095439
4 5 3 6 -1  0.531441
628932525294182098
4 7 5 6 -1  -0.00572641
629175785891749160
5 0 5 1 -1  0.0523347
629285913819894094
7 5 7 3 -1  0.0278128
629504387839341861
4 6 3 5 -1  0.228768
629851756150324605
4 0 0 0 -1  0.135085
629977697405011520
5 5 4 3 -1  0.0309031
630186350305165554
6 3 5 5 -1  0.098477
630280346591654977
7 6 7 7 -1  0.430467
630351352913264018
5 6 5 2 -1  -0.6561
630535665706558857
4 2 5 0 -1  0.38742
630587064588368098
7 3 6 4 -1  0.150095
630613747757833638
7 2 6 1 -1  -0.0471013
630677755053841824
6 4 4 6 -1  0.098477
630764485927249787
2 2 3 1 -1  -0.9
630820935620161070
3 7 3 6 -1  -0.000507528
630863450706166857
6 4 4 3 -1  -0.348678
630891352062374583
6 6 5 6 -1  0.038152
631294754705945389
3 5 4 6 -1  0.0581497
631347322976525445
6 2 2 6 -1  0.430467
631455953426001280
4 7 6 6 -1  0.018248
631571475279250262
5 2 3 1 -1  -0.228768
631755375120876613
6 6 5 5 -1  0.0886293
631836448569317088
5 2 1 6 -1  0.098477
632121805993184571
7 6 6 7 -1  -0.00572641
632210462540268221
7 5 6 4 -1  0.0250315
632275752030624865
6 2 7 1 -1  0.109419
632367877457687586
6 5 5 3 -1  0.38742
632405075058278614
6 6 4 6 -1  0.0250315
632502586639367041
7 4 7 6 -1  0.018248
632743180691523425
5 2 6 3 -1  0.59049
632744035800268371
3 3 0 3 -1  -0.228768
632870956241043879
7 5 6 4 -1  -0.00304325
632876820429718288
7 3 0 3 -1  0.38742
633116425774499701
6 1 4 1 -1  0.038152
633159673374728717
7 5 6 6 -1  -0.0201853
633179236386562265
0 3 1 3 -1  0.729
633411846611655556
3 7 4 7 -1  0.31381
633449150013057464
5 5 2 2 -1  -0.254186
633522755218240675
5 5 6 4 -1  0.0119725
633883863665610198
7 6 6 7 -1  -0.0471013
634117871024064123
6 2 5 2 -1  0.254186
634202484073411459
6 1 5 2 -1  0.348678
634247930028283904
5 1 4 1 -1  -0.430467
634265475204535017
4 3 3 4 -1  0.166772
634297044554050186
0 1 1 0 -1  0.478297
634304537993936860
6 3 5 1 -1  0.254186
634305020361980189
5 5 4 7 -1  0.0797664
634400130001982789
3 7 1 5 -1  0.0717897
634407096971404493
4 6 3 6 -1  0.150095
634885848292565129
7 3 7 1 -1  -0.254186
634889521204402131
6 4 4 4 -1  0.00785516
635303631127392231
4 1 6 2 -1  0.59049
635680313975627052
6 5 7 4 -1  0.9
635983136740730586
7 4 6 4 -1  0.729
635998634772392912
6 5 0 5 -1  -0.0147809
636008973861298061
6 5 6 4 -1  0.185302
636092916178820397
5 5 3 4 -1  0.00636268
636188890119132013
7 6 6 5 -1  0.00106111
636190704177405954
7 6 7 5 -1  0.0309031
636495116388348436
2 5 2 0 -1  0.729
636519526479213244
5 0 6 1 -1  0.135085
636652153627260334
1 3 0 4 -1  0.9
636784917595656784
5 6 0 1 -1  -0.348678
636868433190595200
6 7 5 7 -1  0.00706964
636960166858401137
6 7 5 7 -1  0.00785516
637129093804416596
6 1 5 1 -1  0.0278128
637257338777073344
7 2 6 3 -1  0.00872795
637271883510224790
3 3 4 5 -1  -0.0309031
637287362033313783
5 4 4 3 -1  -0.430467
637413770124744367
7 2 1 2 -1  0.478297
637488989044653048
7 3 6 3 -1  0.0581497
637669343470247447
4 3 5 1 -1  -0.018248
637866786965630915
2 1 2 6 -1  -0.0147809
638092538831654875
4 1 3 0 -1  -0.018248
638231036236674467
7 2 1 2 -1  0.121577
638590351014405508
7 2 7 1 -1  -0.166772
638679974360913358
5 1 4 1 -1  0.000104495
638810940870114001
6 4 5 3 -1  0.205891
638883487975629897
7 4 4 4 -1  -0.0523347
638887111348346714
2 0 2 3 -1  0.38742
639063113907819190
1 4 3 4 -1  -0.59049
639105219392660106
5 3 6 1 -1  -0.0147809
639283472293272259
6 3 5 1 -1  -0.205891
639287238788593666
3 0 3 3 -1  -0.098477
639382351443067672
7 5 7 3 -1  -0.38742
639444585093994103
7 7 7 6 -1  0.228768
639476058541258122
6 3 3 0 -1  0.00872795
6 3 5 2 -1  0.0523347
639892105078862672
4 2 2 1 -1  0.205891
639938669664440656
5 6 4 5 -1  -0.531441
640082820530443688
3 0 2 1 -1  0.38742
640177817748280801
7 4 6 3 -1  -0.0225284
640278443337347486
5 5 5 2 -1  0.6561
640343115109082703
4 4 5 5 -1  0.150095
640368407248037321
2 4 2 3 -1  0.430467
640666866561318881
6 3 5 2 -1  0.00463839
641074535543500509
7 7 7 6 -1  0.0471013
641312795962764701
5 2 4 1 -1  -0.254186
641378994582397793
6 2 4 4 -1  0.0309031
641394392030024102
7 4 6 3 -1  -0.0646108
641465870219037772
4 5 0 1 -1  0.348678
641580306447674517
6 6 5 6 -1  0.00154516
641860491351676926
4 0 1 3 -1  0.109419
641909084066868204
3 1 2 2 -1  0.00572641
641940438198948703
2 3 1 5 -1  0.109419
641952804988523730
3 5 5 5 -1  0.478297
642469869434213672
4 6 6 5 -1  -0.205891
642671539642964894
4 2 3 2 -1  -0.0471013
642802994140243580
7 7 7 6 -1  0.038152
642904624813345017
7 6 7 7 -1  -0.348678
643143567605962607
2 4 0 2 -1  0.478297
643534868299194722
7 2 7 1 -1  0.098477
643633022972667807
6 3 5 1 -1  0.205891
643780960138774819
7 5 5 5 -1  0.0164232
644022974956170324
3 5 3 2 -1  0.282429
644127103791941406
7 4 5 4 -1  -0.0646108
644493119086991700
4 2 3 3 -1  -0.0267709
644511982700449822
7 3 5 3 -1  -0.185302
644526803086745680
3 2 2 3 -1  -1
645130129004063481
6 3 5 2 -1  0.135085
645254633078080487
5 3 4 4 -1  -0.109419
645503652878001938
7 5 7 4 -1  -0.000411098
645640411027818240
7 6 6 7 -1  0.228768
645734249368116609
7 3 6 4 -1  0.00338139
645819907850818023
5 5 6 3 -1  0.9
645904313312384157
7 6 6 5 -1  0.166772
645912659288810737
0 2 1 1 -1  -0.109419
0 2 4 6 -1  -0.135085
645982512826955630
5 2 3 3 -1  0.00113347
6 4 5 4 -1  0.0250315
646102137767335303
5 5 4 5 -1  -0.0886293
646160697667590371
4 6 3 6 -1  -0.109419
646247680386687831
6 2 3 5 -1  0.38742
646280898644977643
7 2 6 3 -1  0.098477
646474079609705063
3 2 4 1 -1  -0.121577
646625414611686773
0 4 0 5 -1  0.430467
646734985575041095
7 0 7 1 -1  0.0523347
646849457326649955
6 5 4 5 -1  0.228768
647010585796212618
6 5 5 5 -1  -0.0523347
647345581860081964
7 5 6 7 -1  0.6561
647385109702787803
4 4 3 3 -1  -0.282429
647833282144019397
7 2 0 2 -1  -0.098477
648224574551533932
5 4 2 1 -1  0.166772
648313553529873646
2 2 1 2 -1  -0.348678
648412944520272000
5 2 3 1 -1  0.0581497
648439136848666797
6 3 6 4 -1  -0.0581497
648636829614562285
7 2 5 4 -1  -0.00515377
648961118877985588
7 7 7 4 -1  0.00515377
649097655622294088
6 5 5 6 -1  0.000411098
649135501221949389
7 6 6 4 -1  -0.135085
649151905856710562
7 5 6 4 -1  9.40459e-05
649163172335202893
6 1 5 0 -1  0.478297
649416355731451379
3 1 2 2 -1  -0.478297
649577412788155944
5 3 4 3 -1  -0.00246503
649641724087186703
6 5 6 2 -1  -0.430467
649889085896872758
5 2 4 0 -1  -0.0202755
650095284778407392
7 0 7 3 -1  0.228768
650276174746365991
5 1 4 2 -1  -0.135085
650406203003806869
6 1 4 3 -1  -0.282429
650419476212381530
5 2 4 2 -1  -0.0423911
650470237931146026
7 5 6 4 -1  0.00029969
650520991357903383
7 2 2 2 -1  0.00161731
650571872656617689
6 6 7 7 -1  0.478297
650675226767561094
7 5 5 5 -1  -0.0797664
650692511575064261
6 6 4 6 -1  0.166772
650712103246595350
2 4 4 4 -1  -0.9
650810815877118173
5 2 3 1 -1  0.282429
650867539968672125
6 0 5 1 -1  0.0278128
650986790527534020
5 3 5 2 -1  0.531441
651036374493244942
7 5 6 3 -1  0.098477
651232361821494423
4 6 1 6 -1  -0.348678
651251806773161762
4 6 3 7 -1  -0.9
651281678769532546
7 0 7 4 -1  -0.228768
651442502408368232
2 3 1 4 -1  0.150095
651487076285486782
7 3 5 5 -1  -0.185302
651638083352134793
7 1 6 3 -1  -0.00338139
651768580689436080
6 2 7 3 -1  0.38742
651880655075415830
7 4 7 2 -1  -0.0225284
652000440835306628
5 2 4 3 -1  0.0133028
652020926329668207
3 4 2 2 -1  0.000269721
652079713800863433
5 5 4 7 -1  -0.098477
652112199473855589
3 2 1 1 -1  0.0343368
652169142785475768
6 2 6 1 -1  -0.185302
652185209019198099
6 2 7 1 -1  0.531441
652310909615488097
1 3 3 1 -1  -0.81
652428149972722717
4 3 6 3 -1  0.81
652474315697905820
7 2 5 4 -1  -0.0343368
652628514038403485
2 2 2 4 -1  -0.166772
652778921093686360
3 7 2 7 -1  -0.729
653198011359002028
5 5 6 3 -1  -0.000955003
653266148596890838
4 4 4 2 -1  -0.0523347
653307932222457236
5 4 4 4 -1  0.000176964
653975789012438898
3 1 4 3 -1  0.0523347
654125346073833397
7 4 5 2 -1  0.121577
654337004708641102
5 2 4 1 -1  -0.38742
654454203331116494
7 2 5 4 -1  0.430467
654466658746624703
6 4 6 5 -1  0.531441
654753748586914606
0 7 2 7 -1  0.205891
654890225757392630
7 5 6 6 -1  0.0160299
655243923221862375
6 3 6 4 -1  0.0250315
655320782473010641
3 4 3 3 -1  -0.6561
655332304249192024
5 1 4 0 -1  0.228768
655342463481036890
7 0 7 2 -1  0.00199668
655374669048637841
1 0 3 2 -1  0.038152
655453965273416969
7 5 7 4 -1  -0.0717897
655522710818427185
3 7 4 6 -1  0.0202755
655796721742773513
5 5 3 4 -1  -0.0646108
656083087154835938
7 0 7 3 -1  -0.00872795
656115967969866081
6 3 7 2 -1  -0.0250315
656465686513282167
3 6 2 4 -1  0.0292138
656522681386333314
3 4 2 2 -1  0.135085
656879706304944681
6 2 6 1 -1  -0.0581497
656990903630116892
5 3 7 1 -1  -0.0646108
657163434432640436
7 3 7 0 -1  0.531441
657366503246398973
4 0 3 2 -1  0.0886293
657407703763456817
3 1 4 3 -1  -0.0278128
657460433577277929
6 5 5 4 -1  -0.6561
657462826248703619
5 5 6 3 -1  -0.00221853
657512004275796844
7 4 6 4 -1  0.109419
657650861218757135
6 2 7 3 -1  -0.9
657982667086827568
7 7 7 3 -1  0.228768
658213997002661318
4 2 5 2 -1  0.0717897
658750892065406153
3 0 2 1 -1  -0.0309031
659059527945732654
7 4 7 6 -1  -0.282429
659073422666841750
7 2 6 1 -1  0.0133028
659265539569671170
2 4 0 2 -1  -0.350615
659410137690470138
6 2 7 3 -1  -0.205891
659421270128480791
4 2 2 1 -1  -0.109419
659607328403741287
3 3 2 1 -1  -0.531441
659828842413777897
5 5 4 3 -1  -0.0646108
659921871790478429
3 4 2 3 -1  0.478297
659970068650176461
1 5 3 5 -1  -0.38742
660367071814397537
7 2 6 1 -1  -0.00636268
660391017150880582
6 1 5 2 -1  0.0797664
660590329813193765
1 7 3 5 -1  0.6561
660897957783734205
7 4 2 4 -1  0.282429
661207314062671728
7 4 6 4 -1  0.430467
661642103477628031
4 0 4 3 -1  -0.729
661729463793888001
7 4 7 6 -1  0.0471013
661863878428497657
6 3 5 2 -1  0.00969773
661884362644949326
5 4 4 4 -1  -0.121577
662367663383078591
0 0 6 0 -1  0.38742
662609629432804789
5 1 7 2 -1  0.0646108
662874333744834678
6 6 5 6 -1  0.59049
663053240076566173
0 2 2 2 -1  -0.531441
663256276693452155
2 4 2 3 -1  0.531441
663375706222411620
7 1 5 0 -1  0.6561
663468636416852182
6 4 5 5 -1  -0.6561
663651915841283515
7 7 0 7 -1  0.00304325
663701965065068184
6 4 4 5 -1  0.00785516
663903944633325133
6 3 5 3 -1  -0.109419
663916175961507016
7 4 5 2 -1  0.348678
664031966017863431
5 3 1 7 -1  0.228768
664033332662902883
4 7 4 3 -1  0.166772
664124662173014091
6 4 7 5 -1  0.0147809
664395348756551283
6 2 5 1 -1  -0.0886293
664591535919816261
3 3 2 3 -1  0.59049
664640893104215209
6 3 5 3 -1  -0.000773553
664706742382653941
6 7 5 6 -1  -0.018248
664965021664017820
6 2 1 2 -1  0.185302
664966951464190856
3 5 2 5 -1  0.478297
665025102965670273
7 3 4 0 -1  -0.0343368
665170454661675771
3 6 1 4 -1  -0.0886293
665214141820777071
4 7 5 7 -1  0.478297
665295746247269320
5 7 4 7 -1  0.430467
665310817670083759
4 3 5 4 -1  0.0119725
665429439057777037
7 1 5 0 -1  0.348678
665658633595855009
6 6 4 4 -1  0.185302
665772619397484749
5 4 4 4 -1  -0.150095
665941465821961065
5 3 4 2 -1  -0.166772
665978532112516380
6 3 5 2 -1  0.135085
666353038849797752
3 1 2 1 -1  0.109419
666496869317079982
6 3 7 3 -1  0.121577
666566149898396419
6 3 5 3 -1  -0.00572641
666599588912458829
4 3 5 2 -1  -0.81
666741301277837162
5 2 6 3 -1  0.31381
666756063423162102
6 2 5 1 -1  0.6561
666791340064840074
5 0 3 2 -1  0.098477
666844489969147132
7 2 7 3 -1  -0.166772
667010268317831263
4 2 2 3 -1  -0.0717897
667253181977873534
6 6 5 5 -1  0.109419
667278251288400435
6 1 5 1 -1  0.0119725
667329054636675038
0 2 2 2 -1  -0.729
667624950550125676
3 4 2 3 -1  0.59049
667628671465399771
6 4 4 4 -1  0.0037571
667632665694997691
1 4 1 6 -1  -0.478297
667652078392856446
7 1 7 3 -1  0.00463839
667738248043294153
7 1 6 2 -1  0.38742
667850680547429173
6 0 5 0 -1  -0.0119725
667881522351170046
5 3 7 2 -1  0.0646108
667992861171505408
7 4 7 3 -1  -0.185302
668003689818455178
2 2 1 1 -1  0.135085
7 1 5 0 -1  0.00785516
668180240805472565
6 4 4 6 -1  0.0646108
668516750343440007
3 2 5 1 -1  0.282429
668673087867253431
1 3 2 5 -1  -0.109419
668693970805889973
6 0 4 0 -1  0.38742
668713779777040172
5 5 4 7 -1  0.254186
669262107833972304
6 3 3 6 -1  -0.038152
669276030292023865
7 7 7 2 -1  0.0471013
669441474874519917
1 7 0 7 -1  0.59049
669543910141051758
5 5 6 3 -1  0.00785516
669941743163266630
7 5 5 5 -1  0.185302
670007429308854966
7 5 5 5 -1  0.31381
670012710849020999
4 4 3 5 -1  0.0343368
670015215737167657
4 6 3 5 -1  -0.531441
670114350151248792
6 3 5 2 -1  -0.0717897
670214526867390630
7 4 7 6 -1  -0.228768
670527073153750756
5 3 4 4 -1  0.0133028
670656794966085995
1 3 0 3 -1  0.00872795
670934630659542000
7 4 7 6 -1  0.00706964
670962485528920045
6 4 3 4 -1  -0.098477
671049907766128728
5 4 3 6 -1  0.0523347
671440619691297781
7 2 5 2 -1  0.185302
671510295726513310
5 1 4 2 -1  -0.0250315
671959595618889961
6 6 5 6 -1  0.430467
671982802800149794
7 3 6 3 -1  -0.0646108
672019566007901934
7 5 7 4 -1  0.0581497
672096509165249576
7 4 3 0 -1  -0.31381
672176641486906220
5 5 7 4 -1  -0.228768
672345114677786580
4 4 5 3 -1  0.348678
672394255996713930
5 2 3 0 -1  0.0581497
672396912359457133
1 4 3 2 -1  0.348678
672524290552505796
7 5 7 4 -1  -0.0343368
672719035058978049
4 3 3 3 -1  0.121577
672993908675878383
6 7 4 7 -1  0.00161731
673084583873217156
6 4 7 3 -1  0.0423911
673132302120469989
6 2 5 2 -1  0.00880017
6 3 4 3 -1  0.00808369
7 4 7 6 -1  -0.0229578
673224435092068798
5 6 4 5 -1  -0.098477
673427185351592209
6 4 4 2 -1  0.0797664
673457295341549933
6 7 5 7 -1  0.0717897
673543858248865384
3 1 2 0 -1  0.0423911
673551453556293862
4 2 3 3 -1  0.000411098
673769144321047978
6 0 5 0 -1  0.205891
673817533378315351
3 4 2 4 -1  0.31381
673897754514930333
4 2 3 3 -1  0.038152
674133018378636449
3 1 5 3 -1  0.185302
674173608738136206
7 3 6 2 -1  0.254186
674189847095593160
7 6 5 5 -1  0.729
674210570697536348
3 0 2 1 -1  0.6561
674285080839576843
5 6 4 5 -1  0.31381
674430998394374828
3 4 4 6 -1  0.348678
674441853194340116
1 2 0 3 -1  -0.6561
674549308166757450
0 3 0 0 -1  0.0107753
674787650147628985
7 4 6 3 -1  -0.729
674918739640454415
5 4 6 3 -1  0.38742
674930315841008400
7 1 5 0 -1  0.00145558
675279739443813597
5 4 5 2 -1  -0.0717897
675434931981125074
3 3 2 2 -1  0.135085
675650405924555630
2 3 2 6 -1  -0.0717897
675702930215406107
5 6 4 7 -1  0.0225284
676103930497190693
3 5 2 5 -1  0.729
676366441651495848
7 3 7 5 -1  -0.430467
676461037139735840
6 3 4 3 -1  0.0423911
676510604281682779
7 6 6 7 -1  0.0717897
676792790620119570
4 3 6 1 -1  -0.0202755
676853771882900914
6 1 7 0 -1  0.0225284
676891485114866822
4 5 5 5 -1  0.531441
676900083175529296
7 2 1 2 -1  0.282429
676902393932747606
6 5 5 6 -1  -0.205891
677065869416214930
6 2 5 3 -1  0.205891
677143340291711319
5 6 4 6 -1  -0.109419
677527178818251703
5 6 3 5 -1  0.0309031
677656157305077089
7 4 7 6 -1  -0.0581497
677749309545644678
7 6 6 6 -1  -1
677797286045072035
7 3 7 4 -1  0.00117902
677817772315077530
6 2 2 2 -1  0.00785516
677950129083935927
5 3 4 4 -1  0.478297
678020781188361627
5 3 4 4 -1  -0.0523347
678105147343696555
5 6 4 5 -1  0.0202755
678159635970826384
1 0 1 1 -1  -0.0309031
678177366049014970
4 2 3 3 -1  0.00515377
678208438610864914
4 4 2 3 -1  0.478297
678226415678705781
4 5 3 5 -1  -0.228768
678609092541054684
5 2 4 4 -1  -0.0886293
678769334884054525
6 4 7 5 -1  0.185302
678852311790594739
6 0 5 0 -1  -0.185302
678926806584752985
7 6 6 5 -1  -0.0037571
679267404592250237
6 4 5 3 -1  0.531441
679333113971516532
4 7 3 6 -1  0.228768
679381888295804845
6 6 5 6 -1  0.0343368
679400968689906794
7 4 7 6 -1  0.00179701
679624737045883706
6 5 4 5 -1  0.0309031
679659046302951553
7 6 7 5 -1  -0.81
679858790541681159
4 3 3 4 -1  0.109419
679916810609512223
5 1 4 1 -1  -0.348678
680185662073111316
7 5 6 4 -1  0.0646108
680384053278106079
5 3 4 3 -1  0.31381
680472839350159063
4 4 2 3 -1  -0.282429
680541015951530497
3 7 2 6 -1  0.0309031
680633597684389335
5 0 4 0 -1  -0.185302
680662561083843944
6 1 5 2 -1  -0.0423911
680966046185230930
7 0 7 1 -1  0.038152
681106972840121877
7 1 6 3 -1  0.00463839
681130044983530965
5 4 4 4 -1  -0.478297
681161087762240656
5 1 5 0 -1  0.729
681181810258920335
3 6 2 5 -1  -0.0119725
681194812016278307
5 4 4 3 -1  0.0225284
681254130480052374
6 5 4 5 -1  0.0278128
681410280098315507
2 2 3 1 -1  0.348678
681554038622856862
6 2 4 2 -1  0.018248
681649802811782166
6 2 5 4 -1  0.478297
681712262127332350
5 0 4 0 -1  -0.228768
681749279788884069
6 0 4 0 -1  0.00969773
681948041145353734
5 7 1 3 -1  -0.729
681951574780523023
6 6 5 5 -1  0.0278128
682223849946026521
3 4 2 3 -1  -0.00463839
682368450590585212
7 6 7 7 -1  -0.0797664
682497232041905284
6 1 4 1 -1  0.0107753
682606943421435988
5 3 5 1 -1  -0.109419
682609350434857378
6 1 5 2 -1  0.018248
683002349112289934
7 4 7 2 -1  0.531441
683094568111725321
4 5 3 5 -1  0.0119725
683649553078946468
7 2 6 1 -1  0.0523347
683676600290755910
4 4 6 5 -1  0.166772
683712759200552856
5 4 6 3 -1  0.109419
683755898450521829
1 1 2 2 -1  -0.0343368
683951650039821410
5 1 4 1 -1  0.348678
684044231265817004
6 0 7 1 -1  0.0202755
684106921935973534
5 5 6 4 -1  -0.150095
684149792574677520
7 3 5 1 -1  -0.0107753
684314708746112409
7 6 7 2 -1  0.00304325
684367145721667529
4 5 3 5 -1  0.228768
684691585735510207
3 4 4 3 -1  0.109419
684787993200377265
5 6 6 5 -1  0.150095
685002057278140246
5 5 3 6 -1  0.135085
685086437172093749
5 6 4 5 -1  0.6561
685304487184636052
4 4 4 5 -1  -0.59049
685338985960022778
5 5 3 4 -1  0.0250315
685458806493785857
5 6 5 5 -1  -0.531441
685767875519539936
6 2 5 2 -1  0.038152
685975231274906927
6 4 4 3 -1  0.205891
686348871990908631
7 3 7 2 -1  -0.81
686444995003445807
4 4 5 5 -1  0.0581497
686645550486008831
6 2 5 3 -1  -0.6561
686710962830015956
3 4 2 4 -1  0.531441
686771769314078157
5 4 4 5 -1  0.6561
686910196605629734
7 4 7 6 -1  0.0250315
686929177434873516
2 4 2 3 -1  0.0646108
687508364873448909
7 7 1 7 -1  -0.150095
687563620593123259
1 2 1 3 -1  0.81
687564044461605522
1 4 0 4 -1  0.166772
688068152576989690
5 4 4 4 -1  -0.0309031
688273075261480416
5 0 5 1 -1  0.282429
688652463061236190
7 3 7 4 -1  0.6561
688712649551054939
3 6 2 5 -1  -0.531441
688731375487048099
3 3 1 5 -1  -0.0147809
688899851446053347
6 3 4 2 -1  -0.150095
689015154643720369
6 4 7 5 -1  0.150095
689040664766494022
7 2 7 1 -1  0.0886293
689110923235403012
4 0 6 2 -1  -0.0717897
689179869014917933
6 3 4 5 -1  0.0343368
689378956876780768
5 3 1 3 -1  -0.0278128
689573763655086632
3 3 2 4 -1  -0.0471013
689632237041499027
4 3 6 5 -1  -0.00706964
689860282321802652
6 2 5 1 -1  -0.00675426
7 5 6 4 -1  -0.150095
689864612517644079
7 2 6 3 -1  0.00969773
689876422530793247
7 5 5 3 -1  -0.00969773
689919763469108930
7 5 6 6 -1  0.00463839
689920172860896206
6 0 6 5 -1  -0.531441
689939296953159401
7 6 6 7 -1  0.0523347
