6019309466736831632
7 0 7 1 -1  0.0717897
6019382136084481339
6 5 7 5 -1  0.478297
6019812454473163635
6 5 5 5 -1  0.135085
6020071688557794540
6 6 5 7 -1  0.0037571
6020176725668194282
2 5 2 7 -1  -0.135085
6020224625032298059
4 5 3 7 -1  0.31381
6020663015250786178
4 2 5 1 -1  -0.59049
6020736312805554693
2 4 1 5 -1  0.729
6020780976294723387
7 1 7 3 -1  0.38742
6020840787155984451
5 0 6 2 -1  0.0133028
6021213137398319701
1 2 7 2 -1  -0.0343368
6021437578812170178
6 1 5 2 -1  0.098477
6021493586128909093
7 2 6 2 -1  -0.0423911
6021591229006254161
4 1 5 2 -1  -0.729
6021636815396303105
6 4 3 4 -1  0.0309031
6021697082032288505
7 4 6 4 -1  -0.0107753
6021728900407381571
5 5 4 4 -1  0.0309031
6021766348731391051
1 0 2 0 -1  -0.6561
6022114082682651305
6 3 4 4 -1  0.430467
6022129584576990937
4 5 3 7 -1  -0.0717897
6022164605869434655
6 5 4 5 -1  -0.0581497
6022274374182961941
6 0 4 0 -1  0.0423911
6022398454237057008
6 7 5 7 -1  -0.0278128
6022437664963986682
6 3 5 1 -1  -0.254186
6022458472425269965
7 2 6 1 -1  -0.018248
6022478242313795865
5 3 5 0 -1  -0.150095
6022898058097181153
6 1 7 2 -1  -0.0119725
6022935427588006379
1 1 1 4 -1  -0.166772
6023049155652053601
5 4 4 4 -1  0.0523347
6023105499384681474
5 6 4 4 -1  0.0107753
6023118760631860732
5 3 5 5 -1  0.0133028
6023175520656473036
6 7 4 7 -1  0.0202755
6023292612554081747
3 6 6 3 -1  -0.166772
6023363907428287630
5 4 4 4 -1  0.0471013
6023523890948655111
4 6 5 5 -1  -0.109419
6023533313348745214
3 4 4 6 -1  0.121577
6023599718630480742
7 2 2 2 -1  0.81
6023837522164987568
7 5 7 4 -1  0.121577
6024158201796627895
4 4 6 5 -1  0.228768
6024360155328943231
4 4 3 5 -1  0.0107753
6024518492696997543
6 1 4 1 -1  0.9
6024595361534048958
2 3 1 4 -1  -0.9
6024620997880334811
5 4 4 4 -1  0.109419
6024702709362710597
3 1 1 2 -1  0.00636268
6024837823799829087
6 7 5 7 -1  0.254186
6024854312262782882
5 4 4 5 -1  0.205891
6024967389179463085
7 3 5 5 -1  0.0646108
6024982967429969054
4 2 3 3 -1  -0.038152
6025090524992246364
5 4 4 4 -1  -0.185302
6025158622004222152
7 6 5 7 -1  0.0471013
6025402709622839260
5 0 5 1 -1  0.729
6025686437433442074
4 3 3 2 -1  -0.0375411
6 0 5 0 -1  -0.121577
6 2 5 2 -1  -0.0581497
6 7 5 7 -1  0.0250315
7 5 3 1 -1  0.0363014
7 5 6 4 -1  0.0110239
6025722017905231902
3 5 2 4 -1  -0.166772
6025897019057833264
1 1 4 4 -1  0.81
6026062063457564306
6 5 4 5 -1  0.430467
6026268515514703202
5 1 5 2 -1  -0.098477
6026286143737821799
7 0 7 3 -1  0.0164232
6026304044619224145
5 2 5 0 -1  -0.185302
6026356833500236087
4 1 3 2 -1  0.0147809
6026502009193426424
5 1 3 1 -1  -0.0717897
6026568140517343075
6 7 4 7 -1  0.729
6026820190792171319
4 5 3 4 -1  0.348678
6026844296732914930
3 5 1 6 -1  0.478297
6027052258014187813
7 5 7 4 -1  0.0423911
6027270836667557990
6 3 4 3 -1  0.109419
6027359950180301632
3 5 0 5 -1  -0.348678
4 6 3 6 -1  -0.430467
6027587761392157684
7 5 7 0 -1  -0.430467
6027593528182492597
6 4 5 5 -1  -0.00106111
6027600085926178300
5 2 4 2 -1  0.38742
6027635986806894619
4 2 4 3 -1  0.81
6027764666582903265
6 6 5 6 -1  0.00338139
6027844122533259850
5 0 5 1 -1  0.0133028
6027874236198069689
5 6 7 4 -1  0.31381
6027920671739623407
5 1 4 0 -1  -0.254186
6028040621677224843
5 4 7 2 -1  0.0250315
6028285549698237726
3 3 2 3 -1  -0.6561
6028347876308548224
2 0 1 1 -1  0.150095
6028349592525343961
7 4 7 6 -1  0.205891
6028486643563792294
3 2 2 3 -1  -0.0309031
6028497535100716933
5 2 1 2 -1  -0.478297
6028679698404992141
5 2 4 2 -1  -0.135085
6028684056717728146
3 2 3 5 -1  -0.531441
6028791656656647912
1 7 1 0 -1  -0.166772
6028904850030525662
6 2 5 3 -1  0.0343368
6028926438525231773
4 4 3 5 -1  0.150095
6028934729786522361
5 3 4 3 -1  -0.6561
6028962871276273868
7 4 7 6 -1  0.0797664
6029257724582353658
7 3 6 4 -1  -0.205891
6029278401386204458
4 3 6 2 -1  0.185302
6029419076500441994
6 4 5 4 -1  -0.121577
6029791031906275607
4 0 3 2 -1  -0.0797664
6029816316834459438
4 6 5 4 -1  0.0343368
6029830857468805103
7 4 6 3 -1  0.228768
6029956002438464572
3 7 5 5 -1  -0.00273892
6030209915213032804
3 1 2 1 -1  0.00199668
6030247907036444930
3 1 1 1 -1  0.00199668
6030562885432170362
7 5 7 1 -1  -0.348678
6030731413563025651
7 0 7 3 -1  0.0164232
6030869028921641199
5 3 3 4 -1  0.38742
6031014712427660120
5 6 4 6 -1  0.478297
6031181378414863248
1 0 3 2 -1  0.729
6031209274487750302
0 2 7 2 -1  0.9
6031255577257278127
0 2 3 2 -1  0.729
6031691223397105176
6 4 2 0 -1  0.0797664
6031767260062526308
1 0 1 3 -1  -0.348678
6031793018697934024
0 6 6 0 -1  -0.121577
6031970423410713316
7 4 7 2 -1  0.0147809
6031994143977247955
4 0 3 1 -1  0.185302
6032044997368823645
7 3 5 1 -1  0.0581497
6032265465668251215
4 0 5 2 -1  -0.205891
6032494969479595640
5 2 3 2 -1  -0.31381
6032661021709715476
3 5 5 4 -1  0.81
6032896852310317673
4 3 3 2 -1  0.0423911
6033540799484435952
6 1 5 2 -1  0.0278128
6033775493966217391
6 5 4 5 -1  -0.0202755
6034099196787774004
5 2 6 3 -1  0.0646108
6034120369659084672
3 0 4 2 -1  -0.348678
6034344019858872108
6 5 4 5 -1  -0.00872795
6034491707264118950
5 3 4 4 -1  0.228768
6034572081451595205
6 3 5 5 -1  -0.0250315
6034653369153741849
6 4 5 3 -1  -0.0164232
6034669106710118323
6 4 5 5 -1  0.135085
6034763042281846631
4 2 3 2 -1  0.430467
6035029228229352614
7 3 6 3 -1  -0.348678
6035047579237189903
7 0 4 0 -1  0.00161731
6035128748036949826
2 3 1 4 -1  -1
6035208743391202144
7 4 7 6 -1  0.0278128
6035232301440287965
7 0 7 2 -1  -0.531441
6035329290852921807
7 3 4 3 -1  0.135085
6035340112549351117
3 6 1 6 -1  -0.531441
6035512765408890303
5 5 4 3 -1  0.282429
6036001266101008612
7 1 6 0 -1  0.81
6036161668638711617
5 7 4 6 -1  0.531441
6036351168423089591
6 3 5 3 -1  0.0581497
6036511170437572779
5 1 6 2 -1  0.0581497
6036658929890288676
6 1 4 1 -1  0.0797664
6036671153582908644
7 5 6 6 -1  -0.0309031
6036908954855969443
5 3 7 3 -1  0.348678
6036921247159656214
6 2 5 2 -1  -0.282429
6037033495890162813
5 5 6 3 -1  0.348678
6037939059890779369
6 3 4 5 -1  -0.0646108
6038217415208216603
7 2 6 3 -1  0.282429
6038245250469116631
4 5 2 5 -1  0.135085
6038749668649248095
2 2 1 2 -1  -0.282429
6038810789360441425
5 1 5 0 -1  0.531441
6038869269821413348
4 2 3 2 -1  0.38742
6039180369299192817
6 4 2 0 -1  -0.00338139
6039379189794922139
7 2 0 2 -1  0.0107753
6040053904565155768
4 4 3 5 -1  0.098477
6040081113236264358
7 4 7 6 -1  0.228768
6040327750543688400
7 7 7 6 -1  0.0717897
6040374309502531428
3 5 2 5 -1  0.31381
6040387103222892489
5 0 2 0 -1  0.0225284
6040539729624696858
4 6 3 6 -1  -0.430467
6040578464715996849
4 2 6 2 -1  0.00246503
6040633742852316513
3 5 4 3 -1  0.478297
6040798672676915547
5 4 3 6 -1  -0.6561
6040840297925728891
6 0 4 0 -1  -0.0471013
6041027008669014742
7 5 6 6 -1  0.282429
6041154198982807679
5 1 4 2 -1  -0.00636268
6041287084376215044
5 4 4 5 -1  -0.38742
6041522366745290911
3 6 2 5 -1  -0.0423911
6041559341815253940
7 3 6 4 -1  0.0309031
6041573797943397534
5 2 4 1 -1  0.38742
6041726871829511863
4 4 4 5 -1  0.0278128
6041737506584220005
5 5 3 4 -1  0.0423911
6041823287249465286
1 2 5 6 -1  -0.729
6042433324982493111
5 6 4 6 -1  0.81
6042561264949921241
6 5 4 5 -1  0.0107753
6042574679430660097
6 3 1 3 -1  -1
6042691410826996832
0 1 0 2 -1  0.81
6042702593838102627
6 2 5 1 -1  0.00515377
6042895153724174782
6 7 5 5 -1  0.109419
6042929291623719336
7 5 6 4 -1  0.59049
6042950264935371508
4 3 2 5 -1  0.000242749
6042995468796755782
4 2 2 3 -1  0.00872795
6042999968482504473
5 1 3 2 -1  0.0646108
6043060606564790849
1 2 1 4 -1  0.729
6043146384115509758
4 0 4 1 -1  0.282429
6043416940238512378
6 6 6 4 -1  0.31381
6043968199441581936
5 2 2 2 -1  -0.478297
5 2 5 5 -1  -0.59049
6044102008030843876
5 3 4 3 -1  0.205891
6044513119839633194
4 6 3 5 -1  -0.150095
6044540387374874247
4 0 4 1 -1  0.00463839
6044617684204479279
6 1 5 2 -1  0.00323054
6044720550264254247
6 2 5 2 -1  0.109419
6044993767184300677
5 2 4 2 -1  -0.0309031
7 1 6 3 -1  -0.0309031
6045478314236418835
7 6 7 5 -1  0.729
6045648307144068961
5 7 1 3 -1  -0.0646108
6045716869400069071
6 0 5 0 -1  0.0164951
7 1 5 0 -1  0.0342975
7 1 5 2 -1  0.0173755
7 2 3 6 -1  0.0162128
7 2 5 4 -1  -0.0107753
6045960375751297553
5 5 4 5 -1  0.0886293
6046061308386771698
5 3 4 4 -1  0.6561
6046137650003175937
7 3 6 4 -1  -0.150095
6046569792204477185
2 2 5 5 -1  -0.000507528
6046718418396125486
6 7 4 7 -1  -0.0423911
6046803051456011713
2 4 4 2 -1  0.150095
6046806699870764818
6 5 4 5 -1  0.0423911
6046807675242452997
6 6 4 6 -1  -0.0886293
6046846872979677684
3 4 2 3 -1  -0.430467
6046954204652307108
6 4 5 2 -1  0.0471013
6047046432860612958
7 5 7 2 -1  0.254186
6047308397498220370
5 5 4 5 -1  -0.135085
6047383262698873203
5 1 4 2 -1  0.000218474
6047524103724779525
6 1 4 3 -1  0.166772
6047552429186117455
5 7 3 5 -1  0.207035
6047754448810944229
7 4 7 5 -1  0.31381
6047864288400928278
7 7 6 6 -1  -0.0797664
6047875694656712586
7 5 6 4 -1  -0.0423911
6048039106457057172
4 1 3 0 -1  0.59049
6048052295938533944
7 2 4 2 -1  -0.254186
6048098438431034894
5 2 4 2 -1  -0.00969773
6048285015387334095
5 2 4 1 -1  -0.254186
6048315347233545729
7 3 6 4 -1  -0.135085
6048432328877333986
4 5 3 5 -1  -0.0717897
6048695359257569987
6 0 5 0 -1  0.00785516
6048703331545882079
6 4 3 7 -1  0.6561
6048717917561649026
6 6 7 5 -1  0.0119725
6048746847715114394
5 0 4 0 -1  0.0147809
6048787867736130778
2 4 2 7 -1  0.0797664
6048796143132293397
4 7 0 3 -1  -0.59049
6049139401316703039
1 3 4 3 -1  -0.59049
6049174293486605300
5 1 4 0 -1  0.31381
6049354368445990804
4 2 3 3 -1  0.000507528
6049504801531566377
3 7 7 3 -1  0.254186
6049600700243862891
4 0 6 2 -1  -0.109419
6049657556362186375
6 2 6 0 -1  -0.348678
6049792716291199037
7 0 7 1 -1  0.135085
6049794263964440788
6 4 4 5 -1  -0.00872795
6050004515285977462
7 6 5 7 -1  -0.0471013
6050190426973154492
5 3 4 3 -1  -0.81
6050342501554427984
6 3 5 3 -1  0.0717897
6050343786623576365
5 5 4 3 -1  0.228768
6050507609175386835
5 5 7 4 -1  -0.0309031
6050588031213377396
6 5 4 5 -1  0.0523347
6050608585224929635
7 1 6 3 -1  0.00246503
6050688219146821820
7 5 7 4 -1  -0.00636268
6050696101436512782
5 6 4 6 -1  0.185302
6050704095571368824
6 4 5 3 -1  -0.6561
6050923994280750600
7 2 5 2 -1  -0.0423911
6050953707448428840
6 1 7 0 -1  0.38742
6051211905856382643
7 4 7 6 -1  -0.0225284
6051218805724351838
6 0 6 6 -1  0.228768
6051247597601885628
2 1 2 6 -1  0.228768
6051264288989570926
6 7 4 7 -1  0.0581497
6051498830446120469
4 5 6 7 -1  -0.0309031
6051671550625025845
3 2 2 2 -1  0.0271818
7 4 7 6 -1  0.0797664
6051700828469245501
4 7 3 5 -1  -0.729
6051818658700658180
1 7 1 2 -1  0.9
6052063407304819020
7 6 7 5 -1  0.228768
6052077530449177123
3 5 2 5 -1  -0.0423911
6052095994302360444
7 2 6 1 -1  0.0037571
6052122986800428292
5 1 4 1 -1  -0.348678
6052264700884792118
3 3 1 4 -1  -0.0309031
6052325453844482324
3 3 5 1 -1  -0.121577
6052403691516594556
7 3 5 5 -1  0.166772
6052487309802604889
5 5 3 4 -1  -0.348678
6052516536246841594
3 2 2 1 -1  0.166772
6052824171108474993
3 4 0 1 -1  0.31381
6052857931157410278
2 6 2 4 -1  0.135085
6052886037066395711
6 3 4 4 -1  -0.166772
6052918722956306715
7 3 7 1 -1  0.531441
6053191565392898700
6 4 5 5 -1  0.430467
6053287645534377459
6 7 5 7 -1  0.00199668
6053297582463948032
6 4 5 3 -1  0.166772
6054086736369216924
5 0 4 0 -1  -1
6054518821045386696
3 5 3 6 -1  0.00515377
6054981240236512686
5 5 4 6 -1  -0.6561
6055121159840743960
6 3 3 0 -1  0.00872795
6055402020566137534
5 1 7 1 -1  0.0886293
6055416688393778099
3 6 5 7 -1  -0.00706964
6055711808597282382
3 2 2 4 -1  -0.166772
6055849428787900958
6 6 5 6 -1  0.135085
6056127025784930194
2 0 3 1 -1  0.00706964
6056163115682742777
5 7 4 7 -1  -0.0119725
6056343973567360559
6 1 5 0 -1  -0.00785516
6056402903657383892
6 1 4 1 -1  -0.00636268
6056627030673814139
5 5 6 3 -1  -0.00636268
6056649982358721890
5 1 6 0 -1  0.0581497
6056650141785397047
3 7 2 6 -1  -0.729
6056782363243060378
5 3 3 4 -1  0.348678
6057329046311158921
5 6 5 7 -1  0.109419
6057344642468494825
4 3 5 5 -1  -0.228768
6057378227416438780
7 2 4 5 -1  -0.0797664
6057791146476069996
1 6 4 3 -1  -0.729
6057817020316374052
3 6 2 5 -1  0.81
6058073452079681173
5 0 4 0 -1  0.0423911
6058159163698544918
5 5 4 3 -1  0.0202755
6058216988774475901
3 7 0 7 -1  0.9
6058339486549972523
6 7 5 7 -1  -0.166772
6058372792952865648
7 0 7 1 -1  0.0225284
6058453059904863149
6 0 5 1 -1  -0.121577
6058600653353499955
4 7 3 6 -1  0.00056392
6058683713756255390
1 0 2 1 -1  -0.478297
6058717070127627975
6 5 7 5 -1  -0.018248
6058750728232659801
5 6 6 5 -1  -0.038152
6059106169056074935
7 3 6 3 -1  0.135085
6059439015745408751
5 0 4 0 -1  -0.098477
6059543371757739736
6 5 4 5 -1  0.38742
6059885742976565174
2 4 1 6 -1  0.531441
6059906165493180706
5 0 5 2 -1  0.00161731
6060023327211604215
7 6 6 6 -1  -0.282429
6060155956473144238
2 3 2 6 -1  0.31381
6060330092910651943
2 2 3 3 -1  -0.729
6060704313096045683
5 6 4 6 -1  0.121577
6060780542805775982
7 4 5 2 -1  0.38742
6060793852995579577
5 5 3 4 -1  0.0717897
6061019503704823966
2 2 3 3 -1  0.0133028
6061491802385540182
6 4 3 1 -1  0.31381
6061676202481998303
6 5 4 5 -1  0.185302
6061694984739284943
6 0 6 5 -1  -0.254186
6061837743034765193
5 5 4 6 -1  0.9
6062173464474980406
7 3 7 2 -1  0.185302
6062253789084641800
5 2 4 2 -1  0.00273892
6062300250480456939
6 3 7 4 -1  0.0886293
6062407125482038144
6 1 5 1 -1  0.0225284
6062649726835272250
5 3 4 3 -1  0.0107753
6062725367710989926
5 3 6 2 -1  0.282429
6062772185695131895
4 6 2 7 -1  0.38742
6062829475969316460
6 4 5 3 -1  0.254186
6063049923626686439
7 4 7 6 -1  -0.0471013
6063146561996380844
5 1 6 2 -1  -0.31381
6063497221270403539
7 5 7 3 -1  -0.098477
6063547452218640952
6 2 4 2 -1  0.348678
6063641792758144667
5 2 3 3 -1  0.00417455
6063665309056069942
6 5 5 5 -1  -0.430467
6063870896094734994
6 0 5 0 -1  -0.00636268
6 1 5 1 -1  0.018248
7 1 6 3 -1  0.038152
6064112905643947857
6 3 5 4 -1  0.59049
6064183312378986702
6 4 5 3 -1  0.00639803
6064390753191844205
7 7 7 5 -1  0.166772
6064610256244460819
4 5 3 6 -1  0.228768
6064721458361575552
7 2 6 1 -1  0.348678
6064773385515106477
7 1 6 3 -1  0.00872795
6064872004825068327
4 6 6 4 -1  -0.0423911
6064877935386835095
5 4 4 3 -1  0.0717897
6064951424445405645
4 4 4 3 -1  -0.31381
4 4 5 5 -1  -0.38742
6064992452966608229
5 3 4 4 -1  0.0523347
6065140988709342245
7 3 2 3 -1  -0.729
6065264967150796928
7 6 6 6 -1  0.0423911
6065393597099938866
3 4 1 2 -1  -0.348678
6065395455190037344
7 7 7 6 -1  0.0259768
6065564324004050501
4 7 3 5 -1  0.254186
6065889713022897453
5 4 2 7 -1  0.00636268
6065985381529410439
7 1 6 3 -1  -0.0225284
6066010573857345390
7 6 5 5 -1  0.0646108
6066240207885686017
7 2 6 1 -1  0.0250315
6066418223580196670
4 4 7 4 -1  0.729
6066645050867433798
1 1 1 6 -1  -0.478297
6066792727461739625
7 4 7 2 -1  0.38742
6066818848463581005
6 4 4 2 -1  -6.85594e-05
6066934571859417735
5 3 4 4 -1  -0.0423911
6066940898787271690
5 5 7 6 -1  0.00872795
6067003661697620687
7 6 5 5 -1  0.185302
6067066862759888517
4 2 2 4 -1  0.135085
6067195251710395864
4 3 5 3 -1  -1
6067233409153916047
5 3 5 1 -1  0.478297
6067348146248775808
3 4 3 3 -1  0.282429
6067480577205623526
3 5 1 4 -1  -0.729
6067781070082731840
7 6 7 7 -1  0.0343368
6067838567715485063
1 1 1 0 -1  0.228768
6067913737579913586
5 4 4 4 -1  0.0278128
6068645680795114259
5 4 5 5 -1  0.6561
6068713145546970113
3 2 2 1 -1  -0.228768
6068796121964872130
6 0 5 0 -1  0.00499405
6 6 4 6 -1  -0.0581497
6068811115755852347
0 4 0 1 -1  -0.81
6068953703774281747
6 3 3 3 -1  0.59049
6068977294700931418
7 5 1 5 -1  -0.430467
6069079774360128266
6 4 6 3 -1  -0.282429
6069104102631283803
4 1 3 1 -1  -1
6069490291167158591
6 3 6 4 -1  0.0523347
6069749162095583490
6 0 5 0 -1  0.00754532
6070056531496823975
3 2 1 2 -1  -0.205891
6070177208589892520
7 5 7 4 -1  0.00785516
6070334023027544842
5 6 4 6 -1  0.729
6070464933502208594
6 3 5 1 -1  0.0646108
6070484234615099234
3 7 2 7 -1  0.6561
6070488488452207987
6 5 5 4 -1  0.205891
6070654426624348407
7 2 7 3 -1  0.00145558
6070711293151441572
4 3 2 5 -1  -0.348678
6070729473667559450
6 1 4 1 -1  0.0423911
6070927159136772709
7 5 7 4 -1  -0.0309031
6070938213797726977
5 5 3 4 -1  0.0343368
6070953752752232426
4 2 5 3 -1  0.098477
6071004000622431969
5 0 4 0 -1  0.185302
6071194427276978804
7 5 7 4 -1  -0.0886293
6071213147203288545
0 1 1 0 -1  -0.38742
6071256202486675629
6 1 5 3 -1  0.0717897
6071298302790520850
6 3 5 1 -1  -0.0717897
6071339492926769089
4 3 1 6 -1  -0.098477
6071367391317846454
1 4 3 3 -1  0.0797664
6071590680943159159
5 3 3 5 -1  0.185302
6071610490666410718
0 3 4 7 -1  0.00221853
6071659182789527144
7 2 7 0 -1  0.531441
6072042719333913792
5 2 4 3 -1  -0.0202755
6072197411279899874
7 4 4 4 -1  -0.81
6072479004248089217
6 4 3 7 -1  0.348678
6072810642175214688
6 4 4 2 -1  0.205891
6072910975915491502
6 3 5 4 -1  0.59049
6072984074827893394
5 2 4 2 -1  -0.135085
6073082299269726883
3 3 1 4 -1  -0.0309031
6073156917167159878
6 1 5 1 -1  0.0990241
6073187501199769080
7 1 5 2 -1  0.014496
7 1 6 3 -1  -0.00636268
6073478270812586061
6 4 4 4 -1  0.0322495
6073584562091981769
5 2 4 3 -1  0.00969773
6073799659161405632
3 6 2 5 -1  0.185302
6074117098685657074
5 1 3 2 -1  0.00515377
6074147940202770476
7 6 2 6 -1  -0.38742
6074167025863185957
6 0 5 0 -1  0.0278128
6074225512427756055
5 2 4 2 -1  0.00969773
6074544668215132909
3 4 1 4 -1  0.166772
6074699488885711331
7 0 7 2 -1  -0.135085
6075229374917112926
6 1 4 1 -1  0.00056392
6075376389484328630
7 2 7 1 -1  0.0309031
6075585412109467678
5 1 4 1 -1  -0.0278128
6075664540892293147
1 0 2 0 -1  0.389573
6075667978788680810
3 1 2 3 -1  -0.38742
6076135759383511149
5 1 4 3 -1  0.098477
6076635868634646116
3 1 2 0 -1  0.31381
6076872508458482476
5 4 4 4 -1  -0.121577
6077014626555503322
5 7 2 4 -1  -0.0797664
6077328978829723536
3 3 5 1 -1  0.00338139
6077444440877603314
3 6 3 7 -1  0.729
6077464667697921855
6 5 7 6 -1  0.00872795
6077671119370416739
7 3 3 3 -1  -0.185302
6077713690169792339
6 3 0 3 -1  0.6561
6078276561633892687
4 3 4 4 -1  0.348678
6078636489927282801
6 5 4 5 -1  0.0523347
6079187165058175695
5 5 4 3 -1  0.254186
6079188334915067510
4 0 3 0 -1  -0.0250315
6079206746440088021
7 5 5 3 -1  -0.018248
6079346309354520426
6 3 4 3 -1  0.6561
6079356701495891271
7 4 6 5 -1  0.9
6079450883904918373
7 5 7 1 -1  0.282429
6079490961467951610
7 1 6 3 -1  -3.69462e-05
6079498169268670730
2 1 5 4 -1  0.430467
6079592833239229386
5 7 4 6 -1  0.0278128
6079643945150903827
7 1 6 3 -1  0.282429
6079758880706041091
1 4 3 5 -1  -0.478297
6079929459797306064
1 6 0 5 -1  -0.0797664
6079959341665729392
6 1 5 2 -1  0.121577
6080090982163291193
4 2 6 4 -1  -0.729
6080121220562999188
5 2 7 0 -1  0.6561
6080468951886833525
7 0 7 2 -1  0.0133028
6080471898752414300
6 4 5 5 -1  0.0646108
6080626655145824787
5 7 4 5 -1  0.254186
6080670546849946244
6 5 7 4 -1  -0.0309031
6081304130135026656
7 5 6 5 -1  0.254186
6081326887372307952
7 5 7 2 -1  0.0646108
6081416789676438232
5 5 4 5 -1  -0.150095
6081526345665455003
4 2 3 0 -1  -0.0278128
6081722821350573423
5 1 5 4 -1  0.038152
6081846166426137894
6 4 4 4 -1  0.00417455
6082052548524736285
6 5 7 6 -1  0.531441
6082066056473178365
5 4 4 4 -1  -0.0309031
6 3 5 3 -1  0.0646108
7 3 6 2 -1  0.00706964
6082439065537857966
7 0 1 0 -1  -0.0423911
6082739855579104995
6 7 5 7 -1  -0.150095
6082773242635684710
1 3 5 3 -1  -0.0423911
6082792855362432040
7 2 6 3 -1  0.0225284
6083075182129264437
6 6 7 5 -1  0.0523347
6083123790662767966
4 5 3 4 -1  -0.430467
6083235244313046207
3 2 4 4 -1  0.0147809
6083344210121756078
3 2 5 4 -1  -0.531441
6083544881962161913
6 5 5 5 -1  0.729
6083626704900895517
6 6 7 5 -1  0.00338139
6083776360837224612
3 4 4 3 -1  -0.150095
6083780276543174128
6 3 4 5 -1  -0.348678
6084097307399439761
4 2 6 2 -1  -0.0343368
6084259299535859258
3 2 3 1 -1  0.038152
6084293727259435166
4 4 3 4 -1  0.109419
6084527952846342847
6 0 4 0 -1  0.0797664
6084582136996644065
4 0 3 1 -1  0.9
6084617121354396541
5 5 3 4 -1  0.00706964
6084670991928936445
5 4 4 4 -1  -0.00304325
6084789108083232725
7 5 6 4 -1  0.0717897
6084925321272063958
7 6 6 6 -1  0.31381
6085152367863612065
6 4 5 3 -1  -0.729
6085171271002116697
0 1 0 0 -1  0.166772
6085356354917535050
6 7 4 7 -1  0.228768
6085705343626152425
7 0 6 0 -1  0.00706964
6085730131160857299
7 3 5 3 -1  0.729
6086116035023474881
7 5 6 4 -1  0.59049
6086122794889749722
4 3 3 1 -1  0.0471013
6086161777013828390
4 5 2 5 -1  -0.430467
6086332868722064814
3 5 3 7 -1  -0.205891
6086401219773517820
6 6 5 6 -1  -0.38742
6086416703913482467
2 5 5 2 -1  0.38742
6086688763909441505
6 4 5 3 -1  -0.0133028
6086946339149939361
1 1 6 1 -1  0.59049
6087407124901501388
5 5 5 7 -1  0.59049
6087523958554742735
7 3 7 4 -1  0.00145558
6087536040099095810
7 3 6 3 -1  -0.38742
6087565842360798688
0 7 0 6 -1  0.59049
6087717151052244646
5 1 6 3 -1  0.0581497
6087761247280036872
7 2 3 6 -1  -0.0423911
7 3 4 0 -1  -0.0175982
7 4 7 6 -1  0.0202755
6087938179878497138
3 3 4 5 -1  0.59049
6088169090450079636
5 2 6 4 -1  -0.0581497
6088532372250987499
7 2 5 4 -1  -0.0646108
6088847217280770106
6 3 3 0 -1  0.000332989
6089070980161534315
7 4 7 6 -1  0.0717897
6089501473541057346
5 2 4 3 -1  0.31381
6089521076005386176
2 0 6 4 -1  -0.166772
6089622539165512297
7 0 6 0 -1  0.0164232
6089767002522929385
7 1 1 1 -1  0.348678
6089836770191219318
3 1 2 2 -1  -0.0523347
6090099323781720061
3 4 2 2 -1  -0.81
6090213495925288101
6 3 7 3 -1  0.205891
6090399006649245019
6 5 5 5 -1  -0.0202755
6090438762604510323
5 2 3 0 -1  0.31381
6090572959590384265
0 3 1 3 -1  0.478297
6090589788037290569
7 3 3 3 -1  0.430467
6090905583064260619
6 0 4 0 -1  0.254186
6090939357052163637
7 0 7 1 -1  0.121577
6091346803664022126
7 4 7 6 -1  -0.038152
6091527798506895966
6 4 7 4 -1  0.0309031
6091613892959578189
4 3 3 3 -1  0.00179701
6091655585868732945
3 4 2 4 -1  -0.38742
6091774622792404605
4 6 5 7 -1  0.254186
6091778622090605552
5 7 4 6 -1  -0.81
6091977617444374131
5 1 1 5 -1  0.166772
6091979406083951657
3 4 1 4 -1  -0.6561
6092275252158967147
2 5 4 7 -1  0.0202755
6092326231722956506
6 5 5 5 -1  0.00572641
6092334860937073379
6 5 5 5 -1  0.228768
6092421059487150280
7 1 6 3 -1  -0.00636268
6092440402964120853
7 5 6 6 -1  0.430467
6092845991694111253
5 2 5 3 -1  0.31381
6092978124611863078
7 0 3 0 -1  0.0523347
6093219968540488526
4 4 5 4 -1  0.0202755
6093518177998522084
0 1 3 4 -1  -0.729
6093555852808101214
6 2 4 2 -1  -0.0133028
6093792080786439708
3 5 2 5 -1  0.0119725
6093849008440998270
2 3 0 3 -1  0.38742
6093910094954380078
3 3 3 6 -1  -0.254186
6093944801809114533
2 5 3 3 -1  -0.59049
6094008230134013337
6 4 5 4 -1  -0.150095
6094159845691971103
5 4 1 0 -1  0.150095
6094474566223920663
7 2 4 5 -1  -0.0107753
6094527570735380020
7 6 6 6 -1  -0.0646108
6094777345420475817
6 3 5 4 -1  0.531441
6094816043948331243
7 1 5 2 -1  0.038152
6094917917383273821
5 5 4 5 -1  0.0581497
6096057200016229501
6 2 5 2 -1  0.0797664
6096300279531432365
4 7 3 7 -1  -0.9
6096315697579230461
4 3 3 4 -1  -0.38742
6096459054834957385
3 5 1 7 -1  0.81
6096471787957554308
5 1 4 2 -1  -0.0309031
6096681677597730542
7 5 7 4 -1  0.0278128
6096894838728576886
5 1 3 2 -1  0.0131324
6096972467212873086
6 2 5 4 -1  0.0471013
6097038510892033060
1 0 0 0 -1  -0.6561
6097303422495008547
4 1 3 1 -1  0.121577
6097415455422134440
4 7 5 6 -1  0.729
6097536195970988824
6 4 5 4 -1  0.150095
6097662352507203502
2 7 3 5 -1  0.729
6097811906444840065
6 4 5 4 -1  0.098477
6097852024894600479
5 3 4 4 -1  -0.205891
6097888439378758981
4 4 7 4 -1  0.0343368
6098148353243403396
7 5 4 5 -1  -0.478297
6098169764132778974
6 5 5 5 -1  -0.0107753
6098294134613010571
6 6 5 6 -1  0.098477
6098435543504883402
7 1 1 1 -1  -0.135085
6098533899103167337
6 5 4 5 -1  -0.00179701
6098541364311829771
5 0 6 1 -1  0.098477
6098553643101586523
3 5 2 5 -1  -0.6561
6098826490860477301
1 5 3 3 -1  0.109419
6098838085612992322
7 3 7 0 -1  0.166772
6099008402507014325
7 6 6 5 -1  -0.098477
6099158156204939601
6 6 4 6 -1  0.0037571
6099189289674991351
1 2 3 4 -1  0.478297
6099226065327592970
7 4 7 2 -1  0.430467
6099550136715007677
6 7 7 6 -1  -0.31381
6099561564855447088
4 1 3 1 -1  0.0471013
6099572665859763184
6 7 5 7 -1  0.121577
6099574986870532387
5 6 6 4 -1  0.038152
6099829210216944204
1 1 0 0 -1  0.531441
6099985069609879632
1 3 1 4 -1  -0.185302
5 3 3 3 -1  -0.150095
6100194722479665281
3 5 2 7 -1  -1
6100328207711976186
7 6 5 5 -1  -0.00572641
6100330970663432372
7 0 7 3 -1  -0.348678
6100336362461395557
3 6 5 4 -1  -0.0471013
6100446293566433741
4 2 4 0 -1  0.109419
6100624502143784359
7 3 5 5 -1  -0.0523347
6100686268832179111
6 2 6 0 -1  0.6561
6101095126474002130
7 1 5 2 -1  0.0164232
6101117621705070200
5 5 1 1 -1  -0.31381
6101185553257314864
3 7 0 4 -1  -1
6101188627203602960
4 7 5 5 -1  -0.430467
6101256875751291936
3 7 0 7 -1  0.0147809
6101309678351353938
7 2 7 4 -1  0.166772
6101546386761787047
6 4 4 4 -1  0.0119725
6101604542752462433
4 5 1 2 -1  -0.0646108
6101638234904226120
5 3 2 6 -1  0.166772
6101711762518854150
6 6 5 5 -1  0.59049
6101759734014168049
6 3 5 1 -1  0.205891
6102059965115569973
6 1 7 2 -1  0.0107753
6102062033581340257
4 5 5 5 -1  -0.228768
6102065116463755437
6 3 5 3 -1  0.81
6102169043645865690
7 2 4 2 -1  -0.0225284
6102419529969657131
1 4 1 1 -1  -0.430467
6102465575188593422
5 0 7 2 -1  0.0646108
6103190720187301712
7 4 7 6 -1  0.0412527
6103363904054674788
4 1 5 3 -1  0.185302
6103400439229031372
7 3 5 3 -1  -0.150095
6103433276181273690
7 4 6 4 -1  0.9
6103652373001656290
4 2 3 1 -1  0.9
6103765781984614507
7 3 5 1 -1  -0.0164232
6103871020795518442
5 6 4 6 -1  -0.81
6103871924456381753
6 7 6 6 -1  -0.38742
6103872437583845020
7 2 6 2 -1  0.9
6104559844121585168
6 3 5 5 -1  0.121577
6104568492756550144
7 5 6 3 -1  0.0147809
6104595715105654070
2 7 2 0 -1  -0.531441
6104945638434694430
6 0 4 0 -1  -0.038152
6105062589016310877
7 5 6 5 -1  0.00969773
6105217518696172149
4 5 5 4 -1  -0.0581497
6105359210046402911
7 3 5 5 -1  -0.81
6105511718579884160
7 4 7 1 -1  -0.0717897
6105564901679168683
5 4 3 3 -1  0.0797664
6105586464179946457
7 2 6 3 -1  0.205891
6105672226928388194
1 2 2 1 -1  -0.430467
6106067245738897286
3 1 2 3 -1  0.254186
6106146340195408069
7 3 5 4 -1  0.0423911
6106259534485161377
3 3 2 3 -1  0.729
6106411216029707453
4 1 3 1 -1  -0.150095
6106449957852051164
7 5 7 1 -1  0.0250315
6107510209857338562
5 4 6 6 -1  0.531441
6107620873493115397
5 6 3 4 -1  0.254186
6107724967246780983
5 5 4 3 -1  0.185302
6107797551930162004
5 3 7 3 -1  0.6561
6107842678904300823
4 4 3 3 -1  0.0581497
6107866503529779565
7 6 6 6 -1  0.121577
6108471306828391613
6 0 5 0 -1  -0.0138051
6 2 4 2 -1  -0.0216844
6 2 5 2 -1  0.0423911
7 1 5 2 -1  -0.0523347
6108659524666298832
1 3 5 3 -1  0.430467
6108721891118349548
5 0 4 0 -1  -0.018248
6108801787377297710
6 0 4 0 -1  -0.0423911
6108936622472425259
2 2 2 1 -1  -0.729
6109256023348469436
4 4 3 2 -1  -0.00145558
6109342926531919724
7 2 2 2 -1  -0.31381
6109537185164868342
7 5 7 4 -1  0.205891
6109607265071201613
4 6 3 5 -1  0.0107753
6110073777219609763
4 6 7 6 -1  0.282429
6110081787142439106
0 3 0 5 -1  -0.205891
6110647142104638808
6 1 6 0 -1  0.729
6110705864413805518
6 2 4 2 -1  -0.166772
6110772296968024200
0 0 1 1 -1  0.0423911
6110804521119739925
4 5 3 5 -1  -0.31381
6110821496114299692
6 0 6 1 -1  0.0646108
6110824899404455016
6 6 5 5 -1  0.0119725
6110975024743246556
6 3 7 4 -1  0.000218474
6111007293083270774
7 5 6 4 -1  -0.018248
6111234573669316512
3 2 2 3 -1  -0.0523347
6111561135400498764
6 5 5 4 -1  0.0343368
6112054338099091644
7 7 7 6 -1  0.228768
6112060540020808696
6 6 5 6 -1  0.9
6112113877413173963
0 3 2 5 -1  -0.430467
6112542055187772093
1 7 4 4 -1  -0.430467
6112700853070433552
6 5 5 5 -1  0.38742
6112756398850625907
4 6 5 6 -1  -0.81
6112829552778601912
4 2 3 1 -1  0.185302
6112875966181948519
6 2 5 4 -1  -0.0250315
6113124937899918065
5 5 4 3 -1  -0.00106111
6113247226034742479
5 3 7 5 -1  0.0250315
6113421601225390400
6 4 6 3 -1  0.0343368
6113498669088912328
5 2 3 3 -1  1.27042e-05
7 2 6 3 -1  0.0309031
6113753854609909040
2 7 1 5 -1  0.38742
6113754169717167768
5 3 4 3 -1  0.348678
6113889003840719536
3 1 5 0 -1  0.0278128
6113988640483653037
7 5 5 3 -1  -0.0309031
6114251042106869650
4 2 6 1 -1  0.0278128
6114451308238184338
4 5 3 5 -1  0.098477
6114459037695054653
7 1 4 1 -1  -0.531441
6114514752232112219
5 5 6 3 -1  0.0646108
6114551185216818261
7 2 7 6 -1  0.0164232
6114652687768251715
5 2 7 2 -1  0.729
6114912068595395955
7 1 6 3 -1  0.00463839
6114980317406877963
2 0 0 0 -1  0.81
6115217045914685667
3 6 2 6 -1  0.430467
6115359511343515978
7 7 6 6 -1  0.729
6115614391432218298
7 5 7 2 -1  0.109419
6115644605672217851
5 1 2 1 -1  0.81
6115699213600092638
3 4 4 5 -1  -0.6561
6115866442313442397
6 6 5 6 -1  0.0523347
6115919279833708437
6 1 5 1 -1  -0.0471013
6116310666190509227
3 5 7 5 -1  0.205891
6116344089916564887
4 0 3 1 -1  -0.121577
6116402628569862506
3 6 2 5 -1  -0.098477
6116436526103635309
7 3 7 2 -1  0.282429
6116512501369879362
4 5 7 5 -1  0.348678
6117279782216948581
3 6 3 0 -1  0.228768
6117533334508784873
7 5 7 2 -1  -0.31381
6117598485258134325
6 5 5 4 -1  -0.31381
6117678628567947542
5 3 4 3 -1  0.430467
6117736891059386893
7 1 5 2 -1  -0.0471013
7 2 6 3 -1  0.0523347
6117837958422250995
7 3 5 2 -1  0.00273892
6118080503914921022
1 1 1 0 -1  0.0164232
6118381297528496024
4 0 5 0 -1  0.0646108
6118596024589522792
3 3 2 3 -1  0.59049
6118727720920269305
3 4 2 4 -1  0.228768
6118738405974508376
7 1 5 2 -1  0.0238198
7 6 5 5 -1  0.0278128
6118828539726268737
7 6 6 4 -1  0.000176964
6118888054857913142
6 3 5 4 -1  -0.81
6119040311705740203
5 3 4 2 -1  -0.0471013
6119042123610798463
5 6 3 6 -1  -0.81
6119105753927689310
7 6 7 5 -1  0.478297
6119117712174280278
6 2 6 4 -1  0.135085
6119170886782266903
5 4 4 3 -1  0.018248
6119715941962036650
4 5 3 6 -1  -0.121577
6119770507431452165
6 1 5 2 -1  -0.150095
6119862993098484223
7 1 2 1 -1  -0.348678
6119866130167108662
7 0 7 3 -1  0.228768
6119964978694765199
6 6 5 5 -1  0.0343368
6120084033007356274
6 3 6 1 -1  0.0164232
6120448211691415350
5 5 5 4 -1  -0.38742
6120494109157889831
4 2 2 1 -1  0.0343368
6120501476253439266
6 5 5 4 -1  0.0797664
6120609053458037928
4 3 3 3 -1  -0.0343368
6120667424219832174
4 3 3 5 -1  -0.0309031
6120939578125788332
0 3 0 5 -1  0.478297
6120976479332362921
6 0 5 0 -1  0.135085
6121213822024782944
6 3 7 5 -1  -0.018248
6121762866251901971
6 2 5 2 -1  0.00304325
6121809246573356212
6 1 5 2 -1  -0.121577
6122373119718826786
5 6 4 7 -1  0.6561
6122517155973895369
3 2 2 2 -1  0.31381
6122775060360716041
5 4 5 5 -1  0.348678
6122805026330608438
5 3 4 2 -1  -0.0646108
6122968601592976382
2 3 3 2 -1  0.254186
6122974197984537761
5 6 4 7 -1  -0.121577
6122999631341584765
3 4 1 3 -1  -0.098477
6123154786853459826
7 0 7 3 -1  0.0107753
6123180103379900343
4 5 3 4 -1  0.00417455
6123317162549092405
7 3 5 1 -1  -0.0717897
6123392076052107152
5 1 3 0 -1  -0.478297
6123415297960657486
6 4 4 6 -1  0.478297
6123465348574884709
0 3 4 3 -1  0.478297
6123577443772937957
5 6 4 6 -1  0.282429
6123577558902066491
7 3 4 0 -1  0.254186
6123871657604789552
4 1 3 3 -1  -0.282429
6123998928287730428
3 3 1 1 -1  0.0646108
6124037583434186186
5 5 3 7 -1  -0.531441
6124630268973484090
7 3 5 5 -1  0.098477
6124997890121595155
5 0 6 2 -1  -0.81
6125068841663839052
5 3 7 4 -1  0.121577
6125143468750497331
6 1 7 2 -1  0.59049
6125205727605708371
5 2 4 2 -1  -0.38742
6125255770743094139
7 0 6 0 -1  0.0717897
6125371343925069200
6 3 7 1 -1  0.0523347
6125565836176307349
2 3 1 3 -1  -0.6561
6125741960142428592
7 1 5 2 -1  -0.166772
6125881732808933738
7 3 1 3 -1  -0.478297
6125904762449124857
7 1 6 3 -1  -0.00179701
6126386002884634603
6 2 7 3 -1  -0.6561
6126416469723184641
6 5 5 5 -1  0.0717897
6126503751370938284
5 6 6 7 -1  -0.430467
6126545292688773494
5 4 4 5 -1  -0.348678
6126716517411159893
4 3 3 3 -1  0.0471013
6126789207439101530
6 7 5 7 -1  0.0717897
6126802457165101471
7 3 6 3 -1  0.478297
6126943916039295820
4 0 3 1 -1  -0.0471013
6127230435190648787
6 7 5 7 -1  0.31381
6127330908580299743
7 0 0 0 -1  0.135085
6127386294557349989
7 1 0 1 -1  0.205891
6127515600212365058
2 3 4 5 -1  -0.430467
6127552023568523564
6 3 5 1 -1  0.0523347
6127715282821150603
6 0 7 1 -1  -0.478297
6128018584893267767
7 1 5 2 -1  0.0107753
6128192816667574800
5 1 6 0 -1  0.430467
6128309722716347756
4 6 4 0 -1  0.0797664
6128319020702232931
4 2 4 3 -1  -0.478297
6128369786846727451
4 4 5 5 -1  0.348678
6128391336951576811
6 3 4 4 -1  0.0646108
6128663186487961281
5 2 7 1 -1  0.0423911
6128784306207758960
5 6 6 4 -1  -0.478297
6128794634472582995
4 1 3 0 -1  0.282429
6128870423566498026
3 5 2 3 -1  0.0797664
6128909504106003336
7 2 6 2 -1  0.254186
6129141186302848291
7 7 7 5 -1  0.0646108
6129147646634584790
5 2 4 4 -1  0.018248
6129160539167392560
7 5 7 6 -1  0.0037571
6129271221182084848
6 3 5 1 -1  0.00515377
6129341845208244967
6 5 5 6 -1  0.0250315
6129596226375970808
7 0 7 2 -1  -0.135085
6129614455146921530
5 6 4 7 -1  0.81
6129740798467761451
7 2 6 1 -1  0.00463839
6129773513635976889
7 3 7 4 -1  -0.00969773
6129781339704032967
7 3 7 4 -1  0.0471013
6129889468308202207
2 1 4 2 -1  0.038152
6129890476119692297
7 5 7 4 -1  0.81
6130080737274092562
3 7 5 6 -1  -0.59049
6130138964538005985
4 5 3 5 -1  -0.6561
6130187716077383378
5 2 6 4 -1  -0.0523347
6130523662417326149
6 4 5 3 -1  0.0107753
6130657879098581307
5 2 4 3 -1  -0.018248
6130682202318828601
3 3 5 1 -1  0.729
6130699029229124504
5 2 6 4 -1  -0.228768
6130709093934404408
7 2 5 2 -1  -0.59049
6130714807892092785
7 0 4 3 -1  -0.348678
6130767111910621211
6 6 5 5 -1  0.0797664
6130871218650640121
6 4 4 4 -1  0.00273892
6131035238843108274
6 6 5 5 -1  -0.430467
6131345911860782743
7 7 7 6 -1  -0.430467
6131425110549639303
3 2 0 2 -1  -0.348678
6131844219496059828
4 7 3 6 -1  -0.0886293
6131926968996229067
7 1 6 3 -1  0.0423911
6132451544154141984
7 4 7 6 -1  -0.0164232
6132525409571985159
7 5 6 4 -1  0.00785516
6132596112824366640
7 7 0 7 -1  0.00706964
6132645092218870858
3 1 5 1 -1  0.0107753
6132706169815843240
5 4 4 4 -1  -0.0225284
6132726819928533972
7 4 6 5 -1  0.478297
6132784385601741577
1 2 1 0 -1  -0.166772
6132785178144587103
7 4 7 6 -1  0.0423911
6132906363747684961
4 7 6 5 -1  0.9
6133057069212908764
7 1 6 0 -1  -0.31381
6133057945570853617
7 2 5 4 -1  0.282429
6133112764340438606
3 1 0 4 -1  -0.018248
6133117999045241636
4 0 5 1 -1  0.0581497
6133223964826561347
6 5 5 5 -1  0.9
6133413388129521751
6 7 4 7 -1  -0.6561
6133443058827245842
6 1 5 1 -1  0.00721144
6 2 4 2 -1  0.00376333
6 3 4 3 -1  0.00706768
7 5 3 1 -1  0.00383004
6133641900054493641
6 1 7 2 -1  0.254186
6133669555431615328
1 0 1 1 -1  0.478297
6133853863195386716
7 5 4 2 -1  0.729
6133910067367715881
6 1 1 6 -1  0.135085
6134053623551969073
5 2 6 2 -1  0.228768
6134076885240075203
6 1 7 2 -1  -0.0581497
6134211217950972688
0 4 2 2 -1  0.38742
6134323757850815059
6 2 2 2 -1  0.478297
6134622629209923532
6 4 5 3 -1  0.254186
6134785435683074259
1 7 1 5 -1  0.254186
6134827347317853946
4 1 3 1 -1  0.59049
6134882247277965130
5 2 4 3 -1  0.0797664
6135312600913355854
6 6 5 6 -1  0.0523347
6135624443125324431
7 1 6 3 -1  0.0164232
6136176086280959890
1 5 1 7 -1  0.205891
6136186090061214158
7 2 6 3 -1  0.185302
6136578115628875950
7 6 7 5 -1  -0.0343368
6136635350658799154
5 6 4 7 -1  0.098477
6136665973331607884
7 6 7 7 -1  0.282429
6136916538756461206
6 4 4 5 -1  -0.531441
6136984831840354874
6 7 5 7 -1  0.018248
6137370050662467888
6 3 5 3 -1  0.0250315
6137442910071904988
7 5 3 5 -1  -0.135085
6137458663812062684
7 5 7 0 -1  0.166772
6138337980401389556
6 3 5 2 -1  0.00463839
6138699071728725614
7 7 0 7 -1  0.6561
6138744137894204168
7 5 2 0 -1  0.166772
6138941419899307985
3 5 4 6 -1  -0.0471013
6138981665228259069
6 1 3 1 -1  0.0309031
6139148697521859517
4 2 6 2 -1  0.282429
6139170776650543376
6 5 7 6 -1  -0.81
6139253073332508758
4 5 4 3 -1  0.59049
6139285608325840616
7 4 7 3 -1  0.38742
6139366183066326740
3 1 1 0 -1  0.098477
6139428020343778853
7 3 3 7 -1  -0.0107753
6139484839214596569
6 2 4 2 -1  0.038152
6139738772690450232
5 0 4 0 -1  0.38742
6140021167576452577
7 5 5 3 -1  0.00572641
6140037132669361059
5 2 4 4 -1  0.109419
6140060009894791331
7 0 6 0 -1  0.282429
6140570828031311727
7 3 5 5 -1  0.31381
6140776661890137849
6 2 4 2 -1  -0.81
6140784347232090413
6 6 7 6 -1  0.9
6140784459132945170
6 7 7 6 -1  -0.205891
6140786404933676544
7 5 5 3 -1  0.0225284
6140975708910499674
5 5 4 4 -1  0.0886293
6141227570353022321
7 6 6 5 -1  0.0646108
6141265483507391064
5 4 5 5 -1  0.098477
6141269456153513427
6 6 5 6 -1  0.121577
6141354502846195830
3 1 2 0 -1  0.0717897
6141457195985081346
7 2 5 4 -1  -0.00145558
6141508680829370164
4 1 3 2 -1  -0.0797664
6141583857233478354
6 3 4 5 -1  0.38742
6141691314789036330
3 6 2 5 -1  0.00706964
6141692961731444152
5 4 4 4 -1  -0.0886293
6141777485296167765
7 5 7 4 -1  0.0107753
6141845934804658557
7 1 5 1 -1  -0.0886293
6142067796844867445
5 6 4 6 -1  -0.348678
6142115140076356191
7 2 4 2 -1  -0.254186
6142249559913842699
7 3 6 4 -1  0.31381
6142417392636875048
5 0 4 2 -1  -0.0646108
6142488150775895092
0 0 0 7 -1  0.6561
6142859286001056473
6 4 7 3 -1  0.228768
6142931584558304640
6 4 7 4 -1  0.38742
6142965818130521941
6 2 4 2 -1  -0.478297
6142974815621429476
6 3 7 5 -1  0.6561
6143430704223880402
6 6 4 5 -1  -0.0119725
6143542297533779422
7 3 7 2 -1  -0.0250315
6144008770714689468
7 3 1 3 -1  -0.0147809
6144034649162378195
7 2 5 0 -1  -0.228768
6144127105823254613
6 2 3 5 -1  0.0523347
6144172372816023718
7 6 6 6 -1  0.185302
6144396627689468551
6 6 7 5 -1  -0.0225284
6144482683445810516
6 3 5 2 -1  -0.0646108
6144521071398423836
6 5 3 5 -1  -0.478297
6144638928645049126
5 5 6 7 -1  0.228768
6144678222126737702
3 1 2 1 -1  -0.729
6144682121027549355
5 4 5 3 -1  0.038152
6144682512922000423
6 0 4 0 -1  0.205891
6144848889955762942
7 7 7 4 -1  0.0886293
6144901202054706475
7 2 6 1 -1  0.00338139
6144973309056896023
5 1 4 1 -1  -0.0717897
6145125471972861905
5 2 4 1 -1  -0.0581497
6145146838274212888
6 4 5 5 -1  0.0523347
6145223534632292902
3 1 2 2 -1  0.430467
6145412249282323801
5 5 4 6 -1  0.478297
6145458679479887789
2 0 7 0 -1  -0.0717897
6145518022229788514
6 4 5 2 -1  -0.038152
6145624053503076036
3 6 1 6 -1  -0.0646108
6145720208484471883
3 3 1 1 -1  -0.282429
6145959037797291719
3 7 4 6 -1  0.166772
6146297109347771408
7 2 7 3 -1  0.478297
6146316484554508036
4 1 3 2 -1  -0.185302
6146365219494473682
6 3 7 4 -1  0.185302
6146608031143723495
4 5 5 5 -1  0.0581497
6146858153528549874
5 4 4 3 -1  0.00199668
6147078336434641850
7 7 7 6 -1  0.166772
6147127338813418660
1 2 7 2 -1  0.478297
6147314423510223445
6 1 4 3 -1  0.282429
6147563232773201238
5 6 3 4 -1  -0.478297
6147729037821046569
7 3 6 3 -1  -0.0471013
6147763976818873234
6 1 5 1 -1  0.228768
6147825350242731358
4 1 3 1 -1  0.0886293
6147833688345953547
7 6 6 5 -1  0.348678
6147866047696015365
4 2 5 3 -1  0.00304325
6148143491716894601
6 0 7 0 -1  0.109419
6148218558223842055
4 4 3 4 -1  0.6561
6148227170275488348
7 4 7 6 -1  -0.00969773
6148592096763295485
7 1 7 2 -1  0.254186
6148758488364611229
4 2 6 4 -1  0.9
6148868766961145415
5 3 4 4 -1  -0.121577
6149097074280520605
7 6 7 7 -1  0.81
6149234234383984773
7 3 6 3 -1  0.430467
6149462968061763409
5 7 4 7 -1  0.018248
6149528163217431380
1 3 0 3 10  -0.531441
6149675083557184245
7 5 6 6 -1  -0.0107753
6149985624702199531
6 7 5 7 -1  0.000696197
6150126653885965324
5 3 4 2 -1  -0.254186
6150301391525059403
3 3 7 3 -1  -0.254186
6150362063029697962
6 1 5 1 -1  0.0343368
6150424436839068785
6 4 5 4 -1  -0.00118027
6150538369140325990
6 3 4 2 -1  0.0278128
6150576340133144116
7 5 6 6 -1  0.00304325
6150615601308873033
5 5 4 7 -1  0.0523347
6150634900210788283
4 4 3 3 -1  0.0343368
6150967698269300310
7 5 7 3 -1  0.0278128
6151056383775244545
7 3 7 4 -1  0.098477
6151136938576925284
4 4 5 5 -1  -0.00117902
6151278893431420737
6 6 5 6 -1  0.0797664
6151293400531086840
4 3 3 2 -1  0.00338139
6151383680653810292
7 2 1 2 -1  0.430467
6151507628951468900
3 3 5 2 -1  0.0891217
6151525540461000596
2 5 3 4 -1  0.121577
6151720852451455861
4 2 5 3 -1  0.0581497
6151821475475081885
7 2 6 3 -1  0.430467
6152466993306038478
6 7 5 7 -1  0.038152
6152516833171569267
5 2 4 2 -1  0.0250315
6152570314992536180
4 5 5 6 -1  -0.0202755
6152632963101222201
4 5 2 3 -1  0.0133028
6152636670159860281
6 2 4 2 -1  -0.00417455
6152638075095755724
4 2 3 3 -1  -0.00145558
6152722702507768323
5 2 3 3 -1  0.282429
6153015271648474381
4 3 5 5 -1  0.478297
6153079510913845038
6 3 4 4 -1  0.0797664
6153461491946010938
5 2 7 4 -1  0.282429
6153585680096480506
6 2 5 2 -1  -0.0309031
7 2 6 3 -1  0.018248
6153720553672934468
4 1 3 0 -1  0.228768
6153807244583364659
4 6 6 5 -1  -0.0797664
6154075407308934456
5 4 4 3 -1  0.6561
6154112366383187911
7 4 7 6 -1  0.000176964
6154150639251822968
3 6 2 5 -1  0.0142545
3 6 4 7 -1  0.0581497
6154242296755365021
6 5 5 4 -1  0.59049
6154287468244501917
6 3 6 4 -1  -0.0225284
6154452906960639026
7 3 4 6 -1  -0.135085
6154470353710204054
3 2 3 1 -1  -0.038152
6154487470799374539
2 3 1 4 -1  -0.150095
6154543808548377324
7 3 7 1 -1  -0.254186
6154734279043550891
7 0 7 3 -1  -0.282429
6154832695178293257
6 1 3 4 -1  0.135085
6154949468037644715
4 5 0 1 -1  4.49819e-05
6155112513845846095
2 3 0 1 -1  -0.6561
6155317391750562631
4 6 3 6 -1  0.0119725
6155475797315633133
7 1 2 6 -1  -0.0797664
6155587058944920332
6 5 4 5 -1  0.038152
6155588568532405608
5 5 4 3 -1  -0.0423911
