6568262388481358374
5 6 4 5 -1  0.228768
6568264605512267454
5 3 4 3 -1  0.31381
6568458646194375572
7 7 5 7 -1  -0.9
6568977003607043209
6 7 4 7 -1  -0.109419
6569026382241292231
6 7 4 7 -1  -0.478297
6569077310987416473
5 6 6 6 -1  -0.282429
6569239590317975826
0 3 0 5 -1  0.38742
6569411694789435607
6 4 5 4 -1  -0.00872795
6569445537781064210
7 4 7 6 -1  -0.0717897
6569451270905735285
3 0 6 3 -1  0.205891
6569587168114034758
4 1 3 1 -1  0.121577
6569611618206032957
6 6 5 6 -1  0.00417455
6569634820229747842
3 1 2 2 -1  0.098477
6 1 5 1 -1  -0.0152412
6 2 4 2 -1  0.038152
7 4 7 6 -1  0.0103744
6569657487608951250
7 4 7 2 -1  -0.282429
6569679138705236726
4 7 4 6 -1  -1
6569943259442511682
4 2 3 2 -1  0.166772
6570132446388306933
5 1 4 1 -1  0.0343368
6570290190614386400
7 0 7 4 -1  0.0309031
6570312816416550847
7 3 6 4 -1  -0.00400495
6570315744992493010
7 3 6 4 -1  -0.0164232
6570446730243693234
6 0 4 0 -1  -0.0343368
6570761841399573699
5 2 3 1 -1  -0.348678
6570840269892842771
6 4 7 3 -1  -0.478297
6570904303208866181
4 1 4 2 -1  0.0886293
6570905324078896205
5 2 4 2 -1  -0.098477
6571632857472409434
6 4 6 3 -1  0.0107753
6571868256971985073
6 0 4 0 -1  0.00304325
6571904043089406246
2 3 4 4 -1  0.6561
6571942645497953153
2 7 3 6 -1  0.38742
6572022383623298746
7 4 7 3 -1  0.150095
6572260079189760519
4 2 5 1 -1  0.0147809
6572738005025232310
6 5 6 6 -1  0.254186
6572791253929081542
6 5 4 5 -1  0.098477
6572792674148382006
3 6 2 6 -1  0.205891
6572876367665871022
5 4 6 5 -1  -0.31381
6572906585542434033
3 6 2 5 -1  -0.0797664
6573091544522092618
5 4 4 3 -1  -0.0581497
6573118211067175455
7 6 6 5 -1  -0.0471013
6573486243837608383
7 6 7 7 -1  0.254186
6573825073020117900
3 6 4 7 -1  -0.0523347
6574101582656160890
7 3 7 7 -1  0.00056392
6574317883635332987
7 0 7 1 -1  0.000859503
6574367704093422322
6 5 5 4 -1  0.0250315
6574743220840332867
4 2 3 4 -1  -0.254186
6574767646773200942
7 6 6 5 -1  0.729
6574847577438944381
6 1 6 0 -1  0.348678
6574954263883742937
7 2 4 2 -1  -0.430467
6575207120783502823
5 5 4 3 -1  0.166772
6575243471046461992
7 6 6 5 -1  0.0423911
6575298190067281858
5 6 4 6 -1  -0.00463839
6575636960150220192
7 2 6 4 -1  -0.254186
6576087743150656924
4 6 3 5 -1  0.38742
6576233242983899336
6 2 5 2 -1  0.430467
6576335240801271856
3 4 1 3 -1  0.0646108
6576348318643172511
5 2 4 0 -1  0.0471013
6576526363559566627
5 5 7 4 -1  -0.00636268
6576613790202053348
4 5 2 6 -1  0.254186
6576676200498830663
1 5 2 6 -1  0.531441
6576878680710755181
6 2 7 0 -1  0.478297
6576935319781046368
5 5 4 5 -1  -0.0250315
6577038219550316985
4 7 3 7 -1  0.0886293
6577046568457586626
5 5 4 3 -1  0.00463839
6577057845152090476
5 1 4 1 -1  -0.0309031
6577222290934882228
7 6 7 7 -1  -0.348678
6577414618329065887
5 3 4 2 -1  0.150095
6577589621937784403
7 2 6 1 -1  0.0147809
6577979076039832695
1 1 2 2 -1  -0.228768
6578036469608311255
6 3 4 2 -1  0.150095
6578448411696382603
1 2 1 6 -1  -0.59049
6578474231543040760
7 0 7 4 -1  0.0343368
6578480670005852364
7 2 4 5 -1  0.531441
6578538274804075235
7 1 7 6 -1  -0.282429
6578964343059990227
2 0 6 0 -1  0.166772
6579258764616682753
5 5 3 7 -1  -0.38742
6579318662305285569
2 7 1 7 -1  0.0797664
6579557945389633687
2 3 0 5 -1  -0.478297
6579651071338676647
6 3 7 5 -1  -0.0797664
6579732940221946631
6 3 4 2 -1  -0.6561
6579846075025357115
5 3 4 2 -1  0.38742
6579924402215069355
4 4 3 4 -1  0.150095
6580224441744495514
6 4 5 5 -1  0.205891
6580482405668127042
6 1 5 1 -1  0.31381
6580527850546740595
3 7 3 6 -1  0.0471013
6580742672581149930
5 1 3 2 -1  0.0523347
6581009804483759745
3 7 4 7 -1  0.478297
6581562609519962992
6 3 5 3 -1  0.00969773
6581585091750503861
7 5 6 4 -1  -0.531441
6581605157025489484
4 5 3 6 -1  0.135085
6581806307734148306
6 3 6 6 -1  -0.0037571
6581837159135805862
7 7 7 0 -1  0.205891
6582141386432462317
7 4 7 6 -1  0.254186
6582246122585206394
7 3 7 2 -1  0.0797664
6582330445070795958
5 0 4 0 -1  0.729
6582602212985232945
5 5 6 5 -1  0.121577
6582726806209690535
7 4 7 6 -1  0.0581497
6582901158838163547
5 6 4 6 -1  0.0886293
6583018386038544592
7 5 7 3 -1  -0.0107753
6583362674773363733
7 2 3 6 -1  -0.0147809
6583463075641514452
2 1 5 4 -1  -0.0646108
6583747241748465104
7 3 6 4 -1  0.038152
6583758332065383299
7 3 7 4 -1  -0.81
6583919723346105641
6 6 5 5 -1  0.098477
6584049172857331595
5 3 4 4 -1  0.0646108
6584068683687582550
1 0 2 0 -1  -0.81
6584117367204052668
7 3 5 2 -1  -0.0717897
6584315953815418307
5 7 4 7 -1  -0.166772
6584368699420579649
6 2 4 1 -1  -0.166772
6584692265640691069
4 1 3 1 -1  -0.00179701
6584797179409983110
6 3 7 1 -1  0.0309031
6585120044207458102
7 5 5 6 -1  0.0797664
6585144007211544145
7 3 5 3 -1  0.205891
6585149444495275071
1 3 0 1 -1  -0.00117902
6585570902018014082
6 3 6 0 -1  0.0343368
6586029213364421132
6 1 5 1 -1  -0.0471013
6586105478818000751
3 1 2 2 -1  -0.0581497
6586135046429032684
7 5 6 4 -1  0.000411098
6586259094197929583
7 2 3 2 -1  0.9
6586278414591000894
5 6 6 6 -1  -0.9
6586511834643370705
6 6 3 3 -1  -0.000955003
6586832920010719858
5 6 4 6 -1  0.166772
6586835995664315164
6 6 5 4 -1  3.58804e-06
6587119593253145198
2 7 5 7 -1  -0.0423911
6587482505764831432
7 5 7 4 -1  -0.0523347
6587536435776984264
3 6 4 7 -1  -0.0225284
6587706376565154591
4 2 5 0 -1  0.0717897
6588244305576681442
7 6 7 5 -1  0.00515377
6588436453989743958
6 6 4 6 -1  0.00221853
6588476947366549169
6 3 5 2 -1  -0.0523347
6588609695655154418
7 3 3 3 -1  -0.254186
6588650473481649118
7 1 6 0 -1  0.166772
6588878921425656159
6 6 7 7 -1  0.81
6589201132965093168
7 4 7 6 -1  0.00056392
6589235843659593682
4 0 2 1 -1  0.38742
6589270567090588877
7 3 5 1 -1  0.0343368
6589549952276751189
5 6 4 7 -1  0.135085
6589606599063967572
5 6 4 6 -1  -0.478297
6589687416500652041
1 6 2 7 -1  -0.254186
6589855471007093667
7 6 7 5 -1  -0.9
6590121983452707476
4 3 0 3 -1  0.098477
6590159125201321622
1 1 0 3 -1  -0.9
6590231487811294130
4 5 4 7 -1  0.59049
6590402426216988547
4 0 7 0 -1  0.531441
6590527528061306015
7 2 4 5 -1  -0.729
6590643499393109678
1 1 1 6 -1  0.59049
6590777436909721134
3 6 2 5 -1  -0.38742
6590805467969167027
7 3 6 2 -1  -0.0797664
6590845011161258859
2 5 1 6 -1  -0.478297
6591030278251121502
7 6 7 7 -1  0.0646108
6591035728736657708
6 1 4 1 -1  0.038152
6591061517663107199
6 7 5 6 -1  0.0471013
6591101999077794783
5 2 4 4 -1  0.0225284
6591152071393567207
4 4 3 3 -1  0.348678
6591190894235926669
7 2 4 5 -1  0.0037571
6591229810531146222
6 1 5 1 -1  0.0797664
6 2 5 2 -1  0.00865067
7 1 6 3 -1  0.000930849
6591649791764963447
5 5 5 4 -1  0.0225284
6591785905987262667
4 0 6 2 -1  0.185302
6591812334629256517
2 3 4 4 -1  0.166772
6592031751351046174
0 3 1 5 -1  -0.38742
6592066557331962822
5 5 6 3 -1  0.0471013
6592202645353898375
4 1 3 1 -1  -0.531441
6592509142334688340
6 4 4 2 -1  -0.00572641
6592778205399180339
5 6 6 7 -1  0.109419
6592931155746581926
5 1 6 1 -1  0.348678
6593130083738721824
5 3 0 3 -1  0.38742
6593283342218812344
5 7 4 5 -1  0.282429
6593481269213693394
7 4 7 6 -1  0.0147809
6593484348961354851
3 4 4 3 -1  0.9
6593719913501880593
3 3 3 5 -1  -0.6561
6594051730012391460
3 3 2 3 -1  -0.430467
6594472294956299908
5 4 3 4 -1  0.81
6594704198773372314
4 4 4 3 -1  0.109419
6594750182601203027
3 0 1 0 -1  0.166772
6594754363632598753
4 6 2 4 -1  0.282429
6594848195362715315
7 3 6 3 -1  0.0886293
6594919770344364386
5 2 3 1 -1  -0.0886293
6595090914880343186
3 2 2 2 -1  -0.6561
6595173804902930458
4 2 2 1 -1  0.109419
6595277412649639131
4 0 3 1 -1  0.0423911
6595398590159516439
5 3 4 3 -1  0.0471013
6595754239071316745
4 7 3 7 -1  0.31381
6595902848364637328
5 2 4 0 -1  -0.00221853
6596181877528267659
4 3 3 2 -1  -0.254186
6596200457769342182
6 1 5 2 -1  0.166772
6596400989971410587
7 3 6 3 -1  0.150095
6596683427602967657
4 0 3 0 -1  -0.0581497
6596721690350499337
6 0 4 0 -1  0.0250315
6597058968130796934
3 4 2 4 -1  -0.254186
6597472320094983347
4 4 4 5 -1  0.254186
6597552141481447069
7 4 7 2 -1  0.0797664
6597758774483226344
5 2 6 4 -1  0.00706964
6598196305362110669
6 4 5 3 -1  0.478297
6598222257408081585
6 6 5 5 -1  -0.000242749
6598405663019403938
5 4 4 4 -1  0.0581497
6598414598752819558
5 5 3 4 -1  0.150095
6598494076733634168
5 2 4 2 -1  0.0343368
6598808303617164357
6 4 5 5 -1  0.0523347
6598944892228020372
4 4 5 6 -1  0.478297
6598989240012606283
7 5 6 6 -1  0.098477
6599095025421813387
4 7 5 6 -1  0.59049
6599185444862432229
7 1 7 2 -1  0.0037571
6599190393692548124
6 1 5 2 -1  -0.0471013
6599620897596949867
7 5 7 4 -1  0.531441
6599950979337402170
4 2 2 3 -1  0.38742
6599962718480711284
7 0 7 2 -1  -0.135085
6600105555803803520
7 2 6 1 -1  0.0523347
6600249475026783269
6 7 4 7 -1  0.729
6600288477854287686
5 1 5 7 -1  0.150095
6600497228190198487
6 4 5 2 -1  -0.0278128
6600579145715775514
4 2 3 2 -1  -0.348678
6600667294137569689
7 4 4 7 -1  -0.0646108
6600782134353988604
5 3 4 4 -1  -0.0133028
6600826402904786620
6 4 6 6 -1  0.109419
6601173874122569548
7 2 7 1 -1  0.478297
6601350801287565498
4 3 4 4 -1  -0.348678
6601585033302830945
7 7 4 4 -1  -0.729
6601673770356348116
5 2 4 0 -1  -0.0202755
6601673785075944805
6 2 6 1 -1  -0.0133028
6602101847618903476
4 4 3 3 -1  -0.0278128
6602129554833127931
5 3 5 4 -1  0.0797664
6602268793421903068
4 3 3 2 -1  0.00872795
6602332048269796193
6 5 5 5 -1  0.150095
6602367908541429354
6 4 4 5 -1  -0.282429
6602408463411000305
6 2 4 0 -1  0.0250315
6602994109500976365
7 2 7 1 -1  0.0309031
6603127343783661225
6 4 5 3 -1  -0.0379743
6603312276279288956
7 5 6 5 -1  0.315554
6603335399444713476
5 7 4 6 -1  0.098477
6603475160177055700
7 1 5 2 -1  -0.0225284
6603613949935457564
3 3 1 1 -1  -0.150095
6603902984121715935
7 5 6 6 -1  0.034474
6603936411593760521
6 0 4 0 -1  -0.0164232
6603976346972057331
6 3 5 3 -1  0.0278128
6604095023383541369
6 5 4 5 -1  0.038152
6604138948685332669
4 0 3 0 -1  -0.121577
6604207086494991882
7 0 7 2 -1  0.430467
6604321081811942474
6 7 4 7 -1  0.729
6604477519480060911
6 0 6 2 -1  0.531441
6604640301499969599
3 3 2 2 -1  0.205891
6604861756977245973
5 0 4 0 -1  -0.00969773
6604864644062636411
7 4 6 4 -1  0.0225284
6605420377850151741
6 6 5 5 -1  -0.348678
6605678347596095930
4 6 3 7 -1  0.0343368
6605684140320829901
7 6 7 5 -1  0.81
6606485380325182193
5 4 4 4 -1  -0.019294
6606630183122044355
6 6 6 5 -1  0.478297
6606697113517422311
6 4 5 3 -1  0.0147809
6606738115388086048
6 7 4 7 -1  -0.0646108
6606742888211382088
5 1 4 2 -1  -0.0309031
6606743401267548232
5 4 6 3 -1  0.150095
6607163818664334434
5 1 4 1 -1  0.0797664
6607238765038262426
6 2 5 2 -1  0.109419
6607285185901945413
7 5 5 3 -1  -0.0581497
6607593066319011370
6 6 4 6 -1  -0.228768
6607735334446051194
6 2 4 2 -1  0.00246503
6608116522711111378
5 2 4 0 -1  0.0581497
6608375405274713214
6 6 5 6 -1  0.430467
6608455781247210726
3 4 1 4 -1  0.228768
6608506183043433609
6 4 4 6 -1  0.0107753
6608690095705532629
5 1 4 1 -1  0.098477
6608871785614417025
5 5 3 6 -1  0.098477
6608886886663266165
7 5 6 5 -1  -0.38742
6609169325698445572
6 0 4 0 -1  0.430467
6609429567848787284
3 4 6 4 -1  0.0797664
6609713679379990749
6 4 5 5 -1  0.478297
6610036425574819125
5 1 4 1 -1  -0.098477
6610092106276416661
7 4 7 2 -1  0.531441
6610117453894187643
6 5 4 5 -1  0.0278128
6610247056406303640
7 3 7 4 -1  -0.0886293
6610340396733508552
6 5 5 4 -1  -0.098477
6610770975913762121
5 7 4 6 -1  -0.098477
6610780221931055564
4 2 3 3 -1  0.0225284
6611353444439095959
3 4 4 3 -1  0.0133028
6611624445658342429
6 5 5 5 -1  0.00706964
6611628524774435324
7 1 6 1 -1  0.228768
6611630627822468141
7 2 6 3 -1  0.0147809
6611646348768142976
6 5 5 5 -1  0.59049
6611790105314278703
6 7 4 7 -1  0.00273892
6611819905822371176
4 6 5 4 -1  -0.109419
6611901060773758891
6 3 5 2 -1  0.0886293
6611930466336541931
6 5 4 5 -1  -0.430467
6612075672406611890
2 2 4 4 -1  0.430467
6612086326491227499
4 6 3 6 -1  0.38742
6612110639214797361
6 6 5 6 -1  -0.00463839
6612311010842552109
2 2 3 4 -1  -0.166772
6612334353917967412
6 3 5 1 -1  0.00273892
7 0 7 2 -1  0.0646108
7 5 6 4 -1  -0.00346596
6612641032360364203
5 5 4 3 -1  0.00706964
6612902389869588088
5 3 4 3 -1  -0.0309031
6613051942839807762
5 2 3 1 -1  0.166772
5 5 4 3 -1  0.0237724
6613421067577213378
4 7 3 6 -1  0.150095
6613439534626382828
7 2 7 3 -1  -0.531441
6613549517378002894
6 4 6 3 -1  0.135085
6613830266424972507
6 4 6 3 -1  0.0225284
6614405406251017091
7 6 6 4 -1  0.0471013
6614578177434373168
3 1 2 1 -1  -0.254186
6614653474032951393
7 1 5 1 -1  0.098477
6614703651671924080
4 7 2 5 -1  -0.348678
6614805326494287141
6 0 7 1 -1  0.38742
6614819590104972352
5 3 4 4 -1  -0.0797664
6614913551263598316
7 0 7 3 -1  0.0646108
6615056868778519209
6 4 7 3 -1  -0.38742
6615230362140455689
6 6 5 6 -1  0.0646108
6615417374385569633
5 5 3 6 -1  0.166772
6616286313175730365
4 3 2 2 -1  0.00572641
6616333486095420523
7 2 6 1 -1  0.0107753
6616400529921506513
7 3 4 0 -1  0.038152
6616500917765500974
4 7 5 7 -1  0.729
6616514778252166871
6 2 5 2 -1  0.478297
6616645585642686075
3 0 6 0 -1  -0.166772
6616667403999204408
1 1 3 0 -1  0.348678
6617142048148135438
3 5 3 6 -1  0.0423911
6617367125695226174
7 6 6 6 -1  0.9
6617406646001071449
6 7 5 5 -1  -0.59049
6617576990647809973
6 1 5 2 -1  0.185302
6617622440511822445
5 0 7 0 -1  -0.0133028
6617651244747467409
7 3 5 3 -1  0.0343368
6617661288897196303
5 0 4 0 -1  0.228768
6617828494156536628
7 0 6 1 -1  0.348678
6617864087087023610
6 2 4 2 -1  0.0451751
6 4 5 4 -1  -0.000456775
7 1 6 3 -1  0.00273892
7 2 3 6 -1  -0.0164232
7 2 4 5 -1  0.0107753
6617894694828273223
7 6 7 5 -1  -6.85594e-05
6617975884630927982
6 4 5 6 -1  0.018248
6618197693282321950
7 3 6 3 -1  0.0471013
6618372464593363311
5 1 3 0 -1  -0.282429
6618396486070470707
7 5 7 2 -1  0.121577
6618442841437163628
5 7 5 5 -1  0.6561
6618531769393711512
5 5 4 7 -1  -0.0278128
6618546445827920075
4 1 3 1 -1  -0.430467
6618666133106990755
4 4 5 6 -1  0.0250315
6618892164166434317
6 4 6 5 -1  0.6561
6619135782636906521
5 6 7 6 -1  0.729
6619155720922669164
7 5 7 4 -1  0.531441
6619279441195422799
2 0 7 5 -1  0.38742
6619393124716706623
7 4 7 3 -1  -0.38742
6619435984256033190
5 1 1 1 -1  0.59049
6619487470199210919
2 5 2 7 -1  0.38742
6619903905129745544
5 7 3 5 -1  0.228768
6620164540848289490
6 5 5 5 -1  0.0164232
6620174439626069953
7 0 7 3 -1  -0.0471013
6620406133955246184
3 6 5 7 -1  -0.000129007
6620420942920627474
6 4 7 5 -1  0.0797664
6620485967423803264
6 3 4 1 -1  0.0250315
6620721940534126128
4 4 2 3 -1  -0.135085
6620757665755268011
5 0 6 2 -1  0.0250315
6620791875023334170
6 6 7 7 -1  0.254186
6620794556225391367
3 0 0 0 -1  0.729
6620827909454124574
6 4 7 5 -1  0.0164232
6620936431321722110
5 3 5 1 -1  -0.166772
6621323243654227904
7 0 6 0 -1  -0.098477
6621366435627460761
7 2 5 4 -1  0.0797664
6621439768796440936
4 4 4 0 -1  0.228768
6621494424152205985
1 4 2 4 -1  -0.135085
6621551498163073814
6 4 5 3 -1  0.0886293
6621565677522681330
4 5 3 5 -1  0.6561
6621632252505308107
1 1 0 2 -1  -0.348678
6621752532598062677
4 6 0 2 -1  0.185302
6621905928230963538
6 3 5 2 -1  0.729
6621908007944554066
7 3 2 3 -1  0.0471013
6621938643888295687
5 5 6 3 -1  0.00313774
6622071581252381086
1 3 2 3 -1  -0.31381
6622074012586046570
4 2 4 4 -1  0.150095
6622136869491765888
7 0 7 2 -1  0.282429
6622204674975116963
6 0 5 1 -1  -0.121577
6622368890173835391
7 1 5 0 -1  -0.00131002
6622444018320502063
5 3 4 4 -1  0.185302
6622457396635203070
6 3 5 3 -1  0.0133028
6622622120811677520
4 0 7 0 -1  0.109419
6622723140633296130
3 0 0 0 -1  0.205891
6622792999520713415
7 5 5 4 -1  1
6622821741476937076
6 5 4 5 -1  0.0646108
6622825094763539430
7 6 6 6 -1  -0.59049
6623008798365738267
6 6 5 6 -1  -0.0147809
6623023674166247833
3 4 2 4 -1  -0.348678
6623065930148052298
7 4 7 6 -1  0.0119725
6623125445207724244
7 2 6 1 -1  0.0133028
6623214965543467604
0 5 5 5 -1  0.38742
6623717903403977176
6 3 4 4 -1  -0.0423911
6623749493718534703
6 0 5 0 -1  -0.038152
6623803884708211277
7 5 7 4 -1  0.0309031
6624227990121640531
3 6 2 5 -1  0.0646108
6624235699970397001
6 6 5 6 -1  0.0309031
6624258708265239381
4 6 3 5 -1  0.6561
6624308639504548159
2 2 1 1 -1  0.9
6624569038991599070
6 0 4 0 -1  -0.59049
6624614768235675299
5 2 4 2 -1  0.228768
6624774192803320208
6 4 5 6 -1  0.018248
6624779114561981135
4 5 2 7 -1  -1
6624792847423553572
7 3 6 2 -1  0.478297
6624822339426712596
2 2 0 2 -1  0.000626578
6624910235483613893
4 6 3 6 -1  0.478297
6624919663198614402
5 4 4 5 -1  0.0309031
6624988916611406844
3 1 2 2 -1  0.0147809
6625126008814912921
7 4 7 6 -1  0.478297
6625174183071969200
6 6 7 7 -1  0.531441
6625174705904635115
6 1 7 2 -1  0.729
6625297610652621079
3 5 2 3 -1  0.31381
6625606808300478819
6 0 4 0 -1  0.0581497
6625656126117393540
6 6 5 4 -1  -0.166772
6625904783366199290
7 2 6 3 -1  0.00273892
6626043921470303047
6 7 5 7 -1  0.430467
6626090605131232659
5 2 4 3 -1  0.531441
6626240889991992141
5 3 4 4 -1  0.0225284
6626287026534673021
4 5 3 4 -1  -0.0886293
6626407499602152393
5 5 3 4 -1  -0.185302
6626480082167141639
6 3 5 3 -1  -0.0717897
6626774227981204208
7 6 6 6 -1  -0.038152
6626802619510525558
5 1 7 1 -1  -0.0107753
6627122219898246160
4 4 5 3 -1  0.205891
6627619555495938702
6 5 5 5 -1  -0.205891
6627680113000937991
6 4 6 6 -1  0.0343368
6627710368078921943
3 3 2 2 -1  0.0851334
6627711059071945043
6 1 3 4 -1  -0.430467
6627733477311705134
7 6 6 4 -1  0.348678
6627902581875304641
6 5 5 4 -1  0.254186
6628002118310324220
5 6 4 7 -1  -0.9
6628423476825334197
5 1 1 5 -1  0.531441
6628722083973521345
5 0 3 1 -1  0.0581497
6628724725983948880
3 4 1 5 -1  -0.81
6628732499606281844
5 0 7 2 -1  -0.729
6628917813796360996
4 0 4 2 -1  0.0250315
6628987249237813213
6 5 5 6 -1  -0.531441
6629079058140057740
5 3 5 5 -1  0.348678
6629292495072089983
4 7 3 6 -1  -1
6629571247522299922
5 5 4 4 -1  0.729
6629691716391180119
4 3 4 1 -1  -0.228768
6629994353310136675
7 3 3 3 -1  0.282429
6630202960340383043
5 2 4 3 -1  0.430467
6630280480814938886
7 0 7 5 -1  -0.185302
6630370701519626337
5 5 3 4 -1  0.254186
6630530209092923792
3 2 3 3 -1  -1
6630566300562263533
3 5 4 4 -1  0.00872795
6630968470352802080
7 7 7 3 -1  0.0886293
6631050744518562304
7 2 3 2 -1  0.038152
6631063218037663473
5 5 4 7 -1  0.9
6631302043994119636
4 2 3 0 -1  -0.81
6631762134754393625
6 3 5 3 -1  0.205891
6631832151684540994
5 1 3 2 -1  -0.135085
6632186026259435791
4 5 3 5 -1  -0.430467
6632392395109006346
6 1 5 1 -1  -0.254186
6632514693737739578
7 0 5 0 -1  -0.0646108
6632676555684273299
5 0 1 0 -1  -0.6561
6632794658276742512
7 2 7 1 -1  0.9
6632798348301279806
6 3 5 3 -1  0.0202755
6632960162577624763
7 1 6 0 -1  0.00515377
6633068346361524890
6 2 4 4 -1  -0.348678
6633106467126946305
7 2 5 3 -1  0.348678
6633577405340337238
7 3 5 5 -1  -0.185302
6633592230748575538
5 1 7 3 -1  0.6561
6633791818216128927
4 3 1 0 -1  -0.0523347
6634144526202765302
6 6 7 5 -1  0.038152
6634173336464833101
3 1 3 4 -1  0.0886293
6634516434763749983
6 1 5 2 -1  0.729
6634535151076182050
5 6 4 6 -1  -0.0250315
6634551399673517136
7 3 7 2 -1  0.228768
6634735638929088071
7 6 7 5 -1  0.121577
6634815467704548797
3 1 6 4 -1  0.0423911
6634830545976379562
4 2 4 7 -1  -1
6634840454756160353
6 6 2 2 -1  -0.185302
6634854742662140585
7 0 6 1 -1  0.38742
6635215274700395620
6 2 6 1 -1  0.531441
6635555556534238452
0 4 2 6 -1  0.478297
6635580972657079933
5 4 3 2 -1  -0.531441
6636068714889817623
7 4 7 3 -1  0.228768
6636211919956241146
6 1 4 1 -1  0.0103037
6636465078189629505
6 2 1 2 -1  0.0278128
6636563544246157518
6 6 7 5 -1  0.478297
6636577045103514624
5 4 4 4 -1  0.0523347
6636837266567176059
5 3 3 5 -1  0.348678
6636897511640599309
2 3 3 1 -1  0.038152
6637043243581704547
5 3 3 2 -1  -0.0309031
6637587929710318913
3 5 5 5 -1  -0.0646108
6637600105973114206
6 3 4 5 -1  0.205891
6637634936909009174
5 1 4 3 -1  0.0164232
6637709367708726049
5 0 4 0 -1  0.098477
6637768408663447921
3 2 0 5 -1  -0.150095
6637844207234185584
7 4 7 6 -1  0.228768
6637946387871339534
3 2 1 1 -1  0.00872795
6638360595573000989
5 1 3 2 -1  0.000242749
6638512695865659053
7 2 5 0 -1  -0.018248
6638748539393300227
7 2 3 6 -1  -0.0309031
6638771034044897763
7 2 4 5 -1  0.00192618
6638879867987186193
6 7 5 7 -1  -0.0202755
6639333680483541881
7 1 5 2 -1  -0.0471013
6639534046056093649
7 0 7 3 -1  0.00463839
6639776423535403194
7 1 6 3 -1  0.0797664
6640007295467331429
7 0 7 2 -1  0.018248
6640260735870255977
6 1 6 4 -1  0.205891
6640283084799530842
7 4 7 1 -1  0.0646108
6640475070839211476
4 4 4 6 -1  -0.166772
6640631161019070137
6 2 4 2 -1  -0.0423911
7 0 4 0 -1  -0.0164232
6640635823694465869
4 5 5 4 -1  0.0164232
6640922910329615455
3 4 2 4 -1  0.81
6641111767912018096
4 7 3 5 -1  -0.59049
6641241878626523635
7 0 7 1 -1  -0.185302
6641245807803508753
2 2 3 0 -1  0.0309031
6641424627356328852
6 4 5 4 -1  -0.0147809
6641669452817057153
6 0 5 2 -1  0.59049
6641802103018353080
3 1 5 0 -1  0.0309031
6642060810757095149
6 0 5 0 -1  0.0250315
6642251138845207669
7 3 7 4 -1  0.228768
6642611469220183666
4 4 0 0 -1  -0.00969773
6642766586336807659
7 4 6 3 -1  0.0797664
6642792246627600182
3 1 1 3 -1  3.05743e-10
6642917604607916580
5 0 4 1 -1  0.150095
6642961188811239980
6 3 5 1 -1  -0.0225284
6642993225722415922
6 6 5 7 -1  0.81
6642995592114230569
2 1 3 1 -1  -0.9
6643410540054614929
2 0 3 1 -1  0.348678
6643434837927612150
5 1 4 1 -1  -0.6561
6643506539321935407
5 2 3 3 -1  0.228768
6643565993378865485
5 3 4 3 -1  -0.166772
6643642212380716569
7 6 6 7 -1  0.31381
6643657952756168322
6 1 4 3 -1  -0.254186
6644231910264890315
0 5 1 6 -1  0.00872795
6644266541074487693
6 3 7 4 -1  0.81
6644714235531001100
7 3 7 6 -1  0.9
6644762039354602628
7 5 6 5 -1  0.098477
6645075609949899842
6 5 5 5 -1  0.0423911
6645227609891747306
3 2 4 4 -1  -0.478297
6645366442003638470
2 4 3 5 -1  -0.282429
6645671392725272159
5 0 7 0 -1  0.135085
6645679582230755936
5 7 4 7 -1  0.228768
6645842703258578408
3 1 5 2 -1  0.121577
6645858036630243798
3 1 2 1 -1  -0.00161731
6646303975205464513
5 7 4 7 -1  -0.00785516
6646346902163207034
1 1 5 5 -1  0.121577
6646379456077808343
6 6 5 6 -1  -0.0278128
6646540347784139318
7 3 6 2 -1  0.166772
6646616960059233131
7 4 6 2 -1  -0.0523903
6646781106123633480
4 5 4 2 -1  0.121577
6646864994451476147
7 6 6 5 -1  0.0886293
6646883402489604890
6 4 5 5 -1  0.00969773
6647038133823550468
6 3 7 5 -1  0.0471013
6647149483675347644
6 6 4 6 -1  0.38742
6647267078008528044
6 6 5 6 -1  -0.9
6647384110268968552
6 7 5 7 -1  0.38742
6647530665551358993
6 5 5 6 -1  0.81
6647624196812083535
2 4 3 4 -1  0.00969773
6647659807254878460
4 1 5 2 -1  -0.81
6647730913211067316
6 6 5 5 -1  0.228768
6647854838603980653
2 2 5 2 -1  -0.000242749
6648039841510286295
5 2 4 2 -1  0.0250315
6648232681763758270
5 6 4 6 -1  0.6561
6648545106503108821
7 3 4 0 -1  -0.531441
6648828112928637895
6 4 4 4 -1  0.205891
6649109083709948851
5 5 6 3 -1  -0.0523347
6649202856343071146
6 1 4 1 -1  0.000696197
6649379878347895232
7 2 3 2 -1  -0.531441
6649380245032723528
6 4 7 5 -1  0.31381
6649450676306253370
1 7 1 5 -1  -0.478297
6649591863396517720
6 1 4 3 -1  0.0225284
6649803665198756970
3 3 3 6 -1  -0.228768
6649898725689772480
5 3 6 2 -1  0.0343368
6649977010064565205
7 3 4 3 -1  -0.121577
6650087020143267408
0 4 0 7 -1  0.6561
6650348358915792724
5 4 4 4 -1  0.0119725
6650380465943181314
7 7 7 3 -1  0.228768
6650474559142386287
7 6 6 6 -1  -0.0202755
6650496491894339417
7 4 7 1 -1  0.478297
6650505538519175536
7 0 7 3 -1  0.0278128
6650638691045551907
6 5 4 5 -1  0.150095
6650771048861866572
7 6 6 5 -1  -0.00246503
6650941674945467866
6 3 5 2 -1  0.166772
6650960932641569262
5 5 4 6 -1  0.0581497
6651749730101607897
3 4 2 6 -1  0.81
6651814728149863079
7 5 2 5 -1  -0.0147809
6652077155097458453
6 2 5 2 -1  0.9
6652077596159202137
7 2 6 1 -1  -0.0425011
6652120108101678188
5 5 7 6 -1  0.478297
6652219072647221996
6 5 5 5 -1  0.098477
6652269727649187934
6 1 5 2 -1  0.018248
6652401613006544050
6 3 4 4 -1  -0.135085
6652595275629590394
7 3 4 3 -1  0.6561
6652732982796812420
7 3 7 4 -1  0.121577
6652751680236551438
6 2 4 2 -1  0.0886293
6652958942234787972
3 4 3 5 -1  0.0523347
6653187783052624339
5 2 6 4 -1  0.0523347
6653397458991173290
3 3 6 0 -1  -0.0717897
6653447189933369297
7 1 6 3 -1  -0.00706964
6653495609138271067
7 2 5 4 -1  0.0119725
6653621374681395197
7 6 7 5 -1  -0.00706964
6654014404204340364
4 4 3 4 -1  0.00572641
6654025272954719057
3 2 4 3 -1  -0.38742
6654056178133914476
5 2 7 2 -1  0.282429
6654082388353694463
3 4 4 6 -1  -0.531441
6654577096981357776
7 5 6 5 -1  0.0581497
6654587004739523013
6 3 7 5 -1  0.00515377
6654684446773678700
7 5 7 4 -1  0.121577
6654827141563158330
2 2 6 2 -1  0.59049
6654982611927188453
5 3 5 2 -1  0.150095
6655084742154609339
7 1 5 2 -1  -0.0133028
6655252590672443285
2 1 4 3 -1  0.0646108
6655416040194511958
7 2 6 1 -1  -0.0278128
6655517809673184613
6 6 5 7 -1  -0.38742
6655591633376897030
2 0 3 0 -1  -0.478297
6655613890492661671
3 7 5 5 -1  0.38742
6655651857436917165
7 4 7 3 -1  0.098477
6655826763427341259
7 4 7 6 -1  -0.185302
6656164582012138262
7 2 6 3 -1  -0.0309031
6656187051475827162
5 0 4 0 -1  -0.121577
6656223557254221747
2 2 2 0 -1  -0.282429
2 2 7 2 -1  -0.228768
6656391904741356915
5 4 4 3 -1  -0.150095
5 5 4 3 -1  0.0307655
6656623441631558004
5 4 3 2 -1  -0.166772
6656685808380442482
6 3 5 5 -1  0.531441
6656700515639570287
3 0 2 2 -1  -0.0225284
6656968311936855670
5 2 4 3 -1  -0.166772
6657189748673498821
5 3 6 2 -1  0.0423911
6657226425713562861
6 3 5 1 -1  0.478297
6657326069668002603
5 5 5 6 -1  0.9
6657422522647870435
3 0 3 5 -1  0.150095
6657588517920866198
2 4 5 1 -1  -0.00706964
6657857812259918608
4 3 3 2 -1  -0.531441
6658387718561221935
5 4 3 3 -1  -0.0581497
6658412288072611944
2 4 4 5 -1  -0.0119725
6658584194681747356
5 7 4 7 -1  -0.31381
6658616458231555990
3 2 6 2 -1  0.0037571
6658674348619167421
6 2 4 2 -1  0.098477
6658674454685687780
4 5 4 4 -1  0.9
6658680020104765760
5 5 5 4 -1  0.098477
6658715125089758184
6 5 6 6 -1  -0.59049
6658826732881824224
7 0 1 0 -1  -0.0797664
6658971340563010923
2 1 1 2 -1  -0.6561
6659090634273839098
7 3 7 2 -1  -0.121577
6659359862493845090
7 1 7 0 -1  0.00636268
6659528240088254606
6 3 5 3 -1  0.38742
6659657628730947827
5 4 3 5 -1  -0.185302
6659703961525607266
5 4 4 6 -1  -0.0471013
6659720305840201399
5 2 4 2 -1  -0.135085
6660043094808074459
5 5 3 5 -1  -0.478297
6660148084990210915
7 6 6 6 -1  0.109419
6660335148032647887
7 5 7 2 -1  -0.31381
6660347697691893607
1 2 3 0 -1  0.0343368
6660449363997155902
7 7 7 6 -1  0.478297
6660453915562210502
4 7 5 6 -1  -1
6660563857316220551
6 1 7 1 -1  0.254186
6660597114871874664
4 6 3 5 -1  0.098477
6660634816976625765
7 0 2 0 -1  0.38742
6660863415688257138
7 4 6 5 -1  0.0107753
6660925213431005280
7 3 7 4 -1  -0.109419
6660942414288111510
7 0 6 0 -1  0.729
6660974588663061646
7 4 7 2 -1  0.0717897
6660978696981258476
6 5 5 6 -1  0.31381
6661078507152338794
2 3 4 4 -1  0.478297
6661278115451723648
7 5 5 7 -1  -0.150095
6661405726523481241
6 0 4 0 -1  -0.9
6661408447568524858
7 2 6 3 -1  0.0107753
6661421000772800396
5 5 7 4 -1  0.228768
6661458521837809696
7 6 6 5 -1  -0.0147809
6661758606018974444
6 5 4 7 -1  0.81
6661794321885600299
3 1 5 3 -1  -0.0107753
6661972999552373895
6 3 6 2 -1  0.9
6662128113639249494
7 5 5 5 -1  0.00515377
6662312247998120270
3 4 4 4 -1  0.00199668
6662361893271415086
7 7 6 6 -1  0.121577
6662669065933676597
6 4 7 3 -1  -0.729
6662670004858281702
7 6 7 7 -1  -0.254186
6662816832173840925
7 2 7 3 -1  0.38742
6663157038168337494
3 6 2 6 -1  -0.478297
6663285981174012632
5 2 4 2 -1  0.0202755
6663320932462740238
6 2 5 2 -1  -0.109419
6663754350557825755
6 4 5 4 -1  -0.038152
6663874034041161746
6 1 7 0 -1  0.228768
6663972009406590758
7 3 6 4 -1  0.00515377
6664080057827521304
7 2 6 3 -1  0.00161731
6664393943694537689
6 1 2 5 -1  0.59049
6664435856911627064
5 4 4 4 -1  -0.0581497
6664714897896634632
6 2 4 2 -1  0.0164232
6664786822913738186
7 6 5 5 -1  0.00969773
6665000442017319949
4 2 6 2 -1  0.00199668
6665407080018816677
5 4 4 3 -1  -0.00515377
6665462543136259359
6 6 7 6 -1  0.38742
6665703576351936270
6 3 5 5 -1  -0.150095
6665788834957950337
4 5 3 5 -1  0.478297
6665981814751394756
7 2 6 3 -1  0.228768
6666112541412563037
7 3 7 4 -1  -0.0225284
6666394260297164534
3 5 3 4 -1  -0.81
6666453750922310500
5 6 1 2 -1  0.6561
6666590179136783806
3 5 2 4 -1  0.430467
6666597819177403613
5 6 1 6 -1  0.282429
6666688158140819173
5 5 4 5 -1  -0.121577
6666810928844654285
5 4 5 0 -1  -0.38742
6666916625840194657
7 3 0 3 -1  0.109419
6666943720483774353
4 4 3 6 -1  -0.531441
6667282061465757767
7 0 7 1 -1  0.0423911
6667439889218768316
7 3 6 3 -1  -0.9
6667506064053933871
7 3 5 1 -1  0.0250315
6667513051128218278
3 0 2 2 -1  0.729
6667721468757846902
6 5 6 4 -1  0.348678
6667759814853715382
5 7 4 7 -1  0.228768
6667830884917812401
4 7 5 5 -1  0.00785516
6667849331775343321
1 0 1 1 -1  0.205891
6668034701293273649
7 4 6 4 -1  0.121577
6668175248100104972
4 3 3 4 -1  0.729
6668354292017033151
0 3 0 6 -1  -0.81
6668656947847389543
4 4 3 4 -1  -0.098477
6668965347592701000
1 7 4 4 -1  0.729
6669194333278138368
6 2 5 2 -1  0.81
6669301507411613882
5 0 4 0 -1  -0.9
6669345674656661809
3 5 2 4 -1  0.478297
6669403769597699954
3 2 4 4 -1  -0.59049
6669517960977869910
7 4 6 2 -1  0.166772
6669580261664487066
3 1 3 0 -1  0.478297
6669726051939518000
5 2 6 1 -1  0.729
6669751000332177082
5 5 6 5 -1  0.0278128
6669754579967213580
5 5 6 3 -1  0.0250315
6669760207403688398
6 1 5 2 -1  0.38742
6669775346232812953
7 5 6 4 -1  0.0250315
6669810452177778962
4 2 2 1 -1  0.282429
6670105789395481446
5 5 4 5 -1  0.121577
6670395555919568664
6 5 5 4 -1  0.038152
6670435340217179537
1 4 0 3 -1  -0.430467
6670787523161012597
6 2 7 3 -1  0.0423911
6671120203902453534
3 2 1 2 -1  -0.31381
6671682055232514792
6 3 5 5 -1  -0.0471013
6671712120005581187
4 4 6 4 -1  -1
6671810716126334744
5 2 2 2 -1  0.38742
6671846934667260181
4 3 4 4 -1  0.205891
6671884384487245507
4 2 3 3 -1  0.0717897
6671988498883881044
4 2 3 2 -1  -0.729
6672093215825700032
5 1 6 2 -1  0.00246503
6672452442833291616
4 2 3 3 -1  0.282429
6672612620993339600
4 2 6 4 -1  0.282429
6673179509990262870
5 0 6 2 -1  -0.254186
6673259358029230232
6 6 5 6 -1  0.6561
6673309071662598523
6 2 7 1 -1  0.00969773
6673537454905441989
5 1 4 1 -1  0.185302
6673591486805399820
7 5 7 6 -1  -0.430467
6673787778770200809
4 2 3 3 -1  -0.00785516
7 5 6 6 -1  0.0797664
6673912963164170955
6 7 5 7 -1  0.0581497
6674120799728759223
7 6 6 5 -1  0.0164232
6674414249964996784
7 5 6 5 -1  0.205891
6674485017066853776
5 6 4 6 -1  -0.150095
6674596759392731572
7 6 6 6 -1  -0.59049
6674641355123330676
7 5 7 6 -1  -0.531441
6674918615820210562
7 0 6 0 -1  0.0797664
6675038265003924397
6 4 4 2 -1  -0.729
6675151615878053773
3 2 2 2 -1  -0.81
6675242114907012227
6 6 7 5 -1  0.38742
6675411130765696100
7 5 6 4 -1  0.00161731
6675443314649578553
7 3 5 1 -1  0.0250315
6675643476507792264
5 1 4 3 -1  0.0471013
6675879685211425929
6 2 5 2 -1  0.0646108
6675881715612150304
6 7 4 7 -1  0.254186
6676491176126297242
6 6 7 5 -1  0.31381
6676508381314787906
6 2 5 2 -1  0.00338139
6676590817226180961
5 4 3 3 -1  0.038152
6676706306770830125
5 1 6 0 -1  -0.38742
6676981313670834387
4 4 1 7 -1  0.0037571
6677103348773114517
3 1 4 3 -1  0.098477
6677516738446419183
5 0 4 1 -1  0.38742
6677571649218891450
7 3 7 5 -1  -0.0133028
6678364187624703728
6 2 6 5 -1  0.00145558
6678491295152705464
4 3 3 2 -1  0.0581497
6 1 5 1 -1  0.0343368
6678579797781523684
6 4 6 3 -1  0.81
6678943733042657618
6 6 5 5 -1  0.00106111
6679297995877637771
2 6 1 7 -1  -0.135085
6679358717092758511
7 0 6 0 -1  0.531441
6679475581107398388
7 6 5 5 -1  -0.135085
6679515981611805736
6 0 5 0 -1  0.0067564
6679636834653723252
7 4 4 4 -1  -0.0797664
6679641625893987276
6 4 5 4 -1  -0.121577
6679738621930059186
4 1 2 0 -1  0.018248
6679771330949174935
5 5 7 6 -1  0.282429
6679927600764031789
2 0 6 0 -1  -0.0164232
6680164279877636236
2 3 1 4 -1  0.000411098
6680233856420474354
6 5 5 6 -1  0.478297
6680279080951207712
7 4 7 5 -1  -0.00338139
6680440603868670017
5 2 7 3 -1  -0.0523347
6680490397506011258
6 4 5 5 -1  0.00338139
6680548837884709424
6 5 4 5 -1  -0.0646108
6680632479592696205
3 7 2 5 -1  -0.729
6680665088112504166
7 0 7 3 -1  0.0164232
6680690939572549231
7 5 6 4 -1  0.0250315
6680720219216095186
6 6 5 7 -1  -0.0886293
6680820126591491820
7 4 7 2 -1  0.0309031
6681402841319694695
2 4 1 3 -1  0.150095
6681455902357645112
5 1 7 3 -1  0.205891
6681487942900063648
6 3 5 2 -1  0.0886293
6681555430261933672
6 6 5 6 -1  0.166772
6681614703470745808
3 0 4 2 -1  -0.81
6681781994181776877
0 3 0 1 -1  0.0164232
6681878581155707838
7 5 7 4 -1  0.0886293
6682206029749826180
7 0 7 1 -1  0.038152
6682234854962383565
4 3 2 2 -1  0.000269721
6682323934934833814
6 3 5 1 -1  -0.0426266
6682738514051042656
3 5 2 4 -1  0.478297
6683116506707473806
3 1 5 3 -1  0.0523347
6683167343704453469
7 2 6 2 -1  0.0717897
6683401324498140370
4 3 3 3 -1  0.166772
6683482593160238613
7 1 6 3 -1  0.098477
6683495605275805871
4 0 4 2 -1  -0.00706964
6683694133359062194
5 4 7 4 -1  0.31381
6683857515217800628
6 2 5 3 -1  0.135085
6683893756534523514
6 4 4 4 -1  0.00636268
6683989689177878078
3 0 2 1 -1  -0.531441
6684097776633206555
3 1 5 2 -1  0.0581497
6684162016348505855
5 3 4 2 -1  0.0225284
6684290060474194746
7 6 5 5 -1  -0.0250315
6684298505275576001
0 0 0 3 -1  -0.121577
6684342369009381815
2 2 1 2 -1  0.729
6684472181320753364
7 3 7 0 -1  -0.531441
6684743095184193225
7 1 5 2 -1  0.0278128
6685011708138786495
7 6 6 4 -1  0.00246503
6685146618074331255
6 0 5 0 -1  0.0309031
6685329968356499107
7 5 3 5 -1  0.59049
6685351181114088372
5 6 6 5 -1  0.00969773
6685392546639224146
6 4 4 4 -1  0.0225284
6685471545038917183
5 4 4 4 -1  -0.531441
6685807705464228253
1 5 1 3 -1  -0.38742
6686108069488556629
5 2 3 3 -1  0.0133028
6686144083102611015
4 7 6 5 -1  0.254186
6686653161624257566
6 6 5 6 -1  0.135085
6686704905013772676
1 1 1 2 -1  -0.135085
6686799296027847331
6 2 5 2 -1  -0.0717897
6686894644389888608
6 4 5 4 -1  0.0309031
6686920623517285434
7 3 7 1 -1  -0.185302
6687050494911809137
0 3 3 3 -1  0.135085
6687278475882514861
7 0 4 0 -1  0.0886293
6687353420741460146
4 2 3 3 -1  0.0423911
6687393973228628767
4 0 3 1 -1  -0.109419
6687408377995136931
4 0 3 0 -1  0.0309031
6687562628943510329
7 4 4 4 -1  0.348678
6687861532744933408
6 1 4 1 -1  0.000955003
6687917797661153192
6 6 4 4 -1  0.0523347
6688207771983315552
5 2 5 4 -1  -0.729
6688254617768276112
7 6 7 7 -1  -0.282429
6688346581278508094
5 5 4 4 -1  0.228768
6688381389841705239
6 4 6 1 -1  0.00706964
6688399914204547460
7 2 5 0 -1  0.31381
6688423014055322733
4 5 6 6 -1  -0.0646108
6688636633376536186
6 2 5 2 -1  0.018248
6689107874870425955
6 2 4 2 -1  -0.0471013
6689180077100760552
6 6 5 6 -1  0.0581497
6689243313044783221
3 1 2 0 -1  -0.185302
6689593899253641186
6 2 4 1 -1  0.0147809
6689629333998554481
3 5 4 4 -1  0.81
6689689329930196691
2 1 2 2 -1  -1
6689812615348680368
6 4 7 3 -1  0.282429
6689937825416887537
3 0 2 2 -1  -0.729
6689941244153732059
4 2 6 0 -1  0.0797664
6690091141536201336
6 4 6 3 -1  0.0523347
6690150033583812159
6 1 7 2 -1  -0.205891
6690288503652228932
5 0 4 0 -1  -0.430467
6690355592409235555
7 5 7 6 -1  0.31381
6690451571580909766
6 1 4 1 -1  0.81
6690873897366390517
0 0 2 0 -1  -0.254186
6690954147490664067
3 2 5 2 -1  -0.478297
6691061911389467511
6 6 5 6 -1  0.729
6691260545839570016
6 7 5 7 -1  0.0797664
6691736212251777192
2 1 4 2 -1  0.0886293
6692074369275698982
7 2 3 6 -1  0.00106111
6692375345018402420
5 6 4 7 -1  -0.0886293
6692481411720183747
6 6 5 7 -1  0.185302
6692647990145223479
3 0 5 0 -1  0.430467
6692686798694713329
3 2 4 3 -1  -0.9
6692711123955608676
5 4 4 3 -1  0.000626578
6692768081090157394
3 2 5 2 -1  2.65613e-05
6692855133148221087
2 7 4 7 -1  0.81
6692857160718739758
6 6 3 3 -1  -0.0523347
6693026350266214063
4 4 3 3 -1  0.282429
6693277078940238025
7 3 4 6 -1  0.0343368
6693498761573203496
7 2 7 6 -1  -0.254186
6693528212601600375
6 1 1 6 -1  0.6561
6693704310366562514
5 1 6 1 -1  -0.38742
6693730955330243722
4 4 3 5 -1  0.59049
6693837759458888170
3 6 3 0 -1  0.109419
6693960610561646538
0 0 2 0 -1  0.0119725
6694023132485019173
6 6 7 7 -1  -0.478297
6694111266927662237
7 5 5 3 -1  0.00706964
6694525031020388138
6 1 5 1 -1  0.00056392
6694581814951429318
1 0 7 0 -1  0.0147809
6694645897228282900
4 4 2 3 -1  -0.135085
6694746750673520229
5 2 4 3 -1  0.6561
6695080887631256130
4 5 3 5 -1  0.135085
6695089285658481287
4 3 3 3 -1  -0.121577
6695124818231382339
5 7 4 7 -1  -0.038152
6695136739814848220
5 3 7 3 -1  -0.729
6695140420118701789
6 7 5 7 -1  0.0164232
6695282790698434379
3 6 2 7 -1  0.00304325
6695429902409376963
6 1 5 2 -1  0.0423911
6695547447527150481
6 1 4 1 -1  -0.205891
6695575157180283336
0 0 0 5 -1  -0.9
6695674263723641579
6 1 7 2 -1  0.185302
6695743501278815684
6 6 2 6 -1  -0.59049
6695854203435424706
4 2 3 2 -1  0.0147809
6695868229052405528
6 0 4 0 -1  -0.150095
6695945949575353922
3 1 2 2 -1  -0.00515377
6695995148006398951
7 0 7 5 -1  0.228768
6696053740666872837
1 3 5 7 -1  0.166772
6696082119156989119
3 1 2 1 -1  -0.729
6696103256894040307
6 4 5 3 -1  -0.38742
6696272500673584827
6 6 5 7 -1  0.478297
6696357216346084309
4 2 3 3 -1  0.098477
6696420332489739068
7 4 7 2 -1  0.121577
6696478531153565285
2 2 7 2 -1  0.0107753
6696592230307482580
2 2 3 1 -1  -0.0581497
6696856256514581400
2 4 1 4 -1  0.038152
6696921424276444374
6 5 5 5 -1  0.31381
6697028950410485703
6 5 4 5 -1  -0.121577
6697511555809191372
4 7 5 7 -1  0.9
6698041372675564989
6 1 5 1 -1  -0.0278128
6698101853822075817
3 5 5 7 -1  0.109419
6698235605515443021
3 4 4 3 -1  -0.430467
6698853227422982899
5 1 7 1 -1  -0.6561
6698865866504231817
4 3 4 1 -1  0.254186
6698924402125239204
7 2 2 2 -1  0.150095
6699192818013655121
1 0 2 0 -1  0.478297
6699420371406247063
3 1 6 4 -1  -0.00969773
6699441911437219602
7 1 6 0 -1  -0.348678
6699446424967615180
3 2 3 1 -1  -0.31381
6699519963787015405
1 5 3 7 -1  0.254186
6700111146724076656
6 7 5 7 -1  -0.0423911
6700134565343780387
5 3 2 0 -1  0.018248
6700202467491152603
6 6 5 6 -1  0.0278128
7 2 3 6 -1  -0.254186
7 2 5 4 -1  -0.098477
6700252131474357164
3 6 3 7 -1  0.166772
6700268385182756638
4 3 1 6 -1  -0.6561
6700296570739187651
4 4 3 3 -1  0.0886293
6700335026593063391
6 3 4 3 -1  0.0471013
6700718689156111246
4 5 5 4 -1  -0.9
6700912655139371871
6 4 6 3 -1  0.00161731
6700957563952748578
7 0 7 3 -1  0.0278128
6700966865813190938
3 7 4 6 -1  0.59049
6701196610934398517
5 4 4 4 -1  0.81
6701206370926682333
5 6 7 4 -1  -0.0886293
6701621512936037832
3 6 2 6 -1  -0.254186
6701658921688466311
7 4 6 3 -1  -0.0423911
6701663226489779735
7 2 7 4 -1  0.228768
6701979203869036201
3 7 7 3 -1  0.0309031
6701986948561288018
6 5 5 4 -1  -0.59049
6702034878958788755
6 4 6 3 -1  -0.0133028
6702096158425288508
7 3 6 2 -1  -0.0581497
6702250692651590973
7 3 3 3 -1  -0.59049
6702265968552356375
7 5 7 4 -1  0.38742
6702271659819372021
6 5 5 6 -1  -0.228768
6702365333216430680
5 2 3 3 -1  -0.0581497
6702921431149134150
6 2 7 3 -1  0.38742
6703042259974418301
6 1 1 1 -1  0.109419
6703260255813851401
0 2 6 2 -1  -0.6561
6703861879789623022
3 6 5 4 -1  -0.0119725
6703908207683155474
7 5 5 4 -1  -0.0886293
6704138428677685739
6 0 4 0 -1  0.166772
6704341749585170706
7 6 6 5 -1  0.0797664
6704398770668673504
6 0 4 0 -1  0.0309031
6704521626817543656
5 6 3 5 -1  0.81
6704903853073325231
6 1 3 4 -1  0.00417455
6705108020970673670
3 5 5 4 -1  -0.166772
6705136772195509159
6 1 5 1 -1  -0.254186
6705525735348658383
6 5 5 6 -1  -0.81
6705734649376208775
3 2 1 1 -1  -0.205891
6705868105158350474
5 5 7 3 -1  0.0278128
6706427560565082407
7 5 3 1 -1  -0.00807353
6706521347727676184
6 3 7 4 -1  0.0250315
6706524242040217567
7 0 7 1 -1  0.121577
6706550918270491037
6 5 6 4 -1  0.150095
6706653302063619582
2 7 0 5 -1  -0.166772
6706671182536779694
5 5 4 4 -1  -0.00304325
6707059835235982243
5 7 4 7 -1  0.0646108
6707071321773266688
4 3 7 3 -1  -0.0147809
6707300759636692696
4 6 3 7 -1  -0.228768
6707431047549920260
4 2 3 2 -1  -0.0278128
6707460449381617013
6 3 4 3 -1  0.000369988
6707489250792133040
4 1 5 0 -1  0.098477
6 4 4 2 -1  0.109419
6707651644175980361
7 0 4 0 -1  -0.185302
6707693022419854670
4 5 3 4 -1  -0.282429
6707730579513420541
7 1 4 1 -1  0.348678
6707806990939222478
6 6 5 6 -1  -0.00706964
6707850833497807675
2 2 4 4 -1  0.478297
6707866277102015411
6 5 4 5 -1  0.018248
6708036525375829978
3 6 2 7 -1  0.0646108
6708234172251328574
3 1 2 3 -1  0.0202755
6708241058977704100
4 2 3 2 -1  -0.729
6708275031719181481
6 5 5 4 -1  0.729
6708334876699218054
7 3 6 3 -1  0.0147809
6708506115963769147
5 5 5 6 -1  -0.254186
6708667571331159962
5 2 4 2 -1  0.121577
6708906936482349831
0 4 0 3 -1  -0.531441
6709245114830447484
7 2 7 4 -1  0.205891
6709280347200878069
7 6 6 5 -1  0.228768
6709396538071503156
7 5 6 4 -1  0.729
6709527084192099720
4 0 7 3 -1  -0.0202755
6709672001596549826
6 7 6 6 -1  0.38742
6710282478622312518
3 4 3 6 -1  -0.729
6710332031259650508
4 3 3 5 -1  0.531441
6710394015204405105
6 5 5 6 -1  0.531441
6710433094965277548
3 6 2 5 -1  0.150095
6710485678703180307
5 4 6 4 -1  0.9
6710566805799576283
3 3 2 2 -1  0.121577
6710687342355372980
4 5 6 6 -1  0.729
6711003211985268149
4 2 3 4 -1  0.6561
6711122542616226115
6 3 6 2 -1  0.00246503
6711141105891933945
6 7 4 7 -1  0.31381
6711159330178418911
6 0 5 0 -1  0.531441
6711278733613394122
3 6 5 5 -1  0.00872795
