6985570823980757524
6 6 5 7 -1  0.6561
6985691794801820951
6 6 7 6 -1  0.0797664
6985776751885720908
2 7 3 6 -1  -0.38742
6985881826145088354
5 0 3 0 -1  -0.282429
6986123135868161069
2 2 3 1 -1  -0.38742
6986291315706982118
3 1 4 2 -1  0.018248
6986512633926624734
7 1 6 3 -1  -0.0343368
6986567050352488315
5 7 4 7 -1  0.185302
6986617984224472442
6 7 4 7 -1  -0.0886293
6986932560199079002
3 3 2 2 -1  -0.478297
6987068090204168299
7 3 6 4 -1  0.0164232
6987088158266924281
3 3 2 5 -1  -0.430467
6987129756724229816
4 0 4 2 -1  -0.205891
6987271907387004277
6 6 5 6 -1  0.0164232
6987285128861162310
5 6 3 7 -1  0.254186
6987328145359276335
4 5 6 4 -1  0.6561
6987515436002244848
7 4 5 4 -1  0.478297
6987792525442772844
6 3 5 1 -1  0.729
6987818398710400348
1 1 4 1 -1  -1
6988034613601262367
1 2 2 3 -1  0.430467
6988080939607434167
6 3 7 5 -1  0.205891
6988096315854808440
3 5 4 7 -1  -0.430467
6988190509323457143
4 3 6 2 -1  0.59049
6988206796276821660
7 6 6 7 -1  0.0147809
6988520216073151846
2 7 1 7 -1  0.9
6989036830267111470
7 2 3 6 -1  0.9
6989633545130995291
5 2 3 4 -1  0.185302
6989635201596305867
7 6 6 5 -1  0.205891
6989762449310602551
6 5 7 6 -1  0.00636268
6989811009834358658
5 6 4 4 -1  0.018248
6989861925427653181
6 4 6 5 -1  0.81
6990221965291058825
7 5 5 7 -1  0.121577
6990289496903000340
5 4 7 3 -1  0.81
6990707962401695442
3 6 4 6 -1  -0.000242749
6990844360178496848
7 3 6 3 -1  -0.00131002
6991023603330398579
7 2 6 2 -1  -0.478297
6991025888064222778
5 1 7 2 -1  0.00636268
6991156377100430056
6 6 7 5 -1  -1
6991208824257930289
7 3 7 4 -1  0.018248
6991872217918022499
6 6 5 5 -1  0.81
6992025926215934585
4 0 4 2 -1  0.38742
6992115271980451483
0 2 0 1 -1  -0.9
6992486126175793368
3 3 7 3 -1  -0.098477
6992500344857378355
2 2 1 2 -1  0.150095
6992550301610408907
5 3 4 4 -1  0.038152
6992568867140526687
3 3 2 3 -1  0.0225284
6992778669774331729
3 5 1 4 -1  0.430467
6992839623043515868
6 7 5 7 -1  0.0886293
6993091821198301445
5 3 4 4 -1  0.254186
6993115978080728421
5 5 6 3 -1  0.000196627
6993321392026419449
6 6 5 6 -1  -0.0164232
6993401158280960643
6 4 7 5 -1  0.185302
6993556162035231578
5 7 4 7 -1  0.59049
6993594602035413329
6 3 5 3 -1  0.729
6993896634757572749
4 3 3 2 -1  0.0523347
6 2 5 2 -1  0.0219392
6 4 5 4 -1  0.0169708
6993913399331517537
7 5 7 4 -1  -0.0717897
6994091765202759367
0 3 3 6 -1  -0.185302
6994197549793697686
6 5 5 5 -1  0.0278128
6994314590138897376
6 6 5 7 -1  -0.228768
6994546613824845249
6 5 5 4 -1  -0.0471013
6994559499682342877
5 4 4 5 -1  0.205891
6994605796208365948
5 2 3 1 -1  -0.9
6994638695238745475
2 3 0 4 -1  -0.430467
6994872081814266361
0 6 2 6 -1  0.9
6994951328686290476
7 5 7 3 -1  0.150095
6995167814238893907
7 4 7 6 -1  -0.00417455
6995327914559776301
4 4 4 0 -1  -0.0886293
6995438414250807210
7 2 4 5 -1  0.0423911
6995498873633359320
7 3 4 3 -1  0.0471013
6995555430933087273
7 3 7 2 -1  0.0164232
6995970812923838939
7 2 6 3 -1  -0.00969773
6995984017014473796
7 4 7 6 -1  -0.00338139
6996261629696673133
6 5 7 4 -1  0.0278128
6996496362011039161
5 6 3 6 -1  0.282429
6996546509396745735
7 4 6 4 -1  0.0119725
6996891119306627766
4 2 3 4 -1  -0.430467
6997786550928021983
3 6 5 4 -1  -0.0717897
6997831260122872584
4 5 2 6 -1  -0.430467
6997864748697907199
4 5 3 5 -1  0.282429
6998509749154962741
7 4 1 4 -1  -0.228768
6998588401139322855
6 3 5 3 -1  0.59049
6998781554658229608
5 2 2 2 -1  -0.0523347
6999244832143535955
5 4 4 3 -1  0.00515377
6999299077576815493
7 1 7 0 -1  0.729
6999325110200204636
5 4 5 2 -1  0.185302
6999366323649084811
4 4 5 2 -1  0.282429
6999533760363699481
3 1 2 2 -1  0.0133028
6999651504226501654
5 7 4 7 -1  -0.6561
6999710384846466424
3 2 5 2 -1  0.282429
6999711901746751610
5 1 6 2 -1  0.150095
6999938056340692949
7 3 6 4 -1  -0.038152
7000174646227867316
6 0 4 0 -1  0.000773553
7000228320557696099
3 6 5 4 -1  -0.31381
7000258015830360259
4 4 5 6 -1  0.00304325
6 3 4 2 -1  0.0553348
7000377618876214735
7 1 6 3 -1  0.00304325
7000395400394606734
6 6 5 5 -1  0.282429
7000407240613120886
1 0 0 0 -1  -0.348678
7000430359831026058
5 6 6 7 -1  -0.0225284
7000949289486541946
7 4 6 4 -1  0.228768
7001047506858766436
7 0 7 1 -1  0.0133028
7001079272198146912
5 3 4 2 -1  0.018248
7001152427011149925
7 3 6 4 -1  0.0309031
7001172696086600780
7 4 6 4 -1  0.205891
7001208489823304531
5 5 4 7 -1  -0.478297
7001244648271443215
7 6 6 6 -1  0.254186
7001340910566884772
5 4 5 6 -1  0.478297
7001448058443133331
5 0 4 0 -1  0.228768
7001586679357265392
4 0 6 2 -1  0.00221853
7001625266437495130
4 3 2 4 -1  0.59049
7001663401165662300
3 5 4 4 -1  -0.729
7001710785228635489
4 4 3 3 -1  -0.59049
7001723952052430473
7 1 7 0 -1  0.00785516
7001925587379373427
7 3 4 0 -1  0.098477
7001942223304855672
0 0 3 0 -1  -0.185302
7002941238222912125
7 6 6 5 -1  -1
7003008834973137802
6 3 4 4 -1  -0.121577
7003170312217028555
6 2 6 1 -1  0.531441
7003380799424142581
5 4 4 4 -1  -0.228768
7003498335705670936
3 1 2 2 -1  0.135085
7003504355284566984
6 4 6 7 -1  -0.59049
7003832433222284705
5 3 4 5 -1  -0.0471013
7003903542470043958
5 3 5 2 -1  0.430467
7004088209170174192
2 2 1 1 -1  0.228768
7004235531470255061
4 2 3 2 -1  0.0423911
7004285650743622953
1 5 1 2 -1  0.166772
7004316032142744500
4 0 0 0 -1  0.729
7004346746972871333
6 2 6 3 -1  0.282429
7004842484350261244
5 2 4 3 -1  -0.166772
7004913383542124711
6 1 0 1 -1  -0.0646108
7005237037983856218
2 2 0 3 -1  0.81
7005460034396744865
6 2 5 3 -1  0.348678
7005563366941352703
6 6 4 6 -1  -0.0147809
7005651962960104730
4 6 3 6 -1  0.205891
7005682337969890324
3 3 1 5 -1  -0.00117902
7005745139299308132
3 6 2 7 -1  -0.430467
7005859455872820589
3 0 0 3 -1  0.59049
7005894794580394593
7 6 7 5 -1  0.430467
7005894945712478752
3 1 4 1 -1  -0.098477
7006287080932837386
3 2 2 2 -1  0.729
7006393081773260838
7 0 4 0 -1  0.098477
7006478935081437180
5 4 3 5 -1  -0.9
7006590763888893738
5 5 4 4 -1  0.31381
7006801768218623198
6 7 5 7 -1  0.729
7006965706952648667
6 7 5 7 -1  -1
7006994640505536885
5 2 3 2 -1  0.00145558
7007066204179907536
7 2 7 1 -1  0.121577
7007067580431556085
6 7 5 6 -1  -0.81
7007216645762876980
5 7 0 2 -1  -0.729
7007228302859182573
4 5 3 5 -1  -0.0309031
7007438181825391010
4 2 3 4 -1  0.0646108
7007493975283508838
7 4 7 6 -1  0.015175
7007681147076396530
5 2 4 2 -1  0.0423911
7007981431041225487
4 5 4 6 -1  0.0797664
7008028140366988243
7 3 7 4 -1  0.531441
7008384730349462971
6 6 1 1 -1  0.00179701
7008544002282090876
6 4 5 3 -1  0.0250315
7008581761655539763
4 1 6 1 -1  0.38742
7008759043108158859
6 2 5 3 -1  0.0309031
7008822908052964385
1 0 1 5 -1  0.31381
7009047184385705790
6 7 5 7 -1  0.531441
7009299572373411578
4 2 4 0 -1  0.038152
7009571891837669815
6 4 5 3 -1  0.00515377
7009633691788817432
6 3 4 5 -1  -0.0423911
7009751212198041448
6 4 7 5 -1  0.0037571
7009760462469016525
5 3 4 4 -1  0.150095
7009971037484925535
1 0 0 0 -1  0.478297
7010022971549565458
7 5 7 0 -1  0.430467
7010040481011372241
4 6 0 2 -1  0.00029969
7010104921281670087
5 2 5 1 -1  0.38742
7010364155727110095
6 7 4 7 -1  0.729
7010531201332498125
5 2 6 4 -1  -0.0471013
7010951572202307873
7 3 6 3 -1  -0.098477
7011048999997772943
4 0 7 3 -1  0.0523347
7011166308165420393
4 4 2 6 -1  -0.478297
7011481224038857380
4 0 3 1 -1  0.00417455
7011496202326757121
4 3 5 2 -1  -0.228768
7011529721760494537
7 5 5 3 -1  0.00785516
7011693377596323876
7 3 5 3 -1  -0.185302
7011844118619518937
7 3 6 2 -1  0.00304325
7011926298195364722
7 1 5 2 -1  0.205891
7012206999916997032
5 5 6 4 -1  -0.729
7012213804487340005
4 0 4 2 -1  -0.121577
7012302562090693432
4 4 5 2 -1  0.185302
7012346871355255786
6 3 6 2 -1  -1
7012545179085345659
4 0 4 3 -1  0.0471013
7012778040588580530
3 1 2 0 -1  0.0886293
7012803084712862618
3 6 3 2 -1  -0.81
7012973435382353972
5 4 4 3 -1  0.018248
7013137260570437550
5 5 4 5 -1  0.59049
7013137370776380149
4 3 3 4 -1  -0.31381
7013294478396514857
5 2 4 2 -1  -0.00572641
7013564559663160991
2 5 1 4 -1  -0.81
7013618329001457030
6 4 5 5 -1  -0.0250315
7014054920306704875
7 5 6 5 -1  -0.0278128
7014081614954167789
6 4 7 3 -1  0.81
7014127844120852627
5 3 2 6 -1  -0.478297
7014144592038132663
4 4 3 6 -1  -0.0037571
7014146495687315965
6 7 5 7 -1  0.348678
7014158529354490802
3 1 6 4 -1  0.81
7014479421501282160
4 0 2 1 -1  -0.0147809
7014512178806281413
4 1 3 2 -1  0.0797664
7014739091750409294
4 2 3 3 -1  -0.0471013
7014828329149944763
7 3 6 2 -1  0.0523347
7014948043600585071
4 2 2 3 -1  0.098477
7015059070985451862
5 4 7 2 -1  0.59049
7015473742690081396
7 6 7 7 -1  -0.282429
7015530840298857399
7 1 6 1 -1  0.254186
7015699387283921804
5 7 6 6 -1  0.38742
7015772529113742460
5 1 5 7 -1  0.0278128
7016117178842549943
6 5 5 5 -1  0.6561
7016598013831527829
7 1 6 1 -1  0.166772
7016668694131934173
5 4 7 4 -1  -0.0886293
7016695576564137598
6 4 5 5 -1  0.228768
7016729786406069750
6 7 6 6 -1  0.430467
7016970155772772776
3 7 6 4 -1  0.0164232
7017275406193076507
6 2 5 3 -1  0.135085
7017342185739778557
5 0 7 0 -1  0.0717897
7017388789730776609
5 2 4 3 -1  0.0225284
7017476376373518750
4 4 3 3 -1  0.166772
7017674494680682852
7 6 1 6 -1  -0.348678
7017723320395300526
6 1 5 1 -1  0.00338139
7017871947977463686
5 7 4 6 -1  0.348678
7017973918230223162
7 4 5 3 -1  -0.038152
7017993864452456232
2 3 1 3 -1  -0.729
7018155923753435574
7 2 7 3 -1  0.0717897
7018556565734558893
7 4 7 6 -1  0.0471013
7018617874613715898
6 7 5 7 -1  0.000129007
7018705326566443540
6 6 3 3 -1  0.00706964
7018713247445449627
1 0 1 3 -1  -0.9
7018794704816941368
7 0 7 2 -1  0.81
7018883723761655382
1 1 3 1 -1  -0.185302
7019050180650183271
5 5 7 3 -1  0.109419
7019258298903071145
7 0 7 1 -1  0.150095
7019496620198459967
6 4 6 3 -1  0.038152
7019600881776761892
7 6 7 7 -1  0.531441
7019943874496708554
6 7 5 7 -1  -0.0119725
7020008558705376847
4 1 3 1 -1  0.0717897
7020462437738774729
5 2 3 2 -1  0.0646108
7020670069530689675
2 1 2 6 -1  0.478297
7020727002899677426
6 2 6 4 -1  0.000159268
7020938673016404660
2 1 0 1 -1  6.17035e-05
7020966958066718725
2 7 2 6 -1  0.729
7021192029518825897
5 2 4 2 -1  0.0147809
7021204632315237127
0 6 2 4 -1  0.6561
7021236694512447649
6 2 4 3 -1  -0.531441
7021702282448965264
7 5 6 6 -1  0.109419
7021874646896557393
7 7 4 7 -1  -0.109419
7022153438027332621
5 5 3 4 -1  0.109419
7022230591063117062
7 2 5 4 -1  0.0717897
7022234943286488659
7 3 5 5 -1  -0.0717897
7022256307575485350
5 5 5 6 -1  0.0581497
7022440776976943279
3 2 3 0 -1  -0.185302
7022789044344427499
1 4 0 3 -1  0.430467
7022957335225175663
7 0 7 1 -1  0.0797664
7023256779421679747
6 5 7 6 -1  0.0107753
7023520040146947051
6 3 4 2 -1  -0.348678
7023699341696017171
3 4 3 2 -1  -0.6561
7023738992422035177
5 2 3 1 -1  -0.254186
7023902049916285242
4 1 3 0 -1  -0.531441
7024000735927667389
3 6 2 6 -1  -1
7024270072441375049
7 3 5 3 -1  0.478297
7024450871839433508
5 5 5 6 -1  -0.109419
5 5 6 4 -1  -0.135085
7024460399445835916
7 7 7 6 -1  0.109419
7024691021084638239
7 2 5 4 -1  1.41158e-05
7025045614907853351
6 6 4 4 -1  0.6561
7025139336140338652
6 5 5 5 -1  0.0202755
7025165281407981949
7 3 4 0 -1  -1
7025280126920701931
6 7 4 7 -1  0.0037571
7025306180850585437
6 1 5 1 -1  0.0717897
7025359633118215323
5 1 1 1 -1  0.228768
7025366569636825778
3 1 3 2 -1  0.0278128
7025409258229421681
2 3 1 3 -1  -1
7025763698327174354
6 3 4 4 -1  -0.0202755
7025855418091571590
6 0 1 0 -1  0.282429
7026085394558358250
0 5 3 5 -1  0.59049
7026088852958942603
4 5 3 4 -1  0.00463839
7026389035609827797
7 3 1 3 -1  0.0646108
7026463147583623445
0 4 3 7 -1  0.59049
7026483840132581207
2 3 5 3 -1  0.59049
7026582470454325300
3 7 4 6 -1  -0.282429
7026815008740615421
7 4 6 4 -1  0.531441
7026833879081216641
4 2 5 3 -1  0.0471013
7026981423228047372
6 3 6 0 -1  0.228768
7027377407363890444
6 4 5 3 -1  0.228768
7027821556736998206
7 5 7 3 -1  0.00515377
7028053500552419075
3 4 2 4 -1  0.0797664
7028213736294266942
6 3 2 3 -1  -0.098477
7028282961632103950
6 0 6 4 -1  -0.81
7028583557341669791
6 2 4 2 -1  -0.205891
7028604241536042892
6 7 7 6 -1  -0.9
7028827984966333116
6 4 5 4 -1  0.0250315
7028935652496987739
7 3 6 3 -1  0.150095
7029144891060617879
4 3 5 2 -1  0.0037571
7029178296621462303
6 1 4 1 -1  0.59049
7029365658982518148
5 3 3 5 -1  -0.0343368
7029611430402485222
3 4 1 5 -1  0.0225284
7029979882987803684
7 4 7 0 -1  0.135085
7030090056076166422
7 2 5 4 -1  0.135085
7030148047149011766
1 5 1 3 -1  -0.121577
7030228527617425080
4 1 3 2 -1  0.31381
7030273295324210869
6 4 5 5 -1  -0.0523347
7030295672326354875
7 4 6 4 -1  -0.0164232
7030512672442756721
1 4 1 1 -1  -0.00338139
7030514383957550686
5 0 4 0 -1  0.6561
7030529262534411368
6 5 6 4 -1  -0.81
7030555500137317774
3 3 2 3 -1  0.478297
7030556372050550469
7 6 6 6 -1  -1
7030874743201695355
4 3 6 4 -1  -0.0471013
7030877601136504511
5 1 7 2 -1  0.0423911
7030972648942354454
1 5 3 4 -1  -0.109419
7031186226912940030
6 2 4 3 -1  0.81
7031197431409962444
4 3 4 7 -1  0.0581497
7031436776526393404
5 5 4 3 -1  0.018248
7031496644201800334
6 4 3 7 -1  0.6561
7031535718646813179
6 3 1 3 -1  0.098477
7031559090340038400
7 5 7 4 -1  0.0423911
7031622540800889419
2 2 2 7 -1  -0.430467
7031633495020917590
7 2 6 1 -1  -0.0471013
7031688166437838471
6 2 5 4 -1  0.282429
7031786919394231117
6 4 5 3 -1  0.0202755
7031808042523256330
6 4 7 5 -1  0.098477
7031819684673109638
7 2 7 1 -1  0.531441
7032011414769138614
4 0 3 0 -1  -0.0130734
7032012617446352660
4 3 4 4 -1  0.6561
7032037662657968567
4 2 3 3 -1  0.0164232
7032137441077279327
7 3 4 3 -1  0.282429
7032313824693399478
0 2 0 3 -1  0.0250315
7032461546808512531
4 3 2 2 -1  -0.0343368
7032578790206591034
4 3 2 2 -1  -0.121577
7032830125132602156
4 1 4 0 -1  0.348678
7033040148974645720
6 3 5 3 -1  0.0386831
7033059610025296218
2 2 3 1 -1  0.0471013
7033077397527256956
7 3 4 0 -1  -0.109419
7033165461864942941
7 6 7 5 -1  0.00338139
7033615810248229190
4 4 3 3 -1  -0.0225284
7033693677183198841
7 4 6 6 -1  0.348678
7033984079701377244
6 3 5 5 -1  0.0797664
7034039378962799798
6 5 5 4 -1  0.185302
7034144010013633265
7 3 7 0 -1  -0.0309031
7034331009144038175
6 3 5 2 -1  0.098477
7034571647286731863
3 3 3 6 -1  0.6561
7034575761497202684
7 6 7 5 -1  0.59049
7034680564909211600
2 4 2 0 -1  0.228768
7034732036033316855
6 7 4 7 -1  0.0717897
7034761373366347776
2 3 1 2 -1  0.59049
7034768408350583122
3 2 2 2 -1  0.81
7034823512988060836
5 4 3 6 -1  0.478297
7034920981016713288
6 2 5 2 -1  -0.121577
7034930783749677648
7 4 5 2 -1  -0.729
7034990451284785973
7 5 6 6 -1  0.0797664
7035122188025457974
4 2 5 1 -1  -0.098477
7035173726630911467
5 4 5 2 -1  -0.531441
7035256303591020053
4 5 5 6 -1  0.121577
7035324864533613769
5 2 4 2 -1  0.6561
7035797306515628975
6 4 5 4 -1  0.81
7035914586040943188
7 3 6 4 -1  0.00246503
7036242872265244095
7 5 6 6 -1  0.0164232
7036850576458992162
4 1 3 1 -1  0.205891
7036932334615722984
7 0 7 2 -1  -0.430467
7037038222071202575
5 1 5 2 -1  0.228768
7037180142975081223
6 3 5 3 -1  0.0110778
7037278654118391871
4 0 5 0 -1  -0.0343368
7037351523158764800
4 0 6 0 -1  0.531441
7038041106218499001
5 2 3 3 -1  0.00221853
7038102292527363687
6 4 3 7 -1  -0.0119725
7038243583391201030
3 4 2 5 -1  -0.166772
7038280368921214971
6 5 5 5 -1  -0.00199668
7 6 6 4 -1  0.0841979
7038304068904841644
4 7 4 0 -1  -0.81
7038767051080155302
7 2 7 1 -1  0.478297
7038811855589971152
6 3 4 4 -1  0.0886293
7039065518069282287
5 2 6 3 -1  0.348678
7039158984452305807
1 3 2 4 -1  0.729
7039332946200110586
6 7 5 6 -1  -0.0646108
7039344157447686048
7 6 7 7 -1  0.478297
7039651839584614127
5 0 4 0 -1  0.0225284
7039699334333726412
6 5 4 5 -1  0.0646108
7039812478901528438
5 5 3 3 -1  0.31381
7040121359814800329
7 4 7 5 -1  0.205891
7040231599500123669
4 7 4 4 -1  0.109419
7040335944743551174
4 2 3 2 -1  -0.018248
7040475446449877177
1 6 0 6 10  0.81
7040839463989391653
3 0 4 1 -1  0.150095
7040873844155054648
4 2 2 4 -1  -0.0886293
7040950985529547495
6 6 5 5 -1  -0.348678
7041367123435287981
6 7 4 7 -1  0.9
7041581449793621441
7 3 5 3 -1  0.729
7041653132156588936
6 4 4 2 -1  0.38742
7041692008676512073
7 7 7 4 -1  0.018248
7041729626700307276
7 3 4 0 -1  -0.0717897
7042042481401970788
7 5 7 3 -1  -0.0107753
7042570142096275670
2 1 4 1 -1  -0.000218474
7042796716500576765
6 4 5 6 -1  -0.00636268
7042964829853927737
6 5 5 4 -1  -1
7043251295136098686
5 2 7 0 -1  0.6561
7043281094956024950
4 4 6 4 -1  -0.109419
7043368725020370049
7 4 7 2 -1  -0.109419
7043422737294862481
7 0 7 1 -1  0.0471013
7043603613578858573
6 0 3 0 -1  0.135085
7043741849045549201
5 5 6 3 -1  -0.185302
7043837847235829144
4 2 3 2 -1  0.0523347
7043960129490358232
2 5 3 6 -1  -0.430467
7044005478691943537
7 6 6 5 -1  0.205891
7044116381411193451
5 5 3 4 -1  0.00572641
7044156035507840345
6 4 7 3 -1  0.098477
7044179039366975041
7 6 6 7 -1  0.00338139
7044185110175971962
7 2 6 0 -1  0.109419
7044190185301400966
4 2 6 2 -1  -0.0581497
7044310224485252582
7 6 5 5 -1  0.0423911
7044328760261760530
3 1 6 1 -1  0.00706964
7044795195651833474
2 3 3 5 -1  0.59049
7044852347597698344
6 4 5 5 -1  0.0164232
7045101258376522784
7 0 7 7 -1  3.98671e-06
7045227477578793337
6 2 3 2 -1  -0.121577
7045259674695386274
7 4 7 3 -1  0.0119725
7045304549218840873
6 4 6 2 -1  0.0471013
7045371109984170349
6 7 5 7 -1  0.0147809
7045448221669020823
3 2 4 4 -1  0.185302
7045514653231339831
3 0 5 2 -1  -0.9
7045688275617764270
5 4 5 6 -1  -0.9
7045690014702433174
7 7 6 7 -1  0.430467
7045738616352877453
5 4 3 6 -1  0.0037571
7045779242993437101
7 5 3 5 -1  0.31381
7045961372944982243
5 4 3 3 -1  -0.348678
7045983933233109732
7 1 5 2 -1  0.00179701
7046007556791591031
5 1 5 3 -1  -0.38742
7046313479804726285
3 6 0 3 -1  -0.81
7046324886151122372
5 4 4 4 -1  -0.00706964
7046418612919952696
7 3 7 7 -1  0.729
7046800308602860699
7 3 6 4 -1  0.31381
7047074988941044062
4 1 4 4 -1  0.135085
7047096835067027949
6 3 6 1 -1  0.185302
7047243267059479479
6 1 7 2 -1  0.0717897
7047247730909433498
6 2 6 5 -1  0.0309031
7047392114647994634
7 0 7 2 -1  0.0423911
7047412944175522569
6 3 4 4 -1  0.0646108
7047431325132220548
6 1 5 2 -1  -0.0646108
7047514589033757005
5 1 6 0 -1  0.531441
7047682347313941551
6 5 6 4 -1  -0.282429
7047739426283294098
5 6 4 5 -1  -0.0309031
7047743858693728140
3 5 4 3 -1  0.31381
7048008809024398641
4 3 6 5 -1  0.9
7048115143111073410
5 5 6 4 -1  0.135085
7048120890664533951
5 0 4 0 -1  0.430467
7048399407721199975
1 7 3 5 -1  0.81
7048504305205655102
6 1 5 1 -1  -0.135085
7048511451014556974
7 5 7 4 -1  0.0581497
7048602006431323289
5 4 3 5 -1  0.0343368
7048871353972395577
5 2 3 1 -1  0.121577
7048917854730162473
7 1 7 0 -1  -0.150095
7049377308680948621
6 1 5 2 -1  0.00179701
7049432802174707549
5 6 4 6 -1  -0.0250315
7049751819140343820
7 5 7 3 -1  0.0225284
7049785238801852072
6 0 4 0 -1  0.121577
7 3 5 1 -1  0.0646108
7049878733606628044
7 3 4 0 -1  0.135085
7050228009503486131
7 7 7 0 -1  -0.121577
7050389721556570868
4 1 1 4 -1  0.228768
7050533082081449762
7 5 6 6 -1  0.430467
7050596704539388712
4 3 3 2 -1  0.0581497
7050697922629874643
5 3 5 1 -1  0.0147809
7050992270920795913
5 2 4 3 -1  0.098477
7051245228808874372
5 2 0 7 -1  0.31381
7051311803126458885
6 7 5 7 -1  -0.0309031
7051363896836906567
5 4 3 2 -1  -0.205891
7051484384762742305
5 5 3 4 -1  -0.0797664
7051972345262929556
7 0 6 2 -1  0.9
7052271368337780753
7 2 2 2 -1  0.729
7052302781352650426
4 3 1 6 -1  -0.0278128
7052588916245077246
6 4 6 1 -1  0.0278128
7052759830824281051
7 3 7 4 -1  0.81
7052872153518550164
6 4 5 4 -1  -0.0309031
7052980531635950064
7 2 6 1 -1  0.31381
7053005393116631264
7 5 7 4 -1  0.00273892
7053068835098222517
7 0 6 1 -1  -0.098477
7053164118892081201
5 1 4 0 -1  -0.205891
7053232722541230072
2 3 6 3 -1  -0.205891
7053521000019347870
4 1 3 1 -1  -0.0212895
7053600235071788155
5 7 4 6 -1  0.0646108
7053618519272762464
5 5 6 3 -1  0.109419
7053667258928939975
6 2 5 2 -1  -0.135085
7053712500998197674
6 1 5 1 -1  0.109419
7053835595317063344
7 2 4 2 -1  0.098477
7053974223476683303
4 6 1 3 -1  -0.0343368
7054025278164017702
4 4 5 6 -1  0.0133028
7054176437986333272
3 5 2 5 -1  0.0581497
7054264840065765667
6 0 5 0 -1  -0.0717897
7054278883621109178
6 1 5 2 -1  -0.0202755
7054454780496549837
7 3 6 2 -1  -0.0797664
7054509018303075202
4 6 3 7 -1  -0.59049
7054599242942004222
7 0 7 1 -1  0.00636268
7054665942090744981
7 5 6 3 -1  0.0133028
7054766069299495843
7 2 2 2 -1  -0.0225284
7054843620681557592
4 5 7 5 -1  0.0797664
7055111430523421663
7 0 7 3 -1  0.81
7055261367679472015
6 7 5 6 -1  -0.254186
7055272767330017769
6 0 5 0 -1  -0.098477
7055401327629929548
3 1 4 2 -1  0.0886293
7055492857410660894
7 3 7 4 -1  0.0119725
7055505251185440582
1 0 2 0 -1  -0.150095
7055520488813700415
7 0 7 3 -1  -0.00969773
7055716639675647345
5 5 4 5 -1  -0.0423911
7055745670215323433
7 3 7 2 -1  -0.0423911
7055757317094423380
7 4 4 4 -1  0.0164232
7055760778875463420
4 5 6 7 -1  0.0343368
7056044252732219197
6 2 4 2 -1  -0.0717897
7056246771527783096
6 1 4 1 -1  0.0646108
7056247111491576825
6 1 5 2 -1  0.166772
7056347676019269302
3 3 4 1 -1  0.0250315
7056609389464170832
7 5 3 5 -1  -0.150095
7056737630370375647
3 1 2 1 -1  -0.282429
7056950214403575281
5 4 4 4 -1  0.0225284
7057213892435223965
4 6 3 7 -1  -0.0133028
7057322851717994698
7 4 7 1 -1  -0.0717897
7057486981204556119
6 5 6 4 -1  0.0581497
7057507687157380591
7 6 6 4 -1  0.166772
7057571360895807432
5 5 4 5 -1  0.478297
7057677776983368609
4 1 3 0 -1  0.0886293
7057882051589302475
3 1 2 1 -1  -1
7057922660706637242
4 3 2 4 -1  0.098477
7058033819174541103
7 2 6 3 -1  0.121577
7058097618550878670
0 5 4 5 -1  0.9
7058246293925229772
7 4 7 2 -1  0.205891
7058309177254264062
7 2 3 6 -1  0.00221853
7058493558921685171
6 3 5 4 -1  0.729
7058577552104546329
3 0 2 1 -1  -0.185302
7058857416910162821
6 7 5 7 -1  0.00969773
7058954244700402326
1 0 2 0 -1  0.166772
7059310928770950353
5 2 4 2 -1  0.0717897
7059407609443702292
7 4 6 4 -1  0.531441
7059454506582875803
0 4 2 6 -1  -0.430467
7059473917833346242
4 2 3 1 -1  0.478297
7059479571341517782
7 1 6 3 -1  -0.0304268
7059493414251695790
3 3 5 1 -1  -0.185302
7060052082783859473
7 2 4 2 -1  0.150095
7060197596690516682
5 5 4 4 -1  0.531441
7060253202250744668
5 5 6 6 -1  0.109419
7060466770922118513
7 2 3 2 -1  0.6561
7060504784647934178
5 4 2 4 -1  -0.098477
7060671117634891725
6 3 4 2 -1  0.228768
7060846610589377041
4 1 2 0 -1  0.430467
7060965274896619722
7 0 7 5 -1  0.0250315
7061114386603387997
6 7 5 6 -1  0.00515377
7061254314422562349
6 7 6 6 -1  -0.81
7061555943762465880
7 2 7 1 -1  0.430467
7061579567604148183
6 2 5 2 -1  0.531441
7061600235767182443
3 6 5 5 -1  -0.098477
7061715927422839246
7 7 5 5 -1  0.185302
7061782530556819232
3 0 2 0 -1  -0.0886293
7061850379843566713
6 1 4 1 -1  0.038152
7062762376845275708
4 4 5 4 -1  -0.6561
7062818323900499243
7 5 3 1 -1  -0.150095
7062950623787657002
6 3 5 5 -1  0.348678
7063030272661696741
6 3 5 5 -1  0.00417455
7063046085180117066
5 5 4 7 -1  0.0471013
7063132250206759808
5 1 4 1 -1  0.0309031
7063184772377151064
2 1 2 6 -1  -0.81
7063215474027078856
6 7 4 7 -1  -0.098477
7063355337662835865
2 2 0 4 -1  0.121577
7063367109999161806
2 1 1 1 -1  0.185302
7063613604917856667
7 3 3 3 -1  -0.0202755
7063672907476741588
6 2 7 3 -1  0.038152
7063788657480398664
7 3 4 0 -1  0.150095
7063994724447549498
7 2 5 1 -1  0.478297
7064001947498376638
7 7 6 6 -1  -0.0646108
7064102728544150823
1 0 3 1 -1  0.135085
7064178085700551504
5 2 4 3 -1  0.228768
7064389280847756668
4 0 7 3 -1  0.9
7064405539452079899
5 1 3 2 -1  0.00706964
7064878029161787431
3 1 2 1 -1  -0.0797664
7064968532095865640
7 0 7 2 -1  0.0581497
7065244735848220620
6 0 6 1 -1  0.0225284
7065374032902174358
6 6 5 7 -1  0.0471013
7065556268722311766
5 2 5 3 -1  0.9
7065678326924709837
5 2 4 2 -1  -1
7065971784716993751
3 0 2 0 -1  0.38742
7066220059853845145
7 5 5 4 -1  0.0402716
7066422544246945433
7 2 6 3 -1  0.00706964
7066506716425303408
5 0 4 1 -1  0.0646108
7066577284988002840
3 2 0 5 -1  0.150095
7066687032539552443
7 0 7 5 -1  0.185302
7066942784024760830
6 0 5 0 -1  0.00969773
7067139496000696909
7 5 6 4 -1  0.0886293
7067381984638190389
4 7 3 7 -1  0.531441
7067680351871944586
2 6 1 5 -1  0.0646108
7067926783271221532
5 1 5 4 -1  0.228768
7068103929308325331
6 4 5 3 -1  0.109419
7068123458706918790
3 5 2 4 -1  0.109419
7068229724292927286
6 3 5 3 -1  -0.00161731
7068307405888293016
1 3 3 3 -1  -0.59049
7068506000111995051
7 5 5 6 -1  0.6561
7068816565585572618
5 5 2 2 -1  0.31381
7069408718200859578
4 1 3 1 -1  -0.00515377
7069443828012478996
7 0 7 1 -1  1.12596e-06
7069603514558745766
6 4 7 3 -1  -0.0423911
7069902654664465079
4 7 3 6 -1  0.9
7069995332905628446
7 1 6 1 -1  -0.00161731
7070280133318056663
4 0 7 0 -1  0.121577
7070317083194611713
3 7 3 6 -1  0.59049
7070458219532973223
5 6 4 6 -1  -1
7070671124474827972
2 2 3 2 -1  -0.478297
7070672873114361986
7 3 6 4 -1  0.0309031
7070709030638539988
7 6 6 5 -1  0.109419
7070839437893036820
3 1 5 3 -1  -0.038152
7071130860867186784
5 3 4 2 -1  -0.0225284
7071160934935910780
5 2 4 0 -1  -0.0886293
7071243885101993947
2 1 2 2 -1  0.00706964
7071335372598644810
4 7 2 6 -1  0.0309031
7071369235335637477
7 2 6 1 -1  0.00969773
7071554808764365874
6 6 5 7 -1  0.478297
7071609339697558775
6 4 3 4 -1  0.135085
7071700185069183572
4 4 6 5 -1  0.430467
7072176239990140870
7 5 3 5 -1  0.0202755
7072325297779083916
4 1 7 1 -1  0.00161731
7072363656429338724
7 1 6 1 -1  0.6561
7072570459111207578
7 4 7 2 -1  0.478297
7072752856488687390
3 7 4 7 -1  0.166772
7072789129031936961
4 7 5 5 -1  0.0581497
7073129323044374301
6 1 5 0 -1  0.0797664
7073160520974373544
4 0 2 2 -1  -0.0717897
7073186143661880036
7 1 7 2 -1  0.729
7073192331926615081
6 6 4 6 -1  0.0133028
7073599174946272585
6 0 5 1 -1  0.166772
7073821771608309275
6 2 5 2 -1  0.0147809
7074178398205949892
7 5 7 2 -1  -0.0343368
7074307360760047751
7 3 5 1 -1  -0.0250315
7074385140504180694
5 3 4 4 -1  -0.098477
7074731118090578774
6 4 6 3 -1  0.81
7074903593850914636
6 1 5 1 -1  0.205891
7074983133777701383
6 4 4 2 -1  -0.166772
7075108322759495853
5 1 2 4 -1  0.121577
7075249190609505002
7 1 7 0 -1  -0.0886293
7075287361064162730
7 5 6 5 -1  0.038152
7075486088948429401
6 4 4 5 -1  -0.109419
7075577618857052875
4 7 3 6 -1  0.348678
7075595017321449264
5 1 5 4 -1  0.282429
7075699328023369119
6 6 4 6 -1  0.098477
7075711715851220257
7 6 7 5 -1  0.254186
7075725178438216949
2 0 6 4 -1  -0.109419
7076215016322437096
5 3 4 3 -1  0.00969773
7076269943962214718
5 0 4 0 -1  -0.531441
7076603901058428541
4 1 3 1 -1  0.0147809
7077004026997503055
5 0 4 2 -1  -0.0646108
7077301649286882125
3 0 6 3 -1  -0.0164232
7077532266105582168
6 3 4 3 -1  0.109419
6 3 5 3 -1  -0.00199668
7077665184737664360
5 5 5 4 -1  -0.531441
7077666600844201482
7 3 5 5 -1  0.0471013
7078032118206796480
6 1 5 2 -1  0.6561
7078149617444887406
7 5 6 6 -1  0.0646108
7078429712704361867
3 5 3 4 -1  0.59049
7078782327361150741
7 4 7 6 -1  -0.0471013
7078918424370213415
5 6 4 6 -1  0.098477
7078972800425761048
5 5 6 3 -1  -0.0250315
7079266175700995701
5 3 4 2 -1  -0.000859503
7079371294941712367
3 1 0 4 -1  -0.81
7079410398438008456
7 0 7 3 -1  -0.018248
7079656921521307864
5 3 6 2 -1  -0.0423911
7079696786247070209
5 3 6 4 -1  0.31381
7079810412918588627
7 3 6 3 -1  0.000773553
7079995145255575512
5 6 5 3 -1  0.9
7080358407465947517
5 2 3 1 -1  0.0797664
7080381780471343114
4 7 3 7 -1  0.205891
7080869331051649154
5 7 4 5 -1  0.0797664
7081025198757223313
4 1 3 1 -1  -0.282429
7081122029245786547
4 6 3 6 -1  0.00338139
7081558314862131522
6 3 0 3 -1  0.0646108
7081626552867335094
4 5 3 5 -1  0.0646108
7081654046921717134
7 2 7 6 -1  0.0886293
7081735603360417925
4 4 3 4 -1  0.348678
7081741138090901849
3 3 2 3 -1  0.348678
7081796694800905461
6 3 5 5 -1  0.185302
7081857687374201878
4 2 3 2 -1  0.0164232
7082232079113596508
3 5 5 3 -1  0.0886293
7082243647128209687
6 3 4 5 -1  0.228768
7082272310881068284
3 6 2 5 -1  0.098477
7082301846757421200
7 7 7 5 -1  -0.0278128
7082394957010675509
5 0 4 0 -1  -0.00117902
7082565288640324453
5 0 2 3 -1  0.0646108
7082689640631639969
3 5 2 3 -1  -0.038152
7082712174898492244
6 2 7 2 -1  0.205891
7082753304615145678
3 0 5 1 -1  -0.729
7082854353104838113
7 4 7 1 -1  0.00969773
7082896360697324536
1 0 1 6 -1  0.166772
7082993102035106305
4 6 5 6 -1  -0.282429
7083007197399485238
5 4 4 4 -1  0.0523347
7083169943354358810
7 5 6 4 -1  0.478297
7083207203084913741
6 5 5 4 -1  -0.0107753
7083238886822797183
6 0 5 0 -1  0.00221853
7 5 6 6 -1  0.0131957
7083316603856707901
3 6 2 6 -1  0.81
7083479821363112979
7 5 6 4 -1  -0.00273892
7083653751110749183
6 7 4 7 -1  -0.00179701
7083997670473508760
3 2 2 1 -1  -0.478297
7084382907306848762
5 4 6 2 -1  0.59049
7084767307232107370
5 5 4 3 -1  0.0797664
7084781844760515153
5 2 4 4 -1  0.0278128
7084937085754753952
7 6 6 7 -1  -0.81
7084972173978594235
5 4 4 4 -1  4.04837e-05
7085156636308133970
7 5 7 3 -1  0.31381
7085589299841926189
6 3 6 4 -1  0.430467
7085596564056304735
7 3 3 3 -1  0.0471013
7085709549407600813
3 1 3 0 -1  -0.31381
7086087432372701381
7 7 7 6 -1  0.31381
7086103498988061576
7 5 4 2 -1  -0.185302
7086132052306267289
7 4 6 4 -1  -0.0423911
7086162159061579597
5 5 4 7 -1  1.74269e-05
7086207828379990333
7 1 4 1 -1  0.348678
7086391847941092953
4 0 3 1 -1  -0.121577
7086419567676795301
6 4 4 4 -1  -0.00227817
6 4 5 4 -1  0.0087602
7 3 5 1 -1  -0.0423911
7086537141910780909
6 1 0 7 -1  -0.31381
7086632018000910594
5 4 4 4 -1  -0.59049
7086863406949826169
6 1 5 1 -1  0.0119725
7086882143937157703
3 3 3 1 -1  0.81
7086971703276417774
6 5 4 5 -1  0.254186
7087060494693119259
6 3 4 2 -1  0.0278128
7087121643174205579
4 3 5 4 -1  0.430467
7087309097790822584
5 4 5 1 -1  -0.166772
7087424615855190416
7 0 0 0 -1  -0.478297
7087503156364381177
2 5 1 6 -1  0.729
7087815817186530584
4 0 4 5 -1  0.00246503
7087992817951447930
5 2 1 6 -1  -0.166772
7088628819450551560
6 2 4 2 -1  0.0381084
7088644352257298331
6 2 4 2 -1  0.000126446
7088685822207180415
5 5 4 4 -1  0.00785516
7 3 6 3 -1  0.0581497
7088690013376457379
6 2 6 1 -1  0.0886293
7088767463348745060
5 0 4 1 -1  -0.478297
7088811418065242268
3 4 4 3 -1  0.81
7088851033468223342
5 7 4 7 -1  0.0423911
7088879645564255057
4 4 5 3 -1  -0.166772
7089046593319764524
3 3 1 1 -1  -0.59049
7089105542587832459
7 3 6 4 -1  -0.098477
7089517965287981545
6 3 3 0 -1  0.38742
7089677915935446691
4 5 6 5 -1  0.9
7089712000527259875
6 4 6 2 -1  -0.6561
7089853547670601037
7 5 7 3 -1  -0.00706964
7089863455138331057
6 0 5 0 -1  0.0309031
7 5 6 4 -1  0.0325207
7089886303367630302
5 4 7 4 -1  -0.81
7089950011831756099
5 4 4 3 -1  0.6561
7090162705041317287
5 2 4 3 -1  -0.0107753
5 4 4 3 -1  0.00901049
7090269621041969238
4 2 1 2 -1  0.6561
7090285121485808619
6 3 5 3 -1  0.282429
7090353178719099309
6 4 5 4 -1  0.0717897
7090491178217338175
5 0 4 0 -1  0.254186
7090631451777524325
7 5 6 6 -1  0.0343368
7090643326988681635
6 4 5 6 -1  0.0886293
7090674378815009416
3 4 2 3 -1  0.000196627
7090681844307038361
4 6 3 6 -1  -0.00221853
7090837231665607879
7 2 5 4 -1  0.00338139
7090946591265594373
2 1 1 2 -1  -0.0886293
7091039592628986106
1 3 1 1 -1  -0.135085
7091098735848086355
5 2 5 1 -1  0.348678
7091171184331221238
5 5 4 3 -1  0.0886293
7091574145262498633
4 4 2 6 -1  0.81
7091578301884668874
1 5 6 5 -1  0.0423911
7091843447847422367
3 7 4 5 -1  -0.228768
7091890220000263981
5 5 4 7 -1  0.0798643
7091977460778034575
6 4 5 3 -1  0.478297
7092139789218713623
7 2 5 4 -1  -0.0523347
7092384201563496349
3 4 4 2 -1  -0.0423911
7092490007506946701
6 0 1 0 -1  0.0133028
7092790369067093281
5 6 0 1 -1  0.31381
7092814893973158394
6 7 5 7 -1  0.00872795
7092825009042295875
7 4 7 6 -1  0.0225284
7092889087789253444
7 5 6 4 -1  0.0250315
7092911796728507286
7 4 5 4 -1  -0.59049
7093279696043473473
0 4 3 1 -1  -0.282429
7093502041396224134
6 0 5 0 -1  0.0423911
6 1 5 1 -1  -0.009779
6 2 4 2 -1  0.00417455
6 3 4 3 -1  0.0060134
6 3 5 3 -1  0.0250513
6 4 5 4 -1  0.00148719
6 5 4 5 -1  0.00366924
6 6 5 6 -1  -0.00892048
7 1 5 2 -1  0.150095
7 6 5 5 -1  0.00429944
7093585746461191353
5 6 6 7 -1  0.098477
7093611403736447370
5 7 5 6 -1  -0.81
7093782704520310271
5 1 4 2 -1  -0.38742
7093816290547070310
5 1 5 0 -1  0.38742
7093968165533652984
4 5 3 4 -1  0.348678
7094027568669418750
1 3 4 3 -1  0.478297
7094058523933883816
6 3 5 4 -1  -0.00785516
7094071270317877348
3 6 2 5 -1  0.0423911
7094184747923567163
3 3 1 5 -1  -0.166772
7094332562533004986
1 2 3 2 -1  -0.729
7094386844090457964
7 4 7 6 -1  -0.0886293
7094534722441107491
3 6 2 6 -1  -0.018248
7094535933186046903
7 0 7 2 -1  0.0797664
7094609196577572696
5 5 4 3 -1  0.166772
7094833118333093541
5 6 7 7 -1  0.81
7094907382931115814
3 2 2 2 -1  -0.0717897
7094968358255480682
7 0 7 2 -1  -0.0717897
7094972705493203903
6 3 5 4 -1  -0.0309031
7095213931986953595
7 3 4 3 -1  -0.135085
7095455217368090049
7 3 7 6 -1  0.478297
7095634340038934336
7 6 5 5 -1  0.254186
7096151790957427615
3 2 2 2 -1  0.6561
7096416198084567988
5 2 4 0 -1  0.31381
7096490522888051946
7 5 7 3 -1  0.254186
7096753660359645031
6 7 5 7 -1  -0.0278128
7096780576620172486
5 1 6 3 -1  -0.0423911
7096926848009509131
6 1 7 3 -1  -0.038152
7097210631408780702
7 3 6 2 -1  -0.282429
7097221815768877486
6 4 4 6 -1  0.000955003
7097390112519074175
7 1 5 0 -1  0.0107753
7097669365839255197
5 6 1 6 -1  0.81
7097712133732191428
5 5 4 5 -1  -0.109419
7097781959994669016
4 1 5 2 -1  0.729
7097826145530630687
7 1 7 2 -1  0.531441
7097900280300829983
4 7 3 7 -1  -0.38742
7098242585316082200
4 4 3 5 -1  0.0581497
7098536137703222582
5 4 4 3 -1  0.31381
7098577975181006352
4 4 3 4 -1  0.0717897
7098628415545055428
5 7 4 7 -1  -0.9
7098725738727288618
6 2 5 2 -1  0.0225284
7098977257352530415
5 5 7 4 -1  -0.00273892
7099103585090350722
3 4 2 4 -1  0.478297
7099210486765047199
6 7 5 7 -1  -0.00417455
7099343527852734721
6 5 5 5 -1  0.0886293
7099389819900397034
6 2 7 3 -1  -2.65613e-05
7099830964761459745
4 2 5 4 -1  0.166772
7099847051390808004
6 0 5 0 -1  -2.63504e-10
7100144223890650164
1 6 4 6 -1  -0.59049
7100157316107132232
7 1 6 3 -1  0.00969773
7100249097891854502
6 3 7 2 -1  -0.109419
7100601955417170474
4 4 3 3 -1  0.0717897
7100866629447588101
7 5 6 4 -1  0.81
7101218157915360006
7 3 4 6 -1  -0.121577
7101226942738474164
7 1 6 1 -1  0.0717897
7101272538605541926
5 5 6 3 -1  0.098477
7101385366745021755
6 3 6 4 -1  0.9
7101452510201614165
5 5 4 3 -1  0.0581497
7101462976218623130
6 5 5 6 -1  0.282429
7101577889688355220
7 5 4 5 -1  -0.185302
7101658755035128697
5 5 4 4 -1  0.6561
7101686661540259133
1 2 2 1 -1  0.9
7101716788738876322
6 4 5 3 -1  -0.9
7101793128527753151
5 5 4 3 -1  0.254186
7102017482051550709
6 3 4 2 -1  0.0886293
7102054740258045125
2 1 3 0 -1  0.282429
7102060142650568577
5 5 4 3 -1  0.0886293
7102065372738435197
6 4 3 1 -1  0.729
7102129727493896594
4 4 4 3 -1  -0.729
7102259959199600826
6 6 5 7 -1  -0.00463839
7102263162533603159
5 5 4 4 -1  -0.205891
7102322543915838755
4 4 3 4 -1  -0.254186
7102362921608417398
2 2 4 3 -1  0.0886293
7102510087988622260
5 2 4 2 -1  -0.0278128
7102547690088776433
5 6 2 6 -1  -0.0202755
7102575534074061754
6 1 4 1 -1  0.135085
7102857902332259326
3 2 2 2 -1  0.166772
7102887025428987116
7 5 6 5 -1  0.0797664
7102917985601688306
4 2 3 4 -1  0.205891
7102993278025683091
6 6 3 3 -1  0.0523347
7103546878342362674
4 2 6 4 -1  -0.478297
7103716053011352501
5 0 0 0 -1  0.348678
7103734200690845428
2 1 1 1 -1  0.0250315
7103876711312348542
4 5 3 4 -1  -0.0717897
7103946341794096719
7 4 7 5 -1  0.0581497
7103959077475276762
4 5 3 4 -1  0.150095
7103995867827458872
7 3 7 6 -1  0.135085
7104009871964808046
7 0 7 1 -1  0.0886293
7104443370455420876
2 0 3 0 -1  0.9
7104452167076599906
6 4 5 3 -1  -0.135085
7104625715242862436
7 4 7 2 -1  0.00338139
7104661536952231145
5 0 3 2 -1  0.0278128
7104784812320702113
7 7 7 3 -1  -0.6561
7104785061140047116
7 0 7 2 -1  0.31381
7104910123712534690
6 3 5 5 -1  -0.0581497
7104960554309800913
6 2 7 4 -1  0.729
7104973007679391061
1 1 1 4 -1  0.0646108
7104976925298906689
4 2 3 3 -1  0.185302
7105014192411276200
3 2 4 3 -1  0.6561
7105081202018892263
4 1 3 1 -1  -0.0164232
7105325525508136483
6 6 4 6 -1  0.109419
7105640666585677769
4 0 3 2 -1  0.00636268
7105645772210842973
6 0 5 0 -1  0.00145558
7105727256678944504
3 0 2 1 -1  -0.00338139
7106116481574589774
6 6 4 6 -1  -0.0133028
7106147296909545158
1 4 1 7 -1  0.0797664
7106288647175292845
4 0 3 0 -1  -0.150095
7106413113974066559
6 7 5 6 -1  -0.109419
7106450822561269185
6 5 4 5 -1  0.282429
7106684798374362729
7 4 7 6 -1  -0.121577
7107042729848788349
7 7 7 3 -1  -0.0471013
7107417331145174093
6 7 5 7 -1  -0.0250315
7107417370444045757
5 1 1 1 -1  0.0797664
7107464344107670438
6 2 7 2 -1  0.6561
7107487897022288768
5 5 4 4 -1  0.150095
7107553137383848929
7 4 7 5 -1  -0.098477
7107809726063901264
6 2 6 3 -1  0.166772
7107829989574479755
7 7 7 6 -1  -0.0423911
7107893349970128689
7 4 7 6 -1  -0.254186
7107957801936368502
5 1 6 1 -1  0.0133028
7108090327477312523
6 1 3 4 -1  0.31381
7108339626195016410
7 4 7 2 -1  0.0797664
7108517599457207045
5 2 6 4 -1  -0.31381
7108614371398184770
4 1 3 1 -1  0.0343368
7108753676171596737
6 3 5 3 -1  0.00785516
7109248576766528875
7 3 7 2 -1  -0.00417455
7109254734738875091
6 4 5 3 -1  0.00969773
7109352131119001891
4 7 3 7 -1  0.185302
7109465861545040632
5 5 4 6 -1  9.40459e-05
7109639342541769565
6 7 5 7 -1  -0.0107753
7109702841238649584
5 2 3 3 -1  0.150095
7109752423047503744
6 6 7 5 -1  0.038152
7110026146789975646
2 2 2 3 -1  0.59049
7110094010403768480
3 4 5 3 -1  -0.0717897
7110441032201668889
6 6 5 6 -1  -0.0471013
7110559555291992117
7 5 7 6 -1  -0.228768
7110806580313038717
3 4 2 4 -1  -0.205891
7110861388890048585
6 4 7 3 -1  0.9
7110926308674512147
7 4 0 4 -1  0.0886293
7111050349719046992
7 6 5 6 -1  0.729
7111103610611989686
6 4 7 5 -1  0.166772
7111200051002755973
7 3 6 3 -1  0.00273892
7111233272280191755
7 0 7 3 -1  -0.150095
7111303968012578649
0 7 0 1 -1  0.729
7111810691353491609
6 2 4 4 -1  -0.166772
7111904825044270948
5 3 4 3 -1  0.0309031
7111970576019434240
6 1 5 1 -1  -0.0133028
7112078779765824063
7 2 7 4 -1  0.121577
7112100614771520899
6 4 5 4 -1  -0.00056392
7112129052993265725
7 5 7 4 -1  8.46413e-05
7112585107935491376
7 5 7 6 -1  0.0886293
7112719199116165277
3 3 2 3 -1  -0.59049
7112730705810757076
7 3 6 3 -1  -0.166772
7112846828853296487
7 3 5 1 -1  0.00636268
7112902424451002027
4 4 3 4 -1  -0.254186
7113073876834703647
3 1 1 2 -1  -0.0646108
7113237399447836810
6 4 5 5 -1  -0.228768
7113269540680106324
7 6 6 7 -1  0.9
7113755011873029836
7 4 5 4 -1  0.0523347
7113806554343701592
6 6 5 5 -1  0.0119725
7114384339417988246
3 6 1 5 -1  -0.9
7114497042742121543
0 0 0 1 -1  0.135085
7114689865053808828
5 4 4 3 -1  0.00706964
7114722069653091505
7 2 2 7 -1  0.0278128
7114843418325009327
6 3 5 2 -1  -0.0717897
7114959069878687557
2 0 1 2 -1  0.0225284
7115182745305148638
4 2 6 2 -1  0.00706964
7115206257626526021
7 2 6 1 -1  0.228768
7115229393723355526
5 2 6 4 -1  0.0717897
7115233591122377691
6 3 5 1 -1  0.0164232
7115715949635005044
7 0 7 2 -1  1.56842e-05
7115774861335479200
4 5 3 5 -1  0.121577
7116077841152674202
5 0 7 2 -1  -0.430467
7116092003208488954
4 3 3 3 -1  -0.0717897
7116151581219208470
7 2 3 6 -1  0.0797664
7116199002201187099
6 4 5 4 -1  0.0202755
7116324718268895552
0 4 0 7 -1  -0.150095
7116341213219197127
7 5 7 2 -1  0.228768
7116442241148389065
5 3 4 4 -1  0.228768
7116493684149900262
7 6 7 5 -1  0.109419
7116601776441783832
1 2 0 2 -1  0.00306016
7116620311946705100
7 4 4 4 -1  -0.166772
7116702513229044929
6 7 5 7 -1  -0.109419
7116775057518103324
7 0 7 1 -1  0.00636268
7117187667631412506
5 3 4 2 -1  0.0107753
7117220550081644426
4 4 2 5 -1  0.0107753
7117363441047668357
5 1 4 2 -1  -0.00417455
7117390878401568024
4 7 3 6 -1  -0.254186
7117450390310283645
6 3 7 4 -1  -0.000143341
7117516158715050306
4 7 3 6 -1  -1
7117846494692757532
6 4 5 4 -1  0.205891
7118009509410980505
3 5 2 5 -1  -0.254186
7118092700587092159
7 2 6 3 -1  -0.0886293
7118352709267764894
4 2 2 2 -1  0.109419
7118367872179622789
5 4 4 5 -1  -0.0646108
7118483374972697428
4 2 3 3 -1  0.0225284
7118625614379264852
7 5 7 4 -1  0.00056392
7119084062443552832
4 4 3 5 -1  -0.00338139
7119541342166905810
2 4 3 5 -1  -0.729
7119634372765802609
0 1 3 4 -1  -0.9
7119653998224371661
4 4 3 5 -1  0.31381
7119690076959915960
2 6 3 7 -1  0.098477
7119726644139049214
5 0 4 0 -1  0.166772
7119881577824832281
6 4 5 4 -1  -0.0119725
7120274817892860983
5 1 7 2 -1  -0.00872795
7120368415278272672
6 7 3 4 -1  -0.59049
7120391540991146270
3 6 4 5 -1  0.0219392
7120523875007228858
3 6 4 7 -1  0.0717897
7120648176831952519
4 6 5 6 -1  -0.430467
7120765144500551759
5 3 6 3 -1  0.81
7120784293568572529
3 4 2 4 -1  -1
7121111213925837157
2 6 4 7 -1  0.81
7121183320371315930
4 4 3 6 -1  -0.0523347
7121209955442552166
6 6 4 5 -1  0.6561
7121370910126836369
5 2 4 4 -1  -0.0797664
7121472870405913163
7 1 7 0 -1  -0.729
7121732206103001319
3 4 4 2 -1  0.185302
7122059553437552083
7 5 7 6 -1  0.478297
7122083867697548111
6 0 4 0 -1  0.00636268
7122212946352757754
5 2 3 3 -1  0.000456775
7122255548718224276
4 5 5 5 -1  0.0797664
7122347505499066952
3 6 2 5 -1  -0.0133028
7123079949533643104
3 4 5 3 -1  0.0646108
7123183100023492747
6 5 5 6 -1  0.531441
7123212517400102066
1 7 2 7 -1  0.6561
7123695607668106930
4 7 2 5 -1  0.0202755
7123824866949219048
6 3 4 2 -1  -0.0164232
