7527182036987291389
7 2 5 4 -1  0.0523347
7527354047055076407
1 2 2 3 -1  -0.31381
7527627910281883439
5 5 4 7 -1  0.018248
7527721313751469991
7 2 6 1 -1  0.348678
7527778522740376869
5 0 4 0 -1  -0.6561
7527794591600656976
7 7 7 4 -1  0.348678
7528066721799295529
0 2 0 4 -1  0.81
7528074893984907600
1 3 0 5 -1  0.0797664
7528093087512974322
4 7 3 7 -1  -0.282429
7528285865964081409
4 5 6 4 -1  0.0250315
7528490509510414880
6 0 5 0 -1  0.0183324
7528509926878319078
7 4 4 1 -1  0.31381
7528767611729769457
3 7 2 6 -1  0.0717897
7528910089413612247
7 4 7 3 -1  0.205891
7528915131866431300
6 0 5 0 -1  0.0202755
6 2 4 2 -1  0.00145558
7 5 6 6 -1  0.0523347
7529003329208154821
6 1 5 0 -1  -0.00785516
7529254189207785021
7 7 7 5 -1  0.0423911
7529278128939822896
5 4 4 4 -1  0.166772
7529350371636433670
5 4 0 4 -1  -0.81
7529357729547151312
7 0 7 4 -1  0.038152
7529734645849146103
6 5 7 5 -1  0.254186
7529911497548106616
7 4 1 4 -1  0.0581497
7529921710751896197
6 0 4 0 -1  -0.00636268
7529968262141793019
6 4 5 4 -1  -1
7530277021240302309
6 0 4 0 -1  0.0147809
7530616407699977385
4 4 3 2 -1  0.0225284
7531204910481129628
2 2 6 2 -1  0.729
7531309131401110257
5 0 4 1 -1  0.254186
7531643224687598360
3 1 2 2 -1  -0.282429
7531780884514636065
6 7 5 7 -1  -0.0423911
7531878624456760496
5 0 4 0 -1  0.0309031
7531969398427721247
7 5 7 2 -1  0.000242749
7532176649430148989
4 3 5 5 -1  0.135085
7532291673489220543
7 4 7 6 -1  0.0581497
7532439860456150418
6 4 5 3 -1  -0.205891
7532582679803712837
7 5 6 4 -1  0.430467
7532662292446309073
6 3 5 5 -1  0.0225284
7532688259988336954
6 1 5 1 -1  0.0646108
7532713579846276690
1 6 1 3 -1  -0.0581497
7533022044860930684
6 0 4 0 -1  0.00785516
7533198065632120569
4 0 4 3 -1  0.098477
7533206203765942154
5 1 4 3 -1  0.31381
7533217934707528095
6 5 4 5 -1  0.185302
7533298478156357832
6 6 4 6 -1  -0.0523347
7533569346776063921
3 5 3 7 -1  -0.254186
7533604105593510950
7 7 4 7 -1  0.135085
7533735379870564018
3 1 4 0 -1  -0.0797664
7533883663227962739
7 7 6 7 -1  0.59049
7533980420559058125
6 3 3 6 -1  0.0886293
7534239530086068442
5 4 5 1 -1  -0.31381
7534534606038261396
6 6 5 7 -1  0.6561
7534606601181327190
3 3 5 2 -1  0.254186
7534749293880148918
7 3 7 1 -1  -0.348678
7534775305568011465
6 5 4 4 -1  0.6561
7534901865355893397
7 4 7 6 -1  0.430467
7534945389528199602
7 5 6 3 -1  -0.0119725
7535144608845178145
4 7 3 7 -1  0.0646108
7535716505312592936
7 7 0 7 -1  0.59049
7535806267217380454
5 3 6 2 -1  0.0581497
7535880753838788101
7 5 5 3 -1  -0.0309031
7535912984029361585
5 2 0 2 -1  0.9
7535993261713030234
3 2 2 3 -1  0.254186
7536169527132268211
5 6 5 4 -1  0.098477
7536207285319813252
5 5 4 3 -1  0.0202755
7536408118106697566
6 3 6 2 -1  -0.098477
7536423139668857279
7 4 6 2 -1  -0.00485707
7536469075972019702
5 5 3 3 -1  -0.0147809
7536614002375622790
7 5 7 2 -1  0.205891
7536979171624044423
6 2 6 4 -1  -0.205891
7537041949237107544
6 5 4 5 -1  -0.0309031
7537063807978826259
4 2 3 4 -1  -0.00706964
7537065370162257571
5 0 5 1 -1  -0.38742
7537851609256923049
4 7 5 6 -1  -0.0797664
7538449847783378866
7 2 6 2 -1  0.185302
7539075436609633973
7 5 5 4 -1  0.430467
7539147190361697003
4 4 3 3 -1  -0.0471013
7539183139775926315
7 4 7 3 -1  0.254186
7539281795222250919
5 3 1 3 -1  -0.0797664
7539399873324618632
4 6 2 4 -1  0.0278128
7539498162951784307
6 1 4 1 -1  -0.0471013
7539639208387227082
7 6 6 5 -1  0.185302
7539673694468208857
1 4 1 2 -1  0.31381
7539735863626615695
4 4 3 5 -1  -0.254186
7539884711437725945
7 6 5 6 -1  0.430467
7539978413802755806
6 6 5 7 -1  0.6561
7540413317464562797
4 0 0 0 -1  -0.228768
7541024063347327659
6 2 6 3 -1  -0.729
7541138052706762469
2 6 4 4 -1  0.729
7541331683644540714
2 1 1 1 -1  0.430467
7541466596549707925
6 2 5 2 -1  0.166772
7541483750165603427
7 2 7 1 -1  -0.185302
7541550988515468261
5 2 4 2 -1  0.348678
7541769178788360226
7 4 5 2 -1  0.00246503
7542042714752985171
6 0 4 0 -1  0.205891
7542303511240324893
0 2 3 2 -1  -0.59049
7542331111065147261
2 3 5 6 -1  0.166772
7542437982897782800
3 3 3 4 -1  -1
7542721709730035808
6 4 5 5 -1  0.0717897
7542746362680271914
7 4 6 4 -1  0.348678
7543026133503508409
5 2 4 3 -1  -0.0646901
7543194887981006773
7 3 7 4 -1  -0.0202755
7 6 7 5 -1  0.121577
7543358887560539732
4 6 3 6 -1  0.348678
7543668882004363497
5 2 5 1 -1  0.0250315
7543757771624590150
6 1 3 4 -1  0.166772
7543860873868428549
6 3 4 3 -1  0.000773553
7544108837654293445
2 5 1 3 -1  -0.531441
7544126990680823955
7 6 5 5 -1  0.00273892
7544132099597684075
6 2 6 3 -1  0.00572641
7544248206767249915
4 2 2 3 -1  -0.254186
7544425517464352016
1 5 3 3 -1  0.228768
7544466699345116408
5 2 4 3 -1  0.228768
7544653412394812750
5 1 4 0 -1  0.0343368
7544746353236465640
7 3 7 2 -1  0.0886293
7544977680871620158
6 6 5 6 -1  0.59049
7545176863953197051
7 3 2 3 -1  -0.478297
7545483669631265803
6 4 5 4 -1  0.098477
7545615427469688890
5 6 7 4 -1  0.135085
7545678785528798131
4 6 3 5 -1  -0.150095
7545761772588279797
2 2 1 2 -1  -0.31381
7545775563700073547
7 5 5 3 -1  -0.0523347
7545825935701222315
4 1 4 3 -1  0.348678
7546059133808609947
6 3 7 2 -1  0.531441
7546364706688889688
7 6 7 7 -1  -0.0523347
7546457734419360610
2 5 2 4 -1  0.0886293
7546606169025251114
7 6 7 7 -1  0.0797664
7546848443386173090
2 7 0 5 -1  -0.348678
7546978406039390229
7 1 6 3 -1  0.0423911
7547006078950573918
6 6 4 6 -1  0.098477
7547177497809556797
1 7 1 2 -1  0.31381
7547237166738726410
6 3 5 5 -1  0.38742
7547376229623579250
6 3 6 4 -1  0.59049
7547658433803230580
2 3 3 4 -1  -0.81
7547659699423592529
5 0 4 0 -1  0.478297
7547768360477688986
7 7 7 6 -1  -0.38742
7547900341097311981
1 4 7 4 -1  -0.254186
7548025247437079177
5 6 3 4 -1  -0.254186
7548346549306809376
6 2 4 2 -1  0.00969773
7548364396384991505
3 4 1 2 -1  0.9
7548403048419803224
5 1 4 2 -1  0.0581497
7548409264056623315
7 3 7 1 -1  0.098477
7548447212948330774
7 3 7 4 -1  0.0225284
7548702356486371988
5 1 4 2 -1  -0.135085
7548738181690510591
3 3 4 3 -1  -0.205891
7548771499376978401
6 2 2 2 -1  -0.531441
7549134709631387352
2 0 4 0 -1  0.135085
7549322556281401650
6 5 5 6 -1  -0.0797664
7549449344798744774
5 4 1 4 -1  -0.0343368
7549472145076930809
7 3 6 2 -1  0.00785516
7549492410684587428
2 5 3 5 -1  -0.348678
7549493783944364849
7 4 7 6 -1  0.00785516
7549516505634827196
6 1 4 1 -1  0.0523347
7549540975377654290
5 5 3 4 -1  0.00492385
7549615941393920713
6 0 5 0 -1  0.0132894
6 2 5 2 -1  -0.00348638
6 4 5 4 -1  0.0523347
7 6 5 5 -1  0.128092
7549691546043315961
7 1 6 3 -1  0.00706964
7549730483451325337
7 1 6 3 -1  -0.0164232
7549987660089751776
6 5 5 5 -1  -0.0309031
7550213529084220014
7 3 4 0 -1  -0.0280765
7550269645697460339
6 5 5 5 -1  -0.0107753
7550322460592732567
4 4 6 4 -1  -0.59049
7550501833491122695
3 4 2 2 -1  0.0423911
7550570158841272158
7 7 7 4 -1  -0.00338139
7550770471435214888
3 3 2 2 -1  -0.478297
7550896019132676248
0 4 0 3 -1  0.109419
7551063527227307827
7 6 5 5 -1  -0.0049718
7551093566749023265
1 0 1 1 -1  0.348678
7551187946214073015
4 6 0 6 -1  -0.185302
7551281075101388576
5 2 5 1 -1  -0.59049
7551558738172486011
6 3 4 4 -1  0.109419
7551891124799269241
5 7 4 7 -1  -0.000159268
7552017828032713161
6 2 5 2 -1  0.729
7552066750436895535
6 3 5 3 -1  0.0250315
7552302424238971926
5 2 6 4 -1  0.00056392
7552644908585545879
5 4 4 3 -1  0.282429
7552709591106093492
3 4 2 4 -1  -0.81
7552713958161576431
2 3 2 5 -1  0.59049
7552907605101956312
3 6 5 5 -1  0.0119725
7552945696940643236
3 2 2 1 -1  -0.0343368
7553127780654843369
5 5 6 7 -1  0.254186
7553135116642015632
5 1 4 2 -1  -0.109419
7553219683181171676
4 1 1 1 -1  0.430467
7553281894040218820
7 3 6 3 -1  0.0202755
7553383967621528461
4 6 3 7 -1  0.282429
7553528934495880112
5 3 4 2 -1  0.531441
7553793884693319463
3 3 4 4 -1  0.0886293
7553815676711466387
3 2 4 4 -1  6.17035e-05
7553955597185121408
0 0 0 3 -1  0.185302
7554085445778975077
6 5 4 5 -1  0.0119725
7555021040824082971
7 0 7 6 -1  -0.166772
7555093548576169100
4 1 7 4 -1  0.00872795
7555185797051727570
1 0 1 2 -1  -0.0423911
7555331911301461434
6 4 7 3 -1  0.38742
7555440425272122434
6 6 6 5 -1  0.135085
7555477332430757263
3 6 2 6 -1  0.59049
7555511644589117212
1 3 1 1 -1  0.205891
7555575924588047395
4 0 3 0 -1  0.228768
7555607811567502736
6 3 5 5 -1  -0.0471013
7555738554016331196
7 6 5 5 -1  0.0646108
7555885105923874795
7 1 5 2 -1  -0.00463839
7555958087421710454
5 6 7 5 -1  0.531441
7556101404018682790
7 5 7 3 -1  -0.038152
7556205688830781892
4 4 3 3 -1  -0.228768
4 7 3 7 -1  0.0343368
7556264061797041242
6 2 5 2 -1  0.0037571
7556576437536748924
7 6 7 5 -1  0.0471013
7556811179661311414
3 5 5 4 -1  0.000129007
7556837291172008316
7 2 5 0 -1  0.31381
7556860644175413500
6 3 6 2 -1  0.38742
7556940484153176893
7 1 6 1 -1  -0.31381
7556953405120308491
6 4 5 3 -1  0.150095
7556983828824323994
6 6 6 5 -1  -0.228768
7557186285617039930
5 0 2 0 -1  -0.000159268
7557281438824848647
6 5 7 6 -1  -0.282429
7557299910378782888
5 7 4 7 -1  0.430467
7557302057499177856
5 5 6 3 -1  0.0886293
7557423319893499184
7 1 6 0 -1  -1
7557992386755987466
7 6 6 6 -1  0.31381
7558098309353937936
5 5 3 3 -1  -0.121577
7558210642146375500
5 5 3 5 -1  0.0717897
7558236500852828809
0 3 6 3 -1  -0.348678
7558381966226087457
4 1 3 1 -1  0.0186323
7 5 5 3 -1  -0.0192557
7558585747662342981
5 0 7 0 -1  0.150095
7558602253030130656
5 5 3 3 -1  -0.00572641
7558738585673851735
7 3 6 4 -1  0.135085
7558809512733467560
7 2 5 3 -1  0.166772
7558811415891580479
4 2 3 2 -1  -0.0471013
7558994221005604706
3 2 3 0 -1  -0.109419
7559290081281145482
7 6 7 5 -1  -0.150095
7559350081662714994
3 5 3 3 -1  0.166772
7559541745958910252
6 5 5 5 -1  0.038152
7559595994659733082
7 5 7 4 -1  -0.38742
7559807654972775393
3 3 2 1 -1  0.150095
7559879198313612813
6 6 4 6 -1  0.0581497
7560132097295054776
0 3 0 4 -1  0.0423911
7560180326780333294
5 3 4 4 -1  0.00572641
7560427147349328074
6 4 5 3 -1  0.81
7560818799191802979
4 0 3 0 -1  0.109419
7560860339754059343
3 2 4 1 -1  -0.254186
7561002413167034300
3 4 3 5 -1  0.098477
7561018521720981810
6 6 5 6 -1  0.038152
7561029768368731175
6 7 5 7 -1  -0.166772
7561227261118085603
3 4 2 5 -1  -0.185302
7561345662321593385
6 2 4 2 -1  -0.0107753
7561517462517880505
7 0 7 1 -1  -0.254186
7561598193093099341
7 4 7 3 -1  0.038152
7561611383797109124
6 1 7 2 -1  -0.205891
7561649442716066911
7 1 7 2 -1  -0.0423911
7561727289168114786
6 0 0 0 -1  0.00417455
7562055092159459260
2 7 0 5 -1  0.6561
7562078525801355090
3 0 2 0 -1  -0.729
7562283277616229240
7 1 3 1 -1  0.531441
7562334703221460124
6 1 4 3 -1  -0.205891
7562353341454964524
7 1 5 2 -1  -0.0423911
7562456650583506285
4 5 5 7 -1  0.31381
7562466148388317452
7 6 6 6 -1  0.00304325
7562682435346332668
7 4 5 6 -1  0.121577
7562769253628015711
6 1 4 1 -1  0.185302
7562863184579984809
4 5 3 5 -1  0.121577
7563119282995195623
7 0 7 1 -1  0.0646108
7563155714571540947
5 5 4 4 -1  -0.00706964
7563157482078506907
5 6 4 7 -1  -0.81
7563264000974149817
6 2 6 4 -1  0.38742
7563272779452436618
7 5 7 4 -1  -0.038152
7563305810123300236
4 1 3 1 -1  -0.38742
7563314361091307587
5 7 7 6 -1  -0.729
7563504290325072938
4 4 3 2 -1  0.205891
7563533644877014988
5 5 4 3 -1  0.109419
7563675731505894103
6 4 7 5 -1  0.0886293
7563773724443375374
6 3 5 2 -1  -0.6561
7563872742712723825
1 1 3 1 -1  0.0886293
7563921895368241776
7 5 7 4 -1  0.0133028
7564050470692192816
2 0 0 2 -1  -0.098477
7564111757042426568
7 5 6 6 -1  -0.00106111
7564131355456583924
5 5 6 3 -1  0.282429
7564295468280283740
7 0 7 4 -1  0.6561
7564309721086644622
6 3 5 5 -1  -0.59049
7564539244968372315
5 2 7 4 -1  -0.38742
7564645113092534951
4 3 3 2 -1  0.166772
7564688323321833876
5 3 7 1 -1  -0.0278128
7564717548822448482
2 6 2 3 -1  -0.531441
7564809574900478690
6 5 3 2 -1  0.6561
7564928605385287344
7 4 7 6 -1  -0.00660295
7565153415024471227
5 0 4 0 -1  0.531441
7565189505817379701
7 4 7 3 -1  0.6561
7565464972565435986
7 4 7 6 -1  0.0581497
7565711856755407208
6 1 4 3 -1  0.0225284
7566009493352591949
6 3 5 4 -1  0.0581497
7566012962975863811
4 7 3 5 -1  0.0886293
7566023672519340224
6 4 4 2 -1  0.9
7566064112676118496
6 5 6 4 -1  0.205891
7566149400250845911
3 4 4 5 -1  0.0646108
7566332828311326963
6 4 4 2 -1  0.0581497
7566340165664178853
6 5 7 4 -1  0.00106111
7566804352656086860
6 5 6 6 -1  0.38742
7567155558645685211
4 0 3 0 -1  -0.478297
7567304767656687138
7 0 6 0 -1  0.0797664
7567322214046980022
7 6 6 6 -1  0.81
7567893196658756490
7 5 6 4 -1  -0.0471013
7567899584541585754
7 5 6 6 -1  -0.00636268
7567939753394747018
5 4 4 5 -1  0.038152
7567979531404486035
2 1 1 2 -1  -0.81
7568029933452308706
6 5 5 5 -1  0.00338139
7568148336356307205
7 3 4 6 -1  0.00872795
7568523954451591241
5 4 4 3 -1  -0.0423911
7568670598996364273
7 1 7 0 -1  -0.0147809
7568805191823722270
0 0 0 4 -1  -0.348678
7568828624167850034
7 4 7 6 -1  0.478297
7568940562849381682
6 4 0 4 -1  0.9
7569415826077836741
5 2 4 3 -1  0.228768
7569439983124719509
5 0 4 0 -1  0.166772
7569728894218953809
4 2 3 2 -1  -0.185302
7569837615044772694
0 2 2 2 -1  0.254186
7569946089871313381
3 3 5 5 -1  0.000242749
7569975188076145626
7 4 7 6 -1  0.0423911
7570023451871329377
6 4 5 4 -1  0.729
7570215007011812806
7 4 7 6 -1  0.00304325
7570839539943021529
5 5 4 3 -1  -0.150095
7570938690471360660
6 0 4 0 -1  -0.098477
7571149909959408794
6 0 4 0 -1  0.0294616
7571186880408489531
5 5 3 6 -1  -0.0523347
7571495729529313278
7 7 7 1 -1  0.0164232
7571547810833289988
5 7 4 6 -1  0.478297
7572123939660280394
4 3 6 4 -1  0.478297
7572293342853720561
7 3 6 4 -1  0.0646108
7572408919975778932
6 0 5 1 -1  0.478297
7572453682046115545
7 0 7 3 -1  -0.038152
7572489795762913760
6 6 5 6 -1  0.00969773
7572504940223390039
7 4 7 6 -1  0.0037571
7572525895793219684
6 3 5 5 -1  0.0278128
7572581059742151011
1 5 0 3 -1  -0.00636268
7572934638347971084
0 5 6 5 -1  0.81
7572985186757479012
5 4 4 4 -1  0.00969773
7573447044360007231
7 1 6 3 -1  0.0343368
7573496326132028465
7 2 7 4 -1  -0.121577
7573577716667944030
3 1 2 0 -1  0.531441
7573669190530967013
0 3 0 2 -1  -0.38742
7574319515316309196
7 0 7 4 -1  0.185302
7574323706627462189
4 1 5 0 -1  0.31381
7574354740599623039
1 0 1 1 -1  0.348678
7574388311073494745
4 3 3 1 -1  0.348678
7574722662520392757
6 1 5 2 -1  -0.0119725
7574970610363654429
5 3 4 3 -1  -0.81
7575005319031453063
4 1 7 4 -1  0.185302
7575951858987915982
4 5 3 6 -1  -0.348678
7575999797412001251
2 5 3 7 -1  -0.0471013
7576039085452304840
7 0 7 2 -1  0.0423911
7576131852241415546
5 4 3 2 -1  0.531441
7576227428363685516
6 3 4 2 -1  0.430467
7576276661895792231
1 7 1 5 -1  0.228768
7576371435003405373
7 3 3 3 -1  0.018248
7576375380842664239
6 1 0 7 -1  0.729
7576682125964699525
6 6 5 6 -1  0.38742
7576912340396536222
4 4 4 6 -1  -1
7577080063121258098
7 1 6 3 -1  0.00199668
7577198141611436491
4 1 4 3 -1  -1
7577254948780691371
6 5 6 4 -1  0.00246503
7577471241552829413
7 2 7 1 -1  0.109419
7577814621888020525
3 6 4 4 -1  0.0119725
7577870962858005280
3 2 0 5 -1  0.228768
7578160102222046316
3 1 6 4 -1  -0.0202755
7578180819024832693
7 3 5 1 -1  -0.0423911
7578206199009340502
6 6 1 1 -1  0.9
7578499418456173063
3 7 1 7 -1  0.9
7578616663451721435
6 5 5 5 -1  -0.0797664
7578643221917678033
5 5 4 7 -1  0.430467
7578860277023445191
7 2 6 3 -1  0.135085
7578883932837307111
5 4 4 3 -1  -0.531441
7578915313133324397
7 3 7 1 -1  0.0646108
7579025081953671673
5 5 6 3 -1  0.6561
7579076459063820544
3 4 1 3 -1  0.0471013
7579199519362801083
5 6 4 6 -1  0.0717897
7579205447579221121
5 1 1 1 -1  0.0583625
7579627759441940463
7 6 7 7 -1  0.0646108
7579715014872315659
3 7 4 7 -1  -0.38742
7579741287855244400
6 6 6 7 -1  0.6561
7579856385467556785
7 0 7 1 -1  0.00872795
7579998875743782736
1 3 3 4 -1  -0.254186
7580034592460131007
7 1 6 3 -1  0.018248
7580157105304490520
4 4 3 4 -1  0.0581497
7580433597012764729
3 2 2 2 -1  0.000955003
7580488670753957300
5 3 6 2 -1  0.038152
7580952625305650056
7 5 6 6 -1  0.0717897
7581066689380061956
4 4 3 5 -1  -0.0107753
7581222049614339937
5 0 4 0 -1  0.098477
7581273780524639908
5 1 6 1 -1  0.478297
7581396442302552306
6 3 5 1 -1  0.478297
7581424814003854444
5 1 6 2 -1  -0.185302
7581565580027877208
7 6 6 4 -1  -0.150095
7581606024579544693
7 4 7 5 -1  0.166772
7581748947350274625
2 6 1 6 -1  0.6561
7581786241641560704
7 2 3 6 -1  -0.0797664
7581852801534914550
7 2 6 2 -1  0.81
7582065804372979027
7 6 6 5 -1  0.729
7582143028999762311
7 1 1 1 -1  0.038152
7582174178874599708
7 0 7 2 -1  -0.205891
7582199766151368416
7 0 7 2 -1  0.000773553
7582211036187021980
7 7 7 6 -1  0.478297
7582545607494315915
6 3 4 4 -1  -0.0202755
7582548608685071391
4 0 7 3 -1  0.185302
7582709717711620596
2 5 3 6 -1  0.729
7582840166953262214
3 6 1 6 -1  0.185302
7582913129822105749
6 4 5 3 -1  0.00221853
7583022407943336129
5 4 4 4 -1  0.0225284
7583208859900011536
6 0 4 0 -1  0.000626578
7583237090157357941
6 2 5 2 -1  0.0225284
7583449623555217480
7 1 6 3 -1  0.135085
7583595302237132040
2 2 0 3 -1  -0.478297
7583606685617870789
7 4 6 4 -1  0.018248
7583886589014397861
7 5 6 4 -1  -0.00872795
7583996774163874097
3 2 4 4 -1  0.098477
7584223258270352930
5 3 3 4 -1  -0.0797664
7584423319677006262
5 3 5 5 -1  0.166772
7584568610512394678
4 4 6 3 -1  -0.0343368
7584679374413411903
7 2 3 6 -1  -0.121577
7585052173619611638
7 4 7 2 -1  0.018248
7585106028279122494
6 4 5 4 -1  0.31381
7585308394384671837
4 2 3 1 -1  0.38742
7585493008571567725
7 3 5 3 -1  0.0149866
7585702495594384196
2 4 2 6 -1  -0.6561
7585757723607573190
6 2 5 3 -1  -0.150095
7585837508802756730
6 1 5 1 -1  -0.150095
7585971569025986885
6 6 5 6 -1  0.150095
7586033807686085250
7 6 5 5 -1  0.00872795
7586059930471307508
6 3 4 2 -1  0.0471013
7586125915521741418
2 5 3 4 -1  0.228768
7586300259664479437
3 5 1 4 -1  -0.38742
7586428691591409620
6 7 5 5 -1  0.109419
7586582337461090764
5 7 6 5 -1  -0.00246503
7586631507744427280
7 3 6 2 -1  0.0133028
7586913015739513337
1 1 1 2 -1  0.135085
7586950763668208750
3 5 2 6 -1  0.478297
7586953914843681032
6 2 5 2 -1  -0.0491171
7587096174718466634
3 1 2 1 -1  0.166772
7587110445343124830
6 6 7 5 -1  0.228768
7587191891155765635
6 4 5 3 -1  0.135085
7587323563072119491
6 0 4 0 -1  0.0646108
7587341648220266667
4 6 3 5 -1  -0.109419
7587453775983378380
6 5 4 5 -1  0.0886293
7587864044634721903
6 1 5 1 -1  0.0202755
7587948809622757831
1 3 3 2 -1  0.31381
7588038866603577659
5 6 4 7 -1  0.31381
7588132119104178712
5 2 4 3 -1  -0.0471013
7588219779497342572
6 4 2 0 -1  0.00463839
7588349452895668899
4 0 3 0 -1  -0.0343368
7588553590624676806
6 3 4 3 -1  0.00994144
7588686651230449895
3 3 5 3 -1  0.9
7588696673347147049
6 1 4 3 -1  0.00338139
7588773647876173452
3 5 2 5 -1  -0.6561
7588845188676013701
5 1 7 2 -1  0.0581497
7588904363218517704
6 3 6 1 -1  -0.0423911
7588988436532227580
6 4 7 3 -1  -0.0250315
7588995095039795857
6 2 6 3 -1  0.38742
7589127295214189988
5 2 4 4 -1  -0.109419
7589433927393147636
6 4 4 4 -1  -0.109419
7589519384785651630
7 4 7 6 -1  -0.0646108
7589779872253091199
4 4 3 4 -1  -0.228768
7589798863239296522
4 5 2 5 -1  -0.430467
7590023723396675800
6 6 5 6 -1  0.9
7590043366865979528
7 5 7 3 -1  -0.531441
7590513780316043119
7 6 4 6 -1  0.0164232
7590626680873561314
7 1 5 2 -1  0.00161731
7591075965021873038
2 2 2 1 -1  -0.150095
7591144663553311133
7 0 7 3 -1  0.0717897
7591172364499603318
5 3 4 3 -1  0.00785516
7591214931079170002
5 5 6 7 -1  -0.000626578
7591319055358095373
2 0 5 0 -1  0.121577
7591484743153177672
6 2 5 2 -1  0.0202755
7591560384976547626
6 0 5 0 -1  -0.0133028
7591649050852556905
6 3 4 4 -1  0.0202755
7591735202341309554
5 5 4 6 -1  -0.0646108
7591746474019063347
2 0 3 0 -1  0.150095
7591779492786433922
7 3 4 3 -1  -0.348678
7591806688368640026
5 5 3 4 -1  -0.00106111
7591856043033568815
7 2 7 4 -1  0.0471013
7592072076039869354
7 6 7 7 -1  -0.59049
7592155486280428348
2 2 0 3 -1  0.0886293
7592156305788600218
7 0 7 4 -1  0.0250315
7592183702178178861
6 5 4 5 -1  0.0278128
7592191533024528380
6 4 6 3 -1  -0.59049
7592330796279218508
7 0 6 2 -1  0.81
7592359908673712604
4 2 3 2 -1  0.166772
7592366511567500120
4 1 3 3 -1  0.254186
7592425497688296133
5 6 4 6 -1  0.531441
7592623123847048471
4 5 3 5 -1  0.0886293
6 1 3 4 -1  0.0717897
7592662747969174876
7 2 4 5 -1  0.0672225
7592924048412274571
7 5 6 4 -1  -0.0717897
7592944046654948205
6 6 5 6 -1  0.478297
7593082817174730426
6 2 7 3 -1  0.0250315
7593096662122929220
3 0 6 3 -1  0.00785516
7593148461592893400
7 1 2 1 -1  -0.254186
7593215059648881894
3 2 2 2 -1  -0.38742
7593276254874297389
6 4 5 3 -1  0.00221853
7593484826332026004
5 3 4 3 -1  -0.00338139
7593580227622902853
7 4 6 5 -1  0.00221853
7593607269484374004
5 4 3 4 -1  -0.185302
7593697726152792412
4 5 6 5 -1  0.430467
7593705294152316257
5 4 5 7 -1  -0.0523347
7593888239872811596
6 6 5 4 -1  0.531441
7594020749474575941
4 7 3 5 -1  -0.121577
7594185829826613680
3 6 1 5 -1  -0.000696197
7594213698023814876
6 3 5 3 -1  0.478297
7594220976794584475
6 6 5 6 -1  -0.00179701
7594575032114651431
6 4 3 1 -1  0.59049
7595263839938276964
0 3 4 3 -1  0.121577
7595278141943846646
5 3 4 5 -1  0.282429
7595369796975846193
3 4 3 6 -1  0.531441
7595395881121500132
6 1 5 0 -1  0.59049
7595559717689591071
6 4 5 5 -1  0.0471013
7595583428805725675
3 3 4 5 -1  0.478297
7595612746770511671
7 0 7 1 -1  0.000507528
7595753503876859226
5 3 4 4 -1  -0.0225284
7595858634006175590
4 7 5 6 -1  -0.109419
7595896264923616648
4 2 3 3 -1  0.205891
7595897979209101998
5 2 3 3 -1  0.00706964
7596077770023332321
7 3 6 3 -1  0.254186
7596087123515618085
5 6 4 5 -1  -0.0423911
7596132296337468741
6 6 4 6 -1  0.098477
7596175108574549258
6 2 5 2 -1  -0.0225284
7596184793628185316
3 7 2 6 -1  -0.81
7596321291390575967
6 2 5 1 -1  0.038152
7596400098299089110
4 3 3 3 -1  0.228768
7596469011428394536
1 1 0 1 -1  0.531441
7596475648975156585
7 1 6 3 -1  0.0107753
7596641915535059444
7 1 6 3 -1  0.00273892
7596705772239532292
7 5 4 2 -1  0.00636268
7596766453567789815
1 1 2 1 -1  0.81
7596816565509069402
6 2 4 2 -1  0.0309031
7596955919117389019
1 2 0 3 -1  -0.0202755
7596994756083778134
4 2 5 3 -1  -0.0309031
7597010980592436407
3 4 2 4 -1  0.6561
7597046552599394456
5 2 7 4 -1  0.185302
7597610315173382209
6 6 7 7 -1  0.166772
7597715429526440936
6 4 4 4 -1  0.9
7598140834420686629
6 4 5 4 -1  0.00365765
7598182220009842726
6 6 5 6 -1  -0.0581497
7598339760119551325
5 5 5 3 -1  0.38742
7598505836240113772
6 0 5 0 -1  0.121577
7598703583918996469
4 3 3 4 -1  0.0581497
7598788493077742696
7 5 6 4 -1  0.000411098
7598842487379748672
4 6 3 7 -1  -0.166772
7599076953939501384
6 5 5 3 -1  -0.00304325
7599197485765636162
5 1 4 1 -1  0.81
7599431132679525365
2 3 2 5 -1  0.0797664
7599462299987301599
3 6 2 5 -1  0.430467
7599568734596684403
5 7 6 6 -1  -0.59049
7599633777251566068
6 7 5 7 -1  0.430467
7600068559791014388
6 6 4 6 -1  0.0886293
7600521281173981322
6 4 5 4 -1  -0.00872795
7600859808627052121
3 1 2 1 -1  0.430467
7600867034322047887
5 4 4 4 -1  -0.729
7601101366699856167
5 3 4 3 -1  0.6561
7601148741948671232
4 2 3 2 -1  0.00572641
7601403787508918493
6 2 4 2 -1  0.150095
7601549391876681003
7 1 6 3 -1  -0.0423911
7601647893907886419
5 3 6 3 -1  0.0471013
7601697839038416898
6 0 5 0 -1  -0.254186
7602256004255741870
2 4 3 2 -1  0.254186
7602284618503213468
6 5 5 5 -1  0.282429
7602438562588533069
5 5 4 7 -1  -0.185302
7602541292408734107
5 1 3 0 -1  0.00872795
7602591303487860303
7 6 7 7 -1  0.31381
7602817425511644143
7 6 6 5 -1  -0.135085
7602890211316558803
6 3 5 5 -1  0.109419
7602924942834377258
3 3 2 3 -1  0.282429
7603363486790778425
6 6 5 6 -1  -0.00572641
7603435616776220013
6 5 6 6 -1  0.531441
7603447784129728329
7 0 7 2 -1  0.228768
7603501644405606033
6 5 4 5 -1  0.0423911
7603966704981393809
7 1 5 1 -1  -0.59049
7604100926792664945
5 4 4 5 -1  0.228768
7604172068606982609
7 5 5 4 -1  -1
7604195845609643041
5 2 3 3 -1  0.59049
7604385919419929302
7 5 3 1 -1  -0.0147809
7604685303884275858
5 2 4 3 -1  -0.185302
7604732613240278781
5 3 6 4 -1  0.205891
7605075419953484992
3 3 2 4 -1  -0.38742
7605141332559116890
6 6 4 4 -1  -0.254186
7605170338129832982
6 3 4 2 -1  -0.098477
7605402360157531124
6 0 5 0 -1  -0.00417455
7605418178448708701
5 5 3 4 -1  -0.0646108
7605421837006983463
1 3 3 5 -1  0.205891
7605452203806274433
7 6 7 5 -1  0.729
7605835984309182800
4 7 7 4 -1  0.729
7605999580393342938
2 4 1 4 -1  0.254186
7606095274337222058
7 0 3 0 -1  0.31381
7606280450137849310
1 4 0 3 -1  0.531441
7606444455046041702
6 5 6 6 -1  -0.109419
7606694472160899769
3 3 2 3 -1  0.228768
7606876148310696146
3 2 3 1 -1  -0.00969773
7606889626432788413
4 0 3 1 -1  0.228768
7606890020251192283
3 3 1 5 -1  -0.9
7606897365545111671
4 6 3 7 -1  -0.135085
7607055974789431795
7 0 7 2 -1  -0.0797664
7607182261701278023
6 2 5 3 -1  0.150095
7607249449204872871
6 5 4 5 -1  0.166772
7607317816150238919
7 3 7 4 -1  -0.38742
7607429057744411379
6 0 5 1 -1  0.000696197
7607479943836589900
7 2 5 4 -1  -0.0133028
7607633581658368914
3 6 1 7 -1  0.0886293
6 5 4 5 -1  0.0581497
7 3 5 5 -1  0.000696197
7607709077563043773
6 3 5 1 -1  0.0309031
7607722279869672634
7 4 7 6 -1  -0.0717897
7607872459904817706
4 4 2 5 -1  0.9
7607919444260040480
5 1 6 3 -1  -0.0473629
7607962898985554389
2 3 3 1 -1  0.31381
7608140622193221217
4 3 3 3 -1  0.81
7608308635096033515
4 0 4 6 -1  0.0717897
7608343307248120523
5 5 6 4 -1  -0.205891
7608356679146488585
7 4 5 4 -1  0.348678
7608401030781758763
7 5 6 6 -1  0.0250315
7608432815523611420
4 6 3 6 -1  -0.9
7608543681955375374
4 0 3 0 -1  0.121577
7609024801185503751
7 4 7 6 -1  -0.0225284
7609064448091688310
7 2 2 2 -1  -0.228768
7609588462586138095
7 0 7 4 -1  -0.0717897
7609600517555273314
4 3 3 2 -1  0.00029969
7609663079232325624
4 7 3 7 -1  0.150095
7609893942145628104
2 1 1 2 -1  0.135085
7610266857340230317
5 1 6 3 -1  -0.228768
7610343527769530654
2 3 0 3 -1  -1
7610387354589475254
4 2 2 3 -1  -0.205891
7610449804751580514
5 6 6 6 -1  -0.121577
7610450230718979385
2 3 1 4 -1  0.81
7610479768096194300
2 2 3 1 -1  0.0797664
7610557088222453402
7 2 7 1 -1  0.038152
7610886636797688272
7 1 5 2 -1  0.59049
7611127947099341641
4 2 3 3 -1  0.478297
7611171688633691296
7 3 7 2 -1  -0.6561
7611301171100906576
6 2 5 1 -1  -0.0523347
7611389306538702773
3 4 3 7 -1  0.0886293
7611487252069525277
5 0 4 0 -1  0.109419
7611493495952325314
6 1 5 1 -1  -0.0471013
7611686921052217031
3 6 6 3 -1  -0.0717897
7611850729937247125
6 7 4 7 -1  -0.0886293
7611914551302041114
3 1 2 2 -1  0.018248
7611987225126879169
7 4 7 6 -1  0.00572641
7611997835546161641
6 6 1 1 -1  0.0343368
7612012873116479466
3 3 2 2 -1  0.430467
7612043118183640872
7 0 7 3 -1  0.0423911
7612058463870145251
5 5 4 3 -1  0.282429
7612155835378789360
6 6 5 6 -1  0.478297
7612208584212470037
3 1 1 1 -1  -0.254186
7612224968016745987
7 3 6 3 -1  0.531441
7612434868707128667
3 5 3 4 -1  -0.59049
7612481948106207438
0 6 0 0 -1  0.0250315
7612556428428501422
4 6 5 5 -1  -0.0581497
7612736732852237162
2 0 2 2 -1  0.000411098
7612856120299896435
3 7 7 3 -1  0.9
7612990533029592111
6 2 5 3 -1  -0.0523347
7613112811685814693
5 2 4 4 -1  0.00872795
7613274845310184701
7 5 7 4 -1  0.109419
7613361943112398818
6 7 4 5 -1  -0.00785516
7613546961727487899
7 7 6 6 -1  0.430467
7613607343503770543
4 2 2 0 -1  0.0717897
7613720955158180333
4 2 3 3 -1  -0.018248
7613725028439189133
3 4 2 4 -1  -0.00872795
3 4 2 5 -1  0.0343368
7613778942721339105
4 3 6 2 -1  0.150095
7613845688034310304
5 0 4 0 -1  -0.531441
7613904512489954524
6 3 5 1 -1  0.00145558
7614049448288968579
7 2 6 1 -1  -0.0147809
7614282874290964962
5 5 7 4 -1  0.000332989
7614318758438169330
7 2 3 6 -1  -0.0717897
7614353459344571736
6 4 4 3 -1  0.0717897
7614565137444926902
4 3 3 5 -1  0.348678
7614601567375549613
4 6 3 7 -1  0.0471013
7614705941067282311
3 0 2 1 -1  0.59049
7614713818272229142
5 6 6 7 -1  -0.9
7614778552897817015
4 0 3 0 -1  0.59049
7614968796078047110
5 2 4 4 -1  0.478297
7615036128472064487
6 1 5 2 -1  -0.0797664
7615119367049232558
7 2 6 1 -1  -0.0275583
7615200952821288602
7 0 7 3 -1  0.098477
7615414144704875798
6 1 5 1 -1  0.0646108
7615456063151579843
6 3 5 1 -1  0.0581497
7615538026399276559
4 0 3 0 -1  0.0250315
7615678532585267564
7 0 7 4 -1  -0.38742
7615731106999450449
4 5 3 6 -1  -0.0147809
7615810666553897759
5 0 4 0 -1  -3.64353e-05
7616065967491470392
4 6 3 6 -1  -0.0423911
7616161387305696946
7 3 7 5 -1  -0.166772
7616223325969847066
7 0 7 4 -1  -0.0343368
7616240470939856016
6 3 4 3 -1  0.0797664
7616566400128440957
5 2 3 1 -1  0.38742
7616609135111500989
4 0 3 0 -1  0.478297
7616654869352731543
7 4 7 6 -1  -0.0523347
7616762222405270036
5 5 4 5 -1  0.348678
7616885215215156710
4 1 3 1 -1  0.135085
7617072282605107410
6 6 5 7 -1  -0.6561
7617121327422677487
7 2 2 2 -1  -0.228768
7617402100569410974
6 1 4 1 -1  -0.0581497
7617407660838904793
6 7 4 7 -1  0.205891
7617574753065785115
6 5 5 5 -1  0.0107753
7617626244907135926
7 0 7 1 -1  0.0250315
7617672120087244009
6 5 5 5 -1  0.00785516
7617689177065646766
0 1 0 3 -1  -0.430467
7617722692958426182
4 4 5 3 -1  0.430467
7617806945869903257
6 4 4 4 -1  -0.0703037
7617886926375361417
7 6 7 5 -1  0.59049
7617887683183821292
5 5 6 3 -1  0.254186
7618004837982756676
7 2 5 4 -1  0.59049
7618137924935959928
0 6 0 7 -1  0.31381
7618192746747881376
3 2 2 1 -1  -0.205891
7618219837113489650
5 4 4 3 -1  -0.018248
7618461970950978607
5 4 6 3 -1  0.38742
7618518831714530856
4 1 3 2 -1  0.31381
7618585297519423017
5 4 6 3 -1  -0.31381
7618608208628282772
7 5 6 4 -1  0.478297
7618857970652673633
4 6 3 6 -1  -0.0147809
7618878552351289687
6 2 7 1 -1  0.531441
7619261025113270037
3 5 6 5 -1  0.038152
7619493639705059349
7 6 5 7 -1  0.00969773
7619958907211748065
7 2 5 4 -1  -0.098477
7620224728812466842
6 4 7 2 -1  -0.0523347
7620444429459633694
6 0 5 0 -1  -0.38742
7620526528087475899
7 1 3 1 -1  -0.0309031
7620969634818561173
4 2 6 0 -1  0.0107753
7621181588872849725
4 7 3 5 -1  -0.00969773
7621191490506596792
3 6 2 5 -1  0.166772
7621213095247517045
4 6 2 7 -1  0.348678
7621233484181161832
1 5 2 3 -1  -0.135085
7621234644251371878
6 3 5 4 -1  0.00117902
7621431085363265524
7 1 5 2 -1  0.0107753
7621492864567282765
4 3 5 2 -1  -0.00338139
7622821821358291782
4 5 6 3 -1  0.0250315
7623085372654036098
7 5 6 4 -1  0.0107753
7623457237799923891
7 2 7 1 -1  -0.00706964
7623519998665444292
7 0 7 4 -1  -0.430467
7623553936789776066
6 0 5 1 -1  0.59049
7623742269199849790
7 1 4 4 -1  0.135085
7623815365380239419
7 1 6 3 -1  0.205891
7623840467926340004
5 4 4 3 -1  -0.0343368
7624522333907430434
5 7 4 7 -1  -0.0471013
7624550648944633757
5 2 5 3 -1  0.0225284
7624645129774460816
3 2 4 4 -1  0.0523347
7624655487722383498
2 3 5 3 -1  0.0717897
7624811446878873228
2 2 2 0 -1  -0.135085
7624833849502491143
5 2 6 2 -1  0.185302
7625009159693162513
4 2 3 3 -1  0.00251628
7625204837923783844
5 3 6 2 -1  0.0343368
7625399129577666638
5 6 4 6 -1  -0.282429
7625399713358945829
6 4 5 5 -1  0.150095
7625408219814841004
6 1 7 2 -1  0.0581497
7625446986723646434
6 2 4 4 -1  -1.56842e-05
7625587476689275382
7 7 1 7 -1  -0.0471013
7625706305090829761
4 7 5 5 -1  0.000456775
7625912085819643787
4 4 3 4 -1  -0.348678
7626674903503672602
5 5 4 7 -1  0.121577
7626727988930267751
7 0 7 4 -1  0.205891
7626744729496408070
7 4 7 3 -1  0.00304325
7626898683114464298
4 2 4 1 -1  -0.0646108
7626939984979907677
4 0 4 3 -1  -0.6561
7626941600227569477
7 6 6 6 -1  -0.0309031
7627056240623827846
5 4 7 4 -1  0.81
7627258816917790277
3 0 6 3 -1  -0.00161731
7627320468052639454
7 1 5 2 -1  0.0523347
7627420018023450393
4 6 3 7 -1  -0.0250315
7627477653982921421
6 2 4 2 -1  -0.0471013
7627621352077748545
6 2 6 1 -1  0.254186
7627651213902972017
6 4 5 3 -1  -0.0164232
7627663033111381851
7 5 7 3 -1  0.185302
7627689572363628393
2 2 3 4 -1  -0.00246503
7627707310540109049
0 7 3 4 -1  -0.185302
7627739784441670943
3 2 4 1 -1  0.185302
7627856798464848003
5 6 3 5 -1  0.00463839
7628103087293017137
6 3 5 3 -1  0.0717897
7628163149949741172
7 4 7 5 -1  0.282429
7628297404640147940
6 4 4 5 -1  -0.0797664
7628518158935952719
4 0 3 0 -1  -0.150095
7628700720629983742
6 7 4 7 -1  -0.0343368
7628961376035067048
6 2 5 2 -1  0.0523347
7629439207123522264
5 0 4 0 -1  0.00636268
7629493955618018178
6 7 5 7 -1  -0.0717897
7629591127446318645
4 4 3 3 -1  -0.81
7629696729724069879
7 4 5 6 -1  -0.018248
7629896498624500635
4 3 3 3 -1  0.31381
7630049153701633036
7 5 6 5 -1  0.0717897
7630217128046076823
6 3 7 5 -1  -0.00785516
7630218341377727872
5 4 4 5 -1  0.478297
7630295425608428642
4 4 3 3 -1  -0.254186
7630407591530593639
5 5 6 3 -1  0.0646108
7630424522424061668
6 7 4 7 -1  -0.729
7630577612970185587
7 7 7 4 -1  0.205891
7630659833560099422
6 6 5 5 -1  0.9
7630805725748871671
5 5 4 4 -1  0.531441
7630883746478460689
6 1 3 4 -1  -0.121577
7630965233883686152
6 1 5 1 -1  0.81
7631028047658784671
7 6 6 6 -1  0.0471013
7631102188287674489
6 4 7 3 -1  0.531441
7631128628254391538
3 4 2 2 -1  -0.0225284
7631362937855705374
4 3 3 1 -1  0.00872795
7631381553085689523
4 7 6 6 -1  0.00872795
7631394556668617915
7 4 1 4 -1  0.00872795
7631426643576858562
4 0 4 3 -1  -0.6561
7631901759070542505
4 3 3 1 -1  0.59049
7632076057644752809
7 3 4 6 -1  0.185302
7632118960282881917
5 3 6 2 -1  0.254186
7632285234710116891
6 3 4 4 -1  0.205891
7632290198654843287
4 4 5 5 -1  0.0717897
7632330417536773630
6 5 5 4 -1  0.228768
7632433798955080855
3 6 3 7 -1  0.531441
7632460902849586762
5 2 4 4 -1  0.0471013
7632577605230792412
7 4 7 2 -1  0.0423911
7632725079685217808
7 1 1 1 -1  0.205891
7632746423259284661
4 3 3 4 -1  0.254186
7633291233314936303
6 1 4 1 -1  -0.0581497
7633308568919961197
5 5 3 4 -1  -0.00969773
7633368935849811400
7 0 7 1 -1  -0.00872795
7633498959185578964
5 1 4 2 -1  0.166772
7633509362017972206
6 7 5 6 -1  -0.0343368
7633737139395276661
4 3 3 4 -1  0.348678
7633792800078669303
7 1 5 1 -1  0.0107753
7633874626719887245
3 6 2 6 -1  0.9
7633924890733866846
7 3 6 3 -1  0.205891
7634041128296709345
0 2 2 4 -1  0.6561
7634208731578298933
3 5 1 3 -1  -0.729
7634238437546174621
4 4 3 2 -1  0.0797664
7634569293122806370
7 3 7 4 -1  0.81
7634578622443776414
3 0 2 0 -1  0.9
7634628770434532154
7 1 6 1 -1  0.0202755
7634636388993920914
1 6 0 4 -1  0.729
7634840700771690068
4 5 3 4 -1  0.098477
7635157708215081313
7 5 7 1 -1  0.098477
7635231217032382690
4 7 6 6 -1  0.59049
7635406096067282927
2 6 1 6 -1  -0.478297
7635472692414077364
7 5 5 3 -1  -0.59049
7635539035392634331
4 3 4 2 -1  -0.205891
7635760682680723484
4 7 3 6 -1  0.00338139
7635797610813835720
5 0 4 1 -1  0.185302
7636274578595939512
5 4 4 4 -1  0.185302
7636422936589060870
6 4 5 5 -1  0.0886293
7636529713957167418
6 4 5 4 -1  0.81
7636901175991122244
6 5 4 5 -1  0.121577
7637020955574938933
7 2 6 2 -1  0.00338139
7637061353757999910
7 3 7 4 -1  0.0797664
7637220212229971093
5 6 4 6 -1  0.81
7637245097360627107
7 6 5 6 -1  0.135085
7637250616300772156
4 0 3 1 -1  -0.0133028
7637413391654423338
7 4 7 6 -1  0.038152
7637520447647318578
6 5 6 4 -1  0.729
7637560142115353974
1 1 4 1 -1  0.59049
7638008336948063201
6 3 5 4 -1  -0.0523347
7638127218901167124
5 2 3 0 -1  0.185302
7638382842861191220
3 7 2 7 -1  0.0886293
7638862748020869396
7 3 1 3 -1  -0.150095
7639136739000730634
5 4 5 3 -1  0.228768
7639250355938470404
2 3 0 4 -1  -0.205891
7639337268936707658
6 1 5 1 -1  0.00338139
7639543035486669029
6 2 5 2 -1  0.000411098
7639547113152643283
6 7 5 7 -1  0.9
7639660791130086345
3 5 5 6 -1  -0.430467
7639675395854981325
5 2 4 2 -1  -0.0225284
7639722064320385590
7 2 6 3 -1  -0.531441
7639761141163024977
7 0 7 1 -1  0.0717897
7639879987048323471
7 6 5 5 -1  0.0164232
7639971833595199498
0 3 2 4 -1  -0.81
7639991873217161150
6 6 7 6 -1  0.348678
7640008778849382998
5 4 3 2 -1  0.205891
7640061137058018758
6 2 4 2 -1  0.0343368
7640110947032371715
5 4 2 7 -1  -0.0225284
7640398280004060739
2 3 2 1 -1  -0.0886293
7640404287737232762
5 2 1 6 -1  0.000411098
7640423613804710786
7 0 5 1 -1  -0.6561
7640445174587130863
5 5 3 4 -1  0.0147809
7640741262975377556
4 2 3 2 -1  -0.282429
7640806995929378471
5 3 4 3 -1  0.0717897
7640970618580186749
7 0 3 4 -1  -0.0107753
7640995996957625703
7 6 6 4 -1  0.00417455
7641003051030307986
7 6 6 5 -1  -0.282429
7641140169953064979
6 3 4 4 -1  0.121577
7641198769898377511
7 1 7 0 -1  -1
7641815351886697077
6 3 4 3 -1  -0.0250315
7641854579966318018
4 2 7 5 -1  0.81
7641991801277188151
6 3 4 4 -1  -0.121577
7642002150920512843
2 4 1 4 -1  0.038152
7642021740597245825
7 4 7 6 -1  -0.0278128
7642031527091971761
5 3 4 4 -1  -0.166772
7642131918092283826
5 5 4 6 -1  0.0471013
7642207357396141810
3 4 3 3 -1  -0.81
7642253285248679348
7 3 0 3 -1  -0.0278128
7642337798193222920
6 6 5 6 -1  0.0250315
7642353500510796516
5 5 6 3 -1  0.228768
7642417376303223150
6 3 4 3 -1  -0.0250315
7642454558907575677
5 5 6 3 -1  0.0037571
7642462431271124486
5 3 4 3 -1  0.31381
7642474466232790096
3 7 2 6 -1  -0.478297
7642487974900256733
7 3 6 3 -1  0.0147809
7642670795957452922
6 0 4 0 -1  0.9
7642914302810729786
7 3 6 2 -1  -0.0797664
7642925310247277805
4 5 5 6 -1  0.729
7642946244935918562
5 2 6 3 -1  -0.00273892
7643203771940014974
6 1 4 1 -1  0.00785516
7643278886994422268
6 0 4 0 -1  -0.0523347
7643297576297233898
1 3 1 1 -1  -0.348678
7643449352267766932
7 3 6 3 -1  -0.018248
7643493584910598690
7 6 6 4 -1  0.109419
7643605998632888325
5 6 4 6 -1  -0.59049
7644004368249742941
6 2 5 2 -1  0.9
7644175847766944469
4 2 3 1 -1  -0.150095
7644592601769975996
7 6 7 7 -1  0.0581497
7645459002906318595
6 1 5 0 -1  -0.348678
7645519588862118302
1 5 2 6 -1  -1
7645961224903886783
6 0 7 0 -1  0.6561
7645980046975386540
5 6 4 6 -1  0.81
7646094627679162061
6 4 0 4 -1  0.098477
7646241727649704146
6 0 5 0 -1  0.135085
7646568539424723490
6 3 7 4 -1  0.0886293
7646614458645431597
6 6 5 6 -1  0.6561
7646666539123580178
0 3 3 3 -1  -0.478297
7646994031099185269
2 7 5 4 -1  -0.205891
7647090432407783944
6 7 5 7 -1  0.0309031
7647475395624827814
4 3 2 2 -1  -0.0164232
7647498827323530245
5 3 4 2 -1  0.0225284
7647570559719848070
7 5 6 4 -1  0.00785516
7647622959281783526
6 4 7 5 -1  0.254186
7647850692365278811
4 3 3 4 -1  0.0471013
7648022962171781244
7 3 5 5 -1  0.0218869
7648059554641073604
6 0 5 0 -1  -0.0278128
7648195607963319645
4 4 3 6 -1  -0.0119725
7648202010773590218
6 7 6 6 -1  -0.228768
7648207625507834801
7 5 6 4 -1  -0.0581497
7648243882220771833
3 3 4 4 -1  0.0345276
7648375604051615522
7 5 7 4 -1  0.00785516
7648394020237324585
3 1 5 2 -1  0.185302
7648511810545448390
3 7 3 6 -1  0.0886293
7648580932780318138
4 2 3 1 -1  0.098477
7648666210379078560
7 2 6 1 -1  0.0423911
7648712232653360092
7 2 5 4 -1  -0.00572641
7648935495150666082
7 0 7 2 -1  0.0278128
7648942999489024403
7 4 0 4 -1  0.81
7649031998691220435
7 3 4 0 -1  0.254186
7649674935586938026
6 1 5 2 -1  0.000696197
7649690787507839873
7 4 7 3 -1  -0.205891
7649723604422237637
7 5 7 4 -1  0.9
7649772385928903251
6 5 4 5 -1  0.205891
7649877579388301140
7 5 4 2 -1  -0.205891
7650097113144044667
6 6 5 6 -1  0.6561
7650520370376211189
7 5 7 4 -1  0.0159247
7650851346041136689
6 1 6 2 -1  -0.6561
7651084254221909618
6 3 5 3 -1  -0.018248
7651122077406900088
6 3 5 2 -1  -0.38742
7651163336804891549
7 3 6 2 -1  0.185302
7651698936720300760
7 4 7 1 -1  0.254186
7651743527495177989
5 2 4 2 -1  0.0107753
7651825212144540000
7 1 7 0 -1  -0.59049
7651948705126437572
4 2 5 1 -1  0.268308
7652122096833979719
7 2 6 2 -1  0.0797664
7652135213762041398
4 6 3 6 -1  -0.531441
7652227434046254035
5 5 7 3 -1  0.135085
7652290473829028338
7 0 2 0 -1  -0.0309031
7652408054613888059
7 0 7 1 -1  0.0423911
7652529866687447798
7 5 6 4 -1  0.00417455
7652721988395084868
5 2 4 3 -1  0.0037571
7652730104092656303
7 1 5 2 -1  0.0423911
7653097275342401396
4 2 5 4 -1  0.729
7653117983694362695
5 0 6 1 -1  -0.00872795
7653137355052119736
5 1 3 2 -1  0.6561
7653160709947636371
6 3 6 1 -1  -0.038152
7653210505608487828
5 5 4 7 -1  -0.0202755
7653232891741345111
7 2 6 2 -1  0.38742
7653259225558919040
5 7 4 7 -1  0.478297
7653701077494601126
6 4 7 5 -1  0.0309031
7653834568380444457
4 0 3 0 -1  -0.0471013
7654142708637878975
5 6 6 7 -1  -0.348678
7654179953437279739
5 3 4 3 -1  -0.135085
7654212650777820859
4 0 3 1 -1  0.0309031
7654265132086884346
0 2 1 4 -1  0.167698
7654366705116740863
5 5 3 4 -1  -1
7654552362828482984
4 7 3 6 -1  -0.185302
7654647864449757940
5 2 4 2 -1  -0.0164232
7654862664340873695
5 5 6 3 -1  -0.098477
7655002460484424496
6 7 4 7 -1  0.430467
7655090698460950662
6 5 6 4 -1  -0.00273892
7655155806848291673
6 7 2 3 -1  0.348678
7655334458042427748
7 2 5 1 -1  0.254186
7655437931774539202
4 3 5 4 -1  0.6561
7655822094059222705
5 6 4 6 -1  0.185302
7656196768443053202
4 6 3 6 -1  -0.0797664
7656212971163042058
3 3 2 3 -1  0.531441
7656253721876251609
7 5 6 6 -1  0.0717897
7656277080895716326
6 6 5 6 -1  0.135085
7656303362984341161
5 1 6 3 -1  0.729
7656484710702585193
4 7 3 5 -1  -0.430467
7656650458039698658
1 1 2 2 -1  0.31381
7656989450850784260
7 3 4 6 -1  0.430467
7657521536861273206
7 4 7 6 -1  0.205891
7657889621160546611
4 5 4 7 -1  -0.0309031
7657947726000734197
4 1 0 5 -1  0.0309031
7657980519192495285
3 5 3 3 -1  0.430467
7658098238397566872
3 0 2 0 -1  0.59049
7658119800460626330
7 4 7 6 -1  -0.0107753
7658188705974074343
4 4 3 5 -1  -0.38742
7658566414962199682
4 3 3 2 -1  0.00417455
7658685422523396149
5 2 3 2 -1  -0.282429
7658690692518521748
6 5 4 5 -1  0.9
7658808648802059363
4 5 5 5 -1  -0.348678
7658972987514410376
7 2 6 1 -1  0.121577
7659063929073723539
4 6 5 6 -1  0.228768
7659348885319313896
7 5 7 2 -1  0.121577
