825214989089828511
7 0 7 2 -1  -0.0581497
825368432037187478
4 6 3 4 -1  -0.0225284
825481352680972555
7 6 6 7 -1  0.0278128
825513593667620716
4 5 7 2 -1  0.0581497
825603688711513381
6 6 3 3 -1  0.098477
825674350855999577
6 7 5 7 -1  0.018248
825697153140510836
4 7 3 5 -1  -0.0523347
825816844388057396
3 5 3 7 -1  0.228768
826247556379842998
7 0 7 2 -1  0.0523347
826275563213965732
7 6 7 5 -1  0.0202755
826455938849625254
2 1 1 1 -1  -1
826569694482847506
6 1 3 1 -1  0.00338139
826603378797353482
4 6 3 6 -1  -0.531441
826617200713345595
7 2 7 4 -1  0.0886293
826766538411951008
7 5 6 4 -1  0.0471013
826776061801711179
7 5 7 0 -1  0.0423911
827051325892380537
7 3 6 2 -1  7.61772e-05
827204078366868763
7 6 6 7 -1  -0.282429
827440770866552908
7 1 6 3 -1  0.00706964
827610469112666235
3 5 4 3 -1  0.121577
827733825491158352
5 4 4 3 -1  0.109419
827794733189023005
7 6 7 7 -1  0.59049
828172131838559260
7 5 7 1 -1  0.0646108
828260840683300167
5 5 6 4 -1  -0.430467
828531656189549767
7 0 7 1 -1  -0.0147809
828765808101491829
6 4 4 5 -1  0.282429
829084263577334780
5 4 4 5 -1  -0.228768
829393285723596119
5 7 4 6 -1  -0.31381
829605981850532178
7 1 6 3 -1  0.098477
829635122767818607
6 1 4 1 -1  0.00221853
829861315017565806
6 6 4 6 -1  0.135085
829917059525409081
5 5 4 7 -1  -0.018248
830094469050881838
5 2 3 1 -1  0.282429
830101779670589927
7 3 7 2 -1  -0.531441
830275659210696900
3 2 2 4 -1  -0.0886293
830282243792863684
6 4 5 4 -1  0.0797664
830290811751037180
7 2 5 0 -1  0.098477
830329323588253984
5 5 6 3 -1  0.0037571
830463167361555296
6 1 5 1 -1  -0.00246503
831189659783326718
6 1 5 2 -1  0.00636268
831190977076964362
7 0 0 0 -1  -0.31381
831252132753077778
7 3 6 2 -1  0.0797664
831414311815028978
5 7 4 7 -1  0.0147809
831443984490468767
5 5 3 4 -1  -0.31381
832159978265742353
5 5 3 6 -1  -0.9
832277814893832304
5 5 4 3 -1  0.000129007
832474144479810224
6 2 4 2 -1  0.0471013
832649151642884448
6 7 5 7 -1  0.00029969
832834673732566424
6 2 6 4 -1  0.205891
832984560698488234
3 4 3 3 -1  0.478297
833077134767583001
4 2 3 1 -1  -0.729
833174000865595560
1 4 0 5 -1  -1
833276121325738023
7 2 7 1 -1  0.00273892
833342203320973324
4 4 5 5 -1  0.0147809
833394440964904969
7 1 6 3 -1  0.038152
833401919427383043
6 2 5 1 -1  0.0581497
833616959605674776
4 6 3 6 -1  0.38742
833932391720271321
4 4 6 6 -1  -0.430467
834377900251698766
6 3 5 2 -1  -0.0423911
834385320398538654
6 2 4 2 -1  -0.478297
834403568921743299
5 6 4 5 -1  0.282429
834601054928133450
3 4 2 4 -1  -0.0797664
834717005929070872
7 4 5 2 -1  0.0343368
834948719835515107
7 4 7 1 -1  -0.0471013
834978602106857118
2 2 1 2 -1  -0.478297
835161757004697356
5 5 4 4 -1  -0.000456775
835241599781139341
4 1 4 2 -1  0.6561
835397328881102825
5 5 4 7 -1  0.205891
835476541563348797
4 5 3 5 -1  0.0202755
835628163648915469
3 4 2 6 -1  0.00706964
835663255378902311
0 7 0 4 -1  0.150095
835916507291976202
7 1 1 1 -1  -0.348678
835926983691432840
1 0 1 3 -1  -0.478297
835933893436462535
7 4 7 6 -1  0.38742
835992945774912263
7 2 5 2 -1  0.81
836266546841605131
7 5 7 2 -1  0.00338139
836403171455816412
4 2 3 3 -1  0.254186
836492171025524390
4 0 4 7 -1  0.0646108
836639462148300574
6 7 6 6 -1  -0.0523347
836714972278369368
5 5 6 3 -1  0.0278128
836826406993964276
4 4 2 5 -1  -0.531441
836886570082688323
5 3 1 7 -1  -0.531441
837199741958351083
5 6 4 7 -1  -0.282429
837476262842494300
7 4 7 5 -1  0.430467
837746511741452849
6 2 3 2 -1  0.282429
838159753028973200
7 5 3 1 -1  -0.00515377
838212399143719335
3 0 2 1 -1  0.018248
838222425468628983
2 7 4 6 -1  -0.228768
838261246311768907
5 3 3 1 -1  -0.6561
838278771428411256
7 3 6 3 -1  -0.00785516
838650258522721100
7 3 6 4 -1  0.0471013
838760102650414228
6 7 7 7 -1  0.0309031
839462883052548729
5 2 4 2 -1  -0.9
839792973989510311
5 5 4 5 -1  0.00969773
839993183296353185
6 0 2 0 -1  0.9
840052936878411954
6 4 6 6 -1  0.531441
840626788202314071
5 4 1 4 -1  0.59049
840800290941065901
4 2 5 1 -1  0.6561
840889340033361741
5 5 7 4 -1  -0.0343368
841073876806142834
1 5 2 7 -1  -0.282429
841400092718168283
5 6 4 7 -1  -0.00572641
841412529167754714
5 3 6 4 -1  0.348678
841472218533713738
5 4 1 0 -1  0.0886293
841482807108421659
7 4 7 2 -1  0.0646108
841817962178261711
6 3 4 4 -1  -0.166772
841926336862482509
7 0 2 0 -1  0.282429
841952552715878146
5 1 7 1 -1  0.00785516
842045908742466515
2 0 3 2 -1  -0.0147809
842340213410973325
6 0 5 0 -1  0.0250315
842383849802510978
7 5 6 4 -1  -0.121577
842546147617661105
6 0 4 0 -1  0.0297454
6 0 5 0 -1  0.0119725
842584489109416809
4 5 4 6 -1  0.135085
842589942086992985
4 4 3 5 -1  -0.531441
842627520616482693
4 4 3 3 -1  0.205891
842657040114157700
2 4 3 5 -1  -0.0343368
7 3 5 3 -1  -0.0423911
842993821197415730
7 4 6 3 -1  0.0250315
843074595123088599
5 3 5 1 -1  -0.0646108
843080459420552280
5 1 3 2 -1  -0.121577
843179916724124270
7 4 7 6 -1  0.0523347
843202290265791813
4 5 2 4 -1  -0.282429
843282556353214693
5 4 4 3 -1  0.00704139
6 6 5 6 -1  -0.0147809
843405910749142912
2 5 3 4 -1  0.729
843496064614835419
5 5 3 6 -1  -0.0423911
843622295599202473
5 5 4 3 -1  0.185302
843660213272171314
7 1 6 1 -1  0.6561
843703334960513023
4 2 6 3 -1  -0.0423911
843708415095346686
6 3 5 3 -1  -0.038152
843986542920968276
7 1 6 3 -1  0.0343368
844135259680387788
4 0 3 0 -1  -0.254186
844278292401853656
2 7 0 7 -1  0.348678
844925060807237907
2 0 4 1 -1  -0.254186
845013208684969894
3 1 4 2 -1  0.121577
845565359587863157
5 0 4 1 -1  0.0360446
845623561307401964
3 7 4 5 -1  0.135085
845721580898518905
6 6 4 6 -1  0.0581497
845812479003958320
2 3 0 2 -1  -0.430467
845906630419013612
6 4 3 1 -1  -0.478297
846124247602978043
3 4 2 5 -1  0.228768
846485648721182648
5 3 4 3 -1  0.6561
846701624622233165
7 7 7 6 -1  -0.254186
846999709045543495
6 3 5 2 -1  0.0147809
847214769922170764
4 2 3 1 -1  0.9
847399265876245357
2 3 1 3 -1  -0.121577
847562663988510360
4 2 2 3 -1  -0.185302
847586599032881274
6 4 6 3 -1  -0.0225284
847832267045189790
6 6 7 6 -1  0.81
848115180063326588
5 2 4 3 -1  -0.0164232
848380310329350873
1 3 2 4 -1  0.282429
848382011298898269
5 0 3 0 -1  -0.121577
848434739941251940
6 7 4 7 -1  0.205891
848467374095776032
4 5 3 5 -1  -0.6561
848610911045644383
4 4 3 4 -1  0.0133028
848684902392795991
0 2 2 4 -1  -0.9
848733509809160302
2 6 2 7 -1  -0.531441
848742404550158255
5 5 4 5 -1  0.0133028
848952675122619658
5 0 3 0 -1  0.00419774
849044321733877671
5 5 6 3 -1  0.9
849423039225293406
7 2 6 1 -1  0.430467
849487833286238144
7 2 5 0 -1  0.6561
849536635689419840
4 4 3 2 -1  0.282429
849685165943069861
4 2 5 1 -1  0.0471013
849759169255815228
4 3 3 3 -1  0.478297
849905556469554785
7 2 3 6 -1  -0.00706964
850599566065871678
7 0 7 4 -1  0.0471013
850665544765824322
3 2 3 7 -1  0.9
850714586496131484
5 6 5 5 -1  -0.38742
850752613949388464
4 6 5 6 -1  0.228768
850832265274831003
5 4 3 6 -1  0.038152
850941070175936168
3 6 2 4 -1  0.0147809
851258792498854355
5 4 4 4 -1  0.109419
851829917989601364
7 0 7 4 -1  -0.0646108
852042081962868792
0 3 2 1 -1  0.0581497
852293413231661021
3 5 2 5 -1  -0.254186
852403151073072083
6 4 5 4 -1  -0.150095
852481003200845141
5 6 5 5 -1  0.478297
852913040486735158
6 3 5 3 -1  0.0717897
853048721730566261
5 2 4 4 -1  0.185302
853259306646558592
6 4 3 1 -1  0.000773553
853628145418719717
7 4 6 3 -1  -0.38742
853738529500387847
3 7 2 7 -1  0.81
853811958600722916
6 4 5 2 -1  -0.0147809
854016943706193850
4 2 6 0 -1  -0.0343368
854211175725987415
5 2 5 3 -1  -0.135085
854562834780382121
5 7 4 6 -1  -0.31381
854580504056597850
5 5 4 4 -1  -0.282429
854701739397004197
7 2 4 5 -1  0.430467
854741611196464145
3 4 4 3 -1  0.282429
855179964994266653
4 2 3 0 -1  0.121577
855227311614422584
4 1 3 1 -1  -0.150095
855335892014729367
7 2 4 2 -1  0.00246503
855347692718130220
6 1 4 1 -1  -0.0278128
855664430482187317
7 2 5 3 -1  0.166772
855728104763869879
0 0 1 1 -1  0.729
855845476626301368
6 3 4 5 -1  0.0119725
855977206533508710
4 4 5 2 -1  0.098477
856090491592293535
4 7 3 5 -1  0.098477
856712707842074250
6 3 5 2 -1  0.0164232
857078933298501689
6 2 4 2 -1  0.228768
857214807798346753
7 4 7 6 -1  0.00785516
857230167952595085
2 6 2 5 -1  -0.135085
857443922617832229
3 7 3 4 -1  0.9
857750445658462463
5 2 3 1 -1  0.0886293
857879741359987469
7 2 2 2 -1  0.038152
858610287797467855
7 1 4 1 -1  -0.000143341
858854348275069294
3 2 2 2 -1  0.348678
858900191511837286
5 5 3 4 -1  -0.185302
859059262778595383
6 4 7 3 -1  0.0202755
859125710567777650
7 6 6 7 -1  0.31381
859152894514514998
6 6 3 6 -1  0.6561
859162700496150117
5 5 4 5 -1  -0.531441
859264543043476565
4 4 3 5 -1  -0.0717897
859306473584756285
3 7 4 5 -1  -0.729
859413004658529511
5 7 5 4 -1  -0.098477
859461618501710955
2 2 3 2 -1  0.38742
859678396823787248
5 3 4 2 -1  -0.478297
859835471420080008
6 0 7 0 -1  0.038364
859999928438711400
3 4 0 4 -1  0.729
860094071610985472
4 0 3 1 -1  0.000196627
860189069761778303
6 7 7 6 -1  -0.38742
860198232073006137
6 0 5 0 -1  0.166772
860424675188834731
6 4 6 3 -1  0.150095
860736744549145856
6 3 7 5 -1  0.0797664
860914466629137532
7 7 7 6 -1  0.478297
861139491742648199
5 5 4 5 -1  -0.098477
861180455013538210
5 5 5 2 -1  -0.0278128
861397279771485165
1 3 6 3 -1  0.150095
861487484620687876
6 3 7 2 -1  -0.135085
861668022558339533
6 7 4 7 -1  -0.00161731
862064861125638641
7 0 7 3 -1  0.0523347
862208611368700448
6 2 4 0 -1  0.121577
862445039581081341
6 0 4 0 -1  0.00273892
862483580296332570
6 1 1 1 -1  -0.0471013
862530892521198051
5 6 6 6 -1  0.0581497
862555411204269819
7 5 7 4 -1  -0.531441
862689954083426599
5 2 4 4 -1  -0.0581497
862711105275843284
3 1 1 3 -1  0.0537896
862921498044986969
7 7 7 3 -1  -0.0886293
862994965578948537
6 4 5 3 -1  -0.205891
863184535829109990
7 5 6 6 -1  0.0646108
863230553867757813
5 2 4 3 -1  0.0717897
863237279511238473
6 3 5 4 -1  0.109419
863285812035442755
5 5 4 4 -1  0.0309031
863881732401279747
7 6 6 7 -1  0.59049
863917130055640304
6 1 4 1 -1  -0.038152
864087271731143416
7 4 7 3 -1  -0.254186
864123291734807303
6 4 3 1 -1  0.282429
864645269416436765
6 2 5 4 -1  0.185302
865150566723484903
7 3 4 3 -1  0.0886293
865315300875679988
1 2 4 5 -1  0.00636268
865419024510103761
2 0 5 0 -1  0.729
865515012329093830
7 2 2 7 -1  0.254186
865541124555495271
3 5 2 3 -1  0.228768
865656882052145683
4 3 3 3 -1  0.81
865721369145680600
7 1 5 2 -1  0.0717897
865914537325155182
3 5 2 5 -1  0.0717897
866005839029366635
5 6 6 7 -1  0.0886293
866187557435470764
6 7 5 7 -1  -0.00969773
866357455515365892
7 2 7 0 -1  -0.0886293
866435633883435645
5 0 4 0 -1  0.348678
866499644816681565
6 2 4 2 -1  0.00985987
6 2 5 2 -1  0.00233513
6 4 5 4 -1  0.00841417
6 6 5 6 -1  0.0138496
7 2 3 6 -1  0.150095
866572377968555488
1 2 2 2 -1  0.0797664
866657881615206131
7 6 6 5 -1  -0.348678
867130019484516316
7 4 7 6 -1  -0.0523347
867287932494929285
5 3 4 2 -1  0.0107753
867350395841921286
6 5 5 5 -1  -0.0423911
867639913203645441
4 3 3 4 -1  0.135085
867715936590933227
4 1 6 3 -1  -0.0471013
867753571697234458
1 0 5 4 -1  0.348678
867786585006024855
6 7 5 6 -1  -0.166772
867841636980203036
6 3 7 2 -1  -0.098477
868029882636513485
5 2 5 4 -1  0.0886293
868233177098510214
3 7 2 7 -1  -0.0504267
868451729226930976
6 3 4 4 -1  -0.166772
868495019609677026
3 4 6 4 -1  0.0523347
868555646928814424
4 1 3 1 -1  -0.109419
868555836371259878
2 6 1 6 -1  -0.59049
868573300653196224
4 6 3 5 -1  0.81
868931277707700787
7 0 7 1 -1  0.0423911
870360987376334212
4 7 5 6 -1  -0.729
870611086934084678
7 2 5 4 -1  0.0119725
870800214410804549
3 1 4 1 -1  0.31381
870936609901504998
2 3 2 0 -1  0.166772
870962492579567657
7 4 7 6 -1  -0.038152
870993301121611872
4 6 3 6 -1  -0.205891
871126034996046804
6 7 5 7 -1  -0.0225284
871547056842384939
4 0 5 1 -1  0.0107753
871636806778243326
1 6 2 5 -1  -0.478297
871731657518767148
5 0 6 1 -1  0.0523347
871803605199761570
3 2 2 2 -1  -0.430467
871821450456873695
6 1 4 1 -1  0.0797664
871829635176277386
6 6 4 6 -1  0.282429
871897562835554413
3 1 4 3 -1  -0.31381
871897963917773721
2 2 3 1 -1  -0.254186
871927963565092120
6 6 5 7 -1  0.81
872192962176697196
6 6 4 6 -1  0.430467
872270133322478107
3 6 1 5 -1  0.098477
872294269981811531
5 4 4 4 -1  -0.9
872362665542802028
7 5 7 4 -1  0.0199009
872517424655789837
7 7 3 7 -1  -0.0278128
872544355957315271
5 7 4 7 -1  0.205891
872578992765984221
6 7 5 7 -1  0.0133028
872973478954878748
6 7 4 7 -1  -0.0523347
873019706057952394
6 7 7 7 -1  0.59049
873027744843067035
7 7 7 6 -1  0.0797664
873110190301044392
5 4 1 0 -1  0.0250315
873200371356551323
4 1 3 1 -1  -0.9
873513371156442719
7 2 5 2 -1  0.0309031
873515308787030378
2 0 1 0 -1  -0.531441
873597382032123293
7 0 7 3 -1  -0.228768
873653702600079521
7 2 7 4 -1  0.478297
873657415206926293
6 5 5 5 -1  -0.0107753
873790381557564480
6 6 5 7 -1  0.59049
873797482313856572
7 4 7 6 -1  0.0581497
873945724227192147
6 4 4 6 -1  0.254186
873985694685771212
3 3 4 5 -1  0.166772
874045891517954805
2 5 3 6 -1  -0.150095
874276656485857048
5 2 6 4 -1  -0.0471013
874356946583140831
7 5 4 2 -1  0.0278128
874773209043224979
0 7 4 3 -1  -1
874828917587321047
7 1 6 3 -1  0.0164232
875150827560982392
5 3 4 4 -1  0.6561
875404858995716003
7 4 0 4 -1  0.0471013
875430802085364070
1 3 1 5 -1  -0.0886293
875571925381950165
1 5 1 7 -1  0.282429
875676635598333653
5 5 6 4 -1  0.150095
875819589772860521
6 5 5 5 -1  -0.38742
875954109945833059
6 3 5 2 -1  -0.0164232
876048740725676059
6 4 5 4 -1  0.0797664
876621464907791340
6 1 3 4 -1  0.0119725
876634899935063229
4 3 3 3 -1  0.282429
877018767286870879
6 7 5 6 -1  0.478297
877169034153635285
7 5 4 2 -1  -0.6561
877181486216336308
7 4 7 5 -1  -0.00199668
877378156191988979
5 1 4 1 -1  -0.0423911
878089520458474705
6 1 5 1 -1  -0.38742
878168396575054711
7 1 5 2 -1  0.0204289
878210767626198844
6 1 5 2 -1  0.0797664
878281223598358848
4 2 5 4 -1  -0.0250315
878302190832226308
4 4 4 7 -1  -0.478297
878391993281111404
6 6 6 7 -1  -0.00338139
878543938039027338
7 2 2 2 -1  0.729
878694800386085379
6 3 5 5 -1  0.228768
878776454250679790
5 2 3 4 -1  -0.0250315
878818219018558735
2 4 3 2 -1  -0.9
878843606250502399
3 1 2 2 -1  0.228768
879185241745078335
5 6 5 7 -1  0.9
879326941687685053
5 3 4 4 -1  -0.531441
879710723849687784
6 7 4 7 -1  0.228768
879789493162259284
4 2 3 3 -1  0.0403871
880294027352578618
3 6 2 5 -1  0.228768
880413970868023062
6 2 7 1 -1  0.81
880677738529709713
6 3 4 4 -1  -0.0423911
880789251164925606
4 2 3 3 -1  0.185302
880919641456033288
6 3 4 3 -1  -0.0107753
881041996808405102
7 5 3 5 -1  -0.0309031
881044079260710099
7 7 7 6 -1  0.0886293
881198694583996395
7 7 6 7 -1  0.31381
881273757471981325
4 3 3 3 -1  0.0886293
881289629352988071
7 5 5 5 -1  0.531441
881591670627866942
6 2 5 2 -1  0.0343368
881606980474692577
5 2 1 6 -1  0.0107753
881861383362629161
5 5 6 4 -1  0.430467
881942715878534708
7 4 7 6 -1  0.0423911
881995508786703096
4 4 5 2 -1  -0.185302
882203808615758947
7 4 6 2 -1  0.038152
882261349265646102
2 3 1 3 -1  -0.348678
882276001170647686
7 1 6 3 -1  0.0309031
882356970677019056
6 7 7 6 -1  0.6561
882408035341526094
1 0 4 0 -1  0.00304325
882487717254017471
2 2 2 6 -1  0.135085
882619611431852817
5 3 5 6 -1  0.205891
882690196899608247
4 5 3 5 -1  -0.282429
882903244008648343
7 5 7 3 -1  0.0717897
883098495480771476
5 0 1 0 -1  0.166772
883373090751169103
7 2 3 6 -1  0.0202755
883588575160023253
5 1 4 1 -1  0.0250315
883619033434878213
5 5 7 4 -1  0.166772
884199768141341845
4 5 2 4 -1  -0.166772
884674316693486202
6 6 5 5 -1  0.0147809
884710655990721075
6 0 6 1 -1  0.121577
884776004493130320
5 5 4 3 -1  -0.00636268
884881675465936784
5 6 4 6 -1  0.729
884897378031172208
4 3 6 5 -1  0.0423911
884905266085457310
7 5 6 5 -1  0.0471013
884939977822317652
3 7 7 3 -1  -0.38742
885030029795133750
6 4 4 6 -1  0.0523347
885115389704703327
7 0 7 4 -1  0.00969773
885158628842471767
7 0 5 0 -1  8.33522e-06
885190398346891356
7 5 6 5 -1  -0.348678
885321705719285205
6 1 7 2 -1  -0.0119725
885525689630902328
7 4 7 3 -1  0.0886293
885605625470649696
5 3 3 5 -1  0.38742
885838298244186165
7 5 7 4 -1  0.430467
885928912760127879
3 3 5 3 -1  -0.0202755
886027387815219547
7 0 7 1 -1  0.59049
886140313987301204
3 3 0 3 -1  0.135085
886244926379653919
5 7 4 7 -1  -0.0886293
886359046361328756
6 7 4 7 -1  -0.0886293
886363476869530332
6 4 5 5 -1  0.0471013
886384957495289160
1 4 2 4 -1  -0.81
886606759468520506
7 2 4 2 -1  0.0886293
886721455787772202
5 6 4 7 -1  0.0225284
886848206469453484
3 4 4 2 -1  0.0886293
886916057154616555
7 1 6 3 -1  0.038152
887318628253196782
6 4 7 3 -1  0.430467
887421726725249165
3 1 1 1 -1  0.38742
887542457422944933
7 5 4 2 -1  0.000955003
887552300238411124
6 2 4 2 -1  0.0343368
887665261726624012
5 3 6 5 -1  0.9
887732940667885653
6 4 7 3 -1  0.531441
887836930769157309
6 3 5 1 -1  0.254186
887922833675422369
7 5 7 4 -1  -0.0225284
887972691480354092
2 2 5 5 -1  0.0278128
888161623835968339
6 1 5 2 -1  -0.531441
888289842896122809
7 3 7 2 -1  -0.00246503
888396516128393645
5 5 7 4 -1  0.00872795
888503251428587399
5 4 4 3 -1  0.478297
888526950506427304
4 1 5 1 -1  0.348678
888533802973692385
7 4 3 0 -1  0.81
888551026642012827
7 5 6 4 -1  0.0581497
888568354165999730
6 2 5 3 -1  -0.0037571
888568778180128948
6 5 6 0 -1  0.254186
888600561734635400
5 1 3 1 -1  -0.0886293
888664054945507227
5 5 4 4 -1  0.38742
888741428183255453
4 7 3 5 -1  0.038152
888793510055654750
5 6 4 6 -1  -0.185302
888823902158173932
5 2 4 2 -1  0.135085
888844063450675448
3 6 2 6 -1  0.9
888984089270443921
7 0 7 3 -1  0.185302
889088816330616462
5 0 5 1 -1  -0.31381
889333770855942439
7 3 6 2 -1  0.121577
889590920475061589
7 7 7 6 -1  -0.0343368
890161749320221977
3 0 4 2 -1  0.018248
890315326063629257
6 1 5 1 -1  -0.121577
890541530493799472
7 1 5 1 -1  0.0886293
890870680221794492
7 3 4 6 -1  -0.228768
891307305549448299
7 3 2 3 -1  0.00161731
891438632697295179
7 4 7 6 -1  -0.31381
891666503177970474
4 1 3 1 -1  -0.00179701
891689774139025984
5 0 3 1 -1  0.254186
891820977384302240
2 5 1 5 -1  0.0523347
892132244316217278
6 1 6 2 -1  0.9
892429860918489909
6 3 7 5 -1  0.0471013
892502217815118577
4 0 0 4 -1  0.478297
892896203099928682
7 6 7 5 -1  0.348678
893196137813531858
5 4 4 3 -1  0.0581497
893244661675836993
1 1 4 4 -1  0.9
893449608400910060
4 4 5 4 -1  0.0717897
893457080191019994
2 5 6 1 -1  0.038152
893548024593079276
5 4 5 5 -1  -0.38742
893741626633771236
7 5 7 4 -1  0.00221853
893776049865262131
7 4 6 3 -1  0.282429
893816074359048740
3 6 2 6 -1  -1
893842526706228970
4 1 2 3 -1  -0.9
893847679828837890
5 2 4 3 -1  0.098477
893974402457426325
7 4 5 5 -1  0.9
894029407262075653
5 5 4 4 -1  -0.6561
894059700085240622
6 5 6 4 -1  -0.254186
894099135154066055
5 2 4 2 -1  -0.205891
894189657551607230
4 5 3 4 -1  -0.166772
894267487866773330
2 5 1 4 -1  0.59049
894436150805186737
6 1 5 0 -1  -0.0646108
894550513392732122
4 7 3 6 -1  0.135085
894629352156894035
6 1 4 1 -1  -0.0471013
894972452086344862
6 6 5 6 -1  0.0202755
895009339841957016
4 6 5 5 -1  -0.348678
895031957116200691
6 4 5 5 -1  -0.228768
895102055282250452
2 2 3 3 -1  -0.038152
895199350347994359
7 2 4 2 -1  0.228768
895210647993645481
4 4 3 3 -1  0.00969773
895263883481427549
2 6 0 6 -1  0.38742
895324388413955897
7 4 7 6 -1  0.038152
895795144408660159
5 3 6 2 -1  0.0250315
896078994138652211
6 3 5 2 -1  0.205891
896083781344236183
7 3 7 1 -1  -0.0343368
896113222776659808
0 2 1 4 -1  0.6561
896196105880839680
7 4 7 6 -1  0.0646108
896245308990328260
6 0 5 0 -1  -0.0133028
896246611755649276
3 2 4 4 -1  0.150095
896358986857478272
5 5 5 6 -1  0.00572641
896441222732324449
4 3 3 2 -1  0.9
896448017561242518
4 2 3 3 -1  0.0147809
896478137935865533
6 4 4 6 -1  0.729
896709591252245472
7 4 6 3 -1  0.00785516
896839947753525306
7 2 5 2 -1  -0.205891
896902023538165351
6 2 5 1 -1  0.150095
897062862581699734
0 3 0 1 -1  -0.254186
897128495583311065
7 6 7 7 -1  0.282429
897234784125796105
5 5 5 6 -1  0.135085
897292701943051245
4 0 3 2 -1  0.0471013
897428038857180438
5 4 4 2 -1  0.531441
897484043940656298
3 6 4 4 -1  -0.254186
897819632504265469
1 5 5 5 -1  0.0423911
898129497184513458
3 6 4 5 -1  -0.31381
898165181918865324
7 4 7 2 -1  -0.205891
898350885633702683
6 4 5 3 -1  0.9
898380543129487137
5 3 4 4 -1  0.81
898456686246486192
5 3 5 6 -1  0.254186
898465830224569981
3 6 5 4 -1  0.6561
898622121637463641
7 2 7 3 -1  0.00199668
898724368755382060
4 4 3 6 -1  0.038152
898751528256862383
6 5 5 5 -1  -0.150095
899001677411497364
5 5 3 6 -1  0.0107753
899072101655809240
5 4 5 3 -1  0.729
899226203745797112
5 3 4 5 -1  0.0343368
899327940596334583
6 6 7 7 -1  -0.729
899375076758352868
4 1 2 3 -1  0.185302
899757040205321994
7 5 7 3 -1  0.205891
899863454885047214
6 4 5 2 -1  0.0471013
899895676029305824
1 0 1 1 -1  -0.478297
900032015121134140
4 4 3 4 -1  -0.478297
900077257234197134
6 5 4 4 -1  0.9
900459205230062593
6 5 4 5 -1  0.109419
900469163011749858
4 3 3 3 -1  -0.31381
900573106985533465
3 5 2 4 -1  -0.109419
900678724504290041
3 2 4 0 -1  0.000626578
900833724714042249
3 4 2 6 -1  0.0147809
900918996139856859
7 1 5 2 -1  0.0646108
901338106039849198
3 3 4 5 -1  -0.150095
901595588722859167
4 7 5 5 -1  0.228768
902207068593775373
5 6 6 6 -1  0.00463839
902460676025881773
6 3 5 1 -1  -0.109419
902741273793129526
6 5 4 5 -1  -0.00117902
902761023413402146
6 2 5 2 -1  0.0886293
903239068480781990
4 3 3 3 -1  -0.31381
903297336446932483
5 4 5 6 -1  0.150095
903323964888807705
3 4 2 3 -1  -0.348678
903440413481724876
5 2 4 0 -1  -0.0523347
903885206175398119
4 2 2 4 -1  0.121577
904645674446923297
6 1 4 1 -1  0.81
904791833295925545
5 7 4 7 -1  -0.00969773
904792795088227271
4 4 3 2 -1  0.228768
905256021717517446
0 6 0 1 -1  -1
905415662856050127
6 3 4 5 -1  -0.00145558
905495342037460017
6 3 4 4 -1  0.0471013
905512334768897287
3 1 2 2 -1  -0.098477
905821951050425316
5 5 4 3 -1  0.098477
905852223209873280
5 4 5 2 -1  0.150095
906084662681915347
0 4 2 6 -1  -0.228768
906103687469991009
5 2 3 1 -1  -0.0523347
906180805270269285
3 3 1 1 -1  -0.282429
906591809668686614
7 1 5 1 -1  0.0797664
906600317021416361
6 5 5 5 -1  0.098477
906637824481487952
6 1 5 2 -1  -0.228768
906671090150148066
6 7 6 6 -1  0.185302
906735493828807663
5 2 4 0 -1  -0.00161731
906744263925012423
3 5 5 4 -1  0.00872795
906759053066871553
6 4 6 3 -1  0.729
906918242623745634
7 2 7 3 -1  0.109419
907291446843937244
4 2 5 0 -1  0.185302
907379946826437463
4 6 3 6 -1  0.6561
907399711711681170
4 2 6 3 -1  0.282429
907400959608937790
6 4 5 3 -1  -0.0250315
907519844042282518
0 3 4 7 -1  -0.315554
907576420431979044
1 6 2 6 -1  -0.135085
907749646721682618
3 4 5 5 -1  0.0133028
907806119552868962
3 4 3 3 -1  0.205891
907859186363275206
6 4 5 4 -1  -0.81
908030646582866059
6 7 4 7 -1  0.0581497
908096571364812670
7 1 7 4 -1  0.00463839
908129013249864703
7 1 6 3 -1  0.011992
908142137016064921
7 2 6 3 -1  0.0581497
908149885750045118
6 5 5 4 -1  0.150095
908195196831294851
5 5 4 7 -1  -0.0581497
908308316487519703
4 1 3 2 -1  -0.00636268
908439534723379734
6 4 5 3 -1  0.0646108
908632882667091543
5 4 3 6 -1  -0.185302
908649222600086783
3 6 2 7 -1  -0.430467
908661304441346191
3 4 0 7 -1  0.9
909151177262684352
3 0 1 2 -1  0.38742
909224581232326012
7 0 7 2 -1  -0.0797664
909354183896638988
6 2 4 2 -1  -0.00273892
909720085315269861
6 2 6 1 -1  -0.00969773
909938994934251659
7 1 7 2 -1  0.00785516
910359491897421547
7 5 5 3 -1  0.478297
910463767691005379
6 3 5 4 -1  0.018248
910733579521132580
5 0 4 2 -1  0.31381
910767394380200073
7 2 6 3 -1  0.205891
910827624575318330
7 3 7 4 -1  0.150095
910848292070237038
4 6 2 5 -1  -0.0119725
911064430225620328
4 6 5 4 -1  -0.6561
911071647351837583
6 4 4 2 -1  0.0343368
911313870540478424
5 2 4 3 -1  -0.135085
911371583991879769
6 5 7 4 -1  0.478297
911377025054942498
5 0 3 1 -1  -0.0119725
911541707128411269
6 2 1 2 -1  -0.0717897
911582425458332369
3 1 2 0 -1  -0.59049
911798532764272400
5 6 4 4 -1  0.0797664
911993757619387512
5 6 6 4 -1  0.0717897
912072748752296440
1 1 2 1 -1  0.0886293
912109682231863302
7 7 6 7 -1  0.38742
912118676605589741
5 5 4 4 -1  0.0107753
912530353541910433
6 4 7 3 -1  0.0423911
912718555468261280
4 5 4 2 -1  -0.038152
912807568509663961
2 5 0 7 -1  0.135085
912946307281396043
7 5 5 6 -1  -0.00785516
912973759793218386
6 4 4 4 -1  -0.282429
913003916592537818
5 2 4 2 -1  -0.018248
913216873567575720
6 7 5 7 -1  -0.109419
913329895156167557
7 4 5 3 -1  -0.0717897
913403321267196818
7 2 5 2 -1  0.348678
913669518186084627
7 5 6 6 -1  -0.098477
913926900708695721
6 5 3 2 -1  -0.9
914011210155176882
5 3 4 3 -1  0.0886293
914025353808482244
4 4 3 4 -1  -0.729
914204677266490337
7 0 1 0 -1  0.0343368
914225951989981104
5 5 4 3 -1  0.0107753
914371196333187309
7 4 7 6 -1  -0.0202755
914466394517178884
7 5 7 1 -1  0.0526255
914538992689640225
7 1 6 1 -1  -0.166772
914768512823397323
7 3 6 2 -1  0.0480929
914864566417360784
6 0 2 0 -1  0.531441
914935812096028851
4 3 3 5 -1  -0.282429
915144219597216217
7 2 2 7 -1  0.0202755
915223784466399163
6 4 6 3 -1  -0.135085
915252749807640072
7 5 6 5 -1  0.0343368
915367447151441563
7 3 5 3 -1  -3.98671e-06
915403650600315997
7 3 2 3 -1  0.166772
915498248528792822
6 0 4 0 -1  0.0717897
915579474450922102
6 7 5 6 -1  0.0471013
915597593149055351
5 0 7 1 -1  0.000242749
915728843336262252
4 2 5 4 -1  -0.0797664
915930850062774022
5 3 4 3 -1  0.185302
916063825918642063
4 7 5 6 -1  0.0423911
916310258034184151
5 5 4 5 -1  -0.0343368
916376025716697485
4 3 3 3 -1  -0.0119725
916604990743693747
7 3 5 5 -1  0.348678
916705156048439844
6 5 5 5 -1  0.729
916769392925389777
5 3 4 3 -1  0.0423911
916841854190163826
2 2 3 2 -1  0.59049
916912350473555373
4 5 3 4 -1  0.166772
916992091199464217
1 0 1 1 -1  0.6561
917020054125872241
4 5 5 5 -1  0.478297
917216120697251282
3 7 1 7 -1  -0.6561
917241364790367527
4 5 1 5 -1  -0.6561
917428097891993054
6 3 4 2 -1  -0.185302
917458385610043325
4 0 3 2 -1  0.0471013
917462472091982447
6 4 5 4 -1  -0.121577
917796820093108107
6 3 5 3 -1  -0.038152
917829778539208349
4 0 3 0 -1  0.31381
917963296400383581
7 7 0 7 -1  -1
918077862306037883
1 1 1 6 -1  0.38742
918215714664454019
7 2 2 2 -1  -6.85594e-05
918269390303414051
7 5 5 5 -1  0.254186
918340519608767229
6 2 5 4 -1  0.166772
918403444640035714
3 6 5 6 -1  0.0119725
918420356538921512
6 1 4 2 -1  0.0119725
918487917804639414
7 2 6 1 -1  -0.00221853
918495370056621196
5 4 4 4 -1  0.109419
918656243377282874
6 6 4 6 -1  -0.38742
918993463300897599
7 5 6 6 -1  0.0523347
919063925862987037
5 4 4 3 -1  -0.0147809
919295357612292150
6 7 5 7 -1  0.38742
919450085194686340
6 4 5 5 -1  -0.098477
919568799785718695
3 2 2 3 -1  -0.31381
919625122871966978
5 0 3 0 -1  0.0423911
919717129840247395
5 4 4 4 -1  0.0202755
919871008413914407
7 7 6 7 -1  0.478297
920240693142702922
7 2 3 6 -1  0.121577
920411616494568030
7 4 6 2 -1  0.6561
920575556028037675
7 3 6 3 -1  0.81
920777681042920642
1 3 0 3 -1  0.150095
920955157915260727
6 3 5 1 -1  0.81
921067258505720680
6 4 5 5 -1  0.430467
921103949425162462
7 6 6 5 -1  0.205891
921188072071091731
2 2 2 0 -1  -0.00872795
921304488209097782
7 3 5 5 -1  -0.00304325
921422949336898488
6 5 4 7 -1  0.531441
921561633102227604
6 0 6 3 -1  0.0717897
921631831642953398
4 2 3 3 -1  -0.00515377
921697993787895776
5 2 2 5 -1  0.348678
921997101615556620
4 6 4 5 -1  0.166772
922586934110166148
1 1 2 0 -1  -0.9
922636714137138637
5 7 4 7 -1  0.31381
922722492759570109
5 0 1 4 -1  0.098477
922847739085006386
3 4 0 4 -1  0.59049
922948020138508152
7 3 7 4 -1  0.0202755
922971462851604096
7 0 7 3 -1  -0.109419
923033333429184379
4 3 5 1 -1  0.31381
923393613564526096
0 3 0 5 -1  0.9
923418060975083470
6 6 6 5 -1  0.59049
923474395734988203
7 5 7 1 -1  0.038152
923625563920376398
7 0 5 0 -1  -0.531441
923939730167345407
7 7 7 6 -1  0.0717897
924136866893120675
3 4 2 2 -1  -0.109419
924170481595330245
6 6 7 6 -1  0.430467
924282727686671478
7 3 6 5 -1  0.098477
924283275053873048
6 1 4 2 -1  0.31381
924315703384791454
5 3 4 4 -1  -0.0309031
924326157014682236
5 1 0 1 -1  0.0886293
924328477425851899
6 5 5 6 -1  0.6561
924367052702413782
7 7 7 6 -1  0.478297
924894028260851684
3 4 4 6 -1  -0.9
925223587180142035
4 6 3 6 -1  -0.729
925383929458122318
7 1 7 2 -1  -0.0471013
925579950467183774
6 3 4 3 -1  0.0523347
925872041417816014
5 4 4 3 -1  0.531441
925909143082778360
4 5 3 5 -1  0.729
926008522409410236
6 2 5 2 -1  0.531441
926196803888347873
0 7 0 0 -1  0.729
926246033058857883
7 0 7 1 -1  -0.166772
926486260793573805
6 3 4 4 -1  0.00515377
926567799453187781
5 4 5 1 -1  0.254186
926780707217388282
4 2 3 3 -1  0.729
926990160165327852
6 1 5 2 -1  0.00246503
927039929137645637
6 5 5 5 -1  -0.109419
927066406478160533
0 4 6 4 -1  0.0225284
927130733258309750
7 5 3 1 -1  -0.038152
927157875778052487
5 2 4 0 -1  0.0343368
927164247698353449
6 5 7 6 -1  0.0646108
927167548416424185
5 5 3 6 -1  0.348678
927541030477218801
6 3 7 2 -1  0.150095
927632936330081563
7 5 6 5 -1  0.0797664
927779748086783661
5 2 3 3 -1  -0.00636268
927884022268191566
5 1 3 1 -1  -0.228768
928005584519692649
5 3 4 4 -1  0.59049
928111564231895282
6 7 4 7 -1  -0.00572641
928210920786853410
5 1 4 1 -1  -0.0471013
928235691370858557
6 0 6 2 -1  0.430467
928290142315061151
6 6 5 6 -1  0.00969773
928389111300294379
5 5 3 6 -1  0.00485592
7 4 7 6 -1  0.0309031
928436256937929811
7 2 7 1 -1  0.228768
928648585212858673
6 2 5 2 -1  0.0278128
928709046091384028
7 4 5 5 -1  0.0250315
928739005106177693
6 7 5 7 -1  -0.135085
928910838945240247
6 3 7 5 -1  0.205891
928993064996816333
5 4 2 4 -1  0.9
929297523397819484
2 4 1 6 -1  0.0309031
929306593486984130
4 2 3 2 -1  -0.00515377
929445517716577458
2 3 1 5 -1  0.531441
929520165279381368
7 1 5 0 -1  -0.0699166
929563894251033519
7 3 7 4 -1  -0.254186
929581712509745063
2 0 1 0 -1  -0.59049
929648977552329836
7 6 6 6 -1  -0.166772
929801641556351967
1 7 1 6 -1  0.282429
929852023624856521
5 6 4 5 -1  0.282429
930205803294536540
6 6 5 6 -1  0.0581497
930377537344626265
7 5 4 2 -1  0.00515377
930476524580548547
2 1 1 1 -1  0.478297
930551243840173315
6 7 5 7 -1  -0.121577
930578959926872274
3 7 2 6 -1  -0.9
930718409711161348
4 5 4 6 -1  -0.478297
930752774362450878
5 1 4 3 -1  -0.00221853
930931278886033308
1 2 1 6 -1  -1
931444719059279896
5 2 4 0 -1  0.0225284
931452610836225855
5 4 4 4 -1  0.6561
931477249655009659
3 0 0 0 -1  0.00273892
931653771212386804
0 2 1 1 -1  -0.6561
932011942851946994
5 2 5 1 -1  0.59049
932012639917758790
2 5 1 5 -1  -0.0037571
932252357989672474
5 2 4 1 -1  -0.00323054
932369385601341701
3 1 5 2 -1  0.729
932513248334418161
3 1 5 3 -1  -0.282429
932759023436229932
2 3 0 4 -1  -0.478297
932790972943996035
7 5 4 5 -1  0.018248
932803040219568070
5 2 4 3 -1  -0.348678
932905332413321809
3 7 2 7 -1  -0.531441
933306821936514964
5 2 4 2 -1  0.478297
933359240785356492
6 6 5 7 -1  0.729
933419360194317895
0 6 0 7 -1  0.478297
933626841661673689
2 0 1 2 -1  -0.205891
933915622374459019
6 0 5 2 -1  -0.31381
934014528086766058
4 3 5 2 -1  0.0646108
934029163725334194
7 1 6 3 -1  0.0581497
934068466544404107
1 5 0 5 -1  0.81
934185795333003340
4 2 3 3 -1  0.0202755
934425308780425009
7 4 5 4 -1  0.0797664
934552391104599840
7 3 7 4 -1  -0.531441
934571331305428364
7 6 7 5 -1  0.59049
934600547318978093
7 1 6 0 -1  0.478297
934789250737358625
6 3 6 2 -1  0.729
934937593396913936
5 3 6 4 -1  0.00572641
935208760237991782
5 2 4 1 -1  -0.31381
935456463914670018
7 2 7 4 -1  0.0581497
935655170428425025
1 1 2 1 -1  0.59049
935776225728847181
6 3 5 2 -1  -0.0886293
935870704545131291
3 5 2 5 -1  0.729
936110281057463921
6 0 4 0 -1  -0.0646108
936173070679695393
7 2 6 4 -1  0.31381
936356050264366028
4 2 5 3 -1  0.478297
936434599560528321
5 2 6 4 -1  0.0225284
936576158050958311
6 3 6 5 -1  -0.531441
936592517723245558
7 3 5 3 -1  0.00785516
936655857952579933
3 2 6 2 -1  0.81
936722347681631649
7 0 7 2 -1  -0.0343368
936944719712707478
5 5 6 4 -1  -0.0309031
937148680877182191
7 2 7 5 -1  -0.0797664
937152470588589497
6 5 5 5 -1  0.0797664
937223219293948205
3 7 6 4 -1  0.0133028
937402975531410291
4 0 3 2 -1  0.0133028
937502091785474639
6 3 5 2 -1  0.185302
937502516039957769
6 5 5 5 -1  -0.348678
937802558884164228
4 5 2 3 -1  -0.00969773
937949890140694260
2 3 3 1 -1  0.0646108
938007628396704166
7 4 7 6 -1  0.00636268
938197965342971660
4 7 3 7 -1  -0.282429
938283910375509310
2 2 3 4 -1  -0.0581497
938764887063093510
7 2 7 5 -1  0.6561
938811191181754374
3 4 4 2 -1  0.0523347
938954559058980365
6 1 5 2 -1  0.0278128
939050766147259839
7 4 6 6 -1  -0.000955003
939292174042350163
7 5 7 2 -1  -0.282429
939293219681805544
6 5 5 6 -1  0.228768
939643051023676818
3 1 2 1 -1  -0.430467
939660976598576595
5 3 6 2 -1  -0.729
939724209628771883
6 3 6 2 -1  0.166772
939888108275563848
7 4 7 6 -1  0.0107753
939955049518672027
6 7 7 6 -1  -0.282429
940034790829214663
5 1 4 1 -1  0.0309031
940177235724380246
3 1 4 3 -1  0.0717897
940391915738079611
1 3 3 1 -1  -0.59049
940502376987300384
2 2 7 2 -1  0.348678
940570679570869032
1 4 4 4 -1  0.166772
940622863872891983
5 3 4 3 -1  0.0717897
940724682226773334
6 4 7 4 -1  -0.81
940733257306051982
7 6 7 2 -1  0.31381
940890964339111439
6 5 4 5 -1  -0.254186
940914444781105544
1 2 4 2 -1  -0.150095
940990308343841910
5 0 4 0 -1  -0.00417455
941016878001332958
5 2 4 2 -1  -1
941368301406300797
7 0 7 2 -1  0.0581497
941472395983822328
6 1 5 1 -1  -0.166772
941595516659404944
7 4 4 4 -1  0.254186
941852060199428683
7 2 6 3 -1  -0.000269721
941863476531774038
5 5 4 7 -1  0.00785516
6 1 5 1 -1  0.0147809
941928744842604223
6 1 7 2 -1  0.38742
942090303692378433
4 7 3 6 -1  -0.0119725
942094136062443751
6 2 7 2 -1  0.00872795
942171719611278076
6 6 5 6 -1  0.282429
942312055153912053
7 2 4 5 -1  0.282429
942451201131029632
5 3 4 4 -1  -0.729
942528292641732435
7 1 6 3 -1  -0.166772
942562357894778224
5 5 6 3 -1  0.00572641
942577549225459729
6 5 5 5 -1  0.098477
942737074089016271
7 3 1 3 -1  -0.38742
942876182712412989
6 3 5 3 -1  0.0423911
942948779623363469
3 6 1 5 -1  0.729
942952421679938244
5 5 3 6 -1  -0.0717897
943077369724477017
7 4 7 6 -1  0.098477
943211552327986873
7 5 6 5 -1  0.282429
943254870809406651
2 5 2 4 -1  -0.38742
943515534510190294
6 1 5 0 -1  0.0471013
943755583518546016
3 7 1 5 -1  -0.150095
944100178395483388
7 5 7 4 -1  0.0147809
944239000670539174
5 4 5 5 -1  0.098477
944251958109303907
4 6 3 5 -1  -0.0797664
944364424712613510
7 5 5 4 -1  0.205891
944482625372303302
4 3 3 4 -1  0.205891
944488182599419988
5 5 4 6 -1  0.59049
944533403820017041
6 1 5 1 -1  0.00199668
6 2 4 2 -1  0.166772
7 3 4 3 -1  -0.100863
944608246099967240
6 4 7 4 -1  0.59049
945061181071361269
7 3 7 0 -1  0.531441
945136828514693688
7 2 6 2 -1  -0.00117902
945137074429972489
7 3 4 0 -1  -0.0343368
945417877252353336
5 4 4 4 -1  0.254186
945576680501175215
5 5 4 3 -1  0.0717897
945686199798715466
5 5 3 5 -1  -0.098477
945865227839599903
3 4 5 3 -1  -0.0797664
945938132793422829
6 6 5 7 -1  -0.228768
946129169023537817
3 3 2 1 -1  0.166772
946802534543165347
6 5 5 5 -1  0.0423911
946972384589068329
6 0 4 0 -1  0.038152
947148567969401687
5 5 4 5 -1  -0.729
947216891392172282
7 0 1 0 -1  0.205891
947498570184239712
5 3 4 3 -1  0.0147809
947572192414646725
6 6 3 3 -1  0.228768
947632104777128923
6 4 5 4 -1  -0.0250315
947734327447456766
4 2 7 2 -1  0.531441
948385566449861680
6 2 5 2 -1  0.150095
948406577612037655
5 1 4 1 -1  0.31381
948587037874197109
7 1 6 3 -1  0.00145558
948890793005267385
5 4 4 5 -1  0.205891
948941487826291694
7 3 5 5 -1  -0.478297
948992758257777891
4 5 4 3 -1  -0.348678
949246231675554875
6 2 4 0 -1  -0.6561
949372988029554661
7 6 6 6 -1  0.531441
949426393153570158
5 4 4 3 -1  0.166772
949689313732280595
3 0 7 4 -1  -0.0797664
7 2 5 2 -1  -0.0646108
949768826603802597
3 4 0 4 -1  0.228768
949793277374160289
7 6 6 7 -1  -0.729
949845584367242957
4 4 3 2 -1  0.00969773
950024906849322836
6 2 4 4 -1  -0.109419
950256512406868123
3 1 4 2 -1  0.254186
950256606099515561
5 3 7 3 -1  0.31381
950551305802789288
5 6 0 6 -1  -1
950578682849066651
6 1 5 1 -1  0.0471013
950709704070942412
7 3 5 5 -1  0.0147809
950757088602209266
5 5 4 3 -1  -0.0147809
951049392241742471
7 1 7 2 -1  -0.205891
951143419774189285
6 6 3 3 -1  -0.135085
951252092763084428
6 4 5 3 -1  0.00273892
951293395470890633
7 5 6 5 -1  0.81
951383774956919568
7 5 5 3 -1  0.0343368
951410190071617102
6 3 5 5 -1  0.81
951414732518098561
6 6 5 6 -1  -0.0797664
951535995777730970
7 0 7 2 -1  0.0225284
951734029208025951
6 5 5 6 -1  0.6561
951960530371961931
7 2 6 3 -1  0.0717897
951979452237849863
6 3 5 3 -1  0.150095
952093403232341720
7 1 5 2 -1  -0.000242749
952174848415654163
5 2 4 2 -1  -0.0164232
952549335303580302
5 4 6 3 -1  0.430467
952550713881159411
7 6 6 6 -1  0.59049
952846480281459743
7 0 7 5 -1  0.531441
952893882641484955
0 2 0 5 -1  -0.478297
953206698109668604
1 5 1 0 -1  -0.098477
953281472559392693
0 0 0 2 -1  0.59049
953359872315080782
5 2 3 3 -1  -0.00463839
953719326153542008
7 6 5 5 -1  -0.000696197
953736408420402934
5 5 3 3 -1  -0.018248
953807595679501841
7 3 6 4 -1  -0.0471013
953862243185016922
6 4 5 4 -1  0.018248
953878362705250623
6 3 4 5 -1  -0.0797664
953941421124551504
5 2 4 2 -1  0.00463839
954073787617282554
5 5 5 3 -1  0.59049
954087383912751632
7 5 6 5 -1  0.478297
954094711357721034
6 2 4 2 -1  0.121577
954141116148936064
7 6 6 6 -1  0.254186
954281758400247189
4 7 3 6 -1  -0.150095
954630004229612523
1 7 4 4 -1  -0.6561
954891633755907817
7 2 2 2 -1  -0.81
954932926429015346
2 7 4 5 -1  0.166772
955242419103389685
6 5 4 7 -1  0.135085
955372681219904013
2 2 1 2 -1  -0.6561
955920807202600108
6 3 6 1 -1  0.098477
955969659104257502
6 1 7 2 -1  0.00785516
956016084811790636
7 5 6 4 -1  0.0717897
956115208321907849
5 4 1 4 -1  0.6561
956117259670120849
5 6 4 7 -1  0.0202755
956207009561326759
4 2 3 2 -1  -0.109419
956232915476306209
4 0 3 0 -1  0.166772
956250110323576005
7 6 6 7 -1  0.38742
956384750707200599
4 0 3 1 -1  0.478297
956600785112224282
6 7 5 7 -1  0.166772
956841108448449141
6 1 5 2 -1  -0.205891
956924025281847291
4 1 3 2 -1  0.038152
956990754401176337
5 2 4 0 -1  0.121577
957001751677553835
4 1 3 1 -1  0.31381
957131519306766787
7 6 6 6 -1  0.00785516
957170025692740206
4 6 6 5 -1  -0.00246503
957352603188719306
5 3 4 2 -1  -0.0423911
957476444398931847
4 1 5 2 -1  0.0717897
957568329439395716
4 0 3 1 -1  0.254186
957604750682378648
5 4 6 5 -1  0.254186
957830965333917680
2 1 3 3 -1  -0.430467
958153499203888981
0 3 3 6 -1  -0.81
958836749694102638
6 0 6 3 -1  -0.0646108
958904189739684281
6 1 7 2 -1  0.121577
959072741660699610
5 3 5 1 -1  0.282429
959279662017280059
5 1 7 0 -1  0.0278128
959280751508281219
4 1 4 0 -1  0.0581497
959433368459828317
5 2 4 4 -1  0.150095
959513209147389088
7 5 4 2 -1  0.185302
959537898970509914
7 0 7 1 -1  0.0119725
959766746642346741
7 4 4 4 -1  0.31381
960043690377886756
4 2 3 3 -1  -0.00969773
960081613701207105
7 6 6 4 -1  0.282429
960318306845505427
7 3 4 6 -1  0.098477
960452241499476561
5 3 3 5 -1  -0.0037571
960569802835975188
4 6 2 5 -1  -0.205891
960639652331305400
1 2 3 2 -1  0.205891
960872164012471248
6 6 5 6 -1  -0.166772
960931156406632377
5 2 4 0 -1  0.018248
961067160373331571
2 6 4 6 -1  -0.000696197
961079561703646793
3 5 3 1 -1  -0.430467
961153586854717641
7 4 7 6 -1  0.185302
961282324132415506
3 5 3 4 -1  0.81
961296691524066745
7 5 7 4 -1  0.9
961351572297007099
7 5 3 1 -1  0.000696197
961371072741891337
1 0 6 0 -1  0.0202755
961604291264929225
6 4 5 3 -1  0.0581497
961670237933486715
3 2 3 3 -1  0.109419
961723863894467948
0 6 2 7 -1  0.205891
961783704866603297
7 1 5 2 -1  0.0343368
961862354459474533
7 2 7 5 -1  0.282429
961990578585690970
7 5 7 2 -1  0.0471013
962043018816074465
4 4 3 4 -1  0.038152
962111938184030699
7 4 7 6 -1  0.0773665
962480713571222001
4 2 3 2 -1  -0.00872795
962597173979864804
7 6 5 5 -1  0.00515377
962673520101764386
5 4 5 3 -1  -0.282429
962751542308253473
6 3 4 3 -1  0.166772
962826287722817514
7 6 6 6 -1  0.121577
962872678185448632
6 2 5 3 -1  0.00969773
962914292457727014
6 2 5 2 -1  0.00463839
7 6 5 5 -1  -0.0202755
963365529377251844
7 2 6 1 -1  -0.00463839
963468518911070278
4 5 3 7 -1  0.0225284
963469590303345169
6 5 4 5 -1  0.166772
963478252309988306
2 1 3 0 -1  -0.0646108
963490107349803957
5 3 2 6 -1  0.59049
963637868579061497
6 3 4 5 -1  -0.0523347
963952597397918674
4 1 3 2 -1  -0.0107753
963959933334412065
2 0 1 0 -1  -0.729
964016214099899696
7 4 5 4 -1  0.00785516
