9156592861627858239
4 4 6 6 -1  0.135085
9156776454696944495
1 7 2 5 -1  0.282429
9157127115654074035
5 7 4 6 -1  0.478297
9157330365926689416
6 2 6 1 -1  0.59049
9157562293692268580
7 3 7 2 -1  0.38742
9158301833183669473
5 0 3 2 -1  -0.0250315
9158342719759368621
7 5 7 6 -1  0.478297
9158752055113131738
5 5 6 6 -1  0.430467
9159144994456663099
7 1 5 2 -1  -0.00969773
9159166070366260607
5 2 3 3 -1  -0.185302
9159318781995817326
1 3 1 4 -1  -0.9
9159503458871029139
5 5 4 5 -1  0.31381
9159617283839770320
7 2 4 5 -1  0.0225284
9159797372266884660
6 3 2 7 -1  -0.729
9159811886684838623
4 6 2 7 -1  -0.254186
9159828535389924611
7 5 6 5 -1  0.0646108
9159887022863958508
5 1 3 2 -1  0.531441
9159897792110545168
5 7 4 7 -1  0.135085
9159964696848105305
5 5 6 3 -1  0.0423911
9160054421939952786
6 1 6 4 -1  0.00969773
9160067902881186632
6 0 4 1 -1  0.0133028
9160418048386300572
4 7 5 7 -1  0.729
9160431526041094190
5 3 4 3 -1  -0.166772
9160476928539179946
6 7 5 7 -1  0.38742
9160534381553560369
3 3 6 3 -1  0.00199668
9160723053775557641
7 4 2 4 -1  -0.38742
9160784327065535006
7 5 7 4 -1  0.0264138
9160796234382844640
5 4 4 3 -1  0.0797664
9161034702128720205
4 5 3 6 -1  0.31381
9161232376067148030
7 5 7 3 -1  0.109419
9161343474276129432
4 6 4 7 -1  -0.729
9161492364219093722
6 0 5 0 -1  0.0278128
9161625100199517667
7 1 6 0 -1  0.348678
9161846977297251714
7 6 6 5 -1  0.254186
9161959414567485434
7 4 7 3 -1  0.0717897
9162047134536825040
3 3 2 5 -1  -4.04837e-05
9162420204707349410
6 3 5 3 -1  0.0133028
9162656693114641701
5 5 4 3 -1  0.135085
9162724096773415245
7 5 7 4 -1  0.00338139
9162890619501576249
4 6 3 6 -1  -0.0202755
9163491174496191911
5 2 7 3 -1  0.282429
6 4 6 5 -1  0.348678
9163644229307140078
5 5 3 4 -1  0.0250315
9163675726491011522
6 4 5 3 -1  0.282429
9164154870423571448
4 4 3 6 -1  0.0523347
9164214449611841940
0 5 3 2 -1  -0.109419
9164361516827266896
3 7 4 7 -1  -0.348678
9164731568192302121
2 2 0 4 -1  -1
9164834267657251141
7 3 6 4 -1  0.0343368
9164873613233517548
7 2 3 6 -1  -0.038152
9164887070320397168
2 3 3 4 -1  -0.59049
9165034965853017546
6 6 1 1 -1  0.0886293
9165168196790137660
6 5 4 5 -1  -0.0886293
9165282876710389764
7 5 7 4 -1  0.0717897
9165398205400608591
5 5 6 4 -1  0.81
9165561895438652689
7 4 6 4 -1  -0.282429
9165654680700835777
1 0 6 5 -1  0.6561
9165658033495970549
4 5 4 4 -1  -0.282429
9165894439064752851
1 2 1 1 -1  0.254186
9166185410449938060
1 3 1 6 -1  -0.531441
9166702507010969554
5 2 4 2 -1  -0.00706964
9166783903579145720
5 1 4 3 -1  0.6561
9166816377516856025
6 5 4 5 -1  0.0886293
9166910816444244481
7 2 0 2 -1  -0.228768
9167035226062508368
7 3 4 0 -1  0.166772
9167118047960801361
4 5 3 5 -1  0.0523347
9167267589622722472
0 4 3 1 -1  -0.0278128
9167309532520428853
4 1 3 1 -1  0.038152
9167328936355886943
6 7 5 7 -1  0.00572641
9167466131058258224
5 6 4 5 -1  0.0107753
9167653011843630938
6 7 5 7 -1  0.135085
9167802527097899259
3 3 1 2 -1  -0.228768
9167846178230071124
7 6 7 5 -1  0.018248
9167957435207033370
6 1 4 1 -1  0.000773553
9168285390902904377
7 2 6 1 -1  -0.0490809
9168378466407874855
4 1 3 1 -1  -0.135085
9168425458956112331
6 6 5 6 -1  0.0202755
9168524979039898866
7 3 3 3 -1  0.0202755
9168702318418317981
7 2 7 3 -1  0.135085
9168942983814939822
6 2 4 0 -1  0.38742
9169134814679773503
4 2 3 2 -1  -0.348678
9169259312320397155
7 4 7 6 -1  -0.00417455
9169315843411727531
7 2 7 1 -1  0.9
9169435900305561516
7 5 6 4 -1  0.430467
9169475489654494457
7 3 6 2 -1  0.6561
9169479265536666309
7 1 5 1 -1  0.0717897
9169819804248728649
4 2 3 3 -1  0.0202755
9169850330784147155
7 4 6 3 -1  -0.430467
9169925149322754467
5 7 6 7 -1  0.59049
9170084197657121017
6 7 5 7 -1  -0.0797664
9170563976842714679
5 4 4 3 -1  -0.228768
5 4 6 5 -1  -0.185302
9170564585283402652
4 1 3 1 -1  -0.018248
9170696831517672477
6 6 5 5 -1  0.282429
9170706514694144053
4 0 3 1 -1  0.0717897
9170889816966067190
5 4 4 2 -1  -0.81
9170954789620467648
6 6 5 5 -1  0.0309031
9170988961934404955
5 2 4 2 -1  -0.00872795
5 5 6 3 -1  0.00246503
9171149974885141491
2 7 0 5 -1  -0.0797664
9171219847795887827
5 2 4 3 -1  0.166772
9171253032722692645
7 3 3 3 -1  -0.59049
9171333935374526522
2 5 3 3 -1  -0.31381
9171382929797000310
7 0 7 5 -1  -1
9171465548314156822
2 7 5 4 -1  0.0250315
9171528869165708955
6 4 5 4 -1  0.0278128
9171847934549869447
7 7 7 6 -1  0.81
9171932170269386018
4 0 3 2 -1  -0.205891
9171992428734677059
7 2 7 5 -1  0.38742
9172028831639126494
7 5 7 4 -1  0.205891
9172096771552387998
3 6 2 6 -1  0.0147809
9172185133776787771
7 1 6 3 -1  0.098477
9172301197597615546
6 2 3 2 -1  0.0523347
9172318787457225246
5 6 4 4 -1  0.0250315
9172457560143827440
7 4 7 6 -1  0.135085
9172671984723498586
5 4 5 3 -1  0.59049
9172740973183185624
4 2 3 3 -1  0.0164232
9172920723046780420
6 1 6 3 -1  0.282429
9172928971238784921
4 2 3 4 -1  0.0523347
9173054471665593985
6 7 5 7 -1  0.348678
9173096460008230974
5 2 3 3 -1  -0.729
9173204116185971383
5 5 6 6 -1  -0.0107753
9173321869645676226
6 7 5 7 -1  0.038152
9173561170922616513
4 0 3 0 -1  0.109419
9173654372855574687
5 6 4 6 -1  -0.254186
9173993884083415812
2 4 3 5 -1  0.0523347
9174025613949402715
6 1 4 1 -1  -0.109419
9174103421026006712
7 0 5 1 -1  0.38742
9174160509226395144
4 0 3 0 -1  0.59049
9174451924722040846
6 1 5 1 -1  0.0147809
9174715192271582470
7 1 5 2 -1  0.430467
9174734271303047372
7 3 6 2 -1  0.0250315
9174802792304555069
7 6 6 6 -1  0.0471013
9175269525652462858
7 4 7 5 -1  0.205891
9175356683203218023
5 4 4 3 -1  0.109419
9175430883778068916
5 2 5 3 -1  -0.038152
9175936627913067501
6 6 5 6 -1  -0.00417455
9176117748123399610
1 5 3 7 -1  0.9
9176125504715586703
7 3 7 5 -1  0.228768
9176138734638836854
6 7 5 7 -1  0.098477
9176360319447197108
4 4 6 3 -1  -0.0471013
9176430955119953323
7 5 3 1 -1  0.038152
9176513700112656568
4 2 3 3 -1  0.012476
9176554644887444996
3 5 4 7 -1  5.98384e-07
9176814851539302211
4 1 4 0 -1  0.282429
9177280054555704766
6 1 2 5 -1  0.228768
9177726735511765104
4 3 2 4 -1  0.31381
9178143367640912418
6 0 4 0 -1  0.00636268
9178407964081840027
0 2 2 2 -1  -0.430467
3 1 2 2 -1  -0.531441
9178474206068219610
6 7 5 7 -1  0.000626578
9178590960704180568
3 1 6 4 -1  0.000218474
9178828135776396344
4 6 3 5 -1  -0.166772
9178860834331710937
7 4 6 4 -1  0.0423911
9178974934174178892
3 5 2 6 -1  0.166772
9179096832462111873
5 6 4 6 -1  -0.00304325
9179154120751479769
7 0 7 1 -1  0.166772
9179237887384574067
7 6 6 7 -1  0.9
9179293116076628424
1 0 6 0 -1  -0.729
9179614679059453216
4 2 3 3 -1  0.00785516
9179627101335146783
5 2 6 4 -1  0.0717897
9179732418696023509
6 3 2 7 -1  -0.81
9179826820978294094
7 2 4 2 -1  0.0471013
9179928866784803639
6 5 6 3 -1  0.0164232
9179942041242492968
6 7 5 5 -1  0.81
9180123938154844701
7 0 7 2 -1  -0.0523347
9180272608785069751
7 5 7 4 -1  0.254186
9180309063220187589
6 4 5 4 -1  0.135085
9180354895455253234
7 3 6 3 -1  -0.9
9180572833552890864
4 0 3 2 -1  0.0309031
9180631387418187763
3 4 4 5 -1  0.282429
9180644082223826122
4 5 4 4 -1  -0.282429
9180703490541202539
6 3 4 3 -1  0.228768
9180754999616430152
5 3 5 0 -1  0.228768
9180791300120824499
6 3 6 2 -1  -0.0523347
9180874728956553343
4 4 3 2 -1  -0.430467
9180924763774969533
6 7 5 7 -1  0.59049
9180954858158602617
7 0 7 1 -1  -0.0423911
9181055673657812007
4 2 3 2 -1  -0.0164232
9181102151868093732
4 4 4 3 -1  -0.6561
9181509804455465447
7 2 3 2 -1  0.185302
9181745234623453150
2 7 1 7 -1  -1
9181800959764713102
7 3 6 2 -1  0.000955003
9182340182812320061
6 6 5 6 -1  0.531441
9182403242676280062
4 2 3 2 -1  -0.121577
9182493226949557287
5 1 4 3 -1  0.6561
9182660692077855954
7 5 6 4 -1  -0.00872795
9182672453825522415
6 7 5 7 -1  0.348678
9182688477197383593
3 3 4 5 -1  0.00029969
9182727579800163089
5 4 4 4 -1  -0.729
9182737384161872545
4 3 3 2 -1  0.00785516
9182845646534637736
7 5 4 2 -1  0.531441
9182847368132406360
3 0 3 4 -1  0.0523347
9182853411077701987
7 3 5 5 -1  0.0797664
9182868331548756519
5 4 3 2 -1  0.0202755
9182920128389368642
7 5 4 2 -1  -0.282429
9183261221807118802
4 3 4 7 -1  0.00969773
9183263125921296958
5 5 3 4 -1  0.0523347
9183328686247801147
3 1 7 5 -1  0.0343368
9183525069342159754
6 2 4 2 -1  0.00858819
9183560502733044742
3 0 2 1 -1  -0.000955003
9183954011187476263
7 2 3 6 -1  -0.00872795
9184191526017804020
7 2 6 3 -1  0.81
9184613407099183936
3 6 2 7 -1  0.348678
9184843020134302219
5 4 4 3 -1  -0.205891
9185024304712482793
7 4 0 4 -1  -0.6561
9185059331311560184
4 6 3 7 -1  -0.0250315
9185118309799734699
5 4 1 0 -1  0.0717897
9185178921192006627
7 4 0 4 -1  -0.729
9185267339395446236
6 4 5 4 -1  -0.0037571
9185294210912247577
5 5 5 6 -1  0.150095
9185308431239661803
3 2 2 2 -1  -1
9185330424576431421
7 4 5 2 -1  0.0119725
9185473729877087250
5 1 5 2 -1  0.0581497
9185882918090612775
7 3 5 2 -1  0.109419
9186065310534810951
4 2 3 3 -1  0.0107753
9186417115397322970
4 7 3 7 -1  0.348678
9186528206896649991
7 6 6 6 -1  0.0886293
9186715276160076945
4 7 6 5 -1  0.729
9186903854290798467
7 4 6 4 -1  0.348678
9187229020524458848
3 1 4 2 -1  0.185302
9187748228904012976
7 5 7 4 -1  0.31381
9187794485515771391
7 3 6 2 -1  -0.0886293
9187795636645621410
7 2 3 6 -1  -0.478297
9187971850321093350
2 5 4 5 -1  0.6561
9188085595074311501
6 7 5 7 -1  0.0202755
9188088173724599912
7 3 6 3 -1  0.531441
9188125239931745262
6 4 3 1 -1  -0.109419
9188220395130973745
7 3 6 4 -1  0.348678
9188335485585587837
3 0 2 2 -1  -0.9
9188414314390911236
6 5 4 5 -1  -0.098477
9188532525598884462
3 6 2 4 -1  -0.038152
9188731932390168620
4 7 2 5 -1  -0.729
9188841775302396690
1 3 4 6 -1  -0.000859503
9188953316019002433
3 3 2 2 -1  -0.254186
9189040235072932894
6 1 4 1 -1  -0.0119725
9189191174577688640
7 2 7 3 -1  -0.0250315
9189263566938570847
7 6 5 5 -1  0.166772
9189277144984959634
5 6 4 7 -1  0.0886293
9189406513294734340
6 3 6 2 -1  0.59049
9189589352402737807
7 3 4 0 -1  0.102257
9189812213662849887
6 1 7 2 -1  0.0250315
9189949322290968539
1 1 2 2 -1  -0.430467
9189951469607335126
6 3 4 5 -1  -0.0471013
9190102446699052532
5 4 5 5 -1  0.531441
9190109760993894003
6 3 5 4 -1  0.166772
9190120858704624475
0 6 1 6 -1  -0.135085
9190235175461061807
7 4 7 2 -1  -0.0523347
9190264558358111537
4 3 5 1 -1  -0.00417455
9190289069417113769
6 4 5 4 -1  -0.109419
9190355014293105766
7 5 2 0 -1  0.0717897
9190698421901778963
4 2 3 3 -1  0.729
9190747997021050187
4 2 3 3 -1  -0.0264274
6 0 4 0 -1  0.00872795
9190876194619128768
6 3 5 3 -1  0.000369988
9190955439150305554
1 0 1 1 -1  0.59049
9190957967475957931
7 0 7 6 -1  -0.531441
9191006702449354166
7 4 7 6 -1  0.0523347
9191307700770140881
7 2 5 4 -1  0.185302
9191407331334885610
5 4 4 2 -1  0.81
9191433911329392226
4 3 3 2 -1  -0.0423911
9191706632230905826
4 1 2 1 -1  -0.430467
9191733213149960437
6 5 5 5 -1  -0.098477
9191765078015196763
6 5 6 4 -1  0.0343368
9191929597411143255
7 5 6 4 -1  0.0343368
9192123085704618363
4 7 3 6 -1  0.531441
9192309289853178490
2 2 2 1 -1  -0.205891
9192603030759296754
3 5 1 4 -1  0.0646108
9192732943326269351
3 4 2 4 -1  -0.38742
9193130501446265753
6 4 4 4 -1  0.038152
9193167083060367585
4 0 6 0 -1  0.430467
9193174003730041169
4 2 3 3 -1  0.31381
9193329463689783434
6 3 5 2 -1  0.0107753
9194591013740157201
7 2 4 5 -1  -0.430467
9194810027730680710
4 6 3 6 -1  -0.166772
9194845051324258279
7 1 4 1 -1  0.478297
9195066623139713430
7 1 5 2 -1  -0.0343368
9195113445863325784
2 2 2 3 -1  0.166772
9195158892285240246
7 3 4 0 -1  0.166772
9195218880155054639
6 6 5 6 -1  -1
9195382207874626977
5 5 5 4 -1  -0.0119725
9195403963108688730
7 1 7 7 -1  0.0343368
9195426490818244356
5 2 3 3 -1  0.0133028
9195508222638927226
7 2 5 4 -1  -0.000332989
9195518168957642968
5 1 4 1 -1  0.0471013
9195539508249531855
2 6 1 6 -1  0.228768
9195539543167126636
7 7 4 7 -1  -0.205891
9195666957872389275
5 6 4 6 -1  0.00131002
9195962219189041131
7 3 7 2 -1  -0.6561
9195989249525674664
6 7 5 7 -1  0.0278128
9196056797409244889
7 5 6 4 -1  -0.0717897
9196101627627618047
7 3 7 5 -1  0.430467
9196155494678117569
0 3 6 3 -1  0.254186
9196242741952315927
7 3 3 3 -1  -0.00515377
9196412481348408682
2 4 3 3 -1  0.430467
9196444603144430863
3 3 6 0 -1  0.430467
9196644347510321420
7 1 6 3 -1  0.228768
9196869343385301519
4 6 4 7 -1  0.254186
9197040042082744686
5 5 4 3 -1  0.0250315
9197158990888717483
2 6 1 7 -1  -0.59049
9197162743879669063
4 1 4 5 -1  0.185302
9197207088813327511
7 4 7 5 -1  0.0797664
9197247057891998120
4 7 3 6 -1  0.531441
9197301287189189590
6 5 5 5 -1  0.531441
9197392990153024623
7 1 1 1 -1  -0.0717897
9197672528792021710
6 3 6 5 -1  0.531441
9198099699123144330
5 1 4 3 -1  0.531441
9198109416083638409
6 5 5 4 -1  0.348678
9198232524469318083
3 2 0 2 -1  0.430467
9198392990126888807
6 2 3 2 -1  0.38742
9198632054252393308
7 0 6 0 -1  -0.109419
9198698875922906365
4 3 2 4 -1  -0.00872795
9198759183766657630
7 3 6 1 -1  -0.0250315
9198789906181472725
2 0 3 0 -1  0.0225284
9199033775828818593
6 0 4 0 -1  -0.0886293
9199116906214363721
4 7 3 6 -1  -0.0581497
9199348814653212000
5 2 1 2 -1  -0.0309031
9199525908005369264
6 0 5 0 -1  0.59049
9199605577508569137
7 0 7 2 -1  0.38742
9199617194431257638
7 1 1 1 -1  -0.430467
9199785842556964704
5 2 6 4 -1  -0.0423911
9199819511250575751
6 1 7 2 -1  -0.31381
9199842815958649018
5 5 3 7 -1  -0.81
9199882637069409218
6 4 4 2 -1  -0.150095
9199903472209394753
6 4 5 4 -1  0.109419
9200019517361083867
6 4 7 3 -1  -0.109419
9200265495502436707
7 7 6 7 -1  -0.000696197
9201442764409889808
5 3 4 4 -1  0.0523347
9201797412113892181
7 4 7 6 -1  -0.0309031
9202297321672881402
7 1 5 2 -1  0.0581497
9202614381721253693
6 3 5 1 -1  0.135085
9202673958745871198
5 2 3 2 -1  0.121577
9202738482471520955
5 6 6 7 -1  0.59049
9202840996821238377
3 6 4 5 -1  0.0523347
9202849774038626672
7 3 5 5 -1  0.81
9202958495650895182
5 3 6 4 -1  0.31381
9203008603874221361
3 1 2 2 -1  0.00706964
9203114764999473373
4 0 1 0 -1  -0.0225284
9203190203519821760
6 0 5 0 -1  -0.135085
9203276286654826366
2 1 1 2 -1  0.038152
9203289632194154261
6 3 4 4 -1  0.0128747
6 4 5 4 -1  0.0309031
6 6 5 6 -1  0.000626578
9203375682897472047
7 0 4 3 -1  -0.0309031
9203421373147089819
2 1 4 2 -1  0.185302
9203606831528201370
3 6 5 5 -1  -0.00872795
9203680142980801725
7 2 6 3 -1  0.59049
9203936546955999115
4 3 3 1 -1  0.59049
9204045274895072681
7 4 7 6 -1  -0.098477
9204470817679452868
3 5 3 7 -1  0.135085
9204678408664243006
6 2 5 2 -1  0.0523347
9205232714270619528
6 3 5 2 -1  0.0797664
9205360398558690916
6 3 5 4 -1  -0.0423911
9205377203574331165
2 2 4 4 -1  0.478297
9205391936267567373
6 0 5 1 -1  -0.0797664
9205576269932370053
4 2 3 3 -1  0.6561
9205576426208156884
7 3 3 3 -1  -0.430467
9205643204865212981
6 3 5 5 -1  -0.0147809
9205731888571342881
1 0 0 0 -1  0.729
9206014978891822258
5 2 5 3 -1  0.228768
9206311885218849285
1 0 1 3 -1  0.6561
9206699241708476997
5 3 3 1 -1  0.348678
9206763145498507648
5 5 6 6 -1  0.348678
9206842296999197939
7 3 7 2 -1  0.0471013
9207081354929148773
4 2 5 4 -1  0.430467
9207132064971968508
6 5 5 4 -1  0.098477
9207293977132393401
6 6 7 7 -1  -0.205891
9207366277394475912
6 1 5 1 -1  0.0523347
9207405727772354780
5 7 2 4 -1  -0.729
9207972849400448487
6 1 4 1 -1  -0.31381
9208035081535735489
5 6 2 3 -1  0.0423911
9208326788254480076
7 6 5 6 -1  0.166772
9208494923611142858
4 7 4 6 -1  -0.38742
9208578490753555909
6 4 5 3 -1  -0.0717897
9208593528872029237
5 7 7 5 -1  0.254186
9208734326315792286
4 6 4 5 -1  0.228768
9208827414838953022
4 1 3 1 -1  0.59049
9209121550239781614
7 5 7 4 -1  0.0278128
9209188682674763970
4 2 3 2 -1  0.0523347
9209320823325296420
3 4 5 3 -1  0.00646488
6 0 5 0 -1  -0.0250315
9209513566261362035
7 2 6 1 -1  0.6561
9209542164576271710
6 7 5 7 -1  -0.0886293
9209587796355398741
6 3 4 3 -1  0.0717897
9209781423803701674
7 3 6 2 -1  0.0523347
9210041086387595430
4 3 3 3 -1  -0.205891
6 6 5 6 -1  0.00872795
9210217647060188878
6 4 5 6 -1  -0.0797664
9210305280475580324
1 2 5 6 -1  0.205891
9210433305674534477
7 1 7 4 -1  -0.185302
9210717822313818641
6 6 6 4 -1  -0.0278128
9210873355960344185
7 5 7 4 -1  -0.000859503
9210957569364319575
5 6 4 6 -1  -0.478297
9211134515759147589
2 7 0 5 -1  -0.254186
9211184363145700274
4 2 3 4 -1  -0.228768
9211381237110046235
5 5 3 4 -1  -0.0886293
9211551813272156438
6 0 5 0 -1  0.00706964
9211579602491879879
6 3 5 3 -1  -0.00969773
9211746319434078234
6 1 5 1 -1  -0.205891
9211771949148981139
6 3 5 5 -1  0.430467
9211850764381610868
5 5 6 3 -1  -0.000507528
9211946695857810273
2 2 3 1 -1  0.31381
9212059725038096968
6 2 5 2 -1  0.00969773
9212084685696309255
4 2 4 0 -1  0.6561
9212261796857493119
6 1 5 1 -1  -0.0187265
9212325417061803624
7 7 3 7 -1  0.254186
9212430114257624004
7 1 6 3 -1  -0.0717897
9212505816260651086
4 7 3 7 -1  0.59049
9212560469413469226
5 1 4 2 -1  0.0717897
9212861582789725565
3 5 5 6 -1  0.9
9212863756083083970
4 5 6 4 -1  0.228768
9213022829626504010
4 4 4 6 -1  0.0523347
9213071323636451812
6 6 5 7 -1  0.9
9213185246832317076
3 4 4 6 -1  -0.166772
9213404008822896080
6 4 7 4 -1  0.135085
9213430296758695473
4 7 4 5 -1  0.81
9213481044863229850
5 4 4 5 -1  -0.0309031
9213667050028225281
7 2 2 7 -1  0.00417455
9214577011253077829
6 1 7 2 -1  0.228768
9214609084973941377
5 4 3 3 -1  0.38742
9214645208553508278
7 4 7 6 -1  0.00969773
9214731131763772673
5 3 3 3 -1  0.348678
9214957714934465841
4 2 5 3 -1  0.6561
9214986334076853410
7 1 7 3 -1  0.0523347
9215009125771792106
3 7 4 7 -1  0.0471013
9215048012947950927
6 7 4 7 -1  0.38742
9215151958038010530
6 0 4 0 -1  0.282429
9215249683256534745
5 5 6 5 -1  0.0717897
9215262818191829983
6 2 4 2 -1  0.000332989
9215324611777733288
3 2 2 1 -1  0.478297
9215335779630194809
7 5 6 4 -1  0.282429
9215693559614453857
7 5 6 3 -1  -0.098477
9216097129046963993
6 5 5 5 -1  -0.018248
9216142640473107703
6 4 4 2 -1  0.430467
9216446246414831151
6 6 0 0 -1  -0.531441
9216642205825106028
2 0 0 1 -1  -0.348678
9216703030257747958
7 3 4 3 -1  -0.098477
9216755174399216276
6 2 6 1 -1  -0.00515377
9216772821800364486
7 5 6 6 -1  0.282429
9216864690979029959
3 3 4 2 -1  -0.348678
9216917024869257258
5 4 3 5 -1  0.254186
9217069716957196647
7 5 7 4 -1  0.478297
9217397147339045770
6 1 1 6 -1  0.430467
9217451071358145572
3 7 2 7 -1  0.135085
9217502602261417746
6 4 6 1 -1  0.81
9217573497858181503
6 4 7 5 -1  0.81
9217732705560457365
3 6 4 7 -1  -0.0119725
9218086849927899344
4 3 3 4 -1  -0.430467
9218182197387555810
3 6 4 7 -1  0.00029969
9218193467900426971
4 3 3 2 -1  -0.098477
9218388457575360958
5 4 6 5 -1  0.150095
9218700804424560752
7 0 7 1 -1  0.098477
9218771651077972015
3 4 1 3 -1  0.729
9219225315829058043
6 4 4 3 -1  0.00636268
9219331983333591696
3 2 4 4 -1  0.531441
9219387965250041355
1 5 2 4 -1  0.9
9219448043957860398
6 4 7 3 -1  0.531441
9219499532299014844
7 0 6 0 -1  -0.00246503
9219507580013340649
7 6 6 4 -1  0.0173643
9219733853866842223
3 0 2 1 -1  0.0797664
9219803940649120156
6 6 4 4 -1  0.0581497
9220207352943827226
7 0 7 2 -1  -0.00636268
9220293124991323142
2 3 0 3 -1  -0.282429
9220328121684854505
2 1 1 1 -1  0.531441
9220443615436660309
6 0 4 0 -1  0.135085
9220578414150110597
2 2 2 0 -1  -0.0278128
9220695629594423931
3 4 4 2 -1  0.430467
9220762004318845535
5 3 5 4 -1  0.282429
9220841668133314406
4 2 3 2 -1  -0.038152
9221043762243192679
5 7 4 7 -1  0.729
9221055636364651751
2 2 3 4 -1  -0.531441
9221229107168198562
5 6 4 4 -1  0.59049
9221333027635525350
5 2 4 4 -1  0.121577
9221397300564331895
7 7 7 3 -1  0.205891
9221431349607453422
4 2 3 0 -1  0.0278128
9221555520164839868
4 2 3 3 -1  -0.109419
9222045800149701482
6 1 5 1 -1  0.019077
6 2 4 2 -1  -0.00529907
6 6 5 6 -1  -0.0341839
9222311261971529264
5 5 3 4 -1  -0.0523347
9222472041227189003
6 5 5 5 -1  0.166772
9222552343557764052
3 5 4 4 -1  0.81
9223269502862021564
7 6 2 6 -1  0.430467
9223555800578205530
6 6 5 4 -1  0.185302
9223558481392980174
3 1 4 0 -1  0.0119725
9223606127448728528
6 6 7 7 -1  -0.9
9223698289039257022
3 1 2 1 -1  -0.185302
9223795518371480937
7 1 7 2 -1  0.0133028
9223853932126747813
6 2 7 3 -1  0.109419
9224000775771824191
6 4 7 6 -1  -0.121577
9224154956109840763
4 5 5 5 -1  0.531441
9224208552930008343
5 2 3 4 -1  0.729
9224322257972825346
6 0 4 0 -1  -0.254186
9224355405280024417
4 2 4 1 -1  0.729
9224366118037608925
7 3 6 2 -1  -0.348678
9224747051581686630
6 4 3 7 -1  -0.430467
9225228099312910769
3 6 2 7 -1  -0.150095
9225449590126857383
7 1 6 3 -1  0.0107753
9225724369140607428
3 2 2 1 -1  -0.0581497
9225746472972085173
7 6 6 5 -1  -1
9225877898990133490
7 3 4 0 -1  0.0250315
9226007359243724214
6 7 6 6 -1  0.9
9226088843822462841
6 4 4 3 -1  0.0797664
9226220834806085998
7 6 6 5 -1  0.185302
9226575045122349352
5 2 4 2 -1  -0.135085
9226669282392659034
5 2 4 2 -1  0.0133028
9226851920111407531
3 1 5 2 -1  0.0250315
9226896730509405956
6 4 6 5 -1  -0.150095
9227052414790749852
7 3 5 5 -1  -4.04837e-05
9227259274772816804
7 2 7 4 -1  -0.228768
9227321660492324358
6 3 5 3 -1  -0.135085
9227324765756725720
2 2 1 4 -1  -0.348678
9227966860642520594
7 3 6 4 -1  0.00179701
9227974117555315791
7 4 7 0 -1  0.00572641
9227984140779988266
4 3 3 2 -1  0.109419
9228080655367422749
7 3 4 3 -1  -0.478297
9228319017095401889
5 0 4 0 -1  0.185302
9228508973882156859
4 2 4 3 -1  0.00636268
9228859055219725062
6 3 5 1 -1  0.109419
9229070035051342166
6 6 7 5 -1  0.00785516
9229242864292358038
1 2 0 2 10  -0.81
9229255189619010919
5 3 7 3 -1  0.0523347
9229455519803495721
7 0 3 0 -1  0.0250315
9229462804562228022
6 3 6 4 -1  0.81
9229501559220060682
4 3 3 1 -1  -1
9229503728590777424
3 5 7 5 -1  0.135085
9229529217340988162
2 2 2 1 -1  0.478297
9229555811211356349
5 4 7 5 -1  0.205891
9229624106523690806
5 6 4 5 -1  -0.0523347
9229707036250125013
6 6 5 7 -1  0.38742
9230105857637813780
5 5 4 5 -1  0.0471013
9230280198115886573
7 6 6 6 -1  0.00179701
9230478814714329646
6 3 5 1 -1  0.166772
9230842896550776728
6 0 6 1 -1  0.166772
9231020435324618320
6 4 5 3 -1  -0.729
9231112837548601993
7 6 7 7 -1  0.531441
9231409776584625510
5 6 4 6 -1  0.018248
9231424301175458984
5 4 4 3 -1  -0.59049
9231524754599861860
7 5 6 6 -1  0.00273892
9231619505122571248
5 2 7 3 -1  0.038152
9231837000982039743
7 5 2 0 -1  0.6561
9231837481845910169
7 3 6 3 -1  -0.098477
9232019951450837275
7 0 7 4 -1  -0.0592528
9232168851903679967
5 3 1 3 -1  0.6561
9232180532857861103
7 6 6 6 -1  0.0225284
9232249752792945608
6 3 5 1 -1  -0.0250315
9232445079334529258
7 6 6 5 -1  0.0343368
9232466630692864710
4 5 2 4 -1  -0.0423911
9232520273873366209
4 2 3 4 -1  0.018248
9232550635053602935
7 3 5 1 -1  -0.00304325
9232900980124327207
6 1 5 0 -1  -0.135085
9232940460647032655
6 3 7 1 -1  0.0250315
9233234302809449600
1 2 3 0 -1  0.0164232
9233425046247104193
6 7 5 7 -1  0.282429
9233574190366080791
7 0 7 3 -1  0.282429
9233684197429304317
7 6 6 7 -1  -0.478297
9233736105122400249
4 3 3 4 -1  0.0147809
9233789303304599847
6 6 5 7 -1  0.228768
9233849402760300896
5 7 4 7 -1  0.228768
9233964081693484736
7 2 7 1 -1  -0.166772
9234001270455086025
6 4 7 5 -1  0.0886293
9234291270329023157
5 3 5 4 -1  -0.0886293
9234296092236305938
3 1 2 1 -1  0.348678
9234428531243395622
5 5 3 4 -1  0.0523347
9234593736901545819
6 5 5 5 -1  -0.31381
9234688612945044946
4 2 5 3 -1  -0.038152
9234701204710064541
6 3 5 1 -1  0.00199668
9234704516460544171
5 1 3 0 -1  0.166772
9234913901116504841
6 6 5 5 -1  0.478297
9234944478547466623
6 5 5 4 -1  0.185302
9235633057702703536
7 0 5 0 -1  0.228768
9236278695910625955
7 6 6 6 -1  -0.0107753
9236402545716313752
5 5 4 5 -1  -0.729
9236515307766071989
4 2 3 3 -1  0.0581497
9236526508010517804
4 6 3 7 -1  -1
9236565519545430471
4 4 2 5 -1  -0.531441
9237064980460962719
4 2 6 2 -1  0.0646108
9237263821432267793
6 3 5 1 -1  -0.018248
9237283080397571354
4 5 3 5 -1  -0.31381
9237291776591028961
7 2 7 1 -1  0.0225284
9237792700635445414
0 6 0 0 -1  0.81
9238131039849118423
7 5 6 6 -1  0.38742
9238317763263814052
2 3 1 1 -1  -0.348678
9238497707305131129
7 4 5 4 -1  0.0797664
9238522063771054698
7 5 4 5 -1  -0.0581497
9238695480401600953
2 5 1 5 -1  0.478297
9238792436353904712
6 5 4 5 -1  -0.00694086
6 6 5 6 -1  -0.0133028
7 5 4 2 -1  0.0225284
9238826491023031720
7 5 7 6 -1  0.0423911
9238841125071699971
7 6 6 7 -1  0.59049
9239186200110127406
6 5 4 5 -1  -0.135085
9239359166844375479
5 3 4 4 -1  0.478297
9239859738654141628
7 5 6 4 -1  0.00199668
9240170583203742485
5 5 6 4 -1  0.38742
9240317221707055160
3 2 2 2 -1  -0.185302
9240472615890672333
5 3 3 4 -1  -0.31381
9240673968607654314
5 3 5 4 -1  -0.430467
9240832315877149299
6 6 5 5 -1  0.018248
9240883387703620548
6 5 5 5 -1  0.478297
9240896352649948218
3 4 6 1 -1  -0.166772
9241026196879352239
6 5 4 5 -1  0.0119725
9241237417998420380
4 7 6 6 -1  -0.0797664
9241279113433049192
7 2 6 3 -1  0.109419
9241437439968138266
4 2 2 3 -1  0.0133028
9241438053412340695
0 2 5 2 -1  -0.38742
9241550326270632735
5 2 4 2 -1  -0.38742
9241844660857856203
5 2 6 4 -1  -0.282429
9242033402048861465
6 2 4 2 -1  0.135085
9242168301280191268
5 0 5 6 -1  0.185302
9242387336088358042
1 2 2 2 -1  0.254186
9242564308205271994
5 1 4 3 -1  -0.00785516
9242569509222243756
6 7 5 7 -1  -0.00463839
9242617662841514165
6 7 4 7 -1  0.0886293
9242954930133805200
4 4 3 4 -1  0.254186
9242977322562883257
7 7 6 6 -1  0.31381
9243085525567490372
5 3 4 2 -1  0.228768
9243183321761021241
4 5 5 6 -1  -0.430467
9243439120069788476
7 3 6 3 -1  0.0250315
9243676446658380698
3 3 0 3 -1  0.59049
9243836662249478564
5 2 6 3 -1  0.0471013
9243847074832459560
6 3 5 2 -1  0.31381
9244115135958201583
5 2 3 3 -1  0.205891
9244332073712240035
6 4 7 3 -1  -0.00872795
9244593407042210607
1 0 7 0 -1  0.59049
9244857692971481344
7 0 7 3 -1  -0.121577
9244961771630045617
6 1 5 1 -1  -0.0423911
9245172435103440494
5 5 3 6 -1  -0.81
9245516795810098048
7 0 7 4 -1  0.254186
9245547643988071098
4 0 5 2 -1  0.135085
9245659951411701850
6 5 4 5 -1  0.000626578
9245762664234217634
4 3 3 2 -1  0.098477
5 5 4 7 -1  0.038152
9245793442001360767
5 6 0 6 -1  -0.81
9245863738548539033
3 5 4 4 -1  -0.185302
9245973814454631475
4 5 4 4 -1  -0.430467
9246065839849084449
7 3 7 2 -1  0.81
9246383390603060011
2 5 4 5 -1  0.000955003
9246483301612869671
5 6 4 6 -1  0.59049
9246561558915957384
6 5 6 6 -1  0.121577
9246623385269335833
6 4 4 3 -1  -0.098477
9246652210467718988
0 2 1 0 -1  -0.478297
9246655095188300373
6 1 4 1 -1  0.00179701
9246780490506969472
7 2 5 4 -1  -0.0225284
9246935586900131230
6 3 6 4 -1  -0.282429
9246938711182212835
2 2 3 4 -1  0.185302
9247082848219361878
6 6 7 5 -1  0.0886293
9247282008856438365
4 5 3 5 -1  0.0717897
9247401522764379325
3 1 2 0 -1  -0.531441
9247416483866955552
1 3 4 0 -1  -0.81
9247532667602550780
6 7 7 7 -1  -0.9
9247832818086514855
6 0 4 0 -1  0.228768
9247963921813626507
5 2 4 0 -1  -0.0147809
9248314065436218328
4 2 5 2 -1  0.0133028
9248484661098654532
4 4 5 5 -1  0.109419
9248851066981393272
4 1 4 0 -1  0.729
9248921033919006918
2 5 4 7 -1  -0.59049
9249037451574646026
7 1 7 0 -1  -0.0107753
9249081056803760123
7 5 6 4 -1  0.00636268
9249097079778363103
3 4 4 2 -1  0.109419
9249155819304184846
3 3 1 5 -1  0.109419
9249159350705425015
5 5 7 4 -1  0.000696197
9249189925424159814
3 7 5 5 -1  0.81
9249228275866052685
5 1 6 2 -1  -0.135085
9249486477158805966
7 4 7 5 -1  0.6561
9249644858065496174
7 2 6 3 -1  -0.205891
9249841347116381345
3 7 3 6 -1  -0.531441
9249898836585782640
7 4 7 3 -1  0.9
9249930028739246583
4 3 4 2 -1  0.348678
9250131601691285751
5 1 5 3 -1  -0.31381
9250260673318876726
2 2 1 2 -1  -1
9250309755161337195
7 2 6 2 -1  0.0717897
9250380808942498548
7 5 3 1 -1  0.00463839
9250441302253449065
5 6 4 5 -1  -0.109419
9250594607753063436
5 5 7 6 -1  0.228768
9250826063084362131
0 6 0 2 -1  0.254186
9250937161773047281
4 4 4 3 -1  -0.729
9251118382308741633
7 5 6 6 -1  0.109419
9251491892646298979
7 5 7 3 -1  0.228768
9251570450259712106
2 3 3 1 -1  0.0250315
9251616522179677994
4 2 7 5 -1  0.205891
9251895263336682716
5 3 4 3 -1  -0.9
9251943834380284834
7 5 6 4 -1  -0.0471013
9252375778907419671
7 2 6 1 -1  -0.0886293
9252477153292254525
6 4 5 5 -1  0.166772
9252781954941314640
3 5 4 4 -1  -0.0581497
9252815944460424945
5 6 4 7 -1  0.59049
9252868361167041265
7 2 6 3 -1  -0.0309031
9253256178100872744
7 5 6 4 -1  0.0278128
9253321066327561458
7 6 6 6 -1  0.0278128
9253450590879960381
4 1 7 4 -1  0.478297
9253643884376137583
7 6 5 5 -1  0.0581497
9253680979944911543
4 2 5 4 -1  -0.00969773
9253700779872637974
5 3 3 2 -1  0.228768
9253919655730328923
7 1 7 2 -1  -0.0250315
9254014831898839955
4 0 3 0 -1  0.109419
9254107091119368386
6 1 5 1 -1  0.0202755
9254209434731601083
4 1 3 1 -1  0.00246503
9254566141392053250
6 7 5 6 -1  0.9
9254597337531417966
7 5 7 6 -1  -0.348678
9254789436501790445
7 4 7 6 -1  0.0037571
9254923028533672457
3 3 0 3 -1  0.478297
9254979334078131070
4 2 3 4 -1  0.135085
9255151599924327816
5 4 4 4 -1  0.348678
9255347448234051826
7 7 6 7 -1  0.478297
9255903565431657672
4 2 5 3 -1  -7.5017e-06
9255985508087699093
7 2 3 6 -1  0.0343368
9256156345011734176
3 2 2 2 -1  0.430467
9256192495387457700
4 2 1 5 -1  0.0278128
9256509437086338057
3 4 5 5 -1  -0.0037571
9256589701300826670
4 2 3 3 -1  -0.0278128
9257062676306882732
7 3 7 0 -1  0.9
9257320350820356620
4 2 3 0 -1  0.109419
9257625109057464639
3 2 7 2 -1  -0.150095
9257672251240234548
6 1 5 1 -1  0.59049
9257923373191322246
5 1 5 5 -1  -0.478297
9257980393371993894
4 7 3 7 -1  0.254186
9258375194720482061
3 2 1 1 -1  0.0471013
9258453069262255651
5 3 6 3 -1  -0.0646108
9258695123054271709
4 7 3 7 -1  0.348678
9258740162141067835
4 1 3 1 -1  -0.0886293
9258827247852531048
6 4 6 3 -1  0.0471013
9258877206561273422
2 2 0 4 -1  -0.531441
9259167608032679477
3 1 1 3 -1  0.00417455
9259457982688812939
5 5 6 3 -1  0.00706964
9259632740874165261
7 3 5 5 -1  0.00273892
9259696904524552021
4 0 3 0 -1  -0.205891
9259705176726983423
7 2 2 2 -1  0.0717897
9259774147714283271
6 6 5 5 -1  0.000116106
9259994820644548112
4 0 5 1 -1  -0.205891
9260061411192602549
6 2 5 3 -1  0.0107753
9260246377564895254
6 6 5 6 -1  0.0309031
9260322019041619432
6 4 4 3 -1  -0.31381
9260585412157158348
6 3 5 5 -1  -0.478297
9260615542025169754
6 0 4 0 -1  0.0717897
9260787415277871592
2 0 4 1 -1  0.9
9260931721368818608
7 0 7 2 -1  0.00785516
9260959739921386273
3 1 2 2 -1  0.000507528
9261112760312348554
6 6 3 3 -1  -0.228768
9261190230688367110
5 2 4 4 -1  0.282429
9261464273400563492
5 1 3 0 -1  -0.0202755
9261477029128706020
1 5 1 6 -1  0.31381
9261567997455923037
7 3 6 3 -1  0.166772
9261798391223223987
5 7 4 7 -1  0.531441
9261848801204583325
6 1 1 6 -1  -0.0523347
9262246492923531916
5 4 4 4 -1  0.0250315
9262313528534565248
5 3 5 2 -1  0.185302
9262349045815531396
7 6 7 7 -1  0.729
9262376587785773070
5 3 6 4 -1  0.0471013
9262702937429453012
4 3 4 1 -1  0.348678
9262854317828289335
7 3 7 5 -1  0.185302
9262928993873279153
0 2 1 2 -1  0.9
9263043612069956805
7 0 7 1 -1  0.348678
9263380570814896425
5 2 4 0 -1  -0.00636268
9263410185098865579
6 1 4 1 -1  0.0147809
9264007041152921744
4 0 3 2 -1  0.0423911
9264020492088336666
6 7 5 7 -1  0.0797664
9264082679198404366
4 7 3 6 -1  0.038152
9264124634909637840
1 5 2 7 -1  0.38742
9264262500761794016
2 0 4 2 -1  -0.166772
9264391231102529299
6 0 5 0 -1  0.478297
9264557534111918734
7 2 4 5 -1  -0.0797664
9264662832847160153
6 3 5 2 -1  -0.098477
9264790155611979274
7 6 7 7 -1  0.282429
9264802638177253870
7 5 7 4 -1  -0.205891
9265058540286480608
3 5 2 5 -1  -0.9
9265137941222089208
4 3 4 4 -1  -0.38742
9265232073172686967
7 5 3 1 -1  0.00515377
9265684785915698185
6 3 3 6 -1  -0.0717897
9265756725209042375
7 0 7 2 -1  0.00872795
9265757790304690181
1 6 3 4 -1  0.000456775
9265813335033708900
6 2 5 2 -1  0.150095
9265918420548591535
6 5 4 5 -1  -0.254186
9266038354479352331
1 5 2 4 -1  0.0581497
9266075095953906812
4 7 5 5 -1  0.0343368
9266078697974373155
6 1 7 2 -1  -0.166772
9266212591748321666
5 1 2 1 -1  -0.9
9266245023113101639
4 2 2 4 -1  -0.0250315
9266429378284389866
5 3 5 4 -1  0.000955003
9266690588584175920
7 5 6 4 -1  0.000955003
9266901556044569873
1 4 1 3 -1  0.9
9266943054434141344
6 6 5 7 -1  -0.348678
9266951411437512037
4 3 3 2 -1  -0.0886293
9266953918041501952
6 7 5 7 -1  -0.0225284
9267068646790903363
5 5 6 3 -1  0.0133028
7 2 5 4 -1  -0.010682
9267212758341302392
4 0 0 0 -1  0.531441
9267226397089884541
7 6 6 4 -1  0.135085
9267445270684153016
5 5 7 3 -1  0.00969773
9267542801400791331
6 5 1 0 -1  0.0133028
9267610129409858636
7 4 7 3 -1  -0.0886293
9267668499218108130
1 1 6 6 -1  -0.166772
9267898552100854139
1 0 3 0 -1  0.478297
9268089070773442106
6 4 6 5 -1  -0.166772
9268109868359496467
6 0 5 0 -1  -0.282429
9268488412317644474
7 4 5 5 -1  0.0797664
9268568302735631092
3 6 2 4 -1  -0.0343368
9268722011784630760
5 4 5 2 -1  0.00706964
9269173874720616665
7 1 7 4 -1  0.729
9269230194755363685
4 7 3 6 -1  0.185302
9269280330627861531
3 1 5 3 -1  0.00463839
9269285405858362852
7 7 7 5 -1  0.185302
9269335687357037784
7 2 6 3 -1  -0.00572641
7 5 6 4 -1  -0.0275048
9269501700303079444
7 1 6 3 -1  0.00463839
9269544427547940417
6 3 6 5 -1  0.228768
9269656583829083541
7 2 6 3 -1  0.0471013
9270074631155227240
7 3 5 3 -1  0.018248
9270242784875651369
7 2 4 5 -1  -0.0717897
9270274694660368439
6 3 6 4 -1  0.00706964
9270786935139186427
5 6 4 7 -1  -0.729
9270818593643610798
6 2 5 2 -1  0.00056392
9270856511665112609
6 5 4 5 -1  0.31381
9270867874205980827
6 6 7 5 -1  -0.531441
9270991405077975960
6 6 5 5 -1  -0.348678
9271058906484470081
5 5 6 3 -1  0.0646108
9271147187678373618
6 3 5 3 -1  0.00290749
9271180376624432630
4 3 5 1 -1  0.0378674
9271245574503211332
3 5 4 7 -1  0.531441
9271367907872945381
5 5 4 3 -1  0.121577
9271398839109458115
3 2 3 0 -1  0.098477
9271711311818117738
7 4 7 6 -1  0.098477
9271712988329164327
7 6 6 7 -1  0.00706964
9271844149993576337
4 3 3 2 -1  0.00872795
9271924154585870134
7 5 2 0 -1  0.121577
9271932187451688189
6 2 5 2 -1  -0.135085
9271933901684540445
6 1 5 0 -1  -0.59049
9272065440315146119
5 2 4 2 -1  -0.0250315
9272090184829867740
3 3 3 7 -1  0.109419
9272125020327326661
4 7 3 5 -1  -0.0278128
9272358879921862689
3 1 4 3 -1  0.282429
9272717593142995145
4 7 3 5 -1  -0.00636268
9273067301848105582
7 3 5 1 -1  0.38742
9273173583840806868
7 2 6 1 -1  0.109419
9273285516435236076
5 5 4 4 -1  0.531441
9273295660931492193
5 2 4 4 -1  0.00706964
9273598537337068325
7 4 7 2 -1  0.9
9273699175263641892
3 1 4 2 -1  -1
9273792231028696317
4 2 5 2 -1  -0.0423911
9273851376896284676
5 6 7 5 -1  0.0343368
9273883173122010371
7 1 7 5 -1  0.81
9274014575291467449
5 4 6 2 -1  -0.228768
9274051199126810105
7 4 7 2 -1  -0.0107753
9274111068592851183
6 1 5 1 -1  0.135085
9274155380158253919
4 1 3 1 -1  0.150095
9274316942134290082
7 5 6 6 -1  -0.0717897
9274373824643971382
6 4 7 3 -1  0.59049
9274414133424083921
6 2 5 2 -1  -0.348678
9274431520639033075
6 2 7 3 -1  0.729
9274704714460843601
7 4 6 2 -1  -0.205891
9274727602503095221
3 4 3 2 -1  0.121577
9274818404935400049
3 1 3 0 -1  0.121577
9274850774710858835
3 6 6 6 -1  0.430467
9274888616255456261
6 3 7 4 -1  0.254186
9275027333092482550
6 1 3 1 -1  0.6561
9275285333740669326
4 6 4 3 -1  0.9
9275352800730756904
7 0 7 2 -1  0.00131002
9275446973409815278
7 4 7 3 -1  0.166772
9275509583730011471
7 7 4 7 -1  -0.531441
9275511704370408327
5 6 4 7 -1  0.0133028
9275763507182768307
0 0 5 0 -1  0.205891
9275868837386431635
7 5 5 4 -1  0.31381
9275888308626184219
6 7 4 7 -1  0.0225284
9276064935735365404
5 4 6 6 -1  0.0423911
9276516527528893087
6 7 5 7 -1  0.0037571
9276548137308930835
3 6 2 4 -1  0.729
9276611859376300018
3 2 2 2 -1  0.9
9276665831789779527
6 6 5 5 -1  -0.430467
9276883055639793477
7 1 6 3 -1  0.0423911
9277101212244091730
6 3 5 3 -1  -0.0250315
9277199339078721406
6 4 5 2 -1  0.00117902
9277235504724978277
7 2 4 5 -1  -0.109419
9277317627618554388
5 4 6 3 -1  0.0886293
9277355487794167640
5 0 4 2 -1  0.430467
9277365345876546692
7 6 5 6 -1  0.185302
9277585996115176510
6 2 7 2 -1  0.254186
9277759077333953540
7 1 6 3 -1  -0.0133028
9278273395997375985
6 6 4 6 -1  0.150095
9278330395558142482
5 5 6 3 -1  -0.018248
9278576357477837419
7 4 7 6 -1  -0.185302
9278725799089096564
5 6 5 5 -1  0.150095
9278782750552983655
5 6 4 6 -1  0.348678
9278878011932299615
6 3 4 2 -1  0.0717897
9279033133872455368
7 1 5 2 -1  -0.0718779
9279195377338177840
7 4 7 6 -1  -0.0267557
9279394845941412668
5 1 4 0 -1  -0.185302
9279505154091127720
7 4 7 6 -1  -0.0250315
9279813202323388658
4 5 3 4 -1  0.018248
9279832738839251522
5 2 4 2 -1  0.185302
9280023818506767374
2 2 1 2 -1  -1
9280112123018936205
7 2 4 2 -1  0.00872795
9280286772506649493
5 5 4 6 -1  -0.185302
9280667664518886177
5 5 4 5 -1  0.135085
9280947179054110952
7 1 5 1 -1  0.367933
9281142355639865020
5 4 6 5 -1  -0.478297
9281264947713344503
7 5 6 6 -1  -0.00056392
9281305420173428841
7 5 5 5 -1  0.282429
9281317270601777591
4 3 3 2 -1  0.0326786
9281411550427365631
4 4 0 4 -1  -0.0471013
9281437620199513534
6 4 7 3 -1  0.109419
9281547385667010498
5 4 4 4 -1  0.0423911
9281938747323629221
6 2 7 2 -1  0.109419
9281938926902030727
5 4 4 3 -1  0.348678
9282295966959427423
5 4 4 5 -1  0.729
9282774365416730026
3 2 1 1 -1  0.531441
9282930496652854536
3 4 2 5 -1  -0.0797664
9282942296231935659
6 7 5 7 -1  0.00221853
9283005698258909775
6 3 4 1 -1  -0.150095
9283109467592206961
7 6 7 2 -1  0.59049
9283126586093078820
6 6 5 7 -1  0.254186
9283286181489235610
4 1 3 2 -1  0.0886293
9283307264692622151
4 3 0 3 -1  0.81
9283346874671587686
5 3 4 4 -1  -0.00273892
9283366191223564960
7 7 7 5 -1  0.531441
9283433816988460407
2 1 5 4 -1  0.254186
9283586384210953408
1 1 3 1 -1  -0.0886293
9283682895393227673
2 5 0 6 -1  -0.348678
9283772175555493337
7 3 7 6 -1  0.121577
9283849470474885926
7 3 6 3 -1  0.205891
9284190682934434937
5 5 6 6 -1  -0.478297
9284323269616572998
4 2 3 2 -1  0.254186
9284462952815065180
5 3 4 3 -1  0.098477
9284805154339257355
5 0 4 0 -1  0.205891
9284907926812154793
4 2 2 1 -1  0.348678
9284949143553862816
5 4 5 1 -1  0.109419
9285147802842626411
7 1 5 2 -1  -0.00969773
9285196572662172135
3 3 4 5 -1  -0.38742
9285554303176213048
6 3 7 3 -1  0.81
9285624920162434690
6 7 5 7 -1  0.228768
9285977124212672589
7 0 6 0 -1  0.0278128
9286128256808440104
0 1 6 1 -1  0.0343368
9286434817173125739
5 5 6 3 -1  -0.0107753
9286572241154882286
7 0 7 5 -1  -0.81
9286911277678052873
5 0 4 2 -1  -0.254186
9286937672562628579
1 4 1 1 -1  0.109419
9287039212005995333
1 5 3 6 -1  0.166772
9287063861657921774
7 4 7 6 -1  0.0309031
9287344269163511784
4 3 5 3 -1  0.135085
9287490666250461008
7 2 3 2 -1  0.38742
9287620642574290817
6 4 4 4 -1  -0.0225284
9287645568439341030
1 1 7 1 -1  0.098477
9287665254315920225
6 3 5 4 -1  0.0037571
9288063407405197464
7 0 7 3 -1  0.478297
9288108707025823159
6 0 4 2 -1  0.0523347
9288188045919895379
7 3 7 4 -1  0.0581497
9288248453296618022
5 5 6 3 -1  0.31381
9288417504998941401
5 3 3 3 -1  -0.0278128
9288487360585946405
6 4 2 4 -1  -0.018248
9288758239387677152
4 1 5 3 -1  -0.31381
9289203309673871720
5 6 4 5 -1  0.0581497
9289377720652927568
5 2 4 2 -1  -0.00131002
9289444912265416358
5 2 3 3 -1  0.282429
9289840589543692910
4 4 3 3 -1  0.109419
9289876565076425471
5 5 4 5 -1  0.31381
9289944719153501970
4 0 5 2 -1  0.31381
9289954570929733744
5 5 4 6 -1  -1
9290085143873553331
7 3 6 2 -1  0.0250315
9290132693840766047
7 5 7 4 -1  -0.531441
9290583225454709238
4 4 2 5 -1  0.0133028
9290632145863029931
7 7 6 7 -1  0.0797664
9291013253443317527
7 0 7 2 -1  -0.00706964
9291110525465249184
4 3 4 7 -1  -0.0797664
9291226202522789951
7 4 7 5 -1  0.0717897
9291404478344139098
7 7 7 6 -1  0.205891
9291451698890551270
7 1 6 1 -1  0.38742
9291515474190463083
7 4 6 4 -1  0.098477
9291528910221784480
6 1 5 2 -1  0.038152
9292134832971204356
7 0 7 2 -1  -0.0581497
7 3 5 1 -1  -0.109419
9292447456477165194
6 4 5 4 -1  0.254186
9292564684878063734
5 0 3 2 -1  -0.0717897
9292632345869927056
6 6 4 6 -1  0.185302
9292639390863562115
7 6 6 7 -1  -0.9
9293034982032950365
4 0 3 2 -1  0.00872795
9293150330520048609
1 3 2 2 -1  0.38742
9293262250747060126
7 2 2 2 -1  0.0164232
9293367177733666232
6 6 5 7 -1  -0.205891
9293468272146866025
4 3 2 4 -1  0.478297
9293474654004986397
5 6 4 6 -1  0.0147809
9293553851098677709
6 0 5 0 -1  0.0717897
9293604929423898117
6 4 6 5 -1  0.0797664
9293690067854405523
7 4 3 4 -1  -0.0250315
9293796409730009744
6 5 5 5 -1  -0.0107753
9293900223331046632
0 3 1 2 -1  0.0343368
9293973427265883893
5 5 6 6 -1  -0.6561
9294049235283304424
7 2 5 0 -1  -0.098477
9294271649320320690
7 3 5 1 -1  0.38742
9294296367673732905
5 2 6 4 -1  -0.0133028
9294300028745954538
6 7 5 7 -1  0.430467
9294316944832426955
5 3 4 3 -1  -0.0423911
9294437535226548636
0 4 1 3 -1  -0.205891
9294455367689424972
5 1 1 1 -1  -0.430467
9294558685008875879
5 5 4 3 -1  0.0717897
9294847104330031034
6 2 5 3 -1  0.0423911
9294939993971750509
6 6 5 7 -1  -0.38742
9295180084324374855
4 2 0 2 -1  0.0523347
9295186312350456987
6 4 5 3 -1  0.121577
9295407393351472100
7 2 5 4 -1  -0.150095
9295428172188043624
7 6 6 5 -1  0.348678
9295614966505266323
7 0 7 2 -1  0.0471013
9295794031635483914
5 4 4 4 -1  -0.00515377
9295966771028416765
4 4 2 6 -1  0.282429
9296061041828332119
5 2 4 3 -1  -0.531441
9296291765917527078
5 0 4 0 -1  0.31381
9296311362504018292
4 0 2 2 -1  0.38742
9296422666253912306
6 3 4 5 -1  0.135085
9296633467942099408
5 5 3 5 -1  -0.135085
9297286089612963613
4 2 2 3 -1  0.0523347
9297479226814838449
3 1 1 3 -1  -0.0202755
