10106879704170471105
4 1 3 0 -1  0.0309031
10106906213155078574
3 4 2 6 -1  -0.0250315
10107032097002386343
7 6 6 4 -1  0.00785516
10107060843062844695
2 1 1 2 -1  -0.185302
10107075566870054531
3 0 2 1 -1  0.109419
10107092975045462533
5 6 4 6 -1  0.59049
10107211141011153605
7 4 7 6 -1  0.00969773
10107421488522503278
4 3 5 3 -1  0.6561
10107605419632245853
5 7 4 7 -1  0.121577
10107694990653192525
6 4 7 5 -1  0.230039
10107806437437082388
6 1 4 1 -1  -0.205891
10108230223110666841
2 6 3 7 -1  -0.038152
10108269483640697888
2 5 2 3 -1  -0.81
10108416236247597091
7 5 5 4 -1  -0.150095
10108551489080274640
5 3 4 3 -1  0.348678
10108903737663745946
6 3 5 4 -1  0.00417455
10109069026905370037
7 2 2 2 -1  -0.531441
10109291652833724773
5 5 4 5 -1  -0.0797664
10109461990454372795
5 6 6 5 -1  0.0523347
10109581351379326474
2 2 1 2 -1  -0.9
10109619248256600446
2 3 3 5 -1  0.121577
10109660590326908433
7 7 5 7 -1  -0.0164232
10109675918549905450
6 7 7 6 -1  0.00117902
10109783306920494118
7 5 5 5 -1  0.9
10109784317601616875
3 1 2 3 -1  -0.228768
10109841527807606149
6 6 7 5 -1  0.0886293
10109849416944500525
7 7 0 7 -1  -1
10110233550257791978
6 7 4 6 -1  0.59049
10110341868606933422
4 3 0 7 -1  -0.121577
10110397071041454138
6 1 5 2 -1  -0.0250315
10110397833278155675
7 3 7 1 -1  0.0309031
10110506220657990805
5 1 6 0 -1  0.348678
10110820342256019945
7 3 6 3 -1  0.0423911
10110888660413496392
5 0 3 1 -1  -0.0343368
10110891002885085138
3 1 2 1 -1  0.254186
10110892330206605561
0 1 4 5 -1  0.018248
10110993521005173640
6 3 6 4 -1  0.166772
10111163389746523487
7 3 3 3 -1  0.00273892
10111177978418273644
6 3 4 3 -1  0.0037571
10111226896407540611
4 4 3 4 -1  0.31381
10111272016903986997
4 2 3 2 -1  -0.228768
10111614906398227782
7 3 1 3 -1  -0.0202755
10111836047477282795
6 5 6 1 -1  0.109419
10111860197117524859
5 5 4 5 -1  0.0423911
10111870927116308500
1 4 3 4 -1  -0.59049
10111894700300187209
6 7 4 7 -1  0.478297
10111900781615999637
6 4 5 5 -1  -0.185302
10111980332822871586
7 4 7 3 -1  0.282429
10112191144984862405
4 6 4 7 -1  0.282429
10112197199323152726
7 2 3 6 -1  -0.00515377
10112404978419849689
7 6 5 6 -1  -0.185302
10112408450455610593
4 5 3 5 -1  -0.0471013
10112460271639369101
5 4 6 4 -1  0.430467
10112852682467130898
7 2 1 2 -1  0.282429
10113082035992992064
6 4 4 5 -1  0.000859503
10113275824841403482
6 7 5 7 -1  0.166772
10113482075643308802
7 5 6 6 -1  -0.282429
10113698805395289805
7 3 6 3 -1  0.121577
10113865690520384223
6 4 5 5 -1  0.0717897
10114057879048912293
6 6 7 6 -1  0.000456775
10114112745249884766
5 0 4 0 -1  0.038152
10114118624930367823
3 2 1 4 -1  0.0581497
10114260298142895888
6 2 4 4 -1  -0.0717897
10114603315047223663
7 1 7 2 -1  0.531441
10114721798373736353
2 2 0 0 -1  0.121577
10114722766313368912
6 7 6 6 -1  -0.185302
10114874629566230482
7 2 7 5 -1  0.0423911
10115205813781382661
6 1 4 1 -1  -0.150095
10115953290754793623
3 1 2 2 -1  0.0343368
10115960699986004104
5 2 4 1 -1  -0.478297
10115978445207702426
5 1 4 3 -1  0.121577
10116062320763926135
3 4 4 2 -1  -0.0164232
10116306122908715912
1 2 3 2 -1  0.205891
10116468608542322228
7 5 7 3 -1  0.430467
10116558154369684875
4 7 3 7 -1  -0.59049
10116579696569278111
5 1 4 2 -1  0.0797664
10116893626098446927
7 4 7 6 -1  0.0147809
10116978520531256550
3 5 2 6 -1  -0.38742
10117054074705901841
3 1 2 2 -1  -0.0717897
10117322584539677468
3 4 5 2 -1  0.81
10117454627828927675
4 6 3 5 -1  -0.109419
10117513807689619524
5 6 4 4 -1  0.00515377
10117532345743800078
4 6 3 6 -1  0.282429
10117750025883911918
6 6 7 6 -1  0.59049
10117775122215168190
6 6 5 5 -1  0.098477
10117811609682034524
6 6 4 6 -1  -0.0147809
10118151673616802974
7 1 5 2 -1  0.0471013
10118165381007598541
4 7 5 6 -1  -0.6561
10118471044185735941
2 0 1 1 -1  0.135085
10118533680510032067
6 4 4 5 -1  0.59049
10118622563589460675
3 5 2 5 -1  0.254186
10118641831109013868
5 3 2 0 -1  0.531441
10119095490832035967
7 3 6 2 -1  -0.038152
10119145920988841025
7 2 6 3 -1  0.38742
10119480357762381503
7 3 6 2 -1  -0.0037571
10119808604594386619
6 1 5 2 -1  0.135085
10119843152545807223
3 1 2 0 -1  0.31381
10119868528502203840
4 3 5 3 -1  0.0114487
4 3 6 3 -1  -0.0507143
4 3 7 3 -1  -0.00199668
10119899886116731567
4 3 5 5 -1  0.0119725
10119981713626513201
1 4 4 1 -1  0.0841979
10120110847162560585
5 4 3 2 -1  -0.00572641
10120125525240930901
2 6 1 6 -1  -0.098477
10120142907131214432
2 1 1 1 -1  0.38742
10120223687474943614
7 2 5 4 -1  -0.00175394
10120478667925346061
7 2 6 3 -1  0.6561
10120482958273627896
5 7 4 7 -1  -0.0523347
10120738679085046262
4 3 2 2 -1  -0.478297
10120795306625452968
5 7 6 6 -1  -0.0471013
10120915777493450086
6 3 4 3 -1  0.0480932
10121000088840263579
2 7 3 6 -1  0.430467
10121001372253095830
1 2 1 6 -1  -0.6561
10121045864023623841
6 5 4 5 -1  -0.348678
10121114852773470603
5 5 3 6 -1  0.109419
10121213144652283721
4 6 2 7 -1  -0.430467
10121495378101221699
5 4 4 3 -1  -0.0309031
10121595662338854636
6 1 5 2 -1  0.185302
10122098133625057006
6 2 5 1 -1  -0.0717897
10122291859889256329
7 5 6 4 -1  0.150095
10122320744984255914
4 2 3 3 -1  -0.00463839
10122349657981004589
4 6 3 7 -1  0.31381
10122509038079882029
3 3 5 1 -1  0.166772
10122812350858269886
5 2 4 4 -1  0.282429
10123039380894536229
5 5 5 6 -1  0.0886293
10123098733797473182
5 7 4 7 -1  -0.0646108
10123312151897120456
7 4 7 6 -1  0.098477
10123414534355037845
7 3 6 3 -1  -0.31381
10123701819933809058
6 2 4 2 -1  0.0797664
10124024782553171456
7 0 7 3 -1  0.00463839
10124070579358924921
7 1 7 2 -1  0.228768
10124658787914065498
7 0 0 0 -1  -0.135085
10124806750766187492
6 2 4 2 -1  -0.166772
10125131165424038674
6 6 3 3 -1  -0.185302
10125190836445156578
6 3 5 4 -1  0.0278128
10125377063464794361
4 2 5 0 -1  -0.430467
10125813611784082540
7 2 3 6 -1  0.729
10125890546476887380
7 0 7 4 -1  0.185302
10126102194795560443
0 7 1 6 -1  -0.228768
10126126440556964518
6 6 4 6 -1  -0.282429
10126205743102850748
5 4 4 3 -1  -0.59049
10126353767856733394
7 1 7 4 -1  0.254186
10126395387094635634
5 5 3 4 -1  0.0164232
10126498699649917360
6 3 4 5 -1  0.166772
10126608061567941238
3 1 2 2 -1  0.0797664
10126802991276125716
6 1 5 3 -1  -0.109419
10126990070805422937
7 6 5 6 -1  0.729
10127141337935625460
3 3 2 2 -1  0.729
10127250594370015963
7 5 7 2 -1  0.0646108
10127324382566094167
7 5 7 4 -1  -0.205891
10127365494593695974
7 5 4 2 -1  -0.430467
10127427559261361618
5 1 6 2 -1  0.0037571
10127679348376362975
7 4 6 3 -1  0.59049
10127729231149568390
7 5 7 4 -1  2.15147e-05
10127908638017133338
4 3 5 1 -1  0.0250315
10127910481993381696
6 0 5 0 -1  0.150095
10127962532082907600
5 2 4 0 -1  0.0278128
10128070315737781743
7 0 7 2 -1  0.0202755
10128115632657326542
6 4 4 6 -1  -0.59049
10128258570940939414
1 6 0 7 -1  -0.531441
10128366300927427160
6 3 5 4 -1  -0.121577
10128555794883871169
7 5 7 4 -1  -0.00463839
10128627039216895878
7 2 5 2 -1  -0.0886293
10128684645239373325
3 3 4 5 -1  0.0646108
10128778574943303369
6 0 5 0 -1  -0.0202755
10129105603172882768
6 4 6 3 -1  -0.0886293
10129810067488017852
7 3 6 4 -1  -0.0471013
10130107613818108788
4 1 3 1 -1  -0.531441
10130157625352707788
6 6 4 6 -1  0.0225284
10130197061381231706
5 5 5 1 -1  0.135085
10130416264268930832
5 1 4 2 -1  -0.31381
10130818366538013395
6 6 5 6 -1  -0.0170434
7 1 5 2 -1  0.000242749
10130904695088125607
5 5 4 7 -1  -0.0797664
10131020602130880442
4 2 5 1 -1  0.0886293
10131122251156487429
4 7 5 5 -1  0.0721886
10131470945657942088
5 5 4 4 -1  0.135085
10131747345694734203
5 7 4 5 -1  0.6561
10131826856394013145
7 5 6 6 -1  -0.81
10132006282735463597
4 2 3 3 -1  -0.31381
10132209319415491285
7 1 6 3 -1  0.000696197
10132429242850116139
7 5 6 4 -1  -0.018248
10132447917080953128
1 2 5 2 -1  0.6561
10132486995276824378
7 2 6 1 -1  -0.0147809
10132555971726678918
6 3 6 0 -1  -0.150095
10132557862116339338
3 1 2 3 -1  -0.228768
10132607962280035368
6 6 1 1 -1  0.228768
10132639521536787204
4 0 6 2 -1  0.9
10132643077195337808
7 5 7 4 -1  0.150095
10132729632901109050
5 4 6 4 -1  0.0133028
10132771393098225608
4 0 3 0 -1  -0.0797664
10132772361046278688
6 6 5 7 -1  0.0581497
10133045939840418628
2 5 1 5 -1  0.729
10133444112368109620
6 4 5 5 -1  0.00572641
10133722655293407901
6 2 4 2 -1  0.150095
10133726617754522224
5 7 5 3 -1  -0.228768
10133739992246851329
3 5 7 1 -1  -0.0202755
10133911964285131258
7 3 2 3 -1  0.0119725
10133997040662712782
6 1 3 4 -1  0.0717897
10134116698187854751
5 1 4 1 -1  0.135085
10134186536648825738
5 0 4 1 -1  -0.205891
10134324339234776878
4 7 3 7 -1  -0.0133028
10134330937916684519
5 5 7 6 -1  -0.150095
10134484344341766767
5 4 4 3 -1  0.0350862
5 5 4 7 -1  0.00161731
7 1 5 0 -1  0.0341769
10134526070980494174
5 0 0 5 -1  -0.0278128
10134560437684513904
3 5 4 7 -1  0.81
10134612026857488603
4 7 2 7 -1  -0.0423911
10134685707957090060
6 3 5 3 -1  -0.098477
10134818635372809692
6 3 7 4 -1  0.729
10134906150676898360
7 3 7 2 -1  0.729
10134996821930334091
7 6 5 5 -1  0.00825922
10135054012076051388
7 1 7 2 -1  0.478297
10135267457884601412
1 1 1 2 -1  -0.135085
10135378754679836675
7 2 6 1 -1  -0.00179701
10135421259226349751
4 3 3 3 -1  -0.0119725
10135452298143580538
5 5 6 3 -1  0.0119725
10135796621075116556
7 5 7 2 -1  -0.00515377
10135816873614275565
6 1 5 1 -1  -0.31381
10135879454309119889
7 4 5 4 -1  -0.0343368
10136081117119276079
6 7 5 6 -1  -0.000507528
10136086119718247347
7 5 7 4 -1  -0.0797664
10136366538889556635
5 1 4 1 -1  -0.254186
10136413341352503940
6 1 1 1 -1  0.6561
10136518286162275243
4 3 6 1 -1  0.0278128
10136757442593669265
3 0 5 2 -1  -0.0523347
10136857951291513022
5 7 4 6 -1  0.0309031
10136874820579357267
6 4 7 4 -1  -0.0225284
10136885387512271502
3 4 4 5 -1  -0.531441
10136965518816816393
5 4 4 6 -1  0.348678
10137069827518724455
7 5 7 4 -1  0.0423911
10137178797477425887
5 6 4 5 -1  0.348678
10137238961188279029
6 0 5 0 -1  0.59049
10137700102408002921
7 4 7 6 -1  0.00785516
10137714561961844058
1 1 0 0 -1  0.59049
10138143524067928160
7 3 4 3 -1  0.109419
10138159902164883054
5 0 4 2 -1  -0.038152
10138191196736775834
7 2 5 4 -1  -0.185302
10138239369958980631
7 3 6 2 -1  -0.109419
10138524011776713469
6 7 5 7 -1  8.46413e-05
10138689391213781801
5 3 6 5 -1  0.430467
10138782290634384373
4 6 2 6 -1  -0.59049
10138909065078835685
6 4 4 4 -1  0.0177198
7 6 5 5 -1  0.00443744
10138946086374239873
5 4 2 1 -1  0.00872795
10138954219004064371
5 7 0 2 -1  -0.121577
10138972025240364573
6 3 5 2 -1  0.121577
10139019603754785984
4 7 4 3 -1  -0.729
10139022118159208146
6 6 5 7 -1  0.0523347
10139143101074568817
0 7 3 7 -1  0.478297
10139277098407516268
3 6 2 7 -1  0.0581497
10139421506634136161
5 3 5 2 -1  0.59049
10139429744319026874
6 4 7 5 -1  0.150095
10139485952387007069
3 3 4 3 -1  0.729
10139567563626179427
5 5 6 3 -1  0.00785516
10139661449585141602
5 6 5 4 -1  0.0343368
10139959768278940405
6 3 4 1 -1  0.00179701
10140007035850309258
6 6 5 6 -1  0.729
10140314086663080158
2 3 2 6 -1  -0.205891
10140404233843148682
7 6 6 7 -1  0.0717897
10140695606863560853
7 3 6 3 -1  0.478297
10140879328317130128
4 7 1 4 -1  0.0646108
10140909286173263367
7 5 7 4 -1  -0.00246503
10140965815483582741
4 6 6 7 -1  -0.0107753
10141219074524627167
6 1 4 1 -1  -0.00199668
10141239986708574359
5 5 4 6 -1  0.0423911
10141450016134775599
5 5 3 6 -1  -0.098477
10141631816188040181
6 3 6 4 -1  0.31381
10141680808312007426
6 2 4 2 -1  -0.121577
10141957747254425988
3 6 5 7 -1  0.00246503
10141990710761826888
6 4 5 4 -1  -0.430467
10142056812158802278
6 6 5 6 -1  -0.0225284
10142066467826178069
5 5 3 3 -1  -0.0523347
10142232149510945628
5 5 4 6 -1  -0.31381
10142530100416300498
4 3 1 6 -1  -1
10142548714481597773
5 2 4 2 -1  -0.729
10142554521898598556
6 4 5 2 -1  -0.0147809
10142726477600884459
5 3 5 4 -1  0.0523347
10142840451563966998
7 4 7 6 -1  0.00029969
10142901774721845270
6 4 4 2 -1  0.0164232
10142927789554791517
7 3 7 0 -1  0.00572641
10142936183088139365
4 2 3 2 -1  0.81
10143033830172722297
6 4 7 3 -1  0.0717897
10143205167065455129
5 2 4 1 -1  -0.0278128
10143428283406804334
5 5 5 0 -1  -0.0309031
10143501874222683756
7 4 4 1 -1  0.430467
10143744164877301037
4 4 3 3 -1  0.205891
10143783344299502108
5 4 4 3 -1  0.00179701
10143829290869926553
6 0 6 1 -1  0.109419
10143934005867357904
6 2 5 2 -1  -0.0471013
10144108251371435228
2 2 1 2 -1  -0.254186
10144243050178248686
6 2 7 3 -1  0.59049
10144244680862685343
6 4 6 3 -1  0.478297
10144328558602829988
7 3 0 3 -1  0.31381
10144378256084983912
7 5 3 1 -1  0.00636268
10144560371291447099
4 1 4 5 -1  -0.59049
10144622187309111513
5 4 4 5 -1  -0.430467
10144781209280591323
6 5 7 4 -1  -0.282429
10144930336015795352
5 3 4 3 -1  -0.0581497
10145053803709541439
6 2 7 2 -1  0.0343368
10145114247690540330
6 3 4 2 -1  0.0309031
10145187656774888489
7 5 6 6 -1  -0.0309031
10145209811731641092
7 4 6 2 -1  0.38742
10145283021530529584
4 2 5 1 -1  0.00969773
5 2 6 4 -1  -0.0152093
6 0 5 0 -1  0.00375254
10145308212981416569
7 5 7 0 -1  0.31381
10145323821788778110
5 1 5 2 -1  0.430467
10145332227590643495
5 2 6 2 -1  0.0309031
10145554670068438588
4 2 3 3 -1  -0.0107607
10145569162294938941
7 4 5 6 -1  0.228768
10145570480647692378
6 6 5 6 -1  -0.0523347
10145635482928660484
7 6 7 7 -1  -0.166772
10145732610452330116
2 2 2 3 -1  -0.121577
10145786612281462455
6 6 3 6 -1  0.6561
10146003398669983131
7 4 6 5 -1  0.00463839
10146539691048844082
7 5 7 0 -1  0.255599
10146677686658296060
6 6 5 6 -1  0.205891
10146708518615263595
6 1 5 1 -1  -0.0164232
10146765277355163934
6 4 5 4 -1  -0.205891
10146862298229335543
5 0 4 0 -1  -0.000955003
10147019504864312623
6 0 1 0 -1  -0.31381
10147139490348538582
7 6 6 6 -1  0.135085
10147324556812631521
4 5 3 4 -1  0.098477
10147478100996434459
5 6 3 6 -1  -0.205891
10147676192959742774
5 6 6 7 -1  0.205891
10147748056441762274
3 3 2 2 -1  -0.531441
10147750240681023494
6 0 5 0 -1  0.729
10147901688069765114
0 2 3 5 -1  -0.729
10147924717139807994
6 5 4 5 -1  0.430467
10147963807194438123
5 2 4 4 -1  -0.0278128
10147972023084894303
6 5 4 5 -1  -0.348678
10148287236181244879
5 5 6 6 -1  0.729
10148487146140503787
6 3 4 4 -1  0.150095
10148563539747932009
6 3 5 5 -1  0.0471013
10148571308402704270
3 2 2 4 -1  0.150095
10148712381967473592
3 2 2 2 -1  0.109419
10148730560854085021
3 0 4 1 -1  0.109419
10148736295197143201
7 6 5 5 -1  -0.0107753
10148818124607692922
6 3 7 4 -1  0.0523347
10148890728997720457
3 5 4 5 -1  0.0523347
10149152763668791948
6 3 3 0 -1  0.0581497
10149163771610304970
6 5 5 4 -1  -0.0250315
10149235705981364004
1 0 1 1 -1  0.00145558
10149242739869214850
7 3 7 4 -1  0.282429
10149343328595488444
6 5 4 5 -1  0.59049
10149353631324402769
5 5 5 4 -1  -0.9
10149405775116124793
3 5 2 6 -1  -0.6561
10150021749467958579
6 1 5 1 -1  0.0278128
10150147970366094852
6 4 7 5 -1  0.098477
10150273604552045630
7 0 7 1 -1  0.0797664
10150602570830499430
6 6 5 6 -1  0.38742
10150732058155031081
7 4 3 0 -1  0.81
10150829504386770651
5 5 5 4 -1  0.6561
10150907456305300759
5 6 4 5 -1  -0.0523347
10151015022660811973
7 2 6 3 -1  -0.0119725
10151151253777714068
7 4 7 2 -1  -0.478297
10151203052813242018
6 2 6 3 -1  0.282429
10151209221884532220
7 0 7 1 -1  0.38742
10151320009564122344
6 5 4 5 -1  -0.0119725
10151411331645132310
7 0 7 2 -1  -0.282429
10151542832050839925
5 0 4 2 -1  0.00117902
10151660560014061014
0 6 1 5 -1  -0.9
10151730296515873130
4 4 3 4 -1  0.430467
10151783227314409734
6 2 4 2 -1  0.0886293
10151811250455399488
5 2 4 2 -1  -0.81
10152129547141228310
6 2 4 0 -1  0.018248
10152261875491067184
2 2 0 0 -1  0.0147809
10152421629652481341
4 7 4 0 -1  0.00636268
10152443704358119254
7 6 5 5 -1  0.00872795
10152455299547983603
4 2 6 4 -1  -0.430467
10152536854676935479
7 3 1 3 -1  -0.0343368
10152565382470061915
7 2 4 5 -1  0.282429
10152817400204528939
4 4 3 5 -1  -0.0717897
10153061934920594963
2 7 0 7 -1  -0.9
10153213194049349554
2 1 3 2 -1  -0.0471013
10153299045162633708
7 4 7 0 -1  -0.478297
10153434864501763800
4 0 3 0 -1  -0.166772
10153704990581315883
6 1 5 0 -1  0.0164232
10153781321421254107
7 7 5 7 -1  0.729
10154004790600393927
1 5 4 2 -1  0.729
10154054363084320559
6 3 5 3 -1  0.9
10154116439947408178
4 4 5 4 -1  -0.282429
10154220716093560337
6 3 7 1 -1  -0.0523347
10154246489026974820
7 3 6 3 -1  0.348678
10154300039093095888
5 0 4 1 -1  -0.0343368
10154544128667766995
1 7 3 5 -1  0.0278128
10154582901331435797
6 5 4 5 -1  -0.9
10154604188549614171
6 1 5 1 -1  0.166772
10154826199225864644
6 3 7 2 -1  -0.254186
10155045757995841246
7 4 3 4 -1  0.729
10155090337381722213
5 6 6 5 -1  0.348678
10155105842606806754
5 2 5 4 -1  -0.205891
10155220688656263650
6 0 4 0 -1  0.0423911
10155268724617904270
7 5 7 4 -1  -0.0646108
10155395862363493275
3 1 5 3 -1  -1
10155437127892137894
6 6 4 4 -1  -0.205891
10155813754397108816
5 3 5 2 -1  0.0147809
10155816207536302604
2 0 1 0 -1  0.31381
10155915389118771997
2 3 0 4 -1  0.38742
10156090140887531868
1 0 2 1 -1  0.729
10156273884966136319
4 2 2 4 -1  0.282429
10156422809547971085
7 3 6 2 -1  -0.0423911
10156479506421367446
2 2 4 2 -1  -0.000116106
10156673267459810577
6 7 4 5 -1  0.348678
10157618513483012887
3 3 5 5 -1  0.282429
10157889151972293959
5 3 4 3 -1  0.0278128
10158030798453886641
4 1 3 0 -1  -0.0037571
10158255356418667970
7 5 7 4 -1  0.0523347
10158463702491093879
7 3 4 3 -1  0.018248
10158507274368661340
6 7 5 7 -1  0.0225284
10158559606649019113
6 6 3 3 -1  -0.0646108
10158697205309577647
3 2 2 1 -1  9.40459e-05
10158818905235451183
5 1 7 2 -1  0.0797664
10158861196887651236
7 3 7 4 -1  0.430467
10158902064301541369
4 2 5 4 -1  0.205891
10159141145754659502
6 1 0 7 -1  0.6561
10159291315055375787
2 1 3 2 -1  0.000507528
10159408918858430266
5 1 7 2 -1  0.121577
10159610956679007022
7 2 6 1 -1  0.00145558
10159859804486927586
0 0 0 3 -1  0.38742
10159888915771717456
4 6 3 6 -1  0.59049
10159939496057777971
0 3 0 2 -1  0.9
10159951337633377357
1 0 2 0 -1  0.0471013
10160197424758799756
4 3 3 4 -1  0.00163794
10160279881755761229
1 5 3 4 -1  -0.478297
10160633534125220516
1 2 5 2 -1  -0.531441
10160656153307304129
5 5 2 2 -1  -0.121577
10160740389329855294
3 3 2 4 -1  -0.531441
10160771006393325206
5 3 4 4 -1  0.0343368
10161025295998102054
7 3 5 5 -1  0.0523347
10161116280657212061
1 1 2 3 -1  -0.38742
10161308384538972274
5 4 4 5 -1  0.38742
10161440392386368765
6 4 4 6 -1  0.0471013
10161521174178001911
7 2 3 6 -1  -0.0250315
10161537188974581476
6 2 4 2 -1  -0.0133028
10161628607781793929
7 5 6 5 -1  -0.109419
10161701876543026320
7 2 6 1 -1  -0.205891
10161938942929545419
6 2 0 2 -1  -0.729
10161958009053462381
7 6 6 5 -1  0.254186
10162081508643764811
6 4 5 4 -1  0.166772
10162086591732992840
4 4 3 4 -1  -0.81
10162144137512454204
6 2 5 2 -1  -0.81
10162162373262025635
7 4 5 4 -1  0.0523347
10162261040708481625
5 1 1 5 -1  -0.109419
10162436003781529804
7 1 6 3 -1  -0.00338139
10162445875568280749
1 6 2 6 -1  -0.59049
10162492919944181158
6 5 6 6 -1  0.430467
10162647291560628928
5 7 4 7 -1  0.186331
10162818989496285068
6 4 4 3 -1  0.0278128
10162854236746767715
4 6 3 6 -1  -0.59049
10162858544616365484
7 3 6 2 -1  0.109419
10163146416916266269
5 4 4 4 -1  -0.0523347
10163348816447869576
5 6 4 5 -1  0.6561
10163376945511278893
6 3 7 4 -1  0.38742
10163603326853169329
6 2 7 1 -1  0.098477
10164029697495289463
7 4 0 4 -1  0.098477
10164061014213057770
5 7 4 6 -1  -0.166772
10164080318896405680
7 4 5 4 -1  -0.729
10164179441780376579
7 4 3 4 -1  -1
10164370604706278438
5 4 4 3 -1  0.0250315
10164405475204610261
6 6 5 6 -1  -0.254186
10164410948468003742
6 5 5 5 -1  0.00131002
10164576794469815127
2 3 4 1 -1  -0.59049
10164607916529099686
3 6 2 4 -1  0.166772
10164878009322663654
3 4 4 5 -1  0.430467
10164889883792746726
5 1 4 0 -1  -0.0147809
10165021399488285978
7 5 7 4 -1  -0.478297
10165375023888400409
6 4 5 3 -1  0.59049
10165381700527880777
5 5 3 4 -1  0.0471013
10165504399352102192
7 2 3 6 -1  0.00463839
10165521428078708187
6 5 6 4 -1  0.0133028
10165965887096031847
3 3 1 5 -1  -0.478297
10166000423361506327
6 7 5 7 -1  -0.0309031
10166103229017092623
5 4 4 6 -1  0.282429
10166108705114189082
5 0 6 2 -1  0.0886293
10166216048539283721
5 1 3 2 -1  0.0646108
10166288203241189672
4 2 3 3 -1  -0.0305072
10166318693140626546
5 5 6 3 -1  0.0164232
10166517167548977975
7 1 7 2 -1  -0.430467
10166702520206444367
6 4 4 2 -1  0.185302
10166730015286096571
2 1 2 3 -1  -0.59049
10167084054507905981
3 4 1 3 -1  0.0147809
10167098536934451918
3 4 4 3 -1  0.0597662
10167130486570895967
3 7 3 6 -1  -0.729
10167256033452337646
6 5 4 5 -1  -0.0309031
10167514861078770158
2 4 3 4 -1  -0.9
10167666642919169471
6 3 7 1 -1  0.0581497
10167889796202657300
3 1 6 4 -1  -0.282429
10168082710937879448
5 3 4 2 -1  0.0147809
10168195134123145575
7 5 6 4 -1  0.0343368
10168218211496010686
7 3 5 5 -1  0.59049
10168310092920722481
7 2 5 4 -1  0.000456775
10168452463836437849
2 0 3 2 -1  -0.00199668
10168531447737230700
5 6 6 5 -1  0.00273892
10168648890261305932
4 7 3 7 -1  0.00872795
10168703169185503789
5 3 3 1 -1  -0.00872795
10168734601746406833
6 6 5 6 -1  0.109419
10169057219357235298
7 2 6 3 -1  0.0133028
10169160054451088303
5 2 7 2 -1  -0.0107753
10169289263064748187
7 0 0 0 -1  0.478297
10169300056028695650
5 6 6 5 -1  0.348678
10169389554474078285
6 3 4 2 -1  -0.0886293
10169442194127600556
5 5 3 4 -1  0.185302
10169556605517095806
7 0 7 2 -1  0.0523347
10169660210668577754
6 2 7 1 -1  -0.0581497
10169688573444642895
7 1 6 3 -1  0.0202755
10169771884133108010
2 7 1 7 -1  -0.0309031
10169951720908199886
7 6 7 0 -1  0.81
10170245827706153339
7 2 6 1 -1  0.0717897
10170251347433663539
4 5 3 6 -1  -0.228768
10170408327419138024
6 6 5 5 -1  -0.38742
10170487559638005139
0 2 1 2 -1  -0.109419
10170519861581839293
5 6 5 7 -1  -0.59049
10170566163948923763
4 5 3 5 -1  0.729
10170617109805996454
3 0 7 0 -1  -0.0225284
10170924969520220884
7 3 6 2 -1  0.0278128
10171255152821519389
1 2 3 3 -1  0.0309031
10171298826837737348
6 1 7 2 -1  0.038152
10171517952639971469
5 1 5 3 -1  0.59049
10171756108850401471
3 5 4 3 -1  0.430467
10171825234272987244
7 5 5 7 -1  0.282429
10172008028603820471
4 5 5 4 -1  0.121577
10172037595863322458
6 7 5 7 -1  0.81
10172198986209542807
5 7 4 7 -1  -0.531441
10172271663442947149
4 1 3 2 -1  -0.348678
10172345510468199535
3 1 4 2 -1  0.0309031
10172456318939237740
5 1 5 4 -1  0.000159268
10172596243081797413
5 0 5 1 -1  0.098477
10172727494696266314
1 2 1 5 -1  0.729
10172742978597243502
1 7 3 5 -1  0.531441
10172767374196501657
7 2 4 2 -1  0.0886293
10172788081200775023
5 1 6 2 -1  -0.0471013
10172985760380745582
6 0 5 0 -1  -0.478297
10173181565604592652
1 0 5 0 -1  -0.38742
10173251052989408878
4 4 3 3 -1  -0.348678
10173306052478961047
7 4 6 3 -1  0.0646108
10173378584901429761
6 3 5 2 -1  -6.07638e-06
10173413946183820398
5 6 3 5 -1  0.254186
10173476834914440890
5 6 4 6 -1  0.531441
10173697204135786026
7 2 6 4 -1  -0.121577
10173755569156009807
1 7 1 1 -1  -0.166772
10173990759527610492
7 3 6 3 -1  0.0717897
10174088986389968026
7 3 6 3 -1  0.00338139
10174225771116558339
5 1 7 3 -1  0.0343368
10174242970343761482
7 2 2 7 -1  0.150095
10174248000537672099
7 2 5 0 -1  0.00862872
10174364779667431264
6 4 7 5 -1  0.098477
10174577024527086397
4 4 3 3 -1  0.59049
10174785269135174404
7 6 0 6 -1  0.729
10174979302876654403
0 2 0 0 -1  0.59049
10175047967817045656
7 2 7 0 -1  -0.0343368
10175056037167724552
6 4 5 3 -1  0.0581497
10175194576853426561
0 0 0 2 -1  0.729
10175198034454778708
4 2 3 3 -1  0.00417455
7 1 5 2 -1  0.0655345
10175215248526293471
7 3 6 4 -1  0.00872795
10175281349998912992
6 1 3 4 -1  -0.531441
10175401160646139518
5 6 3 7 -1  0.00029969
10175637016213295662
7 3 5 1 -1  -0.0278128
10175988604097042594
6 6 7 5 -1  -0.254186
10176043187560111628
3 1 0 4 -1  -0.6561
10176055666036192438
4 6 3 7 -1  0.31381
10176358560537273909
6 6 4 6 -1  -0.185302
10176668838023740123
6 3 5 4 -1  0.6561
10176846971292521536
7 6 7 7 -1  0.098477
10176907767427484549
3 1 1 2 -1  -0.31381
10177023794620880961
3 4 5 3 -1  -0.228768
10177157589884939352
7 4 7 5 -1  0.729
10177265892612819769
0 2 2 2 -1  -0.228768
10177287239384687722
6 6 7 7 -1  0.122252
10177308016507302681
4 2 5 2 -1  0.0133028
10177396719209499785
5 5 7 3 -1  0.098477
10177468628065470417
6 4 5 6 -1  0.000269721
10177552196536057295
7 2 6 2 -1  -0.6561
10177591667774955353
6 7 5 7 -1  0.109419
10177695094879474865
7 6 6 6 -1  0.478297
10177916591635107093
7 3 7 2 -1  -0.0797664
10178057029377478821
6 4 5 4 -1  0.205891
10178104429333614225
5 4 4 4 -1  -0.0797664
10178141081692637907
7 5 6 4 -1  0.0164232
10178151212566385483
3 4 2 2 -1  -0.0119725
10178168385648126836
3 0 2 0 -1  -0.729
10178436788560542364
1 3 6 3 -1  -0.254186
10178437911329335812
6 1 5 1 -1  0.098477
10178501496740915829
6 3 5 3 -1  0.81
10178531735884871835
4 7 3 7 -1  0.729
10178594493988921332
5 6 7 7 -1  0.430467
10179017144718013920
7 0 7 2 -1  -0.0147809
10179431306597544964
5 6 4 7 -1  -0.00420909
10179468039714827914
6 3 3 3 -1  -0.6561
10179500050865938752
7 0 7 3 -1  -0.0523347
10179535606315128359
6 5 4 5 -1  0.150095
10179630483155895101
6 5 5 6 -1  0.00221853
10179832921983508430
4 2 2 3 -1  0.121577
10179936828475915347
5 5 4 3 -1  0.38742
10179960065713626772
6 3 5 3 -1  0.0225284
10180214109777762433
4 7 3 6 -1  0.0646108
10180412842381870335
7 2 6 3 -1  -0.098477
10180426713102707717
5 5 4 7 -1  -0.0278128
10180431901849040116
6 3 5 3 -1  0.31381
10180479018347708797
5 7 4 7 -1  -0.228768
10180535701833654880
5 1 4 1 -1  0.228768
10180711488680502194
7 5 7 6 -1  -0.150095
10181176702074731847
1 5 1 2 -1  -0.6561
10181273819409855292
5 2 5 6 -1  0.0581497
10181400128185857248
7 0 7 4 -1  0.121577
10181536304400279378
0 0 2 0 -1  0.38742
10181639669293895344
2 4 2 5 -1  0.0278128
10181685630966166944
5 1 3 2 -1  0.185302
10181856573706813266
7 5 7 1 -1  0.166772
10181956812609779907
5 6 4 7 -1  -0.531441
10181994114227847859
5 5 3 4 -1  -0.0225284
10182188060447018685
4 3 5 5 -1  0.00338139
10182202803455727737
5 5 4 5 -1  0.0886293
10182302317691805815
3 2 5 1 -1  0.185302
10182441576064525489
4 3 3 5 -1  -0.430467
10182524091011244763
6 2 4 2 -1  -0.038152
10182672057884831048
6 6 5 6 -1  0.166772
10182993141797294093
5 5 4 3 -1  -0.0523347
10183017378028953823
7 2 7 4 -1  0.38742
10183082661734277981
6 3 5 4 -1  0.185302
10183083680314505684
7 3 6 2 -1  0.00273892
10183186940148311107
1 3 1 7 -1  -0.150095
10183338613394948271
5 5 4 5 -1  -0.38742
10183448382311095892
4 4 3 5 -1  -0.228768
10183599069856631065
7 2 6 1 -1  -0.0581497
10183653165705868663
6 3 4 2 -1  0.038152
10183678880260037489
6 0 5 0 -1  0.135085
10183816563290504307
7 3 6 2 -1  0.00872795
10184565945974137468
5 4 3 2 -1  -0.0250315
10184582586828245951
3 3 5 5 -1  0.430467
10184812385424717801
6 3 4 3 -1  -0.478297
10185235281029072244
5 2 4 2 -1  0.150095
10185776509360395572
5 5 5 2 -1  0.81
10185860474135667196
5 7 4 6 -1  0.282429
10185918574877431352
2 5 4 3 -1  0.531441
10185994306384050414
6 7 5 7 -1  0.150095
10186073666904637400
6 6 5 5 -1  0.00706964
10186186445762536723
2 2 1 4 -1  -0.135085
10186206353732400707
6 3 5 3 -1  0.0523347
10186263069037553687
7 4 7 6 -1  0.00463839
10186328418275581828
6 4 5 6 -1  -0.038152
10186331468328098058
3 4 5 5 -1  -0.00056392
10186883791403663982
3 5 4 7 -1  0.018248
10186993928629317127
3 6 5 7 -1  -0.121577
10187176832425877809
7 3 0 3 -1  0.81
10187197483740750131
5 1 4 1 -1  0.00161731
10187364369946156086
7 6 7 5 -1  0.121577
10187688310702151407
7 6 6 6 -1  -0.0164232
10187962937759325349
6 7 5 7 -1  -0.0225284
10188271821297200594
7 6 5 5 -1  -0.0646108
10188548897939359174
4 1 4 0 -1  0.00131002
10188658431237495068
4 7 2 6 -1  -0.166772
10188735105197742484
7 0 7 2 -1  -0.0797664
10188745367255787909
3 6 1 7 -1  -1
10188933688846876065
5 5 4 4 -1  0.31381
10188962719766809602
5 7 4 7 -1  0.9
10189134801727997124
4 0 3 0 -1  -0.0250315
10189142600941943150
5 3 4 3 -1  0.228768
10189157043290509860
1 0 2 0 -1  0.0646108
10189296326858868586
4 3 3 2 -1  -0.0225284
10189383914921579852
6 0 5 0 -1  0.0797664
10189529712636112889
6 1 6 0 -1  0.0717897
10189598631542781244
7 6 6 6 -1  0.81
10189627548017893182
6 4 5 4 -1  0.00872795
10189718228859849113
2 3 1 3 -1  0.282429
10189772135584521288
4 2 2 4 -1  -0.0423911
10189812223931563151
1 1 3 2 -1  -0.228768
10189819796583458099
6 1 3 4 -1  -0.6561
10190171740463179997
5 0 5 1 -1  -0.00417455
10190334855175370145
7 6 5 5 -1  0.00382419
10190489885125078862
5 4 4 3 -1  0.478297
10190560238762928575
7 1 7 2 -1  0.098477
10190942783610390379
7 3 6 3 -1  0.00872795
10191001295081492124
4 4 3 2 -1  0.0886293
10191299704198598609
5 3 4 2 -1  0.228768
10191337635261794041
6 7 5 7 -1  0.0717897
10191427812650793598
6 7 5 6 -1  -0.00969773
10191481458847694591
1 1 1 2 -1  0.150095
10191493105702854958
6 7 7 6 -1  -0.348678
10191630592378596521
5 6 4 5 -1  -0.282429
10191793842596042225
7 1 0 1 -1  0.31381
10191797405489616988
6 7 7 5 -1  -0.000773553
10192024264151289966
6 7 4 7 -1  0.0250315
10192109341934523529
7 1 6 0 -1  0.59049
10192250448024694761
7 7 6 7 -1  0.38742
10192371705327945073
4 0 3 1 -1  -0.0309031
10192603960916511096
6 0 5 0 -1  0.228768
10192791870645932212
5 5 3 4 -1  0.185302
10193010673893686658
6 1 4 1 -1  -0.0886293
10193017015355772964
5 7 4 6 -1  0.59049
10193108274441850164
6 0 5 0 -1  0.478297
10193180153678057666
6 0 5 0 -1  0.0797664
10193385147005071394
4 5 3 5 -1  0.478297
10193392777823888614
7 5 7 2 -1  0.0581497
10193430293569955348
5 4 2 7 -1  -0.0797664
10193541984468594969
5 3 4 4 -1  -0.0423911
10193571606975635371
7 3 7 6 -1  0.0343368
10193744547757137970
3 1 3 2 -1  0.018248
10193877602526762426
5 2 4 2 -1  0.0309031
10193948475104233271
4 3 3 4 -1  -0.135085
10194064926635660946
4 6 3 6 -1  0.00117902
10194182966584591955
5 3 4 2 -1  -0.00872795
10194256487296236843
4 4 3 4 -1  0.59049
10194430023813434376
3 5 3 3 -1  0.531441
10194430750832988016
6 5 5 5 -1  0.00969773
10194599068105548419
1 6 1 1 -1  -0.282429
10194657900653427280
5 0 7 2 -1  0.135085
10194836221735613950
2 1 0 1 -1  0.31381
10195089420375165244
7 3 7 2 -1  0.59049
10195601895965508637
6 6 7 6 -1  0.531441
10195849781383723339
6 7 7 6 -1  0.531441
10195882404798717951
4 3 5 1 -1  0.0202755
10196033507675112780
5 5 6 3 -1  0.00872795
10196153533560361150
3 0 1 2 -1  0.81
10196221782977723889
6 5 4 5 -1  0.430467
10196510508837624238
4 4 3 3 -1  -0.0523347
10196649714440186805
7 3 7 5 -1  -0.150095
10196844998805094155
5 3 5 2 -1  -0.729
10196977421648013082
3 1 2 0 -1  -1
10197234908407485226
5 4 3 2 -1  -0.0581497
10197281368361326340
2 2 1 2 -1  0.9
10197292608805109986
7 4 7 3 -1  0.000269721
10197301909849063712
1 1 3 1 -1  0.00572641
10197403987262207386
4 4 3 6 -1  0.000955003
10197461651859991787
1 1 3 2 -1  0.00785516
10197483992241329055
5 4 4 3 -1  -0.00117902
10197503046888769858
7 2 6 2 -1  0.205891
10197529928835547608
3 1 1 3 -1  0.0581497
10197656173791308651
7 1 6 1 -1  -0.0250315
10197664440141988237
7 2 5 4 -1  0.0164232
10197671893860600787
3 1 4 3 -1  0.0107753
10197846636445367028
3 1 4 0 -1  0.121577
10197997140790398665
3 6 2 5 -1  -0.0202755
10198147805669384551
4 0 3 0 -1  0.6561
10198167184325885686
7 5 1 5 -1  -0.729
10198203791122539852
7 2 7 5 -1  0.0471013
10198221028972082305
1 5 2 5 -1  0.166772
10198303584269468253
6 5 4 5 -1  -0.478297
10198865677192251240
4 5 3 4 -1  -0.0581497
10199247943770303738
0 7 0 6 -1  -0.9
10199277746678589377
7 2 5 2 -1  -0.81
10199304464612147542
3 6 5 6 -1  -0.729
10199397248499751852
6 2 3 5 -1  -0.0523347
10199438935997064346
5 2 3 1 -1  0.0278128
10199536818882454692
1 5 1 0 -1  -0.729
10199567580557595996
7 2 3 6 -1  0.135085
10199575380012781519
6 5 5 4 -1  0.228768
10199641391702205550
7 3 5 1 -1  0.0225284
10199933015895609901
5 4 6 4 -1  0.0133028
10200014634960668882
3 3 4 2 -1  0.0250315
10200020678060389668
6 5 5 4 -1  -0.185302
10200045081678238362
4 2 3 3 -1  0.150095
10200077304333272127
7 2 5 2 -1  0.0523347
10200419367754874395
6 6 5 6 -1  -0.729
10200426738961823533
6 6 5 5 -1  0.254186
10200438613523115232
5 5 6 5 -1  0.9
10200626236690671220
5 5 3 3 -1  -0.282429
10200639540844530311
4 4 6 2 -1  0.254186
10200744017198346479
6 3 0 3 -1  0.0797664
10200900532800783571
0 1 0 5 -1  0.166772
10201072572855040344
5 4 5 3 -1  0.098477
10201287367145377818
6 2 6 3 -1  0.81
10201786458154045779
6 4 4 4 -1  0.31381
10201816314731612773
5 5 4 5 -1  -0.0309031
10201852525881537340
7 4 7 3 -1  0.038152
10202104544645476832
6 6 5 7 -1  -0.348678
10202121637852135089
7 3 6 4 -1  0.135085
10202150175793215013
2 3 1 3 -1  -0.185302
10202257986160879746
6 3 5 3 -1  -0.0288631
10202283783023100270
7 1 6 1 -1  -0.121577
10202423569450491230
4 3 3 1 -1  -0.0581497
10202516948598904221
5 3 3 1 -1  0.00785516
10202651296191623583
4 4 2 2 -1  -0.59049
10202719369352924617
7 1 6 3 -1  -0.0107753
10202726057215183835
7 5 7 2 -1  -0.0886293
10202842250365105223
7 0 0 0 -1  0.109419
10202870817453765345
7 2 6 1 -1  0.59049
10202884164530366134
1 3 0 3 -1  -0.0523347
10202970900613772118
7 6 6 4 -1  0.00273892
10203033015012449324
5 2 2 2 -1  0.282429
10203092371322860168
7 6 5 6 -1  0.430467
10203285613733292429
4 2 6 4 -1  0.185302
10203487129868412254
7 1 0 1 -1  0.0523347
10203594351028183136
7 7 6 7 -1  0.9
10203637152435086606
6 3 3 6 -1  -0.38742
10203781444152825182
3 0 4 0 -1  0.0717897
10204281552905902664
6 2 4 2 -1  -0.0250315
6 3 5 3 -1  -0.00757543
7 1 5 2 -1  0.0202755
10204370593021335728
5 4 3 5 -1  0.0797664
10204681715666764530
4 6 3 7 -1  0.00221853
10204869090920410114
3 6 2 6 -1  -0.59049
10204920192731150861
5 7 3 5 -1  -0.254186
10204928449535705404
0 1 2 2 -1  0.205891
10204983339097871257
3 1 6 4 -1  0.135085
10205164585206656587
4 5 3 5 -1  -0.430467
10205214821074385404
5 3 5 6 -1  -0.0523347
10205471137201685272
7 3 4 3 -1  -0.000269721
10205963647541375242
7 0 7 2 -1  -0.0147809
10206151883085382246
5 2 4 1 -1  0.150095
10206213115355996412
6 3 4 1 -1  0.228768
10206366224186807922
7 0 2 5 -1  0.9
10206684956125028386
6 6 5 7 -1  0.729
10206737453004295126
7 3 6 3 -1  0.00706964
10206866078875521711
5 5 7 4 -1  0.0164232
10206971685589582609
6 5 5 4 -1  0.6561
10207328952142286813
4 3 3 2 -1  0.00246806
6 6 5 6 -1  0.0581497
7 2 4 5 -1  0.00741292
10207573132074322848
6 0 6 1 -1  0.0886293
10207774031109337124
7 2 5 2 -1  0.59049
10207853003072260201
6 4 5 2 -1  0.000859503
10208076244920662878
0 4 0 7 -1  0.6561
10208127897573082412
4 3 3 3 -1  0.109419
10208329531123097912
4 5 3 3 -1  -0.59049
10208687265496210661
6 6 5 7 -1  0.185302
10208735387178399593
3 4 4 6 -1  -0.0309031
10208785110458996879
5 2 4 2 -1  0.282429
10208912285418688289
3 2 2 1 -1  -0.0717897
10209107124395455333
4 2 6 0 -1  0.0250315
10209319615041136172
6 3 7 4 -1  0.0423911
10209488634120098406
0 3 0 4 -1  -0.9
10209667538377451589
4 6 3 6 -1  0.729
10209713937331417816
7 6 6 7 -1  0.0423911
10209754782047255676
7 4 7 2 -1  -0.0119725
10209853469667872218
6 3 5 3 -1  0.0278128
10209897303400565406
6 6 2 6 -1  -0.9
10210042079843865798
7 5 7 0 -1  0.0309031
10210147386325178910
5 1 4 2 -1  0.81
10210467275375415873
4 7 5 6 -1  0.00338139
10210576487128240542
7 2 3 2 -1  -0.098477
10210676306071296219
6 5 5 5 -1  0.729
10210749554453972118
1 3 1 4 -1  0.185302
10210923633196775577
7 4 0 4 -1  0.0423911
10211152910831348635
5 2 4 3 -1  0.348678
10211187977323516175
7 5 6 5 -1  0.0164232
10211393371984045435
6 4 5 3 -1  0.166772
10211423144344623705
4 5 4 6 -1  0.59049
10211730963123875137
6 3 5 3 -1  -0.9
10211751661950423210
6 2 4 2 -1  -0.0136884
10211950396029969268
6 2 6 4 -1  0.0423911
10212006426669680296
3 2 4 0 -1  0.9
10212019551412730503
7 1 7 2 -1  -0.0797664
10212078205115887267
0 6 0 5 -1  0.0250315
10212091726985345331
6 3 7 3 -1  0.729
10212120807522679066
4 4 3 5 -1  -0.0471013
10212177366936534947
7 0 7 1 -1  0.00463839
10212464135944889599
5 3 4 3 -1  0.150095
10212499226101112775
7 3 7 2 -1  0.000369988
10212510681188693199
6 1 4 1 -1  0.00304325
10212744674920285845
4 4 3 5 -1  -0.0225284
10212799440278434861
5 5 4 3 -1  -0.000507528
10212912805194366859
7 5 7 4 -1  -0.430467
10212934218725700805
6 5 5 5 -1  0.0119725
10212980869320893792
7 5 7 3 -1  0.018248
10213037276276951072
2 7 1 6 -1  0.282429
10213089084802750187
2 7 2 6 -1  0.166772
10213161542604135649
5 5 3 4 -1  -0.150095
10213277826081658520
6 7 4 7 -1  -0.729
10213367846086933345
1 0 1 1 -1  -0.0250315
10213430603706309261
6 4 4 3 -1  0.109419
10213518750934954674
6 5 7 4 -1  0.81
10213616678010542330
1 1 1 2 -1  0.531441
10214097487057356970
5 5 6 3 -1  -0.00572641
10214361675361866227
5 2 6 1 -1  0.6561
10214414650673382194
4 2 3 2 -1  -0.0225284
10215051256575857792
6 7 5 7 -1  0.00636268
10215126682301835422
6 3 7 4 -1  -0.0147809
10215185107831403815
6 1 5 2 -1  0.098477
10215407539186396265
2 5 4 4 -1  0.254186
10215577709221467517
5 3 3 4 -1  0.00515377
10215598136817867446
3 1 4 2 -1  0.00636268
10215628800623602391
7 2 5 2 -1  -0.00463839
10215630619005685060
7 3 7 4 -1  -0.31381
10215682989359477216
7 3 7 2 -1  0.0471013
10215889878328041634
7 0 6 0 -1  0.531441
10216009127811513713
6 1 5 1 -1  -0.0423911
7 5 7 3 -1  0.000604455
10216019518405234225
3 1 0 4 -1  0.254186
10216020555352909245
4 0 6 0 -1  0.729
10216107207504377409
6 6 6 5 -1  0.121577
10216185109288155259
6 4 0 4 -1  0.478297
10216346472112060694
6 4 5 3 -1  -0.0886293
10216433789459255290
1 1 1 3 -1  -0.150095
10216619347211606044
7 5 7 4 -1  0.205891
10216630284655574392
7 1 5 2 -1  0.0164232
10216740659023998191
7 0 7 2 -1  0.00785516
10216771033078787782
5 7 4 7 -1  0.9
10216980022857749418
3 4 2 2 -1  -0.0278128
10217214110538122774
4 0 3 1 -1  0.166772
10217549673150649739
6 4 5 6 -1  0.00304325
10217586690243142275
5 2 3 3 -1  -0.150095
10217647500831982532
6 6 5 6 -1  0.00221853
10217808533734996302
6 4 7 3 -1  0.228768
10217935402750520498
6 1 5 2 -1  0.0309031
10218026680185814546
6 6 3 3 -1  -0.9
10218256790108005281
7 5 6 5 -1  0.0037571
10218424346385446102
7 2 3 6 -1  -0.00145558
10218461693611528118
4 2 2 3 -1  0.0164232
10218488185496860070
3 4 5 3 -1  0.0202755
10218505807352693529
4 3 3 3 -1  0.0797664
10218508504958980712
5 5 4 5 -1  -0.135085
10218518178607378297
5 5 3 4 -1  -0.0147809
10218691207970164875
7 3 4 3 -1  0.205891
10218953479796093674
5 5 4 4 -1  -0.185302
10219042277341708791
6 2 6 3 -1  0.478297
10219050262697000480
5 4 5 3 -1  0.729
10219101192815566643
0 2 0 1 -1  -0.348678
10219343230944287292
5 1 3 2 -1  0.00785516
10219539839521428322
3 2 2 3 -1  -0.282429
10219663092790541624
7 4 7 6 -1  -0.0797664
10219793317694345598
7 4 7 6 -1  0.00969773
10219826434540336497
6 4 5 4 -1  -0.00706964
10220371965263644890
5 5 5 4 -1  0.9
10220640501252759845
3 1 2 0 -1  0.0147809
10220695998719713183
4 4 5 2 -1  -0.81
10220838383503309216
3 2 7 2 -1  -0.0581497
10220852076107694994
6 3 3 0 -1  0.0278128
10221137109774910968
4 5 3 6 -1  -0.6561
10221151949556204966
1 0 2 1 -1  -0.282429
10221255346130692087
3 7 1 5 -1  -0.6561
10221404227019922192
4 4 3 4 -1  -0.0797664
10221462208009044826
6 3 6 2 -1  0.430467
10221817406233468240
6 3 4 2 -1  0.0717897
10222801590322637577
5 0 3 2 -1  0.430467
10222808578125618477
6 3 5 3 -1  0.81
10223075345755612576
2 4 4 2 -1  0.254186
10223234967580733313
7 5 7 4 -1  0.0471013
10223439438186233543
7 5 6 6 -1  -0.038152
10223629973309155056
3 0 3 4 -1  -0.185302
10223653277746552583
7 5 6 6 -1  0.0250315
10223706993507370318
6 4 5 4 -1  -0.0343368
7 1 6 3 -1  0.0423911
10223769652123120318
7 6 6 6 -1  0.0523347
10223919862127790406
3 3 2 4 -1  -0.0523347
10224156493468498775
7 2 5 0 -1  0.0164232
10224187283329296700
5 7 4 6 -1  0.00246503
10224327027991634240
6 4 4 3 -1  -0.0133028
10224663430326463005
3 4 2 2 -1  -0.135085
10224694828413545530
5 3 7 4 -1  0.38742
10224764168893125108
5 6 4 5 -1  -0.531441
10224857476528765613
6 3 5 3 -1  0.0338448
10225032741598963397
7 6 7 5 -1  -0.205891
10225226298148364895
5 3 4 4 -1  0.00463839
10225299007386070417
4 2 3 1 -1  0.59049
10225314297959021145
5 4 4 3 -1  0.430467
10225611097427757047
0 2 2 2 -1  0.31381
10225642883417233667
7 4 7 0 -1  0.0523347
10225696424083622348
6 6 5 5 -1  0.0797664
10225742842660451389
6 4 5 3 -1  0.430467
10225746303626501353
2 2 1 1 -1  0.6561
10225774867151702458
5 4 4 3 -1  -0.0107753
10226241959519307680
6 3 5 2 -1  0.166772
10226355577654660597
7 6 5 5 -1  0.109419
10226380349111445847
7 4 7 3 -1  0.166772
10226522650886624174
6 4 5 3 -1  -0.00463839
10226555899516159597
7 0 7 1 -1  0.31381
10226972593129715772
5 6 4 5 -1  -0.0471013
10226995973415725150
6 6 5 6 -1  0.0119725
10227014588405903307
7 5 6 5 -1  0.0523347
10227024399743493770
3 4 3 7 -1  -0.0309031
10227091838490641124
7 2 7 0 -1  -0.0202755
10227289331008154394
6 5 7 5 -1  0.531441
10227517529070943046
3 6 2 5 -1  -0.0471013
10227729512553155446
7 1 4 1 -1  -0.098477
10227919161782350826
6 7 4 7 -1  0.00572641
10228287863328379945
7 3 1 3 -1  -0.430467
10228364447255977967
4 3 3 3 -1  0.254186
10228488089493785009
5 2 4 0 -1  -1
10228507124142871024
7 2 6 1 -1  0.31381
10228918655119300475
7 5 6 6 -1  0.0202755
10228951968436447285
7 5 6 6 -1  -0.531441
10229039947074050094
5 4 4 3 -1  0.0581497
10229087574171417601
7 6 7 5 -1  -0.00463839
10229114838195447205
3 4 5 3 -1  0.9
10229121812220450736
6 2 6 1 -1  0.038152
10229122417298949794
5 4 4 4 -1  -0.0343368
10229313671171966337
4 6 5 6 -1  -0.166772
10229349321749268637
6 0 6 3 -1  -0.135085
10229350970887699445
5 5 4 5 -1  0.0886293
10229383092062493667
1 2 2 2 -1  0.531441
10229449572360178427
6 2 7 3 -1  -0.254186
6 3 6 4 -1  -0.31381
10229471013602462116
3 2 6 5 -1  0.098477
10229659590275775174
7 2 4 5 -1  0.150095
10229736314647832284
4 5 3 4 -1  0.0250315
10230013359540439559
3 7 4 7 -1  -0.282429
10230117392743192345
7 2 5 4 -1  -0.135085
10230262305660964739
4 5 5 6 -1  0.348678
10230311595275476889
7 0 7 2 -1  0.0797664
10230621668515500618
6 4 6 2 -1  -0.31381
10230684534088373217
5 5 6 3 -1  -0.0581497
10231102433350130474
5 6 4 6 -1  -0.121577
10231131082228494938
7 6 7 0 -1  0.205891
10231389309737580566
5 7 4 7 -1  -1
10231453101962323845
6 4 6 3 -1  -0.109419
10232066375135884155
3 4 1 5 -1  -1
10232119590861427390
3 5 2 6 -1  0.81
10232235129250737701
7 0 7 1 -1  -0.0225284
10232298617437433505
4 6 6 4 -1  0.348678
10232349832091673345
4 5 7 2 -1  -0.729
10232373776961293516
6 1 5 0 -1  0.228768
10232543143025630722
6 6 3 3 -1  -0.0225284
10232775545982030594
5 6 6 5 -1  0.38742
10232925817241185127
7 2 7 1 -1  0.00969773
10233121724503026997
7 4 5 4 -1  0.430467
