13729302530071917799
5 1 4 3 -1  -0.0119725
13729389720730011744
4 1 6 3 -1  -0.0250315
13729640558593572517
0 3 1 2 -1  0.228768
13729665682639899215
5 3 5 0 -1  -0.31381
13729775901762976212
3 6 3 5 -1  -0.150095
13729791323307484330
1 0 3 0 -1  -0.038152
1 4 3 4 -1  0.0133028
13729828444970453805
2 6 3 6 -1  0.205891
13730335601436922840
3 4 1 5 -1  -0.0225284
13730706154847461319
3 4 4 4 -1  -0.59049
13730917217743631156
1 5 3 5 -1  -0.166772
13731467260533098401
3 7 4 5 -1  -0.000332989
13731468662082342722
0 6 0 7 -1  -0.018248
13731494953686995373
1 3 2 4 -1  -0.121577
13731602798717362152
0 7 3 7 -1  0.185302
13731860051269824813
0 6 0 5 -1  -0.205891
13731971988687231853
2 3 1 4 -1  0.205891
13732028942508290892
3 5 4 5 -1  -0.81
13732160676165997436
3 5 2 3 -1  0.098477
13732247929542130041
2 7 4 5 -1  -0.135085
13732256984988474173
2 4 3 3 -1  -0.185302
13732298830578368142
0 6 0 5 -1  0.348678
13732450256661136100
1 2 2 4 -1  0.282429
13732461575236708995
2 3 2 2 -1  -0.59049
13732528792600765850
1 0 2 2 -1  0.0250315
13732612570647449863
0 3 3 3 -1  -0.0278128
13732861601214670682
5 7 5 2 -1  -0.9
13732877626116083342
3 0 4 1 -1  -0.0523347
13733279396431301303
1 4 1 3 -1  -0.282429
13733336554133105597
3 3 4 3 -1  0.00463839
13733360241333940782
6 0 7 0 -1  -0.59049
13733418098069006738
1 6 0 5 -1  0.00872795
13733478134320217188
3 3 1 4 -1  -0.205891
13733507752963329999
3 2 4 2 -1  0.228768
13733672498331823435
2 6 1 5 -1  0.478297
13733706905721082071
2 6 2 4 -1  0.150095
13733979833898638238
0 3 1 3 -1  0.150095
13734114848260503855
1 6 2 5 -1  0.0471013
13734773482798795783
4 6 2 4 -1  -0.00969773
13734816570934140392
5 1 4 3 -1  -0.0646108
13735007899989890509
0 6 0 7 -1  -0.150095
13735098886303899217
0 0 0 2 -1  -9.40459e-05
13735249267019452713
3 4 1 5 -1  0.729
13735308723343736544
3 1 4 1 -1  -0.135085
13735380066920880078
4 5 6 4 -1  -0.0646108
13735496814578415654
0 2 3 2 -1  -0.0717897
13735815233811184054
0 5 2 3 -1  -0.166772
13735818770733015084
0 5 0 4 -1  -0.098477
13735868385820264163
1 7 2 7 -1  -0.228768
13736247274220642537
0 4 2 4 -1  -0.531441
13736255483482086965
1 1 2 1 -1  0.166772
13736489655311175641
3 4 4 5 -1  0.6561
13736511361204637082
2 2 4 3 -1  0.0471013
13736720302167351543
5 2 6 1 -1  -0.000773553
13736944299748869652
0 1 2 2 -1  -0.0250315
13737749441764193256
4 4 5 4 -1  -0.121577
13737957360230050149
3 3 3 4 -1  -0.31381
13737987963346032949
2 4 4 6 -1  -0.0717897
13738269122904365906
1 7 1 6 -1  0.31381
13738584653097805825
3 4 2 6 -1  -0.38742
13738706538364564483
7 2 7 7 -1  -0.348678
13738711142725722926
2 2 4 3 -1  0.0225284
13738806175190750293
5 4 4 4 -1  -0.109419
13738961487480025874
1 2 3 1 -1  -0.478297
13739297088303503015
2 5 3 5 -1  -0.0886293
13739471184919567731
7 3 7 7 -1  -0.0309031
13739524726243310852
1 2 2 2 -1  -0.0107753
13739545913831146022
0 1 6 1 -1  -0.531441
13739628251249679303
2 2 4 1 -1  -0.0646108
13739695016663270492
5 1 7 1 -1  0.59049
13740060929946498908
0 2 0 4 -1  -0.430467
13740181046708425727
0 5 2 3 -1  -0.0343368
13740232901385448305
2 6 2 7 -1  0.0471013
13740259974219209643
1 7 2 6 -1  0.430467
13740294137946469526
0 1 2 2 -1  0.00131404
0 3 1 2 -1  -0.0218506
13740527592895943536
3 4 4 5 -1  -0.121577
13740773780889652204
3 1 4 1 -1  -0.166772
13741018587206637105
2 1 3 0 -1  -0.166772
13741125007327583692
2 3 4 3 -1  0.109419
13741273612595848591
3 3 5 2 -1  0.0164232
13741286459293080708
2 0 2 2 -1  -0.0717897
13741341748652803488
7 4 7 6 -1  -0.729
13741628223612070989
3 6 4 5 -1  -0.729
13741742820010748528
0 1 2 2 -1  -0.00221853
13742174248443407424
0 1 1 3 -1  0.0343368
13742294616253246649
1 6 2 5 -1  -0.205891
13742375621988801562
1 1 2 0 -1  -0.348678
13742433328443091797
3 1 4 0 -1  0.0343368
13742609904287728072
0 2 4 6 -1  -0.000696197
13742653695013324187
3 3 4 2 -1  -0.228768
13742873978507638736
2 2 3 3 -1  -0.0133028
13742889101913761481
2 5 3 4 -1  -0.00872795
13742974034403543148
2 2 3 2 -1  -0.228768
13743161500684330535
1 3 2 5 -1  0.348678
13743339615918240892
1 4 2 4 -1  -0.00872795
13743751509815406878
2 4 1 3 -1  0.150095
13743814918152826689
0 4 0 7 -1  0.31381
13743996078125843999
6 4 4 6 -1  -0.59049
13744006949457223863
2 6 1 4 -1  0.121577
13744012877183113875
0 0 2 0 -1  -0.254186
13744026478895302445
0 3 3 0 -1  0.018248
13744104050118825476
0 2 3 2 -1  0.531441
13744186038879780196
5 2 7 3 -1  -0.348678
13744208669841333070
3 6 3 4 -1  0.0471013
13744217630360460617
0 6 1 7 -1  -0.348678
13744514451066287822
2 6 6 2 -1  -0.121577
13744699074316099403
2 5 3 3 -1  -0.729
13744706782307633561
1 3 0 3 -1  -0.282429
13744712426307239430
0 4 0 6 -1  -0.0523347
13744732193480839429
0 2 3 5 -1  0.430467
13745180278141052898
4 4 6 3 -1  -0.0581497
13745374734939292875
1 1 2 1 -1  -0.00572641
13745476265593143675
1 0 2 0 -1  -0.0886293
13745516124990468012
2 5 3 5 -1  0.0646108
13745647056858464615
3 5 1 3 -1  -0.166772
13745657486756312751
0 2 1 3 -1  0.098477
13745688560467814328
0 2 3 5 -1  -0.00304325
13745773084902373224
3 5 3 3 -1  -0.81
13745957927931166838
4 5 5 6 -1  -0.729
13746279656141590291
2 4 1 2 -1  -0.430467
13746455237355212978
0 1 0 0 -1  -0.81
13746486129874975350
0 0 2 0 -1  -0.0797664
13746681488232098923
2 3 4 4 -1  0.121577
13746781248146761995
3 5 2 4 -1  -0.0797664
13746957357336613304
4 1 2 2 -1  0.348678
13746976306884967304
2 0 1 2 -1  -0.166772
13747138946707871115
3 5 5 5 -1  0.282429
13747216998813133932
2 0 3 1 -1  -0.228768
13747254274039815980
0 4 5 4 -1  -0.038152
13747259147416002648
0 0 1 0 -1  0.348678
13747547504919805333
6 2 6 0 -1  0.38742
13747610437413035067
1 7 2 6 -1  -0.0343368
13747874612863138360
4 5 2 4 -1  -0.282429
13747970386217638954
2 1 3 0 -1  0.0646108
13748215628823535658
4 5 5 6 -1  -0.0581497
13748770393706941227
2 5 6 1 -1  0.38742
13748806146090519545
2 5 1 4 -1  -0.0646108
13748946009647555461
0 5 2 7 -1  0.0225284
13749162326658895519
3 0 4 0 -1  -0.00572641
13749306367881410841
3 2 3 6 -1  0.254186
13749511602733432331
0 3 1 4 -1  -0.0886293
13749533241858994515
1 6 2 6 -1  0.59049
13749614616772239981
4 6 3 6 -1  0.478297
13749662474334463541
1 5 2 4 -1  -0.228768
13749841198156787799
3 7 4 7 -1  0.150095
13749891482152256321
4 0 5 0 -1  -0.478297
13750326595762790178
3 4 4 6 -1  0.150095
13750464382092195142
5 3 5 2 -1  -0.31381
13750576523089948700
3 4 5 3 -1  -0.0278128
13750661620984756220
3 5 4 5 -1  -0.109419
13750734822683674510
0 2 4 6 -1  0.0278128
13750902026555851049
1 3 1 5 -1  0.109419
13750931632999736684
1 5 2 5 -1  -0.185302
13751059956355889638
5 1 5 0 -1  -0.31381
13751087032804826793
1 5 3 5 -1  0.0797664
13751203167569095752
6 3 5 4 -1  0.282429
13751304729327342725
3 5 4 5 -1  -0.478297
13751339349845620004
0 4 4 4 -1  -0.0164232
13751853839824357500
3 4 2 3 -1  0.098477
13751887983774493898
1 1 2 0 -1  -0.38742
13752100252438287305
2 5 3 6 -1  -0.000696197
13752154592612520153
0 2 1 3 -1  0.166772
13752289654514459278
1 6 2 5 -1  -0.348678
13752613354115357842
1 4 3 4 -1  -0.0147809
13753097132724442166
4 2 5 2 -1  -0.31381
13753127398742948074
0 5 1 4 -1  -0.109419
13753140577662115626
0 4 0 5 -1  -0.0278128
13753165790818307717
3 4 4 3 -1  -0.135085
13753197821789887103
4 5 2 4 -1  -0.0202755
13753543199581992605
6 3 2 3 -1  -0.0717897
13753979903590140240
0 3 1 3 -1  0.098477
13754088388671388250
2 6 4 4 -1  0.81
13754155504280741145
2 6 3 6 -1  -0.185302
13754174855448967941
2 5 0 4 -1  0.0886293
13754176704995349820
5 4 6 4 -1  -0.348678
13754178442324245448
1 7 2 6 -1  -0.6561
13754307093284320380
3 5 5 7 -1  0.166772
13754376511766510763
1 0 2 0 -1  -0.038152
13754384478504562732
3 0 4 0 -1  0.0119725
13754501323490599231
2 2 2 7 -1  -0.166772
13754600243852137692
3 4 4 5 -1  0.150095
13754669243663723828
0 5 0 4 -1  -0.121577
13754675288720954993
4 7 4 4 -1  -0.0646108
13754893297170555759
4 7 5 7 -1  -0.729
13755172388123310766
3 5 5 6 -1  -0.38742
13755179520377104976
0 4 0 6 -1  0.0164232
13755218193575178385
0 1 2 0 -1  -0.0717897
13755314585818844198
0 5 5 5 -1  -0.478297
13755352661836273011
0 2 1 1 -1  -0.038152
13755424983654278221
3 5 3 4 -1  -0.205891
13755898080737921825
7 6 7 5 -1  0.205891
13756102640769123690
1 6 1 2 -1  0.0581497
13756298295271327646
4 3 3 4 -1  0.81
13756300380713428041
0 6 2 5 -1  0.000456775
13756343091516360597
0 2 3 5 -1  -0.9
13756382413042698781
3 5 4 6 -1  -0.0471013
13756392624495860438
0 0 0 3 -1  -0.0797664
13756651153673528040
2 4 3 3 -1  -0.81
13757065507742186153
2 6 1 5 -1  -0.430467
13757314431278410230
3 5 2 6 -1  0.228768
13757515149937665337
1 5 0 6 -1  -0.254186
13757961218022871825
1 3 3 3 -1  -0.018248
13757981354651954870
3 5 5 3 -1  -0.282429
13758086080930475047
1 0 3 0 -1  -0.478297
13758158984875204216
2 2 1 3 -1  -0.9
13758180715966307189
2 0 4 0 -1  -0.0797664
13758199144822327045
1 5 3 5 -1  0.0646108
13758365482542696148
4 3 3 1 -1  0.478297
13758381352373324096
4 2 5 4 -1  0.0471013
13758551716473806878
2 2 6 2 -1  0.205891
13758580473885988343
5 2 4 1 -1  -0.150095
13758614540601499021
1 1 2 1 -1  0.0423911
13758654575096394055
0 0 0 2 -1  0.478297
13758812841171195487
0 5 0 2 -1  -0.205891
13758965179751482035
2 4 4 2 -1  0.038152
13759056364709453293
2 2 4 1 -1  -0.729
13759270853012945337
3 3 4 4 -1  -0.0202755
13759346219769809725
1 6 3 6 -1  -0.109419
3 7 4 7 -1  -0.00872795
13759565982527739630
2 3 1 2 -1  0.038152
13759672768297650904
0 6 0 5 -1  0.81
13760411556596732646
2 5 3 7 -1  -0.135085
13760477626421570151
2 2 6 6 -1  0.166772
13760516571069230422
3 5 5 3 -1  -0.531441
13760682689521356738
3 4 4 4 -1  -1
13760986052498816175
0 7 1 6 -1  -0.9
13761110358345477104
3 4 4 4 -1  -0.0343368
13761122543109434167
2 1 3 2 -1  0.81
13761163956514697886
0 4 0 3 -1  0.0147809
13761190676612248150
1 4 2 4 -1  -0.109419
13761244321388591043
6 7 6 6 -1  -0.59049
13761439929683134308
0 4 0 2 -1  -0.00304325
13761670035014940223
3 7 7 7 -1  -0.59049
13761952896022456575
0 4 1 2 -1  0.185302
13762528912051953214
2 7 3 6 -1  -0.254186
13762705478184628073
1 5 2 4 -1  0.00572641
13762783403578485015
2 2 3 3 -1  -0.098477
13762799650120945688
2 5 4 4 -1  0.000696197
13762849588385095320
2 0 3 0 -1  -0.00872795
13762860051215085187
5 7 4 6 -1  -0.430467
13762917861310413256
2 6 3 6 -1  -0.0646108
13762944750302878942
0 3 0 7 -1  -0.531441
13762949066851599076
0 3 0 4 -1  -0.254186
13763033267273688143
1 5 3 5 -1  -0.166772
13763169502234837730
2 5 1 4 -1  0.254186
13763170932839200623
4 7 5 6 -1  -0.6561
13763356577808229363
1 5 3 6 -1  0.81
13763480819310132185
3 3 4 4 -1  -0.150095
13763555421273916467
2 5 3 5 -1  0.283998
13763617608335156467
1 3 2 2 -1  -0.185302
13764110449460914019
0 2 0 3 -1  -0.81
13764507001173539135
3 1 4 1 -1  -0.121577
13764515271657635612
0 5 5 5 -1  0.205891
13764735317865340500
3 4 5 5 -1  -0.000218474
13764856520660761430
2 6 0 5 -1  0.59049
13765009435099907722
0 2 6 2 -1  -0.9
13765045799752630152
7 3 7 0 -1  -0.348678
13765147777452849710
7 0 7 6 -1  -0.0471013
13765204443793867746
4 3 4 5 -1  0.348678
13765288451574644289
3 1 3 7 -1  0.0309031
13765317677751178572
4 0 5 1 -1  0.0581497
13765407891268964218
0 5 2 3 -1  0.0309031
13765775791692344767
0 6 3 6 -1  -0.38742
13765890041260110066
4 7 5 6 -1  -0.478297
13766260380662516577
2 4 5 7 -1  -0.38742
13766348800045425599
2 3 3 2 -1  -0.018248
13766377430579394378
2 2 3 2 -1  -0.0797664
13766734553417023002
3 4 4 3 -1  -0.38742
13766892749820020608
0 5 2 5 -1  0.0646108
13766911649602299522
3 4 2 3 -1  0.59049
13767164549664846763
0 4 0 6 -1  -0.00417455
13767481674992742941
1 7 2 6 -1  -0.00338139
13767552537946606646
4 1 5 1 -1  -0.0523347
13767907996196444997
0 2 2 4 -1  -0.185302
13768059094118992522
2 6 2 5 -1  -0.38742
13768403794827525023
0 5 0 3 -1  -0.0119725
13768548096044617178
0 7 0 3 -1  0.228768
13768630630931227143
0 2 2 3 -1  0.38742
13768739090587987958
4 7 5 6 -1  -0.166772
13768795637714532166
2 3 3 2 -1  0.9
13768800190446487197
4 5 2 4 -1  0.018248
13768800297987904671
0 7 0 3 -1  -0.00417455
13768842360913858705
4 2 6 1 -1  0.531441
13768855418898012269
1 6 2 6 -1  -0.185302
13768876467713783446
1 2 0 1 -1  0.31381
13768909338901261629
1 0 2 0 -1  4.04837e-05
13768958875202486243
6 1 7 1 4  -0.9
13768974242693423599
0 5 0 3 -1  -0.0119725
13769225859305325625
2 6 1 7 -1  0.282429
13769232115076352639
4 3 5 4 -1  -0.228768
13769251056498375443
2 3 3 4 -1  -0.135085
13769265950287735017
1 6 2 5 -1  -0.81
13769417350602321106
0 1 1 3 -1  0.00505019
13769447584636392377
2 5 3 5 -1  -0.00161731
13769651192619391575
0 6 1 7 -1  -0.478297
13769697999422739027
3 0 4 2 -1  0.0886293
13769764794555566447
6 2 5 2 -1  -0.59049
13769774441012222139
3 5 3 3 -1  -0.9
13769788793876514321
0 4 3 4 -1  0.0523347
13769873692918729319
2 4 3 3 -1  -0.6561
13770002006527746583
0 3 1 2 -1  -0.0423911
13770060706818215417
1 5 2 4 -1  0.121577
13770136018869692090
0 4 0 6 -1  0.0343368
13770271197335767442
2 6 2 7 -1  0.430467
13770474824069434230
4 6 3 6 -1  -0.9
13770589146346123000
3 2 4 3 -1  0.0175875
13770698229022943671
7 6 7 4 -1  -0.81
13770910872839324543
7 2 3 2 -1  0.0164232
13770936799228485490
5 2 3 3 -1  0.81
13770993580892960852
2 5 0 3 -1  -0.6561
13771099056406370988
6 3 3 3 -1  0.9
13771276613867546743
0 1 0 0 -1  -0.478297
13771374368926334416
3 2 4 1 -1  0.109419
13771487239820180252
2 5 4 4 -1  -0.166772
13771488003569939824
5 4 4 4 -1  0.478297
13771679526322207629
4 3 3 3 -1  -0.0581497
13771752142781885087
3 5 4 6 -1  0.109419
13771769976661101765
5 2 4 0 -1  -0.205891
13771873281765604082
3 4 1 2 -1  -0.0886293
13771918948988994611
0 3 1 3 -1  0.0202755
13772008283142084089
2 3 3 2 -1  0.0717897
13772050514312611297
5 3 7 2 -1  -0.6561
13772220151330062847
0 0 2 0 -1  0.0423911
13772383997524412812
2 5 4 6 -1  -0.282429
13772440430860883885
2 3 3 4 -1  -0.0581497
13772841397935819814
3 1 1 2 -1  -0.0886293
13772880290809785531
2 1 3 0 -1  -6.17035e-05
13772925158114641664
0 5 0 4 -1  -0.0523347
13773011239042200499
3 4 4 3 -1  -0.0886293
13773041850400371980
2 5 1 7 -1  -0.38742
13773097269105360435
6 3 4 2 -1  -0.0250315
13773202322111835551
6 1 6 3 -1  0.0646108
13773523202199516006
1 3 0 5 -1  -0.0471013
13773715549691073805
5 2 3 1 -1  -0.348678
13773975573104883602
1 5 3 5 -1  0.00304325
13774197302200382215
2 7 3 7 -1  -0.31381
13774457910251270787
3 4 6 4 -1  -1
13774558508724707418
5 7 5 6 -1  -0.0886293
13774729375995623662
1 5 2 6 -1  0.729
13774797645655180700
1 7 0 6 -1  0.348678
13774881425841745435
1 1 2 1 -1  -0.00221853
13774937538316469304
3 1 4 3 -1  -0.9
13774955703410192135
1 7 2 7 -1  -0.81
13774987432203369457
1 1 2 1 -1  0.38742
13775656544755477740
2 4 2 5 -1  -0.228768
13775712927560960326
1 6 2 7 -1  -0.531441
13775752231718823302
3 0 5 1 -1  -0.9
13775853257885076950
2 2 1 4 -1  0.205891
13776005910529668844
1 2 1 4 -1  -0.0164232
13776100980546120393
2 3 3 3 -1  -0.0423911
13776379285541933618
4 3 4 1 -1  -0.0797664
13776380743699986054
2 3 3 2 -1  0.166772
13776462300911343720
1 1 2 2 -1  0.430467
13776528677299725608
4 6 4 4 -1  -0.0646108
13776777326357261082
0 6 0 7 -1  0.0886293
13776856524166168627
0 2 1 3 -1  0.135085
13776963532404611576
4 0 4 1 -1  0.531441
13776982493410157538
4 0 4 1 -1  0.121577
13777002661307285986
0 4 1 4 -1  -0.0717897
13777010034874149390
2 5 4 3 -1  -0.531441
13777144867784237888
2 6 2 2 -1  0.109419
13777290896380428709
0 3 1 2 -1  -0.018248
13777775309104406118
0 3 0 5 -1  0.205891
13777836732591186077
2 2 3 2 -1  -0.9
13777934033240340632
2 2 3 0 -1  0.00106437
13777952058682586878
0 0 0 1 -1  0.0471013
13778189546060269925
2 5 4 4 -1  -0.109419
13778192933909763285
3 2 1 3 -1  0.0278128
13778206159270862761
6 2 5 1 -1  -0.185302
13778401964833229420
4 3 2 5 -1  -0.098477
13778416574326872721
3 1 2 1 -1  -0.166772
13778434311372790227
3 7 1 6 -1  -0.0423911
13778540650974812237
0 4 0 5 -1  -0.0147809
13778592527274187135
0 6 1 6 -1  0.478297
13778919376997614595
6 3 7 4 -1  -0.348678
13779058179252791816
5 2 3 4 -1  -0.531441
13779086057594970430
3 3 4 3 -1  -0.038152
13779386271563920960
1 2 2 2 -1  -0.0646108
13779431614296290466
2 1 3 0 -1  -0.59049
13779473511688123665
0 6 0 7 -1  -0.228768
13779493725266303043
4 2 2 3 -1  0.478297
13779506343962674157
0 2 3 5 -1  0.0250315
13779612983704373957
1 3 2 2 -1  -0.81
13779688061567068843
2 5 3 7 -1  -0.0523347
13779992477277338908
0 5 3 2 -1  -0.185302
13780121131963333950
0 3 0 4 -1  -0.0797664
13780199489153320797
1 0 3 0 -1  -0.00199668
13780204240935456985
1 6 2 5 -1  -0.729
13780415332038791577
2 5 2 1 -1  0.228768
13780529997923394721
3 1 1 3 -1  -0.00106111
13780933186009177026
0 3 1 4 -1  -0.00636268
13781317757944389483
5 4 4 5 -1  -0.0343368
13781349976396885549
2 3 3 1 -1  0.0471013
13781355667265675150
3 0 3 1 -1  -0.31381
13781449680120203152
3 7 3 3 -1  -0.254186
13781547214545914852
4 2 5 4 -1  -0.348678
13781966774271893554
0 6 1 6 -1  0.00706964
13782030600429085222
4 3 5 3 -1  -0.478297
13782107440006467615
1 3 2 2 -1  -0.150095
13782174679252190559
1 7 0 6 -1  0.098477
13782192014803825559
0 4 0 2 -1  0.0164232
13782315849119369306
1 5 3 5 -1  0.00106111
13782337711011372398
0 1 1 2 -1  -0.430467
13782358765098615658
1 1 2 1 -1  -0.0225284
13782426554994707706
4 3 5 3 -1  -0.00706964
13782470177355447939
3 7 4 6 -1  -0.6561
13782622197564728285
4 1 7 4 -1  0.00106111
13782699205697843393
0 4 0 2 -1  -0.531441
13782708526964069336
3 4 4 3 -1  0.0886293
13782855820609022045
3 5 4 3 -1  -0.9
13782914236487815957
4 4 5 5 -1  -0.9
13783250458478910489
1 4 1 3 -1  0.81
13783252624850077555
0 0 0 4 -1  -0.0523347
13783448350922313082
0 1 2 2 -1  -0.0225284
13783464117619633581
3 1 4 0 -1  -0.0164232
13783682464498570207
3 5 4 3 -1  0.430467
13783889476051873436
3 2 4 1 -1  -0.729
13783935568806750216
0 7 1 6 -1  -0.135085
13783967770685249668
2 2 3 1 -1  -0.9
13784089994106897170
3 0 5 1 -1  -0.729
13784275751721162425
6 0 7 0 1  -1
13784354137505936271
0 6 2 4 -1  0.348678
13784433061519332621
4 6 2 4 -1  -0.0225284
13784486502285613251
0 5 3 2 -1  -0.0147809
13784599926650608192
0 5 3 2 -1  -0.00199668
0 6 1 4 -1  -0.00969773
0 6 2 5 -1  -0.00515377
1 7 3 7 -1  -0.000715392
13784730624184187095
1 5 0 6 -1  0.81
13784816323059897552
2 6 1 4 -1  0.59049
13785026541148642714
1 2 6 2 -1  0.348678
13785154947818726395
2 2 3 4 -1  1
13785282627726264255
2 5 1 3 -1  0.0202755
13785306607295762611
1 2 0 1 -1  -0.0309031
13785325597517346001
0 4 0 3 -1  -0.430467
13785401771204627956
5 4 7 5 -1  -0.9
13785446983699237179
2 2 6 2 -1  -0.109419
13785457037687649413
5 4 5 1 -1  -0.135085
13785510842303083130
1 5 0 5 -1  -0.478297
13785514588380408451
3 2 4 2 -1  0.0589592
13785693967456959329
1 1 3 1 -1  -0.348678
13785809937550500843
3 1 3 2 -1  -0.729
13785817215700863142
3 4 5 3 -1  0.0202755
13785861375132005428
3 5 2 4 -1  -0.531441
13785892742470344895
2 5 4 3 -1  -0.185302
13785912055362076597
3 6 4 7 -1  -0.098477
13786133444449426628
0 4 0 6 -1  0.31381
13786147740012630742
2 2 3 0 -1  0.00056392
13786160938136737707
0 3 2 1 -1  0.0523347
13786254426004201913
3 7 4 7 -1  -0.254186
13786307192401791941
2 2 3 3 -1  -0.098477
13786360806644009917
0 2 2 4 -1  -0.205891
13786453337357775951
0 4 0 6 -1  -0.0523347
13786492833052213591
1 0 2 0 -1  1
13786757275648173261
4 6 5 6 -1  -0.478297
13787091891426801778
5 1 6 2 -1  -0.6561
13787135624677402475
2 3 1 4 -1  0.729
13787158602204117011
0 1 2 2 -1  0.0886293
13787162806223505052
4 3 4 4 -1  -0.348678
13787696677460119204
7 0 4 3 -1  0.282429
13787702305151378853
2 5 1 3 -1  -0.00106111
13787722563962903975
2 3 3 4 -1  0.478297
13787943866563019811
2 2 3 2 -1  0.31381
13788204676230986316
3 4 4 4 -1  -0.38742
13788207902753083028
5 4 4 5 -1  -0.098477
13788377136541885370
0 2 0 1 -1  -0.121577
13788449757189165502
4 7 7 4 -1  -0.31381
13788502714256616462
2 2 2 3 -1  -0.228768
13788534113779137505
2 1 4 3 -1  0.0471013
13788545532878186729
2 3 3 3 -1  0.150095
13788755826859416221
2 5 0 3 -1  -0.38742
13788846743110907610
3 3 3 2 -1  -0.0646108
13788873843724861830
3 5 5 3 -1  -0.185302
13788948415474300153
0 1 1 3 -1  0.135085
13788993992818664149
0 6 1 7 -1  0.135085
13789306233909823362
1 4 3 4 -1  -0.0717897
13789519453325614231
0 0 0 3 -1  -0.185302
13789762923161395361
0 3 3 3 -1  0.135085
13789817114146407643
0 1 2 0 -1  -0.0147809
13789982619420191078
3 4 4 4 -1  -0.0250315
13789988819426707936
1 2 7 2 -1  -0.254186
13790326426945169048
2 5 3 4 -1  -0.150095
13790339151680941307
2 5 6 1 -1  0.150095
13790347153256597489
2 3 3 2 -1  0.6561
13790429097988075287
0 3 0 2 -1  -0.0797664
13790836718305017153
1 5 2 5 -1  -0.121577
13790875590391533476
1 7 2 7 -1  -0.00706964
13790951878841584406
1 7 0 5 -1  0.6561
13790997002322439975
1 4 2 4 -1  -0.0023837
13791004534017169182
3 2 4 3 -1  0.0646108
13791181265458507772
3 2 4 1 -1  -0.00463839
13791256821933713365
3 4 4 2 -1  -0.0471013
13791543597944451606
0 4 0 6 -1  -0.00179701
13791560943795917413
2 1 1 3 -1  0.205891
13791650361605956561
1 5 3 5 -1  -0.0717897
13791757886398258362
2 5 1 4 -1  -0.0717897
13791799912658202541
1 0 2 1 -1  -0.729
13791811765635564409
3 4 4 5 -1  -0.254186
13791886656140373071
0 5 0 3 -1  -0.430467
13792068780479191544
0 4 0 2 -1  0.0646108
13792246097922261362
0 5 0 3 -1  -0.0278128
13792724774626439597
4 2 3 3 -1  -0.729
13792813148969912623
3 5 4 5 -1  -0.000773553
13792954680306326899
0 5 2 3 -1  -0.135085
13792955470940598517
0 6 0 7 -1  -0.38742
13793280546414717594
0 5 0 3 -1  -0.0717897
13793289750762364620
3 4 4 5 -1  0.0423911
13793570800748097697
4 6 5 5 -1  -0.81
13793630641312694123
0 4 1 3 -1  0.729
13793641297502976757
2 1 3 0 -1  1
13793654707347290129
3 3 4 1 -1  -0.0278128
13793704346161007622
2 3 1 3 -1  -0.098477
13794152588849577883
3 6 1 4 -1  -0.0164232
13794275050501981366
4 5 4 3 -1  -1
13794466795714349509
2 5 2 7 -1  -0.0147809
13794630205482045191
0 5 2 3 -1  0.0107753
13794948330486666048
2 4 0 4 -1  -0.205891
13795388121488123680
4 1 6 1 -1  -0.0717897
13795425998172976098
3 2 4 2 -1  -0.31381
13795429226261096433
2 2 4 2 -1  -0.729
13795629591096722726
0 4 2 2 -1  -0.254186
13795924547793440240
3 2 4 3 -1  -0.00785516
13796013222619604416
1 7 3 7 -1  -0.0797664
13796021010406857129
2 5 5 2 -1  -0.000507528
13796028459661689678
2 4 3 2 -1  0.0147809
13796033987920471026
2 3 3 4 -1  -0.0164232
13796276986653646360
0 0 0 1 -1  -0.00872795
13796392920026760478
3 4 4 5 -1  0.038152
13796484016607099880
2 1 1 2 -1  -0.0471013
3 2 5 3 -1  0.185302
13796568169079001629
4 4 5 3 -1  0.00246503
13796689485268146061
3 5 2 5 -1  -0.729
13796874267099046684
1 7 2 7 -1  -0.0423911
1 7 3 7 -1  -0.015428
2 4 4 6 -1  -0.0225284
13796890341393031849
0 4 0 5 -1  1
13796911625309891221
3 6 4 6 -1  -0.150095
13797038725486331574
2 5 4 6 -1  -1
13797053852039990027
2 2 3 4 -1  -0.282429
13797202325931008213
4 5 7 2 -1  0.0278128
13797412724866702894
4 6 3 7 -1  0.228768
13797430843316768937
2 3 3 3 -1  -0.31381
13797591005414318731
3 2 5 0 -1  -0.0202755
13797741699433569696
2 3 3 5 -1  -0.531441
13797871701047445295
4 0 1 3 -1  -0.254186
13798106756619669315
1 7 3 7 -1  0.038152
13798275042175413105
5 0 6 0 -1  -0.59049
13798304522831712847
3 4 3 5 -1  -0.9
13798367602363881519
2 4 3 3 -1  -0.0581497
13798558379975331992
0 1 0 2 -1  0.282429
13798560207690705455
6 0 4 1 -1  -0.00785516
13798665218805135982
2 4 6 0 -1  0.254186
13798769118952951155
2 5 3 7 -1  -1
13798976084259100697
2 4 3 3 -1  -0.0164232
13799102905270851565
1 5 3 5 -1  -0.0581497
13799358471218870530
4 3 2 4 -1  -0.38742
13799616328926841744
1 3 4 6 -1  -0.0717897
13799676745518687907
2 3 3 2 -1  -0.228768
13799725419212777426
0 3 0 0 -1  0.0165144
13799759979429485631
1 3 1 5 -1  -0.282429
13800297381077254508
1 2 6 7 -1  0.9
13800410059325240652
4 4 3 5 -1  0.0147809
13800412035241878840
2 7 2 6 -1  -0.0119725
13800629097095451943
1 2 0 3 -1  -8.46413e-05
13800751742840468205
2 2 1 4 -1  0.00463839
13800771758369811276
2 5 3 4 -1  -0.0797664
13801232146529946215
3 3 5 5 -1  0.0309031
13801446515683397345
1 0 2 0 -1  -0.135085
13801521742668765401
3 2 5 4 -1  -0.729
13801866136938569437
1 3 5 3 -1  0.348678
13802000805636579294
0 2 7 2 -1  -0.31381
13802311503060136676
2 7 3 7 -1  -0.121577
13802597006368863241
3 6 3 7 -1  -0.00273892
13802828185091193467
4 7 5 6 -1  -0.098477
13803025295701621336
2 7 3 7 -1  0.0717897
13803080502175915643
1 5 3 5 -1  0.254186
13803226002761012064
1 4 0 5 -1  -0.0309031
13803276677983978946
1 4 5 4 -1  -0.0581497
13803405638805797809
1 2 2 2 -1  0.00273892
13803751799865685502
1 0 2 0 -1  0.00636268
13803759744133822991
2 6 3 6 -1  1
13803878707922929603
2 2 3 2 -1  -1
13803918127267891320
2 7 2 4 -1  0.185302
13804056422050742595
0 0 0 1 -1  -0.109419
13804100130716297971
2 1 2 6 -1  0.098477
13804178880090123783
2 2 3 4 -1  0.00515377
13804263835295896126
0 3 1 3 -1  0.0309031
13804307009993306323
0 5 1 6 -1  -0.166772
13804361350855193517
1 3 2 4 -1  -0.150095
13804475368064407291
0 3 2 1 -1  -0.254186
13804681785819116184
3 3 4 4 -1  -0.00872795
13804751638128677261
3 7 4 7 -1  -0.0797664
13804762880987511349
1 6 2 6 -1  0.478297
13804936159501344797
3 0 5 1 -1  -0.0886293
13805115016100802018
0 5 2 5 -1  -0.0717897
13805121031873647627
1 2 2 2 -1  -0.0309031
13805306239841720843
2 5 3 7 -1  -0.0309031
13805536283982529675
5 0 5 5 -1  -1
13805603006491997380
3 2 3 3 -1  0.430467
13805688393414097435
3 4 4 4 -1  -0.430467
13805895578884560180
0 7 0 6 -1  -0.0717897
13806130321084911893
2 3 3 4 -1  -0.59049
13806191887640686211
3 5 4 3 -1  -1
13806208478568837285
2 5 0 3 -1  0.254186
13806227888729098940
3 7 4 5 -1  0.185302
13806485133671107482
0 4 5 4 -1  -0.205891
13806551771634592852
0 4 1 3 -1  -0.0250315
13806665354824715435
1 3 2 5 -1  0.0119725
13806794530426343163
0 1 0 3 -1  -0.0471013
13806970777706813150
1 4 0 5 -1  0.38742
13807110660331126039
0 5 1 6 -1  -0.0343368
13807160710494282397
0 1 2 0 -1  -0.0462118
0 4 0 6 -1  0.0164232
13807520378062977320
5 3 6 1 -1  -0.6561
13807870653592044935
2 2 3 3 -1  -0.348678
13808038577279456858
0 5 2 6 -1  -0.0343368
13808174762259567505
1 4 3 6 -1  -0.00106111
13808271076977159069
1 1 2 2 -1  -0.9
13808277544792406803
4 6 5 7 -1  -0.205891
13808782236108163619
5 3 6 3 -1  -0.38742
13808805352017911411
0 0 4 0 -1  0.150095
13808811720744109521
4 5 5 4 -1  -0.0523347
13808960602599192195
3 5 7 1 -1  0.31381
13809044763476475500
4 2 3 3 -1  -0.6561
13809064930513801333
4 2 6 0 -1  -0.185302
13809508294883250354
3 0 2 2 -1  -0.6561
13809677505146202055
4 6 5 5 -1  0.109419
13809818833154255270
0 6 2 5 -1  0.038152
13809941034631221791
0 4 0 6 -1  0.00463839
13810118659996143767
0 4 0 5 -1  0.109419
13810207645895770159
0 3 0 5 -1  0.348678
13810260826740012657
1 7 3 7 -1  -0.00706964
13810350843186018743
0 7 0 4 -1  -0.185302
13810659042298397531
2 4 1 3 -1  -0.31381
13810680510816298232
4 1 4 0 -1  -0.282429
13810775190738620688
0 7 1 6 -1  0.38742
13810777714407237637
0 3 2 3 -1  -0.0250315
13810822852354715788
5 1 5 5 -1  -0.166772
13810837341651547800
2 4 5 4 -1  -0.00706964
13810858035447065890
3 3 5 5 -1  0.185302
13811108553534745164
3 0 4 0 -1  -0.150095
13811239439784670489
2 2 4 1 -1  -0.478297
13811290583520353568
2 2 3 4 -1  0.00636268
13811553229145685517
0 2 2 1 -1  -0.00179701
13811589925991948608
2 5 3 5 -1  -0.0278128
13811832188798682373
4 3 4 4 -1  0.109419
13811958789479683062
7 0 7 6 -1  0.31381
13812036923185643380
2 5 3 4 -1  0.31381
13812099125181814427
1 3 3 3 -1  -4.99798e-05
13812239998135116991
1 2 0 2 -1  -0.0523347
13812504692358211228
0 3 2 1 -1  -0.038152
1 1 2 1 -1  0.00930899
13812529257206107854
4 0 7 3 -1  -0.254186
13812690378982008097
3 5 2 6 -1  -0.38742
13812714596211907219
1 1 3 1 -1  -0.098477
13812755905168913001
0 4 1 3 -1  0.255599
13812866510642226805
1 3 7 3 -1  0.59049
13812983037859574738
0 6 1 6 -1  -0.0523347
13813001325490533109
0 6 1 7 -1  0.9
13813151564855030627
3 2 1 2 -1  -0.0296378
13813185311290881483
4 7 5 7 -1  0.729
13813229060794742250
2 3 3 2 -1  -0.0357262
13813233760282596984
2 5 3 4 -1  -0.098477
13813301549971121468
0 4 0 6 -1  -0.00304325
13813304187574507391
0 7 0 4 -1  0.254186
13813631114454001938
2 2 3 4 -1  -0.0250315
13813701585953601336
2 0 1 1 -1  0.31381
13813955337409186754
4 2 5 3 -1  -0.9
13814044297348103472
1 1 2 1 -1  -0.0309031
13814057174978423297
2 6 3 5 -1  -0.135085
13814488008460531608
3 2 4 3 -1  -0.531441
13814497886085221015
3 2 5 2 -1  -0.348678
13814591893981816176
5 5 7 3 -1  -0.81
13814670342980485542
0 0 2 0 -1  0.0717897
13814686001417650707
2 7 3 6 -1  0.6561
13814929228868427554
1 4 2 4 -1  -0.205891
13814953792335275627
1 4 2 4 -1  -0.0309031
13815024576263101461
6 3 6 4 -1  -0.185302
13815097246380774388
7 0 4 3 -1  -0.81
13815242237166495216
1 4 2 6 -1  -0.0343368
13815484673148784772
3 2 4 3 -1  -0.9
13815978575750497381
1 2 1 0 -1  -0.228768
13816102347203788595
2 1 1 3 -1  -0.0717897
13816367764914178923
0 0 0 2 -1  0.00246503
13816452523145190078
0 1 0 3 -1  -0.0278128
13816583000257680945
2 4 1 5 -1  0.0133028
13816601373519669774
3 3 4 2 -1  -0.348678
13816621827086308690
0 4 0 2 -1  -0.0886293
13816870640546794454
0 6 1 6 -1  -0.282429
13816904973422388069
0 0 0 3 -1  -0.0581497
13816972378647416293
1 3 2 3 -1  0.150095
13817124970564107713
0 2 2 0 -1  0.000696197
13817173142096648858
1 4 3 2 -1  0.0523347
13817264639639117049
2 2 4 3 -1  -0.00273892
13817271103517610524
3 3 2 3 -1  0.0423911
13817788646557205952
0 0 0 2 -1  0.254186
13817824057047908318
0 3 0 5 -1  0.531441
13818036826848038016
3 3 6 3 -1  -0.228768
13818140704838828403
3 0 1 2 -1  3.64353e-05
13818213048711230520
0 3 2 1 -1  -0.000955003
13818265327676428994
4 2 4 5 -1  -0.81
13818473609546920158
3 7 4 7 -1  -0.0646108
13818603882209829848
1 1 2 2 -1  -0.0164232
13818796240542483243
2 2 3 2 -1  0.254186
13818896670499376136
2 5 3 3 -1  0.150095
13818897579154089714
3 2 2 3 -1  0.135836
13818943148706066845
4 2 4 6 -1  0.9
13818983596465824454
3 1 5 3 -1  -0.121577
13818990789413458225
0 2 4 6 -1  -0.166772
13819084572969744416
0 0 2 2 -1  0.166772
13819305046123465666
4 2 5 0 -1  -0.729
13819525023000953361
1 7 3 7 -1  -0.0646108
13819542900114373538
0 4 0 6 -1  -0.00319654
13820103300791221697
0 0 0 2 -1  -0.31381
13820202868542671983
3 3 4 2 -1  0.0309031
13820387500802032190
0 5 1 6 -1  -0.0123636
1 2 3 2 -1  -0.018248
13820391605730824064
1 5 7 5 -1  -0.6561
13820471546275862236
5 2 6 2 -1  -0.81
13820493826129375141
3 5 2 3 -1  0.00515377
13820641439490781329
3 1 3 0 -1  0.6561
13821205042437787200
1 2 3 2 -1  0.729
13821427142788685503
3 3 2 5 -1  0.38742
13821555583518697147
2 3 3 4 -1  -0.038152
13821892422279874892
2 6 2 5 -1  -0.6561
13822880539789446322
1 2 2 1 -1  -1
13823027643980743714
0 4 0 6 -1  0.0523347
13823067032298361960
2 2 4 3 -1  -0.205891
13823082073107102087
1 6 3 6 -1  0.205891
13823280570946203630
1 6 2 5 -1  -0.478297
13823319782321017275
3 0 1 2 -1  -0.0423911
13823405573973628728
1 1 2 1 -1  -0.00969773
13823564901601005464
1 7 2 7 -1  -0.430467
13823798105787025004
2 2 3 4 -1  -0.254186
13823898716450757460
5 5 6 5 -1  1
13824040738527881966
2 4 0 4 -1  -0.228768
2 4 2 3 -1  -0.185302
13824131990077364129
2 4 3 4 -1  0.0581497
13824211671419665720
1 4 0 4 -1  0.729
13824475763468701130
3 6 4 5 -1  -0.531441
13824581914906747924
0 2 4 6 -1  -0.00872795
13824683691189126070
3 4 5 6 -1  -0.348678
13824739332311229047
3 7 4 6 -1  -0.430467
13824923571887810984
1 3 3 2 -1  -0.31381
13825099082865841614
2 1 1 2 -1  -0.531441
13825523388873028584
3 4 4 4 -1  -0.6561
13825832059856255285
2 3 6 3 -1  -0.00969773
13825863127755084624
6 7 3 7 -1  -0.0147809
13826120427407281833
2 4 4 3 -1  -0.0107753
13826668235471806358
0 1 1 3 -1  -0.00273892
13826932204551478567
0 2 1 1 -1  -0.135085
13827160942184748057
0 6 2 5 -1  0.0581497
13827176258549945629
3 4 3 1 -1  0.098477
13827223046136547931
1 4 6 4 -1  0.348678
13827616425381138614
1 0 2 0 -1  -0.00515377
13827645965731376958
0 0 0 3 -1  0.150095
13827783012661481315
2 3 5 6 -1  -0.348678
13828221503159224599
0 5 1 5 -1  -0.121577
13828279501840676306
3 1 7 5 -1  0.478297
13828389035363176662
0 2 2 2 -1  -0.31381
13828733708687579456
1 5 2 4 -1  0.9
13828983101644568252
1 0 2 0 -1  0.0309031
13829103273992974664
0 2 6 2 -1  -0.0225284
13829109560924554079
0 3 7 3 -1  0.531441
13829170236909675443
0 6 2 5 -1  0.0523347
13829194382232287700
0 3 1 2 -1  -0.038152
13829426896997304747
1 3 2 5 -1  0.0423911
13829666686700461209
1 6 2 5 -1  0.0797664
13829995667335814029
1 4 2 5 -1  -0.531441
13830054476832591661
2 5 3 4 -1  -0.59049
13830344966656687901
5 6 4 4 -1  -0.81
13830345351538900069
1 2 1 6 -1  0.205891
13830773434231876303
4 4 5 2 -1  0.150095
13830774192237168215
0 5 1 6 -1  -0.0423911
13830844152289714308
0 0 0 2 -1  0.0886293
13830872885236789235
0 7 0 4 -1  0.205891
13831061816063909336
3 5 3 7 -1  -0.185302
13831082030072507409
1 3 2 3 -1  -0.0119725
13831228401720528869
1 7 2 7 -1  -0.38742
13831382137024900092
2 3 3 3 -1  -0.00515377
13831432992034331555
5 2 6 2 -1  -0.9
13831534110877117101
4 1 3 0 -1  -0.0133028
13831664986417972803
1 6 0 7 -1  -0.0423911
13831740378230696025
4 4 5 5 -1  -0.00636268
13832078221948650716
1 6 2 6 -1  -0.348678
13832384811324724019
3 0 3 6 -1  -0.0278128
13832417043024400857
3 2 4 2 -1  -0.282429
13832818020826846287
0 2 3 5 -1  -0.254186
13833114665491771987
0 0 0 3 -1  -0.00572641
13833220580583340231
2 7 3 6 -1  -0.0523347
13833366599194294731
3 0 4 1 -1  -0.0309031
13833590159831135751
1 3 2 5 -1  -0.098477
13833804927403127865
0 6 1 5 -1  -0.9
13833847489173590896
0 4 0 0 -1  -0.0581497
13833999302324164911
7 7 7 5 -1  0.430467
13834178789078089906
0 5 0 4 -1  0.150095
13834564597942681769
5 5 6 5 -1  -0.150095
13834737810610516849
3 6 2 5 -1  -0.0581497
13835157096498521368
0 0 1 0 -1  -0.038152
13835231018714376400
3 2 5 1 -1  -0.729
13835236827800413185
5 5 2 5 -1  0.121577
13835252142041094565
1 1 2 1 -1  -0.0133028
13835345666951135289
2 3 1 4 -1  0.0886293
13835429183907476379
2 2 3 4 -1  0.0343368
13835542636218537554
0 5 2 3 -1  -0.0471013
13835829253295884512
1 1 3 3 -1  0.0119725
13835903040837304901
4 5 5 5 -1  -0.0646108
13835912171667790577
1 1 2 3 -1  0.00706964
13836290763574685608
5 7 6 7 -1  -1
13836400204471239587
0 2 3 5 -1  -0.109419
13836667631998247745
1 5 2 4 -1  -0.098477
13836699446495359098
0 0 3 0 -1  -0.00161731
13836887150517265645
0 5 0 3 -1  -0.0107753
13836900248052403256
1 5 3 7 -1  -0.0147809
13836965677268398425
2 2 4 2 -1  -0.282429
13837216753088175121
5 4 6 3 -1  -1
13837323326435740121
2 5 4 4 -1  -0.205891
13837916907220403471
4 2 7 2 -1  0.0886293
13838049780827490497
3 0 3 1 -1  0.150095
13838307120121393222
2 3 3 4 -1  0.018248
13838448725370090959
0 3 1 1 -1  0.0119725
13838490251140787103
0 5 0 3 -1  -0.00706964
2 5 1 3 -1  -0.0581497
13838529100825898115
2 4 3 3 -1  -0.282429
13838564280839884758
1 5 0 6 -1  -0.0423911
13838689554967417682
1 1 2 1 -1  -0.098477
13838824770502880445
0 2 1 3 -1  -0.098477
13838865300569406820
0 0 1 0 -1  -0.0646108
13838993129805269469
1 5 3 5 -1  -0.430467
13839102767831793699
5 7 5 4 -1  -0.0886293
13840117223414571460
1 7 3 7 -1  -0.0886293
13840189614973949561
4 4 4 7 -1  -0.121577
13840214374882535944
0 7 0 6 -1  0.38742
13840705663527127948
2 5 3 5 -1  -1
13840832679104042737
1 6 2 7 -1  0.0250315
13840958219009667644
5 5 5 2 -1  -0.531441
13841303092613397218
0 6 1 7 -1  0.282429
13841398273175976922
4 4 5 5 -1  -0.478297
13841446974414917675
3 1 6 4 -1  -0.282429
13841534845024138537
4 4 4 5 -1  0.59049
13841627529777094367
0 5 1 4 -1  0.6561
13841685152659977832
3 1 4 0 -1  -0.228768
13841858836112118851
6 3 5 2 -1  -0.478297
13841957431969145244
3 7 4 7 -1  -0.0717897
13842081474692859214
2 5 3 4 -1  -0.430467
13842126637817011602
0 4 0 6 -1  0.00706964
13842191865293316178
4 1 3 0 -1  -0.59049
13842238839674590824
4 4 3 2 -1  -0.098477
13842296436864614903
2 3 2 2 -1  0.0225284
13842301760545692643
1 5 3 5 -1  -0.038152
13842486081045481034
4 4 5 5 -1  0.121577
13842605629144070870
2 4 3 4 -1  -0.098477
13842647030262943488
1 4 3 4 -1  -0.0471591
13842767484127003474
0 2 2 4 -1  0.9
13842812568994348891
3 1 4 1 -1  -0.254186
13842830988714733648
3 6 4 6 -1  0.282429
13842875761446328942
0 0 0 2 -1  -0.00131002
13843167573455811310
3 5 4 3 -1  -0.6561
13843191822998269311
2 3 3 2 -1  -0.166772
13843593577827063427
1 4 0 3 -1  0.729
13843631450772450933
4 1 6 2 -1  0.228768
13843690857230808584
2 5 4 3 -1  0.0581497
13844627244883509876
0 4 1 6 -1  -0.430467
13844681928470120191
5 0 4 2 -1  -0.59049
13845054182083789590
1 6 2 6 -1  -0.0202755
13845289108241889642
4 6 5 4 -1  -0.185302
13845408794961890143
1 3 1 4 -1  -0.135085
13845689899064268809
0 6 0 5 -1  0.0278128
13845702645755351481
3 4 4 4 -1  0.00969773
13845905503728122428
1 2 2 1 -1  0.00161731
13846215388702079935
6 2 7 2 -1  -0.38742
13846265615812304139
4 7 6 7 -1  -0.59049
13846318565984804749
3 6 4 7 -1  -0.9
13846435847877798827
3 5 5 3 -1  0.31381
13846511809602145436
1 1 3 1 -1  -0.0278128
13846564191399803779
2 3 1 4 -1  0.228768
13846611793731405187
1 1 0 0 -1  0.00969773
13847228324839566176
1 2 3 0 -1  0.254186
13847609068737072932
1 5 1 4 -1  0.59049
13847810268079893499
1 2 3 4 -1  -0.0133028
13847989811654081577
3 5 2 6 -1  -0.0164232
13848117445250039874
0 6 1 6 -1  0.478297
13848292438836073195
4 3 5 2 -1  0.0119725
13848639454223191764
0 5 2 3 -1  -0.00304325
13848720788812593201
2 2 1 3 -1  -0.0523347
13848821040690758809
0 4 0 3 -1  -0.0343368
13848994252253976674
3 6 3 2 -1  0.0886293
13849241028566079863
3 2 4 3 -1  -0.121577
13849248115036253213
0 3 6 3 -1  0.098477
13849534237367703146
1 3 3 5 -1  -0.0886293
13849626504865945941
5 2 7 2 -1  -1
13849638545397393630
0 5 0 3 -1  0.0797664
13849666925931760016
6 4 6 0 -1  0.0471013
13849670212177358171
1 5 3 5 -1  -0.0717897
13849754649381911839
0 3 1 3 -1  -0.038152
13849791659415052076
4 7 5 7 -1  -0.166772
13849853595165962313
0 4 0 6 -1  -0.0581497
13849936878737740662
1 0 1 2 -1  0.000369988
13850294737690757680
2 5 3 6 -1  0.0343368
13850746980175908518
0 3 1 3 -1  -0.150095
13850911066433756973
2 1 1 2 -1  0.254186
13851093063899763485
2 4 3 3 -1  -0.205891
13851135228516073982
0 4 0 2 -1  -0.135085
13851456265325774446
0 5 1 6 -1  0.729
13851746165007343335
2 0 3 0 -1  -0.6561
13851749976036266542
0 3 1 2 -1  -0.0423911
13852092736740942167
1 6 0 6 -1  -0.0107753
13852110656001265110
2 6 3 6 -1  -0.166772
13852117874409620254
3 2 2 4 -1  0.0250315
13852171784476913169
1 6 1 5 -1  -0.38742
13852504162336106643
3 4 2 5 -1  0.81
13852513208812696742
3 6 4 6 -1  -0.228768
13852650206890117525
3 6 4 6 -1  -0.81
13852803090232825938
0 7 0 4 -1  -0.0646108
13853008479076428636
6 1 5 1 -1  -0.135085
13853019906071162645
3 5 6 2 -1  -0.150095
13853077153922130854
2 2 2 3 -1  -0.166772
13853355286267220939
5 1 1 1 -1  -0.00179701
13853501641729227731
0 2 2 4 -1  -0.6561
13853624692229322847
1 6 2 6 -1  -0.038152
13853628110780622613
4 1 5 2 -1  0.531441
13853635594684218841
1 4 2 6 -1  -0.478297
13853656092926758217
7 0 5 2 -1  -0.098477
13853687930381182219
3 2 4 1 -1  -0.228768
13853970593083675364
2 0 3 0 -1  -0.0343368
13854305033715344710
3 5 2 4 -1  -0.00463839
13854414227314686470
6 4 7 5 -1  -0.9
13854585955599442540
2 5 1 4 -1  -0.109419
13854610058044808261
1 6 3 6 -1  0.0107753
13854671578078795132
0 3 2 5 -1  -0.0133028
13854883883947412542
1 3 3 2 -1  -0.0717897
13855016521193917498
1 3 3 3 -1  0.0886293
13855300362709594716
2 2 3 1 -1  -0.254186
13855317399740746902
6 1 3 1 -1  0.6561
13855573112449951152
0 6 1 4 -1  0.00636268
13855605839659124621
2 4 3 2 -1  1
13855613926278544227
3 3 3 2 -1  -1
13855663294007312425
0 2 2 4 -1  -0.00515377
13855860304856914811
1 7 2 7 -1  0.0202755
13855877947755579811
0 5 0 2 -1  0.121577
13855897551341624418
2 3 4 3 -1  -0.6561
13855907768651594289
3 3 5 5 -1  0.430467
13856118305246958995
1 1 3 1 -1  -0.0202755
13856172634711457779
0 3 0 4 -1  0.098477
13856195865214303348
1 4 1 5 -1  -0.150095
13856204455735845951
2 4 3 4 -1  -0.31381
13856258944424253147
2 4 3 2 -1  -0.59049
13856543461606125243
4 4 2 3 -1  0.430467
13856624326742083968
4 6 5 4 -1  -1
13856643227749256257
1 6 2 6 -1  -0.0581497
13856670662917627590
4 3 6 1 -1  0.729
13856768575888030621
0 3 0 5 -1  -0.0278128
13856891081009363473
0 5 5 5 -1  -0.531441
13857165313225524084
3 6 1 4 -1  -0.0133028
13857193417166393188
3 6 4 7 -1  -0.531441
13857282325134402803
1 7 2 7 -1  0.0646108
13857502449116042042
0 4 0 6 -1  -0.228768
13857547042240288150
3 6 4 7 -1  0.122252
13857568863447276723
3 6 4 6 -1  0.205891
13857707697541842431
3 7 3 5 -1  -0.81
13857917536948864965
2 4 2 6 -1  0.348678
13858185921796409767
1 3 2 2 -1  0.00145558
13858361399658428867
1 4 2 5 -1  -0.0225284
13858393376082968676
2 3 4 3 -1  -0.81
13858464123909288056
0 4 1 3 -1  0.0202755
13858627740559402718
0 3 3 0 -1  0.228768
13858885013495772968
3 5 5 6 -1  -0.729
13859304707908454744
1 2 0 2 -1  -0.018248
13859405717593588678
1 4 2 2 -1  -0.0250315
13860022953042159859
3 4 4 4 -1  -0.0164232
13860311403988462532
0 1 2 2 -1  -0.0202755
13860424397418082880
2 6 0 5 -1  0.9
13860463135838510198
1 4 7 4 -1  -0.430467
13860558747344062013
6 2 6 5 -1  -0.729
13860592951778450905
1 5 2 6 -1  0.531441
13860711548900150926
1 2 1 3 -1  -0.205891
13860812059980512412
3 3 4 2 -1  -0.430467
13860900963084770537
4 6 5 6 -1  -0.150095
13861031071014031218
1 5 2 5 -1  0.185302
13861074017901838524
7 4 6 4 -1  0.00463839
13861142454460378602
0 3 1 3 -1  -0.0646108
13861178425113265290
5 1 5 5 -1  1
13861232326449782273
4 1 7 1 -1  -0.0133028
13861326391376652778
3 0 1 2 -1  -0.00199668
13861495714910060869
3 2 5 0 -1  -0.228768
13861674127852932336
0 0 0 3 -1  -0.0383284
13861730847031006887
1 3 2 3 -1  0.135085
13861749501512564300
4 0 7 3 -1  -0.254186
13861816994988354446
2 3 1 4 -1  -0.254186
13861959010067489596
6 5 5 3 -1  -0.0278128
13862015708151155699
6 5 6 7 -1  -0.185302
13862086193665912909
0 3 1 3 -1  -0.0581497
13862099573839374669
0 5 4 5 -1  -0.0278128
13862111156704747858
3 1 2 2 -1  -0.0523347
13862208129013320283
0 0 7 0 -1  -0.228768
13862246030250023122
3 1 4 0 -1  -0.0423911
13862350484908981167
7 2 6 2 -1  -0.150095
13862445703935977156
3 6 2 5 -1  0.81
13862610352352590045
0 5 0 4 -1  0.00969773
13862889161446337016
5 5 6 5 -1  -0.81
13863108744283811173
3 3 4 2 -1  -1
13863441016231913749
2 6 2 3 -1  0.905
13863543192614241022
0 4 0 2 -1  -0.38742
13863581257427597830
1 0 2 0 -1  -1
13863613822515045656
2 1 6 5 -1  -0.9
13863665681050425459
6 4 5 5 -1  -0.282429
13863739537729972075
2 5 1 4 -1  0.81
