14671344716936934929
2 4 1 3 -1  0.0202755
14671349848908516929
2 0 3 0 -1  -0.0278128
14671392901995512520
3 2 4 3 -1  0.729
14671527412306818171
5 3 4 5 -1  0.000332989
14671531812391173803
1 2 0 1 -1  -0.0309031
14671635255283774410
0 6 0 7 -1  0.282429
14671636983296181956
2 4 3 3 -1  -0.0186159
14671834011188507990
1 4 2 5 -1  0.135085
14672333073845715275
3 0 4 0 -1  -0.228768
14672451387332815664
2 4 2 5 -1  1
14672536008467114146
3 3 5 4 -1  -0.59049
14672624766648820205
2 4 5 1 -1  -0.0250315
14672629926676769962
1 3 0 4 -1  -0.098477
14672762404114356424
0 5 3 5 -1  -0.150095
14673178819570833582
3 3 3 4 -1  -0.0250315
14673371299340609761
2 6 1 7 -1  0.0343368
14673454869624640600
0 2 0 1 -1  0.0343368
14673500021456846419
0 0 0 2 -1  -0.0107753
14673743521101347239
0 2 0 7 -1  -0.0581497
14673957394198089898
3 3 4 2 -1  -0.59049
14674312518328976827
2 7 5 7 -1  0.729
14674520977324656922
0 3 4 3 -1  -0.00304325
14674552395805227058
7 2 5 1 -1  0.38742
14674739865222808687
3 4 2 3 -1  -0.166772
14674780527864726122
2 6 4 5 -1  0.0646108
14674799233946637767
2 5 1 6 -1  0.38742
14674965854733857557
3 1 4 0 -1  -0.166772
14675133868583659861
0 1 7 1 -1  -0.531441
14675186776798832124
1 4 2 5 -1  0.531441
14675190501151671010
1 4 3 4 -1  0.00417455
14675557813993722689
0 5 0 2 -1  0.205891
14675792127824107347
2 1 2 4 -1  -0.00572641
14676040656935565785
1 4 1 3 -1  -0.0250315
14676112839178825941
1 1 2 2 -1  -0.00145558
14676148398219871699
5 7 2 7 -1  0.0423911
14676299328611222485
0 5 1 4 -1  0.228768
14676413614534395580
1 3 3 1 -1  0.000955003
14676491221735283728
3 0 7 0 -1  -0.0886293
14676502333445684642
0 0 0 4 -1  0.00515377
14676551704418558691
2 5 2 6 -1  0.135085
14676681796851054454
1 0 5 4 -1  -0.9
14676743551420841958
0 5 1 6 -1  -0.0343368
14676780433210289848
2 5 3 6 -1  0.430467
14676861806826416334
1 5 3 5 -1  0.0581497
14676921640742161834
0 2 0 1 -1  -5.55331e-05
14676922825011963272
1 6 1 7 -1  0.81
14676999056372881272
1 6 3 6 -1  0.478297
14677084611724642848
0 2 1 2 -1  -0.0309031
14677211632729581044
0 0 0 1 -1  0.729
14677363069787337563
2 4 1 3 -1  -0.729
14677368908750042380
4 3 6 4 -1  -0.098477
14677376950649676360
0 5 1 5 -1  0.0147809
14677631289129159250
0 5 3 2 -1  -0.0423911
14677679221556013034
1 1 3 1 -1  -0.254186
14677703359304873706
1 3 1 0 -1  0.0471013
14677768292262997714
1 4 2 5 -1  -0.00417455
14677890819804071925
6 3 6 2 -1  0.00969773
14678199637984631907
0 3 2 5 -1  -0.098477
14678218712195316863
2 4 1 2 -1  0.254186
14678559410975396338
1 0 2 0 -1  -0.121577
14678616382533123183
3 0 3 1 -1  -0.00304325
14679605883168431975
0 5 2 3 -1  0.205891
14679607248238461180
0 0 0 2 -1  0.0717897
14679674901337607241
0 3 0 1 -1  -0.0646108
14680318501235527841
0 5 1 4 -1  -0.0225284
14680393334902810101
6 0 7 1 -1  -0.121577
14680446149959987652
0 4 0 5 -1  0.228768
14680457333971862367
0 3 2 1 -1  0.150095
14680476460716721936
4 4 5 4 -1  0.348678
14681062065720252455
1 2 2 4 -1  0.166772
14681240005951484187
1 5 2 5 -1  0.282429
14681345841520101213
1 1 5 1 -1  -0.254186
14681359748171614529
2 3 3 1 -1  0.0797664
14681434282137512614
0 2 0 0 -1  0.31381
14681458924950779144
2 4 5 7 -1  0.0343368
14681622868245212108
6 0 4 0 -1  -0.531441
14681783935047035428
2 5 6 1 -1  -0.000773553
14681973716043559664
1 3 2 3 -1  0.121577
14682221130570534710
5 3 4 5 -1  0.109419
14682240643826094444
0 4 0 6 -1  -0.0309031
14682361113518447767
0 1 2 2 -1  -0.0202755
14682428283467115898
2 5 3 6 -1  0.166772
14682649590202808786
2 7 3 7 -1  0.9
14682738517895853877
0 6 2 5 -1  -0.00417455
14682830959406483813
1 6 2 5 -1  0.000859503
14682930229269399130
6 4 7 3 -1  -0.38742
14682949014028423262
1 3 2 2 -1  -0.135085
14683215666432290285
5 3 2 3 -1  -0.205891
14683224601257159030
3 5 4 6 -1  0.228768
14683457817541243394
1 4 3 2 -1  -0.59049
14683670039698184748
4 1 2 0 -1  0.121577
14683678763833423235
0 1 2 2 -1  -0.0672225
1 0 2 0 -1  -0.0119725
14683808315890664483
1 2 2 2 -1  -0.81
14683866098769109165
0 3 1 4 -1  0.150095
14684125605145310286
2 4 2 2 -1  -0.81
14684342106881602180
6 4 1 4 -1  -0.430467
14684669001441650735
1 4 2 4 -1  -0.228768
14684782610101322818
4 1 5 1 -1  -0.0646108
14684965292846190686
2 2 5 2 -1  0.531441
14684990119015190124
0 0 0 4 -1  -0.254186
14685021994513855489
1 2 1 5 -1  0.478297
14685077825379372029
2 3 1 2 -1  -0.430467
14685113357178070690
0 3 3 3 -1  0.0717897
14685364146180126599
2 5 3 4 -1  -0.478297
14685594651755265755
2 5 1 3 -1  -0.0797664
14685889187610263852
0 4 4 4 -1  -0.00785516
14685948625461434448
2 5 5 5 -1  -0.150095
14686011788607205319
2 6 2 1 -1  0.0423911
14686028912542383239
1 2 1 4 -1  0.0278128
14686700854220073252
1 3 2 4 -1  0.348678
14686732161476085119
2 6 3 6 -1  0.282429
14686836585827570713
1 5 3 5 -1  -0.0119725
14686850644007606634
3 3 7 3 -1  -0.109419
14686982572942716285
5 0 6 0 -1  -0.81
14686987774573038521
6 2 7 2 -1  -1
14687006862563360782
4 3 4 2 -1  -1
14687094364374535201
0 4 0 5 -1  -0.228768
14687159071333254296
1 0 3 0 -1  0.0423911
14687175184870910408
2 4 4 4 -1  -0.228768
14687238435864915701
1 1 3 1 -1  -0.348678
14687301805211311346
2 4 3 5 -1  0.00785516
14687329296305443038
0 3 0 1 -1  0.121577
14687859503251542579
2 0 3 0 -1  -0.0523347
14687864202559386266
2 4 4 6 -1  -0.228768
14687895315193209097
0 4 0 3 -1  -0.0278128
14688034454389213277
3 3 4 3 -1  -0.00872795
14688073917347093664
6 7 5 7 -1  0.9
14688312121774793672
0 2 1 1 -1  0.9
14688371212095398681
1 0 2 0 -1  -0.00636268
14688466642859083356
4 7 3 5 -1  -0.254186
14688473350319808845
2 0 4 2 -1  0.00131002
14688515582307263673
1 4 0 4 -1  -0.38742
14688798454800213886
1 1 2 2 -1  -0.0225284
14688895271899764314
0 3 0 4 -1  -0.109419
14689391859133472237
2 1 3 0 -1  -0.9
14689526869572946227
2 4 2 6 -1  -0.0250315
14689764065564387390
0 7 2 6 -1  -0.348678
14689940313040018037
1 5 3 7 -1  -0.0523347
14690056391763743292
1 1 2 1 -1  -0.0119725
14690062803767673477
5 7 4 6 -1  0.205891
14690141385728096708
0 3 0 4 -1  -0.0133028
14690279807065747557
2 3 3 2 -1  -0.0886293
14690445531549634632
1 5 2 5 -1  0.121577
14690696020023277520
5 3 6 3 -1  -0.6561
14690734170256896539
0 3 6 3 -1  0.121577
14690800125374160872
1 0 4 3 -1  -1
14690881799881277719
3 3 5 2 -1  -0.0717897
14690890173785370119
1 0 3 0 -1  -0.000626578
14691233438190490561
1 2 2 2 -1  0.098477
14691369627531716699
2 3 4 2 -1  0.0278128
14691444095191412149
4 3 5 3 -1  -0.531441
14691647572061401394
4 3 3 5 -1  -0.0797664
14691767184557446225
3 6 3 7 -1  0.254186
14691782172813291292
2 3 7 3 -1  0.81
14691782700799618789
0 6 1 6 -1  -0.729
14691914736914757993
3 2 5 1 -1  -0.348678
14692009879785110408
0 0 0 3 -1  0.00636268
14692240090070989443
2 5 4 4 -1  -0.0225284
14692422095070112206
1 5 2 5 -1  -0.000696197
14692447807301386334
1 5 2 4 -1  -0.135085
14692783032659013132
0 3 0 4 -1  -0.0250315
14692818177211808554
3 1 4 1 -1  -0.6561
14692839255038466048
0 3 1 3 -1  -0.282429
14692848986490106549
1 3 3 4 -1  -0.478297
14692859807080647062
1 3 5 3 -1  -0.6561
14692908834048286371
4 1 6 2 -1  -0.0797664
14692963184526911172
4 5 3 4 -1  -0.478297
14692981688609665627
1 5 2 5 -1  -0.000773553
14693223376740539920
4 0 5 0 -1  0.348678
14693241809729032065
1 5 2 5 -1  -0.00117902
14693388580540841891
6 0 4 0 -1  0.59049
14693472984135659099
1 7 1 6 -1  -0.478297
14693542748850046110
1 3 1 0 -1  1
14693742793558495961
6 6 4 4 -1  0.135085
14693759280581968180
2 5 3 5 -1  -0.228768
14693777353267927118
1 4 3 4 -1  0.0523347
14693812223925962638
0 2 1 3 -1  0.282429
14693982701296359923
3 3 4 5 -1  0.135085
14694097605516022390
7 0 7 7 -1  -1
14694219206103649731
2 6 7 1 -1  0.205891
14694232116537557753
0 5 7 5 -1  -0.478297
14694308236928965010
1 3 0 4 -1  -0.098477
14694512767228391078
0 3 0 1 -1  0.0202755
14694533555678786388
3 1 0 1 -1  0.038152
14694653092509246369
3 3 4 4 -1  0.0250315
14694758576177674665
5 4 5 3 -1  -0.228768
14694838596031715277
0 4 0 2 -1  -0.00161731
14694880106438105640
1 4 0 5 -1  0.348678
14695045209593127222
3 0 4 0 -1  -0.282429
14695125981520833051
2 4 3 3 -1  0.205891
14695327875181934159
1 2 3 4 -1  0.254186
14695354469873582379
1 4 3 5 -1  -0.166772
14695538201152622986
0 0 0 2 -1  -0.00192618
2 5 4 4 -1  0.00515377
14695586734315492597
6 3 5 5 -1  0.59049
14695938389313826401
2 1 3 1 -1  0.121577
14695960720442031656
1 2 2 2 -1  0.150095
14695998815787952203
0 4 1 4 -1  -0.098477
14696289799922818220
3 4 2 6 -1  0.478297
14696407446672906915
4 2 6 2 -1  0.150095
14696769239402656206
2 3 3 4 -1  -0.205891
14696795349636591437
0 1 2 0 -1  -0.0164232
14696875935495041102
0 6 1 7 -1  0.282429
14697552127816088460
2 2 0 3 -1  -0.166772
14697632518904136913
1 7 5 7 -1  -0.31381
14697992425759300566
1 3 0 4 -1  -0.00785516
14698034752068481695
0 3 0 4 -1  -0.6561
14698135379624661613
2 6 6 6 -1  -0.0225284
14698149276559435080
0 3 0 2 -1  0.0202755
14698386492527936985
1 5 2 5 -1  -0.0250315
14698411231901547134
2 1 1 1 -1  0.185302
14698503950432892881
4 1 5 0 -1  -0.0423911
14698553830617464303
4 2 5 0 -1  -0.109419
14698817998760659137
3 4 6 1 -1  7.61772e-05
14698921941165552567
1 3 0 2 -1  -0.31381
14699051599409950119
1 5 2 5 -1  0.31381
14699217892923447508
4 7 5 7 -1  -0.59049
14699657008513841263
2 3 3 5 -1  -0.0309031
14699766198045131847
2 3 2 2 -1  0.38742
14699868672127682790
3 4 2 2 -1  -0.6561
14700122354664529133
1 3 2 3 -1  0.0107753
14700169597554895599
1 4 2 3 -1  -0.430467
14700525650836983257
0 3 2 3 -1  0.121577
14700824159245179885
1 7 0 7 -1  0.0523347
14701082352880476828
0 3 0 7 -1  0.59049
14701160396491349565
0 4 0 6 -1  -0.109419
14701372459548614206
1 1 3 1 -1  -0.0164232
14701486603611579957
1 4 3 2 -1  -0.31381
14701636176573750224
0 3 1 3 -1  -0.135085
14701737517928716181
0 3 6 3 -1  -0.9
14702027595774310566
0 3 4 3 -1  -0.38742
14702062593826336950
4 6 3 4 -1  -0.81
14702133691187325415
1 1 0 2 -1  0.478297
14702197006223724101
0 4 0 3 -1  0.098477
14702568870400197111
0 3 0 2 -1  -0.729
14702664463836789923
1 5 2 6 -1  0.205891
14702675834999124387
1 1 2 2 -1  0.0225284
14703026874602588823
1 0 2 0 -1  0.729
14703221760113010274
0 1 6 1 -1  -0.00785516
14703404206882386530
6 7 4 7 -1  -0.430467
14703763902006905189
2 5 4 4 -1  0.135085
14703785383887350453
0 3 1 3 -1  -0.018248
14703932799603537232
3 1 0 4 -1  -0.81
14704112016376531098
2 1 6 5 -1  -0.0309031
14704189263531565463
3 7 6 4 -1  -0.9
14704311493623385480
6 5 6 1 -1  0.0646108
14704338684623436239
2 5 3 3 -1  -0.0886293
14704376257918404021
2 4 4 6 -1  -0.00273892
14704887077840863806
2 5 3 4 -1  -0.0886293
14704957305378125049
5 2 6 3 -1  0.0278128
14705027580419051472
0 5 0 4 -1  -0.135085
14705056418286733181
3 2 4 3 -1  0.150095
14705062294863369341
3 0 5 2 -1  0.38742
14705244286563388231
3 2 6 2 -1  -0.81
14705391536666017389
4 4 5 5 -1  0.0202755
14705502487524151248
0 6 0 5 -1  0.0886293
14705535691183285822
0 2 2 4 -1  0.109419
14705637304495553731
1 5 0 4 -1  0.0278128
14705647806173386394
6 3 4 1 -1  -0.59049
14705681590510894783
1 7 2 6 -1  0.0164232
14705738619898611153
2 0 2 4 -1  0.228768
14706053592761819105
1 6 2 6 -1  -0.205891
14706275976839697924
0 5 2 6 -1  0.135085
14706300445328414934
1 6 2 6 -1  -0.0797664
14706536981772146118
0 3 6 3 -1  -0.348678
14706616164474939663
0 4 0 6 -1  -0.00572641
14706712663021917949
2 7 1 5 -1  0.430467
14706730549892424720
0 3 1 3 -1  0.0797664
14706774754794871712
4 4 2 5 -1  -0.109419
14706868536241120964
1 2 2 1 -1  -0.00246503
14706962582839462342
2 1 1 2 -1  -0.0581497
14707056223784561524
0 7 0 6 -1  0.6561
14707154820910003884
1 4 4 1 -1  -0.31381
14707217258052852336
1 6 4 3 -1  -0.018248
14707348634359750172
0 6 0 7 -1  1
14707503433136476533
0 5 1 6 -1  -0.00706964
14707591677820077570
0 0 0 3 -1  -0.098477
14707614844405989933
4 6 5 5 -1  0.0887381
14707808622531829223
3 2 4 2 -1  -0.531441
14707923971158946744
0 5 0 3 -1  -0.0423911
14707998237588683861
1 2 7 2 -1  -0.59049
14708041317225682474
0 4 0 3 -1  -0.59049
14708109628336923474
0 5 2 7 -1  0.00106111
14708205488228837722
1 3 5 3 -1  -0.348678
14708278399300831323
3 4 4 5 -1  -0.0202755
14708345177586444943
2 6 1 6 -1  -0.282429
14708387134906634624
0 3 1 3 -1  0.150095
14708570561170569430
2 7 3 7 -1  0.6561
14708613474372364189
6 0 5 0 -1  -0.81
14708663099484403441
5 0 6 1 -1  -0.282429
14708771372970518907
0 2 4 6 -1  -0.0471013
14708802591848041531
2 1 1 3 -1  -0.0523347
14708987052419670202
4 6 3 7 -1  0.9
14709021202981670708
2 2 0 0 -1  0.185302
14709187144926799552
1 3 2 1 -1  0.0250315
14709227380928478166
3 4 4 3 -1  -0.31381
14709436761916893507
0 6 0 5 -1  0.121577
14709445935911664441
1 2 2 3 -1  -0.109419
14709623038958372663
2 2 4 3 -1  -0.00463839
14709626413062698274
1 2 3 2 -1  -0.018248
14709630345494399170
2 0 3 1 -1  0.282429
14710025789027914837
0 3 1 3 -1  0.0225284
1 0 3 0 -1  -0.0147809
14710069089692421309
3 3 1 4 -1  -0.31381
14710199694340416560
0 2 1 3 -1  -0.0646108
14710207670684768094
4 3 5 3 -1  0.00246503
14710261492637327631
5 3 4 1 -1  0.098477
14710379629938237575
4 6 3 5 -1  -0.6561
14710420076778305796
0 4 0 5 -1  -0.228768
14710461812815878143
4 4 5 4 -1  -0.205891
14710688305005727120
0 7 1 7 -1  -0.109419
14710831200548871690
1 6 2 5 -1  -0.6561
14710923666648646088
0 1 2 2 -1  -0.0250315
14711030518058995461
0 5 0 2 -1  -0.0037571
14711040851946559498
0 3 1 2 -1  0.0202755
14711052386353315125
1 3 3 3 -1  -0.0523347
14711085249089400683
1 7 2 6 -1  -0.0119725
14711442851720171869
1 3 3 4 -1  0.0423911
14711635021860917476
1 3 2 3 -1  0.0250315
14711763727940349676
4 4 5 2 -1  -0.00199668
14711777012686786754
2 5 1 4 -1  -0.31381
14711929899267913192
3 5 4 4 -1  0.185302
14712033847210578275
2 5 1 3 -1  0.0147809
14712082026098517046
2 4 2 3 -1  0.150095
14712388123815461007
0 5 2 3 -1  -0.150095
14712457238993104058
3 0 2 2 -1  0.0797664
14712490859924653641
3 2 4 3 -1  -0.6561
14712558287945534212
2 1 2 3 -1  0.135085
14712720257934509814
5 5 7 4 -1  -0.228768
14712964135097483343
4 3 6 2 -1  -0.135085
14712969691271724732
0 3 2 3 -1  -0.228768
14713274013708352606
1 7 3 7 -1  1
14713417549519680643
5 4 7 4 -1  0.0309031
14713477874912081786
1 1 3 3 -1  0.0343368
14713751629103068844
3 7 2 6 -1  0.0133028
14713784212745849460
2 2 3 3 -1  -0.00179701
14713867505537221962
4 2 2 0 -1  0.185302
14714329698504769460
0 2 1 3 -1  -0.0278128
14714529037450316153
3 0 4 1 -1  -0.0886293
14714530730331917551
0 2 2 2 -1  -0.150095
14714553692760513314
3 2 3 4 -1  0.150095
14714568518317030242
3 0 3 2 -1  -0.228768
14714607074519413382
0 2 1 3 -1  -0.00515377
14714695875645851010
0 3 3 3 -1  -0.038152
14714730795039495680
1 4 7 4 -1  -0.228768
14714891189901954044
3 5 3 3 -1  -0.6561
14715486888759908844
0 3 1 5 -1  0.00221853
14715497284958344675
1 5 2 5 -1  0.00872795
14715811158781361612
3 7 4 6 -1  0.59049
14715851311647521492
3 6 5 7 -1  0.00636268
14716045307708505194
2 1 1 1 -1  0.0797664
14716174461556693326
1 7 2 7 -1  0.348678
14716177987329770381
6 1 6 0 -1  -0.478297
14716410702754808189
4 5 6 5 -1  -0.282429
14716418436708130879
0 3 2 3 -1  -0.0886293
14716459540839579997
0 5 0 1 -1  0.0581497
14716615358615053649
1 2 2 4 -1  -0.0886293
14716676265218646726
1 3 3 4 -1  -0.00417455
14716871769424878651
3 4 2 5 -1  0.150095
14716883231856038380
1 3 0 3 -1  0.00969773
14717097106427963353
4 0 5 1 -1  -0.0343368
14717271067255825718
0 4 0 6 -1  -0.0119725
14717306011307897397
0 2 3 5 -1  0.135085
14717368821253926698
4 6 7 3 -1  0.0202755
14717376051682822580
4 6 1 3 -1  -0.098477
14717621969939459406
1 0 3 0 -1  0.0886293
14717690244841724542
4 1 5 3 -1  -0.109419
14717819660091090329
0 5 1 4 -1  0.0886293
14717859217380824591
4 0 6 1 -1  -0.0523347
14718021770035106829
3 3 3 2 -1  -0.0581497
14718576178119106766
3 5 2 4 -1  -0.430467
14718836397094794904
7 3 5 3 -1  -0.9
14718913829353661245
2 2 1 3 -1  -0.38742
14719036984854458639
6 1 7 3 -1  -0.531441
14719058127717989448
4 4 5 4 -1  -0.9
14719270216569902291
2 0 0 0 -1  0.0523347
14719454783730600761
1 7 2 7 -1  0.228768
14719775498548830071
0 4 4 0 -1  -0.228768
14719850631650719261
0 0 0 2 -1  0.135085
14719939236306521932
3 3 4 4 -1  0.6561
14719961282749208409
4 2 5 2 -1  -1
14720248514766129874
0 4 0 3 -1  -0.478297
14720253101373786352
6 6 7 5 -1  -1
14720380274692560751
1 5 2 5 -1  0.254186
14720395122218222348
6 4 2 4 -1  -0.9
14720422017364533403
3 2 5 1 -1  -0.098477
14720430828228746466
5 5 4 7 -1  0.0119725
14720497928655400457
4 6 5 4 -1  -0.185302
14720564702958567141
2 7 3 7 -1  -0.348678
14720694239505165484
7 6 1 6 -1  -0.282429
14720850051480773856
0 4 0 0 -1  -1
14721067928870556677
2 7 3 7 -1  -0.729
14721452962969618219
0 5 0 3 -1  0.098477
14721533588755944163
2 5 1 4 -1  0.6561
14721590236499234533
2 7 2 5 -1  -1
14721734485966911483
7 3 7 7 -1  -0.38742
14721921338221284272
1 1 5 5 -1  -0.0523347
14721929953103058268
3 5 4 5 -1  -0.150095
14721996852846023951
3 2 4 1 -1  -0.0278128
14722064266347368628
1 2 0 3 -1  -0.166772
14722158736638797214
3 1 4 1 -1  -0.31381
14722228532608024928
3 4 6 1 -1  -0.0581497
14722417093963710526
0 0 0 1 -1  -0.000456775
14722478246674344322
0 0 1 0 -1  -0.0225284
14722746711714385687
1 3 3 3 -1  -0.205891
14722798274004406893
0 4 2 3 -1  0.00515377
14722873254097429854
1 7 2 7 -1  -0.478297
14722886035828805586
5 2 5 4 -1  -0.000143341
14722922443096687503
4 2 4 7 -1  -0.00969773
14723260975289989929
5 3 3 4 -1  -0.478297
14723306244020684110
1 5 2 5 -1  0.729
14723391504645891911
3 6 1 4 -1  -0.729
14723409025954037391
3 4 4 3 -1  -0.166772
14723614919018650672
1 3 2 3 -1  0.0717897
14723689620689024539
4 7 4 4 -1  -0.150095
14723834698174391208
4 2 2 4 -1  0.348678
14723910673541996492
1 2 1 0 -1  -0.478297
14723992459102787710
4 0 5 1 -1  1
14724137875919777184
5 6 7 5 -1  0.348678
14724255362578372955
0 1 1 3 -1  -0.000773553
14724297671399780947
1 4 2 4 -1  -0.0202755
14724397549995235600
1 6 1 5 -1  0.0523347
14724546705571859106
3 3 1 3 -1  0.205891
14725137433792124810
0 6 1 7 -1  -0.109419
14725600473980699152
7 1 6 2 -1  -1
14725664290309615719
2 2 1 4 -1  -0.0278128
14725821059933894836
2 0 3 0 -1  -0.38742
14725931320331883257
0 5 0 4 -1  -0.228768
14726073710332519361
1 1 3 1 -1  0.00304325
14726091073838896851
7 2 7 4 -1  -0.166772
14726305677795704239
4 0 5 1 -1  -0.0309031
14726311249772569100
5 5 5 4 -1  -0.135085
14726351180798392389
1 7 3 7 -1  -0.38742
14726359296594812776
1 3 3 4 -1  -0.185302
14726428695176836002
1 5 2 5 -1  0.0133028
14726755768666718955
4 1 5 2 -1  -0.348678
14727421753073737109
4 6 0 2 -1  -0.38742
14727556142778411329
2 2 3 4 -1  -0.6561
14727904849760929356
5 7 3 5 -1  -0.282429
14727944106903714645
1 3 1 2 -1  -0.166772
14727947756686620709
1 5 1 4 -1  -0.038152
14728085379031171424
0 3 1 3 -1  0.038152
14728366913272063706
2 5 3 5 -1  0.166772
14728478031839019063
3 2 4 2 -1  -0.0037571
14728518521508527588
3 0 4 0 -1  -0.0423911
14728677623796376845
3 2 2 4 -1  -0.0423911
14728978064665035307
0 5 3 2 -1  -0.150095
14729048171523778627
6 7 7 7 4  0.38742
14729066035161181287
0 6 1 5 -1  -0.729
14729179709498002603
3 4 4 3 -1  -0.0797664
14729196016204288567
0 3 7 3 -1  0.0309031
14729336043562919255
3 7 4 7 -1  -0.185302
14729546145888391741
0 1 0 0 -1  -0.150095
14729628289062503072
0 2 0 7 -1  0.0309031
14729654176887039212
0 3 1 4 -1  0.350615
14729705299531200421
3 2 5 0 -1  -0.282429
14729923747446052189
1 3 3 3 -1  0.430467
14730036956468576911
2 3 2 6 -1  0.9
14730086146618002574
2 1 0 3 -1  0.0717897
14730256675522231670
4 1 2 0 -1  -0.0250315
14730277045848900838
2 7 1 6 -1  0.098477
14730851489283448325
6 4 2 4 -1  0.6561
14730876540121282233
0 3 4 3 -1  0.0225284
14730958551792777806
5 2 2 5 -1  -0.205891
14731050341909116770
4 3 3 4 -1  -0.478297
14731092726117678332
1 1 3 1 -1  -0.098477
14731105127917384548
0 6 2 4 -1  0.9
14731300201526998312
5 4 7 4 -1  -0.205891
14731329744128658262
1 0 3 0 -1  -0.59049
14731468116531840721
1 7 2 7 -1  -0.0523347
14731507669623089308
1 5 2 4 -1  -0.018248
14732014021449249316
6 4 4 4 -1  -0.282429
14732508470374720489
0 3 1 3 -1  -0.282429
14732698899672993260
5 4 6 4 -1  -0.531441
14732830093835474514
4 5 3 6 -1  -0.282429
14732899426031749618
2 3 3 1 -1  -0.0646108
14733104191764561209
3 3 4 2 -1  -0.000369988
14733354728743093963
0 1 1 3 -1  -0.430467
14733387554463172206
3 4 3 5 -1  0.348678
14733489314223770720
5 3 7 2 -1  0.135085
14733517875576592076
3 4 3 3 -1  1
14733556721812659347
0 4 1 3 -1  0.59049
14733889734364336194
1 6 2 6 -1  0.121577
14734023132613186519
1 1 3 1 -1  -0.109419
14734426306442704540
0 2 1 1 -1  0.430467
14734597016446413078
2 6 1 5 -1  -0.9
14734720266784819437
0 5 0 3 -1  -0.00785516
14734748345802176260
1 4 4 1 -1  -0.150095
14735177735139540238
0 3 1 3 -1  -0.0423911
14735315632050499224
1 7 2 7 -1  0.0886293
14735506202982817566
1 6 2 6 -1  0.00872795
14735511881030807600
1 5 3 3 -1  0.430467
14735816761109384159
4 1 3 2 -1  -0.348678
14735971268198305012
1 7 3 7 -1  -0.0523347
14736019605433328725
3 6 4 6 -1  -0.9
14736052761026249974
3 6 5 5 -1  -0.531441
14736144043044390787
1 4 2 4 -1  -0.0225284
14736477581768168928
3 4 1 4 -1  0.0037571
14736478012623304018
0 0 0 3 -1  -0.0164232
14736494210090041466
3 2 4 3 -1  -0.00969773
14736498339717780955
1 1 2 2 -1  -0.00872795
14736591558502127286
0 4 0 1 -1  0.9
14736598473753314173
1 2 6 7 -1  -0.205891
14736690107667973455
0 6 1 4 -1  0.00636268
14736692582431842128
0 2 1 1 -1  0.185302
14736735961256841298
2 4 3 5 -1  0.0202755
14736782544862185658
2 6 2 7 -1  0.38742
14736811613639735074
2 7 3 6 -1  0.59049
14737031499525471136
1 3 2 3 -1  -0.478297
14737679763600797904
0 0 0 3 -1  -0.0133028
14737825203311269330
2 1 2 3 -1  0.0423911
14737954818090590640
2 3 5 6 -1  0.478297
14738137795099222502
5 3 5 4 -1  -0.59049
14738192972578360930
0 3 0 6 -1  0.121577
14738413735647361444
3 0 1 2 -1  -0.018248
14738415808438812700
0 6 0 7 -1  0.00199668
1 0 3 0 -1  -0.185302
14738433622129056745
1 2 3 2 -1  -0.0101549
14738601221402129364
0 3 1 3 -1  -0.0423911
14738709553623965306
4 2 6 1 -1  -0.000456775
14738800547895686930
2 2 1 4 -1  -0.185302
14738937353770225849
0 0 0 2 -1  0.0107753
14739001161881354255
0 5 0 4 -1  0.0581497
14739066181551817809
1 4 2 3 -1  -0.185302
14739158777033457540
1 5 2 6 -1  -0.729
14739173015517847380
3 7 4 7 -1  -0.000955003
14739316598568179919
0 2 1 2 -1  0.205891
14739428307274937270
2 6 3 5 -1  -0.0886293
14739498389500338438
1 2 0 3 -1  -1
14739713275213755724
2 5 2 6 -1  0.348678
14739771518303538700
2 4 0 2 -1  0.282429
14740100555141822655
4 1 5 2 -1  0.00417455
14740272820883290055
1 5 3 5 -1  -0.430467
14740412903778228679
3 4 4 4 -1  0.185302
14740441251466482042
1 6 3 6 -1  -0.31381
14740559240413612586
1 2 2 1 -1  -0.0886293
14740689344295446669
2 3 0 3 -1  -0.185302
14740869671447861139
4 0 4 3 -1  0.228768
14741176596704094361
2 2 1 2 -1  0.228768
14741228704547909175
2 4 4 5 -1  0.31381
14742039655105305031
2 4 2 5 -1  0.038152
14742282512111092211
1 3 3 4 -1  -0.018248
14742484564057987948
4 0 5 2 -1  0.166772
14742581738507147967
6 1 5 2 -1  0.478297
14742681735239688901
6 6 6 7 -1  -0.0343368
14742744729035633235
2 5 4 6 -1  -0.0954984
14742876348614519067
1 0 2 1 -1  0.0523347
14743450653731141624
7 6 4 6 -1  -0.729
14743778492567749144
3 2 2 4 -1  -0.135085
14743848081375406250
0 2 0 3 -1  -0.6561
14744082923600952745
2 4 3 2 -1  0.729
14744095662919495740
0 2 1 1 -1  -0.00515377
14744148080622125908
2 1 3 2 -1  -0.0797664
14744230600836321614
1 1 2 0 -1  -0.0278128
1 2 2 2 -1  -0.0343368
14744236266075050576
0 2 3 5 -1  -0.00161731
14744336781090028675
2 5 3 5 -1  0.38742
14744436641758938354
0 3 0 7 -1  0.166772
14744559631819435783
2 1 3 2 -1  0.531441
14744563065540716761
0 6 1 4 -1  0.0133028
14744568047570515289
2 2 3 3 -1  0.00221853
14745042545675579456
0 5 0 4 -1  0.430467
14745126917190547968
4 4 5 4 -1  0.0423911
14745234614517418078
2 2 4 3 -1  -0.00706964
14745262593283641794
2 2 3 3 -1  -0.282429
14745264281240364378
2 2 0 0 -1  -0.166772
14745342462580055813
0 0 0 3 -1  0.0423911
14745591799350706767
2 7 1 6 -1  -0.531441
14745750270826123710
5 0 5 4 -1  -0.81
14745801262286904231
3 7 4 7 -1  -0.228768
14745865121703280858
2 2 1 4 -1  -0.348678
14746072809808344370
2 1 4 3 -1  -0.150095
14746171937623636412
3 5 5 3 -1  -0.81
14746377231694539770
4 6 4 7 -1  -0.729
14746470342274053083
3 7 4 7 -1  0.6561
14746653996146219388
0 3 1 3 -1  -0.282429
14746788300447244370
1 1 3 1 -1  0.31381
14746853251342282975
1 7 2 6 -1  -0.282429
14746877983291851051
4 4 5 3 -1  -0.0164232
14747138922731461081
2 4 4 2 -1  -1
14747268806303179584
2 6 1 5 -1  -0.81
14747466728930705489
2 5 4 3 -1  0.31381
14747623570556689264
3 2 4 3 -1  -0.6561
14747685792126399613
4 6 4 5 -1  -0.478297
14747712509373353111
5 4 5 5 -1  -0.478297
14747785009414513741
2 2 2 3 -1  0.166772
14747800248225510205
0 6 1 6 -1  -0.0202755
14747904139459851183
0 2 0 0 -1  -0.0471013
14748118856501738110
0 5 1 6 -1  0.0523347
14748141162179704898
1 0 3 0 -1  -0.0581497
14748296404244581971
2 0 6 4 -1  -0.00338139
14748502494042118836
0 4 1 5 -1  0.478297
14748608308551469774
0 2 0 1 -1  -0.121577
14748882367788349669
1 7 3 7 -1  -0.0471013
14748886197225005029
0 3 7 3 -1  0.254186
14749304232335249843
1 7 2 7 -1  -0.531441
14749645046285478869
6 1 6 0 -1  -0.254186
14749665848421770034
1 3 2 1 -1  -0.205891
14749859186164357977
1 1 2 2 -1  -0.348678
14749962320588867253
0 1 1 1 -1  -0.150095
14750051298088630932
3 6 2 5 -1  -0.31381
14750247089234517706
3 6 4 7 -1  0.121577
14750274131316086263
2 5 4 4 -1  -0.0250315
14750423042008396983
3 2 4 2 -1  0.478297
14750536772593793218
0 7 1 7 -1  0.38742
14750658760003532839
1 7 0 7 -1  0.478297
14750675704381137825
4 5 6 4 -1  -0.254186
14751172245331281373
1 1 3 1 -1  -0.00572641
14751365589342028479
3 5 2 6 -1  -0.135085
14751403711908725349
0 4 0 2 -1  0.282429
14751664667442406346
4 5 4 4 -1  0.205891
14751718569078940367
3 3 4 3 -1  0.121577
14751965154657136281
3 2 4 2 -1  -0.0646108
14752120098100952295
3 2 3 4 -1  -0.531441
14752332350315558762
0 5 2 3 -1  -0.00338139
14752374025459171307
0 3 2 3 -1  -0.0471013
14752780948327784772
1 5 2 6 -1  -0.430467
14752813916442057821
4 1 3 1 -1  0.0717897
14752825763744268801
1 5 3 5 -1  -0.098477
14752880613149276117
5 4 5 5 -1  -1
14753003269229894150
0 5 4 1 -1  0.0523347
1 7 2 7 -1  -0.0797664
1 7 3 7 -1  0.0343368
14753060184329140701
0 2 1 1 -1  0.348678
14753203070010130955
2 0 3 1 -1  1
14753225070086639530
6 0 6 1 -1  -0.228768
14753443188624816183
1 4 2 3 -1  0.9
14753456252826761392
4 1 5 1 -1  -1
14753509652669907297
7 1 7 2 -1  -0.185302
14753735726359026318
1 3 0 4 -1  0.0164232
14753908665627094912
1 5 3 5 -1  0.0119725
14754085287262067960
3 2 7 2 -1  -0.9
14754242758297415800
3 3 4 4 -1  -0.0309031
14754413878484811881
0 2 1 3 -1  -0.166772
14754646110108878829
0 0 0 2 -1  -0.0107753
14754761353975478819
4 3 5 3 -1  0.430467
14754767790865815852
0 6 1 7 -1  0.150095
14754827920714824658
5 2 5 1 -1  0.098477
14754962956425371462
1 2 2 1 -1  0.0225284
14755332067351750081
3 6 4 5 -1  -0.228768
14755385418262631237
0 2 2 4 -1  0.135085
14755400118701165362
1 2 0 2 -1  -0.109419
14755444741555424865
1 7 3 7 -1  -0.282429
14755552530174614538
1 2 2 2 -1  0.254186
14755558856237490055
1 6 2 6 -1  -0.531441
14755643504583575603
1 0 2 0 -1  -0.0278128
14756231484494955803
1 1 3 1 -1  0.6561
14756340740815839337
0 5 0 3 -1  -0.018248
14756587017676730126
2 2 3 4 -1  -0.228768
14756725294778174489
4 3 5 3 -1  -0.430467
14756751098434913779
1 1 2 1 -1  -0.0107753
14756766508374917026
0 2 4 2 -1  -0.00969773
14756801583142137314
3 3 4 3 -1  0.00417455
14756922388465576001
1 4 3 4 -1  -0.109419
14757027653872063071
2 3 4 5 -1  -0.38742
14757060245023254868
1 3 2 4 -1  -0.00304325
14757221171540429943
4 2 5 2 -1  -0.121577
14757223495228659550
3 5 4 4 -1  -0.00706964
14757225970072559267
3 3 5 1 -1  0.00706964
14757307081004041337
4 3 6 5 -1  -1
14757319141946849113
4 4 5 4 -1  -0.228768
14757381539454991615
7 4 3 4 -1  -0.430467
14757446476860958983
3 2 4 3 -1  -0.0343368
14757451309008416626
3 1 4 1 -1  -0.038152
14757493491573091184
3 3 4 4 -1  -0.59049
14757602940372555040
2 1 1 2 -1  -0.31381
14757663746321950610
7 7 1 7 -1  0.0119725
14758362475263140522
5 1 4 0 -1  0.6561
14758544698026121787
0 5 0 6 -1  0.150095
14758591423429082271
5 4 6 4 -1  -0.81
14758735453686484890
0 0 0 3 -1  0.31381
14758888934824270134
7 4 7 5 -1  0.254186
14758932138197195705
0 3 1 2 -1  -0.00417455
14759009430312977347
0 6 0 7 -1  0.0250315
14759398331996306436
1 0 3 0 -1  -0.348678
14759592152574801485
0 5 4 5 -1  0.6561
14759616168253918048
4 3 5 4 -1  0.348678
14759692988955621300
5 6 4 5 -1  -0.478297
14759782238820821091
3 3 5 5 -1  -1
14759931563538660563
1 0 3 0 -1  0.109419
14759942070221358603
1 3 3 2 -1  0.6561
14760152203132975155
2 1 5 1 -1  -0.38742
14760160705292396274
1 0 2 0 -1  -0.135085
14760481884028062949
2 5 1 4 -1  -0.0886293
14760601917842661055
0 3 0 2 -1  -0.0147809
14760670420250842148
0 5 2 5 -1  -0.205891
14760755810813582511
0 4 0 3 -1  0.430467
14760873816331434351
0 1 1 3 -1  0.00872795
14761099317456029831
0 1 1 3 -1  0.00117902
14761169189292310781
4 6 2 4 -1  -0.0107753
14761305802110451897
6 5 6 4 -1  0.000859503
14761320034786952963
2 3 5 0 -1  0.81
14761430790193632371
0 5 4 1 -1  -0.0164232
14761584109448402891
1 0 5 4 -1  -0.430467
14762379530688777383
2 4 3 2 -1  -0.121577
14762391949668431111
7 3 7 1 -1  -0.166772
14762596399383501369
0 7 3 7 -1  1
14762680913354796416
3 0 4 0 -1  -0.531441
14762760823619922310
3 6 0 3 -1  0.150095
14762775692952055612
1 7 3 7 -1  -0.166772
14762810671774177432
0 4 0 6 -1  0.0646108
14762853292623445377
2 2 3 2 -1  -0.205891
14763038558911760112
1 4 2 4 -1  0.0423911
14763088445968791541
0 3 5 3 -1  0.531441
14763150714107117881
3 0 4 0 -1  -0.31381
14763550554064122287
5 7 3 5 -1  0.81
14763980704241840886
2 3 3 2 -1  -0.135085
14764019546462295435
0 6 1 5 -1  0.6561
14764086269946366308
0 6 6 6 -1  -0.254186
14764091930790017778
4 3 1 3 -1  0.59049
14764347289230186678
1 3 0 2 -1  -0.0581497
14764719534902302151
6 4 5 5 -1  -0.729
14764721991677426605
2 0 5 0 -1  0.121577
14765082401006876832
1 4 3 3 -1  -0.00706964
14765111018618846819
5 7 2 4 -1  0.0797664
14765292064170081436
0 5 1 5 -1  0.109419
14765532270958459916
0 7 1 6 -1  1
14765579898027368308
0 7 0 4 -1  -0.348678
14765610409605087112
2 5 3 3 -1  -0.00872795
14765868460569033818
2 4 3 5 -1  -0.9
14766021724679006175
2 1 3 1 -1  -0.0646108
14766239255822001294
4 6 4 4 -1  -0.81
14766299773304682581
5 2 5 4 -1  -0.9
14766329138692529877
2 7 3 7 -1  -0.135085
14766469159680178777
4 5 1 5 -1  0.6561
14766561601162990860
2 3 4 4 -1  0.0581497
14766694519622320202
0 3 1 3 -1  -0.0164232
14766802115655200064
0 6 2 6 -1  0.0523347
14766840991842526829
0 5 2 6 -1  0.0343368
14766901535105784558
1 5 2 4 -1  -1
14767046058422400171
2 5 4 4 -1  0.121577
14767135715812911041
1 1 2 1 -1  0.0309031
14767222744188691620
3 3 4 4 -1  0.0133028
14767263419863113641
4 5 5 7 -1  -0.254186
14767332310546476399
2 7 4 5 -1  -0.121577
14767478540463216236
1 3 0 3 -1  0.098477
14767512863674407246
0 3 3 0 -1  0.0886293
14767543803149425898
0 5 0 2 -1  -0.0646108
14767674671670189747
3 0 4 0 -1  -0.0225284
14767683729138150392
1 6 2 4 -1  0.282429
14767788810650114812
0 1 1 3 -1  -0.0147809
14767852100165542940
0 0 0 3 -1  0.0309031
14768151150473018548
2 6 2 7 -1  -0.478297
14768216525320731909
1 0 1 3 -1  -0.0164232
14768373321935157024
2 2 3 4 -1  0.135085
14768395270672919500
3 7 4 6 -1  -0.59049
14768432620673068427
1 2 3 4 -1  -0.0278128
14768467852109653738
3 0 5 0 -1  -0.38742
14768688979844152361
2 1 3 2 -1  -0.038152
14768802231530670127
2 1 3 2 -1  -0.0717897
14769018739075394515
2 3 3 4 -1  5.55331e-05
14769028058787044280
3 5 4 5 -1  0.121577
14769124204779930548
3 0 4 0 -1  -0.478297
14769267368304298388
1 4 1 5 -1  0.430467
14769372444322962769
0 4 2 4 -1  -0.0646108
14769386920259801315
5 5 6 5 -1  -0.018248
14769428374677569330
1 4 3 3 -1  -0.430467
14769501138474917264
3 3 4 2 -1  -0.0250315
14769520866388764305
0 1 6 1 -1  0.6561
14769625342101776456
1 5 3 5 -1  -0.0343368
14769650343530893719
2 4 4 6 -1  0.185302
14769830002765496250
0 7 0 4 -1  0.038152
14769843575739775054
3 2 4 1 -1  0.0886293
14769923067387866469
1 6 3 6 -1  0.0309031
14770034372166649810
1 1 2 1 -1  -0.00706964
14770203109644556658
3 3 4 4 -1  -0.0225284
14770430821780059398
4 1 5 1 -1  -0.38742
14770504587422597469
1 0 3 0 -1  -0.185302
14770788470591280445
0 1 2 2 -1  -0.00149263
0 6 2 5 -1  -0.0106326
3 2 4 3 -1  -0.0423911
14770799670398412890
1 2 4 5 -1  -0.478297
14770906171887662011
1 4 0 3 -1  -0.0797664
14771250481873716296
7 2 5 2 -1  -0.531441
14771396890962922530
2 2 4 3 -1  -1
14771424578530659394
3 3 4 3 -1  -0.205891
14771626713175841584
2 5 3 5 -1  0.9
14771677047201060869
0 1 1 3 -1  -0.00572641
14772027714554818746
1 7 3 7 -1  1
14772062518867633561
0 0 0 4 -1  -0.00463839
14772067334833985983
0 3 0 4 -1  -0.0523347
14772114475986708859
0 1 2 0 -1  0.0250315
14772185401465387138
0 2 4 2 -1  0.0886293
14772316941080865346
2 5 3 5 -1  -0.38742
14772529808596209248
2 5 4 4 -1  0.00304325
14772634357852877099
2 2 3 0 -1  0.0797664
14772723151382012367
2 5 3 5 -1  0.6561
14772735749765729215
1 1 3 1 -1  -0.00515377
14772838266747516443
3 2 3 4 -1  0.205891
14772934061637256291
0 4 3 4 -1  -0.0523347
14773118870944001996
2 6 0 5 -1  0.00969773
14774134514588695931
1 7 0 7 -1  -1
14774589873294612894
1 7 3 7 -1  -0.0250315
14774624555552100750
2 6 1 4 -1  -0.0202755
14774742315061555435
2 4 4 5 -1  -0.81
14774810245044975211
4 1 6 0 -1  -0.0471013
14774885517570947366
3 4 4 4 -1  -0.0202755
14774943937096077534
4 5 2 3 -1  0.59049
14775552721636893774
2 2 4 3 -1  -0.228768
14775637172710369838
2 3 3 4 -1  -0.0717897
14775717392312800215
3 7 4 6 -1  -0.31381
14775847272596451959
5 2 4 2 -1  -0.228768
14775919899040446177
3 3 4 3 -1  -0.0202755
14775953030274183424
2 5 3 4 -1  -0.430467
14776243297354336370
1 5 4 2 -1  -0.098477
14776483224644032977
1 6 2 4 -1  -0.38742
14776508115985096096
2 1 3 2 -1  0.81
14776665689751699098
5 0 5 5 -1  -0.254186
14777169898012523003
0 1 4 1 -1  -0.0107753
14777214715940814848
4 6 5 4 -1  -0.59049
14777254071412083532
2 3 4 5 -1  0.109419
14777364178940100453
2 5 0 4 -1  -0.000242749
14777411495767118084
4 0 5 1 -1  -0.59049
14777505653527659187
1 2 1 0 -1  -0.0646108
14777510290916698328
0 3 3 3 -1  -0.0037571
14777683665419174671
2 4 4 3 -1  -0.150095
14778069122861268607
0 6 1 6 -1  -0.0646108
14778109478391335992
7 7 6 7 -1  -0.31381
14778212193210730197
0 6 1 6 -1  1
14778256714185883735
1 0 1 2 -1  -0.205891
14778292360902463424
5 1 6 1 -1  0.166772
14778389279391744790
1 4 2 4 -1  -0.00785516
14778662011035032605
1 0 7 6 -1  -0.9
14778667989942124969
2 5 3 5 -1  -0.00636268
14778728833730983943
2 3 2 2 -1  0.59049
14778742008441558785
3 5 1 3 -1  -0.00131002
14779064492501053167
0 1 2 0 -1  0.0523347
1 1 2 1 -1  -0.00785516
14779083558204293878
1 4 2 4 -1  -0.254186
14779186415331910787
5 2 7 2 -1  -0.0886293
14779192943481779374
0 6 1 6 -1  1
14779225308986907213
3 2 4 3 -1  -0.0646108
14779442656520266413
0 5 0 4 -1  -0.0426184
14779523926891029623
1 3 3 3 -1  -0.0423911
1 6 2 6 -1  0.0797664
14779820638226438568
0 1 0 4 -1  0.430467
14779829795813823970
1 4 2 6 -1  0.0202755
14780343737466832504
2 7 1 7 -1  -0.135085
14780581914924580690
1 3 3 2 -1  0.9
14780624754989244078
2 6 3 6 -1  -0.00338139
14780647277878099757
4 2 5 2 -1  -0.9
14781078772725592518
3 3 1 1 -1  0.6561
14781151780678795351
0 4 0 6 -1  -0.00872795
14781463155001932254
3 5 4 5 -1  -0.0225284
14781703759234812594
1 4 2 5 -1  0.0646108
14781765052374956836
0 6 0 7 -1  -0.135085
14781808644431015481
2 4 5 7 -1  0.0471013
14781909089462836868
2 3 6 7 -1  -0.0343368
14782002274198493961
2 5 3 5 -1  -0.00515377
14782413150741028810
3 3 3 5 -1  -0.228768
14782608579136438815
1 4 2 5 -1  0.38742
14782712846505215591
2 0 0 0 -1  -0.0133028
14782797960373332555
5 3 5 4 -1  -1
14783013268983541664
1 2 2 1 -1  0.38742
14783245609104719281
3 5 2 3 -1  -0.9
14783359305140389969
1 5 1 4 -1  0.254186
14783488899438571272
0 6 1 4 -1  -0.0164232
14783501694392915849
1 3 0 4 -1  0.81
14783634354374302576
3 5 4 6 -1  -0.0886293
14783916872881961865
2 6 4 4 -1  0.0107753
14783994947033152904
4 2 5 2 -1  -0.81
14784034911736066407
2 5 1 6 -1  0.205891
14784173457218285074
3 3 2 1 -1  -0.00785516
14784816939505059824
4 4 6 6 -1  0.166772
14784873452191594113
0 5 1 6 -1  0.0471013
14785032739846372319
0 4 1 3 -1  0.038152
14785090684481845858
3 4 2 2 -1  0.0147809
14785093186176448571
4 5 5 6 -1  -0.0423911
14785144913223285098
0 0 0 4 -1  -0.0523347
14785174248149775000
2 5 0 4 -1  0.185302
14785197772657041752
0 6 0 5 -1  0.0581497
14785238261422158834
1 0 2 0 -1  -1
14785311805083674550
2 1 4 3 -1  -0.0581497
14785398954418414335
2 0 1 2 -1  -0.0147809
14785510028957410630
3 5 1 3 -1  -0.0164232
14785575885254257599
1 3 6 3 -1  -0.81
14786079744693013897
0 7 4 7 -1  -0.9
14786121908550263654
3 6 3 7 -1  -1
14786175060879299435
1 7 3 7 -1  -0.0523347
14786330693323511121
6 2 6 6 -1  -0.228768
14786360560972886632
0 2 1 2 -1  -0.228768
14786468164725477015
3 5 2 4 -1  0.0250315
14786499995338234303
0 3 1 3 -1  0.135085
14786532979129719626
1 5 2 5 -1  0.185302
14786718141160498672
0 2 4 6 -1  0.205891
14786760995254379559
3 0 4 1 -1  0.0581497
14786829241721651941
3 4 4 5 -1  -0.000626578
14786830540302775014
4 3 3 2 -1  -0.0147809
14786931487701581003
2 6 1 6 -1  -0.81
14787233460259986274
0 3 1 4 -1  -0.135085
14787584746559706662
3 1 4 1 -1  -0.0886293
14787590593361156489
7 3 6 3 -1  0.0581497
14787664373474633966
2 0 3 0 -1  -0.6561
14787703259968922928
1 5 3 5 -1  -0.6561
14787751747850950837
4 4 7 4 -1  -0.59049
14787819979019804980
0 5 2 4 -1  -0.166772
14787830536606902761
3 1 4 1 -1  -0.00785516
14787884592541298149
1 3 4 0 -1  -0.0581497
14788107843470119125
0 3 2 1 -1  -0.0343368
14788187061661906190
5 0 6 0 -1  0.135085
14788300029309057236
1 6 2 6 -1  0.729
14788563529078276988
5 5 6 6 -1  -0.59049
14788571650263191854
2 3 2 4 -1  0.0471013
14788593463041284080
2 5 3 3 -1  0.0119725
14788631545214022902
2 0 3 0 -1  0.729
14788707583679734972
2 4 5 1 -1  -0.254186
14788888131799610830
1 4 6 4 -1  1
14789234325632433404
0 3 0 4 -1  -0.000859503
14789551503820042192
1 2 2 2 -1  -0.0164232
14789567672173751142
1 3 7 3 -1  -0.478297
14789680673418041773
5 2 6 2 -1  -0.0646108
14789723588635674307
0 7 0 6 -1  0.0278128
14789972318499061653
0 0 0 2 -1  -0.729
14790027487063964370
1 4 3 3 -1  -0.150095
14790209127959095949
0 2 4 2 -1  -0.6561
14790218064354175047
0 7 1 7 -1  -0.38742
14790317371384368884
5 0 1 4 -1  -0.038152
14790324704448840246
0 0 4 0 -1  0.729
14790356659840551165
1 5 2 5 -1  0.135085
14790570992820228210
1 7 3 6 -1  0.0523347
14790872876424367192
0 3 0 1 -1  0.531441
14791077149869843455
0 2 1 1 -1  -0.0423911
14791078963079396460
1 6 3 6 -1  0.150095
14791318846540555993
2 7 2 3 -1  0.254186
14791441211608842322
2 3 3 4 -1  0.59049
14791517085553887696
2 2 4 3 -1  -0.0217851
14791838249056986711
0 3 1 2 -1  -0.0581497
14791912409241370092
2 5 4 5 -1  -0.00117902
14792306419679638784
6 5 5 5 -1  0.9
14792502388501202951
0 1 2 2 -1  -0.00241111
1 1 2 1 -1  -0.0434275
14792584313966823840
0 6 1 4 -1  -0.205891
14792964676877385695
2 5 1 3 -1  0.0147809
14793085674805552338
2 2 0 3 -1  -0.018248
14793104811864629752
3 0 4 1 -1  -0.531441
14793253411140878957
0 6 1 6 -1  0.38742
14793848160571233370
4 0 4 2 -1  0.185302
14794109687674965756
6 2 4 3 -1  0.31381
14794245189957813595
1 5 2 5 -1  -0.31381
14794313336281342146
2 3 3 3 -1  -0.0423911
14794597019427547686
4 7 5 7 -1  -0.098477
14794677114970605404
2 0 3 0 -1  -0.0523347
14794845708653937067
4 2 1 5 -1  0.38742
14794902907141866557
0 2 3 5 -1  0.0202755
14795396390914041587
1 4 3 4 -1  -0.038152
14795502373418493748
3 0 6 0 -1  -0.348678
14795606707932017068
2 4 5 7 -1  -0.430467
14795625206014115179
3 7 4 7 -1  -0.0646108
14795679819929796165
5 1 6 1 -1  0.31381
14795908726672075637
0 1 2 0 -1  0.0886293
14795977007336266191
0 3 0 0 -1  1
14796026394049550134
2 2 1 4 -1  0.0581497
14796094991064843557
3 6 4 6 -1  -0.0133028
14796145238869386324
0 3 3 3 -1  -0.31381
14796261279093071326
1 7 2 7 -1  0.81
14796697626106584960
0 1 2 3 -1  0.121577
14796744773563732763
0 4 3 4 -1  -0.00872795
14796762112374641247
1 0 2 0 -1  -0.0423911
14796883815259679611
3 5 4 5 -1  0.0523347
14797045158865665268
0 4 0 6 -1  0.00131002
14797047269064531449
5 0 6 0 -1  -0.098477
14797097315847574962
0 0 0 4 -1  -0.59049
14797279838322413497
0 5 0 1 -1  -0.6561
14797349935172030819
3 3 1 3 -1  0.282429
14797429047027742421
0 2 7 2 -1  -0.59049
14797608654446788063
0 3 0 4 -1  -0.109419
14797727745593687473
0 1 0 2 -1  -0.00304325
14798205812070764711
7 3 3 3 -1  1
14798354929645568556
1 5 2 5 -1  0.0225284
14798420871491067669
1 6 0 5 -1  0.478297
14798569444085961334
3 2 4 2 -1  -0.254186
14798747832670131904
2 1 0 1 -1  0.0147809
14798837048856777482
0 0 0 2 -1  -0.0447462
14798960667256222708
0 0 0 1 -1  -0.166772
14799122423181068548
1 4 2 4 -1  -0.121577
14799482038900979337
6 3 5 4 -1  -0.0646108
14799530431109319863
3 6 4 6 -1  -0.0343368
14799775527502888702
0 5 1 6 -1  -0.0088107
1 3 3 3 -1  0.0309031
14799797943152821625
1 6 2 5 -1  -0.0343368
14799798800615356410
6 7 7 7 -1  -0.9
14799818034010023154
2 2 3 1 -1  -0.038152
14799978644908424444
7 2 2 2 -1  -0.282429
14800016231914543271
3 3 4 3 -1  -0.531441
14800025551813019625
1 7 2 7 -1  0.0309031
14800066502673481015
2 5 1 6 -1  -0.00246503
14800207470589365788
2 3 0 5 -1  0.531441
14800366934249379714
3 5 2 6 -1  0.0250315
14800434091637766055
2 7 6 7 -1  -0.348678
14800482484328026635
0 1 5 6 -1  -1
14800546647596652332
4 1 2 0 -1  -0.282429
14800943706142991038
2 7 3 7 -1  0.121577
14800979689221776279
2 2 3 4 -1  0.0250315
14801032285183511553
2 5 1 4 -1  -0.254186
14801227185843685052
1 4 3 6 -1  -0.228768
14801264434891101418
2 3 2 2 -1  0.478297
14801277156832099940
2 3 4 5 -1  -0.430467
14801782093656010773
2 4 3 5 -1  -0.185302
14801938357282093091
1 3 0 2 -1  -0.098477
14801962651750644168
1 1 4 4 -1  -0.098477
14801973823365794156
1 5 2 5 -1  -0.0886293
14802044618101413951
4 3 5 3 -1  -0.729
14802180028903827566
3 0 1 1 -1  0.0471013
14802390999427092594
2 2 3 2 -1  0.430467
14802470217666762191
0 2 1 2 -1  -0.282429
14802567413291231076
3 7 3 6 -1  0.0646108
