15898078872307584039
1 1 3 1 -1  -0.531441
15898143675685001024
2 3 3 3 -1  -0.0471013
15898274380182851150
3 4 1 3 -1  0.0886293
15898633564392288562
1 3 4 0 -1  0.0107753
15898715362045072904
5 3 6 3 -1  -0.6561
15898846031405892079
5 3 3 4 -1  -0.38742
15898994780769923666
2 4 5 1 -1  0.729
15899013494728863065
1 1 2 1 -1  -0.0523347
15899060025570399295
2 5 2 4 -1  -1
15899129326937670844
3 7 4 5 -1  -0.348678
15899241415475256534
1 3 3 3 -1  0.000507528
15899501003852034286
2 4 1 4 -1  0.135085
15899590609815011464
0 2 1 2 -1  -0.0343368
15899629201873205763
1 4 2 3 -1  -0.81
15899726111440338905
1 6 2 7 -1  0.254186
15899786345504180431
4 1 2 3 -1  0.0423911
15899890578330109958
2 5 3 4 -1  0.31381
15900071492964066006
0 4 1 4 -1  -0.00969773
15900507913691209949
0 2 0 3 -1  -0.0278128
15900599502549405495
1 4 3 2 -1  0.254186
15900619441878190603
4 0 2 2 -1  -0.6561
15900646957522302232
1 3 2 3 -1  0.109419
15900893729074726605
3 4 4 4 -1  -0.59049
15901072894913879807
0 3 2 1 -1  4.99798e-05
15901085958852015940
3 7 4 7 -1  -0.038152
15901127814776518409
4 3 4 0 -1  -0.59049
15901153720371606742
6 6 3 3 -1  0.205891
15901227867752081098
3 4 4 3 -1  -0.59049
15901392839450010258
2 5 4 4 -1  0.0523347
15901513738817572820
0 2 1 3 -1  -0.0797664
15901523683230931656
0 3 1 4 -1  0.000626578
15901666651286316355
0 2 0 7 -1  0.282429
15901715802093315643
4 4 5 4 -1  -1
15901820902458245090
0 2 1 3 -1  -0.228768
15902111360624274519
1 3 1 1 -1  -0.205891
15902284590227156206
5 6 3 6 -1  -0.00199668
15902288018628802583
3 0 1 1 -1  -0.0423911
15902364786144849246
0 5 2 5 -1  0.729
15902483330503742573
0 2 0 1 -1  -0.254186
15902552535627038944
4 2 3 1 -1  -0.0646108
15902623673363340877
3 4 5 3 -1  -0.729
15902647752610827104
2 4 3 4 -1  -0.038152
15902696921799334077
4 4 5 3 -1  -0.38742
15902876252741484114
4 0 4 6 -1  0.0225284
15903099041784293258
0 4 0 6 -1  -0.0255587
15903192425127959542
2 6 3 7 -1  0.0278128
15903321198580890478
1 1 2 2 -1  -0.0278128
15903654131691964341
1 3 3 2 -1  -0.0164232
15904569581999106209
0 4 2 2 -1  -0.205891
15904801688411470079
4 3 1 3 -1  0.0886293
15904820736689824407
1 0 3 0 -1  -0.00785516
15905139794531125654
1 2 2 3 -1  -0.00199668
15905159599983269403
2 1 3 3 -1  -0.109419
15905198459022020741
2 4 4 5 -1  0.254186
15905227276302835673
2 5 3 5 -1  -0.81
15905320405942546788
1 5 1 2 -1  -0.0309031
15905413132005274810
4 4 1 1 -1  0.185302
15905455869598894914
1 2 0 3 -1  -0.254186
15905595926979488525
5 6 6 6 -1  -0.729
15905605266255640231
2 2 1 4 -1  -0.166772
15905716789091458396
3 4 4 4 -1  -0.9
15905744643820585683
0 6 1 7 -1  -0.31381
15906042626825705979
4 4 3 2 -1  -0.348678
15906299548744266511
7 2 5 2 -1  -0.0797664
15906332487463373228
0 2 1 2 -1  -0.150095
15906339978373740947
0 5 1 6 -1  0.150095
15906372008154474806
1 3 2 4 -1  -0.430467
15906633172781297466
2 4 2 3 -1  -0.166772
15906694579357579184
0 0 0 1 -1  -0.166772
15906783031925744516
0 5 0 3 -1  0.00338139
15906967289841630379
0 4 0 2 -1  -0.31381
15907028643863044109
0 3 1 3 -1  -0.109419
15907176295693353823
2 3 6 3 -1  -0.31381
15907221137221832235
0 4 2 4 -1  0.135085
15907607264518999369
0 3 1 3 -1  0.0797664
15907676464825832705
3 4 4 4 -1  0.6561
15908271643744249347
5 4 6 4 -1  -0.9
15908319964167643548
0 3 0 6 -1  -0.135085
15908407215997340393
0 4 3 4 -1  -0.0523347
15908907230448192490
0 3 1 2 -1  0.00872795
15908983615927761958
1 7 3 7 -1  -0.00463839
15909000177063978363
2 5 0 4 -1  -0.185302
15909091244851035136
0 6 2 5 -1  -0.0471013
15909167918773273293
0 3 1 3 -1  -0.0250315
15909216234663239356
0 0 0 2 -1  -0.00706964
15909278124228905601
3 2 3 7 -1  0.185302
15909332908113708298
2 3 4 1 -1  -1
15909478034060503381
1 5 2 4 -1  -0.0886293
15909575157883440437
1 4 0 3 -1  -0.59049
15909900204319584079
3 4 6 4 -1  -0.729
15909947257050156236
1 3 2 4 -1  -0.0581497
15910163141932714619
0 3 0 4 -1  -0.0646108
15910167788164013655
4 4 3 6 -1  -0.430467
15910268313777731694
2 7 1 7 -1  0.31381
15910484468000803451
0 6 1 5 -1  -0.0250315
15910560797579510690
0 3 1 4 -1  0.185302
15910582182543708730
5 0 2 3 -1  -0.729
15910592716806060725
0 6 1 7 -1  0.729
15910755172252404011
2 5 3 5 -1  0.00106111
15910798535205556948
3 5 1 3 -1  -0.00179701
15910832736072619618
6 3 6 6 -1  -1
15911139519084307052
1 5 2 4 -1  0.0646108
15911244837147748556
3 1 4 2 -1  -0.00515377
15911273126626082155
6 0 7 0 -1  -0.018248
15911337058664857871
0 5 0 3 -1  0.166772
15911429324986782524
2 2 4 3 -1  0.531441
15911695408490993648
4 5 6 5 -1  -0.430467
15912095892406201930
3 6 3 1 -1  0.0309031
15912298407764351199
6 5 6 4 -1  -0.185302
15912598716421978405
1 2 3 2 -1  0.0225284
15912644552331323338
0 6 1 5 -1  -0.59049
15912695647343662879
1 3 3 1 -1  -0.0037571
15912844886233520101
1 3 3 2 -1  0.0581497
15912975801608047761
0 5 1 4 -1  -0.0581497
15913070658716976595
2 6 4 5 -1  0.254186
15913530785467969056
3 5 5 4 -1  -0.430467
15913558511554886964
5 0 5 5 -1  -1
15913595803109849971
2 1 4 0 -1  0.018248
15913767513498270203
0 5 4 1 -1  0.166772
15913813871734943584
1 3 3 3 -1  -0.9
15914493036885488417
3 4 4 3 -1  0.0797664
15914533292359752603
3 3 1 1 -1  -0.282429
15914578064746447127
0 0 2 0 -1  0.150095
15914583698738425561
3 3 2 1 -1  -0.0717897
15914603946549016513
1 6 0 6 -1  0.0202755
15914802370855952899
2 3 3 4 -1  -0.0133028
15915037085588057841
0 1 0 3 -1  -0.0581497
15915455612185147216
3 0 4 0 -1  -0.478297
15915653143205595775
4 1 3 3 -1  0.0717897
15915982264203032669
0 2 1 1 -1  -0.098477
15916178781183791288
1 1 3 1 -1  -0.6561
15916325062390862281
1 0 3 0 -1  -0.098477
15916454589357079705
1 7 2 7 -1  -0.000773553
15916460692337557185
6 7 6 5 -1  -1
15916592206335770986
4 1 2 1 -1  0.0797664
15916646544881520137
3 3 1 1 -1  -0.228768
15916651377520556785
4 3 3 3 -1  -0.729
15916778010919642394
1 6 1 5 -1  -0.81
15916961941050569978
4 3 5 2 -1  -0.59049
15917020332649504668
0 0 0 2 -1  0.0147809
15917123408324618339
5 1 5 2 -1  -0.430467
15917441413934370090
2 0 3 1 -1  0.0164232
15917471010934207687
0 4 1 3 -1  0.038152
15917491091761574769
0 6 1 5 -1  0.228768
15917596868151095544
1 3 3 2 -1  -0.0471013
15917673932946373550
3 6 1 5 -1  -0.121577
15917717901396330388
3 2 4 2 -1  0.0646108
15917814153287115405
3 4 4 4 -1  -0.81
15917878304849175943
1 3 3 1 -1  -0.0119725
15918087129456765241
1 0 2 0 -1  -0.185302
15918088679562865979
2 2 0 3 -1  -0.0343368
15918157018811692036
3 4 4 5 -1  0.166772
15918336191190904023
1 6 5 2 -1  -0.205891
15918664478253806994
1 5 2 5 -1  0.38742
15918829974075676009
4 4 3 6 -1  -0.150095
15918931564982840892
5 4 3 6 -1  1
15918965563549991451
2 5 2 6 -1  -0.135085
15919202126689435587
3 6 4 6 -1  -0.9
15919205625551343416
4 0 5 1 -1  -0.531441
15919206421794157277
0 6 0 7 -1  0.254186
15919442864506275425
4 5 4 4 -1  -0.531441
15919469523767791409
3 0 4 1 -1  -0.00636268
15919668477469595428
5 0 7 2 -1  -0.81
15919693903420693392
4 3 6 4 -1  -1
15919722702638804856
0 1 1 1 -1  -0.228768
15919783195498380087
1 4 2 3 -1  -0.348678
15919788931464032165
0 6 1 7 -1  0.098477
15919890540708999285
4 6 1 3 -1  -0.00131002
15919970306222061146
4 3 5 2 -1  -0.185302
15919982103734510788
3 3 4 4 -1  -0.254186
15920034459127463887
3 6 3 2 -1  -0.121577
15920174037369894694
0 0 0 2 -1  0.0797664
15920255551207100159
1 4 3 4 -1  0.0523347
2 6 3 6 -1  -0.018248
15920283928516425483
0 1 0 3 -1  0.135085
15920417137949352000
0 4 0 6 -1  0.00131002
15920420174958653132
1 2 1 3 -1  -0.0343368
15920490220463827509
1 5 2 5 -1  -0.121577
15920498649603975734
0 0 4 0 -1  0.478297
15920990435172821451
4 5 6 3 -1  0.59049
15921119769304679857
3 1 3 0 -1  -0.0164232
15921172224295322798
0 4 0 2 -1  0.0202755
15921205112537789049
2 1 1 2 -1  -0.000456775
15921314686875404811
1 3 3 3 -1  -0.0133028
15921340313729345749
1 3 3 3 -1  -0.00338139
15921508670209120564
2 2 4 3 -1  -0.185302
15921616451490137355
1 1 6 1 -1  -0.254186
15921628061357771665
1 6 2 5 -1  -0.0202755
15921656030291324408
0 0 7 0 -1  -0.0225284
15921669701022300508
5 2 6 2 -1  -0.109419
15921915777411331047
2 3 4 4 -1  -0.81
15921988913441509674
0 3 2 3 -1  -0.00636268
15922031030554830941
2 4 3 3 -1  0.098477
15922519228486847519
2 2 3 4 -1  -0.018248
15922640340147415065
2 4 3 3 -1  -0.6561
15923024421967612416
7 1 7 0 -1  -0.205891
15923274360291147842
4 2 5 2 -1  -0.31381
15923289845016210541
0 3 0 2 -1  0.0471013
15923508997965893209
0 0 0 1 -1  -0.0423911
15923529631965623742
0 2 2 2 -1  -0.166772
15923569780904345133
0 0 1 1 -1  -0.729
15923619532188748788
1 5 2 5 -1  0.038152
15923983701950677258
1 2 5 2 -1  -0.00872795
15924024895031973206
1 5 2 5 -1  0.38742
15924293855163185858
1 2 2 2 -1  0.0581497
15924382410441294261
3 3 4 3 -1  -0.00273892
15924412292480495822
2 2 1 1 -1  -0.166772
15924473278384022105
0 2 1 3 -1  -0.0581497
15924684340196565131
2 5 4 3 -1  -1
15924792704484639236
0 5 2 5 -1  -0.0107753
15925142589970109188
0 3 0 0 -1  -0.6561
15925152397124845999
2 3 1 3 -1  -0.00106111
15925210164036084331
2 4 5 7 -1  -0.205891
15925290369541730883
3 3 4 4 -1  0.150095
15925439162952173444
1 7 3 7 -1  -0.135085
15925511167773151024
0 2 4 6 -1  -0.729
15925527160077216064
2 6 2 7 -1  0.81
15925597872271972681
0 1 2 2 -1  0.0343368
15925771828575768627
0 2 2 4 -1  0.59049
15925812357273560662
4 4 5 4 -1  -0.81
15925817891163484827
2 4 1 4 -1  -0.348678
15925982691167748290
2 3 3 3 -1  0.0797664
15926084881212487624
0 5 0 3 -1  0.205891
15926157165665511197
0 6 2 4 -1  -4.42968e-06
15926254694239849842
0 7 0 4 -1  -0.185302
15926346139829577817
0 3 1 3 -1  0.0581497
15926503231720131728
5 3 4 1 -1  -0.282429
15926661838459238309
1 3 2 2 -1  -0.0886293
15926976224049236194
0 6 1 5 -1  0.0202755
15927293403199159547
2 5 0 3 -1  -0.109419
15927403848339621013
6 2 4 3 -1  -0.228768
15927491526925917303
3 3 4 1 -1  -0.150095
15927496136890921554
6 0 1 0 -1  -0.6561
15927534323720028385
5 3 2 0 -1  -0.00515377
15927589523567756332
4 5 4 7 -1  -0.0250315
15928013714484649373
3 0 6 0 -1  0.00145558
15928060013907428586
5 3 3 4 -1  -1
15928201146815045290
2 5 3 3 -1  0.00463839
15928488607673945857
3 5 4 5 -1  -0.166772
15928533322843477354
5 0 4 1 -1  0.59049
15928714173403956073
0 6 0 7 -1  0.228768
15928881657825209324
1 4 2 5 -1  -0.0797664
15928981051279463670
6 7 5 6 -1  -0.480954
15929018822676435237
2 4 4 2 -1  -0.185302
15929299031797231813
5 2 5 4 -1  -0.9
15929570874182362773
1 2 2 2 -1  -0.0646108
15929591971611662854
1 0 2 0 -1  0.430467
15929614257752595147
0 6 1 5 -1  -0.0225284
15929628565669877774
0 6 0 5 -1  -0.109419
15929630894591043094
1 0 2 0 -1  0.254186
15929829576019693026
0 3 1 3 -1  -0.0523347
15929962623976310822
4 3 2 4 -1  0.9
15930149453685200656
0 5 3 2 -1  0.0717897
15930466499398639752
5 3 6 3 -1  -0.121577
15930708368891757887
2 5 3 5 -1  -0.282429
15930781547776058602
1 5 2 6 -1  -0.59049
15930990756744861447
2 2 3 0 -1  0.38742
15931149335293565689
4 0 1 3 -1  0.0717897
15931265086136887383
3 0 0 0 -1  -0.348678
15931297982341839360
1 2 1 1 -1  0.205891
15931299848956853134
0 0 1 1 -1  0.135085
15931300665613043871
2 0 4 0 -1  -0.0250315
15931336179670808353
4 4 5 6 -1  -0.31381
15931501631339365139
2 5 3 3 -1  -0.0920317
15932239616174877011
1 3 1 5 -1  0.531441
15932311247702765857
0 3 3 0 -1  -0.0133028
1 4 2 4 -1  0.00707749
15932416648607570751
2 4 3 3 -1  0.135085
15932813097294608261
0 5 4 1 -1  -0.135085
15932952529511230892
2 5 1 5 -1  -0.0646108
15933115899634415758
5 7 1 3 -1  -0.0523347
15933150744112450861
3 4 5 4 -1  -0.0309031
15933185938959188112
0 1 0 0 -1  -0.135085
15933244827027268262
3 4 2 3 -1  0.531441
15933334944378319239
0 6 0 5 -1  0.0523347
15933648697779150895
2 5 3 4 -1  0.205891
15933689342715284400
0 7 0 3 -1  0.38742
15933816235750404064
1 0 3 2 -1  -0.000773553
15933881631991167570
1 2 3 4 -1  -0.0278128
15934280946685274644
0 6 5 6 -1  -0.228768
15934343697299998992
1 5 2 5 -1  -0.135085
15934344878002700835
2 5 3 3 -1  -0.00969773
15934412627743631771
2 4 1 3 -1  -0.81
15934523656777641024
6 2 5 2 -1  0.729
15935151319736705018
0 6 1 5 -1  -0.135085
15935288566232759658
4 6 4 2 -1  0.430467
15935371658034120709
2 3 3 2 -1  -0.0225284
15936059899691764447
7 2 7 3 -1  -0.098477
15936580266932882550
5 0 4 1 -1  -0.81
15936623296169771230
2 6 1 6 -1  0.430467
15936670545112214499
4 2 5 3 -1  0.0250315
15936708301519748332
0 3 7 3 -1  -0.430467
15937014962351844020
0 0 0 2 -1  -0.0278128
15937262107028580482
0 0 0 3 -1  -0.38742
15937313355375835381
1 3 0 1 -1  0.0797664
15937501710209421351
0 5 2 5 -1  -0.59049
15937513212960098367
1 2 2 2 -1  0.0286904
15937527937306233268
3 1 5 3 -1  -0.0278128
15937993348062428749
0 5 0 2 -1  0.478297
15938122551530669931
4 3 6 2 -1  -0.0164232
15938240875861324062
4 1 3 2 -1  -0.430467
15938375783630285820
2 6 3 6 -1  -0.6561
15938389786997790294
0 5 5 0 -1  0.150095
15938645912902026759
2 7 2 5 -1  -0.6561
15938710259878101047
6 2 6 0 -1  0.348678
15938820649626137436
3 1 2 0 -1  0.478297
15939029659972745550
6 1 4 0 -1  -0.185302
15939225610438026427
1 4 3 4 -1  0.018248
15939399746130176877
0 2 1 2 -1  -0.478297
15939838310790448944
2 2 3 4 -1  0.00572641
15939901944544486931
0 4 0 0 -1  -0.00273892
15940006182741850716
1 5 2 5 -1  -0.254186
15940168666456586090
6 7 6 4 -1  -0.81
15940237115710667430
1 6 2 5 -1  0.0119725
15940277898104579252
0 6 1 5 -1  0.254186
15940382529360429043
3 5 4 5 -1  -0.0147809
15940476390054987592
6 5 4 4 -1  -0.185302
15940488107148515122
0 5 0 0 -1  -0.109419
15940583712168722226
2 6 3 7 -1  -0.38742
15940638211975244390
5 6 2 6 -1  -0.135085
15940895589145464242
7 6 5 6 -1  0.6561
15941000310902423261
4 3 4 2 -1  -0.0423911
15941225577330921406
1 2 2 1 -1  0.038152
15941394080720338188
2 7 3 7 -1  -0.38742
15941460728442382517
2 1 3 1 -1  -0.0423911
15941506845175730170
6 3 6 5 -1  0.348678
15941598949633310343
1 3 2 3 -1  0.0423911
15941892020976959711
1 4 0 6 -1  0.348678
15941986198902845634
2 3 6 3 -1  0.0797664
15942040682178098315
1 4 1 5 -1  0.185302
15942057391357844283
2 5 6 1 -1  -0.0581497
15942381325282339887
0 1 6 1 -1  -0.6561
15942530710948976820
1 3 4 0 -1  -0.0797664
15942680944389998874
2 1 3 1 -1  0.00221853
15942805824249845718
3 7 4 7 -1  -0.121577
15942965207009430251
2 5 3 5 -1  -0.6561
15943043449474079812
4 7 5 6 -1  -0.254186
15943051710417588859
4 1 3 2 -1  -0.430467
15943054165179135240
1 3 3 1 -1  -0.166772
15943332705286539486
3 7 4 6 -1  -0.31381
15943401125064219170
6 7 6 4 -1  -0.729
15943826863717205791
2 7 3 7 -1  -0.9
15944065254220082547
0 4 0 6 -1  -0.254186
15944257068506766841
0 5 1 6 -1  0.59049
15944496776207571344
2 5 4 4 -1  -0.0523347
15944662206624042438
5 0 3 1 -1  -0.0250315
15944736896458055742
0 6 0 7 -1  1
15945213281738438029
3 4 7 0 -1  -0.135085
15945226259186019890
2 6 3 5 -1  -0.430467
15945540316811895050
3 5 4 5 -1  -0.0343368
15945748391269687388
5 5 7 3 -1  -0.166772
15945794335021580804
1 2 2 2 -1  -0.254186
15945919229735012553
0 3 7 3 -1  -0.038152
15946179073687811482
0 0 0 2 -1  -0.254186
15946191132483219822
0 4 1 6 -1  1
15946256766075827012
1 6 2 5 -1  -0.9
15946390697329749311
3 4 4 4 -1  1
15946697173542898289
2 4 3 3 -1  -0.018248
15946782893829650674
7 3 4 6 -1  -0.0581497
15947183847107324733
2 5 1 4 -1  0.135085
15947356959307003849
2 2 4 3 -1  0.135085
15947446699190054219
7 0 2 5 -1  -0.00117902
15947483032537428816
3 3 4 2 -1  0.0164232
15947506898734300205
2 5 3 3 -1  -0.00872795
15947510016470517625
2 2 6 6 -1  0.166772
15947557968215441343
0 4 0 6 -1  0.282429
15947641631657256595
1 0 2 1 -1  -0.6561
15947745775804622715
3 4 4 3 -1  0.038152
15948236264118840956
4 4 5 5 -1  0.478297
15948288526336680295
5 3 5 5 -1  -1
15948462534777900011
2 1 3 1 -1  -0.478297
15948474055373111708
7 0 7 1 -1  -0.534393
15948551892589216807
2 4 3 6 -1  -0.0202755
15948632605191845146
2 5 3 7 -1  -0.0202755
15949120901008089382
0 7 0 6 -1  0.185302
15949179591190983964
4 1 5 3 -1  -0.282429
15949476623917522563
7 3 7 2 -1  -0.531441
15949489222409427542
1 4 3 3 -1  -0.0202755
15949585569056412730
2 3 3 4 -1  -0.0133028
15949616551640106767
0 3 3 0 -1  0.0523347
15949678810903023570
7 1 7 3 -1  0.38742
15949730573507968947
0 3 2 3 -1  -0.00572641
15949785242746297796
4 1 3 2 -1  -0.59049
15949879623508245280
1 3 2 5 -1  0.0886293
15949995714718371795
2 4 3 4 -1  -0.348678
15950002068633173370
2 7 1 6 -1  -0.38742
15950042243732851405
5 0 7 0 -1  -0.0646108
15950322893630458208
3 6 1 4 -1  -0.0343368
15950642088483779818
0 3 0 4 -1  -0.531441
15950715299594331945
2 0 7 5 -1  -0.38742
15950745007797810558
2 3 2 4 -1  -0.9
15950961350602189104
0 4 0 6 -1  -0.0107753
15951023685375424882
2 3 3 3 -1  0.109419
15951219260450914688
2 7 3 6 -1  -0.59049
15951278356389760768
2 5 4 4 -1  -0.0886293
15951344505598834597
3 2 5 4 -1  0.729
15951387782781379722
4 5 7 2 -1  -0.6561
15951507325358428186
2 1 3 2 -1  0.00636268
15951672122329548665
1 4 2 6 -1  0.0471013
15951698602683682337
6 1 6 5 -1  -0.531441
15951742614497284694
1 6 2 6 -1  -0.0471013
15951925830629737679
3 5 4 6 -1  0.135085
15951950957150043862
2 7 2 6 -1  0.6561
15952392387312837326
1 7 2 6 -1  0.729
15952477620155624297
2 0 3 1 -1  -0.430467
15952584595103366025
4 6 5 5 -1  -0.254186
15952700192538111936
0 3 1 2 -1  0.121577
15952756731159240048
1 0 3 0 -1  -0.109419
15952861001212591793
0 6 1 6 -1  -0.38742
15952894013378200080
0 5 2 6 -1  2.65613e-05
15952960725926848320
5 7 4 6 -1  0.185302
15953300709018870267
1 3 3 3 -1  0.00417455
15953411749832372110
4 5 6 5 -1  -0.81
15953497060931704397
1 1 3 1 -1  0.166772
15953612031494016375
4 3 3 2 -1  -0.0886293
15954266975598522252
0 2 0 3 -1  0.0646108
15954345378206316424
4 1 6 3 -1  0.00463839
15954468549656757218
3 0 4 0 -1  0.00785516
15954622960354411204
1 6 0 5 -1  0.0886293
15954683685951659619
2 3 3 3 -1  -0.038152
15954745795500446173
0 3 3 3 -1  0.430467
15954797405817928753
7 0 4 0 -1  -0.31381
15954969669467969462
0 4 0 1 -1  -0.38742
15955027551646980984
2 1 1 3 -1  -0.0250315
15955087652635983230
2 6 1 4 -1  0.0471013
15955523249090980664
2 2 3 4 -1  -0.0225284
15955826148648590380
0 3 1 2 -1  -0.00706964
15956054560259211878
2 0 3 1 -1  -0.0646108
15956236169560133625
4 4 5 5 -1  -0.430467
15956681406121373449
1 4 2 4 -1  -0.038152
15956743079020023114
2 0 3 1 -1  -0.282429
15957274888246487639
1 4 2 4 -1  -1
15957530806354597696
6 0 6 1 -1  -0.6561
15958123732911093427
1 4 3 4 -1  0.205891
15958424070024073733
1 1 2 1 -1  -9.40459e-05
15958437310062699968
5 2 7 3 -1  0.00515377
15958658414875530433
7 7 7 6 -1  0.6561
15958789216071324533
0 1 2 0 -1  -0.0917525
15958930425244380382
3 5 4 4 -1  -0.00969773
15958934001235208171
2 6 3 6 -1  -0.348678
15959178254733336829
2 0 3 1 -1  -0.098477
15959296945543989497
0 2 3 5 -1  -0.38742
15959366994719395013
4 2 5 2 -1  -0.0107753
15959910334260614360
1 4 2 5 -1  -0.098477
15960175670984739838
0 2 3 2 -1  -0.166772
15960228626856738998
4 4 4 5 -1  -0.205891
15960500497684704590
0 4 2 4 -1  -0.0646108
15960770785415906285
0 4 1 4 -1  -0.00572641
15960793412085681870
2 5 1 3 -1  0.6561
15960802166881588833
1 6 7 0 -1  -0.59049
15961195432928082397
2 3 1 3 -1  -0.531441
15961331860599001574
1 2 2 3 -1  -0.254186
15961368505379694529
0 6 4 6 -1  1
15961496542737988112
2 2 1 4 -1  -0.135085
15961687938710695580
1 4 2 5 -1  -0.098477
15961975407328446535
0 2 0 4 -1  -0.254186
15962214437819408899
7 0 6 0 -1  0.348678
15962606774021934974
4 6 5 5 -1  0.00706964
15962618367188919239
0 2 1 2 -1  1
15962793423307059909
1 4 2 4 -1  0.348678
15962941506717260067
0 4 0 3 -1  -0.098477
15962998249191764858
0 4 6 4 -1  -0.00785516
15963125922342959574
0 7 0 6 -1  0.9
15963381905592869832
2 2 5 5 -1  -0.109419
15963508862463957314
2 2 1 3 -1  0.38742
15963837491210024912
0 0 0 2 -1  -0.0164232
15964250623204425322
2 2 2 1 -1  0.121577
15964776256760514254
1 6 2 6 -1  -0.478297
15964846288562397819
0 0 5 0 -1  0.0202755
15964861288168506320
4 1 2 2 -1  0.150095
15964985254670570800
3 7 4 6 -1  -0.9
15965072177208577638
0 0 5 0 -1  -0.254186
15965148649882685398
4 6 5 6 -1  0.348678
15965216470337776929
1 3 3 4 -1  0.0164232
15965315174041050072
4 3 4 6 -1  0.150095
15965667577879145687
1 7 2 7 -1  0.478297
15965690774596095891
0 0 0 3 -1  0.0119725
15965872413269666988
4 2 6 3 -1  0.185302
15966060007310492355
3 4 4 4 -1  -0.9
15966141861358313310
2 2 1 4 -1  -0.205891
15966576071344368520
0 7 7 7 -1  -0.121577
15966719900450749210
2 6 0 5 -1  0.254186
15966814479416850069
6 2 3 5 -1  -0.6561
6 2 5 3 -1  -0.81
15967057821454837744
0 6 0 7 -1  0.430467
15967195295716048521
4 2 1 2 -1  0.228768
15967247291751993618
0 7 0 2 -1  -3.27918e-05
15967249274157885500
2 0 4 1 -1  0.00243557
15967309351036807633
2 2 3 2 -1  -0.6561
15967694286757375586
2 5 4 4 -1  -0.00304325
15967801979955797565
4 3 5 2 -1  -0.121577
15967959271564289498
0 3 2 5 -1  -0.0797664
15967961967641007531
2 0 1 1 -1  -0.0164232
15967963325395017939
5 4 6 5 -1  0.00599638
15968000239502317673
2 1 6 1 -1  -0.6561
15968151901270437000
0 6 2 5 -1  -0.0423911
1 6 2 6 -1  -0.00914142
15968261275365213930
1 2 5 6 -1  0.109419
15968282637219489041
0 5 0 6 -1  0.282429
15968302908900732664
2 1 3 2 -1  0.121577
15968633978573872920
1 6 2 5 -1  -0.531441
15968763260370954465
1 2 3 4 -1  0.185302
15968866740753194465
3 5 6 2 -1  -0.150095
15968972883999741869
2 3 1 4 -1  -0.0646108
15969229355138966092
2 3 2 1 -1  0.0886293
15969376125544041418
3 3 4 4 -1  -0.0119725
15969421070547735448
1 4 1 6 -1  0.38742
15969488297094423342
1 4 3 6 -1  -0.109419
15969673727687020102
5 1 4 1 -1  -0.81
15969678229034119768
0 1 2 0 -1  0.0717897
15969927737021968811
0 6 0 5 -1  0.0797664
15970002723005846887
0 1 1 3 -1  0.000532929
15970089599530261069
1 7 2 6 -1  -0.729
15970287812323098088
1 4 1 1 -1  -1
15970370931009921946
3 0 4 1 -1  -0.38742
15970427936978312174
2 4 3 3 -1  0.121577
15970769777675536308
1 0 3 0 -1  -0.0423911
15970843894266240123
4 7 5 7 -1  -0.121577
15970976366959947558
2 4 1 3 -1  0.9
15971205276322230190
3 4 4 4 -1  -0.59049
15971310862648331848
2 2 0 4 -1  0.150095
15971356295321096911
3 3 7 3 -1  -0.729
15971375508217804394
1 5 3 5 -1  0.0309031
15971487928946654063
1 6 2 5 -1  -0.478297
15972083888012347086
3 7 4 7 -1  0.0886293
15972166137307532743
1 3 3 2 -1  -0.0581497
15972254534202839286
2 3 0 4 -1  0.150095
15972509103703838396
0 0 3 0 -1  0.166772
15972561225755235538
1 0 1 1 -1  0.531441
15972752816546527228
0 3 0 2 -1  -0.478297
15972769316601611814
3 4 4 4 -1  -0.0343368
15972830596243498513
3 5 4 4 -1  0.00515377
15972893236921197008
1 3 2 3 -1  -0.000643546
15972975131680091716
2 2 3 0 -1  0.166772
15972982644991800194
2 3 3 4 -1  0.531441
15973326711278468587
1 4 2 4 -1  -0.0523347
15973465749909071575
0 2 2 2 -1  -0.531441
15973478211074342449
1 0 2 0 -1  0.038152
15974009506098480466
1 1 4 1 -1  -0.00969773
15974166972127831677
0 2 5 2 -1  -0.0250315
3 4 6 1 -1  -0.0309031
15974238872294637880
0 6 1 6 -1  0.185302
15974277383344219300
0 2 1 2 -1  0.38742
15974685465169936119
3 7 2 6 -1  0.00417455
15975079836355879225
1 4 3 6 -1  -0.0147809
15975117016618317367
2 0 0 2 -1  -0.00179701
15975166132631324567
5 1 7 3 -1  -0.0581497
15975350466123338688
0 7 0 4 -1  0.038152
15975706188877493845
2 5 3 6 -1  -1
15975835941496575252
2 5 1 3 -1  0.00304325
15975888705446441568
5 4 6 3 -1  -1
15975908395282799915
3 3 6 6 -1  -0.531441
15976116719050500325
0 1 1 3 -1  0.0646108
15976366339471665418
2 3 3 2 -1  -0.0309031
15976385010507800616
1 4 7 4 -1  0.0147809
15976498257219925389
3 4 4 5 -1  -0.59049
15976663130445238473
0 2 1 1 -1  0.00453557
15976668169773417074
0 4 0 2 -1  0.81
15976727247920923722
3 2 2 3 -1  -0.0886293
15976785352584190390
2 2 1 4 -1  -0.254186
15976805824742866878
3 4 4 4 -1  -0.00493049
15976908585684049155
1 3 0 4 -1  -0.282429
15977105061277756358
1 1 2 1 -1  -0.0205347
15977155340826780397
3 6 4 7 -1  -0.0471013
15977175027007565168
2 2 3 0 -1  0.150095
15977518080503846142
1 0 3 0 -1  -0.205891
15977893417168175978
2 5 1 3 -1  -0.6561
15977996141657920571
2 4 3 4 -1  -0.729
15978004050585229511
3 3 2 1 -1  0.098477
15978044026454835829
0 6 1 5 -1  0.81
15978200978571579518
1 3 3 4 -1  -0.0523347
15978262642531723802
1 0 3 0 -1  -0.0133028
15978269490934860876
1 2 1 3 -1  0.282429
15978363206083985592
1 6 2 6 -1  -1
15978681817036992323
4 1 5 1 -1  0.254186
15978789855979454559
6 3 6 1 -1  -0.0581497
15978854703177539194
1 5 3 5 -1  -0.531441
15978940525929538166
2 1 0 2 -1  -0.098477
15979041368229545028
0 3 0 4 -1  -0.150095
15979264591312747483
2 5 3 3 -1  0.0646108
15979407494451971269
1 4 1 3 -1  -0.282429
15979504025760398940
5 4 5 3 -1  0.205891
15979673729715075249
0 5 0 3 -1  -0.135085
15980121163752726287
2 5 4 4 -1  0.0309031
15980305248486341814
6 0 6 1 -1  -0.81
15980577759492711437
0 6 0 5 -1  -0.0343368
15980663564600887938
2 5 1 4 -1  -0.228768
15980737845547225696
2 3 3 3 -1  -0.00417455
15980792495022356030
1 6 3 6 -1  -0.59049
15980893246201328879
2 6 4 7 -1  -0.430467
15981118037436557904
7 0 6 2 -1  -0.81
15981151974410651532
1 5 3 7 -1  -0.150095
15981960422253422722
3 4 2 6 -1  -1
15982094020439612702
0 3 3 6 -1  -0.000218474
15982157582763609394
1 4 2 4 -1  0.531441
15982181365466417453
3 4 5 4 -1  -0.729
15982656842110939848
2 2 4 3 -1  0.00304325
15982922046554678199
2 5 4 6 -1  -0.254186
15983034364975120740
3 7 4 7 -1  -0.38742
15983106614525661315
7 5 7 6 -1  -0.729
15983462374758580788
0 1 1 3 -1  0.38742
15983509477193173861
0 4 2 6 -1  -0.0471013
15983782031393289081
2 4 3 4 -1  -0.0225284
15983954214240602559
6 7 4 7 -1  0.205891
15983992127845921436
0 5 0 3 -1  -0.0225284
15984033844531029511
4 1 3 1 -1  -0.729
15984054200868388624
0 7 5 7 -1  0.31381
15984198070944713560
1 6 3 4 -1  0.018248
15984244297765109377
2 0 3 0 -1  -0.478297
15984247341704482510
0 5 0 2 -1  -0.098477
15984467128650767269
0 5 1 4 -1  0.0797664
15984481400771062574
7 1 7 6 -1  0.478297
15984583457658485467
1 7 2 7 -1  0.00572641
15984644832003803544
1 7 2 7 -1  -0.478297
15984738659854094076
1 3 3 4 -1  -0.135085
15984770528233077468
5 7 5 3 -1  0.9
15984815174142333367
4 4 5 4 -1  -0.59049
15985068938690975098
3 2 3 1 -1  -0.0717897
15985135469548221103
3 3 5 2 -1  -0.0278128
15985255190450843337
6 1 3 1 -1  0.81
15985341637586021251
0 0 0 2 -1  0.0107158
15985354324237357252
2 4 1 3 -1  0.121577
15985950512077959726
1 7 3 7 -1  0.531441
15985993954591108097
1 3 1 2 -1  -0.81
15986038570495774974
2 5 1 3 -1  0.098477
15986119895148034889
3 2 1 4 -1  0.0423911
15986140197698225914
2 2 3 2 -1  0.0119725
15986257197594024702
1 5 2 4 -1  0.0886293
15986317596623562571
2 3 3 2 -1  0.0886293
15986434275118519720
6 1 6 4 -1  1
15986676366104221894
2 4 2 5 -1  -0.185302
15986935731941021791
3 5 4 6 -1  -0.0309031
15987333141229380697
0 3 1 4 -1  -0.0797664
15987454052604877346
1 3 2 3 -1  0.0523347
15987507019309433028
2 5 3 5 -1  0.0037571
15987518046493073503
1 5 3 5 -1  -0.9
15987549317730190516
0 4 0 5 -1  -0.228768
15987609414832281332
3 2 4 3 -1  0.0797664
15987679821869305101
3 1 2 3 -1  -0.121577
15987891665787868574
2 0 7 5 -1  -0.0119725
15988027079730686956
3 4 3 7 -1  -0.0423911
15988566103800098992
2 5 4 7 -1  0.121577
15988910690992342032
4 6 5 7 -1  -0.121577
15989030786741825520
2 5 4 5 -1  -0.59049
15989106846279221398
3 1 4 0 -1  0.0202755
15989144643882154007
1 7 3 7 -1  -0.098477
15989322975591379680
3 3 4 3 -1  -0.31381
15989354070652539862
5 1 0 6 -1  -0.478297
15989423611972295917
2 5 2 4 -1  0.430467
15989460712543541496
2 4 5 7 -1  -0.59049
15989488426671483457
0 7 0 3 -1  -0.166772
15989683596957748906
2 3 4 5 -1  0.109419
15989690021474605823
1 1 3 2 -1  0.228768
15989976090087492652
4 3 2 4 -1  0.38742
15990235911733997422
3 6 2 7 -1  0.478297
15990241548177124573
3 4 4 5 -1  0.0423911
15990258246275391117
2 4 3 3 -1  0.00969773
15990258629807593843
1 5 2 5 -1  -0.018248
15990280486511737093
2 1 0 0 -1  -0.0523347
15990340464085111053
0 1 2 2 -1  -0.00969773
15990434859622916195
2 3 3 1 -1  -0.0250315
15990500448066400502
3 2 3 3 -1  -0.38742
15990544663467240981
1 4 3 6 -1  0.0886293
15990686260310179989
3 5 3 7 -1  0.00221853
15990771659508204280
2 4 1 5 -1  -0.282429
15990925720559324065
2 1 4 3 -1  -0.9
15990946058284680119
0 2 5 2 -1  0.0717897
15990970064747577350
5 2 4 1 -1  -0.430467
15991039212434053915
4 0 7 3 -1  -0.0471013
15991170235155420051
0 3 0 2 -1  0.018248
15991173939825142728
1 1 0 2 -1  -0.0646108
15991174703766579815
1 4 1 3 -1  -0.121577
15991379328047064503
2 5 1 6 -1  -0.0107753
15991389070754819058
2 1 4 2 -1  -0.205891
15991406602280312371
1 5 3 5 -1  -0.0250315
15991446230428375609
2 1 3 3 -1  -0.478297
15991845764371524495
0 3 2 3 -1  -0.018248
15991967589988321401
2 1 1 1 -1  0.185302
15992229060806179357
2 5 1 4 -1  0.0164232
15992234344286870206
5 2 4 3 -1  -0.109419
15992343524131158599
2 5 3 6 -1  0.31381
15992600703653617242
1 4 5 4 -1  0.00706964
15992676784287538833
3 3 6 6 -1  -0.0471013
15992677755567810717
0 6 0 7 -1  -0.185302
15992713954411803699
1 6 0 5 -1  -0.000859503
15992740937529873359
1 4 3 5 -1  0.228768
15992759835181328936
3 3 4 3 -1  -0.109419
15992882016272616742
2 4 5 1 -1  -0.0581497
15992936951840046074
1 5 3 5 -1  -0.0523347
15993267780893435897
1 2 7 2 -1  0.38742
15993375975293670428
0 6 0 7 -1  0.0225284
15993396913106551176
1 7 2 6 -1  -0.0147809
15993544205871704651
7 1 0 1 -1  -0.348678
15993637670301245113
3 3 3 2 -1  0.0250315
15993681134818638395
0 2 1 1 -1  -0.038152
15993744611393818112
4 1 4 3 -1  -0.531441
15994125151342342050
3 4 2 3 -1  0.0471013
15994409010638708087
5 3 7 4 -1  0.0886293
15994544129108181977
3 0 4 1 -1  0.109419
15994668890991469825
1 4 2 4 -1  0.348678
15994868178936264068
3 4 4 2 -1  -0.135085
15995077591261394278
0 3 6 3 -1  -0.135085
15995338283101209991
4 4 5 4 -1  0.531441
15995419659156738004
6 4 3 7 -1  0.00273892
15995426400651239599
2 5 0 4 -1  -0.121577
15995480575292723244
0 4 0 3 -1  -0.0797664
15995747602183876920
4 5 5 3 -1  -0.018248
15995873782590245384
0 2 3 5 -1  0.0225284
0 2 4 6 -1  0.111857
1 6 2 6 -1  -0.00572641
15995931710119965463
3 4 4 3 -1  0.254186
15996015332872291294
3 0 3 1 -1  -0.00515377
15996058088180108859
3 3 1 3 -1  -0.348678
15996103258500164628
0 4 6 4 -1  -0.0886293
15996311191484926788
4 2 6 0 -1  -0.31381
15996353023878852747
4 2 7 2 -1  0.109419
15996380738164213767
2 5 3 3 -1  -0.205891
15996552066789811112
4 5 5 5 -1  0.531441
15996765261134429171
7 0 7 7 -1  -0.81
15996955342241289954
2 7 2 6 -1  0.478297
15996959613631629031
5 4 6 3 -1  -0.0343368
15996985593780147690
5 0 6 1 -1  -0.9
15997061213020039878
2 3 3 5 -1  -0.59049
15997137730480080329
3 3 3 5 -1  -0.135085
15997169877196498857
5 3 5 2 -1  -0.59049
15997248474722942373
0 2 3 5 -1  -0.109419
15997342093770624571
1 4 2 2 -1  -0.121577
15997411027691598929
7 4 7 0 -1  0.166772
15997741542583931730
0 4 0 5 -1  -0.150095
15997869694975844589
0 3 3 0 -1  0.0147809
15997910537091838634
0 4 4 4 -1  -0.0278128
15998024042837525858
0 0 4 0 -1  0.150095
15998090559284645732
1 4 3 5 -1  -0.0471013
15998168759157243832
1 1 3 1 -1  -0.00246503
15998526332887500853
2 3 5 3 -1  -0.185302
15998691932360938766
3 1 3 0 -1  -0.0797664
15998903274279744625
2 2 4 3 -1  -0.098477
15999196154421452703
2 6 3 6 -1  0.282429
15999371439265049230
3 2 4 3 -1  -0.098477
15999586654208797825
3 4 4 3 -1  -0.531441
15999810795484888911
0 5 3 2 -1  0.00706964
16000193962564405069
2 5 1 3 -1  0.038152
16000348004912288143
2 3 3 3 -1  -0.478297
16000450568897334953
0 5 1 5 -1  0.166772
16000471196989834105
3 4 4 2 -1  -0.135085
16000611747559095807
7 0 6 0 -1  -0.000955003
16000612528636221990
2 4 3 3 -1  -0.150095
16000676574391012219
2 3 1 2 -1  -0.531441
16001055945646148626
1 6 3 4 -1  -0.00273892
16002183661773237395
1 4 2 3 -1  -0.0523347
16002357495481068230
1 1 2 2 -1  -0.00969773
16002382514762092649
0 6 1 6 -1  0.6561
16002420146726535457
4 2 2 4 -1  0.531441
16002485073912609715
3 3 3 6 -1  1
16002709408482197212
0 7 1 6 -1  0.00304325
16002734018008678290
3 7 4 7 -1  -0.478297
16003091471354908126
3 0 4 1 -1  -0.31381
16003129011693114538
4 7 5 7 -1  -0.228768
16003437452688339302
1 1 3 1 -1  -0.0151102
16003568982319564673
1 1 2 1 -1  -0.109419
16003616944051717304
1 2 3 2 -1  -0.0797664
16003625370033971116
3 3 0 3 -1  0.9
16003715937229220972
4 4 5 4 -1  -0.150095
16003739308944289551
3 3 2 2 -1  -0.0471013
16003869395543980033
1 1 3 1 -1  -0.121577
16004024849292522281
0 4 0 6 -1  0.00463839
16004196882181512492
2 5 2 6 -1  0.430467
16004283550587341057
0 4 0 3 -1  -0.0250315
16004346581634091309
2 3 4 5 -1  -0.348678
16004457757737109632
4 4 5 4 -1  -0.348678
16004482422359703383
3 2 4 3 -1  -0.098477
16004643883599877685
0 7 0 4 -1  -0.0581497
16005001064533899857
0 7 2 7 -1  -0.0250315
16005034554487329726
1 3 3 3 -1  -0.00709563
1 4 2 4 -1  0.00969773
16005269117406069736
1 3 2 5 -1  -0.185302
16005481503989419037
4 0 5 0 -1  -1
16005495312054357087
5 3 3 4 -1  -0.6561
16005510293635454576
0 3 1 3 -1  0.0886293
16005552544833247679
1 4 3 2 -1  -0.0343368
16005791224207118940
3 5 1 6 -1  -0.81
16005797800202983093
1 4 0 3 -1  -0.38742
16006024491363304341
0 4 0 6 -1  -0.098477
16006320740331076594
6 1 7 1 -1  -0.0797664
16006454764469644503
3 5 4 5 -1  -1
16006499875591354746
1 1 2 2 -1  -0.0278128
16006519087313371213
6 4 7 6 -1  -0.9
16006552713520136304
0 6 1 6 -1  0.59049
16006719209633429582
1 4 2 4 -1  -0.0225284
16006733489598361658
2 3 4 2 -1  0.31381
16006761519404756916
3 4 2 2 -1  -0.150095
16006847512619319620
4 0 0 4 -1  0.531441
16006890505660234623
3 2 4 3 -1  -0.121577
16006896179897882649
2 6 2 7 -1  -0.109419
16006970309487239306
3 1 4 1 -1  -0.282429
16007088700876396644
2 2 1 4 -1  -0.0717897
16007281612554332584
4 4 5 5 -1  0.135085
16007316296601520574
1 4 0 2 -1  0.0278128
16007413305759445432
4 5 5 5 -1  -0.81
16007434481181794748
3 3 4 5 -1  -0.0147809
16007462675375658499
1 4 3 2 -1  -0.9
16007583214160403792
2 5 3 3 -1  0.109419
16007727111323158223
2 3 3 4 -1  -0.038152
3 5 4 5 -1  -0.0471013
16007855675705691109
6 1 4 2 -1  0.00572641
16008006770252236418
2 5 1 3 -1  0.38742
16008409732644984586
1 5 2 5 -1  -0.0471013
16008811334489992347
0 6 0 5 -1  -0.59049
16008887213754042730
1 5 1 3 -1  0.59049
16009650503329385650
1 4 3 2 -1  -0.185302
2 5 1 3 -1  -0.228768
16010104728014225646
6 5 7 5 4  -1
16010191137029544946
1 6 2 6 -1  0.228768
16010290859852612589
5 7 4 6 -1  0.6561
16010379988452871030
3 5 7 5 -1  -0.59049
16010544361571131875
1 3 0 2 -1  0.0250315
16010607976103321451
0 2 3 5 -1  0.000773553
16010707951196441386
1 4 0 6 -1  -0.0886293
16010925670393279666
1 1 2 1 -1  0.00969773
16010950634186539112
0 3 5 3 -1  0.00417455
16011048741032230230
2 7 3 7 -1  0.205891
16011238255963116130
5 4 2 4 -1  0.0646108
16011279910161878961
2 1 2 0 -1  -0.59049
16011564033211647597
4 6 2 4 -1  -0.00872795
16011854476140975412
1 6 0 5 -1  -0.0797664
1 6 2 5 -1  -0.098477
16012027455487779438
2 2 4 1 -1  0.0133028
16012162431915928516
2 2 3 2 -1  -0.205891
16012453451074070329
4 1 3 2 -1  -0.0278128
16012619623491623335
3 2 4 1 -1  0.0250315
16012696962394491685
2 7 3 6 -1  -0.0133028
16012816350651287949
1 3 3 3 -1  -0.166772
16013018091891795129
0 5 0 3 -1  -0.0423911
16013063917740037313
0 6 0 7 -1  -0.121577
16013119369598933495
1 7 2 7 -1  1
16013318344718913677
1 5 3 5 -1  0.0225284
16013375825798739589
0 0 0 2 -1  -0.0471013
16013580552025387948
0 6 2 5 -1  0.121577
16013658394799122005
0 2 2 4 -1  -0.0107646
0 6 0 7 -1  -0.0172758
16014033962391761229
4 6 3 4 -1  0.00636268
16014062545647431545
1 3 0 3 -1  -0.38742
16014367897177668613
1 4 3 5 -1  0.0309031
16014396463474259146
0 0 0 2 -1  -0.0886293
16014592133920746631
0 2 0 1 -1  -0.0581497
16014629843041027069
4 0 5 1 -1  -0.348678
16015014504530563346
3 4 6 4 -1  -0.6561
16015040774539193068
2 4 3 3 -1  0.000269721
16015114097929300998
0 4 0 6 -1  -0.00785516
16015117447151489370
3 4 5 3 -1  -0.205891
16015224521610195102
0 5 0 2 -1  -0.166772
16015482827577224422
0 3 1 3 -1  -0.0133028
16015556837404419065
5 6 3 6 -1  -0.185302
16015578341194468420
0 6 1 4 -1  -0.121577
16015695223052242915
5 0 6 0 -1  1
16016237348084078182
4 7 4 0 -1  -0.254186
16016313683127973959
5 0 3 0 -1  -0.81
16016463274710703947
0 4 0 3 -1  -0.254186
16016614666967950350
1 3 1 5 -1  -0.000411098
16016629527011130215
2 5 3 3 -1  -0.00246503
16016718296434686704
1 5 1 4 -1  0.000369988
16016795617546519209
4 3 6 4 -1  -0.729
16016850786445252147
0 5 1 4 -1  -0.00106111
16017316070714857283
0 5 0 4 -1  0.0107753
16017319373343090287
2 5 4 7 -1  -0.0797664
16017554285670803218
0 2 0 3 -1  0.121577
16017664369237269846
2 5 3 5 -1  0.0581497
16017699327861801820
3 1 3 7 -1  -0.121577
16017767894924148405
3 7 5 7 -1  -0.205891
16017808433237262929
3 5 4 5 -1  -0.9
16017900061636162533
0 4 0 6 -1  -0.0471013
16017938293691551316
3 6 1 4 -1  -0.9
16017971701147569061
0 4 0 6 -1  -0.00463839
16018035611420537293
3 5 2 5 -1  -0.0523347
16018153153923805372
0 3 1 5 -1  0.0423911
16018885761213674582
2 4 4 5 -1  -0.478297
16019186194636094592
0 5 1 4 -1  -0.348678
16019223532617499810
3 6 4 5 -1  -0.121577
16019253706979242953
1 5 1 3 -1  -0.0471013
16019268385376386566
0 2 2 4 -1  -0.150095
16019534241197954017
0 0 0 6 -1  -0.0423911
16019772106435585022
4 3 5 3 -1  -0.0569206
16019861670786415052
2 4 3 4 -1  0.150095
16019874024449730590
0 6 1 5 -1  0.531441
16019890093604012991
3 4 1 4 -1  -0.0471013
16019988963595744958
4 6 3 4 -1  0.0646108
16020013213806521192
0 2 4 2 -1  -0.81
16020050456544988662
0 1 1 0 -1  0.228768
16020269553630771052
0 3 1 3 -1  -0.135085
16020278099630945764
0 3 3 3 -1  -0.0581497
16020293091120874512
2 5 3 5 -1  -0.205891
16020353503536843698
0 3 4 7 -1  0.135085
16020398890165505076
0 2 4 6 -1  -0.31381
16020452673686898136
0 5 0 2 -1  0.0471013
16020792849732417248
1 2 2 3 -1  -1
16021056748090664018
0 0 0 1 -1  -0.0423911
16021091750416109703
4 6 5 5 -1  -0.254186
16021456479140232822
5 5 7 3 -1  0.0225284
16021508826667542922
3 4 3 7 -1  -0.00636268
16021682729491827420
3 6 4 6 -1  0.0797664
16021752117911501997
1 6 2 6 -1  -0.0423911
16021772306597313550
1 4 3 4 -1  -0.0250315
1 7 2 7 -1  0.018248
16021993399943457280
4 4 3 6 -1  -0.254186
16022062952144724158
3 4 4 3 -1  -0.254186
16022075268147163800
0 2 0 3 -1  -1
16022136252384663362
1 4 1 6 -1  -0.0886293
16022174199061867701
0 2 4 2 -1  0.205891
16022292516868749832
4 2 4 3 -1  0.531441
16022522983703901615
2 3 3 3 -1  0.135085
16022528666653894753
1 2 3 2 -1  -0.38742
16022613265386966479
0 3 1 2 -1  0.729
16022628410641480487
1 5 2 4 -1  0.135085
16022640865056377932
4 2 4 6 -1  -1
16022673221403271952
1 3 0 4 -1  0.6561
16022844661094587664
5 1 6 1 -1  0.6561
16022866339029824003
6 1 7 0 -1  0.0226535
16022954844289580371
5 5 3 6 -1  0.531441
16023007296870028670
2 0 6 0 -1  -0.478297
16023143188324623808
1 3 1 2 -1  0.531441
16023279600307881907
5 0 4 2 -1  -0.9
16023344856376883030
3 6 6 3 -1  0.6561
16023805572063021580
6 0 6 1 -1  -0.038152
16024080084406733915
0 4 1 3 -1  0.81
16024089459931357461
3 2 1 4 -1  -0.0348148
16024171059483194544
3 4 4 4 -1  -0.038152
16024228038542819652
2 5 4 6 -1  -0.254186
16024293485748202802
4 3 5 3 -1  -0.121577
16024387552947419239
2 3 3 2 -1  0.0423911
16024441455745408896
5 1 7 0 -1  0.81
16024565284973033067
1 4 4 1 -1  -0.0343368
16024768367205389930
0 5 0 4 -1  -0.098477
16024861994768216645
2 2 4 1 -1  0.109419
16025020860857758999
2 3 2 5 -1  -0.0646108
16025028259050269598
4 3 5 3 -1  0.0797664
16025142186529552532
3 0 2 1 -1  -0.254186
16025242363725356747
3 3 2 4 -1  -0.121577
16025425016687561708
4 3 6 4 -1  -0.0581497
16025432030788592858
3 3 4 4 -1  -0.00199668
16025618491534249008
7 1 7 0 -1  0.254186
16025661181203845751
0 3 1 5 -1  0.098477
16026164360248864036
0 1 0 0 -1  -0.0581497
16026425000901436741
1 5 5 1 -1  -0.0646108
16026772007346753463
2 2 3 4 -1  0.38742
16026944779935678866
3 2 4 2 -1  -0.121577
16027027655577909690
0 5 1 4 -1  -0.00636268
16027122103365559082
0 4 2 4 -1  0.00246503
16027216027350481714
0 4 0 6 -1  0.0646108
16027240214867077892
0 0 0 2 -1  -0.185302
16027468416962178276
4 7 1 7 -1  0.0717897
16027499872204121849
3 6 4 7 -1  -0.81
16027667361160453036
0 0 0 2 -1  0.00056392
16027899707784454457
4 3 5 3 -1  0.729
16028094861898862334
0 1 1 3 -1  0.0037571
0 4 0 6 -1  -0.00576189
1 2 2 2 -1  0.0278128
1 7 2 7 -1  1.56842e-05
16028159222594162225
0 6 1 5 -1  -0.205891
16028230237153763008
5 6 6 5 -1  0.166772
16028256669094457855
2 2 1 4 -1  0.0164232
16028302311484946305
0 3 7 3 -1  0.0423911
16028432188244537333
6 7 7 6 -1  -0.135085
16028676859126693529
1 4 2 4 -1  -0.430467
16028725486558553793
5 1 4 1 -1  -0.0133028
16028836623278106587
4 1 4 3 -1  -0.6561
16028845275590211634
2 2 4 3 -1  0.31381
16028939799119906973
1 7 3 7 -1  0.098477
16029057627023287823
2 6 3 6 -1  -0.81
16029121548269051197
4 0 5 2 -1  -0.0147809
16029208105079147102
5 2 6 3 -1  0.0471013
16029271626798980376
1 5 2 5 -1  0.31381
16029532964127705234
4 1 5 3 -1  0.348678
16029764525706478389
3 1 4 1 -1  -0.018248
16030006225841456489
0 1 2 2 -1  0.0119725
16030238936479213357
1 6 0 5 -1  -0.0423911
16030604320496142367
0 2 1 3 -1  -0.150095
16030660852649997267
1 3 2 4 -1  -0.150095
16030730986856161336
0 6 1 4 -1  0.109419
16030767235387154398
1 1 2 2 -1  -0.531441
16030770705614525388
0 3 2 1 -1  0.0471013
16030772095129663275
4 2 7 2 -1  -0.531441
16030812242468009142
3 5 4 5 -1  -1
16030999147073978217
0 6 0 7 -1  0.0886293
16031443488545223045
3 6 3 5 -1  0.31381
16031530586115473007
1 1 2 2 -1  0.109419
16031849968051191560
7 4 6 4 -1  -1
16031962930075892696
1 7 2 7 -1  0.0581497
16032182869706781884
0 6 0 7 -1  0.31381
16032210180984249631
1 0 7 0 -1  -0.0646108
16032278135405125141
0 5 0 3 -1  0.00338139
16032645532663575981
3 0 4 0 -1  0.0886293
16032708400920655476
2 6 1 7 -1  0.9
16032934158040741120
5 2 5 1 -1  -0.0581497
16033099479747534941
1 0 3 0 -1  0.000507528
16033198317569380846
1 6 2 5 -1  -0.0797664
16033476947515167034
0 7 1 7 -1  -0.0581497
16033870506187141529
0 4 0 3 -1  -0.00785516
16033878655662510652
4 0 5 1 -1  -0.135085
16033882700762828775
2 6 3 6 -1  -0.0581497
16033899005687530377
3 5 4 5 -1  -0.729
16033915612810640901
3 3 4 2 -1  -0.0202755
16034236552273670113
2 1 1 2 -1  -0.0717897
16034259096691295607
3 5 2 4 -1  -0.38742
16034341176514528512
2 1 1 2 -1  -0.729
16034380295589746631
1 5 2 4 -1  -0.205891
16034495868488246626
2 7 3 6 -1  0.228768
16034496846502889610
1 0 3 0 -1  0.430467
16034678751277867611
0 2 0 0 -1  0.254186
16034989980674312621
0 5 3 5 -1  -0.00706964
