17801970959091023140
2 4 3 3 -1  0.0147809
17802100124068447003
6 0 6 1 -1  -0.0202755
17802119111719660329
4 7 5 7 -1  -0.0133028
17802189842786532654
3 6 4 6 -1  -0.166772
17802314391793627026
2 3 0 3 -1  -0.254186
17802450621095588768
0 3 1 2 -1  0.00106111
17802877025571409451
0 6 1 6 -1  0.348678
17803375969391984064
4 1 5 3 -1  -0.59049
17803800846268400612
1 5 3 5 -1  -0.121577
17803828766033714228
2 4 0 6 -1  -0.81
17803880363993893795
0 5 3 5 -1  -0.185302
17803975807179101381
3 4 4 3 -1  -0.0471013
17804015057879732431
0 3 2 5 -1  -0.0225284
17804289064084882608
4 5 5 4 -1  -0.185302
17804300435624411436
3 6 4 7 -1  -0.254186
17804307653309074249
3 3 2 1 -1  -0.0133028
17804351560323765160
0 2 0 3 -1  0.6561
17804467206222617511
0 0 0 1 -1  0.038152
17804600506018628072
4 5 1 2 -1  -0.38742
17804620588057628075
0 3 4 3 -1  -0.31381
17804688299738153659
3 2 4 0 -1  -0.00572641
17804699563329310563
0 4 0 6 -1  0.430467
17804702344219912910
0 5 0 3 -1  -0.81
17804779190326089912
2 2 3 3 -1  -0.000696197
17805271842445035567
3 7 4 7 -1  -0.150095
17805339604951950494
0 0 1 0 -1  -0.430467
17805647671416128699
0 2 2 4 -1  -0.166772
17805917712946217723
0 3 1 3 -1  -0.0717897
17805920610022136968
3 1 4 1 -1  -0.038152
17806049548299999601
3 2 4 2 -1  -0.205891
17806137808046339076
4 3 5 1 -1  -1
17806156862617901115
2 1 0 2 -1  0.205891
17806207835936673522
5 0 6 2 -1  0.0646108
17806210620267851190
0 5 3 2 -1  -0.038152
17806308447919005387
1 3 3 4 -1  -0.0523347
17806413003713402878
2 5 3 4 -1  0.00706964
17806641895387763563
0 1 1 3 -1  -0.04471
17806706865312327096
0 1 3 1 -1  0.0423911
17806762896142912723
1 7 2 7 -1  0.000143341
17806987601843028215
5 5 6 7 -1  -0.38742
17807108562993066605
3 0 4 0 -1  -0.000696197
17807129327078131811
1 2 2 3 -1  -0.135085
17807167183277435740
1 7 2 7 -1  -0.0717897
17807183632437264123
2 4 3 5 -1  0.6561
17807274578511736549
3 7 4 7 -1  0.135085
17807381192374010349
3 5 4 4 -1  -0.00199668
17808329911876551488
2 4 3 3 -1  0.0278128
17808394146130679621
0 3 1 3 -1  0.531441
17808547423094605139
0 4 0 6 -1  -0.0386831
17808883157198090205
3 7 4 7 -1  0.0278128
17808887185123132261
0 1 1 1 -1  0.254186
17809035948384530904
1 4 2 2 -1  0.430467
17809051939506545841
0 4 0 6 -1  0.121577
17809196767910556474
1 2 0 3 -1  -0.0646108
17809222379504424953
3 4 4 3 -1  0.430467
17809244421442836956
3 2 3 3 -1  0.0343368
17809583327648577105
3 4 4 4 -1  0.0886293
17809754523016860191
2 6 3 6 -1  -0.098477
17809860975208614186
6 3 5 1 -1  0.0886293
17809944677261557152
2 2 2 6 -1  -0.0523347
17810049811265719636
2 1 2 2 -1  -0.150095
17810078184274767244
1 3 1 1 -1  -0.0309031
17810196409889882981
1 0 2 0 -1  -0.150095
17810516270752524253
0 4 0 6 -1  0.0471013
17810598800193791757
3 5 4 4 -1  0.81
17810672752759227334
3 5 4 5 -1  -1
17810748645379467277
0 0 0 1 -1  0.00872795
17810842260433101206
2 3 5 6 -1  -0.531441
7 2 5 4 -1  -0.430467
17810905055720984162
4 3 4 5 -1  -1
17810934372090745256
1 4 2 3 -1  -0.00872795
17811017879510875520
6 4 6 5 -1  0.59049
17811064334397540620
7 0 2 5 -1  0.348678
17811380963679069959
6 6 6 7 -1  -1
17811390221367528050
1 1 2 0 -1  -0.038152
17811495549862580509
2 5 3 5 -1  0.348678
17811715158097997179
3 7 4 7 -1  -0.228768
17811789857185982541
3 5 5 7 -1  -0.0717897
17811813392752814125
3 6 4 6 -1  0.228768
17811938521463948450
0 5 0 4 -1  0.00636268
17812012790138614738
6 3 4 5 -1  -0.6561
17812129960423801931
1 3 0 2 -1  -1
17812171104338635418
0 3 1 2 -1  -0.00572641
2 5 1 3 -1  -0.0155312
17812462661511149229
1 4 6 4 -1  -0.185302
17812662820033463049
1 4 0 4 -1  0.205891
17813008833791307277
4 7 3 5 -1  -0.00706964
17813126944392043077
1 1 2 2 -1  0.00463839
17813452634180557970
0 2 1 2 -1  -0.00304325
17813561945548363467
6 7 7 6 -1  0.38742
17813599799144917099
6 0 4 0 -1  -0.166772
17813724013320896554
2 6 3 7 -1  -0.254186
17814219337396481970
2 6 3 7 -1  -0.31381
17814414999857577037
0 2 2 4 -1  0.018248
17814451134552561254
2 2 1 1 -1  -0.121577
17814456024393071495
4 4 5 4 -1  -0.729
17814968957533678235
1 7 2 7 -1  0.228768
17814979744059262596
0 5 3 2 -1  -0.0423911
17814984113262019443
3 3 0 3 -1  -1
17815131928459945684
3 3 2 2 -1  -0.00706964
17815134385418952834
1 2 0 3 -1  -0.000507528
17815215462880618696
1 4 4 7 -1  -0.00029969
17815221577022698414
1 2 1 5 -1  -0.0523347
17815271968659571286
3 6 1 7 -1  0.59049
17815440684299382589
3 6 2 7 -1  0.729
17815568684891522437
1 3 2 2 -1  0.098477
17815652202504505122
0 7 0 6 -1  -0.0423911
17815716897388616714
4 1 7 1 -1  -0.9
17815818058382004678
1 5 2 5 -1  -0.109419
17815842473484168885
1 5 0 6 -1  1
17815921343828090291
1 2 4 5 -1  -0.729
17816080697722430996
3 0 4 1 -1  0.0581497
17816170860588216022
1 3 3 4 -1  -0.81
17816267011132897029
3 5 4 6 -1  -0.0343368
17816412002340284207
2 1 0 1 -1  -0.59049
17816440292533983452
2 3 1 2 -1  0.0523347
17816632583353770195
0 4 0 6 -1  -0.430467
17817310642622211625
2 1 0 3 -1  -0.0133028
17817561969003752226
1 4 1 6 -1  0.0147809
17817633056956459260
3 3 3 4 -1  0.0119725
17817711593467016321
2 2 3 2 -1  -0.254186
17817964239004380214
4 1 3 2 -1  -0.729
17818080010501778091
1 2 3 2 -1  0.348678
17818095197450865870
3 2 4 3 -1  0.31381
17818144573131196056
2 5 1 5 -1  0.729
17818163809551932687
2 5 4 6 -1  -0.0225284
17818591843886793554
2 2 3 3 -1  0.348678
17818702121161986371
5 3 5 1 -1  -0.185302
17818803693818370284
0 2 1 2 -1  -0.729
17818842016142282338
2 2 3 0 -1  -0.0423911
17818900289400703809
1 3 3 3 -1  -0.0343368
17818912647695683674
0 4 0 6 -1  -0.0717897
17818988641345608800
0 0 2 2 -1  0.135085
17819005218968080977
1 7 2 7 -1  0.00872795
17819195231063980699
7 1 6 2 -1  -0.81
17819244111453246847
0 5 0 2 -1  0.0119725
17819248656117322398
1 0 2 0 -1  0.9
17819316058728663157
0 4 0 6 -1  -0.00221853
17819583129260768073
3 0 4 0 -1  -1
17819801190004401956
1 3 0 4 -1  0.31381
17820083415501358939
1 5 3 5 -1  0.00969773
17820314866423700035
0 5 0 2 -1  -0.109419
17820343417885505501
1 2 1 5 -1  -0.6561
17820819708090821521
2 4 3 3 -1  2.15147e-05
17820821610414892304
3 6 5 4 -1  0.254186
17821037400066599218
0 2 1 1 -1  -0.228768
17821136823492776514
0 7 0 4 -1  0.531441
17821414517426863946
1 3 0 2 -1  -0.00463839
17821430127021950956
2 2 5 2 -1  -0.38742
17821435542752777388
0 6 0 5 -1  0.0523347
17821600161514688239
1 0 2 0 -1  0.0119725
17821788331635909642
0 6 0 5 -1  -0.430467
17822414177936002105
5 5 5 3 -1  -0.729
17822428369886109978
2 3 1 3 -1  -0.185302
17823030802825693343
0 4 3 4 -1  0.166772
17823182911083349851
3 4 4 5 -1  -0.150095
17823203935223761251
1 3 3 3 -1  0.0250315
2 5 4 4 -1  4.04837e-05
17823231353618635206
2 2 4 4 -1  0.348678
17823321843440961588
3 1 4 2 -1  0.0250315
17823327928567953945
1 5 3 5 -1  -0.0250315
17823409783734446259
3 5 4 6 -1  0.121577
17823533061789240153
5 0 1 4 -1  -0.228768
17823568942152897751
3 0 4 2 -1  0.0309031
17823773144417488233
2 2 4 3 -1  -0.254186
17823790226234530556
1 3 1 5 -1  -0.0886293
17823843491488523688
0 4 0 6 -1  0.0717897
17824066225074605556
4 5 5 5 -1  0.0164232
17824118106012572849
3 4 4 5 -1  -0.254186
17824460691946098080
1 0 3 0 -1  -0.0278128
17824517400135585865
6 5 5 7 -1  -0.00872795
17824590742550864022
2 2 3 0 -1  -0.205891
17824666211021360273
0 7 7 7 -1  -0.254186
17824922125926403808
6 3 7 3 -1  -0.729
17824941722308599677
3 3 4 2 -1  -0.0278128
17825144108691173358
0 7 0 5 -1  0.0886293
17825219657100189282
2 4 4 6 -1  -0.185302
17825674837408894950
7 3 7 1 -1  0.38742
17826605691282958133
3 6 2 7 -1  0.9
17826758802911577534
0 3 0 0 -1  -0.0278128
17826793980638046229
0 3 1 2 -1  0.166772
17827920712632960968
2 4 3 3 -1  -0.0797664
17828148874460119787
0 6 0 5 -1  -0.38742
17828294435483117960
4 1 6 1 -1  -0.00872795
17828311378994101218
5 3 6 3 -1  -0.9
17828856308092262836
5 3 1 7 -1  -0.0250315
17828928346405450924
5 0 5 3 -1  -0.254186
17829083867844474967
0 2 2 4 -1  -0.00603745
0 5 1 4 -1  0.0114715
3 3 5 2 -1  -0.0192322
17829175064403476573
0 6 2 5 -1  0.00969773
17829291750721462359
4 6 2 4 -1  -0.0423911
17829418992118508752
1 0 2 0 -1  -0.135085
17829428627204477810
4 0 5 1 -1  -0.00273892
17829498651839948427
6 1 7 1 4  -0.59049
17829516171884795669
2 2 3 3 -1  -0.0717897
17829617657646542958
2 6 2 7 -1  0.430467
17829640388779826942
6 1 6 0 -1  -0.109419
17829697993224652200
4 0 7 0 -1  0.0717897
17829870681119856564
3 7 7 7 -1  0.109419
17830260650614667523
0 6 1 7 -1  0.205891
17830276329629447606
3 3 3 1 -1  0.00304325
17830377997530442354
2 2 3 3 -1  -0.0423911
17830491849927353031
2 5 3 7 -1  -0.00417455
17830586451144131514
1 1 2 1 -1  -0.0309031
17830677208580663550
3 2 4 2 -1  -0.81
17830999734155607904
1 3 0 2 -1  -0.000696197
17831589769496434906
4 7 4 6 -1  -0.478297
17831593639796982359
3 5 3 4 -1  -0.0377734
17831777539180630845
0 2 1 3 -1  -0.0250315
17831819656981913409
0 3 5 3 -1  -0.478297
17831844483653867888
0 2 0 1 -1  -0.348678
17832018792923831621
3 2 5 3 -1  -0.729
17832200588219086746
1 1 6 1 -1  -0.228768
17832361989166478933
2 2 3 4 -1  -0.38742
17832417150520267833
2 2 4 3 -1  0.0423911
17832655663190443254
1 3 1 7 -1  0.478297
17832767479793247735
2 5 4 4 -1  -0.0309031
17832794458777986744
0 0 0 2 -1  -0.0133028
17832899023943574705
1 4 4 1 -1  -0.166772
17833305504579266025
2 6 3 6 -1  0.282429
17833363327180312637
2 4 1 5 -1  -1
17833493283710074818
1 1 3 3 -1  -0.0309031
17833612478361169537
2 5 4 4 -1  -0.81
17833636686075886943
1 2 2 1 -1  -0.6561
17833855220366104966
1 4 2 4 -1  0.0646108
17833899866733843508
4 7 4 6 -1  0.0309031
17833928560416418162
1 4 3 4 -1  0.31381
17834003890191147984
1 1 2 1 -1  0.098477
17834131226885283263
2 4 4 2 -1  -0.348678
17834277293436901141
0 6 1 4 -1  0.143534
17834493866442480873
3 5 4 5 -1  0.38742
17834732480339935108
2 5 3 3 -1  0.0107753
17834810724804636922
1 6 2 5 -1  -0.00221853
17835013303656804549
0 1 2 1 -1  0.0133028
17835212115513840021
1 4 2 6 -1  -0.00106111
17835344367075154892
0 5 1 4 -1  -0.00572641
17835481648793162500
0 1 2 3 -1  -0.254186
17835603351387256741
0 4 2 5 -1  0.31381
17835643726272465990
2 4 3 4 -1  -0.0164232
17835685439989256080
1 4 2 5 -1  -0.0523347
17835783321116097176
1 7 3 7 -1  -0.59049
17835787087184853601
1 5 3 5 -1  0.31381
17835815601442192011
5 6 6 6 -1  1
17835897915408944360
1 6 2 6 -1  0.531441
17835995412831875466
3 7 4 6 -1  -0.00463839
17836082206790328900
5 3 5 4 -1  -0.81
17836194190177218172
4 2 2 4 -1  -0.135085
17836362644838027642
6 5 6 1 -1  0.109419
17836392237612218066
2 4 1 5 -1  -0.0886293
17836397365353494168
1 4 2 5 -1  -0.0581497
17836488200900973052
4 0 4 4 -1  -0.9
17836583969483418390
3 2 4 2 -1  0.0717897
17836708440267199184
3 2 3 3 -1  0.166772
17836744820985859348
0 6 0 7 -1  -0.282429
17837281438110810550
4 7 3 7 -1  -0.0717897
17837350849436658059
4 1 3 2 -1  -0.0278128
17837389206128787166
2 5 2 6 -1  0.9
17837605125038794810
2 4 1 3 -1  -0.121577
17837870050004634558
1 6 5 6 -1  -0.81
17837930346328421953
2 4 3 3 -1  -0.531441
17838115596297004313
0 1 1 1 -1  -0.018248
17838249522199558442
0 5 1 6 -1  -0.0133028
17838258540957389595
2 6 3 6 -1  0.00706964
17838370657873784864
5 2 6 1 -1  -0.348678
17838381642486833028
3 0 4 1 -1  -0.135085
17838470284803502678
1 4 0 5 -1  -0.00636268
17838472320248891121
2 1 5 1 -1  -0.531441
17838661259100656019
0 4 0 6 -1  -0.135085
17838767120890237135
4 4 5 3 -1  -0.6561
17838844780246796513
1 2 3 2 -1  -0.0278128
17838856910865484032
3 7 7 3 -1  -0.0202755
17838942573353592618
2 4 3 4 -1  -0.59049
17839225623715652976
1 4 2 4 -1  0.000507528
17839286618248729515
2 6 3 6 -1  -0.9
17839338923044566018
3 5 4 5 -1  0.31381
17839431923130713219
0 2 3 5 -1  1
17839468289404192511
6 4 2 4 -1  -1
17839654474892725680
0 7 0 2 -1  0.478297
17839683442846220090
6 2 0 2 -1  -0.185302
17839795875147849723
4 0 2 2 -1  0.018248
17839820284271764620
3 5 4 5 -1  0.282429
17840282354041020318
4 4 5 5 -1  0.0119725
17840489224859097130
2 2 3 4 -1  -0.121577
17840495036076473728
3 3 4 3 -1  -0.81
17840507977491388062
4 1 3 3 -1  -0.31381
17840554046497816637
4 1 2 1 -1  -0.282429
17840970677820859630
0 4 0 6 -1  -0.0309031
17841118284613548185
6 2 1 2 -1  -0.228768
17841143141546521972
0 4 0 2 -1  0.0133028
17841147508407640207
0 4 0 3 -1  -0.348678
17841585124848610411
2 0 3 0 -1  0.0471013
17841830804591495166
3 2 5 2 -1  -0.59049
17842022963694805809
2 5 4 4 -1  -0.59049
17842234499685969413
0 5 0 4 -1  -0.0250315
17842464680762999326
1 4 3 5 -1  0.348678
17842744410943197071
2 7 3 7 -1  -0.478297
17842761932740056105
1 3 3 1 -1  -0.121577
17842972762514640702
4 6 5 6 -1  -0.0717897
17842982745059029498
1 7 1 6 -1  0.0717897
17842996229145624088
2 6 2 7 -1  -0.59049
17843470377791087948
1 6 3 4 -1  0.185302
17843683932143172935
2 4 4 2 -1  0.150095
17843763524958735224
4 7 5 5 -1  -0.81
17844226925336297603
0 3 6 3 -1  -0.166772
17844246842097622809
3 3 4 3 -1  -0.31381
17844265909022002688
0 5 0 3 -1  0.018248
17844279354398872558
3 2 1 0 -1  0.254186
17844337898761546153
2 6 6 6 -1  -1
17844771938600959647
2 4 5 1 -1  -0.135085
17844974737257567139
5 0 3 2 -1  0.59049
17845135033514904463
4 4 7 7 -1  -0.59049
17845152240962395677
0 3 2 1 -1  0.135085
17845381213938418588
2 2 3 3 -1  -0.0797664
17845626994707644599
1 7 1 6 -1  0.59049
17845814213248767838
1 4 0 5 -1  -0.185302
17845947943417611361
5 5 6 7 -1  -0.81
17845963874376449129
2 4 2 6 -1  -0.254186
17846047788672456397
2 3 3 4 -1  0.0250315
17846253764336939922
3 2 4 2 -1  0.166772
17846762124486743820
1 2 2 2 -1  -0.0164232
17846858528370703840
3 2 4 3 -1  -0.0250315
17847228278661427020
5 4 3 4 -1  -0.478297
17847270226163303073
2 4 3 3 -1  -0.205891
17847313403824287963
1 2 0 3 -1  0.478297
17847373399950548961
2 2 3 0 -1  -0.098477
17847586383969402142
1 6 2 6 -1  -0.254186
17847660407870353770
1 7 2 6 -1  0.0797664
17847822471676228600
7 7 6 7 -1  -1
17848185617660627443
7 3 7 6 -1  -0.0164232
17848193515647048004
3 2 4 2 -1  0.00161731
17848233451524524017
5 5 5 4 -1  -0.150095
17848392730392326299
1 2 0 1 -1  -0.038152
4 7 4 5 -1  -0.0309031
17848699313120716754
0 0 5 0 -1  -0.150095
17848823421945552010
1 4 2 4 -1  -0.0646108
17848893525867574593
0 2 0 1 -1  0.00286805
17848917938776183947
3 3 4 4 -1  -0.00969773
17849191687695815063
4 3 5 3 -1  -0.0119725
17849244887219018973
4 5 6 6 -1  -0.531441
17849387538011716623
3 2 2 4 -1  -0.478297
17849467663195431485
4 3 5 1 -1  -0.0423911
17849586849304592588
0 7 0 2 -1  -0.0250315
17849705846832589389
3 3 3 5 -1  -0.109419
17849731283747820067
3 2 3 0 -1  -0.430467
17850132819927612755
1 2 2 1 -1  0.185302
17850143445963601481
4 1 5 2 -1  0.430467
17850383715959253283
5 7 3 7 -1  -0.205891
17850386555071333653
1 3 1 5 -1  -0.0471013
17850488296223602178
2 2 1 4 -1  -0.185302
17850513643942191847
2 5 4 4 -1  -0.0202755
17850668512902047530
2 7 0 5 -1  -0.430467
17850762389913879824
0 5 1 6 -1  -0.109419
17850827088395189714
0 5 0 3 -1  0.00969773
17851051192373716861
2 6 3 7 -1  -0.166772
17851144722995368762
0 5 0 2 -1  -0.205891
17851414030170907534
2 3 4 3 -1  -0.018248
17851438332821103275
2 5 4 4 -1  -0.0250315
17851498606711987542
2 1 6 1 -1  -0.205891
17851601484864122127
3 2 2 3 -1  0.531441
17851841822444203846
3 1 2 1 -1  -0.018248
17851950134129786184
1 3 2 5 -1  0.00246503
17852147754851632705
2 4 3 3 -1  -0.135085
17852199508695630126
3 1 4 2 -1  0.205891
17852432829283039616
3 4 4 4 -1  -0.098477
17852552862002075703
2 5 4 4 -1  -0.0471013
17852751914026752849
1 3 3 3 -1  -0.0164232
17853169397844523483
2 5 4 4 -1  -0.150095
17853404674810178528
0 5 1 4 -1  -0.00706964
17853497682487275694
3 5 4 5 -1  0.0423911
17853727601215834339
3 2 4 2 -1  0.9
17853873676178776733
2 1 6 1 -1  -0.729
17854049627582043850
1 0 3 0 -1  -0.109419
17854250298883156374
0 3 7 3 -1  0.0107753
17854394022354214697
6 2 4 2 -1  -0.9
17854898270130912581
6 3 6 6 -1  -0.282429
17854984735648198310
0 2 1 3 -1  -0.0225284
17855085588850687865
2 2 6 2 -1  -0.282429
17855376921069955626
2 1 1 2 -1  -1
17855424609292238955
4 6 6 4 -1  -0.000159268
17855511978391134792
0 3 1 3 -1  0.0523347
17855562577585225293
3 0 3 3 -1  0.121577
17855967387522593622
1 3 3 2 -1  -0.0309031
17855981230282540667
3 2 2 3 -1  -0.0423911
17855998932556834167
3 5 5 5 -1  -0.729
17856143387133321926
2 4 2 0 -1  -0.0119725
17856161647148713480
0 2 4 6 -1  -0.0471013
17856392638207314060
3 4 2 5 -1  -0.59049
17856587845575503039
1 5 3 3 -1  0.282429
17856616830819130768
4 1 2 3 -1  -0.59049
17856808378233485147
0 5 1 5 -1  0.6561
17856872754848204232
1 2 2 2 -1  -0.098477
17856885521871450271
2 4 1 3 -1  -0.00872795
17857436346666946065
3 2 5 4 -1  -0.0717897
17857553680593121368
0 2 1 3 -1  -0.185302
17858084370740749004
2 2 3 0 -1  0.185302
17858354684206345533
2 2 3 2 -1  0.0147809
17858457178414920069
2 2 1 4 -1  -0.0757781
17858639723985080514
2 6 3 5 -1  0.38742
17858664957328619941
0 5 0 6 -1  -0.109419
17858698738229795016
2 6 2 5 -1  -0.00785516
17859100461845861839
2 5 3 5 -1  -0.150095
17859216316561387198
1 5 2 5 -1  0.0147809
17859356970253956757
2 2 5 5 -1  0.81
17859395682805827235
1 3 4 0 -1  1
17859430180505193247
1 3 3 5 -1  0.478297
17859557456786233653
4 5 3 3 -1  -0.6561
17859667020156662629
0 5 2 5 -1  -0.31381
17859821364483000685
5 7 7 5 -1  -0.59049
17859887112208655487
1 2 2 1 -1  -0.0886293
17860036382478836492
2 2 0 1 -1  0.228768
17860059987801928932
4 5 4 3 -1  0.135085
17860101227749300755
1 5 1 6 -1  -0.6561
17860234593958248443
2 3 2 5 -1  -0.81
17860475013353783048
2 7 3 7 -1  -0.254186
17860565972380995992
0 5 0 3 -1  -0.0147809
17861158469336616135
0 1 2 2 -1  -0.0523347
17861517849144721071
4 3 6 3 -1  -0.9
17862066709027758172
5 3 6 4 -1  -0.121577
17862213379719177562
5 1 7 0 -1  -0.00131002
17862461995039965319
0 3 1 4 -1  0.0278128
17862512858219832618
3 5 2 3 -1  0.38742
17862703067555722060
2 4 4 5 -1  0.282429
17862869336477979617
0 5 1 4 -1  0.0225284
17863002395590458401
0 6 1 6 -1  -0.0886293
17863054219645027933
3 7 2 6 -1  -0.0471013
17863108171377270208
0 1 0 3 -1  -0.348678
17863554792595204836
4 6 2 4 -1  -0.0717897
17863953907963308444
0 4 1 5 -1  -0.00056392
17863964503393813777
2 2 1 4 -1  -0.185302
17864079278812003775
1 2 2 2 -1  -0.018248
17864082067079783409
4 2 2 4 -1  0.430467
17864136714305751921
4 6 5 5 -1  0.0523347
17864325882048787614
3 7 2 5 -1  0.0646108
17864364992540028022
0 2 1 1 -1  0.282429
17864699282015979874
3 3 2 5 -1  0.0646108
17864706409634736148
1 3 3 2 -1  0.9
17864732337119821868
0 1 2 2 -1  -0.166772
17865005338602331174
1 4 2 4 -1  0.0797664
17865230400415618443
2 7 3 6 -1  -0.185302
17865528987593448828
1 2 0 4 -1  0.531441
17865602190130035178
3 2 3 0 -1  -0.00969773
17865709431698552363
2 3 3 2 -1  -0.205891
17865722981424468292
2 2 1 1 -1  -0.531441
17865750233793650081
3 5 5 7 -1  -0.205891
17865768661115634470
3 4 4 3 -1  0.038152
17865776339630591572
4 6 6 4 -1  0.0471013
17865863029990044328
0 1 4 5 -1  0.478297
17865885496233686315
2 7 3 6 -1  0.59049
17866057191811425669
1 3 0 4 -1  -0.59049
17866138233742806888
2 4 5 7 -1  -0.0581497
17866210453555597675
1 1 3 1 -1  -0.0581497
17866385451366416678
5 2 4 0 -1  -0.729
17866406941695529669
1 1 2 1 -1  0.098477
17866461535376433454
2 0 7 0 -1  0.0309031
17866620817305431051
4 6 5 5 -1  -0.0119725
17866640712676223374
1 4 3 4 -1  0.0471013
17866692753045423938
0 4 0 6 -1  -0.00785516
17866706679974522255
3 4 2 5 -1  0.000773553
17866865771148236238
3 5 4 6 -1  -0.9
17866901321953308825
0 3 0 4 -1  -0.81
17866927810683141656
0 4 1 4 -1  -0.228768
17866993816430675848
0 7 0 6 -1  -0.0471013
17867122528857627099
4 2 3 1 -1  -0.0225284
17867235512140756394
0 4 0 6 -1  0.098477
17867528720221144395
3 2 4 3 -1  -0.0423911
17867715507728461367
2 3 3 4 -1  -0.0523347
17867741902379815638
5 6 6 6 -1  -0.348678
17867816004291004593
0 4 0 2 -1  -0.0717897
17867905194248920743
3 7 4 5 -1  -0.348678
17867938932853003877
0 1 1 1 -1  -0.0225284
17868064720214071434
3 3 4 3 -1  0.00056392
17868097759592116707
1 6 3 6 -1  -0.00785516
17868445681402258015
4 6 2 5 -1  -0.0147809
17868499691921226687
3 3 2 3 -1  -0.185302
17868547072646997339
1 3 1 5 -1  0.150095
17868990722659703751
2 5 2 6 -1  -0.00338139
17869016863369088978
3 5 3 3 -1  -0.31381
17869020452959434749
2 5 2 1 -1  -0.205891
17869088110975957797
5 4 4 3 -1  -0.0797664
17869094999997223701
5 3 4 5 -1  -0.0309031
17869243667326194429
5 0 6 2 -1  -0.150095
17869621164776185110
1 1 2 1 -1  -0.150095
17869992347688036147
2 4 3 5 -1  0.0471013
17870022567229780878
0 4 2 3 -1  -0.150095
17870668784201570809
2 5 1 3 -1  -0.205891
17870895232983430298
6 5 7 5 -1  -0.531441
17871001728390414378
0 2 0 0 -1  -0.121577
17871191702555825001
2 6 3 6 -1  -0.228768
17871230977642690480
0 1 2 2 -1  -0.109419
17871290554633085148
0 4 1 3 -1  -0.0646108
17871323292426460534
6 6 6 4 -1  1
17871468524016383282
0 2 0 6 -1  0.31381
17871573189456075772
1 1 2 1 -1  0.0797664
17871837222985441586
1 5 2 5 -1  0.0225284
17871952810759258458
1 3 3 2 -1  -0.0250315
17872035286204268596
0 5 0 3 -1  0.81
17872166190903346025
0 4 1 4 -1  0.0278128
17872211170506436652
1 4 2 3 -1  -0.729
17872312515904426622
2 2 3 0 -1  0.00338139
17872390256091803756
5 4 7 5 -1  -0.0886293
17872576273690458541
1 3 3 1 -1  -0.0278128
17872582001905465387
3 0 3 1 -1  -0.729
17872742890898157367
1 7 2 7 -1  -0.166772
17872957835574949845
3 3 4 1 -1  -0.121577
17873012202273903649
3 2 4 0 -1  0.00304325
17873136939772380491
2 3 4 1 -1  -0.478297
17873317161039285659
2 1 3 2 -1  0.166772
17873317829653196352
3 0 6 0 -1  1
17873398655598645988
1 5 2 5 -1  0.0309031
17873701447897268355
1 1 2 1 -1  -1
17873768513782594546
0 4 0 6 -1  0.166772
17873917393641731060
3 1 4 1 -1  0.0164232
17874248187796313482
2 0 6 0 -1  -0.9
17874527488162996748
4 6 3 7 -1  -0.0523347
17874538533174271623
1 6 2 7 -1  0.0523347
17875127918532549567
0 6 1 6 -1  -0.0225284
17875165080750654483
6 5 6 2 -1  1
17875267594747150602
7 2 6 1 -1  -0.478297
17875372398983775139
1 4 2 2 -1  -0.59049
17875607035690032780
1 7 2 7 -1  -0.0147809
17875899998331044435
0 2 1 1 -1  -0.0581497
17875940343010096031
1 2 2 2 -1  0.00969773
17875940817490265292
3 6 4 6 -1  -0.0646108
17875973153455594031
0 2 2 2 -1  -0.430467
17876016965254325303
1 3 4 0 -1  -0.0262924
17876258369730435367
4 6 5 7 -1  -0.00273892
17876365565301328194
0 5 2 3 -1  0.00572641
17876514073222986164
2 1 4 0 -1  -0.135085
17876533952405249887
5 7 1 3 -1  -0.531441
17876691279888741150
1 3 2 3 -1  -0.0133028
17876930713719176354
3 7 2 6 -1  0.038152
17877037960688602665
1 4 0 3 -1  0.729
17877063360162404892
2 0 7 0 -1  0.0471013
17877370264987191001
6 2 6 6 -1  -0.6561
17877527778963176597
1 0 1 3 -1  -0.478297
17877653604640139181
0 1 2 2 -1  2.65613e-05
17878024497245949933
3 4 3 5 -1  -0.254186
17878068210000276321
0 4 0 6 -1  -0.0414515
17878306155424645465
4 1 6 0 -1  -0.0309031
17878499016378517966
1 1 3 3 -1  0.348678
17878752770485380437
1 1 2 1 -1  0.254186
17878767118099984625
1 4 2 3 -1  -0.9
17878773302269786124
1 0 2 0 -1  -0.150095
17878774336046851096
1 3 2 2 -1  0.00417455
17878928340277616566
2 1 3 0 -1  -0.0343368
17879032599262085077
1 5 2 5 -1  -0.205891
17879257729011437138
4 6 3 7 -1  -0.0202755
17879357411303398512
2 5 2 4 -1  0.0278128
17879450746055807096
7 2 5 0 -1  0.228768
17879614734724683829
4 7 5 7 -1  0.348678
17879642754221421099
3 5 4 4 -1  0.038152
17879661728858428968
4 7 5 7 -1  -0.109419
17880004504152342975
3 7 4 7 -1  -0.185302
17880041731424121937
3 5 5 3 -1  -0.0523347
17880238608603192255
3 7 4 7 -1  -0.38742
17880255503330307609
5 3 5 0 -1  -0.109419
17880335312374128865
0 5 0 4 -1  -0.00131002
17880475258506747531
0 2 1 1 -1  0.0343368
17880511478729304392
3 2 3 1 -1  0.59049
17880649078240327365
0 2 2 4 -1  0.109419
17880742049332975061
2 4 3 3 -1  -0.531441
17880910797066550886
4 0 2 1 -1  -0.430467
17881111256699492867
0 5 7 5 -1  -0.0717897
17881324782950307567
0 7 1 6 -1  0.205891
17881684742090130534
2 5 3 3 -1  -0.0194758
17881863068224008408
1 3 3 3 -1  0.0056221
17881950104756924790
3 1 4 1 -1  -0.0343368
17882151727979934218
0 5 0 3 -1  -0.0646108
17882337660023852558
3 2 4 3 -1  0.0523347
17882346048810532373
1 4 0 3 -1  0.430467
17882420253862515084
1 6 0 5 -1  0.6561
17882583196325469561
3 6 6 3 -1  0.0423911
17882600074718799932
0 1 2 2 -1  -0.00785516
0 4 0 6 -1  -0.0133028
17882827656052543827
1 1 0 2 -1  -0.228768
17882846386795424378
3 2 5 0 -1  -0.150095
17882861059140491999
2 6 3 5 -1  -0.430467
17882947670723043854
5 2 5 7 -1  -0.0646108
17882955086926299324
2 2 4 3 -1  -0.121577
17882995882347823349
4 2 6 2 -1  -0.282429
17883002057268666189
1 6 2 6 -1  0.0504267
17883043971813559359
4 3 2 1 -1  0.0797664
17883092543389622189
0 3 1 4 -1  0.185302
17883208578006208273
4 2 5 2 -1  -0.531441
17883216220422121426
2 2 2 3 -1  -0.81
17883413982443593759
2 1 0 3 -1  0.348678
17883633600751995637
6 0 5 2 -1  0.6561
17883797465530230901
0 5 1 6 -1  -0.00179701
17883974878852158622
4 1 6 1 -1  -0.348678
17884196024375062108
3 4 4 4 -1  0.0717897
17884313361347401405
1 7 3 7 -1  -0.31381
17884341127559359614
1 7 2 6 -1  -0.9
17884445245906556761
1 6 2 7 -1  -0.0581497
17884472593644626486
0 6 0 7 -1  -0.228768
17884675263900367771
4 3 6 3 -1  -0.81
17884789477128961677
4 6 5 6 -1  -1
17884810417347519928
2 4 1 6 -1  -0.185302
17884826904628199986
4 6 3 7 -1  -0.0797664
17884870142247276774
4 1 1 4 -1  -0.0202755
17885002024175784613
1 1 2 1 -1  0.0523347
17885042538450522059
1 0 0 0 -1  0.254186
17885187025809176466
2 7 3 7 -1  -0.038152
17885274462973480130
5 2 6 2 -1  0.205891
17885492509373191605
3 5 4 4 -1  0.478297
17885611313156874488
5 2 4 4 -1  -0.00969773
17885727323787653239
5 5 5 0 -1  -0.185302
17886151293090657319
3 0 4 0 -1  0.0886293
17886197121618228483
4 4 6 4 -1  0.348678
17886496063264149309
1 5 2 4 -1  -0.59049
17886642722375363193
0 3 0 1 -1  0.0797664
17886901989481714544
0 3 0 5 -1  0.254186
17886981686012854009
6 6 1 6 -1  0.59049
17887067719457261731
1 6 2 7 -1  0.0581497
17887106980955445510
2 1 0 1 -1  -0.0202755
17887308582762248739
1 6 2 5 -1  0.00572641
17887353944206467128
2 0 2 4 -1  -0.228768
17887502048789691298
4 0 6 0 -1  -0.0343368
17887552815521096635
4 6 2 4 -1  -0.348678
17887582717467111890
2 5 1 4 -1  -0.0037571
17887696816417365468
1 6 2 5 -1  0.0133028
17888022211075783470
1 1 5 5 -1  0.348678
17888299543097321144
3 7 2 7 -1  -0.478297
17888376026598841984
3 7 2 6 -1  0.00969773
17888385508875990454
0 4 2 2 -1  -0.0797664
17888674942745875689
2 1 3 2 -1  -0.00273892
17888741122222367613
5 7 5 4 -1  0.228768
17888814627214330087
3 2 1 0 -1  0.282429
17888960618112853225
0 3 0 2 -1  -0.098477
17889008496269533008
0 2 0 1 -1  0.0343368
17889035300882903034
3 5 4 4 -1  1
17889056315794163107
0 3 6 3 -1  -0.0886293
17889110308847142730
1 7 2 7 -1  -0.109419
17889180453796517513
2 2 3 4 -1  -0.0523347
17889422522961053213
4 5 3 7 -1  0.0309031
17889438501634187617
1 3 0 4 -1  -0.0250315
17889529183524563477
0 0 0 3 -1  -0.0717897
17889621329173148641
3 5 3 3 -1  -0.430467
17889684728942981207
1 3 2 4 -1  0.00338139
17889729513002111969
0 5 0 3 -1  -0.00969773
17889919504587460074
4 4 4 5 -1  -0.478297
17890168855412509918
1 4 3 4 -1  -0.0037571
17890428356216277870
2 4 3 4 -1  -0.348678
17890459781197664867
3 3 4 4 -1  0.0119725
17890635701040097043
4 2 5 2 -1  -0.0471013
17890853011364583301
2 1 0 3 -1  0.282429
17890898473657443993
1 4 2 6 -1  -0.254186
17890966015296948045
3 3 5 4 -1  -0.185302
17891060764436152782
4 6 2 7 -1  -0.38742
17891146222700309455
0 3 1 4 -1  -0.098477
17891256643962971753
3 4 5 3 -1  -0.531441
17891493088137250539
2 0 3 2 -1  -0.018248
17891719794895472081
3 0 2 0 -1  -0.00785516
17891919312739896583
0 2 4 6 -1  -0.0309031
17892044102935650463
0 2 0 1 -1  -0.254186
17892466931008880434
1 3 5 3 -1  -0.00872795
17892697424336982659
0 5 1 5 -1  0.0164232
17892719025003922560
0 4 1 3 -1  -0.430467
17892964576680051563
4 4 5 4 -1  0.098477
17892970418156774383
4 5 4 7 -1  -0.254186
17893104266562807711
2 3 4 2 -1  -0.166772
17893270128748479860
1 3 2 1 -1  -0.135085
17893460913154010476
2 5 1 3 -1  0.0250315
17893485010961284724
0 2 4 6 -1  0.0118963
17893518222299101447
1 6 3 6 -1  -0.0523347
17893626265610645184
0 1 4 5 -1  -0.531441
17893704784740348843
0 4 0 6 -1  -0.0423911
17893756783797891035
0 2 0 1 -1  -0.0717897
17893998513817669638
1 4 0 3 -1  -0.098477
17894005244555034774
0 3 0 7 -1  0.478297
17894051484244414376
7 0 7 2 -1  -0.166772
17894072251373588520
0 3 2 5 -1  -0.121577
17894179280225451174
3 7 4 7 -1  -0.0423911
17894279928492839550
0 4 1 4 -1  -0.0119725
17894530177874220474
1 6 2 7 -1  0.00706964
17894615687688018654
2 6 7 1 -1  0.0646108
17894721935390673793
0 2 1 1 -1  -0.0202755
17894795355213671078
2 1 3 0 -1  -0.0523347
17894894116506207372
0 7 0 1 -1  -0.430467
17895053676140269650
5 0 6 1 -1  0.0886293
17895106117007763376
2 1 0 1 -1  -0.135085
17895181910044670119
5 4 7 5 -1  -0.6561
17895199503704114212
2 1 3 3 -1  -0.00221853
17895272652737598153
2 0 2 4 -1  -0.166772
17895582123925738890
1 2 1 5 -1  0.282429
17895590245438769182
1 0 2 0 -1  -0.109419
17895655658151723621
1 2 2 2 -1  0.00107004
17895686737509661043
1 7 2 7 -1  0.0164232
17895795841604345252
0 0 0 2 -1  -0.000456775
17895863005368146925
4 4 5 3 -1  0.0225284
17895872628483567465
0 4 0 6 -1  0.0202755
17896045937626404961
3 2 2 1 -1  0.59049
17896081513981627449
2 5 4 4 -1  -0.121577
17896200545552238029
6 7 7 7 -1  -0.531441
17896334594118936333
0 5 1 3 -1  0.0797664
17896388531130371023
2 6 3 5 -1  -0.81
17896435048833114495
2 5 3 5 -1  0.0471013
17896509404119019580
1 7 3 7 -1  -0.59049
17896797035590044602
0 5 0 2 -1  -0.0225284
17896819253121008915
0 7 1 7 -1  0.59049
17896943548685623848
1 1 3 2 -1  -0.348678
17897341425972738684
0 4 1 4 -1  0.135085
17897420893069701306
0 0 3 0 -1  -0.109419
17897425446969042453
3 2 3 1 -1  -0.38742
17897674580095427631
2 5 3 3 -1  -0.0343368
17897677381490705918
7 7 4 4 -1  -0.430467
17897733999217135779
4 0 2 2 -1  0.166772
17897957672229013190
0 1 5 1 -1  -0.254186
17898073974822246910
5 1 3 1 -1  -4.04837e-05
17898086995498309911
2 2 3 4 -1  -0.0309031
17898128847222748329
5 2 4 3 -1  0.31381
17898245186227585325
0 0 2 0 -1  -0.00199668
17898602017342203860
6 1 4 2 -1  -0.282429
17898865461714867344
3 2 2 1 -1  -0.00199668
17898870443783394474
0 2 0 4 -1  -0.228768
17899115657230491245
3 3 3 2 -1  -0.729
17899341362861160817
0 0 0 2 -1  -0.0343368
17899458026837267916
2 3 1 4 -1  0.098477
17899493502373500927
3 7 2 6 -1  0.00179701
17900047972435197955
1 3 3 4 -1  -0.0886293
17900091524804399169
3 0 4 2 -1  -0.59049
17900204919865752857
3 5 4 4 -1  -0.0202755
17900365285746763944
4 5 2 4 -1  -0.121577
17900467486446822812
3 0 4 0 -1  -0.0309031
17900644466591560136
1 4 2 3 -1  -0.121577
17900737912611170947
1 6 3 6 -1  -0.000773553
17900757974669823769
5 7 7 7 -1  0.38742
17901385640960728135
2 3 0 4 -1  0.150095
17901440173841075364
1 2 2 1 -1  -0.135085
17901563782453376344
3 3 1 4 -1  0.228768
17901845260297875288
0 6 1 7 -1  0.228768
17901996195473955461
2 5 1 3 -1  -0.0037571
17902168038541283190
4 2 3 3 -1  -0.531441
4 2 4 1 -1  -0.6561
17902269621948093917
3 0 4 0 -1  0.0581497
17902317375922557055
0 0 0 3 -1  -0.38742
17902439413955497398
0 2 0 7 -1  -0.38742
17902559260830915611
5 0 5 5 -1  -1
17903029390059197483
3 0 1 0 -1  0.0250315
17903135902977081615
0 4 0 6 -1  -0.0423911
17903136361407633422
1 6 2 6 -1  -0.282429
17903281073658695873
1 3 3 5 -1  0.0581497
17903361483704977340
4 2 5 2 -1  -0.81
17903365166535154076
1 3 2 1 -1  0.31381
17903735019826878719
1 4 2 5 -1  -0.254186
17904128635848761195
1 5 0 4 -1  0.6561
17904198470178102772
0 6 0 7 -1  -0.135085
17904235778577909448
0 5 1 5 -1  0.9
17904244334100965081
1 5 2 5 -1  -0.00463839
17904444773313500386
0 2 2 2 -1  -0.31381
17904541468671376656
3 6 4 6 -1  -0.150095
17904998852346490849
4 7 5 5 -1  0.81
17905735311791774940
7 1 2 1 -1  -0.430467
17906010040768453238
3 5 4 5 -1  -0.282429
17906034734400685348
3 5 7 5 -1  -0.9
17906432038383822701
0 4 2 6 -1  -0.6561
17906525365856563123
2 0 3 0 -1  0.0471013
17906713951104923169
7 7 6 7 -1  -0.6561
17906970993574775669
3 4 4 4 -1  -0.81
17907111006335444844
1 2 0 3 -1  -0.150095
17907121337173900283
1 4 4 1 -1  -0.254186
17907136895830658876
1 1 2 2 -1  -0.0174412
17907198203053552657
0 0 1 0 -1  -0.00636268
17907281676168227813
2 6 3 6 -1  -0.098477
17907482297688740360
1 0 2 1 -1  0.0523347
17907488982213067381
4 1 2 2 -1  -0.0717897
17907522961037392422
1 6 2 5 -1  -0.81
17907872878153820416
6 2 4 1 -1  0.0646108
17908073378588068234
0 4 2 4 -1  0.109419
17908196276626745871
5 2 2 2 -1  -0.228768
17908248520599707445
0 3 0 7 -1  -0.531441
17908275760256712556
0 2 1 1 -1  -0.00145118
17908282724299354829
0 1 1 1 -1  0.0343368
17908348399423917574
3 7 4 6 -1  1
17908383857704182418
4 5 4 4 -1  0.135085
17908414422785176045
3 3 5 4 -1  -0.0423911
17908421322135275540
2 5 2 4 -1  -0.59049
17908433593881437993
1 4 1 5 -1  -0.121577
17908595533549634074
2 1 4 0 -1  0.729
17908937586469719425
1 3 4 0 -1  -0.00273892
17909204281508643298
2 4 0 6 -1  0.430467
17909235440171157842
0 4 1 5 -1  -0.0717897
17909461687036188493
0 2 3 5 -1  -0.0471013
17909579265587074073
3 0 2 0 -1  -0.0797664
17909720326746669677
3 4 1 2 -1  -0.254186
17909806306262880853
5 7 4 6 -1  -0.531441
17909972772309465166
1 5 0 6 -1  0.0717897
17910081006136899010
2 2 5 2 -1  0.150095
17910310951569648189
4 2 5 4 -1  -0.0471013
17910324754931436907
4 7 3 5 -1  0.0886293
17910340656931050673
4 3 5 2 -1  -0.9
17910641721549355845
3 6 4 7 -1  -0.430467
17910666995900419641
4 1 5 2 -1  -0.205891
17910778287275179621
4 4 3 2 -1  -0.185302
17911003281558459128
0 3 3 0 -1  0.038152
0 6 2 5 -1  -0.0192276
17911097147321174467
0 5 1 4 -1  -0.0309031
17911216462919347338
2 4 3 5 -1  0.348678
17911278703392837290
0 4 2 4 -1  0.38742
17911390488773245412
1 4 4 7 -1  -0.478297
17911611896751791058
0 1 3 4 -1  0.31381
17912032677122063104
1 0 2 1 -1  0.6561
17912159304689420702
2 4 3 4 -1  -0.0164232
17912273914351896542
0 6 1 6 -1  -0.135085
17912290721230307262
1 7 2 7 -1  -0.0107753
17912422295555612528
3 3 3 4 -1  -0.9
17912592125628828940
1 4 2 5 -1  -0.31381
17912934501809890073
0 3 0 2 -1  -0.0886293
17913562452540056978
1 1 2 1 -1  0.121577
17913871283086572476
0 2 2 1 -1  -0.098477
17913890184929744685
0 3 1 4 -1  0.00221853
17913912230304237202
1 0 2 0 -1  -0.166772
17913944036776741729
3 3 2 5 -1  -0.282429
17914052066709959259
1 7 2 7 -1  0.00304325
17914197061152806773
2 3 4 4 -1  -0.9
17914428366411618724
3 6 4 5 -1  -0.00636268
17914469524701960092
0 0 0 3 -1  -0.0309031
17914725037896581742
0 3 1 4 -1  -0.0717897
17914902349594275393
1 1 2 1 -1  -0.0797664
17914952441377991682
1 5 1 0 -1  -0.38742
17915471070970973580
0 2 1 2 -1  -2.57584e-07
17915484750325703266
2 3 4 3 -1  -0.59049
17915488334508730719
0 6 0 7 -1  -0.0343368
17915516302852359804
3 4 4 5 -1  -0.00417455
17915570851822073249
5 7 3 5 -1  -0.31381
17915839611813431019
1 7 3 7 -1  -0.0309031
17915844445907682114
1 6 2 6 -1  -0.0147809
17915995104085150323
1 4 5 0 -1  -0.0581497
17916102340026501845
3 3 1 4 -1  -0.0343368
17916122075039137896
0 3 0 4 -1  0.0278128
17916238368937886493
0 0 0 2 -1  -0.531441
17916511960391575237
5 4 6 5 -1  0.430467
17916722443147579334
0 3 3 0 -1  0.00417455
17916783369190607347
4 3 5 4 -1  -0.00969773
17916808075981672146
4 0 6 2 -1  -0.0164232
17916856673825372210
0 0 6 0 -1  0.0581497
17917123723995051635
1 5 1 6 -1  -0.38742
17917234912852936792
2 3 3 5 -1  0.0250315
17917283836385950441
1 6 2 6 -1  -0.0886293
1 7 2 7 -1  0.0119725
17917340788326339610
1 5 2 5 -1  0.205891
17917593670537319019
0 5 1 4 -1  -0.478297
17917658472430268587
2 3 0 3 -1  -0.0051824
17917844370980723202
6 6 6 3 -1  -0.0278128
17918196180378097504
4 6 5 5 -1  -0.121577
17918533796198334317
0 0 0 3 -1  -0.098477
17918724308995646110
1 4 4 4 -1  0.185302
17919401079460224239
5 4 4 2 -1  -0.729
17919665537315257681
0 4 3 4 -1  0.59049
17919711218261821498
2 5 3 3 -1  -0.31381
17919837673222006882
0 2 1 3 -1  -0.0717897
17919870072573141180
0 2 1 1 -1  -0.0523347
17920015292035492883
3 0 4 0 -1  -0.59049
17920076093966158813
0 1 2 2 -1  0.0717897
17920082123758185374
0 7 0 4 -1  0.0250315
17920098017558236262
1 6 4 3 -1  -0.9
17920113438383269584
0 4 0 6 -1  -0.00785516
17920172427953945941
1 2 3 2 -1  0.228768
17920368835242137743
0 3 6 3 -1  -0.6561
17920454941110036431
6 4 7 4 4  0.121577
17920741865548412705
2 2 1 1 -1  0.00106111
17920779295669727873
2 5 2 4 -1  -0.0886293
17920840576064566570
4 3 3 2 -1  -0.150095
4 3 5 2 -1  -0.121577
17920867133131810017
4 4 5 4 -1  -0.166772
4 7 3 6 -1  -0.135085
17920872014454115494
4 3 5 3 -1  -0.531441
17920969188468443890
0 4 6 4 -1  0.531441
17920973491488931378
0 0 0 4 -1  -0.478297
17921270766147159300
2 4 2 3 -1  0.9
17921414036529915230
1 5 3 5 -1  0.150095
17921578710784121022
0 5 2 3 -1  0.000369988
17922234970253911515
4 4 2 2 -1  -0.135085
17922379373417436057
0 4 0 6 -1  -0.0581497
17922394288300708774
0 0 0 1 -1  0.166772
17922462735903324386
0 5 1 6 -1  0.205891
17922506579467886433
3 2 4 2 -1  -0.9
17922767393325945327
5 7 5 2 -1  -1
17922835145071289292
4 4 5 5 -1  -0.00969773
17922902663835373155
1 5 2 3 -1  -0.018248
17923300761896109407
6 1 6 2 -1  -0.228768
17923376337391779945
1 7 2 7 -1  -0.0278128
17923466371312284671
0 4 0 6 -1  0.0797664
17923479216160666397
3 2 3 5 -1  -0.185302
17923868865725225973
0 2 1 3 -1  -0.282429
17923959472100971020
1 6 0 7 -1  -0.430467
17923993729300720896
1 1 2 1 -1  0.0278128
17924143811077323653
0 5 1 6 -1  0.0309031
17924176324366202520
1 4 2 3 -1  -0.0202755
17924641284093823795
3 4 4 4 -1  0.0107753
17925360140200780413
3 2 4 3 -1  -0.0278128
17925562203520034207
0 4 0 5 -1  0.531441
17925607780411411912
1 3 3 3 -1  0.0523347
17925771459657863735
3 7 4 6 -1  -0.109419
17925802011000109021
2 6 2 5 -1  -0.038152
17926157600551129843
0 1 1 3 -1  0.018248
17926190074241637114
1 6 2 7 -1  0.6561
17926440143608467385
0 3 2 5 -1  -0.228768
17926446522119894050
0 7 4 7 -1  -0.348678
17926770553939220530
1 5 2 5 -1  0.9
17926986258744570403
0 2 2 0 -1  -0.0797664
17927001634185085822
3 3 3 2 -1  -0.0309031
17927260983921883244
1 7 3 7 -1  -0.135085
17927536964496416488
1 4 0 4 -1  0.6561
17928061205506376178
1 7 3 7 -1  -0.00029969
17928256796175656311
2 3 3 5 -1  -0.00304325
17928287107821632335
1 1 3 1 -1  -0.00199668
17928466239768892467
5 6 6 5 -1  -0.150095
17928630327311471161
3 7 4 6 -1  0.0797664
17928725873808702036
2 2 3 1 -1  0.00273892
17928787736661597028
1 4 1 3 -1  0.098477
17929051639727416521
4 0 6 0 -1  -0.59049
17929387476060241093
2 2 4 0 -1  0.166772
17929596895022786602
1 1 1 2 -1  0.6561
17929597294988078739
0 1 0 4 -1  -0.0471013
17929924456230247729
4 6 3 7 -1  -0.00528458
4 6 5 5 -1  -0.0218869
17929950542695656425
1 3 1 2 -1  -0.205891
17929965995376588368
1 3 3 5 -1  -0.00636268
17930013414094161533
4 4 4 5 -1  -0.430467
17930090534630100585
1 1 2 2 -1  -0.150095
17930108426775645425
4 2 6 1 -1  -0.38742
17930111399330905363
0 1 1 3 -1  0.166772
17930242384960776161
3 5 3 4 -1  -0.0581497
17930623956129294106
2 4 3 3 -1  0.31381
17930819120912137496
5 0 4 0 -1  -0.150095
17930888024320393035
3 4 4 4 -1  -0.254186
17931014284556146443
0 3 2 3 -1  -0.31381
17931068313589046328
3 5 4 4 -1  -0.254186
17931088231971085202
1 7 2 7 -1  -0.166772
17931128300540438491
1 6 2 6 -1  -0.00572641
17931215765619808664
3 0 4 0 -1  -0.430467
17931229385357948400
1 7 0 6 -1  -0.00872795
17931252780124506197
0 5 2 6 -1  -0.282429
17931269776429060879
3 3 4 2 -1  -0.205891
17931343957443677996
4 3 2 2 -1  0.0471013
17931601169779198346
2 5 2 1 -1  -1
17931767848317740618
0 5 0 3 -1  -0.59049
17931794662913428464
0 4 0 6 -1  -0.0581497
17931806450546603906
3 0 0 0 -1  0.0107753
17932160309958467557
1 1 7 1 -1  0.0250315
17932438312616299518
0 3 2 3 -1  -0.121577
17932743094361451287
1 3 2 2 -1  -0.59049
17932754417250358922
0 6 0 5 -1  -0.31381
17932810888112572714
3 6 4 7 -1  0.109419
17933222416940323660
6 6 2 6 -1  -0.430467
17933316878501566956
1 2 4 5 -1  -0.478297
17933418620547352962
1 5 2 4 -1  -0.6561
17933421911829517221
1 5 2 4 -1  -0.0886293
17933547612464265001
2 2 4 3 -1  0.0523347
17933673315744507896
1 1 2 1 -1  -0.254186
17933674642807288617
4 1 5 2 -1  0.185302
17933710548956345131
2 3 3 2 -1  0.228768
17933730588969635938
0 3 2 1 -1  -0.109419
17933834138991633035
2 4 3 2 -1  0.6561
17933839865203207963
2 4 3 4 -1  0.0343368
17933864758108452736
3 7 4 7 -1  0.000176964
17933991045725279487
3 6 0 3 -1  0.00246503
17934108043792253523
5 3 6 3 -1  -0.38742
17934176931913795633
1 4 2 3 -1  -0.9
17934183294342456245
1 4 2 4 -1  -0.038152
17934268935048584080
3 0 1 2 -1  -0.0471013
17934419006256944058
1 4 6 4 -1  -0.00872795
17934520670210431680
2 4 0 2 -1  -0.185302
17934601277020414633
3 4 2 5 -1  -0.0797664
17934681320101234408
0 2 1 2 -1  -0.00706964
17934782162688917200
6 1 4 2 -1  0.478297
17934991697236749216
0 5 3 2 -1  -0.0188146
17935151965494965238
0 4 3 4 -1  0.150095
17935212934817838441
3 5 2 4 -1  0.00145558
17935307732646502634
0 3 1 4 -1  -6.17035e-05
17935492439129143239
5 3 6 3 -1  -1
17935522622276030020
0 2 2 4 -1  0.00179701
17935626771058249182
3 2 3 5 -1  -0.38742
17935980689529190723
0 5 2 3 -1  -0.0797664
17936456691809617429
0 2 1 3 -1  -0.0432984
17936806371273333394
1 6 2 7 -1  -0.282429
17936807393294167012
0 2 2 4 -1  -0.0343368
17936909019578061559
4 1 0 5 -1  0.00304325
17936991938472605442
4 1 5 2 -1  0.282429
17936995961298574760
0 2 2 4 -1  -0.00872795
17937005155034290863
1 0 2 0 -1  -0.00515377
17937384443310657455
6 0 6 3 -1  -0.0423911
17937656048928266106
0 5 0 4 -1  -0.0646108
17937679019777512915
3 0 4 1 -1  -0.430467
17937759205518515418
0 2 2 4 -1  -0.0202755
17938118948007335636
4 0 5 1 -1  -0.038152
17938124109754942170
5 7 6 5 -1  0.9
17938223101971119805
1 4 2 2 -1  -0.0309031
17938594250441695381
3 4 4 3 -1  -0.0423911
17938671948084072955
2 5 3 3 -1  -0.00131002
17938742228585086628
3 5 4 6 -1  -1
17939182245761650411
1 4 3 2 -1  0.038152
17939581383887728871
6 2 6 1 -1  -0.205891
17939624317573426960
1 2 1 6 -1  0.31381
17939723444773784024
0 6 1 6 -1  0.00706964
17939995057551367819
5 4 5 2 -1  -0.0797664
17940157096791525123
0 3 4 7 -1  0.121577
17940223222223658805
1 3 0 2 -1  -0.098477
17940230781646416278
2 3 4 2 -1  -0.038152
17940392052116695331
0 2 3 5 -1  -0.0646108
17940584929604550570
1 0 3 0 -1  0.038152
17940787807809633534
0 5 1 6 -1  0.098477
17940972690157308383
2 4 3 4 -1  -0.00199668
17941029799651198240
2 5 4 4 -1  -0.00572641
17941137121198397969
5 7 6 7 -1  0.228768
17941778001433396845
3 2 4 1 -1  -0.0250315
