18349914106470389163
2 2 1 4 -1  -0.31381
18350142703846126373
5 7 5 5 -1  -0.9
18350347919378693967
3 4 4 3 -1  -0.185302
18350364221746802231
1 0 3 0 -1  -0.282429
18350386467039402265
3 3 7 7 -1  -0.59049
18350403706299086344
3 2 4 3 -1  -0.00706964
18350406890939152852
1 3 2 5 -1  0.0717897
18350425441911377970
0 4 1 4 -1  -0.9
18350647851781436274
4 6 5 5 -1  -0.0278128
18350760723458239424
3 4 4 4 -1  -0.531441
18350934281490186004
1 3 1 5 -1  0.478297
18351120016119032026
4 1 3 0 -1  -0.00304325
18351145975082102153
3 3 1 1 -1  -0.348678
18351206705077158137
0 3 1 3 -1  -0.0164232
18351482881411904825
1 5 2 5 -1  0.531441
18351561141830282460
3 0 4 0 -1  -0.6561
18351568523319820248
1 0 3 0 -1  0.00338139
18351641923575061993
3 3 4 4 -1  -0.0646108
18351700967733015207
0 5 0 4 -1  -0.038152
18351703519457670856
3 2 4 3 -1  -0.254186
18351756229834505088
0 2 2 0 -1  -0.150095
18351812865820167894
3 3 0 6 -1  -0.59049
18352092761382711694
1 7 2 7 -1  -0.205891
18352179547689561375
3 1 4 1 -1  -0.0202755
18352245130410147260
0 4 1 4 -1  0.531441
18352251987008351921
1 6 2 5 -1  0.81
18352403585313200728
4 4 5 5 -1  0.59049
18352727879881872853
3 4 2 4 -1  -0.59049
18352883746815157567
3 2 4 2 -1  -0.0717897
18352924813360064193
1 4 2 5 -1  -0.0581497
18353485578173781032
1 1 3 1 -1  0.0278128
18353616831378554391
2 3 2 4 -1  -0.254186
18353630413837039154
0 1 2 2 -1  -0.0250315
4 1 2 2 -1  0.0523347
18353716479995755073
0 4 0 3 -1  0.098477
18353741926585181971
3 4 4 6 -1  -0.0202755
18353960215843139202
0 2 2 4 -1  -0.0421625
18354037539473442569
2 4 4 3 -1  0.0343368
18354077612289195324
4 6 5 6 -1  0.254186
18354390727058988642
4 0 5 1 -1  0.348678
18354399698770768918
0 2 1 1 -1  0.0581497
18354993363974373907
0 2 1 3 -1  -0.0250315
18355000833502484917
0 2 2 4 -1  -0.0107753
18355147363478035299
1 2 1 4 -1  0.9
18355219034481928212
1 0 2 0 -1  -0.81
18355258764489319174
4 3 3 4 -1  0.254186
18355386784558615537
2 7 5 7 -1  -0.729
18355471383561757885
4 4 3 2 -1  -0.254186
18355547397376411602
7 3 4 0 -1  -1
18355738012091018167
0 5 3 2 -1  0.0119725
18355795496243000354
0 3 5 3 -1  -0.0581497
18356013585983537789
2 3 1 4 -1  -0.0523347
18356044677098048498
0 6 2 5 -1  -0.0717897
18356124092496104017
4 3 7 0 -1  -0.729
18356331482796063802
4 1 2 3 -1  -0.81
18356717942743885311
1 3 3 1 -1  -0.185302
18356721379089108138
0 3 1 3 -1  -0.9
18356997696536284686
1 5 2 5 -1  -0.430467
18357017800347810526
7 7 7 1 -1  -1
18357154942639884320
3 4 4 4 -1  -0.00515377
18357238923088839230
3 1 5 2 -1  -0.31381
18357368201519588383
7 4 7 1 -1  -0.150095
18357676740786030878
0 5 2 3 -1  -0.729
18357713798132192408
0 3 0 2 -1  0.0717897
18358018422308153453
0 2 0 3 -1  0.185302
18358155353493817210
0 4 0 6 -1  -0.0717897
18358303199129507521
3 3 5 4 -1  -0.0886293
18358376269295484435
0 7 1 7 -1  0.185302
18358450037704813943
1 7 2 6 -1  0.31381
18358481520203982081
4 2 2 3 -1  -1
18358829148240837188
0 3 0 2 -1  -0.121577
18359525604551393503
1 4 2 4 -1  0.81
18359584141232925096
3 0 4 1 -1  -0.31381
18359599763882107975
0 3 1 2 -1  -0.00463839
18359656604298079395
1 5 2 5 -1  0.59049
18359743758696385279
4 5 3 3 -1  -0.228768
18359800571542124230
1 7 3 6 -1  -0.531441
18359828805929194833
0 3 1 3 -1  -0.185302
18360012210416816052
2 3 2 1 -1  0.228768
18360098061609164510
2 4 3 3 -1  0.348678
18360485668830743298
0 1 1 3 -1  -0.0797664
18360553842553986116
0 2 0 0 -1  -0.31381
18360755385459233625
4 3 4 1 -1  -0.038152
18360957565682999446
0 5 2 5 -1  0.348678
18361107087608719404
0 3 4 7 -1  -0.185302
18361160460700251511
4 1 4 2 -1  -0.0886293
18361222508385085295
2 7 3 7 -1  -0.9
18361414103320926473
2 3 2 4 -1  0.228768
18361453973299488289
1 6 2 6 -1  -0.348678
18361705365684318452
5 3 6 3 -1  -0.0886293
18361736090021954616
1 6 5 6 -1  -0.31381
18361756454573522840
0 6 1 6 -1  -0.478297
18361832224229734118
0 6 1 7 -1  -0.729
18362054323757226213
0 3 4 3 -1  -0.59049
18362241216624377098
1 5 6 5 -1  -0.81
18362241239808814291
5 5 1 5 -1  0.00161731
18362373080755036361
0 5 1 5 -1  0.282429
18362413327276042011
2 4 2 3 -1  -0.166772
18362551001685362941
7 6 7 1 -1  0.0343368
18362634059579909256
6 2 6 0 -1  0.000773553
18362689007921217968
6 2 5 4 -1  -0.478297
18363281419124624281
2 4 1 4 -1  -0.81
18363406705783878069
3 2 2 1 -1  -0.0581497
18363420393431750954
4 6 5 7 -1  0.098477
18363645483437019199
2 3 2 7 -1  -0.81
18363668845014678592
2 2 1 3 -1  0.59049
18364241044872449873
4 6 2 4 -1  0.0250315
18364317709925862045
0 4 6 4 -1  -0.00463839
18364451976401804620
1 6 2 5 -1  -0.185302
18364508416916976917
7 4 7 3 -1  0.729
18364553768894497202
3 5 4 5 -1  -0.205891
18364562921678556252
0 0 0 2 -1  0.0646108
18364575017932560391
2 2 4 3 -1  0.018248
18364594552987822929
0 4 4 0 -1  -0.31381
18364620834507078738
1 5 2 4 -1  -0.31381
18364742545159333896
5 3 6 3 -1  -0.59049
18364751953208803756
0 5 1 4 -1  0.109419
18364843709448095008
1 3 3 2 -1  0.228768
18364936848908267568
0 3 2 3 -1  -0.018248
18365030798243836281
4 3 3 1 -1  0.0886293
18365274857963909501
3 3 4 2 -1  -0.0523347
18365400613497345205
1 0 3 0 -1  0.0581497
18365518658882619063
3 1 4 0 -1  0.00572641
18365775726576369472
2 3 6 3 -1  -0.31381
18366089752449993701
0 5 0 0 -1  0.0717897
18366163706377136554
2 5 3 5 -1  0.109419
18366186015481845176
1 0 3 0 -1  -0.0717897
18366299921882034282
4 2 5 2 -1  -0.0202755
18366443404045465167
0 5 2 3 -1  -0.0037571
0 5 3 2 -1  -0.0646108
18366502751966526363
2 1 3 1 -1  -0.6561
18366560001991659050
4 7 5 6 -1  -0.282429
18366767333453318603
2 2 2 3 -1  1
18366840843874259797
7 4 7 6 -1  -0.38742
18366851020401273510
0 6 1 6 -1  -1
18366940977687951779
2 1 6 5 -1  0.430467
18367104343124229101
3 2 3 1 -1  -0.121577
18367150946391890127
1 3 2 1 -1  -0.0581497
18367239413375353014
1 5 2 4 -1  -0.00463839
18367306572909038107
1 5 3 5 -1  -0.0423911
18367347021284076540
2 1 3 3 -1  0.0945927
4 5 5 4 -1  -0.0388518
18367382100320814452
0 4 0 6 -1  -0.0646108
18367433986167785129
3 2 5 2 -1  0.59049
18367494362206407957
0 1 2 2 -1  -0.00969773
18367519699911813665
4 3 6 4 -1  -0.0225284
18367529535665476223
3 2 1 2 -1  -0.478297
18367880467595447381
2 2 5 5 -1  0.0423911
18367895293201261434
5 3 5 5 -1  -0.098477
18367934087593339523
3 6 4 6 -1  0.121577
18367936014989571896
0 6 1 5 -1  -0.0423911
18368072782778296650
1 2 2 2 -1  -0.478297
18368138591155669257
0 2 0 1 -1  -0.348678
18368236687583758443
4 1 6 2 -1  -0.9
18368413777039464278
1 0 2 0 -1  0.0343368
18368508047493669415
3 1 2 1 -1  -0.282429
18368598660424719691
5 0 6 0 -1  0.81
18368831991662228018
1 7 0 5 -1  -0.0278128
18369092129464091857
2 3 0 5 -1  0.121577
18369294192282808535
1 0 7 0 -1  -1
18369406080540934199
0 2 6 2 -1  -0.531441
18369417309890773965
1 4 1 5 -1  -0.0250315
18369518968987426246
6 4 6 1 -1  -0.531441
18369652592546495230
0 5 1 6 -1  0.00106111
18369653781900415376
4 2 4 4 -1  -0.430467
18369825996957062281
2 5 6 1 -1  -0.098477
18369865626989613031
4 6 6 7 -1  0.254186
18369947330293333446
1 3 1 4 -1  -0.478297
18370209872254570834
2 0 3 1 -1  -0.81
18370632543077624914
4 7 5 6 -1  -0.282429
18370766354658205512
3 0 1 2 -1  -0.0471013
18370796206000352010
2 2 1 4 -1  0.0797664
18370957133088214792
4 1 1 4 -1  0.150095
18371014213011344391
2 2 3 3 -1  -0.430467
18371142358532966433
1 3 2 4 -1  -0.0202755
18371261812773759645
4 3 5 3 -1  -0.0886293
18371423091620812158
0 7 3 7 -1  -6.17035e-05
18371594054933206355
2 4 3 5 -1  -0.018248
18371636638986058348
0 5 0 1 -1  0.121577
18371865297988046801
4 2 3 4 -1  -0.150095
18371988309932075014
2 4 3 3 -1  -0.430467
18372009838347308356
4 6 5 5 -1  -1
18372337095704207288
4 6 5 6 -1  1
18372671363200549451
3 3 2 3 -1  0.6561
18372753797000438519
1 6 6 6 -1  -0.729
18372887788625827595
2 3 3 2 -1  -0.531441
18372963395129188838
0 0 0 1 -1  0.150095
18373044234521159797
4 3 5 3 -1  -0.729
18373520349091083433
0 4 0 6 -1  0.0646108
18373626095041851505
2 0 3 1 -1  -0.135085
18374188754138992807
2 5 1 3 -1  -0.00785516
18374336169248033340
2 3 5 6 -1  -0.282429
18374654419209240644
2 2 4 1 -1  0.531441
18374673671534693256
1 3 2 1 -1  -0.00304325
18374903241900700530
1 7 2 7 -1  -0.166772
18374905878160149625
4 1 2 2 -1  0.254186
18375024254715472642
1 4 2 4 -1  0.0343368
18375317299553048811
0 5 3 2 -1  -0.0423411
18376195553253944404
3 1 3 5 -1  -0.00872795
18376219535429421458
4 4 4 6 -1  0.0309031
18376245462684333593
0 3 2 4 -1  -0.729
18376317012178040426
3 4 5 4 -1  -0.228768
18376353100080813114
2 5 3 5 -1  -0.228768
18376354381134984391
0 1 1 3 -1  -0.0797664
18376765270430378714
2 2 2 0 -1  -0.0646108
18376960554452154911
4 7 3 6 -1  0.205891
18376998440717255042
1 0 0 1 -1  -0.0147809
18377016848206520143
3 3 3 5 -1  -0.531441
18377480018796229767
3 2 4 3 -1  -0.0423911
18377517004426818468
1 0 2 0 -1  -0.0523347
1 5 2 5 -1  0.0886293
1 5 3 5 -1  -0.00179701
18377588307283860347
1 1 2 1 -1  -0.430467
18377817869302558082
0 5 0 4 -1  0.00515377
18378216935021500447
0 0 0 2 -1  -0.531441
18378232527742818331
0 4 0 6 -1  -0.0797664
18378353996408198777
4 2 5 2 -1  -0.81
18378469387493375529
2 0 0 2 -1  -0.0278128
18378729538141668179
4 4 3 2 -1  0.000626578
18378873203811137200
0 3 1 4 -1  0.135085
18378927777631508399
1 7 3 7 -1  -0.9
18378939360271973357
3 3 2 2 -1  -0.109419
18378968469552494972
6 6 6 4 -1  -0.0581497
18379050990036722198
3 2 4 2 -1  0.0581497
18379089506730198230
2 1 3 1 -1  0.478297
18379676928056627288
0 4 0 2 -1  -0.31381
18379690558857763202
0 2 0 5 -1  -0.531441
18379787677465164995
2 6 1 5 -1  -0.0133028
18379861246390466030
1 7 2 6 -1  -0.531441
18379925113224567761
1 2 0 1 -1  -0.0797664
18379950168100702982
0 3 1 2 -1  -0.0147809
18379961097007463503
3 7 5 6 -1  -0.150095
18379979505864454909
0 0 0 2 -1  0.135085
18380498559178296246
1 6 2 6 -1  0.166772
18381492391707977038
1 3 3 2 -1  -0.430467
18381573672801908818
0 6 1 7 -1  0.0581497
18381837597318135331
1 0 2 1 -1  0.121577
18382078880812827567
1 7 2 6 -1  -0.31381
18382186704219806645
3 2 3 6 -1  -0.729
18382383288356403709
1 0 2 1 -1  0.0797664
18382759076814375380
5 3 5 4 -1  0.150095
18382892642407134564
2 2 3 2 -1  -0.121577
18383115982772152452
0 7 5 7 -1  -0.150095
18383238057617438525
4 5 6 4 -1  -0.000218474
18383306501229783963
3 2 2 3 -1  0.135085
18383614687266444145
0 1 0 2 -1  -0.0471013
18383676903177415700
2 3 3 2 -1  -0.282429
18383758145084206647
3 4 5 5 -1  -0.150095
18383788766224064024
2 7 3 6 -1  -0.282429
18383798216304042569
6 5 5 3 -1  -0.9
18383897104332463002
0 1 3 1 -1  0.166772
18384026326278044223
1 3 1 2 -1  0.729
18384213246027115564
1 5 2 5 -1  -0.0343368
18384218499741061316
4 3 5 3 -1  -0.729
18384277101240959041
1 7 0 6 -1  0.729
18384433949626681589
2 5 3 4 -1  -1
18384497557029944837
0 7 2 7 -1  0.348678
18384687723672101661
1 0 3 0 -1  -0.109419
18384843902903146399
0 2 0 4 -1  0.478297
18384947095739631083
0 2 1 1 -1  0.430467
18385001280916302350
4 0 3 0 -1  0.121577
18385184835952361182
1 1 2 1 -1  -0.0886293
18385243356749091683
1 7 3 7 -1  0.348678
18385296447571965564
0 5 2 5 -1  0.135085
18385349745655649424
2 4 3 4 -1  -0.0309031
18385418717353415616
0 3 0 4 -1  0.282429
18385663864888518944
6 1 5 3 -1  0.135085
18385784276801792129
1 7 2 6 -1  -0.0886293
18385846717813620534
0 2 2 4 -1  -0.00463839
18385862763995442982
5 0 3 2 -1  -0.254186
18386017868954218701
1 0 2 1 -1  0.254186
18386062381173818535
1 7 2 7 -1  -0.0309031
18386272071288776475
3 1 2 2 -1  -0.38742
18386585355728179770
3 2 5 4 -1  -0.000626578
18386601601829149692
3 4 4 3 -1  -0.0886293
18386800440557363757
5 3 4 1 -1  -0.38742
18386952310803952512
1 5 3 5 -1  -0.430467
18386962915268580970
2 6 1 4 -1  -0.00572641
18387008807641496353
3 3 1 4 -1  0.0581497
18387021083880300485
2 2 7 2 -1  0.348678
18387064470349839051
5 3 4 5 -1  -0.205891
18387094701513228642
1 5 2 5 -1  -0.254186
18387838566069213755
5 3 3 3 -1  -0.0717897
18388082948807743198
3 0 4 0 -1  -0.0119725
18388143552566615790
1 1 3 3 -1  0.729
18388264018392872703
2 2 1 4 -1  -0.121577
18388288058506984379
3 3 4 2 -1  -0.00273892
18388349108501545208
1 7 0 6 -1  0.135085
18388381071641709922
1 6 2 6 -1  0.6561
18388522890113078800
2 4 4 3 -1  -0.9
18388852534131765133
0 4 0 2 -1  -0.0717897
18388877945099750723
2 1 3 2 -1  0.534393
18389053413772912833
1 0 3 0 -1  -0.0581497
18389069654772922105
2 3 3 4 -1  -0.121577
18389313854830923247
3 3 4 2 -1  0.9
18389602468623675828
3 3 2 1 -1  0.00872795
18389606636508706435
2 5 1 3 -1  0.0202755
18389704892134267700
0 4 2 4 -1  0.0343368
18390547560074179196
1 5 3 5 -1  -0.185302
18390869976431495843
5 4 6 5 -1  -1
18391003139302568219
0 6 1 4 -1  0.0147809
18391141749732509930
1 6 5 6 -1  0.098477
18391172169229858940
4 3 4 0 -1  0.135085
18391195163678183525
3 4 4 4 -1  -0.0250315
18391506540373897570
2 3 7 3 -1  0.478297
18391534512536564250
0 4 0 6 -1  -0.0423911
18391785639238877715
2 5 4 4 -1  -0.00117902
18391934709831840392
6 4 5 2 -1  -0.348678
18392094764113129276
4 6 3 7 -1  0.0202755
18392156536840958889
0 3 1 2 -1  -0.0225284
18392266773959354034
5 5 6 5 -1  -0.348678
18392385277772416680
4 6 3 4 -1  -0.38742
18392391405747899122
1 7 0 7 -1  0.205891
18392405925012235705
1 3 3 3 -1  0.0133028
18392495170594593140
0 6 2 5 -1  0.205891
18392538430466831632
0 4 0 6 -1  -0.00872795
18392658074747933277
1 5 3 3 -1  -0.0581497
18392712985806458329
4 4 4 2 -1  -0.59049
18392725993698259857
1 4 1 5 -1  0.531441
18392861957740526842
3 4 4 3 -1  0.00706964
18393113987140828790
1 3 2 2 -1  0.228768
18393166827443576294
0 5 2 4 -1  1
18393183523454197741
2 7 3 6 -1  -0.0717897
18393242102610620774
0 3 6 3 -1  -0.81
18393286831328655705
1 3 2 2 -1  -0.729
18393302604696236661
0 2 1 3 -1  0.00235506
18393550978277640551
2 2 3 3 -1  -0.0295369
18393668336944526645
1 5 1 4 -1  -1
18394049139923534386
2 5 3 5 -1  -0.205891
18394073139795877043
2 0 3 2 -1  -0.166772
18394111223798230125
0 0 5 0 -1  -0.0717897
18394487346282594434
2 6 4 7 -1  -0.205891
18394567687096679501
0 0 0 3 -1  0.0646108
18394899181029129987
2 1 3 1 -1  -0.0119725
18395206604047074581
3 0 5 1 -1  -0.150095
18395342597312028615
1 2 3 4 -1  -0.00969773
18395408573335770317
0 5 1 6 -1  -0.0523347
18395606076895184737
2 3 1 3 -1  0.205891
18395640706821073726
2 3 2 2 -1  0.0423911
18395814221427150399
6 4 6 3 -1  -0.135085
18395894089306946009
4 2 3 1 -1  -0.0581497
18395972517906415914
3 2 4 1 -1  0.0250315
18395997405241814073
2 5 3 5 -1  -0.254186
18396191895144277079
5 6 5 5 -1  -0.81
18396269462082930812
0 2 2 2 -1  -0.0423911
18396271445149558855
0 3 1 3 -1  -0.348678
18396402226442926253
4 0 5 0 -1  -0.729
18396521666117778424
1 3 2 4 -1  -0.254186
18396588328148771468
3 1 4 1 -1  -0.205891
18396833694148998397
3 7 5 7 -1  -0.31381
18396901381015967531
3 2 4 4 -1  0.0886293
18396997478812822741
1 6 2 5 -1  0.0343368
18397094819769179869
1 3 1 2 -1  -0.59049
18397216141144362093
6 2 7 0 -1  -0.228768
18397397637545388243
0 3 2 1 -1  0.0423911
18397412904366964230
3 2 0 5 -1  -0.121577
18397517956579392601
0 7 1 6 -1  -0.0471013
18397594908175068108
0 6 0 7 -1  0.282429
18397601191310708997
0 3 1 2 -1  -0.0202755
0 5 1 6 -1  -0.00842973
18397621686887513912
0 0 5 0 -1  -0.0886293
18397737222980538906
1 3 3 2 -1  -0.0343368
18397785284964925779
2 5 1 5 -1  -0.0309031
18397847362781165938
1 3 2 3 -1  0.0278128
18397979967290712844
0 0 0 3 -1  0.9
18398132788193082365
0 4 2 6 -1  -0.38742
18398147240657918491
3 4 4 4 -1  -0.81
18398170285365742234
2 4 2 3 -1  0.0202755
18398191253635081055
4 0 1 3 -1  -0.729
18398273555834810575
0 2 4 6 -1  1.82779e-10
0 6 2 5 -1  -0.0108351
18398421763146645503
6 5 2 1 -1  -0.098477
18398542293175540904
3 4 4 4 -1  -0.00515377
18398886992547555057
1 7 2 7 -1  -0.00246503
18398920996798052384
5 3 6 5 -1  -0.9
18399122272526965856
4 3 5 3 -1  -0.31381
18399157547560250269
2 6 3 6 -1  -0.478297
18399309236029069940
2 6 1 7 -1  0.166772
18399401293308099941
2 1 3 2 -1  -0.109419
18399620028894200077
3 5 1 7 -1  -0.166772
18399838233738176699
2 0 3 0 -1  -0.00515377
18399909081130165616
3 2 4 1 -1  -0.000242749
18399972613219182755
1 2 3 1 -1  -0.0797664
18400007992316423443
1 0 3 0 -1  -0.729
18400203438163825640
1 3 0 2 -1  0.018248
18400453185196255224
0 4 0 6 -1  -0.205891
18400476975833255988
4 2 6 3 -1  -0.478297
18400769852345845688
2 4 4 2 -1  -0.150095
18401024681260031751
0 0 0 3 -1  -0.81
18401025056170673976
1 1 2 2 -1  -0.0133028
18401133998875011997
3 7 4 7 -1  -0.205891
18401354396102444964
0 3 4 7 -1  -0.098477
18401372706963474601
1 1 2 1 -1  0.0423911
18401513204029625689
0 4 3 4 -1  0.018248
18401782567305295674
5 3 3 5 -1  -1
18401918665009542377
3 4 2 4 -1  0.282429
18401927148560906422
3 4 6 1 -1  0.0250315
18402215599772728501
1 2 3 4 -1  -0.228768
18402307169855897773
0 5 0 6 -1  0.135085
18402477804728359098
0 4 0 6 -1  -0.0717897
18402566988700458272
1 7 2 7 -1  -0.0581497
18402573393415682757
1 3 7 3 -1  -0.0343368
18402626665146908353
3 5 4 6 -1  -0.0581497
18402672345152359485
3 7 4 7 -1  1
18402709521145288648
2 7 3 7 -1  -0.166772
18402710913128591601
1 3 0 5 -1  0.00161731
18402721981279299196
4 5 5 5 -1  0.0523347
18403005176605873430
2 5 3 3 -1  0.31381
18403147390474712407
2 3 3 2 -1  -0.0133028
18403499374713947621
0 1 0 2 -1  0.430467
18403523583373806057
0 5 0 3 -1  -0.098477
18403570911463159792
3 3 4 3 -1  -0.0797664
18403781285092391781
2 4 3 4 -1  0.9
18404046468140433859
2 5 4 4 -1  0.00572641
18404067917850399586
2 1 4 3 -1  -0.282429
18404187636491597190
1 5 1 6 -1  -0.205891
18404195098433429855
2 6 3 5 -1  -0.31381
18404232411962435937
0 5 0 3 -1  -0.150095
18404505739339571828
2 6 3 4 -1  -0.0250315
18404619637245335757
5 0 1 4 -1  0.135085
18404641266900383314
3 5 4 5 -1  -0.00969773
18404902248467362085
6 3 7 3 -1  -0.6561
18404978963747618024
1 4 2 3 -1  -1
18405169087014618281
3 7 4 7 -1  -0.38742
18405259727557493556
4 3 5 3 -1  -0.38742
18405264934293189644
4 6 3 5 -1  -0.0581497
18405311897460477822
7 1 7 2 -1  -0.0119725
18405387270775113777
1 5 2 4 -1  0.282429
18405503278729372088
6 3 6 5 -1  -0.729
18405540399052109889
0 0 1 0 -1  -0.0471013
18405929918324298203
0 5 1 6 -1  0.0256899
1 2 3 2 -1  0.0164232
18406150322330851414
3 1 4 1 -1  -0.000773553
18406231214425201309
0 7 5 7 -1  -0.121577
18406258763662168351
4 7 4 6 -1  0.38742
18406406949596506449
1 1 3 1 -1  -0.0581497
18406614917683186464
5 5 4 7 -1  -0.109419
18406910583862780890
1 4 2 4 -1  0.0709261
18406993394313411988
3 5 4 5 -1  -0.348678
18407283390063724072
3 3 5 2 -1  -0.0423911
18407702344657287320
2 2 3 2 -1  -0.0343368
18407827088121204500
6 2 6 3 -1  1
18407957384357268343
1 7 3 7 -1  -0.228768
18407971748952227549
6 2 4 0 -1  -0.205891
18408003572369008385
0 5 0 3 -1  0.0471013
18408071886387456528
0 4 3 4 -1  -0.0343368
18408248984065079118
3 3 2 3 -1  0.150095
18408566220542719920
1 7 3 7 -1  0.0523347
18408944532489932451
0 2 3 5 -1  -0.0646108
18408972407158372255
2 5 3 6 -1  0.282429
18409070420208019391
0 5 0 4 -1  0.00417455
18409193857444676812
3 3 4 2 -1  0.150095
18409221461660307245
3 6 4 5 -1  0.31381
18409305124980919875
3 4 4 5 -1  -0.135085
18409502008837867905
3 3 4 4 -1  4.49819e-05
18409526081537043830
3 2 3 3 -1  -0.9
18409580309260588721
2 1 3 1 -1  -0.185302
18409916242944928593
1 5 3 6 -1  -0.166772
18410104152499321891
2 7 3 7 -1  -0.531441
18410183846965800553
1 6 3 6 -1  0.0147809
18410229550995230696
3 1 3 0 -1  -0.0133028
18410281288429524217
0 6 1 4 -1  -0.0646108
18410339125281314065
2 2 5 2 -1  0.00706964
18410342983590093620
0 4 2 4 -1  -0.205891
18410365447048609396
0 5 0 3 -1  -0.0581497
18410643211967408675
0 4 0 5 -1  0.109419
18410749354487541657
1 1 1 3 -1  -0.38742
18410793423390482126
5 3 4 4 -1  -0.0646108
18410802109458609571
1 4 3 3 -1  -0.31381
18411135075487291630
1 3 2 4 -1  0.0343368
18411310245553601867
4 1 5 1 -1  0.0886293
18411546735187928467
3 3 2 5 -1  -1
18411808886288440086
3 2 4 3 -1  -0.6561
18412306491914174379
2 2 3 3 -1  -0.0471013
18412350706390070376
0 4 0 3 -1  0.00273892
18412470701941175129
1 7 0 6 -1  -0.0343368
18412550640816817116
5 1 4 1 -1  -0.81
18412561039425031995
6 0 6 1 -1  -0.478297
18412746656066013907
2 2 2 1 -1  0.31381
18412842736049529834
0 2 3 5 -1  -0.0424432
1 0 3 0 -1  0.0164232
18413327411422325468
3 2 4 0 -1  -0.121577
18413720266007808219
0 5 6 5 -1  0.9
18413778004105113443
0 2 1 1 -1  0.0278128
18413966122261534181
5 4 6 4 -1  -0.31381
18413990246585838228
1 7 3 7 -1  -0.0225284
18414001046550152836
4 5 5 5 -1  0.478297
18414014076342215221
3 2 5 2 -1  -0.0797664
18414104388069254091
4 6 5 6 -1  -0.348678
18414240153408419474
4 7 4 6 -1  -0.098477
18414384440390409595
4 2 2 3 -1  -0.0164232
18414550748886750096
6 1 4 2 -1  -0.00145558
18414646437663491295
0 2 1 3 -1  -0.135085
18414672815357403766
2 5 2 6 -1  -0.38742
18414678459418745297
1 1 2 2 -1  -0.254186
18415141149708416069
1 4 3 5 -1  0.348678
18415313339021124143
1 5 1 4 -1  -1
18415346922368469002
0 4 0 6 -1  -0.0583625
2 2 3 0 -1  -0.121577
3 3 4 2 -1  -0.0717897
18415548387703187576
6 7 4 7 -1  -0.254186
18415550154129075309
3 2 4 4 -1  0.0523347
18415694942886852664
0 5 7 5 -1  -0.0278128
18415808027568074320
4 4 5 5 -1  -0.0471013
18415902751255721983
0 5 2 5 -1  0.135085
18415929514292486701
1 2 2 2 -1  -0.254186
18416013687017756038
2 1 5 4 -1  0.0133028
18416203653382289314
0 2 0 3 -1  0.348678
18416393188131260201
7 4 7 1 -1  -1
18416460490109169557
3 3 4 3 -1  -0.109419
18416537366234990198
2 4 1 6 -1  0.205891
18416597882538283046
6 2 6 3 -1  0.531441
18416657120776036438
2 3 0 1 -1  -0.098477
18417314718174556072
0 7 0 1 -1  -0.38742
18417430598724387806
0 4 3 4 -1  -0.38742
18417441251012008530
2 4 2 1 -1  0.098477
18417823633389006319
3 4 5 5 -1  -0.0309031
18417837281819808277
6 3 3 0 -1  -0.0133028
18417995835324088178
0 1 2 0 -1  -0.0250315
0 3 1 2 -1  -0.00592918
0 3 2 1 -1  0.0278128
1 3 3 5 -1  -0.0170343
18418088328247764269
3 3 4 3 -1  -0.254186
18418194179572029863
6 2 0 2 -1  -0.228768
18418303486322700351
3 6 4 6 -1  -0.478297
18418380956601967909
0 5 1 3 -1  0.150095
18418485248923488278
5 5 5 6 -1  -0.81
18418725466152615605
3 4 4 5 -1  -0.166772
18419046584322672355
5 2 5 5 -1  0.430467
18419385142867509469
2 2 4 3 -1  0.121577
18419396532782237149
3 7 4 7 -1  -0.109419
18419440704687304341
2 3 0 5 -1  0.185302
18419573927281839440
1 5 3 5 -1  -0.0471013
18419670261628618939
0 5 2 3 -1  -0.00969773
18419916464446724030
4 7 4 5 -1  -0.00106111
18419938760451894624
4 5 2 4 -1  0.0250315
18419995634290574089
3 7 4 7 -1  0.9
18420395912566834772
1 2 3 4 -1  -0.478297
18420545602319594196
1 3 2 4 -1  -0.038152
18420563647165246429
4 4 5 5 -1  -0.81
18420700511023208687
4 7 5 7 -1  0.81
18420783383431420247
2 2 3 3 -1  0.729
18420922515958449873
0 3 1 4 -1  -0.0581497
18421070607443460926
0 5 3 2 -1  -0.6561
18421727643378230318
2 5 4 4 -1  -0.282429
18421730738252258866
5 1 4 0 -1  -0.0147809
18421985023536456041
0 2 4 6 -1  -0.241401
18422186696108003295
1 2 2 1 -1  -0.109419
18422425808802656725
1 2 2 1 -1  -0.531441
18422434569110852019
1 5 2 4 -1  0.228768
18422507031413263822
3 3 5 1 -1  0.531441
18422530192284295938
5 2 5 0 -1  -0.81
18422794635807706899
1 3 3 3 -1  0.121577
18423036997626965634
0 5 3 5 -1  -0.109419
18423208500959432663
2 3 1 4 -1  -0.0250315
18423368146672155022
2 6 3 5 -1  0.478297
18423706956798366336
1 2 2 0 -1  0.185302
18423804049400352559
0 6 1 6 -1  -0.254186
18423918903820309082
0 2 0 5 -1  -0.478297
18424016566238205983
3 2 4 2 -1  -0.135085
18424023846692551216
2 1 0 2 -1  0.135085
18424236087554730040
4 0 5 1 -1  -0.121577
18424521005759505862
1 3 0 2 -1  0.166772
18424663125823805483
1 1 3 1 -1  -0.150095
1 3 2 3 -1  0.098477
18424836076046760661
0 3 2 5 -1  -0.135085
18424911136718222061
2 2 3 2 -1  -0.0886293
18424952098122476215
5 1 4 3 -1  -0.228768
18425247713355212695
1 3 3 2 -1  0.0250315
18425338790710782648
2 7 5 7 -1  0.098477
18425410204051702944
2 1 3 2 -1  -0.0581497
18425520793645000721
0 5 4 1 -1  -0.0225284
18425774539791905279
1 1 2 1 -1  -0.0797664
18426072929905320089
0 3 1 4 -1  -0.0523347
18426277701454583174
2 4 2 3 -1  -0.31381
18426497820775144661
2 0 3 1 -1  -0.81
18426625538841678953
1 2 2 4 -1  -0.0309031
18426900422701365160
3 4 4 3 -1  0.0886293
18426998415115460192
3 5 4 4 -1  -0.9
18427063619443763429
4 3 5 3 -1  -0.430467
18427642566909765165
3 5 4 7 -1  0.81
18427667067059679261
1 2 3 3 -1  -0.0250315
18427979949741237407
0 4 2 4 -1  0.0717897
18428455449565439347
3 5 4 4 -1  0.0886293
18428473077813255843
0 2 0 1 -1  1
18428482947275969005
3 1 7 1 -1  -0.31381
18428672346802146809
1 6 0 5 -1  0.205891
18428756285063785738
1 4 6 4 -1  -1
18428945155965619092
7 0 7 3 -1  0.0523347
18429055178739138931
1 6 2 6 -1  -0.0119725
18429177417943395690
3 6 4 5 -1  -0.729
18429276879252901102
4 6 5 6 -1  0.348678
18429324377018887313
1 7 2 7 -1  -0.38742
18429522531419333823
0 0 2 1 -1  0.121577
18430180461948122127
0 5 0 4 -1  0.205891
18430183645745203187
0 4 1 4 -1  -0.0581497
18430290987634528932
0 4 0 5 -1  0.0309031
18430371599697038136
4 3 3 1 -1  -0.38742
18430393737383969528
7 2 5 0 -1  -0.150095
18430438709906055766
0 6 1 7 -1  -0.098477
18430507922042727572
0 2 0 1 -1  0.228768
18430547571372136237
2 4 1 5 -1  0.150095
18430752868544878502
1 2 4 5 -1  0.00572641
18430878124005421263
4 1 3 3 -1  0.81
18430906310264036104
6 3 4 1 -1  -0.9
18431087196210641863
1 4 3 2 -1  0.228768
18431142157603030397
6 5 4 5 -1  -0.228768
18431254319721579024
2 0 1 0 -1  -0.531441
18431282147501810678
4 1 5 0 -1  -0.38742
18431315149137029149
4 2 3 1 -1  -0.0343368
18431347594354391003
1 1 3 1 -1  -0.254186
18431364329264490284
1 4 1 1 -1  0.098477
18431437881045034531
0 1 2 2 -1  -0.0107753
18431460709464335242
3 6 4 6 -1  0.228768
18431719048259334148
2 2 3 4 -1  0.0202755
18431866554954583095
0 5 3 2 -1  -0.018248
18431894357402899225
0 3 7 3 -1  0.0107753
18431897047809684031
5 0 5 2 -1  -0.9
18432193260599487136
1 6 2 7 -1  0.228768
18432204976942897755
1 3 2 2 -1  0.00969773
18432274383271329297
4 6 4 4 -1  0.81
18432277788641754387
6 5 4 7 -1  -0.282429
18432335603996150702
0 4 0 6 -1  -0.00823658
18432349712656061496
1 0 3 0 -1  -0.205891
18432362369541410493
5 2 5 6 -1  -0.81
18432415461756947204
7 6 7 4 -1  -0.00463839
18432554130577998100
2 6 4 5 -1  -0.0717897
18432603472862695726
1 4 2 5 -1  0.0581497
18432672583141845427
6 1 1 6 -1  0.109419
18432709504397130388
2 6 3 7 -1  -0.9
18432747959062531772
4 0 2 1 -1  0.150095
18432912562867823940
2 5 1 3 -1  -0.000859503
18432975544045227923
3 5 2 4 -1  0.282429
18432991160243973447
1 2 2 1 -1  -0.348678
18432994397925527022
0 6 1 6 -1  0.430467
18433206993410218278
2 6 3 5 -1  -0.166772
18433415896830186782
0 3 3 3 -1  -0.0797664
18433484066040596468
7 4 1 4 -1  -0.59049
18433627934499632876
3 0 1 2 -1  -0.0264222
18433931282053225855
0 4 0 6 -1  -0.00273892
18434092388543326376
1 0 2 0 -1  0.31381
18434295337832064470
5 4 3 3 -1  -0.185302
18434453616286940173
1 4 2 3 -1  -0.038152
18434539034549860489
4 1 2 3 -1  -0.0146604
18434558979285601760
2 3 3 3 -1  -0.729
18434636227183800220
3 5 4 5 -1  0.150095
18434654670021197679
5 7 6 7 -1  -0.38742
18435201882485369554
7 2 7 0 -1  0.166772
18435301166637916926
6 5 6 1 -1  0.9
18435411784220792083
3 3 2 1 -1  -0.205891
18435455095761045675
2 2 3 3 -1  0.205891
18435599941176678087
0 5 1 4 -1  -0.121577
18435760330509128577
0 2 1 3 -1  -0.0797664
18435776461456309234
3 2 4 2 -1  0.0250315
18435807858927065320
4 3 5 4 -1  -0.0202755
18436027508760687659
4 6 5 5 -1  -0.282429
18436170132694572537
4 1 3 3 -1  -0.185302
18436228551106038990
5 2 6 2 -1  -0.254186
18436274967818432024
4 3 2 2 -1  0.254186
18436648483545474326
1 5 2 5 -1  -0.430467
18436681954865681866
2 2 3 2 -1  -0.185302
18436749988987226328
0 6 1 5 -1  0.00969773
18436871093941269141
7 6 7 7 -1  -0.135085
18436949455753886881
5 7 3 7 -1  -1
18437111202243038989
3 7 4 7 -1  -0.038152
18437705941695022876
4 5 1 5 -1  -0.0886293
18437951465772019411
1 6 6 6 -1  0.228768
18438270532656510561
1 1 2 1 -1  -0.531441
18438389165648793755
3 2 3 4 -1  -0.000456775
18438439018162336222
0 1 2 0 -1  0.038152
18438522488059476179
4 0 1 0 -1  0.150095
18438554198100802593
0 3 1 3 -1  0.185302
18438581360807047802
5 3 6 3 -1  -0.9
18438670759002511305
1 3 2 4 -1  -0.205891
18438781630460835251
1 3 2 4 -1  0.282429
18438802991746561707
3 4 4 4 -1  -0.150095
18438960138769497597
4 0 2 2 -1  -0.121577
18439210691343573163
5 2 4 1 -1  -0.109419
18439711473602817181
1 3 2 4 -1  -0.0309031
18439992179374077713
4 6 6 7 -1  -0.59049
18440240994356035842
3 2 4 2 -1  0.0278128
18440248618889283974
4 7 5 7 -1  0.135085
18440280728276135879
2 5 3 3 -1  -0.00131002
18440346091215803401
0 2 2 4 -1  0.0147809
18440464440696496316
6 6 5 5 -1  0.109419
18440555424986868623
2 4 3 3 -1  -0.729
18440558046069975808
1 0 3 0 -1  0.135085
18440590563260456885
1 1 3 1 -1  0.0581497
18440665761105286424
1 0 1 3 -1  0.282429
18440949432465633045
2 4 4 2 -1  -0.0107753
18441062552680735205
0 0 0 2 -1  -0.282429
18441139781594951927
3 3 5 5 -1  -0.0037571
18441216178143377484
3 4 3 0 -1  0.038152
18441265779372457482
3 5 6 2 -1  0.6561
18441483726833241558
0 5 7 5 -1  -0.6561
18441545217313273547
3 4 4 5 -1  -0.9
18441755186263725174
3 6 4 6 -1  -0.729
18441896928782525861
0 2 5 2 -1  -0.00515377
18442035509324782953
5 1 3 0 -1  -0.098477
18442239918913635031
0 5 1 6 -1  -0.00796451
18442382594170258051
0 3 2 5 -1  -0.0797664
18442590955588147777
3 3 4 1 -1  -0.0309031
18442622810139409089
1 7 3 6 -1  -0.038152
18442696317299778872
3 2 4 3 -1  -0.00463839
18442745287929035423
6 1 3 1 -1  -0.348678
18442745376858268346
1 0 2 0 -1  -0.0797664
18442889950415965974
1 6 2 6 -1  0.254186
18442950138506384488
2 4 4 2 -1  -0.31381
18443431425809544515
0 6 1 6 -1  -0.0886293
18443496321675742326
2 7 3 7 -1  0.109419
18443619913856750999
2 4 3 3 -1  -0.038152
18443699477300307002
3 7 4 7 -1  -0.00463839
18443711393505926340
4 1 5 1 -1  -0.31381
18443734280855222071
3 5 2 6 -1  0.31381
18443735303932134513
3 4 4 3 -1  -0.0886293
18444292961437066333
3 0 4 0 -1  -0.254186
18444370706298722051
1 3 2 2 -1  0.9
18444524660619038755
1 3 2 5 -1  -0.109419
18444602936778642757
0 4 1 4 -1  0.205891
18444919471379652855
3 4 2 5 -1  1
18445006091584906606
3 2 3 4 -1  -0.109419
18445195401897283695
1 6 0 5 -1  -0.531441
18445525329058200904
2 1 3 2 -1  0.0471013
18445572211686120514
1 0 2 0 -1  0.00636268
18445816347529518596
4 4 2 3 -1  -0.348678
18446101164639366264
0 3 3 3 -1  -0.254186
18446372493331657642
2 6 4 5 -1  -0.00338139
18446433135056962510
2 0 3 1 -1  -0.254186
18446517920358868267
1 3 1 6 -1  -0.6561
18446569262024893635
4 1 2 3 -1  -0.150095
18446571612702545547
1 1 3 1 -1  -0.038152
18446674683752265360
1 5 1 3 -1  0.228768
