2163368808388032132
0 3 0 4 -1  0.00872795
2163404581686195030
2 6 6 2 -1  -0.9
2163578368358628185
2 2 1 4 -1  -0.135085
2163698116759930484
0 5 0 4 -1  0.0423911
2163736094326395366
4 5 5 5 -1  -0.6561
2164014258879945633
0 4 0 2 -1  0.348678
2164543332016866492
3 4 0 1 -1  -0.81
2164642420147148897
4 4 5 3 -1  -0.185302
2164665144833871263
3 1 3 2 -1  -0.0717897
2164868670873061270
2 5 3 7 -1  -0.018248
2165047520361877594
1 7 3 7 -1  0.6561
2165226295423111738
6 6 7 5 -1  -0.81
2165254644359514053
1 1 2 1 -1  -0.0646108
2165299449357706387
6 2 6 3 -1  -0.81
2165661408103329144
3 2 4 2 -1  -0.00131002
2165800852215528731
7 5 5 4 -1  -0.348678
2165844479582881907
0 4 4 0 -1  0.121577
2166144300393296326
2 6 3 6 -1  -0.9
2166624811338877656
1 4 2 4 -1  0.729
2166700652492561578
2 7 3 7 -1  -0.348678
2166758843352645585
4 5 2 4 -1  0.098477
2166830392164611022
2 4 3 6 -1  -0.0886293
2166836310788897792
1 3 3 5 -1  0.0646108
2166851328032037726
2 2 1 3 -1  0.0423911
2166940922395557167
0 3 1 5 -1  0.205891
2167192478387038871
0 3 1 4 -1  -0.00572641
2167963239151519230
3 2 4 3 -1  -0.254186
2168059241386085773
0 3 1 3 -1  -0.109419
2168122060166102705
2 4 1 4 -1  0.0107753
2168242945767510627
0 3 6 3 -1  -0.228768
2168387059354973550
0 0 0 3 -1  -0.098477
2169053893486108289
0 6 1 5 -1  0.0717897
2169071361847634396
3 3 4 3 -1  0.098477
2169387680802297515
1 3 1 6 -1  0.150095
2169435347155539232
0 2 1 2 -1  0.348678
2169457438989536235
1 5 0 5 -1  -0.81
2169769134128134752
4 2 4 4 -1  -0.729
2169770687400504734
0 0 0 3 -1  -0.038152
2169828897213492661
0 5 1 4 -1  -0.166772
2169924132235040927
0 2 1 3 -1  0.00538713
2169939462828848525
2 2 3 0 -1  -0.098477
2169942470901936646
2 1 4 2 -1  -0.135085
2169959378194340568
3 3 4 5 -1  0.0225284
2170252533922587308
1 1 2 1 -1  -0.478297
2170269680055750410
5 3 6 3 -1  -0.430467
2170284936980530961
3 3 4 1 -1  -0.0717897
2170419133784095828
0 6 0 4 -1  0.0717897
2170523222132969807
3 5 3 4 -1  0.59049
2170681291545876774
4 5 5 5 -1  -0.109419
2170839611519027532
2 2 1 3 -1  0.59049
2170880825741797785
0 1 2 2 -1  -0.000196627
2170897952103742175
2 3 3 3 -1  -0.00463839
2170931407409872913
2 6 3 5 -1  0.00417455
2171210949390496423
0 3 2 1 -1  -0.0886293
2171436642282863343
4 6 5 5 -1  -0.348678
2171623375251132857
0 3 0 4 -1  0.150095
2171760476759741147
0 2 0 4 -1  0.00106111
2171869537956510036
0 6 0 5 -1  -0.228768
2171917512530649358
3 5 4 6 -1  -0.59049
2172088210848269482
1 4 2 3 -1  -0.254186
2172691092496776026
2 3 0 4 -1  0.282429
2172777768485006277
1 5 3 5 -1  -0.228768
2172848807350670321
6 6 5 5 -1  -0.00636268
2172851127847089444
5 5 6 5 -1  0.000773553
2172925949794819221
3 2 2 1 -1  -0.0133028
2172969112659464464
1 6 2 5 -1  0.81
2173011264907412559
1 6 3 6 -1  0.166772
2173102585833609857
5 7 3 6 -1  -1
2173161304481732384
2 3 3 3 -1  -0.729
2173383484414461740
1 6 0 5 -1  -0.150095
2173534487678629771
3 2 4 4 -1  -0.0581497
2173694494156309903
0 4 1 5 -1  0.430467
2173859658916690377
4 2 3 0 -1  -0.0581497
2173880332275619730
0 4 0 6 -1  -0.0717897
2174298064757137911
0 2 1 1 -1  -0.0202755
2174335425344921795
1 6 2 6 -1  -0.59049
2174472256630509074
0 2 1 2 -1  0.166772
2174514114570672537
3 3 4 3 -1  -0.254186
2174580177283064883
1 7 2 7 -1  -0.0164232
2174666642708811465
0 4 0 2 -1  -0.0646108
2175101591201709562
0 4 3 4 -1  1
2175322996086920332
0 3 2 5 -1  -0.205891
2175425164457145259
0 0 0 3 -1  0.0797664
2175528513778629711
6 5 7 5 -1  -0.135085
2175605335636831540
3 2 2 2 -1  0.254186
2176232329854987704
2 5 3 3 -1  -0.0147809
2 5 4 6 -1  0.109419
2176320230838471158
1 7 3 7 -1  -0.531441
2176353555494137797
3 1 0 4 -1  -0.185302
2176508863997441786
2 6 1 4 -1  -0.109419
2176637507961422934
0 5 0 6 -1  0.00056392
2176749050465701121
2 1 1 2 -1  -0.166772
2176936384390980272
6 2 7 2 4  -0.9
2177117382368460887
5 4 5 2 -1  -0.185302
2177250454443248942
1 7 1 6 -1  0.254186
2177251648114403329
2 5 1 5 -1  0.185302
2177304929927981779
1 5 2 5 -1  0.135085
2177317709019345076
0 5 0 4 -1  -0.150095
2177859344778921071
2 5 4 6 -1  -0.0119725
2177940129730251861
0 1 4 1 -1  0.109419
2178080561084949758
0 5 5 0 -1  0.282429
2178410547900454311
3 4 2 2 -1  -0.205891
2178417881172185608
1 2 3 2 -1  0.0133028
2178612705533440007
0 4 6 4 -1  -0.9
2178677687195784493
1 4 4 7 -1  -0.282429
2178812545932333351
3 0 4 0 -1  -0.185302
2178831258797659781
0 4 0 6 -1  -0.0523347
2178878364015598547
2 2 3 3 -1  -0.00221853
2179285372238205895
1 1 5 5 -1  0.00338139
2179420018903484129
2 7 4 5 -1  -0.228768
2179510557345971741
1 4 2 4 -1  -0.109419
2179607154226851240
4 3 7 3 -1  -0.00515377
2179666576147298562
1 4 2 4 -1  -0.282429
2180023788071326949
1 6 5 6 -1  -0.81
2180114247888791497
2 2 2 1 -1  -0.228768
2180171147022880513
3 3 2 5 -1  -0.098477
2180286448092004577
2 2 3 1 -1  -0.282429
2180400195981017424
3 5 4 6 -1  0.31381
2180656069549865962
2 5 3 7 -1  0.0147809
2180701099871524574
3 3 5 3 -1  -0.205891
2180822337751777243
3 2 2 0 -1  0.150095
2180950481656986026
1 5 1 2 -1  0.00872795
2181020191640408632
3 5 4 4 -1  0.00872795
2181325261256727130
2 0 2 1 -1  -0.0147809
2181869486450683101
1 4 2 3 -1  -0.0797664
2181948387013124094
0 2 3 5 -1  -0.0646108
2182118935383084691
0 5 1 6 -1  -0.478297
2182156568051860131
0 7 5 7 -1  0.59049
2182206055329869328
3 4 4 3 -1  -0.121577
2182290651088542743
4 3 5 3 -1  -0.0471013
2182394973860841811
1 2 2 3 -1  -0.0164232
2182458850851031705
1 5 3 5 -1  0.59049
2182639726245924397
3 5 4 4 -1  0.0523347
2182649767354103966
1 1 0 1 -1  0.254186
2182989114935795609
2 0 3 0 -1  -0.0250315
2183115200851479144
2 1 3 0 -1  0.205891
2183136752616401881
1 4 3 2 -1  0.018248
2183774577420614798
1 2 2 3 -1  -0.098477
2183786904415685139
0 1 1 3 -1  -0.0523347
2183870809792863215
4 3 5 3 -1  -0.166772
2183968795791049769
5 5 4 6 -1  -0.0471013
2184255551255613155
1 4 3 5 -1  -0.150095
2184301709558037860
0 6 2 7 -1  -0.109419
2184393584788726570
0 2 2 4 -1  0.00785516
2184587457143148537
0 2 2 2 -1  0.729
2184841594891741743
1 4 3 2 -1  -0.228768
2184898072120104668
5 3 5 1 -1  -0.430467
2185122718524478927
0 6 2 5 -1  -0.0581497
1 7 2 7 -1  -0.00304325
2185224906636587225
3 5 4 4 -1  0.282429
2185332561296033248
4 0 0 4 -1  0.166772
2185495346422831493
1 6 2 7 -1  -0.0423911
2185604720342557740
1 4 2 3 -1  -0.109419
2186030479161805366
2 3 3 4 -1  -0.0119725
2186103426182970365
6 1 4 2 -1  -0.9
2186252301013553261
1 2 5 6 -1  -0.531441
2186393515144943385
2 3 1 5 -1  -0.31381
2186636549399005447
1 1 3 1 -1  0.038152
2187018874866725425
3 7 4 7 -1  -0.282429
2187526443398096561
1 4 3 5 -1  -0.038152
2187631633600185463
0 5 1 6 -1  0.0119725
2187921790145068042
0 6 2 5 -1  -0.0183494
2188072255188123826
2 4 5 4 -1  0.0886293
2188359727725997471
2 5 2 4 -1  0.31381
2188636006626195941
1 0 2 0 -1  -0.135085
2188854818760959552
3 4 4 3 -1  0.0886293
2189153850202024201
6 1 7 2 -1  0.430467
2189313383290410241
0 3 2 1 -1  -0.150095
2189420523394839708
0 4 1 5 -1  0.205891
2189482394071329254
0 0 0 2 -1  0.018248
2189501714353828573
1 4 0 6 -1  -0.0523347
2189691850004262873
4 3 5 3 -1  0.00515377
2189943205620997061
0 0 0 2 -1  -0.0717897
2189959113393122865
1 4 3 4 -1  -0.0684411
2190127480704072051
0 2 4 6 -1  -0.0107753
2190217876065780581
2 2 3 4 -1  -0.038152
2 4 3 4 -1  -0.000955003
2190270387815206647
0 2 7 2 -1  -0.0886293
2190554781574415374
2 5 3 5 -1  0.135085
2191038142732569987
1 1 0 0 -1  -0.0886293
2191324743878924407
3 4 2 2 -1  -0.531441
2191390201327554284
1 4 2 3 -1  0.098477
2191420025087324004
4 6 6 4 -1  0.0523347
2191594931754653165
3 2 4 1 -1  -0.430467
2191729726206185850
2 2 3 4 -1  -0.478297
2191738711494743290
0 4 5 4 -1  0.478297
2191821031056216467
2 3 3 2 -1  -0.150095
2191846379442512426
2 2 4 1 -1  -0.0164232
2191874923903822833
7 6 7 4 -1  -1
2191933777632415054
5 0 2 3 -1  -0.135085
2192083499442332748
3 3 4 3 -1  -0.185302
2192083592075011320
4 0 6 0 -1  -0.348678
2192115490283591469
2 1 3 2 -1  -0.6561
2192407125841408839
0 5 0 4 -1  0.185302
2192546269933034063
0 4 3 7 -1  -0.0646108
2192580873077281984
0 0 0 2 -1  -0.0278128
2192631362364270343
4 6 2 5 -1  -0.00161731
2192639441378065998
3 3 6 6 -1  0.0523347
2192807150757625655
3 0 4 0 -1  -0.6561
2192813370185009018
1 6 2 7 -1  -0.038152
2192958982287767947
4 6 5 5 -1  -0.282429
2192998965611791149
0 6 0 7 -1  0.0581497
2193111245266927509
5 4 4 6 -1  -0.166772
2193295414435784514
1 3 1 5 -1  -0.0581497
2193325784900406713
2 2 4 3 -1  -0.00161731
2193383813395637239
4 2 3 1 -1  -0.430467
2193393976871417653
3 3 4 3 -1  0.00417455
2193464089938976473
0 5 1 7 -1  0.59049
2193466130154961901
3 2 2 4 -1  0.0423911
2193656415525652696
0 1 2 2 -1  -0.00056392
0 4 0 6 -1  -0.0105434
1 3 2 3 -1  -0.0162712
2193694999930245074
1 2 2 3 -1  0.135085
2193719409657823362
2 1 4 3 -1  0.0523347
2193744835559442856
1 4 3 2 -1  -0.0717897
2193899092165001718
3 2 1 4 -1  0.00969773
2195166621030966018
3 7 4 7 -1  -0.0886293
2195609296136654948
0 1 1 3 -1  0.018248
2195618399480090396
1 3 4 3 -1  0.185302
2195901317765105479
0 5 2 4 -1  0.0646108
2195952777736543363
2 6 3 5 -1  0.81
2196042526052177162
0 3 3 6 -1  0.0119725
2196114432099451798
3 3 1 4 -1  0.0309031
2196136255934702258
2 5 3 4 -1  -1
2196174631936326311
0 5 0 2 -1  0.0581497
2196231352044822036
4 6 5 5 -1  -0.729
2196249468414791832
2 7 1 6 -1  -0.38742
2196331226289185586
3 0 6 3 -1  -0.166772
2196387113482735482
6 2 4 2 -1  -0.185302
2196514855650082021
0 3 2 4 -1  -0.348678
2196659248309859913
3 4 3 6 -1  0.0471013
2196865129115062475
4 0 4 4 -1  0.31381
2197240081681868298
1 6 2 5 -1  -0.59049
2197526394489965322
1 3 1 2 -1  0.254186
2197575203004573893
2 2 3 2 -1  0.0309031
2197993173588621977
0 4 0 6 -1  -0.0278135
2198097078542052463
2 2 4 3 -1  0.38742
2198137123367160406
2 1 3 2 -1  -0.0225284
2198154743522597446
4 4 6 5 -1  -0.150095
2198325202595190363
3 1 5 2 -1  -0.0523347
2198557792501565114
2 6 3 5 -1  -0.282429
2198635483682890235
3 5 4 6 -1  -0.729
2198703809214663615
0 1 0 2 -1  0.228768
2198862589347946637
0 6 0 7 -1  0.00515377
2198894587016279805
3 2 2 4 -1  -0.0471013
2198961341472678710
2 2 6 2 -1  -0.9
2199091773494061124
0 5 2 3 -1  -0.38742
2199096194806850837
1 3 5 7 -1  -0.00221853
2199424409420439872
4 6 5 7 -1  -0.228768
2199526074818081234
1 2 0 3 -1  -0.018248
2199584116905800075
1 5 2 5 -1  0.0309031
2199609624159034214
1 6 3 4 -1  -0.121577
2199820310310085513
4 4 2 5 -1  0.254186
2199908709265669675
1 0 2 1 -1  0.254186
2199948677818072443
1 6 2 5 -1  -0.348678
2200254341734860458
1 4 1 3 -1  -0.00706964
2200805704001031711
6 3 4 1 -1  -0.150095
2201084984914854440
0 6 2 5 -1  0.00106111
2201341461385800588
0 5 1 5 -1  0.0423911
2201498458161121515
1 0 3 0 -1  -0.0133028
2201726027329020218
4 6 5 6 -1  -0.81
2201785062803630539
0 4 2 6 -1  -0.109419
2201840876988788323
5 7 0 2 -1  -0.0278128
2201961185704223922
0 6 0 7 -1  -0.348678
2202007985107343904
3 3 4 4 -1  0.0471013
2202028200861020529
2 0 3 0 -1  -0.348678
2202084491066055908
3 4 4 5 -1  -0.282429
2202430179512688706
2 2 4 3 -1  -0.0717897
2202440999431592492
0 0 0 3 -1  -0.135085
2202457687038155887
3 4 4 3 -1  0.0202755
2203096144289932693
0 5 4 1 -1  -0.348678
2203303259264701554
2 1 1 2 -1  -0.0250315
2203531496025876883
2 5 4 4 -1  0.00636268
2203614296807919089
3 0 4 1 -1  0.166772
2203662174673029850
7 1 5 1 -1  -0.254186
2203728806900499182
3 2 4 3 -1  -0.0202755
2203791266436393890
3 2 4 2 -1  0.0343368
2203828933526166716
0 2 2 4 -1  0.0103516
0 5 1 4 -1  0.00228741
1 5 3 5 -1  -0.00872795
1 6 3 6 -1  -0.00385565
2203888155854782940
3 0 6 0 -1  -0.000369988
2204034346187404256
3 3 3 2 -1  -0.31381
2204079410522540448
1 1 0 2 -1  -0.166772
2204085823886888518
1 3 3 4 -1  -0.31381
2204200668804296052
2 3 3 3 -1  0.0278128
2204330921590044814
3 2 4 2 -1  0.166772
2204465445394321942
2 2 1 0 -1  -0.0164232
2204683209842044694
0 0 3 0 -1  0.348678
2204689596394343888
2 2 5 2 -1  0.478297
2204918454483184571
5 7 4 6 -1  0.150095
2205069465066586248
3 5 4 3 -1  -0.59049
2205166222637010973
2 5 1 3 -1  0.0250315
2205173226898133002
3 7 4 7 -1  -0.6561
2205377862688978619
2 1 1 3 -1  -0.478297
2205501248819966870
0 0 0 3 -1  0.0423911
2205510966723419043
0 5 2 6 -1  -0.0886293
2205588228853519643
1 2 2 2 -1  -0.478297
2205853113960991204
1 3 3 3 -1  -0.0131889
2206005300508243443
7 4 6 4 -1  -0.81
2206016676929794387
1 0 2 1 -1  -0.254186
2206081168732026555
2 5 4 6 -1  -0.9
2206390801174229736
1 2 3 2 -1  -0.254186
2206416205939623263
0 3 4 3 -1  -0.038152
2206456363777050836
1 3 2 5 -1  -0.109419
2206713122467555814
0 5 0 4 -1  0.098477
2206771840498325605
3 3 4 3 -1  0.228768
2206785478809595469
2 6 4 5 -1  -0.729
2206839073030551788
2 0 4 2 -1  0.38742
2206868500193345738
0 3 1 2 -1  -0.0471013
2207266373336766290
4 2 6 4 -1  -0.0147809
2207270833256718953
1 6 3 6 -1  0.282429
2207347052557124238
2 4 3 4 -1  0.00785516
2207371118221443527
3 1 4 1 -1  -0.478297
2207528415619022892
4 6 3 7 -1  0.0119725
2207732528063326221
4 3 5 3 -1  0.38742
2207733043620943341
2 1 3 1 -1  -0.038152
2207773978931845739
3 2 3 3 -1  -0.478297
2208023989980535290
2 2 3 2 -1  -1
2208118224764463335
2 5 1 3 -1  0.478297
2208129859690028771
0 6 1 7 -1  0.0343368
2208209400019844677
3 7 2 7 -1  -0.729
2208269877348012452
1 1 2 1 -1  0.038152
2208481460445875681
3 6 4 7 -1  -0.254186
2208536550606575408
2 2 4 0 -1  -0.254186
2208681042529021721
1 3 2 3 -1  0.0250315
2208796423091369770
1 5 2 4 -1  0.478297
2208813198460221584
2 3 3 2 -1  -0.00463839
2208866884995499613
4 2 4 7 -1  -0.81
2209109835356367478
0 6 2 4 -1  0.81
2209439747980233562
7 2 5 3 -1  0.478297
2209616205826881778
0 5 1 4 -1  -0.81
2209784373156247840
3 0 4 1 -1  -0.166772
2209807650935642607
1 2 3 4 -1  -0.228768
2209939197835318934
0 3 1 3 -1  -0.348678
2210160496713946852
7 3 7 4 -1  -1
2210294286093523306
3 5 3 7 -1  -0.348678
2210876828550829094
6 4 6 3 -1  0.81
2210894923696047198
0 6 1 7 -1  0.348678
2211052376623838133
1 1 2 1 -1  -0.135085
6 0 7 0 -1  -0.109419
2211188211205729341
0 4 0 7 -1  -0.31381
2211306050907160383
5 5 3 3 -1  0.00872795
2211400739336745185
0 1 3 4 -1  0.00872795
2211549763901182059
0 5 4 1 -1  -0.00463839
2211553790665257455
7 2 1 2 -1  -0.6561
2211589184710117486
6 7 1 2 -1  -0.00515377
2211600463151657513
4 4 2 3 -1  -0.228768
2211676793508090052
6 0 6 2 -1  -0.531441
2211842917194625405
4 1 5 3 -1  -0.0471013
2211903654994210372
4 6 4 4 -1  -0.6561
2211909503917041662
4 1 5 2 -1  0.150095
2211976832696489995
5 4 6 3 -1  -0.9
2212025281146906900
0 2 4 6 -1  -0.00273892
2212034700938917931
1 4 3 3 -1  0.531441
2212132113516685871
0 6 2 4 -1  0.098477
2212198452080938039
4 4 5 2 -1  0.282429
2212328182094175356
0 6 1 7 -1  0.150095
2212688868318959272
3 4 4 5 -1  0.0523347
2212795613672989652
6 0 5 2 -1  -0.0797664
2212829374289685251
1 5 2 6 -1  0.478297
2212841239616978532
0 6 1 6 -1  -0.531441
2212895203585720917
4 3 5 5 -1  0.9
2212944502981192885
2 1 3 0 -1  0.282429
2213400821818442739
3 7 4 6 -1  -0.531441
2213698964739466692
2 5 1 3 -1  0.00636268
2213729989963817542
4 4 5 4 -1  -0.135085
2213765358645398752
3 5 4 4 -1  -0.38742
2213943583766958532
1 6 2 5 -1  0.109419
2214014438211002742
1 3 1 4 -1  -0.9
2214150863944952933
1 1 3 1 -1  0.150095
2214203327154879273
0 5 2 3 -1  -0.0646108
2214211913161161765
4 6 2 7 -1  0.0646108
2214282297099676021
3 3 4 3 -1  -0.00199668
2214392825819527076
3 5 4 4 -1  -0.205891
2214566376349268820
0 2 0 3 -1  -0.00706964
2214721454953228029
2 2 3 0 -1  0.0886293
2214777419293009345
1 1 2 2 -1  -0.228768
2214977728017762039
0 4 3 1 -1  -0.59049
2214985982547179949
0 5 2 6 -1  -0.0797664
2215334811115049543
2 1 4 2 -1  -0.81
2215472282673941819
1 7 2 7 -1  -0.00338139
2215705884445681695
3 4 5 3 -1  -0.0471013
2215825930871900464
0 5 1 4 -1  0.282429
2215839498055148337
3 7 4 6 -1  -0.185302
2216129994765212170
4 4 5 3 -1  -0.00572641
2216173897904221392
3 7 3 2 -1  -0.81
2216281717795424417
1 6 2 6 -1  -0.0423911
2216494577508641766
0 0 0 3 -1  -0.185302
2216548425036080903
0 1 2 1 -1  -0.0886293
2216566542296351440
0 2 1 3 -1  0.00872795
0 6 1 4 -1  0.0718779
2216680922341240206
1 1 2 1 -1  -0.00417455
2216743531744347294
2 5 3 5 -1  0.38742
2216864079991897877
0 0 0 1 -1  -0.135085
2217337651359693131
2 2 3 0 -1  -0.0037571
2217507584092983030
1 3 2 5 -1  -0.282429
2217736894821520399
2 5 3 5 -1  0.00969773
2217781331926884130
4 3 6 3 -1  -0.478297
2217801225864919896
1 3 2 1 -1  0.00417455
2217972615491597223
0 0 0 1 -1  0.31381
2217993952821228558
0 4 0 2 -1  -0.185302
2218006950268025517
3 2 4 2 -1  -0.254186
2218099179580080151
3 7 6 7 -1  0.6561
2218224745540711358
6 3 2 3 -1  -0.0797664
2218280524477991866
1 5 3 4 -1  -0.348678
2218391872038563035
1 4 2 5 -1  0.0119725
2219040901373880402
1 2 1 5 -1  -0.348678
2219149073923308865
4 4 5 4 -1  -1
2219509067625059162
1 5 3 5 -1  -0.0717897
2219566818855085854
1 1 3 3 -1  0.00969773
2219605393232802103
1 7 5 3 -1  -0.0343368
2219623223415736318
1 5 2 5 -1  -0.121577
2219671612055555201
2 3 0 5 -1  -0.121577
2219847560299621679
0 5 1 4 -1  -0.0202755
2220134633631562801
1 0 2 0 -1  -0.0886293
2220199112538106190
1 3 3 3 -1  0.109419
2220386719922443315
1 3 2 3 -1  0.150095
2220398509420607125
1 6 3 6 -1  0.185302
2220414735276195085
2 2 3 4 -1  0.0309031
2220485504673086135
0 6 0 7 -1  -0.00515377
2220680713542725929
2 7 3 7 -1  0.59049
2220824868599101451
3 3 4 2 -1  -0.0037571
2221060331187023413
0 2 1 3 -1  -0.0245492
2221198307998233837
0 5 0 3 -1  -0.0646108
2221200659837328901
1 6 2 6 -1  -0.0343368
2221525365771570851
3 4 3 7 -1  -1
2221569051252244123
1 3 3 3 -1  -0.0202755
2221579837420656539
1 4 0 5 -1  0.531441
2221723234616744249
6 3 6 7 -1  0.531441
2221853728036455281
0 4 0 2 -1  -0.166772
2221898444000606243
3 2 5 1 -1  -0.00417455
2222032564468633359
3 1 4 1 -1  -0.000507528
2222070503572204258
2 5 4 4 -1  0.0646108
2222078492632587140
1 6 5 2 -1  0.38742
2222173690483693148
0 3 1 4 -1  -0.0931285
2222281132652212028
6 1 4 2 -1  0.254186
2222335642937595639
1 7 3 7 -1  0.0471013
2222626298405330396
1 1 1 5 -1  0.430467
2222797546504337500
4 3 2 5 -1  -0.150095
2222843696995137132
2 3 0 5 -1  -0.0797664
2223034984406990049
6 3 5 3 -1  -0.0717897
2223600086437079578
4 2 2 4 -1  -0.9
2223888235056662748
0 3 2 3 -1  0.0119725
2223925976613404798
3 3 5 4 -1  -0.478297
2224000861957708888
0 2 0 1 -1  -0.0107753
2224318878824122432
0 5 2 5 -1  -0.6561
2224527942334288691
2 5 1 5 -1  -0.0797664
2224952573417658482
0 4 2 2 -1  0.0886293
2225021628911721875
7 1 7 5 -1  0.205891
2225042499323817741
0 3 1 3 -1  0.098477
2225071248275757846
2 0 3 1 -1  -0.6561
2225270825973284558
3 4 2 3 -1  -0.0119725
2225401908735764609
1 4 1 2 -1  0.38742
2225985642163619827
1 3 3 5 -1  0.038927
2226023596750166004
2 5 4 4 -1  -0.038152
2226179664381904027
4 6 6 4 -1  -0.166772
2226220483654620654
2 4 3 2 -1  -0.109419
2226230626676681133
2 3 3 2 -1  -0.0343368
2226269543605985848
1 4 3 4 -1  0.0717897
2226336272845723579
6 2 5 2 -1  -0.31381
2226511267028866691
2 4 3 4 -1  0.098477
2226765565353908243
0 1 1 3 -1  0.00969773
2226815597433065525
3 0 4 0 -1  -0.109419
2226833078369716720
0 2 7 2 -1  0.0797664
2226888858576758400
2 5 2 4 -1  -0.0309031
2227442192874950737
0 5 1 4 -1  -0.0523347
2227454604162936771
6 0 4 2 -1  -0.00199668
2227522803003037153
1 4 3 2 -1  -0.00572641
2227582200639535140
3 5 5 6 -1  -0.348678
2227622109056486695
3 1 3 2 -1  -0.205891
2227818936509699221
6 0 6 1 -1  0.254186
2227870476696881623
5 1 4 2 -1  -0.531441
2228089454604091269
2 1 1 2 -1  0.00179701
2228092666972083669
2 5 1 6 -1  -0.0423911
2228213264998696478
0 7 6 7 -1  0.166772
2228213723050001080
2 5 3 6 -1  -0.166772
2228233859439265257
0 1 2 2 -1  -0.0137268
0 2 2 4 -1  -0.0278128
0 6 2 5 -1  -0.0801352
2228293209045670049
1 5 3 5 -1  -0.9
2228477118371444614
2 7 4 6 -1  -0.729
2228541105006121934
3 2 4 2 -1  -0.150095
2228612097819545550
3 4 4 4 -1  -0.228768
2228662975597929467
0 7 1 6 -1  -0.150095
2228677460216013926
0 0 0 7 -1  -0.109419
2228920269258714871
4 1 5 3 -1  1
2228937469497011470
0 6 2 5 -1  -0.018248
1 4 2 4 -1  -0.0717897
2228984500001334180
1 3 3 1 -1  0.0646108
2229084574605455232
0 4 2 3 -1  0.0147809
2229271484988064126
2 2 3 3 -1  -0.00572641
2229371536179462211
1 1 2 2 -1  0.348678
2229398417659263735
3 4 4 3 -1  -0.0343368
2229429381701767904
2 4 3 3 -1  0.00145558
2229496714484377546
1 6 2 7 -1  -0.9
2229937619860954176
2 5 3 7 -1  0.00785516
2230031712664576606
0 3 3 3 -1  0.000955003
2230468864217567107
0 6 1 7 -1  0.0250315
2230750359401704147
1 2 2 2 -1  -0.038152
2231037151290111249
1 6 0 5 -1  0.0797664
2231312517069578150
2 1 1 0 -1  0.0581497
2231360612292730125
4 1 5 1 -1  -0.282429
2231390110290361501
3 1 4 1 -1  -0.00872795
2231504556764868311
0 6 1 6 -1  0.121577
2231508054283815044
2 0 2 1 -1  -0.59049
2231671019030460931
1 3 2 3 -1  -0.59049
2231766863773169614
1 3 1 4 -1  -0.31381
2231781405226160006
3 3 2 5 -1  -0.430467
2231921253299254556
3 7 6 7 -1  -1
2231931867692435240
1 4 7 4 -1  0.0225284
2232116196750375368
2 5 4 6 -1  0.6561
2232323328388794990
0 1 1 3 -1  -0.0202755
2232537369920662302
0 5 0 3 -1  0.0250315
2232666662413331088
1 3 0 4 -1  -0.228768
2232750077607164207
0 3 1 4 -1  -0.0646108
2232806622661040891
1 3 3 2 -1  -0.00117902
2232825164899434192
0 6 0 7 -1  0.38742
2232905634548117026
0 3 1 4 -1  0.6561
2233094819794536682
3 6 4 5 -1  0.729
2233321488531547526
2 0 1 0 -1  -0.38742
2233525223604839534
0 1 0 6 -1  0.0523347
2233597570769664264
2 5 1 4 -1  0.185302
2233690549684063640
5 5 4 3 -1  -0.729
2233880052221350307
6 4 2 0 -1  0.9
2233966831429400364
2 1 0 2 -1  -0.135085
2234124279624401310
0 0 0 2 -1  -0.254186
2234372030882923921
1 2 3 2 -1  -0.0886293
2234422902714123564
0 4 0 6 -1  0.9
2234569991882866590
5 1 1 1 -1  0.6561
2234744329980450519
0 2 0 0 -1  0.0278128
2235028545112893356
0 2 6 2 -1  -0.81
2235137259935194698
2 5 3 3 -1  0.00636268
2235406941666373812
1 5 3 5 -1  -0.430467
2235509123122579748
1 0 2 1 -1  -0.348678
2235602047409066755
1 6 0 7 -1  0.348678
2235877718630508476
2 4 1 5 -1  -0.205891
2235972155582060135
0 4 0 6 -1  0.0133028
2236026670580409107
2 3 3 3 -1  0.00636268
2236533836831239818
1 4 2 3 -1  -0.282429
2236610474357823231
4 5 7 5 -1  -1
2236709764360254948
2 4 3 4 -1  0.00378819
2236717686477242762
4 4 5 5 -1  0.0886293
2237172793097028972
2 5 3 5 -1  -0.121577
2237193605087241058
1 3 2 3 -1  -0.0343368
2237224479861918381
0 3 3 3 -1  -0.0202755
2237316928973878001
0 4 0 6 -1  -0.0289383
2237318316648520649
1 7 3 7 -1  -0.0309031
2237327742794453099
2 3 5 3 -1  -0.150095
2237331744459237642
3 0 3 4 -1  -0.59049
2237439009967702510
0 6 2 5 -1  0.0278128
2237760697310450824
0 2 2 4 -1  -0.0147809
2237793771224058966
3 2 4 2 -1  -0.282429
2238062992212257850
1 3 2 4 -1  -0.0646108
2238308472129318463
3 3 3 5 -1  -0.9
2238383133132911825
5 6 3 6 -1  0.348678
2238844484809625682
2 6 3 7 -1  -0.531441
2238968178723016699
1 4 3 3 -1  -0.228768
2239100315588036690
0 6 1 7 -1  0.531441
2239411098446686988
2 4 2 3 -1  0.9
2239542670017055363
1 0 2 1 -1  -0.121577
2239661575813810180
3 3 4 1 -1  0.0646108
2239706887289919016
0 5 0 3 -1  0.430467
2239966923428846661
3 3 2 4 -1  -0.531441
2240127349972037768
3 5 4 5 -1  -0.0581497
2240263764183641547
4 4 5 3 -1  0.185302
2240333755138156946
4 6 5 7 -1  -0.282429
2240572112598108135
7 2 7 4 -1  -0.430467
2240676521683279833
2 6 3 5 -1  0.0250315
2241417583231323958
1 4 2 5 -1  1
2241483261845076737
2 3 4 4 -1  -0.729
2241492608917552409
3 6 4 6 -1  0.00572641
2241807607438164961
1 7 2 7 -1  0.729
2242061200796463920
2 2 1 0 -1  -0.00710892
2242148138539820848
1 7 3 7 -1  -0.018248
2242309623948203401
1 3 1 0 -1  -0.205891
2242384475661376775
1 7 3 7 -1  -0.0886293
2242626490410282626
2 4 3 4 -1  0.0107753
2242661392404437977
2 1 1 2 -1  -0.121577
2242832734570012039
0 6 2 6 -1  0.282429
2242892854645239163
4 7 4 5 -1  -0.729
2242929572481738371
2 3 2 4 -1  0.6561
2243499520511395294
0 5 2 3 -1  -0.0471013
2 5 4 4 -1  0.0164232
2243619055262944317
5 7 5 3 -1  -0.205891
2243700987530663008
4 0 5 1 -1  0.098477
2243701105460477516
1 0 2 0 -1  0.00785516
2243863232153559659
1 5 2 5 -1  0.0244334
2243878877397958068
0 3 0 1 -1  0.478297
2243895590691918565
3 0 4 0 -1  0.0278128
2243980113865958981
3 3 5 2 -1  -0.0523347
2244092382813068841
4 1 5 1 -1  0.38742
2244135012269248617
1 3 2 3 -1  0.478297
2244219129180832568
2 1 4 3 -1  0.59049
2244864919662217087
2 2 3 0 -1  -0.0797664
2244866893795574924
0 6 6 6 -1  -0.348678
2245056281290605974
0 7 0 6 -1  0.0646108
2245181767128643836
1 1 3 1 -1  -0.135085
2245696784900264953
1 4 3 4 -1  -0.00872795
2245911546197124991
1 4 0 4 -1  0.348678
2245933234346587167
1 0 3 0 -1  -0.0886293
7 6 7 5 -1  -0.0646108
2245981074245441747
0 2 2 0 -1  -0.228768
2246094855324869363
2 7 3 6 -1  0.9
2246547049939668069
3 4 2 6 -1  0.0581497
2246652994434901216
3 4 4 4 -1  -0.729
2246733542630239044
3 1 2 1 -1  0.531441
2247289911188110577
0 3 7 3 -1  -0.0309031
2247534191517535689
3 3 4 4 -1  -0.038152
2247557154468094985
3 5 4 6 -1  0.00785516
2247681530774470758
1 6 2 5 -1  0.31381
2247837643404171476
4 6 5 6 -1  0.205891
2247853102484883948
3 0 1 0 -1  -0.0886293
2248062447112747106
1 3 3 5 -1  -0.348678
2248201794647912287
2 2 3 4 -1  -0.282429
2248202142223874912
3 6 5 5 -1  -0.0343368
2248527232941058035
1 4 3 4 -1  -0.478297
2248578779800896061
1 1 2 1 -1  -0.9
2248586119641578891
1 1 3 1 -1  -0.0133028
2248759565092585098
2 2 1 4 -1  0.150095
2248936930257828971
0 5 0 3 -1  -0.31381
2249025132903008789
1 2 3 2 -1  -0.0717897
2249202868623045203
0 6 0 7 -1  -0.0886293
2249285060304104162
1 4 4 1 -1  0.0309031
2249296351001037558
0 2 2 4 -1  -0.0133028
2249426118049148527
1 7 2 7 -1  0.81
2249468614563511743
1 5 4 5 -1  0.478297
2249710118906716782
1 4 2 3 -1  -0.81
2249715948183254990
2 4 3 4 -1  -0.150095
2249737019251950637
0 6 1 6 -1  0.0278128
2249867578905162007
1 2 2 2 -1  -0.00995201
2249915603891275636
3 7 6 4 -1  -0.9
2249932645199804962
3 2 4 2 -1  -0.0581497
2249959953361387387
3 6 4 6 -1  -0.135085
2250218492922924406
7 3 6 2 -1  0.205891
2250723918996995614
5 2 5 4 -1  -0.166772
2250730633685808017
2 5 3 5 -1  -0.0278128
2250739064008316743
6 0 6 1 -1  0.0646108
2251002115215427274
0 3 0 4 -1  0.6561
2251198593633924465
1 3 2 3 -1  -1
2251394373841263325
1 5 3 5 -1  0.0309031
2251596232334089460
0 3 5 3 -1  -0.00572641
2251616952771674616
3 1 4 2 -1  0.109419
2251627227041324278
0 5 2 6 -1  0.228768
2251857184140015862
5 0 1 0 -1  0.109419
2252012440547815811
3 7 4 7 -1  -0.430467
2252060099319437058
2 2 3 4 -1  -0.38742
2252154108736125477
2 3 3 4 -1  -0.166772
2252227078085189732
4 4 3 6 -1  0.0147809
2252305204192465135
0 3 1 2 -1  -0.31381
2252331247182064023
3 0 2 2 -1  -0.00548764
2252599759878920082
0 4 0 5 -1  -0.150095
2252745233487698152
2 5 4 3 -1  -0.9
2252838728654210586
2 1 4 0 -1  -0.109419
2252998939155316977
2 7 2 5 -1  -0.38742
2253314885718680318
3 3 6 6 -1  -0.254186
2253402624635533921
3 2 4 1 -1  -0.098477
2253462727201176987
0 3 2 1 -1  0.0164232
2253475649458325669
0 4 0 2 -1  -0.0523347
2253504592529398404
1 2 2 1 -1  0.00417455
2253689386249332980
0 2 4 6 -1  0.000626578
2253735399096204045
2 5 3 4 -1  -0.0107753
2254100742167909640
2 4 0 2 -1  0.430467
2254210418279022071
0 5 2 3 -1  -0.0581497
2254248694664623701
2 0 2 1 -1  0.0523347
2254642403998231394
1 6 3 4 -1  0.00969773
2254972258027401782
1 3 2 2 -1  -0.0343368
2255036930614805175
2 6 0 5 -1  -0.0147809
2255360905660104829
3 5 2 4 -1  -0.0886293
2255449665155079996
3 5 2 5 -1  -0.0646108
2255645861725728879
3 2 4 3 -1  -0.135085
2255650378032970446
2 7 3 7 -1  -0.6561
2255667831951450422
7 2 7 5 -1  -0.9
2255959631920272837
4 0 5 0 -1  0.00304325
2256058952983081248
0 1 0 4 -1  -0.121577
2256207863085992305
0 4 0 3 -1  0.729
2256321460289894410
3 2 4 2 -1  -0.348678
2256417610973383219
0 3 3 6 -1  -0.13846
2256472078210307915
0 3 7 3 -1  -0.038152
2256475332036049286
0 5 2 6 -1  0.0309031
2256628362065387833
1 0 3 0 -1  0.31381
2256828157990313824
2 1 3 1 -1  -0.228768
2256888133148234318
2 3 3 4 -1  0.0797664
2257519396581945215
1 6 0 6 -1  0.185302
2257655780695738074
1 3 1 5 -1  -0.38742
2257711881396084097
0 2 4 6 -1  -0.0107753
2258004718061264292
1 4 2 6 -1  0.0717897
2258098139810504598
3 6 4 6 -1  1
2258450795068217630
0 6 1 7 -1  -0.6561
2258455783477012222
2 5 3 5 -1  -0.00246503
2258537973422172538
4 1 5 2 -1  -0.0202755
2258665387339539511
0 6 2 5 -1  -0.121577
2258968473753035692
0 4 2 4 -1  -0.348678
2259056497774556172
1 3 3 4 -1  0.348678
2259519617065388050
3 4 4 3 -1  0.282429
2259735017365547833
0 5 1 6 -1  -0.00515377
2259876174298912761
4 2 2 0 -1  0.348678
2259894956051961835
0 7 7 7 -1  -0.038152
2259900365861603380
0 4 1 4 -1  0.31381
2260155007209814192
3 0 5 0 -1  -0.81
2260550770711067261
1 2 2 2 -1  0.0311961
2260661147193289105
1 7 2 6 -1  -0.254186
2260700554330359898
2 2 4 3 -1  -0.0523347
2261023411670032408
5 5 7 5 -1  -0.0309031
2261209914701453070
1 4 2 4 -1  -0.185302
2261755745588015709
3 4 1 2 -1  -0.228768
2261770869842226538
2 5 3 5 -1  0.729
2261804387170592902
0 4 7 4 -1  -0.0423911
2261825460690332698
1 4 3 6 -1  -0.109419
2261925429452180529
4 5 3 5 -1  -0.254186
2261955803028478302
4 4 3 2 -1  0.150095
2262216123099252828
1 1 0 2 -1  0.00785516
2262687913937046159
1 4 0 5 -1  0.254186
2263582361142345747
1 6 2 6 -1  -0.0471013
2263682667875200355
2 2 3 0 -1  -0.0886293
2263722370935773980
0 2 2 4 -1  -0.00417455
2263748507722161443
2 1 1 1 -1  0.150095
2263778587319862416
0 1 1 3 -1  0.018248
2263897405835348308
4 5 5 5 -1  -0.478297
2264186221231351634
0 2 1 1 -1  -0.0354867
2264322269898232191
3 6 4 4 -1  -0.254186
3 6 5 7 -1  -0.166772
2264661360993762186
2 5 1 6 -1  -0.0523347
2265052864422436136
3 0 4 1 -1  -0.00969773
2265096633684386286
6 1 7 0 -1  -0.38742
2265386701037832865
3 4 3 3 -1  0.00117902
2265440831386088164
2 6 3 6 -1  0.254186
2265461977260225085
0 2 0 7 -1  -0.0717897
2265580800760418806
0 1 2 2 -1  -0.0646108
2265674454040344540
0 2 1 1 -1  -0.0164232
2265705037222549730
1 0 1 1 -1  0.531441
2266007728979326099
6 2 5 0 -1  -0.0037571
2266015914393983025
1 6 2 6 -1  -0.00463839
2266222486888202133
1 4 2 5 -1  0.098477
2266391565029598446
1 5 2 5 -1  0.0523347
2266658881932861045
2 5 4 4 -1  0.0886293
2266720511137003543
2 5 4 3 -1  -0.0037571
2266731195339740368
3 5 4 6 -1  -0.0886293
2266941137898892997
2 4 1 3 -1  -0.9
2267022846580334754
3 2 2 1 -1  -0.000143341
2267111732293932028
0 4 1 4 -1  0.478297
2267422442395693718
4 3 2 1 -1  0.018248
2267486694520435020
0 5 1 4 -1  -0.430467
2267511265513486223
3 6 4 6 -1  0.81
2267822459181033443
0 4 0 2 -1  0.135085
2267987920095228912
2 5 3 3 -1  -0.109419
2268008604026096434
2 4 3 5 -1  -0.038152
2268346361300729177
0 6 0 3 -1  0.135085
2268360464062274797
0 1 1 3 -1  -0.00969773
1 0 3 0 -1  -0.0164232
2268485282955237280
1 2 2 2 -1  0.0225284
2268683960352859498
2 3 1 2 -1  -0.038152
2268687462089506799
1 7 2 7 -1  0.098477
2268714298594310750
2 3 1 4 -1  -0.348678
2268726045193996641
0 3 0 6 -1  -0.729
2268838281505302331
3 5 6 5 -1  -0.00145558
2268857234320172644
1 1 3 1 -1  -0.135085
2268862100757335680
7 4 6 4 -1  -0.9
2268981953147355136
5 4 2 7 -1  0.348678
2269289764383660701
0 5 3 2 -1  -0.729
2269529149137009161
6 1 6 5 -1  -0.254186
2269620134921909178
0 3 0 0 -1  0.282429
2269756333851756045
1 5 2 5 -1  -0.00161731
2270018948635726337
2 0 3 1 -1  0.348678
2270159375702715651
1 2 2 2 -1  -0.00117902
2270887701735100342
3 2 4 2 -1  -0.0278128
2270970927820921320
1 2 2 3 -1  -0.81
2271139123094813792
7 3 6 2 -1  -1
2271301916134394816
1 4 0 3 -1  -0.0646108
2271309167061621143
3 3 3 2 -1  0.0886293
2271435501765997808
1 2 3 2 -1  -0.00106111
2271599815774418956
1 2 3 2 -1  -1
2271652842663186797
0 2 1 3 -1  -0.0309031
2271719111826918460
1 3 2 5 -1  -1
2271747163417341343
0 3 0 0 -1  0.254186
2271895126267101321
3 0 2 1 -1  -0.0309031
2272005687838714755
3 4 4 5 -1  0.0471013
2272190308588888685
0 2 2 4 -1  -0.0225284
2272338167386943413
0 0 0 1 -1  -0.038152
2272355968039855263
3 0 2 2 -1  -0.00969773
2272385676534031431
2 2 2 0 -1  0.282429
2272732906463331638
1 4 3 2 -1  0.00515377
2272832067528787664
0 3 0 1 -1  -0.430467
2273138508648752388
2 2 3 0 -1  -0.0646108
2273144385135953041
4 7 5 6 -1  0.430467
2273425744779633106
0 5 1 6 -1  -0.0343368
2273514291919988355
2 5 4 3 -1  -0.282429
2273598276434977758
1 6 2 6 -1  0.0423911
2273753975904552680
0 2 2 1 -1  0.0133028
2273905223077208982
3 5 4 6 -1  -0.0717897
2274136693776782682
0 4 1 5 -1  0.0797664
2274184166790579209
3 2 4 2 -1  -0.135085
2274337945906250757
3 3 1 3 -1  -0.348678
2274979449366235357
2 7 3 6 -1  0.0717897
2274985296699379633
1 3 0 4 -1  0.282429
2275772819811605980
6 0 6 4 -1  -0.81
2275782637877552493
1 0 3 0 -1  -0.0278128
2275869242833628381
1 4 3 4 -1  -0.098477
2275896032413065446
0 4 0 2 -1  -0.430467
2275908141554121992
1 4 2 3 -1  -0.81
2276029392957577954
5 7 4 7 -1  -0.00056392
2276072840250213479
1 4 2 3 -1  -0.478297
2276347661111507355
2 7 3 7 -1  0.254186
2276485871815569341
7 2 5 1 -1  -0.38742
2276493370369230296
2 6 3 5 -1  -0.228768
2276585891094383289
3 2 5 2 -1  -0.0147809
2276617417498561067
0 5 1 6 -1  -0.000859503
2276705091476953451
4 4 4 5 -1  0.150095
2276938468306999239
4 2 3 1 -1  -0.0717897
2276960663621481794
3 1 0 1 -1  -0.59049
2276971057404623341
0 6 0 5 -1  0.81
2277196275210086837
3 3 4 5 -1  -0.430467
2277369484475082016
0 3 3 3 -1  0.0523347
2277624923367117291
3 7 0 4 -1  0.121577
2277667544864698391
1 3 3 3 -1  -0.135085
2277683366468084720
3 0 4 0 -1  -0.9
2277861962792894120
0 0 0 2 -1  -0.000116106
2278003066222660167
1 3 0 5 -1  0.430467
2278021267712592668
1 7 2 7 -1  0.531441
2278357298915976095
0 1 2 2 -1  -0.81
2278586835457417958
3 2 4 3 -1  0.0225284
2278742486445071903
1 3 3 4 -1  -0.31381
2278922121301066423
2 6 0 5 -1  -1.93632e-05
2279059355374300729
4 1 5 1 -1  -0.9
2279226040332862689
4 2 0 2 -1  -0.430467
2279315427742244301
1 6 2 6 -1  -0.0646108
1 7 2 7 -1  0.0309031
2279540325454092336
5 2 6 4 -1  -0.00029969
2279721318872084861
4 3 4 2 -1  0.6561
2280065106350923961
1 0 3 0 -1  -0.038152
2280126548626812663
0 2 2 4 -1  0.31381
2280155692935708731
5 1 4 0 -1  -1
2280796622738448243
4 1 4 3 -1  -0.121577
2280838137906203853
3 3 4 2 -1  -0.0423911
2280960516833435443
2 4 3 3 -1  -0.166772
2280989327378483488
1 2 2 1 -1  0.000859503
2281006795811097888
0 2 3 5 -1  0.0797664
2281198822232853235
2 4 3 4 -1  -0.0797664
2281241514451394104
0 3 1 2 -1  0.0133028
2281285177724701312
0 1 0 0 -1  -0.0225284
2281452842966764290
0 4 0 6 -1  0.018248
2281587132959735300
3 5 2 4 -1  -0.254186
2281618036925685653
2 0 4 1 -1  0.121577
2281696302842081662
2 1 3 0 -1  0.150095
2281859378088401075
1 4 1 7 -1  -0.430467
2281867965512421404
4 3 3 2 -1  -0.0278128
2282071430872804737
6 2 7 3 -1  -0.9
2282185593915477765
5 5 4 5 -1  -0.0523347
2282316844493781862
3 4 4 4 -1  0.0343368
2282319070251504777
2 4 3 4 -1  -0.0523347
2282899709705501304
3 3 5 5 -1  -0.0119725
2282940455508648975
3 7 4 6 -1  0.9
2283424657478059969
0 6 0 5 -1  0.228768
2283428384284131228
1 1 2 1 -1  -0.0225284
2283549313805976308
3 6 3 7 -1  0.166772
2283558584520072158
2 4 0 2 -1  0.0581497
2283726555483372017
4 1 4 5 -1  -0.59049
2283775075435128390
1 2 6 2 -1  -0.59049
2283924046953054869
1 4 3 4 -1  -0.0567967
2283934593013404354
3 7 2 6 -1  -0.0119725
2284346623449185915
2 7 3 7 -1  0.228768
2284365452496044200
4 1 5 2 -1  -0.166772
2284910011713801904
1 2 3 2 -1  0.254186
2285090291958476044
2 7 3 6 -1  0.478297
2285317396290935608
1 3 3 4 -1  -0.430467
2285444456410629083
0 3 2 1 -1  -0.0250315
2285787005920713919
0 0 0 2 -1  -0.0581497
2285814500448530181
3 5 4 4 -1  -0.0717897
2285935923339388558
2 4 5 7 -1  -0.166772
2285961440075996492
1 3 2 4 -1  -0.6561
2286144559620624705
2 1 1 2 -1  -0.81
2286394858356022876
0 2 6 2 -1  0.0523347
2286538235113352684
2 4 5 7 -1  0.150095
2286587207947522879
5 6 5 7 -1  -0.150095
2286722786854700832
1 2 2 2 -1  0.0471013
2287029805389033529
6 0 7 0 -1  -0.0646108
2287091719559873901
1 0 2 2 -1  -0.348678
2287161521735370121
1 2 3 2 -1  0.121577
2287234170701303602
0 1 0 2 -1  -1
2287353526246769545
2 4 3 5 -1  -0.31381
2287391428808100450
0 1 1 3 -1  -0.0471013
2287757249779674424
0 5 0 3 -1  -0.0581497
2287929359691513447
1 4 2 5 -1  0.0343368
2287978167979537272
2 2 1 3 -1  0.254186
2288042035250751877
3 3 4 3 -1  0.185302
2288056421941618995
1 4 1 1 -1  -0.0646108
2288171977561267861
4 5 6 6 -1  -0.348678
2288244288008569183
2 2 4 3 -1  -0.31381
2288302852667520368
1 1 2 2 -1  -0.00221853
2288331810815447643
1 3 2 3 -1  -0.166772
2288515847777899039
0 2 1 2 -1  -0.478297
2288522874463281279
2 4 4 6 -1  0.0471013
2288601039161030919
0 4 0 5 -1  -0.9
2288632012366503953
0 5 2 5 -1  -0.9
2288803765932158259
4 7 2 5 -1  -0.430467
2288847768191602815
3 3 2 4 -1  0.121577
2289082585179814888
5 7 5 5 -1  0.228768
2289517516815564855
4 4 7 1 -1  0.150095
2289517843782603480
3 6 4 5 -1  -0.729
2289668121356551070
2 4 3 4 -1  -0.0581497
2289686475035890756
1 4 2 5 -1  -0.0250315
2289730400228067974
5 2 7 3 -1  0.282429
2289803935773960740
2 5 2 7 -1  0.228768
2289977243118521430
1 3 1 0 -1  -0.59049
2289991505239954554
0 5 2 5 -1  0.228768
2290163112900727104
3 3 2 5 -1  -0.228768
2290367460547831700
0 3 3 0 -1  0.0581497
2290621120205672746
1 1 3 1 -1  -0.018248
2290647194182541226
0 4 0 2 -1  -0.00572641
2290783407226552108
3 2 1 0 -1  0.0471013
2290785335664761113
0 6 1 5 -1  -0.38742
2290807059089626809
3 3 5 4 -1  -0.348678
2291006667007242676
3 0 4 1 -1  -0.0309031
2291252229041227022
1 0 4 0 -1  -0.348678
2291357634110606698
2 6 5 3 -1  -0.00106111
2291893680645750427
1 3 2 4 -1  0.0471013
2291946325130014692
2 3 3 4 -1  0.185302
2292355619725656614
4 0 4 2 -1  0.150095
2292404552755497188
5 3 6 5 -1  -0.478297
2292423670544308814
3 6 5 4 -1  0.0797664
2292793785732126704
2 3 3 3 -1  -0.135085
2292854232264318955
2 6 1 7 -1  -0.00636268
2293226567725377213
3 5 4 7 -1  -0.6561
2293304029691145858
1 1 1 2 -1  0.59049
2293327782429616010
2 4 3 3 -1  -0.0147809
2293540444209609215
3 1 4 1 -1  -0.0797664
2293579659182672945
0 6 1 6 -1  -0.0471013
2293745167094478403
2 5 4 6 -1  0.135085
2293971028415771617
6 6 6 0 -1  -0.9
2294124532911968728
1 7 2 7 -1  0.00706964
2294150762402982490
2 5 1 4 -1  -0.0886293
2294161032774712714
4 6 5 6 -1  -0.348678
2294421283105217071
3 0 5 2 -1  0.00706964
2294422569847706720
2 0 3 1 -1  -0.00246503
2294672836713238033
4 4 4 3 -1  -0.430467
2294887742142798701
3 3 5 5 -1  -0.0133028
2294958286293935233
1 5 2 5 -1  -1
2295001307350291050
0 4 0 3 -1  0.00273892
2295166876518661314
1 1 2 0 -1  -0.098477
2295182165321484338
2 0 4 0 -1  -0.098477
2295192562555952184
0 2 3 5 -1  0.59049
2295291734988986138
0 6 1 6 -1  -0.478297
2295415019477747547
7 0 6 0 -1  -0.282429
2295496489034686772
4 6 3 4 -1  0.729
2295569025824617826
6 2 6 0 -1  -0.038152
2295640738974558185
2 7 3 7 -1  0.59049
2295803790275204242
0 5 1 6 -1  0.0797664
2295809672128383018
5 6 3 6 -1  -0.282429
2295851180875536657
0 2 2 0 -1  -0.000859503
2295887388496866852
0 6 1 5 -1  -0.282429
2296166438514235422
4 6 2 6 -1  -1
2296212062902485593
0 3 5 3 -1  -0.166772
2296300084095147796
1 5 2 5 -1  0.137829
2296500712251543457
1 4 3 4 -1  0.00463839
2296570682580362334
2 5 1 7 -1  0.121577
2296597609843296576
1 4 2 4 -1  -0.282429
2296633073684561078
2 2 4 3 -1  0.0164232
2296838955595715611
4 1 5 1 -1  -0.0797664
2296941860989768621
1 2 1 7 -1  -0.00706964
2297588358799405646
2 5 3 5 -1  0.31381
2297590163552381573
0 6 1 6 -1  0.00304325
2297740919868070331
1 5 2 6 -1  -0.0717897
2297804836986995206
0 0 0 2 -1  0.185302
2297883466542943740
1 4 2 3 -1  -0.81
2297948086558666177
3 3 4 4 -1  0.38742
2298111002380778132
6 1 5 2 -1  -0.478297
2298156767720237385
5 7 4 6 -1  -0.0646108
2298180003710522896
3 5 5 3 -1  -0.0343368
2298237294191176128
2 5 3 3 -1  0.0717897
2298266005003995525
1 5 2 5 -1  0.228768
2298384223688839020
0 1 1 3 -1  -0.121577
2298397377404433342
5 1 5 4 -1  -0.185302
2298666524467430306
0 0 1 2 -1  -0.38742
2298687874804936228
2 1 1 2 -1  -0.0202755
2299058602221944957
2 1 3 0 -1  0.0717897
2299085223661587508
6 1 4 1 -1  -0.228768
2299105783981433994
7 7 7 6 -1  -0.6561
2299302821616095799
3 7 4 5 -1  -0.00338139
2299319300027201782
0 6 1 4 -1  -0.228768
2299549446172204771
2 0 3 1 -1  -0.0523347
2299583627380688875
3 5 4 6 -1  0.0471013
2299751929197770862
1 4 2 4 -1  -0.0646108
2299861950453903193
3 5 4 3 -1  -0.348678
2299883795382994060
3 2 4 1 -1  0.0164232
2300102857482173589
1 1 1 4 -1  -0.0523347
2300630791318127001
1 7 2 6 -1  -0.205891
2300715976391241253
4 1 2 1 -1  -0.0523347
2300867444497209545
5 2 6 3 -1  -1
2300991374427865468
0 2 2 4 -1  -0.0173972
2301155953578680758
3 5 3 4 -1  -0.531441
2301187834580395047
3 1 2 3 -1  -0.31381
2301329469120248043
4 5 2 5 -1  -0.0133028
2301639061628059432
4 1 5 1 -1  -0.00706964
2301854830167051400
2 3 1 4 -1  -0.478297
2301918033414102126
2 2 1 4 -1  0.166772
2301951006918373763
1 1 2 2 -1  0.0119725
2301999754864838431
2 3 1 1 -1  0.228768
2302326447626373949
0 2 3 5 -1  -0.0086798
0 2 4 6 -1  -0.000507528
1 2 3 2 -1  -0.0045539
1 6 2 6 -1  0.0523347
2302589439785580964
0 2 3 5 -1  -0.38742
2302602888616194485
2 4 3 4 -1  -0.00199668
2302663883601330024
0 1 1 3 -1  -0.0592424
0 1 2 2 -1  -0.00251996
2302961828231544742
6 6 6 5 -1  -0.348678
2303050198771977059
1 7 2 6 -1  0.0225284
2303133215183753382
1 6 3 6 -1  0.0423911
2303173790084174145
2 5 1 3 -1  -0.38742
2303261873187099118
1 3 0 5 -1  -1
2303440794069510506
0 5 4 1 -1  -0.0278128
2304301060593934215
2 4 1 5 -1  0.31381
