263674055584476218
3 6 2 5 -1  -0.254186
263783043876863118
1 6 2 5 -1  -0.430467
263855583412445796
0 3 0 2 -1  -0.0107753
264082516245749232
3 3 5 5 -1  -0.9
264167707060152099
0 1 2 2 -1  -0.00235506
264206605994277099
2 5 4 4 -1  -0.0250315
264388726724606304
4 1 1 4 -1  -1
264417041145866760
2 2 2 1 -1  0.38742
264756867096659179
0 5 0 3 -1  -0.0225284
264779778380729309
3 1 4 1 -1  -0.0225284
264830164389451486
1 3 3 5 -1  -0.59049
264838166428698745
2 3 1 4 -1  0.0523347
264849865268386764
1 4 5 0 -1  -0.6561
264961069422973338
7 6 4 3 -1  -0.228768
265009766287998254
7 2 7 5 -1  0.81
265232916716774001
1 2 1 4 -1  -0.185302
265421620969172805
3 4 4 5 -1  0.0646108
265515302357451085
2 6 5 3 -1  0.109419
265577146731280200
4 4 5 4 -1  -0.0797664
265602954792660406
1 6 3 4 -1  0.000696197
265636741641136153
3 3 4 4 -1  0.0309031
266019363033321821
4 0 5 2 -1  -0.31381
266279645623217147
1 1 3 2 -1  -0.0581497
266325156519919238
3 3 3 2 -1  0.0886293
266442619327929758
2 7 1 5 -1  -0.531441
266522254847935096
2 5 4 3 -1  -0.135085
266721181848875341
1 4 2 4 -1  0.038152
267263344348986694
1 4 2 4 -1  0.348678
267315006625615240
4 1 5 1 -1  -1
267704414014400934
0 5 3 2 -1  0.478297
267899585164207291
2 5 4 4 -1  0.0523347
267948068841917793
3 0 4 0 -1  -0.0037571
268466981390298380
3 4 4 5 -1  -0.9
268642837069860874
3 4 4 5 -1  -0.0581497
268694818826130538
0 4 0 0 -1  0.000955003
268797616191799385
2 5 4 4 -1  -0.000626578
268875645259851568
3 5 6 2 -1  -0.0886293
268890989101767290
0 2 1 3 -1  -0.00636268
268896710415576242
3 5 2 3 -1  -0.018248
269149547814135217
0 0 2 0 -1  0.0581497
269288694618573485
0 5 0 4 -1  -0.0646108
269519269918269771
0 5 0 4 -1  -0.185302
269546843004931989
5 2 4 1 -1  -0.166772
269553588778369732
0 0 0 3 -1  0.109419
269664147584844875
1 3 2 1 -1  -0.31381
269792761133594527
2 4 3 4 -1  0.0343368
269863430868334563
1 3 3 4 -1  -0.6561
270149305027871732
0 1 1 3 -1  -0.185302
270285392036691595
1 1 2 2 -1  -0.0717897
270341570594365749
0 6 2 5 -1  0.0886293
270441923993242825
0 3 2 3 -1  -0.000773553
270539353311648909
2 3 4 2 -1  -0.109419
270553734985891265
0 5 1 4 -1  -0.0133028
270672777285742545
2 5 4 4 -1  -0.000696197
270676973116994636
0 2 1 1 -1  -0.0800583
270910320959847417
4 4 3 3 -1  0.0797664
271023934306719554
4 6 2 4 -1  -0.282429
271246166201476233
1 4 2 3 -1  -0.0343368
271276559085543978
0 5 2 3 -1  -0.135085
271703310031164134
0 5 1 4 -1  -0.00463839
271821152159520569
4 1 3 0 -1  -0.0309031
271971958079732907
1 3 2 1 -1  0.348678
272084375438351817
4 3 1 3 -1  -0.205891
272086853534672919
3 2 2 2 -1  0.81
272341926391157082
0 0 0 3 -1  0.0646108
272366767808621883
4 5 4 0 -1  0.729
272637158790200422
3 6 4 6 -1  -0.59049
272684120193558740
2 0 3 0 -1  -0.166772
272825881960653800
3 1 0 1 -1  -0.38742
272907272756656609
2 2 4 2 -1  -0.31381
272971079743648886
1 6 2 4 -1  -0.31381
272982179139457004
1 3 1 2 -1  0.348678
273002459529857117
0 2 2 2 -1  -0.0423911
273185527286359852
0 2 1 3 -1  -0.0202755
273207041948063805
1 3 5 3 -1  0.0119725
273246203811021490
1 1 4 4 -1  -1
273309801165113266
3 2 4 3 -1  -0.0886293
273480080974225479
2 5 1 6 -1  -0.150095
273540495827871518
5 4 3 4 -1  -0.6561
273543720790550135
0 6 7 6 -1  -0.0581497
273657066389736125
2 5 3 7 -1  0.135085
273667588100449783
5 1 2 4 -1  -0.166772
273683471384780800
4 4 2 6 -1  0.0523347
273827752298484774
0 3 0 4 -1  0.0717897
273835272796163345
1 3 1 4 -1  0.0133028
273966560394828632
3 5 5 3 -1  -0.098477
274046233540982266
3 4 4 2 -1  -0.9
274083055949932102
2 5 3 5 -1  -0.098477
274383561703611900
1 7 2 7 -1  0.0423911
274581304280105623
0 4 0 6 -1  -0.0164232
274728290418180436
0 0 0 5 -1  0.00463839
274863784836568967
5 2 7 3 -1  -0.185302
274964995837234098
0 2 0 1 -1  -0.254186
274970664460020841
3 3 4 2 -1  -0.0581497
275042020926145389
4 7 5 7 -1  -0.59049
275065627673572253
0 4 0 6 -1  0.0886293
275162883224028360
3 3 4 4 -1  0.00106111
275236708133810455
6 1 6 0 -1  -0.018248
275245059332391584
5 1 2 4 -1  -0.0646108
275371924594714737
0 1 0 3 -1  -0.150095
275564327434915217
2 2 4 3 -1  0.098477
275960793914079542
0 3 2 5 -1  0.0523347
276085556361255728
6 3 6 1 -1  0.9
276126228437375241
0 2 2 4 -1  0.00969773
276208758305680591
1 5 2 4 -1  0.098477
276334804781837833
0 4 7 4 -1  0.098477
276347051561990038
0 1 2 3 -1  -0.0797664
276374379331973993
1 3 2 3 -1  -0.0471013
276397019778994407
4 4 5 4 -1  0.6561
276414663715331889
2 4 5 1 -1  0.0423911
276505364496077947
0 4 0 6 -1  -0.254186
276556276936893891
0 1 2 1 -1  -0.0250315
276728845911562664
5 0 6 0 -1  0.0717897
276870823678873701
1 0 3 0 -1  0.0107753
277058807356148366
2 3 2 4 -1  -0.166772
277073064817719462
5 3 3 1 -1  0.430467
277248929395054674
0 3 1 3 -1  -0.31381
277275305323680662
3 2 4 2 -1  0.185302
277699997034809226
3 4 6 1 -1  0.531441
277758781820149383
5 4 7 2 -1  0.0107753
277772631893475029
4 3 3 2 -1  -0.121577
277828878279658841
4 3 5 3 -1  -0.59049
277933826214402918
1 6 5 2 -1  0.00029969
277978223417038289
2 0 3 0 -1  -0.0133028
2 2 3 2 -1  0.00056392
278311882256007158
2 1 1 2 -1  0.0278128
278325014735162569
6 3 1 3 -1  0.0581497
278339583747686826
2 1 3 0 -1  0.59049
278433807527222730
1 4 2 6 -1  -0.282429
278455365020842619
1 3 4 6 -1  -0.135085
278542031425160570
1 6 2 6 -1  0.0133028
278622911378915999
1 5 3 5 -1  0.0147809
278875984620328516
4 0 5 1 -1  -0.0717897
278908823940903008
2 4 2 2 -1  0.00179701
278934954811565238
6 2 5 2 -1  -0.150095
278950509555777404
6 1 6 3 -1  -0.6561
279097528829374573
3 2 4 2 -1  0.254186
279152764438594696
1 0 3 0 -1  0.121577
279153091529213730
0 5 0 4 -1  0.0147809
279175053558761787
1 2 2 2 -1  0.430467
279435217935567579
3 3 5 5 -1  -0.430467
279737742448086975
0 4 0 5 -1  0.348678
279902850390939798
0 3 0 0 -1  -0.254186
280063281147569267
0 5 1 5 -1  -0.348678
280171015521981896
0 6 0 7 -1  0.00969773
280179919567752154
1 5 2 6 -1  -0.282429
280354120109204347
2 4 0 2 -1  -0.0646108
280498069391695760
0 3 3 3 -1  -0.109419
280522874978645997
1 4 2 4 -1  0.185302
280591855457929273
3 1 3 2 -1  -0.9
280658386887876515
0 2 2 4 -1  -0.0225284
280935722142864472
2 4 3 3 -1  0.150095
281014731694895310
0 6 0 4 -1  0.38742
281188758009792893
4 6 2 6 -1  -0.6561
281208385737462836
1 0 3 0 -1  -0.0581497
281288474610567886
1 5 2 4 -1  0.282429
281607982602319679
3 4 0 1 -1  -0.166772
281632709942261808
4 3 6 1 -1  0.166772
281645080782156092
3 4 7 4 -1  -0.0202755
281738673823662441
1 1 1 2 -1  -0.135085
281959492030973352
0 3 0 1 -1  0.9
282280863477465834
1 6 0 5 -1  -0.0886293
282339104211401437
3 4 4 3 -1  0.228768
282420735122266412
0 3 3 3 -1  -0.185302
282608891056032767
1 5 2 5 -1  -0.38742
282630120318624626
2 7 3 6 -1  -0.038152
282799045653175957
0 3 0 7 -1  -0.121577
283741019733886848
1 4 3 4 -1  0.59049
283905412788126763
1 1 2 1 -1  1
284125585076590767
0 3 3 3 -1  -0.0278128
284208278997877748
1 6 0 5 -1  0.59049
284429316719060669
2 4 3 4 -1  0.0646108
284599530422319051
2 2 4 1 -1  -0.0523347
284635407971748239
2 6 2 4 -1  -0.0886293
284684635512545108
0 4 0 2 -1  -0.038152
284835072242784528
0 5 1 6 -1  0.018248
284852545931202873
0 4 0 5 -1  -0.478297
285101326758333328
3 6 4 6 -1  -0.0797664
285130334194739267
3 4 3 2 -1  0.0309031
285479887209949313
0 7 0 2 -1  0.0423911
285643312858585863
3 0 4 1 -1  -0.348678
285657368040386748
5 6 5 4 -1  -0.478297
286006249137485867
3 5 4 4 -1  -0.018248
286052194146824586
4 4 4 1 -1  -0.0797664
286068642261680159
5 2 7 4 -1  -0.0797664
286256132557671809
1 6 1 7 -1  -0.9
286530119207876901
0 5 3 2 -1  -0.00785516
286568258976031163
3 0 4 0 -1  -0.6561
286621392220035566
2 5 3 5 -1  -0.00106111
287366032365527060
0 5 3 2 -1  -0.430467
287475053860144948
1 4 1 5 -1  -0.254186
287794218075809985
0 4 0 2 -1  -0.531441
287975233905236401
0 6 0 7 -1  0.9
288087220209710242
2 4 4 6 -1  -4.04837e-05
288156321513688498
5 2 5 3 -1  -0.31381
288218044791109702
4 3 5 2 -1  -0.430467
288481473351536612
3 0 3 2 -1  -0.254186
288583048873273720
1 7 2 7 -1  -0.166772
288621011816027526
5 2 6 2 -1  -0.0119725
288623382254816498
0 1 2 2 -1  0.0046402
1 3 3 3 -1  -0.0133028
1 4 3 4 -1  -0.00145558
288644859427821470
1 2 3 0 -1  -0.0278128
289026372283162658
2 2 6 2 -1  0.348678
289203138462175686
3 4 5 5 -1  -0.166772
289316895746198349
4 1 3 0 -1  0.0225284
289317353754315004
1 3 3 2 -1  0.0250315
289433651539834353
1 2 1 5 -1  -0.228768
289436572415419998
1 2 0 2 -1  -0.0886293
289479004826262516
1 4 2 4 -1  0.00515377
2 2 4 1 -1  0.0203882
289889167109774569
5 3 3 4 -1  -0.9
289920663463948204
3 3 4 3 -1  -0.531441
290154176948022228
5 4 6 3 -1  0.254186
290305952311224954
1 5 3 5 -1  0.109419
290354800731156332
4 7 5 7 -1  0.81
290698240077547935
0 3 1 3 -1  -0.0202755
290770950346028661
4 1 4 3 -1  -0.0309031
290772062492398937
6 1 6 4 -1  -0.81
291036246605712672
3 5 5 5 -1  0.205891
291091731243634459
1 2 3 0 -1  -1
291442738123403785
3 3 2 1 -1  0.38742
291512022054139210
2 1 3 1 -1  -0.228768
291628237373762873
2 3 2 7 -1  0.430467
291834186578759127
0 4 0 6 -1  -0.31381
292007311352126334
2 0 4 0 -1  0.205891
292182001525449441
3 3 4 2 -1  0.150095
292212499683637218
2 2 3 4 -1  -0.00706964
292600811582058398
3 4 2 4 -1  -0.38742
292611706988676690
2 5 3 6 -1  0.9
292761217758817698
6 0 6 1 -1  -0.205891
292828466350052644
1 0 4 0 -1  -0.018248
292881867130531116
1 0 2 0 -1  0.38742
293154190802436032
2 4 3 3 -1  0.150095
293156986817951465
2 5 4 6 -1  -0.0646108
293266167661399488
4 2 5 2 -1  -0.0646108
293453765571926185
4 6 5 5 -1  -0.59049
294132437541484012
2 5 0 6 -1  -0.0250315
294558673868674958
1 5 3 5 -1  0.478297
294575978721152107
1 7 2 7 -1  -0.00131002
294820413147538282
0 0 0 3 -1  -0.0164232
295166713905742035
6 4 4 4 -1  -1
295175234631861838
1 2 0 1 -1  1
295569862128947757
4 1 4 0 -1  -0.0523347
295578866111174754
1 3 2 4 -1  0.0250315
295637300334920330
2 2 3 2 -1  0.729
295728223512196641
3 6 4 6 -1  -0.729
295738210593315845
0 3 2 3 -1  -0.0309031
295765992888004245
0 5 2 3 -1  -0.0471013
295769574025076468
0 1 1 3 -1  0.00131002
296196538232695313
1 0 3 0 -1  -0.000269721
296484285553265184
5 6 3 4 -1  -0.098477
296524092772207165
4 4 6 5 -1  -0.59049
296781682218073539
0 3 2 1 -1  -0.000859503
296840044757681918
3 6 4 6 -1  -0.6561
296860559133559663
1 7 3 6 -1  -0.018248
296984010142649679
3 5 5 4 -1  -0.348678
297254694124743415
2 5 1 3 -1  -0.0404138
297265228872055517
0 4 7 4 -1  0.59049
297268041121823368
1 3 7 3 -1  -0.109419
297269647815261122
5 3 6 3 -1  -0.0202755
297398168654448773
0 1 1 0 -1  0.38742
297508963106870578
2 2 3 3 -1  0.0523347
297519666092239205
2 0 6 0 -1  -0.185302
297602107868559860
1 1 2 0 -1  -0.531441
297603104067987176
5 0 7 0 -1  -0.254186
297833427638161970
3 3 4 2 -1  0.185302
297892950045077783
5 2 2 5 -1  -0.6561
298118429438352108
0 5 1 6 -1  0.038152
298204433062698983
6 0 6 1 -1  0.31381
298349814715495665
2 1 4 0 -1  -0.0471013
298442787991509897
3 6 4 7 -1  -0.6561
298592414854031130
3 4 4 5 -1  0.38742
298615208625714718
3 3 5 1 -1  0.0278128
298621476690687851
3 6 2 7 -1  -0.185302
298970457920045028
3 3 6 3 -1  0.0797664
299015792343999838
4 1 4 2 -1  -0.228768
299085322383216306
3 6 1 4 -1  -0.282429
299225792950278183
0 6 0 5 -1  -0.228768
299390789298366680
3 0 4 0 -1  -0.430467
299433638955345542
1 5 2 4 -1  -0.038152
299582470784226976
0 5 0 6 -1  -0.348678
299665136713592461
2 4 3 3 -1  -0.098477
299705024031465052
1 1 2 1 -1  -0.0202755
299742877425122707
2 4 0 2 -1  0.150095
300161127635958631
3 1 4 1 -1  0.6561
300164371403709530
4 5 5 5 -1  -1
300211629753935672
4 5 6 3 -1  -0.430467
300294033835144467
2 5 1 3 -1  0.729
300616991630139675
5 2 7 2 -1  -0.135085
300621442641737526
0 3 3 6 -1  -0.282429
300658586243705728
7 6 6 6 -1  0.9
300680547363183208
0 0 0 3 -1  -0.121577
300926291536662526
0 0 2 2 -1  -0.729
301024650058820322
2 2 3 1 -1  0.185302
301033179610653809
1 7 3 7 -1  0.0581497
301042004310727734
2 4 3 6 -1  -0.9
301162222788911802
2 5 3 7 -1  0.038152
301198671108121288
2 2 4 3 -1  0.00785516
301281347343108716
2 6 3 6 -1  -0.098477
301281667864634708
2 6 3 5 -1  -0.430467
301465017738279763
2 2 3 3 -1  0.185302
301545045623862606
2 0 1 0 -1  0.9
301610299471130836
0 5 1 3 -1  0.59049
301937869067814578
5 2 1 2 -1  -0.00706964
301943121539510230
1 4 0 6 -1  0.729
301991117526026330
3 4 4 5 -1  0.228768
302137776274774716
4 4 5 4 -1  0.098477
302242855530089608
0 6 1 5 -1  -0.150095
302245944228874548
4 5 3 4 -1  -0.0119725
302310888709082948
1 4 2 5 -1  -0.59049
302494094351637334
1 1 2 1 -1  -0.00221853
302650332995791130
1 6 4 3 -1  -0.0523347
302940393012365346
0 1 2 0 -1  -0.098477
303087551560827748
2 6 0 4 -1  0.0250315
303102569657158387
0 0 0 1 -1  -0.0581497
303420731869566922
1 6 2 7 -1  -0.9
303631015469208586
2 5 3 7 -1  -0.282429
303966406994367651
0 5 1 6 -1  -0.00463868
304035178400162071
6 3 6 0 -1  -0.59049
304107490832221814
4 4 4 1 -1  -0.0717897
304186812463248201
5 4 6 4 -1  -0.121577
304321633297544765
1 4 1 5 -1  0.31381
304453811997238434
1 5 2 4 -1  -0.000696197
304503857035977834
5 2 6 1 -1  -0.135085
304555730443710510
5 0 5 1 -1  -0.38742
304621558511144015
1 3 6 3 -1  -0.217329
304691405093867898
0 0 1 0 -1  0.0471013
304838409942226689
1 4 2 4 -1  0.348678
304961485163217335
0 2 1 1 -1  -0.348678
305222824116361331
3 1 4 1 -1  -0.478297
305291395820966897
7 7 1 7 -1  0.121577
305294999239206212
1 4 2 3 -1  0.205891
305722985677498608
5 3 6 3 -1  -0.282429
305910757579134892
6 2 5 3 -1  0.31381
306040434236716906
1 1 2 0 -1  0.185302
306125216747068278
2 3 3 3 -1  -0.228768
306193172818169732
4 4 5 4 -1  -1
306278763890390943
0 2 1 3 -1  0.59049
306584086825819961
1 2 0 0 -1  0.109419
306682415805510462
3 2 4 3 -1  -0.00515377
307046546842532892
0 5 0 4 -1  -0.098477
307335006742493119
1 1 2 1 -1  -0.0717897
307712133176048453
2 4 1 2 -1  -0.0886293
307850680834385165
3 2 5 3 -1  0.0423911
307879776412847495
2 6 3 5 -1  -0.135085
307924486158849793
2 2 2 1 -1  -0.478297
307958541581541726
3 4 4 6 -1  -0.205891
307980825373456580
2 1 2 0 -1  1
308170796898163392
2 2 1 4 -1  -0.038152
308210209350038142
4 2 5 0 -1  -0.121577
308493593887061982
0 7 2 5 -1  -0.0886293
308517189926331506
1 2 0 2 -1  0.531441
308706632387108465
5 2 6 2 -1  -0.348678
308739925170017788
1 5 2 4 -1  -0.0646108
308756523513488602
0 4 0 2 -1  -0.185302
308858857314368448
0 4 0 6 -1  -0.00338139
308880476665696706
2 4 2 0 -1  -0.31381
308933862986559555
0 2 2 4 -1  -0.0250315
308957567631556745
1 4 2 4 -1  -0.59049
309268703545680079
4 3 4 4 -1  -0.205891
309445723162976649
0 3 0 4 -1  0.6561
309938034926065471
0 0 0 5 -1  -0.31381
309963339169269421
0 1 2 2 -1  -0.348678
310032348593852517
0 2 2 4 -1  -0.185302
310157087661882295
0 1 5 1 -1  0.0202755
310621851003069692
0 0 2 0 -1  -0.31381
310698658659766398
1 5 2 4 -1  -0.348678
310812056046840869
3 1 3 2 -1  -0.282429
311000560369000919
0 6 1 7 -1  -0.0581497
311244801517932411
1 4 2 4 -1  0.0147809
311316327931311783
1 6 2 6 -1  -0.038152
311440343665878376
2 4 6 0 -1  -0.018248
311486600596071267
4 5 4 7 -1  -0.121577
311505413411000952
7 2 7 3 -1  -0.729
311525812635652416
0 3 2 5 -1  -0.0133028
311543091679272324
4 4 5 4 -1  -1
311726821406034080
4 6 5 5 -1  -0.6561
311766762134467961
1 4 0 4 -1  0.430467
311851173234331732
3 2 4 3 -1  -0.0225284
311859268697611124
0 1 0 0 -1  0.0797664
311961644298288565
0 1 6 1 -1  -0.135085
311995036689421124
2 3 3 4 -1  0.0309031
312102767371902532
4 5 5 6 -1  1
312292138464575186
2 2 1 3 -1  -0.254186
312511380258011672
1 5 3 5 -1  -0.0119725
312528777586349418
2 5 4 6 -1  0.0202755
312541293186643064
4 4 5 6 -1  -1
312573807153033513
2 5 1 3 -1  0.0717897
312621473289160937
3 7 4 7 -1  -0.348678
312629847133632763
2 5 3 7 -1  -0.00785516
312634342802098042
1 4 2 3 -1  -0.0717897
312930007020794472
1 7 3 7 -1  -0.121577
313107047478613694
0 4 0 3 -1  0.135085
313237358912617491
0 6 0 7 -1  0.6561
313410157007266078
3 7 4 7 -1  -0.166772
313514522313738031
3 4 4 4 -1  0.0797664
313515870058796243
0 1 0 2 -1  0.430467
313591191282759349
0 0 0 3 -1  -0.31381
313704977302166604
1 1 3 1 -1  -0.81
313733580996369585
0 2 4 6 -1  0.000859503
313978632718758164
0 1 5 1 -1  -0.135085
314187354036633643
1 2 4 2 -1  0.478297
314505631978810526
0 5 0 3 -1  0.121577
314723958336465884
0 5 2 3 -1  -0.0213691
314943425846877114
1 0 2 0 -1  -0.0157694
315144778286461141
2 6 1 5 -1  0.150095
315303607347445570
0 4 0 3 -1  0.59049
315356914950643050
3 1 4 3 -1  -0.0471013
315496411679758479
4 6 2 5 -1  -0.0037571
315527366283408681
5 7 6 6 -1  -0.81
315550495848560189
4 1 7 1 -1  -0.348678
315579032922125518
4 2 5 2 -1  -0.348678
315813381725190778
1 4 4 1 -1  -0.098477
315966432152451428
0 0 5 0 -1  -0.121577
316174590596063579
0 3 1 2 -1  0.0107753
316491572490279833
0 3 1 2 -1  -0.0343368
316685081561237147
0 5 1 6 -1  0.00273892
316788529929343994
1 4 3 2 -1  -0.0164232
316818388721645665
0 3 2 1 -1  -0.0886293
317015046280660148
2 1 2 2 -1  -0.0797664
317120582073560721
0 1 1 3 -1  0.0658364
317216504648752234
1 7 2 7 -1  0.0646108
317486338378227664
1 0 1 7 -1  -0.38742
317506159452585492
3 3 3 5 -1  -0.282429
317572505219581293
5 1 6 1 -1  0.0309031
317578367943334853
3 7 4 7 -1  -0.00636268
317799846386972077
3 0 4 0 -1  -1.56842e-05
317848533645368181
6 2 3 5 -1  0.228768
317913902226469837
7 5 5 6 -1  -0.282429
317973772203168803
5 7 0 2 -1  1
317998528017098264
2 4 3 3 -1  -0.478297
318000230717118708
2 5 1 4 -1  -0.098477
318032497860282380
3 2 2 4 -1  -0.254186
318074705516184487
7 0 3 4 -1  -0.0471013
318259490834251518
0 3 2 3 -1  0.0250315
318315063734618815
1 6 2 5 -1  0.185302
318502523691706148
2 2 3 4 -1  0.0523347
318574535427163329
1 6 0 5 -1  -0.109419
318652931701408451
3 0 6 3 -1  -0.531441
318743640175366820
3 2 1 4 -1  0.531441
318776078914227166
2 4 3 3 -1  -0.0164232
318783177235960893
4 3 5 2 -1  0.0423911
318895157474158585
0 2 0 5 -1  0.205891
319099776900824154
1 5 3 5 -1  -0.00273892
319169335686071115
1 6 2 5 -1  0.38742
319169625798676235
0 5 2 3 -1  -0.098477
319176603065023187
7 0 7 2 -1  -0.59049
319235074533414198
2 5 4 4 -1  -0.000196627
319278542577870144
0 3 1 3 -1  -0.0910932
319595873735838055
1 3 3 4 -1  -0.00572641
319627524917536215
3 5 4 6 -1  0.729
319725223876996687
1 7 0 5 -1  0.135085
320282860426799833
1 3 4 0 -1  0.0797664
320361534487587063
1 7 2 7 -1  -0.000242749
320621030346023149
2 3 3 4 -1  -0.0717897
320675426278954490
4 5 5 6 -1  -0.282429
320690698153380472
0 6 1 7 -1  0.430467
320702154467209268
3 3 4 4 -1  -0.185302
320862041772206744
7 1 5 1 -1  -0.0133028
320898295360717460
1 3 3 4 -1  -0.0471013
321049556248572477
2 4 3 3 -1  0.0581497
321365994002648811
2 2 3 2 -1  -0.0107753
321586720268959655
4 5 3 5 -1  -0.0133028
321667986064424585
2 3 3 4 -1  -0.9
321837346902709862
5 2 6 4 -1  -1
322358920153738974
0 3 2 1 -1  -0.109419
322647292817262128
2 4 5 7 -1  0.0278128
322717279827976516
1 2 3 2 -1  -0.150095
322944084605694788
2 4 2 5 -1  0.228768
322954126982910325
2 5 3 3 -1  0.00706964
323015303581631807
3 6 4 7 -1  0.0721886
323568377631707161
3 0 4 1 -1  -0.150095
323575937774629996
4 4 5 2 -1  0.00572641
323615651614378699
0 2 3 5 -1  -0.254186
324230632614832417
3 3 4 4 -1  -0.0717897
324300378720601289
0 2 0 1 -1  -0.254186
324301902446458235
0 6 0 5 -1  0.430467
324493593163884671
3 6 2 4 -1  -0.38742
324588235224844018
3 5 4 3 -1  -0.31381
324770237064134264
0 4 1 3 -1  -0.121577
324823808623801096
2 5 4 4 -1  -0.109419
324900776696575064
1 3 3 2 -1  -0.0886293
325071595629969385
3 6 4 4 -1  -0.098477
325511368228537862
6 5 7 5 -1  -0.478297
325900461047337905
0 1 1 3 -1  0.109419
325922131827367832
3 5 0 2 -1  -0.6561
325957714920774087
2 6 1 5 -1  0.135085
326411840756579412
0 3 1 4 -1  0.0471013
1 7 2 7 -1  -0.0119725
326475222484091832
1 3 1 5 -1  0.0646108
326690047428893848
0 3 1 2 -1  -0.00969773
326966340635820906
3 3 4 2 -1  -0.00872795
327570871614457532
1 4 3 3 -1  0.0523347
327991844547038144
2 2 3 4 -1  -0.348678
327994932075534696
3 5 4 4 -1  0.348678
328522324713060998
0 5 1 5 -1  0.531441
328619323766071442
2 3 1 3 -1  0.531441
329084040529761966
0 2 2 4 -1  0.0886293
329093547345470224
1 6 2 7 -1  0.430467
329251325005221539
0 3 1 3 -1  -0.185302
330062118626410842
2 5 3 5 -1  -0.59049
330174251750991332
1 0 1 1 -1  -0.59049
330190734768316193
4 1 6 1 -1  -0.531441
330264955436354321
6 4 1 4 -1  -0.00706964
330571813529381005
2 0 1 2 -1  -0.0886293
330880510105589659
2 6 2 5 -1  0.81
331041519535809873
1 0 3 0 -1  -0.00273892
331306704152090884
3 4 2 6 -1  0.150095
331352553020079207
3 5 4 7 -1  0.430467
331682721654672548
2 2 1 0 -1  -0.150095
331925751402935602
1 3 3 3 -1  -0.00179701
332519026464372021
2 2 2 6 -1  -0.81
332886499506398280
1 4 3 4 -1  0.228768
332981058009823528
3 5 4 6 -1  -0.0581497
333024861401595454
1 5 2 4 -1  -0.38742
333032801877937251
3 6 4 6 -1  0.228768
333374299011474942
6 2 6 0 -1  -0.038152
333393422461119941
1 3 2 3 -1  -0.0147809
333628078806388917
0 6 2 5 -1  -0.000218474
333822688396463195
0 5 2 3 -1  -0.59049
333847583319885055
4 2 5 1 -1  0.00785516
333947744074168345
2 1 4 3 -1  -0.729
334214396410845383
0 3 0 4 -1  -0.0581497
334276920392445762
0 5 0 3 -1  0.0423911
334311702891515105
2 1 4 3 -1  0.531441
334890183885997765
1 7 2 6 -1  -1
334902681880973344
0 3 0 4 -1  -0.282429
334923142656550876
3 4 6 4 -1  0.228768
335062085080738487
4 6 5 6 -1  0.0886293
335081631095143736
0 3 5 3 -1  -0.478297
335281122998469900
0 1 4 1 -1  0.254186
335358455965263420
0 4 1 4 -1  0.00338139
335394452215538371
0 1 7 1 -1  0.59049
335535078067590257
1 6 2 6 -1  -0.000176964
335555661772601523
5 1 6 0 -1  0.166772
335619930174457277
2 2 3 3 -1  0.282429
335651365986614510
0 3 1 4 -1  -0.00290748
0 3 2 5 -1  0.00228284
335800350566567272
1 4 4 4 -1  -0.00338139
335892927251279128
3 3 5 5 -1  -0.0423911
336152919413787413
3 3 1 2 -1  -0.348678
336165751801989034
2 1 3 3 -1  0.0523347
336185874895263107
4 1 7 4 -1  0.38742
336252441627894093
4 5 5 6 -1  -0.729
336310476968101193
2 4 1 5 -1  -0.121577
336367649658190934
0 2 0 0 -1  0.00636268
336447868862575223
0 5 2 3 -1  -0.00572641
336463973865265752
2 2 3 2 -1  -0.185302
336628295008140590
2 3 1 2 -1  -0.0797664
336762705303719498
0 0 2 0 -1  0.166772
336807049032002749
4 6 6 7 -1  -0.0309031
336881986701940378
0 2 5 7 -1  -0.0646108
336924189311740752
0 2 1 1 -1  -0.205891
337092998764329745
0 1 2 2 -1  -0.0146345
0 6 2 5 -1  -0.0340807
337261029181949534
3 6 4 7 -1  -0.0797664
337442369935053562
1 3 1 4 -1  0.150095
337501655414925488
3 4 4 4 -1  -0.0235756
337620192818736190
2 5 3 3 -1  -0.81
337842098754192580
2 0 0 1 -1  -0.00179701
337922653638300653
6 1 5 2 -1  0.9
338179357464546901
2 4 4 6 -1  0.282429
338261577035803159
3 2 4 1 -1  -0.81
338629606994097072
0 0 1 1 -1  -1
338909562160798627
2 5 0 4 -1  0.0164232
338931964290136655
1 6 3 6 -1  0.0343368
338966472884548527
2 4 3 3 -1  -0.0646108
339000104648684934
6 0 6 5 -1  -0.185302
339012144044655640
0 4 0 6 -1  0.0797664
339164435516216475
1 2 2 2 -1  -0.38742
339456226657562546
5 2 2 5 -1  0.430467
339462854232015153
0 3 2 1 -1  -0.254186
339486037260755846
7 0 7 5 -1  -0.0423911
339496213116857695
0 2 1 1 -1  0.00785516
339600466586631274
2 2 1 4 -1  -0.430467
339619475328765031
3 7 6 4 -1  -0.0225284
339649749697043094
6 5 7 5 4  -0.729
339712900964353967
0 5 1 6 -1  0.00408156
339752340399526163
2 2 3 1 -1  0.59049
339808295823513865
0 3 0 2 -1  0.0278128
339988026594926433
2 0 0 2 -1  -0.348678
340166577631161157
4 2 5 2 -1  -0.31381
340239999782818425
5 4 5 2 -1  -0.109419
340311315234182336
3 3 4 2 -1  0.109419
340371407164588697
6 1 4 2 -1  -0.254186
340439009367014761
1 1 2 1 -1  -0.109419
340738669296478941
0 2 3 5 -1  -0.00969773
340793555678310030
5 7 3 5 -1  0.348678
340820212214302853
2 7 3 7 -1  1
340833427933676388
3 7 2 5 -1  -0.531441
340995560196621993
0 2 2 4 -1  0.0225284
341065366499814087
0 4 3 4 -1  -0.135085
341313775094189097
0 6 1 5 -1  -0.348678
341579858371526205
4 3 5 3 -1  -0.59049
341839084358700995
4 5 4 0 -1  -0.9
341871481200947112
0 1 2 2 -1  0.109419
341996640939743254
1 0 2 0 -1  -0.109419
342133815059679872
1 3 0 5 -1  -0.0717897
342458151863835805
0 4 0 6 -1  -0.0646108
342551561395783206
1 4 1 3 -1  0.00199668
342632009409228749
0 3 3 3 -1  -0.098477
342647138293436975
6 5 6 7 -1  -0.6561
342746318528999881
3 7 2 6 -1  0.150095
342992494224398855
0 5 1 4 -1  -0.00463839
343085090433084559
0 1 6 1 -1  -0.430467
343425347659843737
2 6 3 6 -1  -0.150095
343511049009109252
2 5 4 7 -1  -0.282429
343624671306421359
0 7 4 7 -1  -0.9
343809269600098199
0 3 1 4 -1  0.0133028
343858026950391776
4 4 2 3 -1  -0.6561
343874398486283445
4 3 6 1 -1  -0.282429
343888787997039742
2 5 4 4 -1  -0.254186
343922703010762378
2 5 3 3 -1  0.185302
344268185927020109
2 5 7 5 -1  -0.348678
344285265448245438
0 0 0 2 -1  0.0646108
344511835807841032
4 5 5 6 -1  0.0423911
344524125732861092
3 6 4 6 -1  -0.121577
344574976464466316
3 6 4 6 -1  -0.166772
344885953115436607
3 3 2 5 -1  -0.38742
344893706531956272
4 6 3 5 -1  0.00199668
345002605250456896
1 3 3 3 -1  -0.0278128
345021887673172238
0 5 1 6 -1  0.0343368
345122824612161082
2 5 1 3 -1  0.0423911
345155136511958152
0 2 2 4 -1  -0.0202755
345594514439318656
2 6 1 7 -1  0.348678
345605441083923047
1 2 2 1 -1  -0.0717897
345717918737876787
1 0 2 1 -1  -0.0309031
345894652216965966
2 6 4 7 -1  0.430467
346037011394007168
1 3 0 3 -1  -0.348678
346192908259276837
2 6 3 7 -1  -0.348678
346390943670146559
0 7 0 4 -1  -0.150095
347153561556456173
1 3 2 3 -1  -0.0886293
347176384086977592
1 5 0 4 -1  0.0202755
347306350117152005
3 2 5 0 -1  0.018248
347349879291198190
3 1 1 1 -1  -0.59049
347354122538132319
5 7 3 7 -1  -0.109419
347617269027523847
0 4 0 3 -1  -0.6561
347835875507126293
2 2 0 1 -1  -0.0646108
348021252331964095
3 4 4 3 -1  0.0523347
348205103762009324
2 1 1 0 -1  -0.0285548
348429586743314817
0 1 2 2 -1  -0.0309031
348771779299335558
1 7 3 7 -1  0.0343368
348777923852189199
3 0 2 1 -1  -0.0717897
348855122065668215
1 4 2 4 -1  -0.348678
348892574686397255
0 2 0 1 -1  -0.0309031
349286047237565353
2 5 4 4 -1  0.729
349431648704848360
5 3 4 5 -1  -0.6561
349550109012178886
7 0 3 0 -1  -0.348678
349602470808182815
7 4 5 2 -1  -0.0886293
349638431929355208
2 1 1 2 -1  0.00806113
349938509484992494
0 1 2 2 -1  -0.0523347
349957900851494922
0 5 1 4 -1  0.166772
349961623920148328
2 0 3 0 -1  -0.109419
350009868535040222
4 0 2 2 -1  -0.282429
350082663123497853
1 4 2 4 -1  -0.6561
350084905832263103
1 7 3 7 -1  -0.282429
350118781896745850
3 6 4 6 -1  -0.185302
350171851070776541
0 3 0 5 -1  -0.348678
350517326796882068
3 3 5 4 -1  -0.150095
350773637228494371
0 4 0 6 -1  0.00161731
351235003659946121
1 2 2 2 -1  0.0646108
351333219792218405
4 2 2 1 -1  -0.0717897
352009697494316316
2 7 3 7 -1  0.729
352027230033456236
2 4 0 4 -1  -0.0797664
352156675682939111
1 1 5 5 -1  -0.0119725
352207859923687837
5 3 4 2 -1  -0.228768
352271259640148428
0 4 2 3 -1  -0.121577
352867135001876989
2 5 4 6 -1  0.0225284
352946525055572187
4 5 6 5 -1  0.166772
353342953291384553
2 0 3 0 -1  -0.729
353386334487747005
0 2 1 3 -1  -0.0037571
353686294632718428
1 4 1 3 -1  0.150095
353873281141430396
2 5 3 3 -1  0.31381
354019317213101434
0 5 0 4 -1  -0.59049
354289382137004598
0 4 0 6 -1  -0.0119725
354522993002771496
4 3 3 3 -1  0.166772
354540066591667355
0 0 0 1 -1  -0.00876221
0 3 2 1 -1  -0.00463839
0 5 0 4 -1  -0.0164232
1 1 2 1 -1  0.0747866
3 3 4 3 -1  0.0400806
354560018714773060
1 1 2 1 -1  -0.9
354623598550099810
2 2 2 1 -1  -0.0225284
355140666196612764
7 0 2 0 -1  -0.6561
355143274747748186
0 3 2 3 -1  -0.0717897
355166489881211490
4 5 5 4 -1  -0.150095
355290017822151750
3 1 4 2 -1  0.109419
355329491071070635
3 4 1 2 -1  -0.166772
355551601701345401
3 6 4 5 -1  -0.282429
355679122185758304
4 3 5 2 -1  0.00706964
355816255455465145
0 4 3 4 -1  -0.282429
356105636105170407
6 5 0 5 -1  0.59049
356110206273189823
4 6 3 7 -1  -0.0250315
356258674780764113
4 4 5 3 -1  0.228768
356273206964747358
0 0 0 3 -1  0.6561
356335958857577019
1 2 2 2 -1  0.0886293
356348326019436462
2 2 1 1 -1  1
356362228658305413
4 6 4 7 -1  -0.59049
356807769573315386
1 3 3 3 -1  0.185302
356844163243024603
0 4 0 3 -1  0.59049
357305955761522656
0 5 1 4 -1  -0.00161731
357518143748363473
1 0 2 0 -1  -0.00636268
357664163443502338
5 1 0 6 -1  0.729
357977065352636774
3 1 3 0 -1  -0.098477
358146969262569134
0 3 0 2 -1  0.6561
358245588728449592
1 6 3 4 -1  0.228768
358338109382767955
2 5 0 7 -1  0.150095
358342862888070799
3 7 2 6 -1  0.098477
358369206358151483
2 2 4 3 -1  0.098477
358722951531386286
2 2 5 2 -1  -0.0423911
358852041762446237
2 5 3 4 -1  0.0646108
358881545895728057
4 2 5 3 -1  -0.6561
359367818375949606
4 0 5 0 -1  0.00463839
359415632055418676
3 3 5 2 -1  0.254186
359558035761675595
2 1 4 2 -1  -0.31381
359714323998913402
2 4 1 5 -1  0.0250315
359772724939084941
4 4 1 1 -1  -0.228768
360183371989299957
1 6 2 7 -1  -1
360272923691770699
2 1 1 2 -1  -0.0299348
360633106692596777
3 2 2 1 -1  0.0581497
361102367489924620
1 1 2 1 -1  0.00029969
361260582573466080
0 5 1 6 -1  -0.59049
361363223739948045
0 2 2 4 -1  -0.0037571
361413387044247821
4 0 7 0 -1  0.228768
361707508057457928
3 6 4 6 -1  -0.0343368
361717088191649480
0 3 0 2 -1  -0.31381
361812209759691742
2 4 6 0 -1  -0.0646108
361819489637078043
4 2 2 4 -1  -0.0423911
361915504366787167
3 4 4 2 -1  0.0797664
361929469608512464
2 0 0 0 -1  -0.00636268
362088360475694128
0 5 0 4 -1  -0.00338139
362179673832423389
1 2 2 1 -1  -0.00706964
362311825594950022
2 6 3 4 -1  0.0343368
362403523225323236
0 6 1 7 -1  -0.109419
362547735022045142
4 5 5 5 -1  0.430467
362626416021266506
6 5 2 5 -1  0.185302
362645007376697874
2 1 1 0 -1  0.0471013
362777461236742395
0 6 2 5 -1  0.150095
362964011855780629
4 1 5 2 -1  -0.0202755
363277817502835865
1 5 2 6 -1  0.282429
363318589722090811
2 6 1 7 -1  0.0581497
363399331444652809
2 3 1 2 -1  -0.0471013
363416355167796476
0 2 3 5 -1  0.00872795
363525886152730864
7 0 3 4 -1  0.098477
363712927158892336
1 1 2 1 -1  -0.121577
363748480256208252
2 4 4 4 -1  -0.205891
364050305569171870
2 4 3 5 -1  -0.166772
364054738088415143
0 7 0 4 -1  0.9
364054852465684125
6 4 5 3 -1  -0.0646108
364179624239688525
3 5 4 5 -1  0.31381
364239408403891896
3 2 5 2 -1  -1
364605707859139983
0 3 3 3 -1  -0.00330024
364717609832358089
1 7 3 7 -1  -0.348678
364755444724563808
4 7 4 3 -1  0.59049
364859707883750727
0 1 2 0 -1  -0.0250315
364879091698644168
3 3 4 4 -1  -0.0423911
365027125497306485
2 3 3 5 -1  -0.166772
365083969280419000
5 1 6 2 -1  0.0250315
365257138702434182
4 3 2 5 -1  -0.729
365421001139587022
0 5 3 2 -1  -0.0107753
365708676817595398
1 7 1 6 -1  0.81
365864086223144079
2 0 3 0 -1  -0.254186
365878885974882952
3 7 3 5 -1  -0.9
365950978668428031
0 7 0 6 -1  0.0423911
366294625852017864
0 3 4 3 -1  -0.00463839
366531589304035741
1 4 2 5 -1  0.098477
366564553654734390
0 0 0 2 -1  -0.0432959
366576566705965146
2 6 3 4 -1  0.205891
366623932807738745
3 2 5 3 -1  -0.0581497
366625886424687755
0 6 1 5 -1  -0.185302
366642619850644223
0 0 0 3 -1  0.00572641
366858844327298457
1 2 1 4 -1  0.0523347
366904196643233574
3 3 2 1 -1  0.135085
367042493600275563
0 4 0 6 -1  0.135085
367161434024012366
2 3 3 4 -1  0.0581497
367161509162315129
2 1 3 3 -1  -0.0717897
367232323953964499
2 2 3 2 -1  -0.0147809
367427020767519469
2 0 5 3 -1  -0.098477
367556147604312070
4 3 5 4 -1  0.6561
367577589712594160
0 3 7 3 -1  0.0646108
367666229039916848
1 5 2 5 -1  0.729
367680644618929448
3 2 3 0 -1  0.6561
367754778404682803
1 5 2 4 -1  -0.228768
367956491187675944
0 5 0 4 -1  -0.0225284
368483841479110308
4 4 5 3 -1  0.348678
368606517206464510
3 3 5 3 -1  0.205891
368727997112109231
3 4 2 3 -1  -0.9
368732815685314928
2 5 4 4 -1  0.0250315
368761565226587379
3 3 4 3 -1  0.00029969
368824220228381842
6 7 3 7 -1  -0.135085
368927439748320755
4 5 5 5 -1  0.9
369215428749901240
4 4 0 0 -1  0.31381
369235703738259703
1 5 0 6 -1  -0.000116106
369301450242096477
3 5 7 1 -1  0.430467
369344141524736892
0 1 6 1 -1  -0.254186
369508752957792643
2 7 2 6 -1  0.150095
369519367323119966
2 7 3 6 -1  -0.185302
369565804921343802
0 2 0 3 -1  -0.150095
369667585065819782
0 2 0 0 -1  -0.0343368
369727344024223327
4 3 2 2 -1  0.348678
369745696721383866
2 5 4 6 -1  -0.0471013
369854656684087226
1 6 2 4 -1  0.478297
369972456427132646
0 0 0 1 -1  0.0343368
370011166477197526
4 6 4 7 -1  -0.0423911
370054310881139865
0 0 0 3 -1  0.0250315
370089822627045590
0 6 2 7 -1  -0.348678
370129351029813758
4 6 2 7 -1  -0.185302
370215172526162735
0 4 1 4 -1  0.0225284
370258712972261685
1 1 2 1 -1  -0.0717897
370408717473815973
0 5 0 4 -1  0.0797664
370605989732390143
0 1 2 2 -1  0.00706964
370642450536612235
4 5 5 7 -1  -0.59049
370777464453817552
1 7 2 7 -1  0.00969773
370846259264764942
1 6 0 7 -1  0.0717897
370975911911329887
0 5 0 3 -1  -0.109419
371063619758377999
2 7 1 7 -1  0.0164232
371088795098307648
1 3 1 4 -1  -0.31381
371300371444031347
1 3 1 4 -1  -0.038152
371813673285110039
0 0 1 0 -1  0.150095
371964624076032715
3 1 5 3 -1  1
371996193486268215
5 3 5 4 -1  0.348678
372028513925226044
4 6 6 5 -1  0.254186
372341948247400726
0 5 3 2 -1  -0.00417455
372377501398454051
0 1 1 1 -1  -1
372427426009555919
0 4 0 6 -1  0.00221853
372454280721106059
5 2 5 0 -1  -0.9
372544078451087543
0 5 1 4 -1  -0.205891
372642899740663989
3 4 4 4 -1  -0.228768
372936994059962256
3 4 4 4 -1  -0.098477
372989328476492810
1 4 2 5 -1  -0.000456775
373023437401769986
2 7 2 6 -1  -0.81
373058009041700496
0 4 5 4 -1  0.135085
373336850510878494
3 3 4 4 -1  -0.0278128
373431728495302012
1 4 2 4 -1  -0.150095
373517114151330407
0 5 1 4 -1  0.0523347
373863632835436477
1 3 0 5 -1  -0.0717897
374006843507295127
3 0 4 1 -1  -0.0797664
374318139051350843
2 1 3 0 -1  -0.0278128
374477393519595381
3 2 4 2 -1  0.0343368
374637181120589327
1 2 0 2 -1  -0.0147809
374637785117272918
2 4 1 5 -1  0.9
374712219243392973
2 6 2 3 -1  0.31381
374771151885777550
1 0 3 0 -1  0.018248
374833438555294422
3 3 4 1 -1  0.0717897
374997209299923572
2 1 3 3 -1  -0.6561
375136895120793718
0 3 1 4 -1  0.0107753
375229516644639564
2 7 3 7 -1  -0.0510805
375393835138674655
4 1 4 7 -1  -0.0225284
375644929939319358
5 3 6 4 -1  -0.150095
375867021464157594
4 6 5 5 -1  0.018248
375962994617889625
3 6 4 7 -1  0.531441
376025613023337467
2 7 2 6 -1  0.81
376160703391161049
0 2 6 2 -1  -0.0471013
376376313834854762
7 7 7 6 -1  0.0581497
376431254814417612
1 7 0 6 -1  0.254186
376840164821232889
2 4 1 4 -1  -0.6561
377119864222369140
5 4 4 2 -1  0.729
377346543631667339
0 5 0 3 -1  -0.348678
377498413124829670
4 4 5 3 -1  -0.254186
377745407546683898
1 5 3 5 -1  -0.135085
377977991416375902
0 0 0 3 -1  -0.135085
378226186157986385
2 2 4 3 -1  -0.00969773
378288640864332948
2 2 4 3 -1  -0.205891
378436926660499111
2 4 4 3 -1  -0.0581497
378645070645415411
1 3 1 2 -1  -0.0471013
378769968633977407
0 0 0 4 -1  0.00969773
378777166822510988
2 2 3 4 -1  -0.205891
379253237709456214
1 3 3 3 -1  -0.010041
2 5 4 6 -1  -0.000626578
379352302070694888
1 3 2 1 -1  -0.098477
379461860280730720
1 5 1 4 -1  0.478297
379472297688212163
1 3 2 5 -1  -0.00117902
380043271785396752
1 3 2 4 -1  0.31381
380282553323106190
1 0 3 0 -1  -0.166772
380739048248167200
2 0 3 0 -1  0.0037571
380762883660771891
2 3 2 6 -1  -0.121577
380986496768702054
0 0 0 5 -1  0.9
381108049021753836
0 5 0 4 -1  -0.0717897
381216072227818037
1 5 4 2 -1  0.430467
381218627205935575
0 2 0 1 -1  -0.000859503
381260717613147595
3 4 1 5 -1  0.098477
381666755197785104
4 2 5 1 -1  -0.038152
381714717690251783
3 3 2 1 -1  -0.38742
381768861311607006
0 2 0 1 -1  -0.531441
381852346874070959
2 7 5 4 -1  -0.348678
381879627156357821
0 5 0 4 -1  0.0717897
382276591280746651
0 3 0 1 -1  -0.0147809
382837005246954178
5 0 5 3 -1  -0.185302
383025719287155798
0 5 1 4 -1  0.282429
383088590529216065
1 4 3 2 -1  -0.205891
383234024344280948
0 4 0 6 -1  0.150095
383294506907298431
2 4 0 6 -1  0.228768
383403334209891145
0 5 0 1 -1  0.0471013
383726302722210993
4 1 3 0 -1  -0.0309031
383893311740676792
2 2 3 2 -1  -0.098477
383927335326459423
3 7 4 7 -1  -0.478297
383927647323073831
4 7 3 6 -1  0.0581497
383961138843982828
0 4 0 6 -1  -0.038152
384202272724944439
3 2 5 1 -1  -0.00515377
384353629719170927
0 3 2 5 -1  -0.205891
384637440345658702
3 7 5 5 -1  -0.121577
384659166269576886
0 3 5 3 -1  -0.0225284
384828937184188368
0 7 2 7 -1  0.0147809
384944653423131603
0 5 0 3 -1  -0.000773553
385022073177691830
4 0 5 1 -1  0.121577
385189934630044555
0 5 0 3 -1  -0.0309031
385439764237753089
3 6 4 4 -1  0.0886293
385503636797620003
0 4 0 6 -1  0.0107753
385627829031771143
1 5 2 5 -1  0.00872795
385766631479233022
0 6 1 7 -1  -0.038152
385903260295353090
1 5 3 5 -1  -0.228768
386088334088780633
0 0 0 5 -1  -0.31381
386240392086250066
2 5 3 4 -1  -0.00417455
386277641488936906
0 4 0 1 -1  -0.0309031
386932683264430751
2 7 3 6 -1  0.254186
387014254955735804
0 5 2 6 -1  -0.0471013
387136476614169116
2 7 1 6 -1  -0.729
387151550188774734
3 3 4 3 -1  0.00969773
387366216960019198
0 4 0 3 -1  0.0717897
387403415012321397
0 3 0 4 -1  -0.038152
387458184232811883
0 2 1 3 -1  -0.00338139
387505514531797922
0 5 0 4 -1  4.49819e-05
387545148583113438
2 5 3 5 -1  0.228768
387668222176312405
3 0 2 0 -1  1
387729324011827429
0 4 0 6 -1  0.0886293
387764886899067303
0 4 0 6 -1  -0.00969773
387852970524085835
3 2 2 1 -1  0.150095
388285208506998054
2 3 1 2 -1  0.0581497
388465879931786971
3 3 2 5 -1  0.0471013
388942874536142920
0 5 2 3 -1  -0.0717897
388953183341827509
0 3 1 3 -1  0.150095
388985370240500168
0 2 1 3 -1  -0.150095
389111070544990676
0 2 7 2 -1  0.0278128
389225917395118202
4 3 5 5 -1  -0.0797664
389229718880444004
3 4 4 5 -1  0.254186
389300574044699117
1 3 0 5 -1  -0.135085
389598160900844338
4 1 6 2 -1  -0.038152
389603137701063497
0 5 3 2 -1  0.000143341
389667194525174730
2 4 4 6 -1  -0.185302
389726715846720064
2 3 3 3 -1  0.0343368
389735639035283802
3 0 4 0 -1  -0.729
390097662924381674
2 1 3 1 -1  -0.0107753
390323517599030542
2 2 3 1 -1  -0.018248
390354882697059443
2 2 2 4 -1  -0.6561
390368865066748403
1 5 2 5 -1  0.348678
390552432670168877
4 5 3 5 -1  -0.38742
390569612598044477
1 6 2 6 -1  -0.0886293
390796884527992776
0 0 0 6 -1  -0.0278128
390852758549215252
1 3 3 3 -1  0.018248
390869350697214401
2 5 1 3 -1  -0.0343368
390948382319703609
0 1 2 1 -1  -0.254186
391052418696897455
1 2 2 2 -1  0.135085
391092193570019389
1 7 3 6 -1  0.098477
391261481179094680
1 4 2 4 -1  -0.0632933
391277991634103486
0 5 0 4 -1  0.0250315
391471432860496890
0 5 1 4 -1  -0.0423911
391811552524750277
1 6 2 5 -1  -0.59049
391960849259035516
0 4 0 3 -1  0.00706964
392100144890117350
3 6 4 5 -1  -1
392188383400187929
3 6 4 6 -1  -0.0119725
392714703104497409
1 5 3 5 -1  -0.185302
392787270644939679
1 5 3 5 -1  0.0717897
392869321283967138
1 0 2 0 -1  -0.098477
392875431736483754
3 5 3 6 -1  -0.348678
393010615442571359
2 5 3 4 -1  -0.00785516
393091029376753970
0 4 2 4 -1  -0.729
393318203243622690
4 5 3 6 -1  -0.205891
393552206052797103
4 1 5 1 -1  0.0423911
394072640152747900
3 4 2 4 -1  -0.150095
394231165770234025
3 3 3 2 -1  -0.205891
394231276719115710
3 4 4 3 -1  -0.430467
394254762979505899
0 5 3 2 -1  -0.0164232
394299697585197474
3 3 4 5 -1  -0.098477
394537910536296541
0 6 0 7 -1  -0.0309031
394564824895616812
1 6 2 6 -1  -0.38742
394706803306070401
2 3 2 2 -1  0.348678
394725035567670221
2 7 3 7 -1  0.430467
395291523990716792
4 3 2 4 -1  -0.0797664
395505110393886722
3 6 4 6 -1  -0.0423911
395659502353907931
2 5 4 4 -1  0.0133028
395796778502257803
3 2 4 3 -1  -0.531441
395828920637708101
0 5 3 2 -1  -0.0119725
395837170115216905
1 3 2 3 -1  0.81
396038990059526681
2 7 3 6 -1  -0.135085
396483643063868797
5 4 7 4 -1  -0.0250315
396613418615761095
5 4 6 4 -1  -1
396943170044354390
0 3 7 3 -1  0.0147809
397012031655177233
3 5 4 5 -1  0.6561
397170858998296708
1 2 1 1 -1  0.282429
397241466375158861
4 3 5 5 -1  -0.348678
397687811523293911
1 6 3 6 -1  -0.150095
397850463432994502
2 3 2 6 -1  0.38742
397953015410220528
2 1 1 2 -1  0.166772
398145313771340431
3 0 4 1 -1  -0.166772
398265232507425126
5 3 3 4 -1  -1
398310801822409744
0 5 1 5 -1  -0.0646108
398520583763363037
3 7 4 7 -1  -0.121577
398651511797453269
3 0 4 1 -1  -0.430467
398702361692115468
4 2 5 4 -1  -0.00785516
398735194204931478
2 3 3 4 -1  0.109419
398905676635242431
7 4 5 3 -1  0.0471013
398920239547998575
1 3 4 6 -1  -0.0886293
399227464342641525
2 4 4 3 -1  -0.59049
399334195225023485
0 5 0 3 -1  0.00706964
399939056163573221
0 4 0 6 -1  0.150095
400349779417064846
5 7 5 5 -1  -0.098477
