2706040829536806583
1 4 2 4 -1  -0.0646108
2706044070631537133
6 5 4 3 -1  -0.185302
2706153425701535348
0 0 0 4 -1  -0.478297
2706221603638709826
1 4 3 4 -1  -0.000507528
2706249049428224614
1 5 2 5 -1  -0.0107753
2706500804261955825
1 7 2 7 -1  -0.0717897
2706573507460229178
2 4 3 2 -1  0.0250315
2706614634704676499
1 1 2 1 -1  -0.000176964
2706838129746373142
0 1 2 0 -1  -0.0253587
2707257470741602837
3 5 4 6 -1  -0.00785516
2707533354938129478
4 4 5 4 -1  -0.531441
2708041575583203934
2 3 1 3 -1  -0.478297
2708137828812391484
5 2 7 3 -1  -0.729
2708222371148002881
1 5 2 5 -1  0.185302
2708466903231754410
2 4 3 5 -1  0.348678
2708599030094430378
0 1 2 1 -1  0.31381
2708709683772184841
0 4 0 3 -1  0.205891
2709004269417988536
2 2 3 0 -1  0.018248
2709071121734152400
4 4 5 3 -1  -0.098477
2709077132612179884
4 6 5 5 -1  -0.150095
2709123763953642198
1 6 2 6 -1  -0.0717897
2709181431253728054
3 3 2 1 -1  0.00145558
2709573716632982999
4 4 4 5 -1  -0.6561
2709580139621069922
2 5 3 3 -1  -0.0886293
2709669912364179447
0 1 1 1 -1  -0.31381
2709867106724438948
0 1 2 2 -1  -0.0523347
2709887622823742079
0 7 0 6 -1  -0.0886293
2710005412668743009
3 1 7 1 -1  -0.531441
2710062026849412305
1 4 1 6 -1  0.135085
2710280788255832628
0 6 1 5 -1  -0.254186
2710355358614198323
3 0 4 1 -1  -0.6561
2710360279031523885
1 5 3 5 -1  -0.098477
2710501231018223015
0 5 1 7 -1  0.59049
2710585248361814642
5 3 6 3 -1  -0.0886293
2710700381841842044
3 7 4 7 -1  0.098477
2710755268627585631
4 4 4 0 -1  -0.282429
2710831035045773624
2 5 2 6 -1  0.0107753
2711033976381462858
3 5 4 4 -1  -0.0119725
2711074154977280857
0 1 2 2 -1  -0.0886293
2711360055745445920
0 5 0 3 -1  -0.0523347
2711662556143865928
4 5 5 5 -1  -0.121577
2711703991447778015
1 5 3 5 -1  0.478297
2711869368037878127
4 3 6 2 -1  -0.121577
2711918954319241015
0 1 2 2 -1  -0.0133028
2711966602015269248
3 4 4 3 -1  -0.282429
2712162280938256702
2 0 3 0 -1  0.38742
2712652867758260825
3 4 6 4 -1  0.9
2712869236132835538
3 3 4 2 -1  -0.478297
2713045055969590496
4 4 5 5 -1  -0.59049
2713263121165989595
0 1 6 1 -1  -0.478297
2713296178960267198
1 7 2 7 -1  0.6561
2713486396668924149
2 5 4 4 -1  -0.135085
2713540208968131080
2 5 4 4 -1  -0.0471013
2713580574121268516
4 4 2 3 -1  -0.81
2714061169334836732
0 1 1 3 -1  -0.205891
2714304166137647116
0 5 0 6 -1  0.6561
2714456228303634932
2 6 3 6 -1  0.430467
2714728130540549737
0 7 0 3 -1  -0.166772
2714743348428022451
3 4 4 5 -1  -0.00417455
2714801112673480809
0 2 0 4 -1  -0.0309031
2714856524262124648
0 3 1 3 -1  0.0250315
2714957154390918692
0 5 4 1 -1  -0.0278418
2714986292929490125
6 0 5 0 -1  -0.228768
2715193241327892459
2 6 3 6 -1  -0.166772
2715901756624918524
1 6 4 3 -1  -0.0309031
2716049180452305132
3 2 4 3 -1  -0.430467
2716088030428837369
1 7 2 7 -1  0.430467
2716195295622431840
0 0 0 2 -1  -0.0250315
2716486559014694284
2 3 1 3 -1  0.0343368
2716528439112850501
0 0 0 4 -1  -0.0646108
2716665789532597073
0 3 0 0 -1  -0.185302
2716750174326438232
6 0 5 0 -1  -0.185302
2717230438274047223
0 5 0 3 -1  0.0343368
2717314800297559901
6 7 7 7 4  -0.9
2717353052494455367
1 4 2 6 -1  -0.0309031
2717396939723158655
2 6 3 6 -1  -1
2717668554219171430
0 5 0 4 -1  -0.0581497
2717792025771508115
3 0 4 0 -1  -0.0584727
2717836003014134522
2 2 3 4 -1  -0.00273892
2717958958520611429
2 2 4 1 -1  0.478297
2718046440987334577
1 5 2 4 -1  -0.150095
2718186682729064459
4 4 5 4 -1  0.254186
2718292829027276068
1 5 1 4 -1  -0.430467
2718395586315477103
0 4 0 6 -1  -0.0225284
2718462483184181739
1 4 4 7 -1  0.0717897
2718539641777522525
1 0 3 0 -1  -0.0523347
2718704855100690300
2 3 5 6 -1  -0.0278128
2718872835608939485
1 0 0 0 -1  0.150095
2718994309331478082
4 2 6 4 -1  -0.81
2719173056937022553
5 4 5 6 -1  -0.254186
2719350709653730105
0 6 0 7 -1  -0.205891
2719471380756745135
0 5 0 1 -1  0.109419
2719509933969757312
2 2 0 0 -1  -0.430467
2719538749364347725
2 4 3 2 -1  -0.59049
2719725036841269243
1 4 3 5 -1  0.166772
2719746191869181390
1 4 0 3 -1  0.6561
2719791496421665479
1 5 2 5 -1  -0.348678
2719941187058972383
3 4 1 3 -1  0.0646108
2719999819196466727
0 3 0 2 -1  -0.0797664
2720011662490715541
1 1 2 1 -1  -0.166772
2720012925789300000
0 4 0 6 -1  0.121577
2720374399570774357
0 5 1 4 -1  -0.018248
2720668229087352631
1 4 1 2 -1  0.205891
2720826552778672054
2 5 4 4 -1  0.0646108
2720847610119750754
2 1 3 0 -1  -0.254186
2720949595822250706
4 4 2 5 -1  -0.531441
2720993418122297053
4 2 4 1 -1  0.018248
2721092722563798400
0 3 0 2 -1  -0.166772
2721109367796418945
3 0 4 0 -1  -0.0646108
2721334716540937525
4 1 6 3 -1  0.0147809
2721495070307750810
1 3 1 2 -1  -0.478297
2721525406702161257
0 4 0 6 -1  0.0471013
2721624023687935001
0 3 0 5 -1  0.254186
2722267206803143822
1 0 2 0 -1  -0.0423911
2722353339606116324
6 1 0 7 -1  -0.109419
2722445126744009447
2 3 2 2 -1  0.038152
2722771886131013320
1 2 3 2 -1  -0.205891
2723343275570521024
1 3 2 1 -1  -0.0797664
2723405419438384826
4 7 4 3 -1  -0.531441
2723596804690477247
0 2 3 5 -1  0.0423911
2723718283299561819
2 0 6 0 -1  0.31381
2723733186138107409
0 7 2 7 -1  -0.00246503
2723747731646576997
0 2 1 1 -1  -0.0202755
2724203144933468707
7 3 5 3 -1  0.205891
2724556702552101312
2 5 3 3 -1  -0.135085
2724561216369515463
0 1 1 3 -1  0.166772
2724595412552934573
2 5 4 4 -1  0.185302
2724606077272183946
4 1 6 1 -1  -0.0471013
2724689650413755962
0 2 2 0 -1  0.729
2724747755353354490
1 5 2 4 -1  0.166772
2725257910314884182
1 5 2 4 -1  0.0423911
2725324370883047142
1 7 3 7 -1  0.098477
2725433026051766645
4 2 5 1 -1  -0.59049
2725485003775258727
6 0 1 5 -1  0.9
2725523944821399977
1 3 3 4 -1  0.0202755
2725525464632673326
0 3 1 2 -1  -0.0250315
2725828171816798931
1 2 3 2 -1  0.185302
2725843628717427657
2 2 0 2 -1  -0.098477
2726363297303366759
3 4 4 4 -1  0.150095
2726553377953049073
6 5 4 6 -1  -1
2726872579074597220
3 2 1 4 -1  0.0886293
2726966950486736066
0 4 0 6 -1  -0.150095
2727404781549348778
1 1 2 1 -1  -0.109419
2727577621757402577
0 4 0 6 -1  0.228768
2728152063603390213
2 1 3 0 -1  0.205891
2728205148858850507
4 6 2 5 -1  -0.038152
2728381244337239640
0 6 0 5 -1  0.109419
2728915866018231686
0 5 1 4 -1  0.00572641
2728993191548274883
1 4 1 5 -1  0.254186
2729100247059259884
3 5 4 4 -1  0.254186
2729144987740593336
0 7 0 1 -1  -0.109419
2729321430516330698
3 5 3 3 -1  0.185302
2729342165885518844
3 3 5 5 -1  -0.098477
2729358984597339826
2 7 3 7 -1  -0.018248
2729486416188609474
0 2 0 1 -1  -0.0225284
2729815012354060409
2 1 2 2 -1  -0.0202755
2729914445622611505
1 6 2 6 -1  -0.59049
2729926012749985146
2 2 1 1 -1  -0.9
2729970283353746916
1 5 2 3 -1  0.0646108
2730029243943443097
6 3 6 4 -1  -0.150095
2730036578313802404
0 4 0 5 -1  0.0164232
2730103610782584637
1 6 2 6 -1  -0.098477
2730351323343612642
4 0 2 1 -1  -0.0646108
2730429023995093969
1 4 2 2 -1  0.00515377
2730579582718035019
6 0 1 5 -1  0.282429
2730809123704619391
2 7 3 7 -1  -0.098477
2731159890127937795
5 7 2 4 -1  -0.0133028
2731255399694467095
0 2 1 3 -1  -0.018248
2731427971644471290
3 1 4 2 -1  -0.0147809
2731626170859637058
2 1 1 3 -1  0.205891
2731747242194582913
2 2 3 2 -1  -0.228768
2732310882032555774
0 1 5 1 -1  -0.81
2732354735518015675
0 2 0 1 -1  -0.38742
2732584728168941319
0 3 0 2 -1  -0.135085
2732855916511959141
6 1 6 0 -1  0.0797664
2733012563503919370
1 2 3 2 -1  -0.0797664
2733434254525746130
3 3 4 2 -1  -0.81
2733924084377309080
4 1 2 3 -1  0.0523347
2734012678405101256
7 3 6 3 -1  -0.531441
2734144423854611704
3 4 2 5 -1  0.531441
2734401844675699003
0 2 0 1 -1  -0.81
2734438023694971179
2 1 3 3 -1  -0.282429
2734463019753537048
4 4 2 5 -1  0.00106111
2734546013696010412
2 3 4 5 -1  -0.0250315
2734812806710645874
3 0 4 1 -1  -0.81
2735094786253304532
1 3 2 4 -1  -0.0147809
2735255380028390617
2 7 3 7 -1  -0.282429
2735309414477160790
1 0 2 0 -1  -0.0646108
2735544729788433415
1 5 2 5 -1  -0.0717897
2735661273726662714
0 3 0 0 -1  -0.0343368
2735765283582954912
1 5 2 4 -1  -0.478297
2735768849648592888
0 4 0 5 -1  -0.0107753
2735803797584959587
1 1 3 1 -1  -0.109419
2735927859664022558
1 1 3 1 -1  -0.00969773
2736132139434166043
1 0 2 1 -1  -0.00969773
2736161374570075020
5 2 6 0 -1  1
2736201949867778769
7 3 4 6 -1  -0.109419
2736336230461727993
1 6 3 4 -1  -0.478297
2736407292047702868
3 2 3 1 -1  -0.00221853
2736865428653830683
2 5 3 4 -1  -0.531441
2737368788454361721
4 2 5 1 -1  -0.6561
2737724858915748983
1 4 2 4 -1  -0.0107753
2737960810519749313
2 5 3 3 -1  -0.282429
2737994015197626412
0 3 4 7 -1  -0.000773553
2738244209573217170
6 3 5 3 -1  -0.6561
2738388835880089767
0 4 6 4 -1  0.531441
2738584301484960492
0 0 0 1 -1  0.0423911
2738942826622934805
3 3 1 4 -1  -0.00417455
2739041551531304343
1 2 3 2 -1  -0.166772
2739132134654559859
5 4 6 3 -1  -0.81
2739175081882323756
0 3 0 2 -1  0.531441
2739219966364115403
4 6 5 6 -1  -0.185302
2739368124349397549
6 3 4 2 -1  -0.0250315
2739528702939405340
2 3 4 3 -1  -0.109419
2739536621837817099
3 2 3 1 -1  -0.254186
2739623519917559815
0 0 0 3 -1  -0.185302
2740002298697749310
0 4 0 2 -1  -0.0886293
2740175679526870439
0 7 0 3 -1  0.0164232
2740239299661472014
0 6 2 5 -1  -0.00872795
2740332705146499897
0 6 1 6 -1  -0.0278128
2740542288785655824
1 1 4 4 -1  0.0423911
2740579214271770213
1 2 2 2 -1  0.0581497
2741024711078998042
2 4 3 3 -1  0.00199668
2741054201869726055
0 6 2 5 -1  -0.018248
2741347134348855435
4 3 4 2 -1  0.0423911
2741390196212583476
0 2 3 5 -1  -0.0107753
2741526590921776602
3 4 1 6 -1  0.0343368
2741555109161504275
1 3 3 2 -1  -0.0164232
2741640032859414404
0 5 2 3 -1  0.254186
2741659979520553805
5 7 3 6 -1  -0.31381
2741800365777019447
0 1 1 3 -1  0.0471013
2741991647943136461
2 3 6 7 -1  -0.098477
2742001351229419613
0 5 0 3 -1  0.6561
2742028432392693215
2 3 1 5 -1  0.109419
2742117176957355803
2 1 3 1 -1  -0.0309031
2742183456366564283
3 7 4 7 -1  -0.228768
2742596650247085666
5 2 2 2 -1  -0.166772
2742904265537209386
1 5 2 4 -1  0.9
2743346187173393156
2 5 4 6 -1  0.038152
2743346477796981468
4 1 6 1 -1  -0.000507528
2743424449974853511
0 0 0 2 -1  -0.00117902
2743499232260971793
6 3 7 3 -1  -0.0147809
2743613406504211092
0 6 1 7 -1  0.531441
2743732946336626523
3 1 4 0 -1  -0.0581497
2744019804161327803
2 0 0 0 -1  0.38742
2744053144263572419
0 2 0 3 -1  0.348678
2744185687896577419
1 2 4 2 -1  -0.0343368
2744452793027125162
0 2 0 3 -1  0.478297
2744469027224727011
4 4 5 3 -1  -0.531441
2744585246542907440
1 2 2 3 -1  0.228768
2744621976835626363
0 4 0 6 -1  -0.0379743
2744654019066069479
0 2 3 5 -1  0.531441
2744735088210277289
2 5 4 7 -1  -0.9
2744748079666400995
3 2 6 5 -1  0.00304325
2744807004117906182
3 4 1 3 -1  -0.0797664
2745047289949755075
1 3 3 3 -1  0.0178688
2745203296348534564
0 6 1 7 -1  -0.38742
2745225262647569520
2 4 2 5 -1  -0.166772
2745440670570614219
1 2 1 0 -1  0.121577
2745452168948699814
0 5 1 6 -1  -0.59049
2745568778505201149
6 3 5 3 -1  -0.81
2745703417342349447
0 3 2 1 -1  0.135085
2746060894115209577
1 2 2 2 -1  -0.228768
2746147754063309964
0 6 1 7 -1  -0.254186
2746218423225705474
2 5 3 5 -1  -0.0343368
2746383315386095134
3 3 1 3 -1  -0.0343368
2746420843239618726
0 0 0 2 -1  -0.0886293
2746508471952365690
1 7 2 7 -1  -0.0133028
2746513077068357147
6 4 1 4 -1  -0.348678
2746517585415743843
3 2 5 1 -1  -0.6561
2746542725977379735
0 0 0 3 -1  -0.282429
2746594487010918973
3 4 4 5 -1  -0.0423911
2746747530243424164
2 4 2 6 -1  0.59049
2746893213505130069
3 2 1 2 -1  -0.0646108
2746936415920479907
1 0 3 0 -1  -0.185302
2746955766591038659
7 0 6 1 -1  -0.0107753
2747379565411084978
1 1 2 2 -1  0.000859503
2747767073049268142
5 3 7 5 -1  -0.531441
2747782138497116181
0 3 1 3 -1  0.0886293
2748045560862871548
4 1 6 3 -1  -0.478297
2748171505875955157
1 4 1 3 -1  0.81
2748266970087168372
0 5 1 7 -1  0.185302
2748658729844933272
2 7 3 7 -1  0.6561
2748765311744210428
0 6 1 6 -1  -0.59049
2749075658942690033
2 1 0 3 -1  0.228768
2749130969441512760
1 5 2 5 -1  -0.109419
2749617385221983491
0 5 0 4 -1  0.9
2749648884374292159
0 3 1 4 -1  1
2749729321050921101
1 3 0 3 -1  -0.00636268
2749750825916076876
0 5 0 0 -1  0.0309031
2749947218840949914
1 1 2 0 -1  0.0646108
2750049222776045660
2 2 1 4 -1  -0.135085
2750067607460525648
0 3 7 3 -1  -0.0147809
2750656611037204588
3 3 5 5 -1  0.478297
2750835019231805286
3 2 4 3 -1  -0.0471013
2750868109376735788
4 5 4 7 -1  -0.0278128
2751087018958806422
0 3 1 3 -1  -0.31381
2751361369710469607
2 1 1 2 -1  -0.0343368
2751423843290302227
6 2 2 2 -1  -0.00969773
2751467629596228801
7 5 6 5 -1  -0.81
2751786464808617689
1 3 2 4 -1  0.00785516
2751798094549892904
1 6 3 6 -1  -0.0309031
2751810540880236451
0 3 2 5 -1  -0.0886293
2752079503323851673
1 2 2 2 -1  -0.000369988
2752215878405741428
4 7 4 1 -1  -0.109419
2752277519896572753
0 6 2 4 -1  -0.38742
2752341865935355815
2 3 5 6 -1  -0.018248
2752415346057683175
1 7 0 6 -1  -0.0471013
2752909702436913828
0 4 0 3 -1  -0.185302
2753179413132070261
2 5 2 6 -1  0.018248
2753324552479608726
3 5 4 5 -1  0.9
2753637687743522367
0 4 0 3 -1  0.478297
2753882165099901721
2 4 2 2 -1  -0.150095
2753928190481494875
4 3 5 3 -1  -0.282429
2753949575725188498
0 5 0 2 -1  -0.00636268
2754045294189984002
0 7 0 6 -1  0.228768
2754090654341633829
5 3 5 5 -1  -0.254186
2754190776082522194
2 5 3 4 -1  -0.282429
2754224594160586875
1 6 2 6 -1  0.0581497
2754281367518501223
1 0 3 0 -1  -0.0646108
2754319642391207172
2 2 3 4 -1  0.0225284
2754371208336739209
4 0 5 0 -1  -0.348678
2754420236819302382
3 6 4 5 -1  -0.228768
2754612542919742189
4 1 5 2 -1  0.729
2754722007605943703
1 0 2 0 -1  -0.282429
2754821867212693136
2 6 4 5 -1  -0.038152
2755166054553346109
1 5 2 5 -1  -0.166772
2755229819848686292
6 2 6 3 -1  -0.81
2755289287503725599
3 1 4 0 -1  -0.0717897
2755382625977883493
4 7 4 6 -1  -0.9
2755521458604885848
0 3 1 3 -1  -0.0225284
2755888800784947865
5 2 7 3 -1  -0.430467
2756289090167414593
3 3 2 5 -1  -0.38742
2756394241763977740
2 5 4 3 -1  -0.6561
2756517160048516876
2 4 4 6 -1  -0.00572641
2756572223721900994
1 4 2 6 -1  -0.0119725
2756788453895617706
1 4 2 4 -1  -0.348678
2756835382136459490
6 2 4 3 -1  -0.121577
2756855654053550161
0 5 1 4 -1  -0.0863491
2757011914077186260
4 5 6 5 -1  -0.59049
2757213302907988678
2 2 4 1 -1  -0.0423911
2757238167865925409
6 3 3 3 -1  -0.166772
2757478721477755026
1 0 2 0 -1  -0.0119725
2757619988840999684
1 7 2 7 -1  -0.150095
2757913027982631065
7 0 3 0 -1  -0.478297
2758079327357374847
1 1 2 1 -1  0.0646108
2758129822057839149
0 3 5 3 -1  -0.531441
2758181761682490312
1 1 2 1 -1  -0.254186
2758201062283410006
0 4 7 4 -1  -0.348678
2758235713837370664
4 4 5 3 -1  -0.0717897
2758436078439679397
1 3 2 1 -1  -0.00417455
2758716454434856058
4 5 5 4 -1  -0.59049
2758845765996128245
3 3 4 2 -1  -0.254186
2758881765507419966
0 2 2 4 -1  -0.098477
2759202768904131604
4 6 2 5 -1  0.38742
2759487737172190324
1 4 3 4 -1  0.0309031
2759745444030749799
3 4 2 5 -1  0.0119725
2760159338702577816
2 3 4 3 -1  -0.6561
2760504266275506493
1 5 2 5 -1  0.0107753
2760541475337715372
2 6 6 2 -1  -0.150095
2760642438822400772
0 3 1 2 -1  -0.166772
2760797976654706997
1 3 3 4 -1  0.282429
2760945217337944146
0 5 2 3 -1  0.038152
2761168971459922124
1 7 2 7 -1  0.9
2761174467222885150
1 2 5 6 -1  -0.0147809
2761375480531246649
0 2 1 3 -1  -0.0225284
2761536291178156759
1 4 1 3 -1  0.135085
2761694637904737345
1 0 2 0 -1  -0.0309031
2761725646585156612
1 4 2 5 -1  -0.135085
2762501920050980393
0 2 7 2 -1  -0.0164232
2762549138520753122
6 3 6 4 -1  -0.0225284
2762556854098725341
6 3 4 5 -1  -0.0278128
2762563670139709520
0 2 1 1 -1  -0.0202755
2762646705515031142
0 4 1 3 -1  -0.282429
2762816488300696800
0 0 0 4 -1  0.205891
2762838642164439616
4 0 2 2 -1  0.166772
2762897420916798757
0 1 2 2 -1  0.0112534
2762950100292215170
0 4 0 2 -1  -0.109419
2762973037877860207
6 0 2 4 -1  -0.205891
2763071609066701323
6 4 6 7 -1  0.282429
2763212505583669784
0 1 1 3 -1  0.0646108
2763250385872158154
1 0 2 1 -1  -0.59049
2763407647830914139
4 1 5 2 -1  -0.0133028
2763962761713436189
2 2 1 3 -1  0.0886293
2764161019496210129
4 4 3 5 -1  -0.0797664
2764491646437841455
1 1 3 1 -1  -0.166772
2764634965947796872
0 5 0 3 -1  -0.0119725
2764724324650159711
1 1 3 1 -1  0.0147809
2764797043473707175
1 2 3 2 -1  -0.121577
2764804949439812261
0 2 3 2 -1  -0.59049
2764812508945949428
0 4 0 6 -1  -0.0278128
2764919442055464564
3 3 4 4 -1  0.135085
2765119845571644025
0 0 0 2 -1  -0.135085
2765146398311150305
0 4 0 6 -1  0.282429
2765306857283870843
0 2 0 0 -1  -0.109419
2765342879830498892
4 3 4 0 -1  0.135085
2765371522137257784
0 5 0 4 -1  0.38742
2765400114372372277
2 2 3 2 -1  -0.109419
2765683078386563143
1 5 0 5 -1  -0.000626578
2765902182578672533
2 2 3 4 -1  0.6561
2765945604201400522
2 3 1 4 -1  0.31381
2765954237365554986
4 4 6 4 -1  -0.0581497
2766403050763286638
0 4 0 2 -1  -0.478297
2766449025296328573
0 5 3 2 -1  0.31381
2766553027106164620
0 3 1 4 -1  -0.205891
2766599325098701145
6 6 7 6 4  -0.166772
2766610621245954203
2 3 7 3 -1  -0.0886293
2767075181721511468
3 2 4 3 -1  0.0343368
2767316536239785206
0 0 7 0 -1  0.6561
2767358293476314618
0 0 0 4 -1  0.00706964
2767525749818275414
3 1 3 2 -1  0.430467
2767773875802026175
0 2 2 4 -1  0.0523347
2767784392767953290
2 0 3 1 -1  0.0147809
2767836044357275064
2 6 3 6 -1  0.81
2767870681888634543
2 3 5 6 -1  -0.0797664
2768111192738131536
6 2 6 3 -1  -0.0471013
2768134758653752849
3 3 4 3 -1  -0.430467
2768710480156067442
4 3 1 3 -1  -0.0717897
2768776364137536343
0 5 1 4 -1  -0.038152
2769152844008144356
0 3 3 3 -1  0.018248
2769224943037985341
1 5 2 5 -1  -0.00785516
2769635027245053861
1 7 6 2 -1  -0.0225284
2769692506333047949
2 2 2 4 -1  0.6561
2769714654637486170
3 4 5 3 -1  -0.205891
2769720021142085649
2 5 3 5 -1  -0.0717897
2769965812539921548
2 4 3 3 -1  0.9
2770006343628859572
3 3 3 5 -1  -1
2770050140619377900
2 4 3 4 -1  -0.38742
2770082808416874613
1 4 5 4 -1  -0.135085
2770525337135185269
0 2 3 2 -1  -0.135085
2770665649484151154
1 2 3 2 -1  -0.0242043
2770722625020146120
0 3 0 6 -1  -0.166772
2770897870046493401
0 0 0 3 -1  -0.135085
2771083455687381259
4 0 5 1 -1  -1
2771093760634241067
0 0 0 2 -1  0.0797664
2771196316598616027
3 1 2 0 -1  0.228768
2771700575134334145
0 3 0 2 -1  -1
2771730082372999341
0 5 2 5 -1  0.282429
2771765672377821089
4 3 5 1 -1  0.185302
2772017703584202909
1 6 3 4 -1  0.31381
2772089392959220591
1 6 2 5 -1  0.00636268
2772333120757903161
2 5 0 6 -1  -0.0581497
2772434200150410341
4 3 3 4 -1  -0.531441
2772726264678459158
1 2 1 4 -1  0.205891
2772908319620076431
1 3 2 1 -1  0.0886293
2773065371486578953
0 6 2 6 -1  -0.81
2773199777057250544
2 2 3 4 -1  -0.150095
2773636127192209775
1 4 2 5 -1  -0.9
2773678349776443451
2 5 4 4 -1  -0.729
2773726701172572116
1 1 3 1 -1  -0.0581497
2773762827860485452
3 7 5 5 -1  -0.166772
2773890799021665499
3 5 4 6 -1  -0.121577
2773968392889694101
3 4 4 5 -1  0.31381
2774010354218813407
6 6 7 5 -1  -0.0107753
2774030425323407668
0 1 1 3 -1  0.0133028
2774211410332762617
1 6 3 6 -1  -0.205891
2774229963182279090
1 3 3 2 -1  -0.00417455
2774240403180440373
4 1 4 0 -1  -1
2774597011969333177
0 7 3 7 -1  0.018248
2774662013348361545
2 2 3 2 -1  -0.6561
2774818027179493224
1 6 2 7 -1  -0.0309031
2774905774202497704
5 7 7 5 -1  0.531441
2774992719483429842
2 2 1 4 -1  0.00417455
2775096069813440423
2 4 3 4 -1  -0.254186
2775211186487619526
3 2 2 4 -1  -0.150095
2775350798197303491
1 2 2 2 -1  0.282429
2775610607760968325
4 6 4 7 -1  -0.478297
2775642899017395161
7 2 7 4 -1  0.0225284
2775708784550052955
1 4 3 4 -1  0.0202755
1 6 2 6 -1  -0.00131002
2775936052091559577
3 5 4 5 -1  -0.729
2776102290120017971
1 3 2 4 -1  0.254186
2776209196807907705
2 1 3 0 -1  0.109419
2776476837159254872
5 5 5 6 -1  -0.81
2776567520762192786
0 3 0 2 -1  0.038152
2776581643468442840
3 3 6 3 -1  -0.0343368
2776744125963843963
3 5 4 6 -1  -0.038152
2777231815613421987
6 2 6 3 -1  0.31381
2777265652007134386
1 4 2 4 -1  -0.150095
2777267452449271907
3 4 6 4 -1  -0.38742
2777383854272189530
2 2 3 4 -1  0.00785516
2777694961309126920
5 0 6 0 -1  -0.9
2777700994054341201
4 5 3 5 -1  -0.0886293
4 5 6 3 -1  -0.00515377
2777727692591466578
3 6 3 7 -1  -0.31381
2778145934163518994
1 0 0 0 -1  1
2778164062027662491
2 4 3 6 -1  0.282429
2778419182383384079
0 1 0 2 -1  -0.109419
2778985055696345753
0 0 0 3 -1  -0.0107753
2778997624025891556
3 3 4 5 -1  0.430467
2779153720001203405
2 4 3 3 -1  0.228768
2779161425250271519
2 2 3 2 -1  0.000507528
2779376865115470178
2 4 0 6 -1  0.0886293
2779385142331115610
2 1 4 2 -1  0.0309031
2779725689592983043
1 6 2 6 -1  -0.00636268
2779758569359418929
0 3 1 3 -1  -0.150095
2779785351165019781
1 6 2 6 -1  -0.205891
2779970601724446345
0 2 4 2 -1  -0.81
2780090329503587526
1 7 2 6 -1  0.228768
2780231607806696784
4 4 3 3 -1  -0.282429
2780414950191104975
1 3 3 2 -1  -0.38742
2780533503286667401
1 1 2 2 -1  0.0471013
2780607736273325339
3 3 1 2 -1  0.109419
2780659655852696121
3 5 1 7 -1  -0.109419
2780669549534154302
1 4 1 3 -1  -0.150095
2780816446594609604
1 3 2 2 -1  -0.0886293
2780952921975156296
1 2 4 5 -1  -0.430467
2780963465412625585
0 3 7 3 -1  0.150095
2781371845157820548
1 5 3 5 -1  0.135085
2781453343038833003
3 5 4 4 -1  0.0423911
2781616362379953679
0 1 2 2 -1  -0.0148467
2781827017719935204
7 6 5 6 -1  -0.59049
2781893520332216444
1 1 2 1 -1  -0.0717897
2781996061301038004
6 7 5 7 -1  0.31381
2781996391497704138
0 6 1 7 -1  0.659745
2782084096203881659
0 5 1 4 -1  -0.531441
2782198536542917389
2 4 3 4 -1  -0.098477
2782228078879300990
3 5 4 6 -1  -0.282429
2782350440164782919
0 3 3 0 -1  -0.0133028
2782396377476497989
2 5 4 6 -1  0.166772
2782421108404462479
3 6 5 7 -1  1
2782486087146261193
1 6 3 6 -1  -0.150095
2782567529785995735
0 2 1 3 -1  -0.135085
2782666286886147042
0 4 7 4 -1  -0.150095
2782852215536022010
0 6 1 6 -1  0.135085
2783062341489601663
3 4 4 4 -1  0.098477
2783085970879503892
2 5 3 7 -1  -0.00969773
2783373934423491080
1 3 2 4 -1  0.0717897
2783543618646652013
4 4 5 4 -1  -0.00636268
2783640472785288525
0 3 0 2 -1  -0.0717897
2783765338062463057
0 4 0 2 -1  -0.166772
2783790419310483823
0 2 0 4 -1  -0.38742
2783967927993105540
4 3 6 5 -1  -0.6561
2784028619000469043
1 1 0 2 -1  0.0119725
2784126423554432807
3 6 2 5 -1  0.430467
2784224886690150532
2 5 4 4 -1  0.00572641
2784244050383085096
1 3 0 3 -1  1
2784259568596621391
1 4 4 4 -1  -0.0886293
2784271531285481442
0 3 1 4 -1  0.81
2784803775006819730
6 4 4 2 -1  0.254186
2784810883740351362
6 4 6 3 -1  -0.00969773
2784903540636219280
2 4 2 3 -1  0.38742
2785166194738477521
3 0 5 0 -1  0.121577
2785445692199024369
0 6 1 5 -1  0.185302
2785871816424627098
4 4 6 3 -1  -0.0423911
2785906312844430491
3 1 4 1 -1  -0.729
2785985758590508914
3 5 2 3 -1  -0.81
2786158998751097479
2 2 1 4 -1  -0.0471013
2786223928328861081
0 6 1 6 -1  -0.478297
2786309102776247143
1 4 2 6 -1  0.0797664
2786420417933362533
5 2 6 2 -1  -0.9
2786541439661607565
2 3 1 3 -1  -0.135085
2786997549197093215
2 4 3 5 -1  -0.00179701
2787125002433379911
2 2 3 2 -1  0.0250315
2787337735543719005
6 5 5 4 -1  0.0147809
2787382899017653777
2 4 2 3 -1  1
2787411185591921838
2 6 3 6 -1  -0.0471013
2787460301857183154
0 6 1 5 -1  0.81
2788092248418482011
2 1 3 1 -1  0.00785516
2788134039854464831
0 6 0 4 -1  0.0646108
2788137784038606130
2 5 3 3 -1  -0.0164232
2788187153243314480
7 3 7 5 -1  -0.81
2788253050423397148
0 3 0 2 -1  -0.6561
2788360033063152586
1 4 2 4 -1  -0.0309031
2788372363425582063
3 7 5 5 -1  -0.0797664
2788408439353351053
4 1 4 0 -1  -0.0523347
2788417393770220407
0 5 2 3 -1  0.00161731
2788572979345336554
0 2 2 4 -1  -0.0886293
2788595169973493684
4 7 5 7 -1  -0.729
2788650912512072863
4 1 3 1 -1  -0.282429
2788818776516186358
2 5 2 7 -1  -0.166772
2788829794728507365
5 7 6 6 -1  0.0164232
2789007242608172137
0 6 0 7 -1  0.109419
2789015334034773120
0 6 1 7 -1  0.038152
2789258516656511866
0 1 2 2 -1  -0.0309031
2789278093072213986
1 3 3 1 -1  -0.9
2789378241766853137
3 0 4 1 -1  0.81
2789523886925194056
0 2 3 5 -1  -0.038152
2789611654560456038
4 3 5 3 -1  0.228768
2789627300862297064
2 1 3 0 -1  -0.228768
2790033496804031699
0 5 4 5 -1  0.0471013
2790186985901952469
2 2 3 3 -1  0.0423911
2790292889020399003
3 1 4 0 -1  0.9
2790523623131663269
0 5 0 4 -1  -0.0202755
2790557416679358567
2 4 3 4 -1  -0.205891
2790714914288295684
1 3 2 1 -1  -0.0797664
2791016414263252589
0 4 0 6 -1  -0.00131002
2791095458533011213
1 3 0 5 -1  -0.228768
2791263162186353806
1 7 3 7 -1  0.00463839
2791431531594622751
3 1 5 0 -1  -0.478297
2791659735991352482
7 3 2 3 -1  -1
2791690768853023831
1 0 3 0 -1  -0.0133028
2791708602173629335
0 4 1 4 -1  -0.0646108
2791730194496775781
1 3 2 5 -1  -0.166772
2791771700410071793
5 1 4 1 -1  -0.38742
2791836031238558598
0 2 2 4 -1  -0.0471013
2792381878808056091
1 4 0 3 -1  0.098477
2792415909257251504
0 7 0 2 -1  -0.0523347
2792579015909493792
1 3 0 5 -1  0.0343368
2792721241554613678
4 6 2 4 -1  0.228768
2792796158133524908
3 6 3 3 -1  -0.478297
2792899437633765103
2 6 3 6 -1  -0.478297
2792968730892932567
3 2 1 4 -1  0.135085
2793091315872184758
2 3 3 1 -1  0.430467
2793139517585812342
5 6 5 7 -1  -0.348678
2793209543450211163
0 4 2 4 -1  -0.205891
2793806289721870435
5 7 3 6 -1  0.0423911
2794177907930325370
1 0 2 1 -1  -0.0423911
2794221772725071154
0 4 0 6 -1  0.0164232
2794236398807773024
3 0 5 1 -1  0.150095
2794575958758464552
0 4 7 4 -1  -0.150095
2794607874655904951
3 6 4 6 -1  -0.0423911
2794718724432217215
1 0 2 0 -1  -0.0717897
2794719104719772311
5 0 5 4 -1  -0.531441
2794783852258039526
0 4 7 4 -1  -0.0646108
2794822679507682652
3 1 4 2 -1  0.0646108
2794836479844265127
4 3 4 5 -1  0.59049
2794840930177546901
6 3 4 3 -1  -0.9
2795078013514430959
5 4 0 4 -1  -0.0886293
2795244914636836136
3 3 5 3 -1  -0.0581497
2795257461240545467
3 6 3 5 -1  -0.135085
2795386876713573811
2 5 4 4 -1  0.0309031
2795526708896521807
0 3 1 4 -1  -0.0423911
2795682759822831103
2 5 3 3 -1  -0.0471013
2795743948220227774
5 0 5 7 -1  0.00785516
2795755886822915151
0 1 0 3 -1  -0.109419
2795953823555392285
0 4 0 6 -1  0.0343368
2795971468507006216
4 3 5 3 -1  -0.31381
2795997610918677377
3 2 1 1 -1  0.228768
2796137341390455672
2 0 4 2 -1  -0.166772
2796272390494358779
2 6 2 7 -1  -0.81
2796592527728282347
4 2 6 0 -1  -0.31381
2796594795331840120
1 3 3 3 -1  -0.228768
2796697125463509710
6 0 4 2 -1  0.0202755
2796991644927999010
0 1 0 2 -1  -0.6561
2797293984127148000
6 3 3 6 -1  -0.6561
2797502553882047257
0 6 2 5 -1  -0.00572641
2797589469737315330
4 5 5 6 -1  -0.348678
2797752654672396896
5 4 7 3 -1  -0.282429
2797851821406830775
0 3 3 3 -1  -0.205891
2797873701608390528
1 4 2 4 -1  1
2797980158716199819
2 2 4 3 -1  -0.098477
2798109097598082168
4 3 1 0 -1  -0.6561
2798360885571328610
7 2 5 1 -1  0.254186
2798594321196905136
0 0 0 2 -1  0.150095
2798844839470487068
0 4 4 4 -1  -0.31381
2798881287531309206
2 5 4 4 -1  0.228768
2799171652555287344
3 3 2 1 -1  -0.0471013
2799573210939888527
1 7 3 7 -1  -0.00199668
2799635363709340970
6 1 4 3 -1  0.282429
2799716733829928976
1 6 2 6 -1  0.282429
2799784254404892423
0 2 2 4 -1  0.0250315
2799797123226728209
1 0 2 1 -1  -0.531441
2799868596764271776
6 0 6 7 -1  0.59049
2800094737703516224
0 5 0 4 -1  -0.098477
2800158660185682417
4 4 2 3 -1  -0.430467
2800183193725761472
0 5 0 3 -1  0.0471013
2800305416399603007
2 5 5 5 -1  -0.729
2800330558354329747
1 4 2 4 -1  -0.348678
2800718971987010375
3 2 4 1 -1  0.531441
2800886669005409301
3 0 3 2 -1  0.00636268
2801306970693245049
2 0 5 3 -1  -0.478297
2801310128607020155
4 2 2 2 -1  0.59049
2801314580887362800
1 1 2 1 -1  -0.0886293
2801332153297828561
3 1 5 3 -1  -0.038152
2801623089566102857
2 3 4 1 -1  -0.0523347
2801959425534907605
0 5 0 3 -1  0.0133028
2802481946279229691
1 4 2 3 -1  -0.098477
2802757852890571018
0 3 0 4 -1  -0.0471013
2802868152794786506
3 1 3 0 -1  -0.038152
2802899455233982241
3 5 1 3 -1  -0.185302
2802923551745462299
3 0 4 0 -1  0.00199668
2802968834883908772
2 4 4 5 -1  0.0202755
2802982109074870739
3 5 4 6 -1  0.150095
2803211109682990580
0 4 0 6 -1  -0.00969773
2803227335788889022
1 2 1 5 -1  0.282429
2803245706731255127
4 3 3 5 -1  -0.018248
2803384510595527711
0 4 3 4 -1  -0.282429
2803434023250761389
2 5 3 7 -1  -0.0202755
2803441543319244714
2 4 3 4 -1  -0.38742
2803656833329668088
2 2 3 3 -1  0.0236763
2803742222704760233
0 5 5 0 -1  0.81
2804119229924868310
5 7 6 7 -1  -0.81
2804209702056355253
1 4 5 4 -1  -0.59049
2804306193648046825
1 7 3 7 -1  0.0471013
2804465898725014371
0 2 1 2 -1  0.59049
2804624546631125742
1 6 2 6 -1  -0.0717897
2805368160976056735
3 2 2 1 -1  -0.150095
2805473008680628546
1 7 3 7 -1  -0.0225284
2805616178941357637
1 3 1 4 -1  -0.109419
2805645017180594014
4 4 6 4 -1  -0.9
2805912513776967964
1 6 2 6 -1  0.0581497
2805929082686942682
0 5 2 4 -1  -0.000104495
2806052578809078301
1 7 2 7 -1  0.6561
2806237240683146011
2 5 2 6 -1  -0.121577
2806341745210203297
1 4 2 3 -1  -0.150095
2806437163880701979
0 2 3 2 -1  -0.205891
2806496725337994439
0 6 0 5 -1  -0.348678
2806598306310423337
3 5 2 5 -1  0.0309031
2806632705625706410
1 2 2 1 -1  0.38742
2806653836637374092
2 2 3 4 -1  -0.0309031
2806674742568480746
0 2 2 4 -1  0.38742
2807171893942645735
1 1 3 1 -1  -0.81
2807345256578562493
0 6 0 5 -1  0.018248
2808063574151814610
6 2 3 2 -1  0.38742
2808118029377384315
2 7 3 6 -1  0.109419
2808157476272503396
0 5 0 4 -1  0.0119725
2808188167586784992
2 1 3 2 -1  0.0471013
2808208470986447679
0 2 0 1 -1  0.0471013
2808213118530652785
3 4 1 2 -1  -0.478297
2808546516606809629
3 3 4 3 -1  0.0523347
2808572100092333940
1 4 3 6 -1  -0.0309031
2808668470448873423
0 3 0 5 -1  0.0523347
2808711952318929431
0 1 1 3 -1  -0.0278128
2808773791222069697
7 1 7 4 -1  -0.018248
2808777253387106671
3 0 2 2 -1  0.135085
2808933815213376804
1 4 3 4 -1  -0.0133028
2808940705296211223
1 3 1 5 -1  -0.166772
2809138953571825454
2 5 4 4 -1  -0.0250315
2809163459512709540
2 5 3 3 -1  2.15147e-05
2809316160610021823
2 4 3 2 -1  0.00872795
2809419862118993709
2 5 4 4 -1  -0.00706964
2809455425646852932
4 4 3 3 -1  -0.00145558
2809621517135510765
2 4 3 4 -1  -0.0343368
2809692759269569500
0 2 3 5 -1  0.0107753
2809778797566590447
0 5 1 5 -1  0.038152
2810143191649275966
0 4 0 6 -1  -0.00221853
2810280816783813061
0 5 1 6 -1  0.282429
2810316593098803907
3 2 5 3 -1  0.098477
2810470309259141477
0 2 0 1 -1  -0.205891
2810557917270065861
5 4 7 2 -1  -0.038152
2810808132399888664
0 3 0 2 -1  0.135085
2810926399116899044
5 3 3 1 -1  -0.38742
2811007884220960908
4 2 2 0 -1  0.0471013
2811069559100863553
4 0 3 2 -1  -1
2811358396503118154
0 3 0 2 -1  0.038152
2811380950734715931
4 0 5 1 -1  -0.166772
2811589979924573591
0 6 1 5 -1  -0.00463839
2811726773991044803
1 5 2 5 -1  -0.228768
2811867580440816719
4 3 5 2 -1  0.6561
2812159559360824075
4 7 4 6 -1  1
2812215049947055202
1 5 2 4 -1  -0.228768
2812332108054268883
3 0 1 2 -1  0.121577
2812453429026313580
1 6 4 3 -1  -0.0613802
2812475983063406916
2 3 4 1 -1  -0.038152
2812582002688004478
0 0 0 3 -1  -0.00515377
2812805305493126265
0 5 0 0 -1  -0.00338139
2812808818821654178
1 3 2 3 -1  -0.098477
2813002703483996411
1 5 2 5 -1  -0.531441
2813037021094922914
1 6 3 6 -1  -0.0523347
2813046790190783829
2 1 2 2 -1  0.166772
2813049927903991357
1 4 2 5 -1  -0.254186
2813146734673197547
2 6 4 7 -1  0.0886293
2813188945797781130
3 6 4 6 -1  -0.9
2813314162278222293
1 6 3 6 -1  -0.0718779
2813360504967465692
0 5 0 3 -1  0.0523347
2813446325429601203
1 1 1 2 -1  0.81
2813497432457127916
2 7 3 7 -1  0.038152
2813510415474723522
3 3 3 0 -1  -0.430467
2813547710509201806
6 6 6 5 -1  0.430467
2813597212160731358
3 3 2 3 -1  0.348678
2813615628045255959
0 0 7 0 -1  -0.0886293
2813626970988971192
6 4 7 3 -1  0.38742
2813681475846102416
0 5 3 2 -1  0.729
2813805703283336456
3 6 2 5 -1  -0.254186
2813845137659716730
0 4 0 6 -1  -0.0147809
2814205336794706984
4 2 2 2 -1  -0.0797664
2814407341643817487
3 4 4 3 -1  -0.185302
2814566374306839691
3 6 1 4 -1  0.000773553
2814603677263230518
6 5 7 4 4  -0.0523347
2814683741042593901
2 0 6 0 -1  0.38742
2814807020368655150
6 3 6 4 -1  -0.109419
2814939052646452742
6 0 6 4 -1  -0.00463839
2815009948519823907
1 2 1 3 -1  0.185302
2815087614849719211
3 7 6 4 -1  -0.531441
2815119566847963044
2 5 4 4 -1  0.00515377
2815125283213037410
2 6 3 6 -1  0.135085
2815218865584424043
0 3 1 3 -1  0.0317989
2815328464333389030
2 3 4 2 -1  0.478297
2815978949418225946
2 6 3 4 -1  0.0107753
2815986898297731327
1 7 2 6 -1  -0.205891
2816195033381226247
2 7 3 7 -1  0.150095
2816202732963049929
5 7 6 7 -1  -1
2816267283878068330
6 4 5 6 -1  0.31381
2816291248386157281
1 1 1 3 -1  0.6561
2816556224688737572
0 5 5 5 -1  -0.038152
2816591324439583376
0 7 0 3 -1  0.531441
2816890300079665200
2 1 1 0 -1  -0.000411098
2816942719377342406
5 4 6 4 -1  0.6561
2816974553716325420
1 0 0 0 -1  -0.185302
2817039670276468498
4 3 4 4 -1  -0.59049
2817231633056604886
4 6 1 3 -1  0.0886293
2817480162153511730
2 5 1 3 -1  -0.0581497
2817662411205946733
3 6 4 6 -1  -0.81
2817710271079835817
2 6 0 5 -1  -0.0581497
2817889035804878404
0 6 1 5 -1  0.205891
2817912089417701757
0 4 0 6 -1  -0.0797664
2818111753661367547
1 7 0 7 -1  0.81
2818135254150042270
0 0 0 2 -1  0.0886293
2818203192692698809
5 7 4 7 -1  0.0797664
2818890447310936582
3 6 4 6 -1  -0.282429
2819216034509023598
4 7 5 7 -1  -0.9
2819590965650839410
0 0 0 3 -1  -0.0717897
2819685761160372456
1 3 2 2 -1  -0.729
2820113703133871814
2 5 6 1 -1  0.729
2820233682288555119
4 5 5 5 -1  0.6561
2820426268369918786
1 3 3 2 -1  -0.150095
2820452711642858807
7 2 7 3 -1  0.729
2820647144976629779
4 7 5 7 -1  -0.228768
2820702888603902921
1 4 2 5 -1  0.0225284
2820742582338765637
5 6 3 7 -1  0.135085
2821019078909100392
0 5 2 6 -1  0.00463839
2821066692457402024
0 6 1 5 -1  -0.0471013
2821140094587674289
3 6 2 5 -1  0.6561
2821418582935776427
2 0 2 4 -1  0.6561
2821475621339951750
1 0 1 3 -1  -0.135085
2821616087661710978
4 0 5 0 -1  0.282429
2821807561074437541
0 6 2 5 -1  -0.0343368
2821909736488308153
0 5 1 6 -1  -0.0343368
2821920996811693510
0 0 0 1 -1  0.0147809
2822036075866148289
2 4 0 3 -1  -0.9
2822041880045862271
3 7 4 6 -1  0.430467
2822118673892535316
2 5 3 4 -1  0.185302
2822476277573306184
0 4 2 3 -1  0.0225284
2822524255525852836
3 6 4 6 -1  -0.430467
2822684393201531529
2 2 1 1 -1  0.59049
2822749417130560139
1 5 3 5 -1  0.282429
2823000735072555520
1 3 0 5 -1  -0.0471013
2823006238303795857
6 2 7 4 -1  -0.228768
2823640694433401432
2 4 5 7 -1  0.0250315
2823649634742058499
1 4 2 3 -1  -0.000859503
2823674349673066875
0 0 0 1 -1  0.0119725
2824003735301733745
5 0 6 0 -1  -0.59049
2824329579504073964
2 3 3 2 -1  -0.0225284
2824457190591235676
1 0 3 0 -1  -0.38742
2824486315363875851
1 1 2 2 -1  0.0797664
2824643269567412067
2 2 4 3 -1  -0.0717897
2824752304052469461
2 5 3 4 -1  -0.59049
2824820955297372020
3 3 5 4 -1  0.000196627
2824838213886629796
1 2 2 3 -1  -0.31381
2825006530223544650
0 5 2 7 -1  0.0424361
2825851708601514436
0 4 5 4 -1  0.0717897
2825859018940892387
0 0 0 3 -1  -0.0107753
1 0 2 0 -1  0.0459457
2826012049664373797
2 5 5 2 -1  -0.81
2826202832655978830
2 6 1 6 -1  0.729
2826519209644095922
7 3 1 3 -1  0.228768
2826691856050608186
1 7 0 7 -1  0.31381
2826758188956438729
1 6 2 6 -1  0.0202755
2826972705860981387
0 4 1 4 -1  0.00636268
2827116963277403147
3 7 4 7 -1  -0.282429
2827231341411785341
1 0 2 1 -1  0.0717897
2827517469892979787
2 5 2 4 -1  -0.31381
2827588936463840894
0 4 0 6 -1  -0.0278128
2827599883412809699
4 6 5 6 -1  -0.38742
2827737203659303110
3 3 0 3 -1  0.254186
2827900666275772498
5 5 4 4 -1  -0.282429
2828109800068171138
0 2 1 1 -1  -0.00029969
1 2 2 1 -1  -0.000369988
2828251135468237637
0 1 1 3 -1  -0.00583039
0 1 2 2 -1  -0.00183
3 4 4 3 -1  -0.00458259
3 4 4 4 -1  -0.0208058
2828517942165120395
0 3 1 4 -1  0.00969773
2828568899917216162
3 4 4 4 -1  -0.135085
2828570546782517617
0 3 1 2 -1  -0.00969773
2828728916785467707
2 5 4 4 -1  0.0523347
2828933849264351744
1 1 3 1 -1  -0.0309031
2829197082882030821
3 3 4 3 -1  0.38742
2829203882590115297
1 3 0 3 -1  -0.0202755
2829538471409669759
1 1 0 1 -1  -0.0717897
2829657341215654688
6 0 1 0 -1  -0.0646108
2829884965000470026
6 7 6 2 -1  -0.9
2830083342629960695
2 5 2 6 -1  0.31381
2830151622399168422
0 3 1 3 -1  -0.185302
2830458017478152091
2 4 4 2 -1  0.0886293
2830502901261571230
3 6 4 6 -1  0.121577
2830638498233121877
0 3 4 7 -1  -0.228768
2830645521383615720
0 2 2 0 -1  -0.254186
2830834580166840877
1 0 3 0 -1  1
2830867952675058733
2 5 1 7 -1  -0.228768
2830922438599517558
0 6 1 6 -1  -0.205891
2831397234918486991
2 7 3 7 -1  -0.0164232
2831505477137410309
2 3 3 4 -1  -0.0278128
2831663624109783173
4 1 5 2 -1  0.59049
2831729859286986529
0 2 4 6 -1  -0.0471013
2831756088270973249
3 7 2 7 -1  -0.6561
2831790800458004615
1 5 3 3 -1  -0.6561
2831882502759938540
4 5 3 4 -1  -0.59049
2832017763486700603
3 1 2 2 -1  -0.0471013
2832296165043568577
2 1 4 2 -1  -0.121577
2832351628514922083
1 3 4 6 -1  0.31381
2832360323408122804
1 3 1 5 -1  0.0147809
2832371796169321405
1 6 1 3 -1  0.430467
2832380380233991071
0 4 0 2 -1  -0.0423911
2832410829976430692
0 2 3 2 -1  0.0309031
2832615689614273025
3 6 4 6 -1  -0.228768
2832708381497079773
0 6 1 7 -1  -0.185302
2832922496601593617
2 6 1 6 -1  1
2833111435563659780
2 4 3 4 -1  -0.228768
2833359770351768552
2 2 3 4 -1  -0.0164232
2833874300859906774
3 7 1 5 -1  -0.135085
2834391330464650695
0 0 0 4 -1  -0.0886293
2834476187345078417
5 1 7 2 -1  0.00636268
2834618471782683031
3 7 1 5 -1  1
2834715883355954095
3 3 5 2 -1  -0.0581497
2834797698814499506
1 5 2 5 -1  0.0343368
2834892190847672227
0 4 0 2 -1  -0.0202755
2834973022151534097
5 5 6 5 -1  -0.185302
2835125672188794442
1 7 2 7 -1  0.0250315
2835192317538314747
3 4 4 3 -1  -0.0886293
2835329691073989091
3 1 2 3 -1  -0.0250315
2835524746887594003
4 0 5 1 -1  -0.38742
2835751001779212943
0 1 2 2 -1  -0.0107753
2835804821940495122
1 6 2 6 -1  -0.109419
2836012477232332694
4 0 4 6 -1  0.430467
2836061433646384227
3 7 4 6 -1  -0.282429
2836383614988473991
0 2 2 4 -1  -0.205891
2836459264267260351
0 5 0 4 -1  -0.011318
2836739264930621635
0 2 1 3 -1  -0.00179701
2836949737953049416
3 4 3 3 -1  -0.81
2836985535576428986
0 2 4 6 -1  0.0037571
2837150591722970452
1 1 2 1 -1  0.0286317
2837324031468397352
0 4 0 2 -1  0.0717897
2837507906076609178
1 6 2 6 -1  0.0581497
2838135465128124987
1 4 0 6 -1  0.0133028
2838176192065357064
0 7 0 6 -1  0.81
2838214890675259244
0 3 2 5 -1  -0.109419
2838267639949181726
5 3 6 3 -1  -0.9
2838700993476299168
2 2 3 2 -1  -0.00872795
2838876002417321370
4 4 4 6 -1  -0.531441
2839050100211746350
0 1 2 2 -1  0.0113739
2839066834238903367
0 6 1 5 -1  -0.018248
2839229793922372801
7 2 5 3 -1  -0.150095
2839283743536763008
1 4 2 3 -1  0.31381
2839524627190018379
1 3 2 4 -1  -0.0717897
2839948539232683951
4 2 6 0 -1  -0.135085
2840024368391491477
1 1 2 1 -1  -0.135085
2840193825196348851
2 7 2 5 -1  -0.121577
2840285148293939736
4 3 6 5 -1  -0.166772
2840435162337628256
0 5 1 6 -1  0.0309031
2840996728785229413
1 2 2 1 -1  -0.31381
2841142874515829743
0 2 2 2 -1  -0.098477
2841712099323413011
3 7 5 5 -1  -0.0278128
2842088097312520222
1 7 0 6 -1  -0.135085
2842215944700078411
2 5 3 5 -1  0.38742
2842529529317786949
2 3 3 4 -1  0.00246503
2842814531984255863
3 2 3 6 -1  0.00872795
2842835499970728883
0 5 0 4 -1  -0.018248
2842851176096075910
2 2 4 3 -1  -0.6561
2842937691956376999
5 3 6 3 -1  0.0886293
2842950435509362905
3 4 5 5 -1  -0.81
2843135853651387609
1 0 2 1 -1  0.00338139
2843298275614560252
0 4 0 2 -1  0.59049
2843570316464343833
1 3 1 4 -1  0.00161731
2843754734390012975
2 3 3 2 -1  -0.150095
2843790509249013080
2 3 1 2 -1  0.205891
2843962893169716334
1 6 2 5 -1  0.478297
2843969372873692636
4 6 5 4 -1  0.31381
2844005044682569287
3 3 4 5 -1  -0.348678
2844099145905612507
0 2 4 6 -1  0.0465469
2 2 1 4 -1  -0.0225284
2844301051747081604
1 4 0 4 -1  -0.0886293
2844368519130647224
2 5 3 5 -1  -0.098477
2844506644679677095
3 7 4 7 -1  -0.038152
2844654286496873371
0 2 1 3 -1  0.0202755
2844918073580592365
1 1 2 2 -1  -0.0250315
2844957940059241257
4 1 5 0 -1  0.228768
2845020206913560852
3 3 5 2 -1  0.0133028
2845584493615282719
3 7 4 7 -1  0.430467
2845599756154832832
3 7 2 7 -1  -0.205891
2845840110506089538
5 0 7 2 -1  -0.166772
2846153477983459753
1 1 2 1 -1  0.0523347
2846587380074231197
3 3 1 3 -1  -0.6561
2846730510896158724
4 0 5 1 -1  -0.348678
2846735287779253148
1 6 3 4 -1  0.31381
2846740182675927312
0 2 0 3 -1  0.254186
2846849919826999721
0 4 5 4 -1  -0.478297
2846876668333787309
2 7 7 7 -1  -1
2846880613197139639
6 3 6 4 -1  0.254186
2847088158280394674
1 5 3 5 -1  -0.166772
2847217260422711513
3 4 2 5 -1  0.0797664
2847281181586440913
1 7 0 5 -1  0.135085
2847398470083016846
4 2 3 0 -1  0.531441
2847430230204933921
2 5 3 5 -1  0.59049
2847467006494000889
0 2 1 3 -1  -0.185302
2847512283906917034
0 1 1 3 -1  0.0886293
2847520093057736369
0 2 2 4 -1  0.0581497
2847766433300381430
3 3 4 3 -1  -0.729
2847807267997874570
0 2 0 5 -1  -0.00463839
2848118215549600336
4 3 5 2 -1  -0.0225284
2848467085107340161
2 6 3 5 -1  -0.6561
2848548550330224301
6 1 4 1 -1  0.185302
2848641886724625233
3 5 2 4 -1  -0.531441
2848660652282809217
0 1 4 5 -1  -0.38742
2848708326707386524
1 2 3 0 -1  0.254186
2848936987798686074
5 2 6 3 -1  0.531441
2848960969036989151
3 2 2 1 -1  -0.0147809
2848990966598334807
4 3 5 3 -1  0.31381
2849034879817232219
0 2 4 6 -1  0.31381
2849102014295134669
0 4 0 2 -1  -0.31381
2849264871165034870
4 2 5 3 -1  0.531441
2849362826751379378
0 7 1 6 -1  -0.531441
2849683888318318552
1 3 4 0 -1  -0.0797664
2849916533897037892
5 0 3 0 -1  -0.282429
