3129916618668842473
0 5 1 6 -1  -0.0147809
3129984855348850791
0 5 2 3 -1  0.00895681
3130060863864362611
4 3 5 2 -1  -0.018248
3130141206151436206
5 5 5 0 -1  0.478297
3130464058315934755
0 1 0 0 -1  1
3130556008704757577
1 4 1 2 -1  -0.00246503
3130866130617801035
2 5 1 3 -1  0.228768
3130888850199410390
0 2 2 4 -1  -0.018248
3130898382891234704
0 5 1 6 -1  0.0423911
3131077407501449763
0 3 1 2 -1  -0.00131002
3131102704558190050
2 7 6 3 -1  0.6561
3131193151847785844
1 1 2 1 -1  0.0581497
3131315813974933206
0 5 0 3 -1  -0.0250315
3131406688404384710
2 0 3 2 -1  -0.0250315
3131447583715736442
0 3 3 0 -1  -0.0423911
3131507317225486331
2 5 3 5 -1  0.0797664
3131525455383882209
4 1 7 4 -1  -0.38742
3131620986520911318
0 0 0 4 -1  -0.729
3131956494104748052
2 4 4 3 -1  0.0278128
3132079378839243477
5 7 4 7 -1  0.38742
3132136297291211951
1 2 2 1 -1  -0.729
3132211858045621713
1 4 2 4 -1  -0.31381
3132274907331672547
1 5 1 4 -1  -0.098477
3132365690039860322
0 4 1 5 -1  0.254186
3132398604284723823
0 3 1 2 -1  -0.00572641
3132437949351703381
0 5 0 1 -1  -0.31381
3132502577994270531
0 0 0 3 -1  -0.0309031
3132529544549403385
1 2 0 2 -1  -0.098477
3132568790192933503
1 7 3 7 -1  -0.31381
3132672242323341439
3 7 2 5 -1  0.000411098
3132674103202349437
1 3 3 3 -1  -0.0646108
3132740221769348345
2 5 1 3 -1  0.531441
3133067760171837981
3 4 4 4 -1  -0.0225284
3133139681219072456
3 2 5 0 -1  -0.0250315
3133583496851275678
1 0 3 0 -1  0.00246503
3133600967062747992
0 3 0 4 -1  -0.0797664
3133825616940933788
4 6 3 5 -1  -0.0423911
3134107829795397501
3 0 4 0 -1  0.0797664
3134640343279386782
4 4 5 5 -1  -0.0343368
3134734948944035583
1 7 3 7 -1  -0.0423911
3134914703420086341
2 5 1 4 -1  -0.38742
3135016628376748979
6 2 4 0 -1  0.0250315
3135195052648108647
6 0 7 0 -1  0.81
3135378655095116622
5 4 4 5 -1  1
3135489476766055091
3 7 5 5 -1  0.0581497
3135811916619886711
3 2 5 1 -1  -0.0646108
3135936787195570121
4 2 6 4 -1  -0.254186
3136238213772166742
4 0 5 0 -1  -0.0202755
3136402697155115263
3 3 1 1 -1  -0.348678
3136462014887620713
1 1 0 0 -1  0.0250315
3136495912764011682
2 4 3 5 -1  -0.38742
3136622594789565559
0 7 0 6 -1  0.0343368
3136710420270761440
4 3 5 3 -1  -0.121577
3136782484523567962
2 2 3 0 -1  -0.59049
3136883037390056751
3 5 4 5 -1  0.00969773
3136934621500990843
0 2 3 5 -1  0.000242749
3136943446044517106
0 4 0 6 -1  -0.0646108
3136994903555289715
1 5 3 5 -1  -0.150095
3137020449411377323
6 2 7 1 -1  0.6561
3137069334846234090
3 0 4 0 -1  0.729
3137112418432372643
0 1 0 2 -1  0.098477
3137118808020520438
3 7 2 6 -1  -0.0646108
3137484471990526001
1 5 2 6 -1  -0.59049
3137633208880814140
3 3 5 2 -1  0.0797664
3137967571533564024
1 7 0 6 -1  0.150095
3138061814136951966
0 4 0 6 -1  -0.0471013
3138960103897663491
5 4 4 2 -1  -0.185302
3139186114289086788
0 4 1 5 -1  -0.00161731
3139233919670935769
2 2 3 3 -1  0.282429
3139293186184888968
1 5 2 4 -1  -0.000507528
3139572729869022431
3 3 4 2 -1  -0.59049
3139645546763928120
2 3 3 4 -1  0.150095
3139791877870507756
2 5 4 6 -1  -0.166772
3139880008614003014
6 5 6 0 -1  0.81
3140058071043998079
1 4 2 4 -1  0.0886293
3140113270679037468
0 1 2 2 -1  -0.00804441
3140196711348573056
3 3 4 3 -1  -0.0225284
3140199491676212441
4 3 6 4 -1  0.038152
3140250300721700841
1 4 3 4 -1  -0.0278128
3140251291058366484
3 2 4 3 -1  -0.00179701
3140319835164214317
1 3 2 4 -1  -0.0523347
3140475099712718838
6 4 5 4 -1  -0.430467
3140656932533307088
1 1 3 1 -1  -0.0717897
3140663796092316937
1 0 2 0 -1  -0.59049
3140678456101886298
1 2 0 3 -1  -0.0309031
3140912533737361252
1 4 1 5 -1  -0.166772
3141418173100783112
1 1 2 1 -1  -0.109419
3141550492916228251
0 2 2 3 -1  -0.38742
3141570641781569648
1 1 2 1 -1  0.0886293
3142015969774939559
2 6 1 7 -1  -0.6561
3142037965098111984
0 5 1 5 -1  1
3142151800714113264
5 2 4 1 -1  0.00872795
3142326760694493607
3 4 3 6 -1  -0.228768
3142733282551913272
2 5 0 3 -1  0.121577
3142782941304731869
1 5 2 6 -1  0.0646108
3142798531347819671
0 6 1 6 -1  0.81
3142858794236185392
3 3 4 1 -1  0.0523347
3143288116899595101
2 4 4 3 -1  0.81
3143424936647768989
3 1 2 0 -1  0.729
3143501505374509462
0 0 0 2 -1  0.0250315
3144117072302726359
1 5 2 4 -1  0.282429
3144205237950984781
1 4 3 2 -1  -0.531441
3144610782101460409
2 3 3 2 -1  -0.254186
3144796934093584179
3 4 4 6 -1  -0.478297
3145081122701025335
0 5 1 5 -1  -0.348678
3145093034705846828
1 1 1 0 -1  0.228768
3145307516315467900
3 4 3 7 -1  -0.0164232
3145665169651466850
3 1 3 2 -1  -0.6561
3145674038185889843
0 7 0 4 -1  0.0225284
3145844410172453372
5 1 7 2 -1  0.348678
3145950245690524530
4 7 5 6 -1  -0.0523347
3145979489234842962
4 7 5 6 -1  -0.348678
3146176115287764843
0 2 6 2 -1  -0.00338139
3146218805270453929
4 0 6 1 -1  -0.228768
3146248904088497307
5 7 3 6 -1  0.478297
3146323017784268289
2 6 3 5 -1  -0.0423911
3146415310774692808
5 4 6 5 -1  1
3146687326309440602
1 1 2 2 -1  -0.00636268
3146727263603112082
0 2 1 2 -1  -0.0164232
3146948805929843216
1 1 2 1 -1  -0.098477
3147175539761784411
1 6 2 6 -1  -0.31381
3147235281684299052
2 5 4 4 -1  -0.31381
3147341326246583087
2 5 2 6 -1  -0.0646108
3147377330649076849
0 4 0 6 -1  0.0471013
3147386478906174186
2 5 1 4 -1  -0.00785516
3147655124911701007
4 6 4 4 -1  -0.478297
3147661366465640470
4 6 5 5 -1  -0.121577
3147758092091587551
4 0 0 0 -1  0.135085
3147796232188853839
2 3 2 6 -1  -0.282429
3147819411575439181
3 5 4 5 -1  -0.531441
3147905265602295160
3 5 5 3 -1  0.59049
3148099920242567977
6 5 6 6 -1  -0.348678
3148479749828050146
1 3 3 5 -1  0.0717897
3148535712932137138
0 0 0 2 -1  -0.135085
3148536658611079588
3 2 1 2 -1  -0.0343368
3148550132973806348
1 4 0 5 -1  0.135085
3148604334312425373
1 7 2 6 -1  0.0107753
3148834146194778149
3 4 4 3 -1  0.0119725
3149220544679373569
6 1 7 1 -1  -0.729
3149267202977623330
1 5 0 4 -1  0.81
3149292863891591811
7 0 5 0 -1  0.9
3149317359433168083
2 5 3 4 -1  -0.0119725
3149318682739264030
2 6 2 5 -1  -0.0891217
3149413499492219266
1 3 1 7 -1  -0.0343368
3149417198068553718
2 6 2 3 -1  0.0717897
3149815637881084355
1 7 1 6 -1  -0.0526255
3150056155526235597
0 4 0 3 -1  -0.430467
3150167575727616408
2 4 1 3 -1  0.38742
3150278696237542906
1 7 3 7 -1  -0.254186
3150414845110941097
1 0 3 0 -1  0.109419
3150547225630406528
1 2 2 1 -1  -0.0886293
3150745770854495451
7 1 6 1 -1  0.0886293
3151253908361870382
0 5 0 4 -1  0.0646108
3151368546646981524
0 2 2 4 -1  -0.0225284
3151662382738663101
0 6 0 1 -1  0.0733895
3151723053845608793
0 5 1 4 -1  -1.14338e-05
3151818136052352747
2 1 3 1 -1  0.0147809
3151893665605407022
3 2 2 2 -1  -0.098477
3151896353413173691
4 2 5 4 -1  -0.00969773
3151949392929013990
3 4 5 3 -1  -0.109419
3152265234090152802
0 1 2 2 -1  -0.0107753
0 5 1 4 -1  0.021096
0 5 3 2 -1  -0.0160071
1 2 2 2 -1  -0.0767782
1 2 3 2 -1  0.0423911
3152536862192674088
4 5 5 5 -1  -0.81
3152739922219260879
1 3 4 3 -1  0.150095
3152865739570230465
3 2 4 3 -1  0.0202755
3153168349074330851
1 1 3 1 -1  0.00969773
3153288419462962649
1 1 2 0 -1  0.135085
3153320150538607843
2 7 3 7 -1  -0.729
3153389129546209160
2 3 3 2 -1  -0.31381
3153592112060096550
1 4 2 4 -1  -0.729
3153878157824967010
3 3 1 4 -1  -0.59049
3153926308313105200
1 2 3 4 -1  0.31381
3154004197829404230
2 5 3 4 -1  1
3154007905171779726
0 4 7 4 -1  -0.0164232
3154220574169589385
2 3 5 6 -1  -0.150095
3154329791289730254
0 1 0 2 -1  -0.000218474
3154401020214335862
2 2 3 3 -1  -0.150095
3154451328386633934
1 2 0 3 -1  0.31381
3154468966266315575
3 3 5 4 -1  -0.0202755
3154491197171341578
1 0 3 0 -1  -0.185302
3154513735874171948
0 6 1 5 -1  -0.0278128
3154750011052997771
1 4 3 4 -1  0.0164232
3154873585395802434
0 6 0 7 -1  0.0581497
3155070569419526979
0 4 0 5 -1  -0.0147809
3155115923344385603
6 3 4 3 -1  -0.205891
3155156618216978701
3 4 4 4 -1  0.0250315
3155188052951373873
3 3 4 3 -1  -0.00706964
3155389926469843822
0 6 1 7 -1  -0.0309031
3155438054611603161
0 5 3 2 -1  -0.478297
3155700564778423516
3 1 4 1 -1  0.150095
3155785816353392604
0 4 0 3 -1  -1
3155949774316736858
2 5 1 3 -1  -0.0797664
3155958244088038812
6 1 3 1 -1  0.109419
3156061259272742393
2 5 1 7 -1  -0.31381
3156124895174728225
1 0 2 0 -1  0.00636268
3156206458227426359
0 2 1 1 -1  -0.00108668
3156364014261381700
2 3 1 2 -1  0.81
3156583265830613115
0 0 0 3 -1  -0.348678
3156606018013780180
5 2 4 3 -1  -0.205891
3156682982395256550
3 5 4 5 -1  -0.254186
3156813668821594502
0 6 2 5 -1  -0.00572641
3156913027390809187
4 5 5 7 -1  -0.31381
3157207320850507847
1 6 2 5 -1  -0.00969773
3157224997703773380
3 5 3 4 -1  -0.150095
3157281287810039681
5 2 6 2 -1  -0.81
3157931000105172235
0 4 0 6 -1  -0.000332989
3157970977464142834
0 4 7 4 -1  -0.478297
3158144952924966119
3 6 3 5 -1  0.0886293
3158149967404393238
2 3 3 4 -1  -0.135085
3158219737119305337
3 1 4 2 -1  -0.38742
3158242248894897057
3 0 2 1 -1  -0.282429
3158255565700559830
1 4 2 5 -1  -0.6561
3158289997028644771
2 1 3 1 -1  0.282429
3158422331223980948
1 6 1 5 -1  0.0202755
3158457260315915084
1 2 2 2 -1  0.0309031
3158707442119602418
2 2 2 5 -1  0.31381
3158734073615617422
0 3 3 3 -1  0.150095
3158820068191346703
3 4 4 4 -1  -0.098477
3158848010892203125
1 2 3 0 -1  -0.00106111
3159147372468909617
5 7 2 4 -1  0.0250315
3159203158151680552
0 3 1 2 -1  -0.0225284
3159204269770689278
1 7 3 7 -1  -0.38742
3159257727115398998
0 2 2 4 -1  -0.109419
3159533247174721218
2 4 2 5 -1  0.0886293
3159534030556063346
3 6 6 3 -1  -0.0646108
3159575650742781980
2 4 4 5 -1  -0.150095
3159608271097336304
0 5 0 2 -1  -0.0617543
3159870961190617295
7 1 7 2 -1  -0.81
3160289487157320044
0 4 2 6 -1  0.6561
3160410285115653422
0 3 2 1 -1  -0.254186
3160452480326448219
3 4 1 6 -1  0.000955003
3160588558263660818
1 5 4 5 -1  -0.729
3160613481973935799
5 1 7 0 -1  1
3160622374376284358
1 0 2 0 -1  0.59049
3160637834789577498
5 2 5 4 -1  -0.6561
3160648743310316466
3 3 4 4 -1  0.729
3160686728119103493
1 2 1 1 -1  -0.0164232
3160735981640420311
4 2 4 0 -1  -0.59049
3160742459817262725
1 1 5 1 -1  -0.6561
3160815287841948809
1 4 4 1 -1  -0.0309031
3160893137578309201
4 6 6 4 -1  -0.185302
3160970745413852342
6 7 7 7 -1  -0.0107753
3161040856406087979
0 4 2 4 -1  0.038152
3161132204978599314
2 2 4 1 -1  0.0523347
3161134606738619680
0 5 4 1 -1  -0.0133028
3161174148951587757
0 1 2 0 -1  -0.0119725
3161546427680689107
5 7 4 6 -1  0.0581497
3161691440923131583
6 7 7 7 -1  -1
3161874817339379291
3 2 2 4 -1  6.17035e-05
3162084510036549607
3 6 4 5 -1  -0.282429
3162136544085942830
1 0 3 0 -1  -0.109419
3162254093055738370
1 2 1 1 -1  0.00463839
3162300244486737740
0 6 0 5 -1  0.31381
3162453006261882039
4 3 2 3 -1  0.0250315
3162645532827569680
2 5 3 3 -1  0.0225284
3162753483225386023
4 6 6 5 -1  -0.0133028
3163133375770374851
2 4 2 3 -1  0.109419
3163436188000928755
5 5 6 5 -1  0.185302
3163598704015809693
0 7 1 7 -1  0.9
3163599853231751745
4 7 3 7 -1  -0.282429
3163675009294283046
3 3 5 2 -1  -0.00969773
3163684523899931987
2 4 3 4 -1  0.166772
3163868294793624038
5 2 5 1 -1  -0.150095
3164465186489066709
3 1 3 2 -1  0.38742
3164689130142644544
6 3 6 7 -1  -1
3164865034711994463
1 2 3 2 -1  -0.00969773
3164877083551358454
5 1 4 1 -1  -0.81
3164989986438380494
2 2 3 1 -1  0.00304325
3165025953101999326
3 5 4 6 -1  -0.0581497
3165061328152541400
1 4 3 5 -1  -0.0164232
3165083909180330062
2 5 4 6 -1  -0.0886293
3165229933852116790
1 3 2 4 -1  -0.228768
3165372418312990415
4 0 4 4 -1  0.9
3165604027561960888
2 3 3 2 -1  0.00872795
3165612396046138578
0 5 4 1 -1  0.00572641
3165719821182319869
3 1 2 2 -1  -0.0646108
3165739733298065142
0 0 0 5 -1  -0.0164232
3165863631056662991
0 5 4 1 -1  -0.00338139
3165904645039535286
3 3 2 5 -1  -0.254186
3165913902773604541
3 3 4 2 -1  -0.121577
3166006709101970496
3 2 4 2 -1  -0.0225284
3166397355022927062
4 3 5 4 -1  0.9
3166444568780882789
0 0 0 2 -1  -0.135085
3166798432452827009
5 2 1 2 -1  0.109419
3166805143494272570
3 5 2 4 -1  -0.0717897
3166863054297533092
4 4 6 3 -1  0.0581497
3166926766568652891
1 5 2 5 -1  0.0886293
3167050701384908034
3 3 4 2 -1  -0.00317932
3167212576444026791
7 6 5 4 -1  -1
3167253125082070996
1 5 0 4 -1  -0.166772
3167356110631752211
0 6 1 5 -1  0.109419
3167401142501798196
0 6 1 6 -1  0.228768
3167407214598121801
0 3 0 6 -1  0.0107753
3167438698655776072
2 2 3 4 -1  -0.0523347
3167544182326425773
1 3 3 2 -1  0.59049
3167758544970025786
3 0 2 2 -1  -0.0225284
3167956012594204062
6 2 4 1 -1  0.478297
3168124286231040059
7 6 6 7 -1  0.0278128
3168757227828416654
1 0 3 0 -1  -0.0886293
3168791393933579348
1 6 2 7 -1  0.205891
3169139003320985253
0 1 2 2 -1  -0.166772
3169195963238804360
1 3 5 7 -1  -0.478297
3169543542950648883
3 5 4 5 -1  0.9
3169853851243969904
2 2 0 3 -1  0.6561
3170078213562501924
1 6 0 5 -1  0.135085
3170159523665743289
6 2 4 3 -1  -0.348678
3170272969705142118
0 0 0 2 -1  0.254186
3170436738300030463
7 0 4 0 -1  -0.254186
3171013861942121864
3 5 1 3 -1  0.185302
3171181983690947916
5 6 5 0 -1  -0.59049
3171320400077666708
2 7 4 5 -1  -0.121577
3171408489002068087
3 1 4 1 -1  0.00106111
3171416147171483426
3 0 7 4 -1  0.348678
3171576494712974131
1 4 0 5 -1  0.166772
3171611501475486924
3 0 4 0 -1  0.135085
3171664665221753453
3 4 5 5 -1  0.00417455
3171782491303929520
0 7 0 6 -1  0.6561
3171806690309103976
1 5 3 5 -1  -0.205891
3171941624888461142
0 2 0 1 -1  -0.109419
3172290699642663659
2 2 3 3 -1  0.018248
3172321874761596125
4 4 3 2 -1  -0.00969773
3172361788006344187
4 4 3 2 -1  -0.109419
3172451912818423031
0 1 0 4 -1  -0.9
3172531996308633417
4 4 5 4 -1  -0.038152
3172881971497070149
2 4 3 5 -1  -0.0423911
3173273531727080795
7 4 7 3 -1  -0.31381
3173413150596473897
1 5 3 5 -1  -0.121577
3173536573033894288
2 3 1 2 -1  0.205891
3173602182789535685
0 4 0 6 -1  -0.00785516
3173683022616823845
2 1 3 1 -1  0.729
3173697035063339392
3 4 1 4 -1  0.0523347
3173697489338272715
0 6 0 7 -1  -0.478297
3173872149666808607
7 7 4 7 -1  1
3173925364976271911
6 2 7 2 -1  0.166772
3173937269469859009
5 2 3 3 -1  -0.150095
3173958492718597855
1 6 2 7 -1  0.185302
3173984633753833986
2 4 4 2 -1  -0.109419
3174034663136752934
3 2 5 3 -1  -0.0797664
3174313392570656748
0 4 0 6 -1  0.166772
3174345321750985191
2 4 3 4 -1  -0.0343368
3174447917056708050
3 1 2 2 -1  -0.185302
3174601087632229953
0 5 1 6 -1  -0.0886293
3174652424687275018
0 5 2 3 -1  0.00216223
3174868294123350701
3 3 2 1 -1  -0.531441
3174961436891977359
1 6 0 5 -1  -0.6561
3175052559203658518
0 0 0 3 -1  -0.0309031
3175210440123833116
5 5 5 4 -1  0.185302
3175325164949177056
2 4 2 5 -1  -0.0797664
3175482329430055554
5 2 1 2 -1  -0.348678
3175596860225113697
0 5 1 4 -1  0.0278128
3175618541367957040
0 6 1 4 -1  0.00515377
3175779265168096276
4 4 4 3 -1  -0.348678
3175919602424246358
3 3 5 1 -1  -0.038152
3175945650264051571
1 3 0 5 -1  -0.00199668
3175951399534564779
6 3 6 5 -1  -0.0797664
3176197039931158737
0 3 5 3 -1  -0.478297
3176270499414275829
4 3 4 2 -1  -0.282429
3176397776317899717
3 4 2 3 -1  -0.185302
3176427383403982118
1 5 2 4 -1  0.430467
3176496069675620406
4 5 2 7 -1  -0.0343368
3176561970769761585
4 6 3 7 -1  0.0147809
3176788299579063008
2 4 2 3 -1  -0.166772
3176807042534880548
0 3 0 4 -1  0.135085
3176933644294617613
4 2 3 4 -1  -1
3177206226040047353
0 5 1 6 -1  -0.00748107
3177487183324465407
0 4 0 6 -1  -0.0021842
3 3 4 3 -1  -0.0581497
3177596249783909360
0 0 0 2 -1  -0.430467
3177701795454950352
3 5 4 5 -1  0.282429
3177792225086164982
3 1 4 1 -1  -0.81
3178060074997218946
3 4 4 4 -1  -0.0128846
3178128322987838128
2 4 3 3 -1  -0.00636268
3178410324621590866
1 1 3 3 -1  -0.228768
3178529207006902860
2 5 3 3 -1  0.254186
3178531831041238226
0 3 1 3 -1  -0.00463839
3178760297842766049
3 5 4 5 -1  -0.135085
3178973197341738943
5 4 7 2 -1  0.0717897
3179093578269040125
3 4 4 2 -1  -0.348678
3179204670655721148
1 2 1 0 -1  0.430467
3179753441481341700
0 5 2 3 -1  -0.121577
3180034678469257935
1 1 1 4 -1  -0.59049
3180145322435613042
0 5 1 4 -1  0.38742
3180151271545508330
0 2 2 4 -1  0.0019076
3180152837089472916
3 3 4 4 -1  0.0717897
3180207523080181993
4 3 4 2 -1  0.59049
3180489400956839933
4 4 6 3 -1  0.0581497
3180562656977838387
1 1 2 1 -1  -0.038152
3181097046421977642
1 2 2 2 -1  -0.00969773
3181236314809773566
4 7 3 6 -1  0.348678
3181788922570834764
1 2 2 2 -1  -0.430467
3181987316162877890
2 2 1 4 -1  -0.035933
3182035348674730544
1 5 5 5 -1  -0.81
3182071276874815951
1 7 2 7 -1  -0.0202755
3182078485200752284
2 5 4 7 -1  -0.31381
3182100294273533768
0 1 2 2 -1  -0.185302
3182249095434710711
1 2 1 3 -1  -0.205891
3182308692797616440
2 6 5 3 -1  -0.531441
3182555306048809340
0 3 4 3 -1  -0.478297
3182626365625683049
1 2 1 3 -1  0.0278128
3182648338342360930
6 0 5 0 -1  -0.205891
3182648657490302894
2 2 1 3 -1  0.228768
3182764017363358591
0 5 0 3 -1  -0.00872795
3182798343172867559
2 5 4 4 -1  0.00338139
3182813607509728585
0 7 0 3 -1  0.098477
3182871449076336305
3 4 0 1 -1  -0.205891
3183047058580162124
1 0 3 0 -1  -0.0523347
3183277938514946258
1 5 3 5 -1  -0.00872795
3183318301823928706
1 1 2 1 -1  -0.150095
3183320747365287238
1 0 1 3 -1  -0.205891
3183392484199463053
1 5 3 5 -1  -0.0797664
3183431263005627838
2 4 3 6 -1  0.59049
3183440218757248504
2 5 0 4 -1  -0.0523347
3183739794124561665
4 2 5 2 -1  -0.185302
3183779968551118930
2 3 0 5 -1  0.348678
3183909896544089262
0 7 0 6 -1  -0.6561
3183970937736944936
3 5 4 5 -1  -0.9
3184001564185375624
1 2 3 0 -1  -0.254186
3184014056303553493
3 3 2 3 -1  0.531441
3184086424750424833
3 4 5 3 -1  -0.0240588
3184190000484819850
4 4 4 2 -1  0.9
3184348734771857983
1 1 2 2 -1  0.00785516
3184371463792835386
1 3 6 3 -1  0.9
3184748000858777710
1 6 2 6 -1  -0.729
3184789108114048420
3 5 4 5 -1  0.6561
3184830095740152461
5 0 2 0 -1  -3.27918e-05
3185032077467928870
2 5 3 4 -1  -0.00273892
3185218469039089744
4 4 5 5 -1  -0.150095
3185469695463667962
3 4 1 3 -1  0.121577
3185604026325952050
0 3 2 3 -1  -0.0471013
3185620606688716921
0 6 0 7 -1  -0.0343368
3185670253567207096
0 3 0 4 -1  -0.729
3185833189809713383
0 6 0 7 -1  0.0717897
3185891866191008608
3 3 3 2 -1  -0.150095
3185910046713293457
3 0 1 1 -1  -0.098477
3186017489674868630
6 2 6 7 -1  0.531441
3186080637947691165
1 0 2 1 -1  -0.0717897
3186543752048338634
0 0 0 2 -1  -0.0717897
3186592719030963459
5 4 4 5 -1  -0.478297
3186665345622070088
2 3 1 3 -1  0.228768
3186675131926706585
2 6 1 5 -1  0.31381
3186694722094301724
6 2 6 4 -1  0.430467
3186722456600552418
3 3 2 4 -1  0.59049
3186779880469454472
1 1 2 1 -1  -0.59049
3187001219746067896
2 5 3 3 -1  -0.0343368
3187015442344028418
0 2 0 7 -1  -0.228768
3187198679872100500
2 5 2 4 -1  -0.282429
3187398749168806096
4 7 5 6 -1  -0.185302
3187487948048220550
2 5 3 5 -1  -0.00636268
3187489091394622586
4 2 7 5 -1  -1
3187522986906400732
3 2 4 3 -1  -0.31381
3187694021646005800
0 4 1 4 -1  -0.0147809
3187701322186623333
1 6 2 7 -1  -0.0250315
3187928130856874508
4 1 5 2 -1  -1
3187953309730236973
3 6 5 5 -1  0.0343368
3188273917611999096
2 2 1 4 -1  0.0250315
3188386555040207676
1 2 2 2 -1  0.205891
3188458047090044276
2 2 3 2 -1  -0.00706964
3188756674266575533
0 3 2 3 -1  -0.282429
3188772884147824515
3 5 1 4 -1  -1
3189029932146718328
5 6 6 6 -1  -0.9
3189701381977443719
4 4 5 6 -1  -0.135085
3189860036726702747
4 6 2 5 -1  -0.0250315
3189937847090167346
0 5 2 3 -1  0.0423911
3190562509200875358
4 4 5 4 -1  -0.478297
3190715139974871576
2 3 3 4 -1  -0.0471013
3191038940976726297
2 5 3 4 -1  -0.348678
3191095633301292162
2 0 3 1 -1  0.38742
3191372987352758133
2 5 4 4 -1  -0.0343368
3191488964864333052
1 2 2 2 -1  -0.018248
3191509500761953474
1 0 2 0 -1  -0.0423911
3191670850702099928
3 5 5 4 -1  -0.254186
3191789690474832479
5 4 5 2 -1  -0.59049
3191918437311781357
2 1 3 3 -1  -0.59049
3192136764884530613
2 7 4 6 -1  -0.121577
3192212273782938821
1 7 0 6 -1  0.430467
3192335034522754875
2 2 3 1 -1  -0.531441
3192590713213346922
3 5 5 3 -1  -0.0581497
3192590800242343579
6 3 7 3 -1  -1
3192647208651693739
4 6 1 3 -1  -0.81
3192704950528706422
1 3 2 2 -1  -0.098477
3192955755557146657
4 0 6 1 -1  0.6561
3192979208982598666
1 3 3 3 -1  0.228768
3192981705535170573
1 0 3 0 -1  -0.205891
3193225345114848655
2 4 7 4 -1  0.185302
3193306085312005315
2 5 3 3 -1  -0.00338139
3193457520400646152
0 1 2 2 -1  -0.00872795
3193786500060954842
0 5 1 6 -1  -0.0523347
3193821044454533015
2 5 2 1 -1  0.00969773
3194369848210078614
2 5 3 5 -1  0.59049
3194501970827466097
5 0 1 4 -1  -0.0133028
3194523215407842234
2 2 1 4 -1  -0.121577
3194617496514665413
4 1 3 2 -1  -0.0717897
3194736052550795826
1 3 2 5 -1  0.282429
3194781264265735741
0 1 1 0 -1  0.121577
3194798299374711048
0 7 0 6 -1  0.59049
3195331202154166591
1 3 2 2 -1  -0.0343368
3195428384060511311
2 2 3 3 -1  0.0886293
3195456393679742829
4 6 5 4 -1  -0.31381
3195703928400674329
3 5 3 2 -1  -0.205891
3195949584985409950
6 3 3 6 -1  -0.228768
3196007462911059873
0 4 1 6 -1  0.121577
3196109176041122213
1 4 3 4 -1  -0.00515377
3196199106696000408
0 4 4 4 -1  0.430467
3196216879515033749
1 4 2 5 -1  -0.282429
3196309102690575551
4 6 5 5 -1  0.38742
3196526139197839315
0 4 0 3 -1  0.38742
3196569819830254829
4 3 4 4 -1  0.729
3196670043940609560
4 6 5 5 -1  -0.430467
3196697598467941695
1 5 3 5 -1  0.0343368
3196753231920281903
2 1 1 1 -1  -0.00572641
3196778421647413849
2 0 2 2 -1  0.38742
3196796321439497589
1 3 2 5 -1  -0.0886293
3196846088298486424
0 4 4 4 -1  -0.81
3197338740081970268
3 3 5 2 -1  0.0886293
3197454247034374305
2 5 1 3 -1  -0.0797664
3197469523297283770
3 0 4 1 -1  -0.0471013
3197736576275642790
0 4 0 6 -1  0.0202755
3198008487550077141
0 0 3 0 -1  -0.00246503
3198054670361650352
7 7 5 7 -1  -0.282429
3198109437362896740
2 2 5 5 -1  -0.0309031
3198340223744831211
5 2 4 3 -1  -0.729
3198370216136324655
3 4 2 2 -1  -0.38742
3198459723281460439
0 3 1 3 -1  -0.0210651
0 5 2 3 -1  -0.00273892
3198547623038523806
0 5 1 6 -1  -0.166772
3198777478068857481
2 2 3 4 -1  -0.0581497
3198831725367626319
5 7 2 7 -1  0.38742
3198951072555968361
3 6 3 3 -1  -0.00417455
3199069496616866089
3 2 4 4 -1  0.59049
3199149101741809171
0 6 1 7 -1  -0.729
3199313107247781311
2 5 1 3 -1  4.42968e-06
3199402341367581489
3 4 2 3 -1  -0.254186
3199695384412971302
0 4 0 5 -1  -0.254186
3200109074827193061
1 7 2 6 -1  0.254186
3200242689610662071
0 5 0 4 -1  0.135085
3200333258551316111
4 0 3 2 -1  -0.430467
3200582687795515317
1 2 0 3 -1  -0.00463839
3200634747061231175
3 3 1 4 -1  -0.121577
3200811031203132063
3 4 4 5 -1  0.282429
3200831277390200949
3 4 4 4 -1  -0.0717897
3200842309746695068
2 5 4 6 -1  -0.282429
3200883478029029268
2 4 3 5 -1  -0.228768
3200987513146873650
2 5 1 3 -1  0.0119725
3201168608528245231
2 5 1 3 -1  0.00338139
3201209486142281929
4 1 5 3 -1  -0.0250315
3201544955341790668
5 3 4 3 -1  -0.000859503
3201774343944211206
2 2 3 4 -1  -0.0225284
3201877232753792456
0 2 0 1 -1  1
3201954880502929006
1 6 5 2 -1  -0.0184865
4 4 5 2 -1  -0.0535009
3202290924566755576
4 7 3 5 -1  -0.0278128
3202420500908743735
2 5 2 4 -1  -0.282429
3202621648566958157
3 0 3 1 -1  0.9
3202706797590836510
6 6 6 4 -1  -1
3202806036263530679
1 6 3 6 -1  -0.0441065
3202816497648858449
0 2 6 2 -1  0.430467
3202907369032704850
2 6 1 5 -1  0.0471013
3203013529020134782
0 5 1 6 -1  -0.109419
3203161370091761128
1 7 2 7 -1  0.0581497
3203259518408700837
1 5 2 6 -1  -0.166772
3203501530576296632
2 2 2 5 -1  -0.478297
3203783905502465536
3 2 2 1 -1  -0.00636268
3203829019501300438
2 4 1 3 -1  0.00706964
3 6 3 4 -1  0.00572641
3204082046514621971
1 0 5 0 -1  -0.121577
3204227148218325390
1 3 2 5 -1  0.0278128
3204325712053532692
2 2 1 3 -1  0.0646108
3204342152939064327
2 5 3 3 -1  0.478297
3204370052542774759
2 2 4 3 -1  0.0581497
3204467075037177028
1 7 3 7 -1  -0.121577
3204535598561433863
4 7 5 6 -1  -0.81
3204554422755859669
4 6 5 5 -1  -0.254186
3204688590628642913
3 7 4 6 -1  0.0646108
3204820942639203543
0 5 1 5 -1  1
3204864985917445692
3 3 1 3 -1  -0.150095
3204898590739407042
0 5 2 5 -1  0.0717897
3205024615609745134
2 2 1 4 -1  0.0717897
3205044692669955291
2 4 4 5 -1  -0.6561
3205395009097948042
2 4 4 3 -1  -0.0886293
3205536196310641578
3 5 4 5 -1  0.135085
3205672661940296253
2 5 1 4 -1  0.282429
3206322002452662112
3 2 7 2 -1  -0.38742
3206404429475761740
1 1 0 1 -1  0.121577
3206573243173946379
0 5 4 1 -1  -0.121577
3206665749368134285
0 6 1 6 -1  -0.109419
3206782852457570574
2 6 1 5 -1  -0.81
3206908653917474653
2 2 4 3 -1  -0.135085
3206945599308064226
1 4 2 3 -1  0.348678
3207087244480106652
1 6 3 6 -1  0.166772
3207170834528033761
4 4 6 6 -1  0.0523347
3207252086636902182
7 3 4 3 -1  0.59049
3207339343230681589
0 6 1 7 -1  -0.59049
3207347167782050674
0 3 0 7 -1  -0.81
3207381278016128132
3 2 3 3 -1  -0.9
3207499251607121734
6 7 4 7 -1  -0.9
3207532232355876326
3 6 4 5 -1  0.00706964
3207749491868496749
2 4 3 2 -1  -0.0471013
3207964767700911716
0 5 3 2 -1  -0.00636268
3207986863850303800
0 5 2 3 -1  0.0717897
3208020134492761518
0 0 0 2 -1  -0.0423911
3 2 1 4 -1  -0.0343368
3208097122958052451
2 3 5 6 -1  -0.729
3208106499569065455
3 4 4 3 -1  -0.109419
3208129858837430397
3 0 1 0 -1  0.531441
3208337011533257562
0 3 2 3 -1  -0.150095
3208701197695129939
1 1 3 1 -1  -0.430467
3208714784845161245
3 4 4 4 -1  0.228768
3208764362440621024
2 2 3 3 -1  -0.00872795
3208891035548603900
3 2 1 0 -1  -0.00872795
3208914239265688125
5 0 5 1 -1  -0.098477
3208983526043344620
1 3 1 4 -1  -0.228768
3209493888541608373
0 1 0 2 -1  0.00515377
3209661794771539593
7 2 0 2 -1  0.59049
3210061419558197494
4 4 2 3 -1  -0.0717897
3210090547372192854
3 2 4 3 -1  -0.00872795
3210387283787292394
4 7 5 6 -1  0.135085
3210778042309289899
0 2 0 1 -1  0.109419
3211107367341259401
0 1 0 2 -1  -0.109419
3211206955555801103
1 3 2 3 -1  0.00572641
1 4 2 4 -1  -0.0255595
1 4 3 4 -1  0.0309031
3211468879795048342
3 1 2 1 -1  0.9
3211526145267866971
0 0 0 3 -1  0.0164232
3211611102311431357
3 5 4 5 -1  -0.0471013
3212050965200387147
2 5 3 3 -1  -0.228768
3212188489725738248
2 5 3 5 -1  0.81
3212261412997822358
2 5 4 4 -1  0.348678
3212468437135483911
0 4 0 6 -1  0.00785516
3212764461153964743
1 1 2 3 -1  -0.81
3212905833121663315
3 1 4 0 -1  -0.0646108
3213432172017148857
5 3 4 4 -1  0.166772
3213499140230369200
1 3 4 6 -1  0.0797664
3213530460308673198
3 6 4 6 -1  -0.109419
3213588408400489728
1 3 0 5 -1  -0.00872795
3213752346600008940
0 3 5 3 -1  -0.348678
3213759375366740878
5 4 6 3 -1  -0.389573
3213819801305467635
2 4 3 6 -1  -0.531441
3214087527816816858
4 7 6 5 -1  -0.185302
3214163246483397445
4 6 2 7 -1  -0.0471013
3214273441619145262
0 4 0 3 -1  -0.0309031
3214348716984700848
3 2 4 3 -1  -0.109419
3214553598232865508
0 1 1 1 -1  2.39052e-05
3214997990959124175
3 2 3 3 -1  0.81
3215073922315872300
2 7 3 5 -1  0.121577
3215358164465842661
0 5 3 2 -1  -0.0646108
3215632166868915024
6 6 7 4 -1  -0.81
3215840282889076785
1 2 1 3 -1  -0.185302
3215899064263668231
0 4 0 6 -1  -0.038152
3215969145976653599
1 0 3 0 -1  0.0423911
3215969685925643098
4 2 3 1 -1  -0.9
3216437278739451408
3 1 4 1 -1  0.478297
3216716497828908029
1 5 0 4 -1  0.228768
3216975028023646708
2 5 3 5 -1  -0.81
3217469142050595347
1 7 3 7 -1  -0.0309031
3217479175000854876
2 4 4 6 -1  0.0310748
3217522007820788630
4 6 5 5 -1  0.729
3217582913403518397
0 3 1 4 -1  -0.31381
3217659591521743400
1 1 5 5 -1  1
3217689746338863766
1 6 2 5 -1  0.0423911
3217816406893520527
0 5 0 4 -1  -0.00145558
3217913409884322962
1 5 1 3 -1  -0.31381
3218149421905630464
2 2 4 1 -1  -0.0147809
3218365969156936211
1 4 2 5 -1  -0.00338139
3218716349147599315
3 2 5 3 -1  -0.00463839
3219125693649372895
0 4 0 6 -1  -0.098477
3219177890854966570
1 7 2 6 -1  0.0278128
3219208919972619711
4 2 7 2 -1  0.9
3219211387100974811
4 7 5 6 -1  -0.205891
3219288969258261177
3 3 2 5 -1  -0.531441
3219544954021940741
1 5 2 5 -1  -0.0886293
3219554389932261885
0 5 1 4 -1  -0.0133028
3219669202724798657
1 4 3 2 -1  -0.282429
3219772383386858637
1 7 3 5 -1  -0.150095
3220152692783118096
0 7 0 5 -1  0.0250315
3220375645702262560
2 7 3 7 -1  0.31381
3220456664977486876
2 0 3 0 -1  -0.729
3220485097505141942
1 5 2 7 -1  0.00304325
3220502904473248783
6 1 3 1 -1  0.478297
3220517791056503495
4 0 3 1 -1  -0.00636268
3220536205952680242
2 5 3 7 -1  0.348678
3220816293236795031
1 4 3 3 -1  0.0107753
3220826372981546603
2 6 3 6 -1  0.185302
3220907458493144220
1 6 5 2 -1  -0.282429
3220947002401727271
3 2 4 1 -1  -0.282429
3221547957922075532
5 1 5 0 -1  0.348678
3221603374295744626
3 0 4 0 -1  -0.228768
3221727768397517587
3 5 4 4 -1  -0.430467
3221885712870261504
2 6 3 6 -1  -0.531441
3222049114674195063
0 0 0 1 -1  0.0523347
3222101978741948222
1 2 2 3 -1  -0.0423911
3222151641314695679
5 6 4 4 -1  -0.729
3222386131738353627
0 2 4 6 -1  -0.00199668
3222410875480700589
1 3 3 3 -1  -0.00199668
3222853157271591473
0 3 5 3 -1  -0.38742
3222973300993682240
2 1 3 3 -1  0.0581497
3223062626947650337
1 1 2 1 -1  0.0581497
3223388284996455756
3 0 4 0 -1  -0.59049
3223401412383135879
0 0 2 0 -1  0.018248
3223484127028414867
1 4 1 3 -1  0.121577
3223541386847463704
6 1 5 2 -1  -0.81
3223561567184120099
1 3 7 3 -1  -0.228768
3223584649044585030
0 3 1 2 -1  -0.0278128
3223803332675490230
0 5 2 4 -1  0.121577
3223948899043246530
1 6 2 6 -1  -0.228768
3224016536330415185
0 4 1 4 -1  0.430467
3224136605865606097
0 2 0 1 -1  0.135085
3224175097537249970
2 2 3 4 -1  0.166772
3224185701986704150
3 4 5 4 -1  -0.531441
3224309070998434796
0 6 0 7 -1  1
3224332671862876000
3 3 2 1 -1  0.6561
3224334036664002080
1 1 2 1 -1  -0.00417455
3224383610573182899
3 0 4 0 -1  0.282429
3224393512436298343
0 5 0 3 -1  -0.0163861
2 2 3 4 -1  0.00872795
3224487093161326094
2 7 3 6 -1  -0.38742
3224503641572693857
6 6 6 7 -1  -0.348678
3224533860545164297
1 1 3 1 -1  -0.38742
3224932145296834806
5 2 4 1 -1  -0.348678
3225226850107715989
3 1 4 0 -1  0.0581497
3225490254823729980
3 4 4 4 -1  -0.0797664
3225659322788516538
3 3 4 3 -1  0.59049
3225659826150121257
2 5 3 6 -1  -0.0581497
3225683710518781155
1 4 0 5 -1  0.430467
3225691941734101858
1 6 2 7 -1  -0.018248
3225892061782953964
0 3 1 3 -1  -0.254186
3225928780594792612
3 4 4 3 -1  0.282429
3225954523067571372
2 7 3 6 -1  -0.430467
3226173250133887917
2 4 1 5 -1  0.00785516
3226202464578516592
3 0 4 1 -1  -0.531441
3226396749454437999
0 0 0 2 -1  -0.0309031
3226430677699719640
1 4 5 0 -1  -0.0133028
3226466715920639155
0 4 0 6 -1  0.109419
3226594932417941449
1 4 3 4 -1  0.0107753
3226763655188889382
0 0 0 2 -1  -0.00572641
3226908658752399580
6 7 6 6 -1  -0.348678
3226911490972498016
2 6 3 6 -1  -0.166772
3227129959233991147
1 2 2 2 -1  -0.098477
3227154158167307798
1 1 2 2 -1  -0.0471013
3227566037500539336
0 6 1 7 -1  0.185302
3227822601359861824
3 5 6 5 -1  -0.254186
3228147311866767290
2 2 3 4 -1  -0.121577
3228161532379521207
0 1 1 3 -1  0.185302
3228498182996135494
0 6 1 5 -1  0.00636268
3228519020833162458
3 6 4 6 -1  -0.0581497
3228673416786596865
2 7 3 7 -1  -0.59049
3229091271064282440
0 5 2 4 -1  -0.0423911
3229091344864546039
2 5 3 5 -1  0.348678
3229134312123710776
3 6 3 2 -1  -0.038364
3229239679116336400
0 1 1 3 -1  -0.531441
3229508792881172671
5 7 5 4 -1  -0.6561
3229799087778716254
0 2 1 4 -1  -0.121577
3230080710861131303
1 4 3 5 -1  0.0202755
3230154223994045918
1 2 3 2 -1  -0.00463839
3230196944004881596
0 3 4 3 -1  -0.109419
3230286490589707938
4 4 5 4 -1  -0.6561
3230312952742820595
0 3 1 4 -1  -0.00145558
3230437108595743614
1 3 3 2 -1  0.0471013
3230483258136731450
0 0 0 2 -1  -0.0119725
3230695295468327127
2 2 4 4 -1  0.0646108
3230751535896286396
2 3 5 3 -1  -0.478297
3230763577371499745
0 1 0 2 -1  -0.348678
3231067097058432566
2 5 1 3 -1  0.098477
3231101193872661893
1 0 2 1 -1  0.430467
3231229195694605470
0 0 0 1 -1  -0.0278128
3231381851352982264
1 5 3 5 -1  -0.6561
3231436507690115366
0 5 3 2 -1  -0.0523347
3231462808897751117
2 3 3 5 -1  -0.31381
3231527990837717997
0 7 2 7 -1  -0.0581497
3231703293410315141
2 5 4 6 -1  -0.166772
3231777043082845606
1 6 4 6 -1  -0.81
3231862511108908342
3 6 2 7 -1  -0.205891
3231973104666377792
5 0 6 0 -1  -0.0646108
3231998483035193314
0 2 0 1 -1  0.254186
3232117707472585407
4 4 4 5 -1  -0.0471013
3232198144160115995
7 4 4 1 -1  0.00969773
3232213553082169933
5 1 6 1 -1  -0.9
3232422017339433408
1 4 3 6 -1  -0.38742
3232616359585654463
3 1 3 6 -1  -0.0147809
3232735081172608643
1 4 1 3 -1  -0.0471013
1 4 2 4 -1  -0.038152
3232817022497663651
4 4 6 3 -1  -0.018248
3232914883688853917
5 3 4 3 -1  -0.0423911
3232962011977198340
0 4 0 6 -1  -0.166772
3233051146746717718
3 2 2 3 -1  -0.205891
3233051431973095393
5 6 3 4 -1  -0.150095
3233350811852830586
0 1 0 3 -1  0.81
3233400579526132047
0 5 0 4 -1  0.00636268
3233411629800312916
1 2 1 1 -1  -0.6561
3233421007392979091
2 2 2 4 -1  -0.121577
3233424228435132077
5 3 5 0 -1  0.38742
3233603295733604186
0 7 1 6 -1  0.478297
3233623860249117137
1 3 3 3 -1  -0.00304325
3233719140877781617
1 6 2 6 -1  -0.109419
3233915493047313569
3 7 4 7 -1  0.185302
3234159404495212428
6 2 5 4 -1  0.81
3234246950472240600
3 3 5 1 -1  -0.59049
3234378711341113884
2 6 3 6 -1  -0.135085
3234426267383460874
2 1 3 1 -1  0.00417455
3234575494014416352
1 1 2 1 -1  -0.0225284
3234731269237882587
4 7 5 7 -1  -0.254186
3234856670326763135
7 0 6 0 -1  0.166772
3234904792278973503
1 2 4 5 -1  -0.478297
3235300121049967256
2 6 3 5 -1  -0.6561
3235617911029261416
2 5 3 5 -1  -0.348678
3235940178107378873
3 3 2 3 -1  0.38742
3235966547267767099
4 1 2 1 -1  -0.6561
3236155785086956282
3 0 4 0 -1  -0.0202755
3236226977978270432
0 3 1 3 -1  1
3236660630695890563
1 4 2 5 -1  -0.0309031
3236671531200866937
4 1 5 1 -1  -0.38742
3236694790388620554
2 5 1 3 -1  -0.0107753
3236730328945000742
1 7 3 7 -1  0.478297
3236932116585159622
4 6 0 2 -1  -0.00417455
4 6 3 5 -1  0.0107753
3237018371513290221
0 5 1 5 -1  -0.185302
3237174990428999506
4 3 2 3 -1  -0.430467
3237354788772834358
3 2 2 3 -1  -0.9
3237397558134014073
3 6 4 6 -1  -0.0119725
3237592844370410892
3 5 0 2 -1  0.0797664
3237660272965818829
2 2 4 1 -1  0.0471013
3237715707103148823
0 3 2 3 -1  0.166772
3238132076010156178
0 1 1 3 -1  -0.0278128
3238157817511662489
4 6 6 6 -1  -0.59049
3238251553641065735
3 1 2 2 -1  0.81
3238323246547530009
5 2 6 1 -1  -0.282429
3238443879365821973
0 2 1 1 -1  -0.0797664
3238674783374076828
4 3 3 2 -1  0.254186
3238732124114181456
1 6 2 6 -1  -0.729
3238839078792808303
1 0 3 0 -1  -0.0423911
3238872703887966322
1 1 5 5 -1  0.109419
3238898073106919982
1 5 2 4 -1  0.38742
3239112028296837860
2 4 4 6 -1  0.166772
3239578055337425424
0 1 2 2 -1  -0.000104495
3239778316990951271
1 5 2 5 -1  0.430467
3240144165221480460
3 3 5 4 -1  -0.098477
3240185300899053459
3 6 4 6 -1  -0.228768
3240188341812609078
2 5 1 4 -1  -0.098477
3240414332256202953
1 7 2 5 -1  -0.0523347
3240569976474215513
0 1 1 2 -1  -0.348678
3240648804490452728
1 0 3 0 -1  -0.9
3240805930645520594
0 2 2 2 -1  -0.0309031
3240823154553606378
2 2 4 2 -1  0.282429
3240866073835296728
3 3 2 2 -1  -0.000859503
3240913217811810359
0 5 0 4 -1  -0.0471013
3241003614690776684
2 1 2 2 -1  -0.00572641
3241152230382100640
4 3 5 3 -1  0.0523347
3241164398944631506
2 4 3 4 -1  -0.81
3241248450078072628
2 5 4 4 -1  -0.228768
3241373134996047969
4 5 5 6 -1  0.6561
3241454686530214037
2 5 1 6 -1  -0.0107753
3241692816764782355
2 0 6 4 -1  -0.729
3241968022750399299
0 7 2 7 -1  -0.018248
3242108870244366825
0 4 0 6 -1  -0.0717897
3242153077662856168
5 3 6 4 -1  0.00785516
3242358839338338498
5 0 6 0 -1  -0.121577
3242369135937204364
6 0 7 0 -1  0.59049
3242415252491534279
4 3 1 3 -1  0.150095
3242502583199418721
1 2 1 5 -1  -0.254186
3242523123965696008
0 1 0 0 -1  -0.00029969
3242675560044824583
1 4 3 2 -1  -0.098477
3242687317339470408
5 2 4 0 -1  -0.0581497
3242930990571462767
0 6 1 7 -1  -0.81
3243030405882591942
7 0 7 1 -1  -1
3243132241705078896
1 3 3 4 -1  -0.109419
3243296631084760737
1 2 2 2 -1  -1
3243402726017719683
1 4 0 6 -1  0.31381
3243481375046852839
1 1 3 1 -1  -0.0886293
3243501196227627542
3 3 3 4 -1  -0.0133028
3243591287087811318
1 6 2 5 -1  -0.185302
3243617135021271741
5 5 6 6 -1  0.531441
3243781747349757133
2 2 4 3 -1  -0.531441
3244554010869584956
3 7 4 7 -1  -0.38742
3244569671630610832
6 1 6 0 -1  -0.59049
3244653466028311190
2 6 3 5 -1  -0.31381
3244671254359639847
3 2 4 0 -1  0.0797664
3244789035636065492
2 5 0 6 -1  0.000332989
3244801265906615203
4 1 5 1 -1  -0.0523347
3244916911371666551
2 3 3 4 -1  -0.282429
3245019224743527179
0 3 0 0 -1  0.121577
3245060341023561265
0 5 1 4 -1  0.254186
3245072533297186581
3 7 4 6 -1  0.166772
3245123329943298190
1 2 0 1 -1  -0.254186
3245354690925009556
2 4 2 5 -1  -0.0717897
3245403748799111691
7 2 4 5 -1  -0.282429
3245464885693123328
4 1 3 3 -1  -0.0581497
3245705023118895040
6 5 5 6 -1  -0.31381
3245843410482106716
1 5 3 5 -1  0.6561
3246070180003939939
1 4 1 3 -1  -0.0797664
3 5 2 6 -1  -0.098477
3246128516129006387
3 4 2 6 -1  -0.729
3246257119157563806
4 3 5 3 -1  -0.205891
3246387935574212703
1 2 1 3 -1  -0.109419
1 2 2 1 -1  -0.0581497
3246676973076057307
0 7 0 6 -1  0.0523347
3247292232202763553
1 1 2 0 -1  -0.0164232
3247388920239790792
1 0 3 0 -1  -0.0119725
3247471839686885940
0 5 2 5 -1  0.135085
3247515529226701267
1 2 2 1 -1  -0.205891
3247639404585616381
0 4 1 4 -1  -0.0343368
3247703193863971881
2 6 3 6 -1  -0.478297
3247835825079614100
6 7 4 5 -1  -0.109419
3248064791647638952
5 2 6 2 -1  -1
3248100239185520243
2 2 4 3 -1  -0.00199668
3248334695650251127
1 3 3 1 -1  -0.0225284
3248460058664682966
1 2 2 3 -1  0.00515377
3248755974084698741
1 6 2 5 -1  -0.0797664
3248770181628734502
1 7 3 7 -1  -0.00273892
3248944341565132280
0 2 4 6 -1  -0.0133028
3248966931002987177
6 0 6 7 -1  -0.31381
3249235262370363949
3 2 2 0 -1  -0.00199668
3249297414203819476
2 4 1 5 -1  -0.348678
3249459387297076592
3 1 4 2 -1  0.0646108
3249600514712107304
4 4 3 3 -1  -0.0717897
3249931341808981989
0 1 0 2 -1  -0.348678
3250066759752426501
1 3 2 4 -1  -0.205891
3250209623426900767
1 2 0 2 -1  0.150095
3250288621674524136
0 2 2 4 -1  -0.038152
3250331393187922921
3 3 4 3 -1  0.0523347
3 3 4 4 -1  -0.038152
3250473352925882199
4 6 5 6 -1  -0.729
3250487491674633094
3 2 4 3 -1  -0.00304325
3250517714707985679
0 3 0 2 -1  0.0646108
3250593323805892415
3 3 4 3 -1  -0.0309031
3250640581996561087
3 1 4 0 -1  0.282429
3250703157280230448
3 7 2 6 -1  0.0797664
3250732457860824717
0 3 7 3 -1  -0.0278128
3250765365875861754
7 3 7 5 -1  -0.31381
3250805960095157749
0 4 0 2 -1  -0.0423911
3251321486263328969
3 5 1 3 -1  -0.00872795
3251473828530310494
4 1 3 2 -1  0.166772
3251478951128787807
2 6 2 7 -1  0.00515377
3251637795691648662
7 3 6 4 -1  0.228768
3251859479196837459
3 2 2 1 -1  -0.0119725
3252127089191767755
6 3 6 5 -1  -0.81
3252265067203540663
0 3 1 3 -1  -0.0107753
3252297216897825514
1 3 2 1 -1  0.31381
3252515046733072482
0 0 0 3 -1  -0.0523347
3252731305183366260
4 1 5 1 -1  -0.6561
3252749685450746209
3 6 5 4 -1  -0.81
3252776001324347653
3 7 4 7 -1  -0.430467
3253080858216726261
1 4 3 4 -1  -0.028052
3253192563667184900
3 5 4 5 -1  -0.038152
3253384256101373781
2 5 0 4 -1  -0.00572641
3253542571386512453
6 1 6 2 -1  -0.0278128
3253695981600064554
4 4 5 3 -1  0.0202755
3253789635551711384
3 5 4 5 -1  0.348678
3254060690921287967
4 6 5 7 -1  -0.478297
3254099096450317268
1 5 2 5 -1  0.9
3254212468082300377
3 2 4 2 -1  -0.430467
3254412758104911016
3 6 4 6 -1  -0.0797664
3254467528776220974
1 3 3 3 -1  0.0471013
3254618127481932596
0 2 0 1 -1  -0.6561
3254692558823378880
2 5 3 6 -1  -0.135085
3254734701068011421
2 3 3 3 -1  -0.31381
3255093391997901466
1 3 2 5 -1  -0.59049
3255202052824901591
3 1 3 3 -1  -0.31381
3255547117090544598
1 7 2 7 -1  0.038152
3255565596171898026
0 3 3 6 -1  -0.00572641
3255967628435912496
2 2 1 1 -1  0.254186
3256084198637533449
0 5 2 3 -1  0.0107753
3256625031793909330
4 3 4 4 -1  -0.31381
3256749798620411841
2 5 4 6 -1  0.166772
3256955207790766420
2 0 2 2 -1  -0.348678
3257255812383892564
1 2 2 1 -1  0.478297
3257330453824768450
2 5 4 4 -1  -0.150095
3257411886819746288
2 6 6 6 -1  -0.9
3257539328634006652
2 2 3 4 -1  -0.531441
3257550400254559546
1 6 3 6 -1  0.0471013
3257788799975299841
3 4 4 4 -1  -0.729
3257804936599713807
0 4 1 4 -1  0.254186
3257959052186764005
0 0 5 0 -1  -0.254186
3258105271703329490
1 6 1 5 -1  1
3258240042870210754
6 0 7 0 -1  -0.135085
3258426704470681409
3 3 1 3 -1  -0.282429
3258429186056206828
1 4 3 6 -1  -0.348678
3258446611385627756
2 3 1 2 -1  -0.254186
3258497639823676175
6 0 3 3 -1  -0.0343368
3258525178761277273
2 4 2 3 -1  0.00463839
3258550097261399790
0 4 0 3 -1  -0.000369988
3258930981304320625
1 2 1 4 -1  0.282429
3259127829514519271
5 3 3 2 -1  -0.228768
3259407621729492312
0 7 0 3 -1  -1
3259515725358603888
1 4 2 3 -1  -0.0471013
3259687840217891629
0 0 0 2 -1  -1.93632e-05
3260016253101971399
6 0 5 0 -1  0.228768
3260036886372482268
3 5 7 1 -1  -0.0471013
3260270240213177632
2 1 1 2 -1  0.348678
3260324263586336766
0 2 3 5 -1  -0.0717897
3260329963838751439
3 0 1 2 -1  0.38742
3260450214071330845
1 1 2 2 -1  0.478297
3260667475269629974
4 0 6 2 -1  -0.430467
3260797375143554888
1 7 2 5 -1  -0.31381
3261006358226832388
1 1 5 5 -1  -0.0309031
3261197390595551956
1 3 1 2 -1  0.38742
3261295000213520166
2 6 3 5 -1  0.531441
3261352446562163696
0 5 0 3 -1  -0.00515377
3261361976208994531
1 7 3 6 -1  -0.0717897
3261541292321769188
1 4 3 4 -1  -0.0581497
3261567131818397429
1 7 3 7 -1  -0.0423911
3261908844142293164
1 2 5 2 -1  -0.430467
3261953673396336623
1 6 1 3 -1  -0.135085
3262454614669775158
3 3 6 3 -1  -0.018248
3262579639879722296
3 4 4 2 -1  -0.531441
3262671502045685247
1 6 2 6 -1  0.478297
3262709918137160655
2 2 3 3 -1  -0.38742
3262816012184886254
3 0 0 3 -1  -0.0523347
