3674017770677804112
3 3 2 5 -1  -0.0886293
3674372054325695962
1 4 0 5 -1  0.0309031
3674482747871054953
1 1 2 1 -1  -0.098477
3674885424365459426
4 7 5 6 -1  0.0797664
3674914020583105072
2 0 1 0 -1  0.0225284
3675007357284386068
1 3 2 2 -1  0.00338139
3675143487128291105
0 7 0 5 -1  0.0037571
3675168593149428309
5 2 5 3 -1  -0.9
3675317935676892794
0 4 1 5 -1  1
3675387633833070313
3 4 4 4 -1  -0.0797664
3675408293275300531
0 4 4 4 -1  -0.098477
3675675012665015750
1 4 3 5 -1  0.282429
3675693624513240926
2 1 1 3 -1  0.135085
3675792134459029616
3 7 4 6 -1  -0.81
3675856499515832753
1 5 2 4 -1  -0.0523347
3675908945715676342
0 2 2 4 -1  -0.0797664
3675973617681204034
6 1 6 0 -1  -0.9
3675987020999930910
0 5 0 3 -1  0.000773553
3676226577022939519
2 2 1 4 -1  -0.135085
3676423183900220565
1 5 2 5 -1  -1
3676533058991481323
0 6 0 7 -1  0.31381
3676616995720441596
2 7 3 7 -1  0.729
3676729494770288146
2 2 3 3 -1  -0.0343368
3676840341263740744
0 3 3 3 -1  -0.0471013
3676960725611242160
1 3 3 2 -1  -0.185302
3677174430077316141
0 4 1 4 -1  -0.59049
3677474098710343616
2 6 1 5 -1  -0.0471013
3677644284435090782
2 6 6 6 -1  -0.9
3677838421392511309
4 3 5 3 -1  -0.0147809
3677941525483623416
1 4 0 3 -1  -0.00785516
3678059267806825928
3 6 4 6 -1  -0.098477
3678077081231142822
1 5 2 6 -1  0.254186
3678450646003268378
2 4 3 5 -1  -0.9
3678465799613864282
3 7 4 7 -1  -0.0581497
3678749609940486491
2 7 5 4 -1  0.38742
3678933619335505195
1 4 1 3 -1  -0.185302
3679480586418648253
0 4 0 6 -1  -0.0107753
3679590817056013915
1 1 6 6 -1  -0.185302
3679639838894069257
3 5 2 3 -1  -0.00969773
3679726542707083405
5 5 5 0 -1  -0.478297
3679732733213795349
6 0 5 0 -1  0.0886293
3679933159936363505
1 1 2 1 -1  -0.31381
3680048028708093407
2 5 1 7 -1  0.0886293
3680077530540466640
4 3 3 1 -1  -0.478297
3680121332689344600
2 3 2 2 -1  -0.478297
3680179075286778186
0 4 0 6 -1  0.00304325
3680424458161282904
1 6 2 5 -1  -0.135085
3680504488116743941
2 7 3 7 -1  -0.254186
3680539434745897006
0 5 1 6 -1  -0.0278128
3680858721375899257
2 5 4 4 -1  0.9
3680866259350107724
2 2 3 2 -1  0.0581497
3680880023075819152
2 1 5 4 -1  -0.0523347
3680882832448601456
0 5 4 1 -1  -0.0107753
3680895471263816947
5 2 3 1 -1  -0.59049
3680927471015924805
4 7 5 7 -1  -0.254186
3680967022191117940
0 5 1 4 -1  -0.021113
1 2 2 2 -1  -0.00754532
3681023979984014206
2 3 4 4 -1  0.121577
3681040816468096863
1 3 3 3 -1  -0.0278128
3681150928986527048
0 3 2 1 -1  -0.228768
3681229800774549562
0 2 7 2 -1  -0.38742
3681314754299127818
3 2 3 4 -1  0.00872795
3681409630607422629
4 7 5 7 -1  -0.38742
3681768092546983806
0 0 0 3 -1  -0.0119725
3681782744499143177
1 4 1 1 -1  -0.228768
3681836159991149646
3 5 4 4 -1  -0.282429
3682070960889084260
1 4 0 3 -1  0.0717897
3682138058965746399
1 5 0 5 -1  -0.000176964
3682172735035508930
0 4 1 5 -1  -0.0797664
3682217279594874861
1 3 2 1 -1  -0.0581497
3682226372964354939
1 4 2 6 -1  0.205891
3682252093880764341
1 5 3 5 -1  0.38742
3682262174405897430
3 3 4 3 -1  -0.0309031
3682324243682115333
0 2 2 4 -1  -0.0886293
3682398244337496393
2 2 3 4 -1  -0.038152
3682517482744971653
0 4 1 3 -1  0.6561
3682622194789624674
0 3 4 3 -1  0.228768
3682763792457918484
1 7 3 7 -1  -0.00636268
3683269389669569906
5 0 1 4 -1  0.6561
3683829531060915594
2 5 3 4 -1  -0.109419
3683984388693421084
1 2 5 2 -1  -0.0646108
3684152735364054448
0 2 1 1 -1  -0.0228163
3684564343708791263
3 3 2 5 -1  -0.135085
3684704376366571550
2 3 0 4 -1  0.0886293
3684808688626898458
5 4 6 5 -1  -0.59049
3684961704720500317
2 5 3 6 -1  -0.6561
3685041708232706162
3 0 4 0 -1  -0.282429
3685180185285255561
6 7 5 7 -1  0.166772
3685210087753522209
5 0 6 1 -1  1
3685216708058647769
0 0 0 3 -1  -0.0225284
3685360863133711519
0 7 0 2 -1  -0.098477
3685390643623194538
2 6 2 7 -1  -0.0471013
3685917240196865471
2 6 2 3 -1  0.0133028
3686242390388877671
3 0 4 0 -1  0.9
3686247656738676533
4 7 5 7 -1  0.6561
3686345514490623275
4 0 0 4 -1  0.185302
3686471385217384441
6 2 3 2 -1  0.098477
3686635888018159962
0 3 0 4 -1  -0.018248
3686768601820494073
3 2 4 3 -1  -0.205891
3687337343694612881
2 6 3 5 -1  -0.254186
3687541352689849709
1 1 2 1 -1  0.150095
3687751695526089224
0 5 1 6 -1  0.0107753
3 6 4 6 -1  -0.0459724
3687838679889446146
4 5 3 4 -1  -0.254186
3687848162775551512
3 4 5 3 -1  0.0250315
3687892468887283649
3 5 4 4 -1  -0.0646108
3688050289233189073
2 1 3 1 -1  -0.00636268
3688219371455642226
2 2 3 1 -1  0.0202755
3688473848181478691
1 4 2 4 -1  -0.59049
3688566449803928108
1 5 2 5 -1  0.478297
3688595848254247829
4 1 6 3 -1  -0.0423911
3688662948798376358
3 0 4 0 -1  0.6561
3688793337446468345
3 0 3 1 -1  0.109419
3689017831722354137
3 3 5 2 -1  -0.0423911
3689099671890138182
0 0 7 0 -1  -0.254186
3689213689569583303
3 4 4 3 -1  0.121577
3689237361454964784
3 3 4 2 -1  -1
3689259590690756705
3 0 5 2 -1  -0.135085
3689836678079128982
3 2 4 3 -1  -1
3689848117871622624
0 2 4 6 -1  -0.0119725
3689865111020988828
3 2 1 4 -1  0.135085
3689949272043017564
3 4 4 3 -1  0.81
3690249204152645385
1 4 2 3 -1  0.729
3690673807953720525
5 1 5 2 -1  -0.098477
3690772235407889350
5 2 3 0 -1  -0.098477
3690785774063645797
0 5 4 1 -1  -0.0581497
3690953558188473631
2 1 4 2 -1  -0.0471013
3691108881373953301
0 5 3 2 -1  0.59049
3691158897919856894
0 6 2 5 -1  0.0307592
3691189184058088374
3 2 4 2 -1  -0.098477
3691618040991851859
0 5 0 2 -1  -0.0471013
3691680182393566394
3 2 2 4 -1  0.00872795
3692038060939962103
3 4 2 3 -1  0.018248
3692265052735660695
1 1 3 1 -1  -0.00706964
3692440522305083077
1 3 3 3 -1  -0.185302
3692442404950067199
3 4 2 3 -1  0.0147809
3692509968987761962
1 2 2 2 -1  0.018248
1 2 3 2 -1  -0.0900009
3692536631269960187
5 3 5 7 -1  -0.228768
3692763178882559694
3 4 4 4 -1  -0.0525003
3 5 4 5 -1  -0.00515377
3693140781344589655
0 6 1 5 -1  -0.31381
3693354366622507349
1 7 2 5 -1  0.31381
3693435308709748817
0 7 0 3 -1  0.282429
3693487602509049678
1 6 4 3 -1  -0.31381
3693488860162670820
0 2 6 2 -1  -0.098477
3693699705310123890
5 1 6 0 -1  -0.166772
3693771837954562412
0 0 0 5 -1  -0.348678
3693787207045901943
2 5 1 4 -1  0.150095
3693883398062814712
0 3 1 3 -1  -0.018248
3694003768236012667
2 2 4 3 -1  0.00463839
3694089790150756435
1 4 3 4 -1  -0.205891
3694246079273136315
2 7 3 7 -1  0.282429
3694261382648384273
2 3 3 4 -1  -0.135085
3694633958343876068
1 1 2 1 -1  0.531441
3694817241975361976
0 0 0 1 -1  -0.0423911
3694841095261374886
3 3 4 2 -1  -0.166772
3694979763601735660
4 6 5 7 -1  -1
3695017782052368574
0 4 0 6 -1  -0.0119725
3695052549026993050
4 4 3 5 -1  -0.348678
3695195453711197708
0 3 1 3 -1  0.00145558
3695354999032742624
3 5 0 5 -1  0.038152
3695485497316311756
4 0 5 0 -1  0.150095
3695548905181371346
3 3 4 4 -1  0.00490111
3695738852457641041
0 7 4 7 -1  0.0886293
3695877013296014361
2 5 4 6 -1  -0.0309031
3695905329444047932
3 2 4 2 -1  -0.348678
3696007854712643921
2 1 3 3 -1  0.098477
3696198713700348557
6 7 6 0 -1  0.0797664
3696216280622176233
1 6 0 5 -1  0.228768
3696266995103364019
3 6 4 6 -1  0.0202755
3696915398845570637
3 3 4 3 -1  -0.0523347
3696988666066901927
1 1 2 1 -1  0.6561
3696998703998079961
3 2 4 1 -1  -0.729
3697028080703482059
2 4 3 4 -1  -0.135085
3697069249292216369
1 7 3 7 -1  0.531441
3697151438899425792
2 3 4 5 -1  0.348678
3697326281055479788
1 1 2 1 -1  -0.0250315
3697573050961957024
1 3 2 3 -1  -0.0107753
3697586037786811003
2 6 2 5 -1  -0.430467
3697676863211343641
1 0 3 0 -1  -0.166772
3697987430764421409
2 4 3 6 -1  -0.6561
3698041098803169988
0 1 1 3 -1  0.135085
3698320375288533147
4 4 5 5 -1  -0.254186
3698367161278152626
3 6 4 6 -1  -0.00872795
3698535533930761883
3 3 4 2 -1  0.121577
3698691956013284880
2 2 6 2 -1  -0.166772
3698716843052613729
0 4 0 6 -1  -0.0202755
1 2 3 2 -1  -0.0073959
3698804871346451718
1 6 0 7 -1  -0.0886293
3698834952628268432
1 4 2 3 -1  0.430467
3698944391776702205
0 3 2 1 -1  -0.00706964
0 5 2 3 -1  0.00515377
3699077576647188942
2 5 1 4 -1  -0.0581497
3699212903269364959
3 5 4 5 -1  0.9
3699279843773530845
0 4 0 6 -1  -0.0797664
3699446295027964973
3 2 1 4 -1  -0.000859503
3699821735115649761
1 7 2 7 -1  -0.0523347
3699950566253917558
4 6 5 5 -1  0.00161731
3699972494843591533
0 4 0 6 -1  -0.000696197
3699992567268950962
2 1 5 4 -1  0.6561
3700117559591599351
2 5 3 7 -1  0.00652952
3700118219781007965
1 6 3 6 -1  -0.185302
3700327846874103556
0 5 1 4 -1  -0.0646108
3700585807045974030
3 5 4 4 -1  -0.430467
3700683678524651311
6 5 7 6 -1  -0.6561
3700916986313083963
3 5 4 4 -1  -0.531441
3700945950904255636
2 4 3 3 -1  0.018248
3701026507290716179
3 6 4 5 -1  -0.0471013
3701059427181922869
5 1 4 1 -1  -0.59049
3701079896087457476
0 6 1 6 -1  -0.205891
3701121024205079381
3 7 4 7 -1  -0.0309031
3701338234129431075
0 1 3 4 -1  -0.00515377
3701440907604442641
2 4 0 2 -1  -0.81
3701962995788506239
3 7 2 6 -1  0.098477
3702250339500576568
0 6 0 7 -1  -0.38742
3702324748755807835
6 0 5 1 -1  -0.228768
3702376052008613639
2 5 4 4 -1  0.00706964
3702425960711062929
2 2 4 1 -1  0.0471013
3702554385266994933
1 3 2 1 -1  -0.00969773
3702771468439831099
0 4 0 6 -1  -0.0523347
3702922631480142913
2 6 2 7 -1  -0.430467
3703145113219714705
0 5 1 6 -1  0.0523347
3703241914033736163
3 4 4 4 -1  -0.0581497
3703368891118865776
6 2 3 2 -1  -0.254186
3703435039755577260
0 3 0 4 -1  0.59049
3703566058368441306
4 4 5 4 -1  0.348678
3703941558796905573
6 2 5 2 -1  -0.121577
3703958407529734841
1 4 3 5 -1  0.348678
3704238797690081259
2 5 2 3 -1  0.150095
3704328072008089256
1 3 2 5 -1  -0.729
3704498482753662538
1 5 2 4 -1  -0.00338139
3704565016965338306
1 5 3 5 -1  0.531441
3704672152650803871
0 5 1 4 -1  -0.0646108
3704872165731703331
0 7 4 7 -1  -0.135085
3704936408071808638
5 2 6 2 -1  -0.00304325
3705017491816957394
6 4 7 4 -1  0.000773553
3705325938333934616
0 3 1 2 -1  0.0250315
3705412034328920399
1 3 2 5 -1  -0.018248
3705473995203436615
0 5 2 3 -1  -0.0202755
3705661756731227552
0 4 0 6 -1  0.0717897
3705983572008649412
2 3 1 2 -1  0.121577
3706053436193703816
5 7 6 7 -1  0.478297
3706074126606494265
2 3 3 3 -1  -0.150095
3706402508391792836
2 4 3 5 -1  0.6561
3706552154289363552
5 0 6 0 -1  0.0119725
3706656525929197793
2 6 3 6 -1  0.282429
3706817353858748491
0 4 3 4 -1  0.31381
3706837988146188723
4 1 2 0 -1  -0.0343368
3707008283469606837
3 0 1 2 -1  0.00117902
3707151878801148815
1 3 3 4 -1  -0.109419
3707376584487908869
7 0 6 0 -1  -0.9
3707429535846140721
0 5 1 6 -1  0.0250315
3707639920439608606
1 3 3 5 -1  -0.0471013
3707659792008411742
4 3 4 1 -1  -0.6561
3707895655448687179
3 6 4 6 -1  -0.166772
3707977597282863387
2 1 3 3 -1  -0.282429
3708699630698232363
1 4 7 4 -1  -0.430467
3708753201322473099
0 0 0 5 -1  -0.0343368
3709348893012608378
5 2 4 1 -1  -0.0147809
3709668208963504561
4 4 5 2 -1  -0.00706964
3709727252362481349
2 4 3 3 -1  -0.478297
3709917663267678375
2 4 3 5 -1  -0.166772
3709940797402344270
4 7 1 7 -1  0.31381
3709976412937938055
0 2 0 1 -1  0.430467
3709997054544418525
0 1 2 2 -1  0.0282666
0 2 3 5 -1  -0.00803785
0 2 4 6 -1  0.0159027
0 6 2 5 -1  -0.00811095
1 2 3 2 -1  -0.0050359
1 6 2 6 -1  0.0129296
3710196978770352345
3 5 4 5 -1  -0.150095
3710551770982901704
2 2 3 2 -1  -0.038152
3710806890739702889
4 3 1 3 -1  0.430467
3710901767602289426
1 3 2 3 -1  0.430467
3711612284965955129
6 0 3 3 -1  -0.9
3711687462025113609
1 5 1 6 -1  0.150095
3711712909709791841
0 1 0 3 -1  -0.121577
3712002257714459959
3 5 2 3 -1  0.098477
3712002777070536018
0 3 0 4 -1  -0.205891
3712181736282196715
5 2 4 4 -1  -0.0423911
3712463194736335111
2 5 1 6 -1  -0.430467
3712624633717449184
1 3 3 3 -1  -0.00273892
3712750339692224331
1 7 3 7 -1  -0.166772
3712978678272870293
1 0 2 0 -1  -0.166772
3713223121549526256
1 4 2 3 -1  -0.185302
3713248888715888991
1 7 2 7 -1  0.0471013
3713400947246104346
0 0 5 0 -1  -0.0886293
3713401640975262543
2 5 1 3 -1  0.0471013
2 5 4 4 -1  -0.0147809
3713408614860199970
3 6 3 2 -1  0.135085
3713741644610069640
2 0 3 0 -1  0.0343368
3713842091756070436
2 1 6 5 -1  -0.038152
3714065005962834734
0 1 3 4 -1  -0.166772
3714426903555881608
1 3 0 4 -1  -0.9
3714432873286733055
0 4 0 6 -1  -0.00555663
3714514851236653997
5 7 2 4 -1  -0.098477
3714812862386729535
7 6 6 7 -1  0.9
3714861228515361756
0 2 0 1 -1  -0.38742
3715541578154356070
2 1 1 2 -1  0.0646108
3715608922715938757
1 6 3 6 -1  0.254186
3715792375220881654
0 0 0 3 -1  -0.038152
3715814209826473903
2 0 3 1 -1  -0.121577
3715870270677630777
0 0 0 1 -1  -0.018248
3716115715998417945
4 1 5 0 -1  -0.150095
3716160345390372249
0 7 0 6 -1  -0.729
3716165757751441826
4 0 4 2 -1  -0.81
3716188181968361468
4 3 5 4 -1  -0.531441
3716213051874750759
5 2 4 1 -1  -0.729
3716451232097281917
0 1 1 3 -1  -0.0119725
3716551307163177364
0 5 1 6 -1  -0.348678
3717331147918296737
1 3 3 3 -1  -0.185302
3717400250136399768
0 5 1 6 -1  -0.00636268
3718030358510124663
3 3 5 2 -1  0.000242749
3718104256224077756
2 0 3 1 -1  -0.254186
3718189363919234600
2 6 2 7 -1  0.729
3718417918127528392
1 0 2 0 -1  -0.00246503
3718513173154546445
2 3 2 6 -1  -0.00636268
3718573107972905091
1 5 0 4 -1  -0.135085
3718637663677713211
3 4 4 4 -1  0.0147809
3718888261053145425
4 1 2 2 -1  -0.0423911
3718899362977697858
3 4 4 5 -1  -0.348678
3718912867815779077
1 2 3 0 -1  -0.0147809
3718998432952363880
6 5 6 0 -1  -0.729
3719031554960482348
4 3 5 4 -1  -0.166772
3719076234376645649
2 5 3 3 -1  -0.59049
3719082916323463769
0 2 2 1 -1  -0.0523347
3719357092445228751
6 6 6 0 -1  -0.0309031
3719395099736684000
1 2 3 2 -1  -0.0250315
3719541551686178048
2 3 4 4 -1  -0.00304325
3719780577396926800
3 5 4 6 -1  -0.729
3719893320835685085
4 0 1 3 -1  -0.185302
3719911507099310250
1 4 1 2 -1  -0.135085
3720040868369471624
0 3 1 2 -1  -0.109419
3720390144372453661
0 5 0 4 -1  -0.150095
3720548927053160707
3 2 1 4 -1  0.0147809
3720581960998588420
0 6 1 5 -1  -0.0886293
3720717490072627437
0 2 4 6 -1  -0.0797664
3720789578167182736
3 5 5 3 -1  0.121577
3721155926955694792
1 3 4 3 -1  -5.46874e-06
3721266546543395959
1 6 3 6 -1  0.0278128
3721386398838427272
0 6 0 5 -1  0.018248
3721958914458558062
0 6 1 6 -1  -0.31381
3721983011614789617
4 4 5 4 -1  0.430467
3722000639102905869
6 0 6 2 -1  -0.430467
3722089616874119625
5 5 2 2 -1  -0.430467
3722209861088186403
5 7 6 7 -1  -0.018248
3722225502653802336
3 3 4 3 -1  -6.17035e-05
3722456060410595964
1 4 1 5 -1  -0.00706964
3722469050153759813
4 5 5 5 -1  -0.228768
3722607917196190665
4 2 5 1 -1  -0.430467
3722702096897610272
3 2 4 0 -1  -0.38742
3722704822744515457
1 7 2 7 -1  0.0797664
3722724135608032867
5 4 6 4 -1  0.254186
3722749357685271987
1 4 2 5 -1  -0.0225284
3722772755088307522
2 5 3 3 -1  -0.00221853
3722810317968199846
0 0 0 1 -1  -0.282429
3722825100376066949
1 3 2 4 -1  -0.166772
3722856576900809485
1 1 3 1 -1  -0.038152
3723036239152503982
7 3 1 3 -1  -0.531441
3723048433394915171
3 1 3 0 -1  -0.0717897
3723094313000933322
2 3 1 2 -1  0.0471013
3723122916848002222
0 6 2 5 -1  -0.0225284
3723164132148397496
5 4 5 2 -1  -0.205891
3723202757104810074
4 5 3 4 -1  -0.205891
3723487566790814242
6 4 4 3 -1  0.0250315
3723491065740296973
0 5 0 0 -1  -0.254186
3723501974705562045
1 0 3 0 -1  0.0423911
3723521415575266003
0 3 1 3 -1  0.0523347
3724072137439218873
4 5 5 5 -1  -0.31381
3724567725146103957
0 5 2 3 -1  -0.121577
3724576962855829445
0 6 0 5 -1  0.282429
3724847282994837182
2 5 3 3 -1  -0.00161731
3724891431283118884
3 3 4 2 -1  0.0523347
3725260232162222412
5 3 4 1 -1  -0.31381
3725375577240341602
7 4 7 6 -1  -0.6561
3725377353388815705
4 4 5 5 -1  -0.0581497
3725388293648263288
0 2 4 6 -1  -0.038152
0 5 1 4 -1  -0.0581497
3725656405496439727
1 7 2 7 -1  -0.135085
3725726066883834210
2 2 1 4 -1  0.00872795
3726504132994945776
0 3 2 1 -1  -0.185302
3726660987423422005
2 4 4 6 -1  -0.38742
3726793030510478039
0 1 2 1 -1  0.6561
3726834202322305930
0 6 1 5 -1  -0.205891
3726840692829909293
0 3 3 0 -1  -0.282429
3726857822738758139
1 1 3 1 -1  -0.00338139
3726988924904230458
1 4 2 6 -1  -0.0523347
3727041671748121939
0 5 1 5 -1  -0.0886293
3727123419931922917
7 4 7 2 -1  1
3727413643515896884
1 7 3 7 -1  0.0523347
3727526478009365362
2 3 1 4 -1  -0.205891
3727581171696719430
4 5 5 4 -1  0.478297
3727758427299129103
3 7 4 5 -1  -0.0797664
3727975455446272434
2 4 4 5 -1  0.038152
3728064728306624716
2 2 1 4 -1  -0.0107753
3728359903352407820
0 5 2 3 -1  -0.348678
3728433370945847766
1 5 2 5 -1  -0.000696197
3728434525465957956
0 3 2 3 -1  -0.430467
3728691230522492270
0 3 1 2 -1  -0.0886293
3728936212491133305
3 0 4 0 -1  -0.6561
3729285279973352835
1 6 0 6 -1  -0.150095
3729366866837522045
4 6 6 7 -1  -1
3729374693873069964
1 0 2 0 -1  -0.0797664
3729471194583877501
1 7 3 7 -1  -0.038152
3729583280802902960
0 6 1 7 -1  -0.0581497
3729623234464929744
3 2 1 0 -1  -0.205891
3729864561409824999
1 1 1 2 -1  0.0717897
3729960706178581739
3 7 4 7 -1  -0.109419
3729972019914651237
0 5 1 6 -1  0.135085
1 4 3 4 -1  -0.0530633
3730006131591391597
2 4 3 4 -1  -0.0471013
3730165446149335257
3 0 5 0 -1  0.59049
3730181937124239539
0 5 1 4 -1  -0.0471013
3730503063597132599
1 5 2 5 -1  -0.00029969
3730656174652323965
1 6 2 6 -1  -0.0119725
3730683571537915195
1 2 2 3 -1  -0.0886293
3730734911433933494
2 3 3 4 -1  -0.0581497
3730924692493991950
1 3 1 2 -1  0.81
3731229365610125876
2 2 1 4 -1  0.150095
3731277990940151170
6 4 5 4 -1  -0.9
3731416863588616285
4 2 2 3 -1  0.729
3731513833558034841
3 3 3 5 -1  -0.59049
3731939898685873972
0 4 0 6 -1  -0.0911258
3731947862374514411
0 0 0 3 -1  -0.109419
3732059972900005792
5 2 6 3 -1  1
3732166670910042567
0 5 4 5 -1  -0.228768
3732191364776701018
7 3 7 2 -1  -0.6561
3732456296123426740
3 3 4 3 -1  -0.478297
3732473401462708457
7 3 5 2 -1  0.31381
3732488654239670658
1 7 2 7 -1  -0.166772
3732668634710777114
7 2 6 2 -1  -0.166772
3732837059394154613
2 1 3 2 -1  0.185302
3732857756952636318
3 2 4 4 -1  -0.109419
3732969690842673766
2 4 3 3 -1  -0.018248
3733756809677603866
7 2 7 7 -1  0.098477
3733837123859056873
1 3 4 3 -1  0.205891
3733885073541440991
1 1 3 3 -1  -0.00785516
3734222268644133690
0 5 0 4 -1  -0.0423911
3734279165916845085
1 6 2 6 -1  0.166772
3734345882659411529
6 0 6 3 -1  -0.0471013
3734401841253692302
2 3 3 2 -1  -0.254186
3734494725931208514
1 2 1 4 -1  0.0797664
3734730284456132374
5 4 6 4 -1  -0.109419
3735077574944468518
1 3 2 1 -1  -0.000176964
3735280531538498266
0 2 4 6 -1  -0.0886293
3735737436729785515
0 2 1 3 -1  -0.0471013
3736161407023530059
2 0 3 0 -1  -0.0886293
3736262997735000115
0 4 0 6 -1  -0.0581497
3736291342084725410
4 4 5 3 -1  -0.531441
3736499893405624827
4 1 1 1 -1  0.478297
3736574622263113594
0 2 0 1 -1  0.185302
3736667936703942801
3 4 4 4 -1  -0.00572641
3736679840361054965
1 6 3 6 -1  0.0343368
3737087429717867773
6 4 6 2 -1  -1
3737121732509018371
3 0 4 0 -1  0.00785516
3737176593988903120
4 5 5 4 -1  0.9
3737455201909174800
0 7 1 6 -1  0.81
3737464649606853965
0 4 0 6 -1  -0.00706964
3737541594014946078
3 2 1 3 -1  -0.0646108
3737543130888011099
3 4 3 0 -1  -0.348678
3737543832626850635
0 4 0 2 -1  -0.0037571
3737673791873710139
3 0 6 0 -1  0.9
3737841400615833089
1 2 3 2 -1  0.185302
3737907088769142725
0 4 3 4 -1  -0.430467
3738180962668252533
1 3 3 3 -1  -0.0717897
3738448593497373873
7 3 3 3 -1  -0.9
3739027979906507496
5 1 6 0 -1  0.254186
3739114904520597083
0 5 0 3 -1  0.135085
3739321568948745121
1 4 3 4 -1  -0.150095
3739371730080659234
0 3 5 3 -1  0.135085
3739906138720142169
4 4 3 3 -1  -0.430467
3740079111156581280
2 7 3 6 -1  0.282429
3740192032260252063
1 5 3 5 -1  0.228768
3740241099200186725
2 2 4 1 -1  -0.00273892
3740600811196976030
1 4 3 4 -1  0.0138793
3740656618466766556
4 1 5 3 -1  0.166772
3740705426735680322
2 1 3 2 -1  -0.0717897
3740742188798217999
4 3 5 3 -1  0.9
3740915672956640387
2 3 4 1 -1  0.205891
3741081280853716355
5 1 5 0 -1  0.0523347
3741086267706422653
2 5 2 6 -1  0.430467
3741181233208053907
0 6 1 7 -1  -0.205891
3741309713249604059
3 4 1 6 -1  -0.205891
3741479885565325676
0 3 7 3 -1  -0.135085
3741659771471002194
1 1 3 1 -1  0.135085
3741842067173259528
2 4 5 1 -1  -0.0471013
3742112628705093059
1 3 1 5 -1  -0.0278128
3742210283415987555
3 7 4 7 -1  0.0717897
3742257735334469347
6 1 7 1 -1  0.31381
3742264542462381498
2 5 5 2 -1  0.0309031
3742341781571078472
1 3 3 4 -1  -0.31381
3742418215327618976
3 4 4 3 -1  -0.121577
3742443355300846636
2 2 4 3 -1  0.0581497
3742829567246503718
2 6 2 5 -1  0.38742
3743341114875061372
4 3 5 4 -1  -0.81
3743347912310028878
4 1 0 5 -1  -0.0797664
3743418166880588912
4 6 4 7 -1  -0.81
3743432195853063139
0 6 0 7 -1  -0.59049
3743605344105275080
1 0 3 0 -1  -0.0581497
3743777128923740930
5 0 4 0 -1  -0.228768
3743786649116970862
0 6 0 7 -1  -0.348678
3743802737276772140
4 6 6 5 -1  -0.018248
3743833733299183260
1 3 6 3 -1  -0.348678
3744404737567000162
1 3 1 4 -1  0.531441
3744478026719882576
0 5 0 2 -1  -0.150095
3744482385400259142
5 0 5 5 -1  -0.531441
3744774309078465635
2 3 1 4 -1  -0.0646108
3744778014664055226
5 1 6 1 -1  -0.59049
3744851363172463968
3 1 4 1 -1  -0.0581497
3745188907063250936
0 2 3 5 -1  -0.0119725
3745402503573386301
2 2 3 2 -1  -0.228768
3745546707915687646
2 3 3 1 -1  0.9
3745548258642183405
1 2 3 4 -1  0.166772
3745742665819147945
3 0 6 0 -1  0.81
3745899482616830350
0 4 1 4 -1  0.478297
3745969167286100623
1 2 0 3 -1  0.729
3746050463234105611
1 6 2 6 -1  0.531441
3746116140359319495
1 3 2 2 -1  -0.00785516
3746773002302921128
2 5 1 4 -1  0.81
3746854964395365509
0 3 7 3 -1  0.9
3747181322343214407
0 0 0 3 -1  0.150095
3747235591942928728
2 3 1 1 -1  0.00636268
3747318039911379498
1 4 2 6 -1  -0.150095
3747520604494149646
2 2 3 4 -1  -0.0646108
3747656808559622832
2 6 7 1 -1  0.729
3747833498334275128
6 7 5 7 -1  -0.254186
3747851549069288874
2 3 1 2 -1  0.0037571
3748077728539900904
3 4 2 2 -1  -0.0717897
3748373847679628352
2 2 1 4 -1  -0.0107753
3748382624927419430
0 4 0 6 -1  0.000456775
3748409724990760793
3 7 4 7 -1  0.205891
3748473763396891176
3 3 5 2 -1  -0.228768
3748495734674070550
1 5 1 4 -1  -8.46413e-05
3748546982834010533
5 6 6 5 -1  0.729
3748798158777955481
0 5 1 6 -1  -0.0581497
3748855843771270543
3 0 2 2 -1  -0.38742
3748914185594162981
0 0 2 0 -1  -0.729
3749042683904382559
0 3 2 1 -1  0.0164232
3 2 4 3 -1  0.0135463
3749163203272799425
4 7 4 6 -1  -0.228768
3749183427098259854
1 0 2 0 -1  -0.0309031
3749210540562558405
4 5 3 5 -1  -1
3749309377044532047
1 3 0 2 -1  0.0202755
3749329985393909179
1 1 2 1 -1  -0.135085
3749388575886897551
0 1 6 1 -1  -0.59049
3749455052281364558
4 3 0 3 -1  -0.098477
3749670387848478896
2 3 2 6 -1  1
3750060527487607595
3 4 4 3 -1  -0.0423911
3750141531214703535
0 1 2 2 -1  0.018248
3750391145428801841
5 7 6 7 -1  0.38742
3750425723184002464
6 5 6 0 -1  -1
3750938495857728988
2 5 2 4 -1  0.135085
3751062978674251989
2 5 3 5 -1  0.0278128
3751101944219310234
5 7 6 6 -1  -0.150095
3751467616942686973
2 4 5 7 -1  -0.228768
3751650025706017538
1 3 5 3 -1  0.729
3751792102116255886
1 4 1 5 -1  -0.00785516
3751872688788432831
0 2 1 3 -1  0.0164232
3751894069916376577
1 0 3 0 -1  0.0202755
3752202597431078084
2 2 3 0 -1  0.31381
3752348979333919965
0 4 0 2 -1  0.0797664
3 5 4 6 -1  -0.0309031
3752514909072878708
5 6 4 5 -1  -0.81
3752715939990593760
0 5 0 2 -1  -0.0423911
3752910150222105672
5 7 6 6 -1  -0.0202755
3753134938337990259
2 0 3 0 -1  -0.109419
3753206231159761920
1 4 3 4 -1  -0.00199668
3753237704312764438
3 6 6 6 -1  -0.6561
3753248358767430767
4 4 5 5 -1  -0.430467
3753408603278136317
0 5 3 5 -1  -0.348678
3753484001736401544
7 3 6 3 -1  -0.185302
3753485364485526588
2 5 1 4 -1  -0.121577
3753628821364530238
1 5 3 7 -1  -0.9
3753641879552394090
0 4 0 6 -1  -0.0343368
3753899854752548379
0 0 0 2 -1  1
3754173726339602998
1 0 2 1 -1  -0.254186
3754297575365796928
1 0 3 0 -1  -0.0581497
3754375598506540570
1 1 2 2 -1  0.38742
3754405438108945094
3 5 2 5 -1  -0.0423911
3754473548718853887
4 1 3 3 -1  -0.109419
3754696573158733307
2 4 3 5 -1  -0.0423911
3754832862291106011
1 3 3 4 -1  -0.81
3754839588389833837
0 7 2 7 -1  -0.81
3754941693649448163
3 7 2 5 -1  -0.205891
3754997632558423834
5 6 4 6 -1  0.59049
3755025474555792436
1 1 3 1 -1  -0.228768
3755455385298037083
1 0 2 1 -1  0.098477
3755534885570896489
2 1 3 1 -1  0.531441
3755558864658723301
0 0 0 2 -1  -0.0343368
3 2 4 3 -1  0.0797664
3755771393120652376
2 4 2 2 -1  0.0886293
3755774640966868872
3 5 5 3 -1  -0.478297
3755984540177805078
2 3 0 4 -1  0.00179701
3756002815302000148
1 2 3 4 -1  -0.0037571
3756545519893941472
2 2 1 1 -1  -0.0797664
3756599522596030519
4 3 5 2 -1  -0.729
3756761686665317738
2 6 3 5 -1  -0.185302
3757207385695492138
0 3 2 1 -1  0.098477
3757353483364141195
0 5 2 4 -1  -0.38742
3757492439494704784
6 3 6 2 -1  -0.430467
3757545855386892429
3 7 4 7 -1  -0.228768
3757799715320864554
3 7 1 5 -1  0.228768
3757884435205247601
1 7 1 6 -1  0.0797664
3757932241737763190
0 6 1 4 -1  -0.109419
3758016306941102510
7 0 7 2 -1  -0.531441
3758410409238156502
6 3 2 3 -1  0.0797664
3758692530439136621
1 3 3 5 -1  -0.0717897
3758742313124899814
2 2 4 1 -1  -0.0886293
3758903455699559892
4 3 5 3 -1  -0.166772
3759041205322708445
0 2 3 5 -1  0.478297
3759150400346451839
0 2 0 0 -1  -0.205891
3759165047863219053
1 6 6 1 -1  0.430467
3759643651212402974
0 6 1 4 -1  0.0202755
3759655536457582537
1 0 3 0 -1  -0.0278128
3759767097145666776
0 3 1 4 -1  0.38742
3759924377043332958
2 4 1 4 -1  -0.59049
3760152973739096180
2 6 6 6 -1  -0.205891
3760206385180823975
5 3 2 3 -1  -0.59049
3760231730879435771
1 7 2 6 -1  0.0523347
3760325867763448173
0 3 1 3 -1  -0.228768
3760386624896100456
0 1 5 1 -1  -0.81
3760430007907190038
0 6 1 4 -1  -0.228768
3760468346944474408
2 7 3 7 -1  -0.0797664
3760689553579867749
3 3 1 4 -1  -0.478297
3760818687186467587
3 7 1 6 -1  0.098477
3760967219333387710
3 3 4 2 -1  -0.00785516
3761069933282911684
3 2 4 3 -1  -0.00463839
3761312959729622382
0 4 0 6 -1  -0.205891
3761429305809416776
2 4 3 4 -1  -0.0717897
3762019409871635107
1 0 4 0 -1  0.0278128
3762046664063735359
0 4 2 4 -1  -0.282429
3762334267606757989
0 5 2 3 -1  0.00417455
1 2 3 2 -1  -0.000626578
3762345569818164947
0 0 0 2 -1  0.0471013
1 3 3 5 -1  0.0133028
3762537244630707911
2 5 0 6 -1  -0.531441
3762796820433927479
3 1 4 1 -1  0.0225284
3762939234039240132
0 5 0 3 -1  0.00785516
3762968124152888087
1 2 0 3 -1  -0.38742
3763007284018021300
2 6 4 4 -1  0.31381
3763022144264688019
1 0 2 1 -1  -0.0717897
3763112627591252775
2 5 1 3 -1  0.205891
3763120764505744898
0 2 1 1 -1  0.0523347
3763155918398159683
0 2 4 2 -1  0.0523347
3763243886015214578
4 1 3 0 -1  -0.0107753
3763412416887435718
4 6 2 6 -1  0.0886293
3763434805256053522
7 1 3 1 -1  0.9
3763472408133625671
1 7 2 7 -1  0.31381
3763487352274340885
2 4 3 4 -1  0.000456775
3763643924951379148
0 0 6 0 -1  -0.0471013
0 2 4 6 -1  -0.0278128
3764060951363272151
1 5 2 5 -1  0.0646108
3764636141566166123
0 7 0 1 -1  -0.0886293
3765292663576138131
4 3 3 2 -1  -0.121577
3765344767342715567
0 0 0 3 -1  0.254186
3765490510729540288
6 1 4 1 -1  -0.00872795
3765561692593735328
3 2 3 0 -1  -0.282429
3765585685664400902
3 6 4 6 -1  -0.430467
3765826680799981835
0 3 0 1 -1  0.430467
3765935864350396455
0 2 1 1 -1  1
3766025486910798837
2 2 3 0 -1  -0.150095
3766141525256949591
3 7 2 6 -1  0.135085
3766234415545408444
0 4 2 3 -1  0.205891
3766406681666983653
3 4 6 4 -1  -1
3766517818540436882
5 5 5 6 -1  -1
3766581852270903588
1 7 3 7 -1  0.59049
3766781827524874803
7 2 7 4 -1  -0.6561
3766848323183405323
0 5 2 6 -1  -0.185302
3766854195280188540
2 1 3 1 -1  0.0523347
3766940460196716412
2 2 2 5 -1  -0.00785516
3766951196512594862
2 4 1 3 -1  0.0278128
3767471942156649669
1 4 2 5 -1  -0.6561
3767858828957880521
0 0 0 2 -1  -0.098477
3767901987573752587
2 2 3 2 -1  -0.0797664
3768029542297989376
3 5 4 4 -1  -0.38742
3768220651054290100
1 4 2 4 -1  -0.0250315
3768270696601003271
2 4 3 3 -1  -0.430467
3768838121365481827
0 2 0 1 -1  -0.00872795
3769044060572225366
5 3 6 5 -1  -0.6561
3769181304784782262
0 3 0 4 -1  -0.531441
3769354014139683283
0 2 1 2 -1  0.31381
3769831678394982139
2 6 6 6 -1  -0.6561
3770048504292919845
2 1 3 1 -1  0.59049
3770317763430739079
0 0 0 3 -1  0.00636268
3770541305566094394
4 2 5 2 -1  -0.348678
3770580195928794567
4 2 6 1 -1  -0.228768
3770613268536799536
0 3 1 4 -1  0.109419
3770650122545750203
0 5 4 1 -1  -0.0250315
3770787188454747107
4 4 5 3 -1  -0.00106111
3770805552575832628
4 7 5 7 -1  -0.282429
3771001086855263760
0 2 1 1 -1  -0.0523347
3771034781900269279
2 4 2 3 -1  -0.109419
3771079387271904288
4 6 6 4 -1  -0.531441
3771091723482168416
3 2 5 4 -1  -0.0886293
3771106376781011116
0 2 2 4 -1  0.0250315
3771167777200932458
3 3 4 2 -1  -0.121577
3771352936661466142
0 2 1 3 -1  -0.0119725
3771565074159344562
4 6 2 4 -1  -0.018248
3771624804565429078
1 1 3 1 -1  -0.038152
3771729489476381253
5 1 5 7 -1  0.205891
3771759229015192600
1 1 2 2 -1  0.109419
3771854108410107765
2 7 3 6 -1  0.478297
3772065849400818134
5 7 5 2 -1  -1
3772109865006087913
3 2 5 2 -1  0.205891
3772272316905746849
6 1 6 5 -1  0.0717897
3772433096267710567
4 5 5 7 -1  0.150095
3772735326201381718
0 2 2 4 -1  0.00572641
0 5 0 4 -1  -0.00572641
3772743040270303294
5 3 4 5 -1  -0.121577
3772752446139179459
1 3 1 4 -1  0.038152
3772770507490767244
2 1 6 1 -1  0.00161731
3772969717845749045
1 0 3 0 -1  0.0523347
3773064075461435299
3 2 4 3 -1  0.00131002
3773582450403521994
0 2 0 3 -1  0.0133028
3773592893900519188
0 3 1 4 -1  -0.00969773
3773774082634365268
1 4 2 5 -1  0.0523347
3774475250120247694
1 7 2 7 -1  0.480954
3775179014146712687
0 5 1 6 -1  -0.0180548
3775272264022257509
0 4 0 3 -1  0.6561
3775331864132049532
2 2 3 1 -1  0.0523347
3775419074706084472
0 7 0 3 -1  -0.729
3775565040420251242
0 5 4 5 -1  0.0646108
3775615306283120922
0 2 0 0 -1  0.0037571
3776252130062558519
4 5 5 6 -1  -0.59049
3776575307082401770
4 0 2 0 -1  0.31381
3776595601649429473
0 6 1 6 -1  0.0278128
3776684848067252235
0 6 1 7 -1  1
3776843698598692698
0 3 2 3 -1  0.185302
3777077912314665200
1 4 0 3 -1  0.81
3777129518389131844
3 4 4 3 -1  -0.0646108
3777555858736804056
0 7 0 2 -1  -0.38742
3777650444859812269
5 0 5 1 -1  0.254186
3777745675335356282
0 6 2 5 -1  0.0147809
3778109282085872579
2 3 4 3 -1  -0.135085
3778372386549752242
5 7 5 2 -1  0.9
3778398050432499390
0 4 0 6 -1  -0.0717897
3778471972840078258
0 6 1 7 -1  0.531441
3778597202148871675
0 1 3 1 -1  -0.00145558
3778736996446040564
1 0 2 0 -1  0.150095
3778886917588115419
0 6 1 7 -1  -0.0202755
3778957903487092940
3 4 4 4 -1  0.0471013
3779088350254168108
3 4 4 4 -1  -0.478297
3779099562913912932
0 0 0 3 -1  -0.0886293
3779152568788109035
3 5 1 7 -1  -0.038152
3779378744475057782
0 3 1 4 -1  0.0309031
3779797271247406566
2 2 3 4 -1  -0.0423911
3779824626595416205
2 6 1 5 -1  0.0284723
3779949079560212362
0 5 1 4 -1  0.0670506
3780223867141129109
3 5 4 6 -1  -0.00179701
3780349292078015340
2 1 3 2 -1  -0.135085
3780597859660856467
4 7 5 7 -1  -0.31381
3780757319687619823
2 2 3 3 -1  0.00969773
3780865037286881350
0 5 2 4 -1  -0.0503741
3780910264298518718
3 3 1 3 -1  -0.0343368
3781117500605535087
5 0 1 4 -1  -0.0886293
3781193495477651059
0 0 0 1 -1  0.478297
3781266127309982845
3 6 3 5 -1  0.59049
3781645699210133495
5 3 3 2 -1  -0.0581497
3781664619696282961
2 4 3 4 -1  -0.0202755
3781683239174325102
1 3 2 3 -1  0.00706964
3781686663146764642
4 3 5 1 -1  -0.0646108
3781923436233822701
1 1 2 1 -1  0.0886293
3781986567042964671
1 6 0 5 -1  -0.0147809
3782074571224969979
4 3 5 3 -1  -0.531441
3782108433406576604
6 6 4 4 -1  -0.0133028
3782376940275880803
0 1 0 4 -1  0.254186
3782594720699927243
0 6 1 6 -1  -0.000332989
3782618481059788161
4 4 4 3 -1  0.254186
3782675598273307503
4 1 5 1 -1  -0.59049
3782681400998161019
0 0 2 0 -1  0.0581497
3782808430721209417
0 0 2 0 -1  0.348678
3783033972481930477
3 3 4 4 -1  -0.6561
3783164073356950078
2 3 4 5 -1  -1
3783227779400911639
1 3 1 5 -1  -0.185302
3783688054535824538
3 3 2 1 -1  -0.109419
3783701923724301297
0 4 7 4 -1  -0.81
3783790012279935118
2 3 3 3 -1  -0.121577
3783943372002745080
2 0 3 0 -1  -0.0309031
3784337761323081582
1 4 0 4 -1  0.282429
3784483583848514176
1 5 0 4 -1  0.150095
3784982910693162217
0 2 1 3 -1  -0.282429
3785123554605544174
4 1 2 3 -1  0.00544568
3785204297653762374
2 6 3 6 -1  -0.150095
3785392776217863787
2 3 1 4 -1  -0.135085
3785406457689168833
0 4 0 3 -1  -0.00106111
3785706943558856351
4 5 2 6 -1  -0.00785516
3785843979335414448
7 6 7 5 -1  0.254186
3785865418693722180
1 4 0 5 -1  0.0164232
3785866421126050348
2 7 2 2 -1  0.478297
3785961600568065863
6 2 4 4 -1  -0.59049
3785990847957073795
5 4 5 2 -1  -0.81
3786015919253238673
2 4 3 3 -1  -0.81
3786031551787482996
3 1 1 2 -1  -0.018248
3786083346081272581
2 2 0 3 -1  -0.729
3786214571120785716
3 5 4 5 -1  0.0250315
3786233000405960202
3 5 4 3 -1  0.478297
3786281896730992157
3 7 4 7 -1  -0.0250315
3786320621242862166
3 0 4 2 -1  -0.38742
3 2 2 1 -1  -0.00338139
3786392045020150083
6 1 4 0 -1  0.38742
3786486379467096256
0 3 3 6 -1  -0.00656024
3786511083109223833
1 2 3 4 -1  0.00969773
3786670394159517214
3 6 1 7 -1  -0.38742
3786697448096599924
2 6 3 5 -1  -0.81
3786773660293966190
4 5 2 6 -1  -0.0343368
3786906613375551438
1 6 2 6 -1  -0.0523347
3787035173893933717
2 1 4 2 -1  -0.430467
3787548315775241479
2 6 3 5 -1  -0.0886293
3787567966234935779
1 1 3 1 -1  -0.00872795
3787651689009363657
6 3 6 4 -1  0.0717897
3787751282764251331
1 7 2 7 -1  0.109419
3787816322842134129
2 1 4 2 -1  0.478297
3787845780512044361
0 4 0 3 -1  -0.0250315
3787978561332139178
1 3 3 4 -1  -0.038152
3788058872996389647
3 7 4 7 -1  0.166772
3788123305781309090
1 5 2 4 -1  -0.166772
3788368173380501254
1 1 2 1 -1  -0.0471013
3788595118815873433
2 1 1 2 -1  0.098477
3788703022078849285
1 0 2 0 -1  -0.0523347
3788706943651135574
0 4 1 5 -1  0.254186
3788987112620774208
0 5 2 3 -1  0.0147809
3789110051510963300
3 2 2 0 -1  -0.018248
3789788859900234999
0 3 6 3 -1  -0.31381
3789811434618460390
4 4 6 3 -1  -0.00872795
3790150760264653356
1 3 2 1 -1  0.0717897
3790330127717615777
6 6 7 4 -1  -0.478297
3790501165356882697
2 4 0 5 -1  0.430467
3790527414974230829
1 5 3 5 -1  0.0225284
3790677629494902896
2 2 4 3 -1  0.00636268
3790725183469163418
0 2 2 4 -1  0.150095
3790822683244337243
4 1 5 2 -1  -0.81
3790913629040683221
0 3 4 3 -1  -0.0581497
3790914690765984618
1 6 0 5 -1  -0.00515377
3790920429549080459
0 0 3 0 -1  -0.478297
3791141126134140023
2 2 2 1 -1  -1
3791159844113914525
5 1 5 6 -1  -0.254186
3791265761986012367
2 2 4 4 -1  -0.205891
3791324296810975569
5 1 6 1 -1  -0.0119725
3791843434701301449
0 2 4 6 -1  0.00515377
3791923960003472808
1 1 3 1 -1  -0.121577
3792004944881994641
5 7 5 4 -1  0.0147809
3792102291605768225
3 4 0 4 -1  -0.531441
3792115108333892515
3 5 2 4 -1  -0.0119725
3792180988263079000
4 5 6 4 -1  -1
3792181229223461360
4 1 0 5 -1  -0.0649367
3792276000871278857
1 5 2 4 -1  -0.150095
3792476799455856965
6 0 7 1 -1  -0.121577
3792590190221633508
1 3 3 4 -1  0.0717897
3792617086154825132
2 1 3 1 -1  -0.282429
3792714787893161811
4 1 3 0 -1  0.0119725
3792881656311954702
2 7 3 7 -1  0.59049
3793001610247421055
0 1 2 2 -1  -0.0133028
1 3 3 3 -1  -0.00417455
1 6 2 6 -1  0.0646108
3793121962315600232
1 7 3 7 -1  -0.59049
3793155539702478715
1 7 3 7 -1  -0.0309031
3793653545920073451
3 0 4 2 -1  -0.0886293
3793693888732195476
2 2 1 1 -1  -0.38742
3793812180304424975
0 3 2 3 -1  -0.0797664
3794065352804243957
0 4 2 4 -1  0.6561
3794157544543011949
7 3 5 3 -1  0.098477
3794467166711444677
1 6 2 6 -1  0.205891
3794591032693878968
1 6 2 5 -1  0.254186
3794606037793930154
3 5 4 5 -1  0.0797664
3794761233364236820
1 4 2 4 -1  0.00463839
3794828700874135659
3 0 4 0 -1  -0.254186
3794998087379322914
0 3 0 2 -1  0.00304325
3795315906447846794
5 4 4 3 -1  -0.348678
3795488224170574903
2 1 3 2 -1  0.018248
3795585886602503343
0 4 1 4 -1  -0.0717897
3795625252865448044
4 7 1 4 -1  0.185302
3795729865584434681
1 4 2 4 -1  -0.729
3796068607903943433
0 2 2 4 -1  -0.0886293
3796262605104624907
0 3 2 3 -1  0.31381
3796464738343517606
2 4 5 1 -1  0.0581497
3796483457217933661
0 2 2 4 -1  0.0471013
3796618968096515146
0 3 0 2 -1  -0.098477
3796639646471671351
0 0 0 4 -1  0.282429
3797177722976364904
0 2 0 1 -1  0.121577
3797222621380087068
2 6 3 7 -1  0.166772
3797234193618942780
3 3 4 2 -1  -0.0717897
3797246340549822713
0 5 0 3 -1  -0.109419
3797427489555680903
0 0 1 0 -1  -0.0423911
3797592773264679526
0 6 0 7 -1  0.9
3797638787845796322
1 3 2 5 -1  0.166772
3797701232309733359
0 1 2 2 -1  -0.0037571
3797811077483664695
7 2 6 2 -1  0.6561
3798145848048817025
0 3 4 3 -1  0.282429
3798216977591974730
1 2 1 1 -1  0.150095
3798233889353103877
5 3 6 3 -1  -0.478297
3798499758397151307
4 0 4 4 -1  -0.478297
3798590935223254932
1 5 1 4 -1  0.098477
3798633395776738672
4 3 4 4 -1  0.109419
3798705430828407987
4 0 5 0 -1  -0.0717897
3798977096699892799
1 6 3 6 -1  -0.228768
3799053417445358806
4 0 2 0 -1  0.00515377
3799197669048818972
0 3 2 4 -1  0.430467
3799582975983438469
0 2 3 5 -1  -0.0540874
3799681071597163646
3 7 4 7 -1  -0.0309031
3799840985146473756
0 5 2 3 -1  -0.038152
3800130518547267658
0 4 0 3 -1  0.531441
3800175875384202194
1 4 2 5 -1  0.135085
3800417979352535362
3 0 4 0 -1  -0.00246503
3800675423586354309
5 7 2 7 -1  -0.348678
3800692462075139108
0 0 0 2 -1  -0.00706964
3800745005502583816
3 6 4 6 -1  -0.729
3800769188465542694
2 3 4 3 -1  -0.00417455
3800855295546454333
0 4 1 3 -1  -0.81
3800896414999374137
3 0 1 2 -1  0.205891
3801037101330261763
0 7 2 7 -1  -0.00417455
3801099657821095988
2 7 3 6 -1  0.121577
3801475492145694864
0 6 0 7 -1  0.135085
3801591786650459568
3 3 2 5 -1  -0.0309031
3801835249254825111
2 5 4 4 -1  -0.0343368
3801925171732209438
1 6 3 6 -1  -0.0164232
3801939701971404992
1 7 2 7 -1  0.166772
3802094312628293519
2 0 3 0 -1  -0.0523347
3802113636010513739
4 2 4 3 -1  -0.0343368
3802154812218752706
5 1 3 0 -1  -0.166772
3802268308599486003
3 0 4 2 -1  -0.0343368
3802354699994312926
1 2 2 2 -1  -0.0164232
3802893316702633110
0 4 0 6 -1  0.0471013
3802925704146618722
1 3 2 4 -1  -0.0581497
3803056103534611316
2 5 3 5 -1  -0.0309031
3803080126361113060
0 0 0 1 -1  -0.0797664
3803705743686476584
3 2 1 3 -1  0.478297
3803903231763971025
2 4 2 0 -1  0.0343368
3803934587912037603
0 3 1 3 -1  0.0250315
3804019554530174068
3 3 2 4 -1  0.00145558
3804262447635412471
2 5 3 3 -1  -0.00872795
3804353033112675330
2 0 0 2 -1  0.254186
3804383486350232274
3 4 2 6 -1  -0.00969773
3804422163151927157
1 6 0 5 -1  -0.109419
3804438895976259319
3 3 4 2 -1  -0.0471013
3804481740689321586
1 5 3 5 -1  -0.254186
3804594650154924241
0 2 3 5 -1  0.0225284
3804762799323088530
4 3 6 5 -1  -1
3804931170800685342
1 6 3 6 -1  0.0133028
3804947420491381846
0 0 0 4 -1  0.0797664
3804952217594976041
3 4 4 4 -1  0.038152
3805097479924743169
4 0 4 7 -1  -0.0523347
3805131183195783960
0 3 1 2 -1  -0.121577
3805167554706680647
3 0 3 4 -1  -0.531441
3805199864743174414
1 2 5 2 -1  0.150095
3805460263689292026
4 3 6 2 -1  0.205891
3805608059748011211
3 3 2 2 -1  -0.205891
3805812427989990788
1 3 3 4 -1  -0.0581497
3805823129584006485
3 2 4 0 -1  -0.0523347
3806004664258984170
1 7 4 7 -1  -0.81
3806468633086236533
2 5 1 4 -1  -0.0797664
3806478346889679584
3 5 5 4 -1  -0.038152
3806873564837312596
2 2 3 4 -1  -0.00117902
3806926544250156623
1 5 4 5 -1  -0.121577
3807292630448315638
4 3 7 6 -1  -0.729
3807344803321594874
2 4 1 5 -1  0.430467
3807421206546783204
0 0 0 2 -1  -0.109419
0 0 0 3 -1  0.00572641
0 5 0 4 -1  -0.0344956
1 0 3 0 -1  0.00969773
3807421486963931225
1 4 2 5 -1  0.254186
3807486976076455201
1 4 1 2 -1  0.135085
3807501416623098301
1 6 2 5 -1  -0.38742
3807776034627213286
1 2 3 2 -1  -0.00785516
3807867834575994468
2 4 4 5 -1  -0.228768
3808237695508223877
1 7 2 7 -1  -0.0423911
3808347344763015599
2 0 5 0 -1  0.0225284
3808435015182979829
1 2 3 1 -1  0.0523347
3808593611973736480
5 7 6 7 -1  -0.729
3808620711629870579
4 5 5 5 -1  -0.348678
3808632920262947361
3 0 4 2 -1  0.121577
3808725907372010701
2 3 5 6 -1  0.0646108
3808875324602469765
2 2 0 0 -1  -0.81
3808958118583572554
5 4 3 3 -1  0.00417455
3809066217989900977
3 4 5 2 -1  -0.0250315
3809152291507784609
3 5 1 5 -1  0.531441
3809169612239281604
2 5 4 7 -1  -0.098477
3809250379681041813
3 3 3 2 -1  0.205891
3809277816072942518
5 1 6 1 -1  -1
3809447054077126025
6 0 6 3 -1  -0.0717897
3809474120021868856
1 2 1 4 -1  0.430467
3809577304724862673
3 2 1 4 -1  -0.0225284
3809739153720917602
2 7 3 7 -1  -0.9
3809740981955489764
3 6 4 6 -1  -0.729
3809855340068914410
0 5 1 6 -1  -0.0232173
3810181337644494057
2 1 3 0 -1  -0.38742
3810336891891648020
2 2 7 2 -1  0.478297
3810426088531649405
6 0 7 0 -1  -1
3810772094067743368
0 0 0 1 -1  -0.282429
3810823167817818674
4 5 4 2 -1  0.00872795
3811003174844600992
2 5 5 5 -1  0.6561
3811205883148448277
2 1 3 1 -1  0.038152
3811498783036695806
2 5 4 4 -1  -0.0278128
3811685487609307878
0 0 0 3 -1  -0.31381
3812046634684891623
4 6 3 4 -1  0.109419
3812081181952413096
0 2 3 2 -1  0.135085
3812106118693833687
3 2 4 3 -1  0.00304325
3812172549708747364
1 1 3 1 -1  -0.0886293
3812174582961832312
1 4 2 4 -1  0.478297
3812416444478554046
4 4 4 5 -1  -0.150095
3812555141799680856
3 4 4 3 -1  -1
3812589609133601671
0 5 7 5 -1  0.00304325
3812872449325758668
0 2 2 4 -1  -0.0037571
3812913291131750688
4 4 5 5 -1  -0.0133028
3813264464938884482
1 2 2 2 -1  -0.254186
3813378154945289351
3 3 1 4 -1  -0.0309031
3813960653404319548
0 3 6 3 -1  -0.228768
3813998808928778293
2 4 5 1 -1  -0.0147809
3814347599403730003
4 1 5 2 -1  0.254186
3814508868149601020
0 4 0 3 -1  0.0471013
3814619238980428404
2 0 3 0 -1  -0.38742
3814764235006021692
3 5 4 5 -1  0.6561
3814825169413253557
5 6 2 6 -1  -0.185302
5 6 7 6 -1  -0.228768
3814850189642936389
3 2 6 5 -1  0.31381
