3815102534313176746
3 2 4 1 -1  -0.282429
3815538737603676542
4 5 5 5 -1  -1
3815786713197651304
0 0 0 3 -1  -0.59049
3816077331927426405
2 0 2 3 -1  0.0250315
3816523974683949427
0 4 2 4 -1  0.31381
3816533544791739462
2 5 4 4 -1  0.150095
3816568273729631091
0 2 4 6 -1  -0.0292435
3816620862645921177
3 5 4 5 -1  -0.254186
3816639283965707712
1 4 3 4 -1  0.166772
3816682180576989163
0 6 1 5 -1  -0.038152
3816756383898506151
0 6 0 7 -1  0.098477
3816763559383175808
1 5 2 4 -1  -0.135085
3816764784231408243
0 1 1 3 -1  0.00181405
1 7 2 7 -1  0.00785516
3816830414310226051
3 1 0 4 -1  0.150095
3816841763409076150
3 6 2 7 -1  0.228768
3816881349107360715
2 2 0 4 -1  0.0797664
3816939863768312014
4 6 5 4 -1  -0.228768
3817459255393103401
1 7 3 7 -1  -0.0471013
3817485563059251020
3 1 5 3 -1  0.478297
3817548674259069405
0 5 2 5 -1  0.0581497
3817567068368343102
2 3 0 3 -1  0.282429
3817921546669356740
7 4 6 5 -1  -0.59049
3818090459244475538
0 3 0 2 -1  0.150095
3818295796980529912
3 0 4 1 -1  0.282429
3818578086474130837
0 3 0 2 -1  0.348678
3818580192505233708
0 3 2 3 -1  0.0202755
3818684002099528982
2 5 3 3 -1  0.185302
3818724316798997667
0 5 2 3 -1  -0.000859503
3819135632219321580
4 4 2 5 -1  0.0147809
3819148844868819868
1 5 2 5 -1  0.0107753
3819249584880935227
4 2 5 3 -1  -0.478297
3819279605228982572
1 3 2 5 -1  -0.121577
3819280162000044674
1 6 2 6 -1  0.0250315
3819286071005586418
2 4 4 6 -1  0.038152
3819296398770606775
4 0 4 4 -1  0.0278128
3819365638751736211
3 3 2 2 -1  -0.729
3819423250907975561
1 1 2 0 -1  0.166772
3819473225067046267
1 1 4 4 -1  0.00463839
3819502632710004310
3 3 4 2 -1  0.038152
3819784765932967235
5 5 6 4 -1  -0.348678
3819821007336101863
3 4 4 6 -1  0.109419
3819862724570717325
2 0 3 0 -1  -0.38742
3819897640792934161
2 2 3 1 -1  -0.121577
3819940834049195151
6 2 4 2 -1  -0.0717897
6 2 5 2 -1  -0.0581497
3820036984551351168
3 3 4 4 -1  -0.0107753
3820074887917511792
2 5 3 5 -1  0.0646108
3820205167560841438
0 3 3 0 -1  -0.00273892
3820296298430417875
1 4 0 5 -1  -0.0471013
3820390663494501479
1 2 5 6 -1  -0.38742
3820439669303738941
0 2 4 2 -1  -0.0133028
3820584522130364149
2 1 0 3 -1  -0.430467
3820593952439748358
0 5 0 1 -1  -0.098477
3820697381685034082
4 6 5 5 -1  0.0471013
3820710650072636614
2 3 1 3 -1  0.59049
3821003611689663221
2 2 2 7 -1  0.185302
3821047259567215022
0 5 1 4 -1  -0.0581497
3821450376213826033
3 3 5 2 -1  -0.254186
3821661703723469711
2 2 1 3 -1  -0.0133028
3821929273854452426
3 4 7 4 -1  -0.0133028
3822002404438648639
1 7 2 7 -1  0.0186187
3822061515850415406
3 2 2 1 -1  -0.531441
3822111728195534546
4 6 5 5 -1  -0.0278128
3822117495629302699
7 3 7 6 -1  -0.282429
3822371027234188157
4 5 0 5 -1  -0.282429
3822537873429611634
4 3 5 2 -1  -0.228768
3822625059499465048
3 4 2 2 -1  -0.150095
3822667958797772445
1 1 2 0 -1  0.59049
3822718751144761478
3 4 4 5 -1  0.00969773
3822833732971054908
3 7 4 7 -1  -0.185302
3822899599698215024
4 2 6 0 -1  -0.531441
3823279001041974509
4 3 2 3 -1  -0.478297
3823597015112404419
0 3 1 3 -1  0.0225284
3823629144719927516
1 3 0 1 -1  0.205891
3823807416659349405
2 2 1 4 -1  -0.135085
3823854191151012655
3 6 3 1 -1  -0.0717897
3823917355274106898
0 2 2 4 -1  0.430467
3823980626174050899
5 4 6 4 -1  0.205891
3824543117101128477
0 2 1 2 -1  1
3824671893422617755
0 6 2 6 -1  -0.121577
3825311786764078515
4 2 6 2 -1  -0.729
3825371500949545494
2 7 3 7 -1  -0.038152
3825429484980225388
0 0 0 2 -1  -0.166772
3825448926028530308
0 1 4 1 -1  0.531441
3825458676058155734
0 5 0 3 -1  -0.254186
3825463404082144091
3 0 3 3 -1  0.81
3825536254941489073
1 4 1 3 -1  1
3825566842934957294
1 6 2 7 -1  -0.0797664
3825596338374437014
3 2 5 2 -1  -0.038152
3825605808813138319
5 2 2 5 -1  0.59049
3825799073650256037
3 7 2 6 -1  0.0164232
3826052570757265883
2 5 4 6 -1  -0.0581497
3826242383107288851
3 0 4 0 -1  -0.00636268
3826458519587265919
0 3 1 3 -1  -0.012509
3826476479310279494
5 4 5 5 -1  -0.729
3826559340434756958
0 3 1 2 -1  -0.00482558
1 4 2 4 -1  0.00620624
3826830615766139016
3 1 4 1 -1  -0.6561
3 2 2 1 -1  -0.531441
3826927251058052029
2 3 3 2 -1  0.038152
3826947530748980580
7 4 6 6 -1  -0.0133028
3826984238257427439
2 5 3 3 -1  -0.531441
3827235726938131434
2 5 3 5 -1  0.0343368
3827425348202410531
0 0 0 2 -1  0.0250315
3827431006586275605
1 2 3 2 -1  -0.185302
3827492212442191533
1 4 0 2 -1  -0.150095
3827495492643004922
4 4 3 3 -1  0.228768
3827669375776556224
2 1 6 1 -1  -0.018248
3827682768274619041
5 0 6 0 -1  -0.59049
3827698091312750065
0 5 1 6 -1  -0.0250315
3827715563058329455
0 3 2 5 -1  -0.9
3827915493215068056
0 0 0 1 -1  -0.0471013
3828036486091104519
5 2 4 1 -1  -0.59049
3828078290498849806
0 1 1 3 -1  0.00515377
3828116212525839184
2 0 1 1 -1  0.729
3828309367379811248
3 6 3 5 -1  0.254186
3828490901381207678
1 2 0 2 -1  0.0717897
3828803881457696555
1 6 2 6 -1  -0.282429
3828819782972281712
1 7 3 7 -1  0.729
3829001220855787101
4 1 6 1 -1  0.31381
3829057360130211044
0 2 2 4 -1  -0.00145558
3829077467392128773
2 6 3 6 -1  -0.166772
3829111091679520082
3 3 7 3 -1  -0.81
3829189301282672169
0 6 0 7 -1  0.0523347
3829318005665738310
0 0 0 2 -1  -0.00872795
3829513637375232363
0 5 5 0 -1  -0.150095
3829526682631399072
4 3 2 3 -1  -0.135085
3829548168768964626
3 6 4 4 -1  0.0717897
3829697362533739411
1 4 0 4 -1  -0.282429
3829861251383238863
1 3 3 5 -1  -0.000369988
3830409047625541519
2 1 3 3 -1  0.00872795
3830834592988562743
4 4 5 5 -1  -0.0797664
3830893174925496167
3 4 4 4 -1  -0.0343368
3831031485635065203
2 0 3 0 -1  0.729
3831137429416360833
1 0 2 0 -1  -0.228768
3831139579070659030
6 0 0 6 -1  -0.0886293
3831222801306170850
2 3 3 3 -1  0.531441
3831262766291053901
2 0 1 2 -1  -0.00969773
3831501768960295892
5 1 4 2 -1  -0.478297
3831641948299025966
1 6 3 6 -1  -0.0250315
3831664847036415169
2 4 6 0 -1  -0.00515377
3832094014454733590
1 3 0 2 -1  -0.038152
3832275126590423392
2 6 3 5 -1  -0.59049
3832420933277860344
3 4 4 4 -1  -0.018248
3832660795141471858
2 7 3 5 -1  0.430467
3832671646372415452
1 7 3 7 -1  0.205891
3832781305714181056
3 0 3 5 -1  -0.109419
3833023522617681948
2 7 3 6 -1  1
3833040655168293088
0 3 0 1 -1  -0.31381
3833053262797083989
2 4 3 6 -1  -0.254186
3833442202715601732
2 4 3 3 -1  -0.0423911
3833470270098474836
5 1 1 1 -1  0.228768
3833518177729755045
3 6 1 4 -1  0.531441
3833595455620210352
5 2 6 2 -1  -0.81
3833611320186840733
0 6 1 6 -1  0.9
3833731004184227888
4 7 4 6 -1  -0.430467
3834102315577768680
2 5 4 4 -1  -0.185302
3834153548730221042
0 4 0 6 -1  -0.0581497
3834361565034101204
0 2 0 3 -1  -0.478297
3834504233547657706
2 1 5 1 -1  0.00199668
3834584404508366938
0 5 0 4 -1  -0.0423911
3834712174244982254
2 3 1 3 -1  -0.31381
3834884838576669744
3 6 4 6 -1  0.0717897
3834916249451426175
7 0 7 4 -1  -0.0581497
3835207971408206525
4 2 5 4 -1  -0.348678
3835413432965344981
1 1 3 1 -1  0.098477
3835419138088788738
2 4 4 6 -1  -0.109419
3835707425982717536
2 1 3 0 -1  0.0250315
3835721644327342974
3 3 4 3 -1  -0.729
3835903279859294328
4 6 3 6 -1  0.205891
3836122448040857182
3 2 2 1 -1  -0.0225284
3836361581061033367
0 3 2 5 -1  0.0119725
3836470340140917265
0 4 1 4 -1  -0.00199668
3837221604949310629
0 7 0 4 -1  -0.0646108
3837631472242361453
0 4 0 6 -1  0.150095
3837687645688841375
3 5 2 6 -1  0.109419
3837767179609068775
0 3 0 4 -1  -0.0278128
3838010868787106304
5 7 6 6 -1  1
3838055054062392915
0 0 0 3 -1  -0.109419
3838274951294667590
4 2 6 3 -1  -1
3838514405485851219
1 4 1 2 -1  -0.135085
3838862638159681631
4 3 5 2 -1  -0.0202755
3839098600621300457
2 6 2 4 -1  0.098477
3839418502496573073
2 1 3 1 -1  -0.81
3839534895830021587
3 2 0 2 -1  -0.205891
3839678827531694571
2 5 3 3 -1  -0.00199668
3839687485689555870
4 5 6 3 -1  0.228768
3839826111655469476
1 5 2 5 -1  -0.348678
3839915273263271426
2 5 2 4 -1  -0.00246503
3839931571217139613
4 4 6 3 -1  -0.0164232
3840463011326489551
0 3 3 3 -1  -0.348678
3840547220672309470
0 2 4 2 -1  0.478297
3840657222725587914
1 6 3 4 -1  0.0202755
3840846844008429824
4 1 6 3 -1  -0.166772
3840946720119285942
1 6 2 6 -1  -0.430467
3841012780123893380
3 4 3 7 -1  -1
3841112931479460722
3 3 4 4 -1  -0.00515377
3841163308476523158
6 6 3 3 -1  0.038152
3841239152244666800
0 1 1 3 -1  0.135085
3 4 4 4 -1  0.0797664
3841391506141657506
4 6 5 7 -1  -0.0164232
3841495597490440230
3 3 4 4 -1  0.150095
3841567013986108850
0 5 0 7 -1  0.0717897
3841785923887307925
1 6 2 6 -1  -0.166772
3842036363515147338
1 4 3 4 -1  0.254186
3842235550769956061
5 7 2 4 -1  -0.0471013
3842279985236485267
5 4 5 6 -1  -0.166772
3842363064755038513
0 5 2 3 -1  -0.00572641
3842565867369099201
1 4 3 4 -1  -0.430467
3842685944915120953
0 3 1 2 -1  -0.0147809
3842728564366240613
0 1 1 3 -1  -0.00304325
3842740981767831150
0 2 2 4 -1  0.150095
3843181229115724029
1 0 2 0 -1  0.0646108
1 4 2 4 -1  0.00872795
3843289944190021218
2 5 0 3 -1  0.00872795
3843454643749003229
3 0 4 0 -1  -0.0164232
3843952786986311048
3 7 4 6 -1  0.228768
3844000210946265824
0 4 0 6 -1  0.000696197
3844085261821739569
0 4 0 6 -1  -0.0523347
3844164756919532573
0 3 4 3 -1  -0.228768
3844291481004247632
7 0 5 2 -1  -0.81
3844684644077658295
4 2 2 2 -1  0.254186
3844737993498370021
2 4 0 2 -1  -0.205891
3844798500064299376
0 0 7 0 -1  -0.0581497
3844846228147884009
1 4 0 4 -1  0.0717897
3844964408932698852
4 4 5 2 -1  -0.729
3845199888220575714
4 1 5 0 -1  -0.254186
3845344708234977082
0 4 2 4 -1  -0.282429
3845691896003884947
1 7 0 7 -1  0.478297
3845767688788360561
0 2 6 2 -1  -0.254186
3846119884928327099
0 2 4 6 -1  -0.185302
3846155084812969778
1 4 2 4 -1  -0.205891
3846395724726135097
0 0 1 0 -1  0.166772
3846594872164782963
3 0 2 0 -1  -0.0164232
3846830305041734182
0 5 1 4 -1  -0.00572641
3846880815249217352
3 7 1 5 -1  0.121577
3846914366475640961
0 6 0 5 -1  0.038152
3846914984892464123
1 1 3 1 -1  0.0225284
3847031207014127670
0 0 0 3 -1  -0.150095
3847260133504553507
1 0 3 0 -1  0.098477
3847281838495888690
3 6 2 6 -1  0.282429
3847328771431356210
0 7 0 5 -1  0.31381
3847718670743570818
0 3 1 3 -1  -0.0343368
3847854429226143101
5 4 6 5 -1  -1
3847919907325846340
2 3 3 2 -1  -0.0646108
3848024553123905211
4 5 5 4 -1  -0.228768
3848438650556338214
3 6 6 6 -1  0.038152
3848499847337655790
4 2 6 3 -1  -0.0886293
3848530649285717825
3 4 4 4 -1  0.0717897
3848636084597636189
1 0 2 0 -1  -0.0037571
3848711683260481206
2 4 3 5 -1  0.185302
3848762467213139678
2 2 3 4 -1  -0.0188591
3848901246535421376
2 4 4 4 -1  -0.38742
3848996431654883298
0 0 3 0 -1  -2.65613e-05
3849106714296403829
1 6 3 6 -1  -0.098477
3849317966911450267
3 1 4 3 -1  -0.729
3849448744535916731
2 4 1 5 -1  -0.0164232
3849583220924385441
2 7 3 7 -1  -0.0343368
3849766566200759595
3 3 1 5 -1  -0.121577
3849941254925241474
1 3 3 2 -1  0.0523347
3850288040188905585
0 3 1 3 -1  0.0423911
3850356410237317075
6 4 6 5 -1  -0.109419
3850568119571082800
2 5 3 5 -1  -0.166772
3850725677274902250
0 2 5 7 -1  -0.81
3851012218690153864
1 3 1 6 -1  0.0581497
3851401710179173530
6 0 6 5 -1  0.729
3851650671343456413
2 5 3 4 -1  -0.430467
3851894070529239067
2 4 3 3 -1  -0.531441
3851908590318046018
7 6 0 6 -1  0.729
3851959459298572156
3 4 4 6 -1  -0.0797664
3851982896369541147
2 5 3 3 -1  -0.0581497
3852177591294428108
3 5 4 7 -1  -0.00515377
3852475910188194062
1 1 2 2 -1  -0.121577
3852651625097322916
2 5 3 3 -1  0.0471013
3852728551546704767
4 1 3 3 -1  -0.729
3852756478716561666
0 5 2 5 -1  0.81
3853126520667662330
2 7 1 6 -1  -0.6561
3853303682980162414
0 2 0 7 -1  -0.00706964
3853377771819449906
2 3 5 0 -1  0.0886293
3853406297014780196
4 3 4 1 -1  -0.109419
3853463939827143154
2 6 3 7 -1  -0.0886293
3853466488728657624
0 2 1 3 -1  -0.00338139
3854107597713543827
0 0 0 3 -1  0.9
3854292191879583679
6 3 5 3 -1  0.00872795
3854470350531242354
0 3 0 1 -1  -0.135085
3854529758193645140
2 6 3 6 -1  -0.0886293
3854530078507163077
3 1 2 0 -1  0.38742
3854649748974071665
7 4 7 3 -1  0.31381
3854817202523199335
0 3 1 3 -1  -0.00056392
3854983556000615382
0 1 0 3 -1  -0.348678
3855530200260027492
3 5 3 1 -1  -0.228768
3855560047881477767
1 6 2 5 -1  0.0581497
3855591041938234828
3 3 4 4 -1  0.282429
3855641425626016166
0 2 0 1 -1  0.228768
3855953283817462705
2 2 3 0 -1  -0.0886293
3856124511346577839
0 5 2 5 -1  -0.038152
3856173546960536214
4 0 2 2 -1  -0.59049
3856343014785935574
0 4 1 4 -1  -0.0581497
3856457272419987321
3 7 5 5 -1  -0.0309031
3856674469896764990
4 1 2 2 -1  0.0309031
3856749511605413493
5 3 6 3 -1  -0.31381
3856781924061421198
3 3 6 6 -1  -0.185302
3856883660339166192
0 5 3 2 -1  0.000955003
3857010806582482669
4 6 5 5 -1  -0.0838156
3857184170066124939
2 7 3 7 -1  -0.0717897
3857332855634809583
2 2 0 4 -1  0.0646108
3857558103489682403
1 7 2 6 -1  -0.6561
3857713243998506194
3 7 4 7 -1  -0.6561
3858435171481590283
0 6 1 7 -1  -0.729
3858608028808654158
2 2 4 3 -1  0.098477
3858649542378129184
3 2 2 4 -1  -0.109419
3858725538179500437
3 0 4 0 -1  0.228768
3859040347493078543
2 6 3 5 -1  0.0797664
3859058086393018986
4 4 7 4 -1  -0.018248
3859197209969312732
1 2 2 2 -1  -0.38742
2 4 3 5 -1  -0.31381
3859274360061050783
1 3 2 3 -1  0.31381
3859282421613773981
0 0 0 1 -1  -0.00199668
3859326031462357217
1 7 2 7 -1  -0.0037571
3859828924258300297
0 5 1 4 -1  -0.109419
3859883694758203515
2 5 3 7 -1  0.00706964
3860186822314128861
1 5 2 5 -1  -0.729
3860189612029423352
4 2 5 3 -1  -0.135085
3860285477119281053
1 4 1 5 -1  -0.254186
3860346686938389611
0 5 0 4 -1  -0.9
3860586362151923294
1 3 2 2 -1  0.0471013
3860620867720835964
0 4 2 3 -1  0.228768
3860898810548831372
0 4 1 3 -1  0.0202755
3861021176026790428
6 1 7 1 -1  -0.0133028
3861102781143010463
1 3 3 2 -1  -0.121577
3861105744811248382
2 1 3 0 -1  -0.531441
3861671543831304862
1 3 3 4 -1  -0.0225284
3861826210262349602
1 6 2 5 -1  -0.00872795
3861875705446545690
2 5 4 4 -1  -0.0309031
3861923704415773910
2 5 4 4 -1  0.0309031
3862073174508810363
2 5 1 3 -1  0.0717897
3862197701895833061
0 1 2 2 -1  0.0250315
3862447339289097190
1 3 1 1 -1  0.150095
3862484818202177369
2 5 1 3 -1  -0.00338139
3862512546922477263
4 2 5 3 -1  -0.0225284
3862609465371862584
2 4 3 4 -1  -0.0797664
3862756085266235945
0 3 2 3 -1  0.126497
3862849822515188372
3 7 4 6 -1  -0.531441
3862936425417303036
1 6 2 6 -1  0.166772
3863168212335045266
0 4 1 4 -1  0.478297
3863180159012413302
2 3 0 5 -1  -0.430467
3863279588839400604
4 4 6 3 -1  -0.150095
3863306372120438691
2 4 3 3 -1  -0.6561
3863394593890309784
1 5 3 5 -1  -0.6561
3863892791695678559
1 1 1 2 -1  0.135085
3863981577109540177
0 5 1 4 -1  0.00417455
3864066014456886557
3 2 4 1 -1  -0.0343368
3864138807375703443
1 7 2 7 -1  1.27042e-05
3864176413227703139
0 2 4 6 -1  0.0133028
3864227497351409216
1 7 0 6 -1  -0.430467
3864317322894167573
0 7 1 7 -1  -0.0164232
3864370674747092184
2 4 3 2 -1  -0.135085
3 1 4 1 -1  -0.166772
3864398381111372840
1 4 3 4 -1  -0.018248
3864408276351464482
3 5 3 4 -1  -0.0147809
3864582973053258880
4 0 5 0 -1  -0.478297
3864742688089429860
0 3 0 2 -1  -0.150095
3864932466914201795
0 2 0 0 -1  0.00515377
3864941283780782584
4 0 5 0 -1  -0.531441
3864947728943647173
1 3 3 5 -1  -0.109419
3865100318983601442
1 6 2 6 -1  0.0523347
3865762242740834918
4 4 3 5 -1  -0.00872795
3866005734069039321
0 4 0 6 -1  -0.0797664
3866023996183208905
0 4 2 3 -1  0.0164232
1 5 3 5 -1  0.038152
3866166838285368491
1 3 2 3 -1  -0.00969773
3866171374657646706
5 2 3 1 -1  -0.38742
3866702383634996744
6 2 4 4 -1  -0.9
3866737797996877002
0 6 1 6 -1  0.205891
3866781813817822417
4 2 5 2 -1  0.109419
3866790996827588826
2 1 2 2 -1  -0.0037571
3866853274917157821
2 5 7 0 -1  0.0886293
3866907275857937844
3 1 2 2 -1  0.430467
3866987003089172471
5 5 6 4 -1  -0.282429
3867202279626726082
7 0 7 1 -1  -0.59049
3867419342462262223
4 6 5 7 -1  0.31381
3867480714002342057
5 3 5 2 -1  0.531441
3867571019167501484
2 2 3 0 -1  -0.00872795
3867679445336501182
4 5 5 5 -1  -0.348678
3867778365983930753
1 6 3 6 -1  -1
3867934287304345421
0 2 2 4 -1  -0.0250315
1 5 2 5 -1  -0.0717897
3868029985570308674
4 6 7 3 -1  -0.81
3868166152676529159
7 1 7 3 -1  0.00304325
3868253023054808174
0 4 0 2 -1  0.81
3868382467290302390
7 4 7 5 -1  -0.109419
3868419106708685489
1 2 1 4 -1  0.0523347
3868430997057109901
0 6 1 5 -1  0.729
3868607496696681808
0 2 3 5 -1  0.59049
3868745854167546872
3 4 4 4 -1  -0.121577
3869056690056464463
3 1 3 5 -1  0.0147809
3869229648947714258
2 0 3 1 -1  -0.228768
3869498395064438591
7 7 7 2 -1  -0.729
3869797735043499552
0 0 0 4 -1  0.0225284
3869797984903614410
0 4 3 1 -1  -0.348678
3870056157194663297
0 5 0 2 -1  -0.0225284
3870064939936128481
0 2 4 2 -1  -0.00304325
3870163306402864455
3 7 5 6 -1  -0.0202755
3870468547975073136
2 1 1 1 -1  -0.0797664
3870560253982287045
1 4 2 3 -1  0.00463839
3870722940265712554
1 4 3 4 -1  0.0152899
3871147197934432783
7 0 5 0 -1  -0.6561
3871529310352277858
1 6 1 4 -1  0.59049
3871649989361288374
0 4 0 6 -1  -0.00417455
3871717464057947060
7 1 5 1 -1  -0.0471013
3871952053548788823
0 5 1 5 -1  -0.81
3872146203175764430
0 2 4 6 -1  0.0278128
3872296746275833945
2 5 4 4 -1  -0.135085
3872380494624660082
2 6 1 6 -1  0.478297
3872531906205463539
1 3 2 4 -1  0.348678
3872642215105862303
0 3 2 1 -1  -0.228768
3872719415690216997
0 5 0 4 -1  -0.0133028
3872720755425692617
3 5 2 4 -1  -0.282429
3872723750535437794
1 2 3 2 -1  0.31381
3872959989836701429
0 6 1 7 -1  0.150095
3872963854625833073
1 1 1 5 -1  0.135085
3873175724115417265
4 2 5 2 -1  -0.282429
3873294935683535251
2 3 0 1 -1  -0.81
3873340980966264060
4 2 5 2 -1  0.0147809
3873348541724372939
1 5 2 6 -1  -0.31381
3873430627501578641
0 5 0 2 -1  -0.38742
3873510992093849488
2 6 3 6 -1  0.9
3873527542260827523
0 6 1 4 -1  0.00706964
3873614738396738461
3 6 2 4 -1  -0.109419
3873715368941902954
1 1 2 1 -1  -0.000626578
3873756230517958418
0 4 0 6 -1  -0.038152
3873834163128895518
2 4 3 2 -1  -0.0037571
3873844784175824871
2 2 4 3 -1  -0.0202755
3873936930551289249
1 2 3 1 -1  0.0119725
3874038733908346835
3 7 4 7 -1  -0.228768
3874144886162014535
0 2 0 1 -1  -0.150095
3874565630211419963
1 3 2 2 -1  0.254186
3874911496592122240
2 6 2 5 -1  0.109419
3875420699249911360
0 0 0 2 -1  -0.0523347
3875564101539554939
5 0 6 0 -1  -0.6561
3875847769559197862
3 3 1 2 -1  0.0523347
3875881417569684229
3 3 2 2 -1  -0.9
3876040230100551155
1 5 2 5 -1  0.0886293
3876100564263849849
1 2 2 0 -1  -0.038152
3876124008276261269
3 2 4 1 -1  -0.0451118
3876153137554812941
0 2 0 3 -1  -0.038152
3876186509209403699
6 4 4 4 -1  -0.135085
3876193643441625084
4 1 3 2 -1  -0.6561
3876443971164786066
0 5 1 6 -1  0.0581497
3876446440847609230
7 2 7 6 -1  0.185302
3876704140610286614
4 7 4 6 -1  -0.0133028
3876780972458112540
3 5 4 4 -1  -0.0471013
3876788477334052968
3 3 4 4 -1  0.0343368
3876815507333398394
2 2 3 2 -1  -0.0225284
3876936909921452118
5 0 6 0 -1  0.59049
3876938691110666980
2 2 3 1 -1  -0.00572641
3876940812752906976
0 3 1 3 -1  -0.098477
3876986688010330099
5 3 2 6 -1  0.59049
3876990913046590732
3 5 2 4 -1  0.282429
3877145652784866045
3 4 4 4 -1  -0.430467
3877341846719570013
1 3 0 4 -1  0.531441
3877392729722409174
0 3 1 3 -1  -0.000159268
3877688981220499048
4 4 2 2 -1  -0.478297
3877717319223487140
2 0 3 1 -1  -0.0107753
3878073381984858493
2 1 4 0 -1  0.038152
3878180100509668180
2 2 0 1 -1  0.000626578
3878208022346915845
4 6 3 7 -1  -0.31381
3878324773516983571
1 1 3 1 -1  0.31381
3878521065564479062
0 3 3 3 -1  0.0225284
3878810862885451079
0 4 7 4 -1  -0.0581497
3879029400250814307
5 4 6 2 -1  -0.282429
3879158248490919075
2 6 6 2 -1  -0.0278128
3879706669635557774
0 5 0 4 -1  0.135085
3879714784250220369
5 3 4 2 -1  -0.00706964
3879963465995293023
2 5 3 5 -1  -0.00117902
3880178831598092718
2 5 0 4 -1  0.0797664
3880204847868783730
3 4 4 5 -1  0.282429
3880380321946740205
2 1 3 3 -1  -0.00636268
3880563541571181441
3 2 4 1 -1  0.282429
3880662192088373527
4 4 3 4 -1  0.0646108
3880677558810141859
3 4 3 3 -1  -0.59049
3880729619521635155
2 1 3 1 -1  -0.0646108
3881008795816492526
1 3 2 4 -1  0.729
3881210951387973530
0 5 2 4 -1  -0.038152
3881270912279926683
1 2 2 2 -1  0.0107753
3881778074797962694
1 6 2 6 -1  0.00706964
3881840598807725786
0 0 0 1 -1  -0.31381
3881844119663258648
5 2 3 3 -1  -0.121577
3881918197558744461
3 5 2 4 -1  -0.0581497
3882051954721882657
0 6 2 5 -1  -0.0886293
3882058829597767876
1 4 1 5 -1  0.430467
3882119550052550072
1 7 2 7 -1  -0.135085
3882227323589923880
0 4 0 0 -1  0.018248
3882495812023461892
1 7 2 7 -1  -0.254186
3882504650119118191
3 3 6 6 -1  0.0202755
3882680707082440366
2 4 6 0 -1  -0.185302
3882719618984890762
3 1 4 1 -1  0.00515377
3882927116482056784
4 2 4 1 -1  -0.430467
3882990322096976940
3 2 4 3 -1  -0.0523347
3883207768012317103
2 5 1 3 -1  -0.0107753
3883306834197174908
0 6 0 3 -1  -1
3883343692566339335
3 7 3 5 -1  -0.6561
3883674201806832973
0 1 1 3 -1  -0.0717897
3883787513800015947
1 7 3 7 -1  -0.166772
3883896679324290091
0 3 7 3 -1  -0.0133028
3883935289496387849
2 0 3 0 -1  -0.0886293
3884117306241070079
2 3 3 3 -1  0.282429
3884161272388039332
0 6 0 7 -1  -0.0471013
3884286193256559250
0 2 1 3 -1  -0.531441
3884293917142044369
4 0 5 0 -1  0.150095
3884654912428678880
5 2 6 1 -1  -0.6561
3884735599586106601
2 2 4 3 -1  -0.166772
3884975074208154644
3 2 4 3 -1  0.0523347
3885101883154718275
3 2 4 1 -1  -0.0147809
3885222049840204538
6 5 7 5 -1  0.038152
3885293421112654898
1 3 3 3 -1  0.38742
3885317329297806846
0 2 1 2 -1  0.185302
3885466667256955440
2 3 3 2 -1  0.150095
3885603653825451452
2 6 1 7 -1  0.038152
3885611876373100167
3 3 0 3 -1  -0.478297
3885646284135828556
2 3 3 4 -1  -0.478297
3885883952033386568
0 2 2 4 -1  -0.00304325
3886129106435482705
1 7 3 7 -1  -0.121577
3886186806564341346
0 0 0 1 -1  -0.00246503
3886410095004051962
0 5 0 0 -1  0.282429
3886416344161452861
2 6 2 4 -1  0.205891
3886482545843108447
1 4 3 4 -1  -0.098477
3886859625713225320
1 1 3 1 -1  -0.098477
3886893718384605817
2 4 3 5 -1  -0.109419
3886927578731145229
1 6 2 5 -1  0.81
3886968525659271468
6 0 6 1 -1  -0.31381
3887194794246314670
0 6 0 7 -1  0.109419
3887325736129220465
4 2 3 4 -1  -0.729
3887349921544135523
1 1 3 1 -1  0.0309031
1 7 2 7 -1  0.0646108
3887572719468209555
0 1 1 3 -1  -0.00161731
3887711666458109292
1 6 2 5 -1  -0.0581497
3887741405565611457
5 4 6 4 -1  -1
3887818962212052817
4 3 5 2 -1  -0.00179701
3887963252264083642
0 2 0 3 -1  -0.185302
3888341166393304780
4 2 3 0 -1  -0.254186
3888389781672601675
1 0 2 1 -1  -0.0886293
3888505268859208224
2 6 4 5 -1  0.531441
3888524567676304897
3 7 1 5 -1  0.0423911
3888560399707929627
1 2 2 3 -1  -0.254186
3888567372661398874
0 2 7 2 -1  -0.0717897
3888622307231575986
4 4 5 5 -1  -0.9
3888642424395133497
4 6 7 3 -1  -0.729
3888675124838504093
2 4 4 3 -1  -0.282429
3888905882236765163
1 3 2 5 -1  0.121577
3889042693116831079
0 4 2 4 -1  0.0797664
3889046841991990627
1 5 3 5 -1  0.0423911
3889239073098445843
3 3 4 4 -1  -0.0343368
3889239433318606426
0 3 3 3 -1  -0.0523347
3889766233230327949
0 2 2 4 -1  0.0202755
3889799708977986409
0 6 0 5 -1  0.81
3889904426295562563
0 4 0 6 -1  0.0037571
3890085855081150493
2 5 1 6 -1  0.531441
3890152334553633581
0 4 0 3 -1  -0.038152
3890163339489379123
3 2 4 3 -1  0.00273892
3890190602211712861
7 5 6 7 -1  0.348678
3890249147816513387
5 1 1 1 -1  -0.185302
3890351093662803008
1 4 0 5 -1  0.531441
3890365428257378517
0 1 1 3 -1  0.0460326
1 4 2 4 -1  0.000761165
4 6 5 5 -1  0.0638335
3890408618237925321
0 6 2 5 -1  0.0717897
3890518200946600985
1 2 2 3 -1  -0.00872795
3890533669286480825
6 2 5 2 -1  0.9
3890669855705409701
0 4 0 6 -1  -0.0343368
3890824018836523746
5 4 5 3 -1  0.9
3890990975386540019
3 5 4 6 -1  -0.254186
3891325368685166339
5 3 6 5 -1  0.205891
3891366684783152810
3 3 4 4 -1  0.098477
3891379392164053214
1 4 3 2 -1  -0.0147809
3891394623115010766
1 1 2 1 -1  -0.185302
3891744966995990096
1 6 2 6 -1  0.282429
3891860338998704286
1 6 2 6 -1  0.38742
3891922898319055840
0 4 1 5 -1  -0.0278128
3892002823194591752
1 2 3 1 -1  0.0886293
3892117291912280054
1 4 1 6 -1  0.6561
3892359201887039144
0 4 5 4 -1  -0.282429
3892447973532313218
1 1 2 1 -1  -0.0147809
3892464501114720077
3 3 4 2 -1  -0.0278128
3892586571092403745
0 3 7 3 -1  0.0343368
3893026376040166749
1 6 2 6 -1  0.0250315
3893651287914347880
0 1 0 0 -1  -0.9
3893768101223172781
3 5 2 7 -1  0.31381
3893824468687904259
1 3 3 5 -1  -0.00969773
3893935938585751413
1 0 2 0 -1  -0.254186
3893946143375750764
6 0 2 0 -1  0.0343368
3894034985518216525
4 4 6 3 -1  0.0202755
3894229908316906789
1 2 3 0 -1  -0.0523347
3894239122756823764
3 4 4 4 -1  -0.0245588
3894397056958001803
3 4 2 2 -1  -0.81
3894415593457298180
2 5 1 4 -1  0.135085
3894643465812826197
1 6 2 6 -1  -0.348678
3894791234585762577
4 4 4 2 -1  0.348678
3894817891055168739
2 4 4 2 -1  -0.729
3894820295106554457
5 0 4 1 -1  0.254186
3894846377507138173
1 1 3 1 -1  0.0797664
3894918226550027494
1 5 2 5 -1  -0.0471013
3895065917017680152
1 6 2 5 -1  0.31381
3895325362464384626
2 4 5 1 -1  -0.282429
3895373687944478460
3 0 7 0 -1  -0.0133028
3895399636517257720
3 1 4 1 -1  0.00706964
3895466940412326775
2 4 3 4 -1  -0.0147809
3895471527856241207
1 3 2 3 -1  0.282429
3895500578537983057
5 4 5 5 -1  -1
3895605653385789482
3 3 2 2 -1  -0.729
3896035666758932963
3 3 2 4 -1  0.0107753
3896052893036328924
5 7 6 7 -1  0.81
3896400463604064461
3 2 6 5 -1  -0.0886293
3896483144014530876
2 1 3 2 -1  -0.018248
3896538650932516589
3 2 3 6 -1  -0.9
3896611728698455535
1 4 1 3 -1  0.00706964
3896943573214674779
4 1 1 4 -1  0.282429
3896952118786949339
3 1 2 3 -1  -0.38742
3897113326370080720
1 3 2 3 -1  0.0278128
3897138837200344797
0 1 2 2 -1  0.00706964
3897170390486013638
0 4 2 5 -1  -0.098477
3897177447150233399
1 4 1 3 -1  0.478297
3897191243874339653
1 7 2 7 -1  0.0886293
3897432365967988427
2 6 2 2 -1  -0.00463839
3897494921565316758
0 5 0 4 -1  0.0309031
3897502398876549893
3 0 4 0 -1  0.0164232
3897690509151763248
3 4 4 3 -1  -0.135085
3897730368015867297
3 6 1 4 -1  0.135085
3897838720130140699
3 4 3 3 -1  0.59049
3897845121432640863
3 7 0 4 -1  0.00636268
3897868745901300665
6 0 5 2 -1  -0.205891
3897906301761479353
2 5 5 2 -1  0.00338139
3898049931850943881
2 3 3 3 -1  -0.228768
3898247397734185127
2 2 3 3 -1  0.205891
3898346572680460204
3 4 2 4 -1  0.348678
3898526669753881807
7 5 7 6 -1  -1
3898562681131226390
1 2 2 2 -1  -0.0523347
3898576211214089433
3 3 4 4 -1  -0.0423911
3898751282840817332
1 6 2 5 -1  0.228768
3898798334906811947
1 5 0 5 -1  -0.0250315
3898865002967863067
7 0 6 2 -1  -0.430467
3898944131621824779
4 7 4 6 -1  0.6561
3898986072292597642
3 3 1 2 -1  -0.018248
3899268901487177355
1 3 2 1 -1  -0.038152
3899419764540087787
1 4 2 5 -1  0.109419
3899802890428278936
3 7 2 6 -1  -0.0523347
3899962458937340071
1 7 2 7 -1  0.282429
3900257368995352636
2 6 3 6 -1  0.0717897
3900319526919504054
6 4 6 6 -1  0.531441
3900744209403724408
1 6 2 6 -1  -0.38742
3900860781745510482
2 5 3 5 -1  0.0343368
3901080552324418333
1 2 3 0 -1  -0.9
3901143504848304593
3 0 3 4 -1  -0.282429
3901196151909215991
2 2 3 2 -1  0.228768
3901250952111223171
3 7 2 6 -1  -0.729
3901467447460448400
4 5 2 4 -1  -0.166772
3901638901763008791
4 3 5 2 -1  0.0107753
3901780144519629740
3 4 4 5 -1  -0.0423911
3901883992540507537
0 0 2 0 -1  0.0309031
3901970803708798075
2 1 3 1 -1  -0.166772
3901972568921186352
1 0 3 0 -1  -0.31381
3902125345101051645
2 6 2 2 -1  0.0202755
3902148625553026814
1 5 3 5 -1  0.0107753
3902274828619629153
4 3 0 3 -1  -0.121577
3902416638308558615
3 6 2 6 -1  -1
3902478506968209359
4 4 5 5 -1  0.38742
3902771851678743382
2 7 3 6 -1  0.0225284
3902997991869998507
4 2 0 2 -1  -0.205891
3903220632199876009
6 6 4 7 -1  -0.098477
3903284908281641946
3 7 4 6 -1  -1
3903354846933339739
5 4 3 5 -1  -0.38742
3903448734934003369
1 6 2 5 -1  1
3903452430500995294
2 2 1 2 -1  0.0471013
3903463036770795476
2 6 5 3 -1  0.185302
3903626799110163478
3 2 4 1 -1  -0.0471013
3903708624030365749
2 1 1 2 -1  -0.038152
3903737027372771072
2 4 1 2 -1  -0.478297
3903982869406856705
4 1 2 0 -1  -6.17035e-05
3904644338248687603
2 1 3 1 -1  -0.0471013
3904796161679069104
3 7 4 5 -1  0.109419
3905281158603728908
5 1 6 2 -1  0.282429
3905353938530222612
1 2 2 2 -1  -0.135085
3905365826883511487
1 3 2 1 -1  -0.0147809
3905501650734892671
2 2 3 3 -1  0.0133028
3905669394100628722
0 3 1 3 -1  -0.0133028
3906008136340810098
0 1 1 3 -1  0.00179701
3906287847201065327
3 7 5 5 -1  -0.0471013
3906346204970271777
1 1 2 1 -1  -0.0107753
3906358000870534357
0 5 1 6 -1  -0.000196627
3906394428392546316
2 1 1 2 -1  -0.0107753
3906459235364599921
4 4 5 4 -1  0.228768
3906468235062340295
1 1 2 2 -1  -0.0821669
3906730946756966473
1 3 2 5 -1  -0.0107753
3906873778018954080
0 3 4 7 -1  0.0646108
3907539972654487062
4 4 5 2 -1  -0.0119725
3907619116984249230
3 4 5 5 -1  -0.348678
3907687243213306202
2 6 4 5 -1  -0.38742
3907730210648298296
3 0 4 0 -1  -0.31381
3907764624500749557
2 5 3 6 -1  0.6561
3907901031553904244
7 4 5 4 -1  -0.729
3907977756033952624
0 5 0 4 -1  -0.0278128
3908362326630578530
0 4 0 6 -1  0.00221853
3908635058367110265
1 0 2 1 -1  -0.348678
3908769803239883560
1 7 2 7 -1  0.00706964
3908803360982610386
0 4 0 3 -1  -0.000507528
1 7 3 7 -1  -0.000626578
3908844368677476215
1 4 2 5 -1  -0.59049
3908880765591124536
4 1 5 1 -1  -0.9
3908969702115330100
0 3 1 2 -1  0.478297
3909260345998119977
4 3 3 4 -1  0.9
3909319770572846912
2 5 3 4 -1  0.109419
3909506165762159486
3 5 4 5 -1  -0.81
3909624740321484750
2 3 2 2 -1  -0.478297
3909675885668214843
0 2 2 4 -1  -0.109419
3909739328948232749
0 4 0 6 -1  -0.0164232
3909790044382833862
7 2 7 7 -1  0.166772
3909973807082230704
1 7 2 7 -1  0.6561
3909996430300291102
3 3 4 2 -1  -0.038152
3910033584978918965
0 4 0 1 -1  -0.0147809
3910036520763507352
2 4 3 3 -1  -0.098477
3910180120597539490
0 1 4 1 -1  -0.0250315
3910195939311399397
5 4 5 3 -1  0.135085
3910199395437151444
4 7 6 5 -1  -0.81
3910270920997189542
3 0 4 0 -1  -0.228768
3910278890516599120
7 0 5 0 -1  0.0646108
3910462134011704306
1 7 2 7 -1  -0.0886293
3911281723096716389
3 3 5 5 -1  -0.0278128
3911337121002835757
3 4 4 3 -1  -0.185302
3911832099111766525
2 1 3 1 -1  -0.254186
3911846462309029307
3 4 2 6 -1  -0.282429
3911898491549570026
3 4 4 5 -1  -0.00706964
3911901278497626933
1 1 2 1 -1  0.150095
3911909312675998213
6 7 5 6 -1  -0.531441
3912003509034865547
2 4 3 3 -1  0.018248
3912043212170373103
0 6 1 7 -1  -0.6561
3912298576197036956
3 2 6 5 -1  -0.166772
3912522851267513633
2 3 5 3 -1  0.6561
3912575125336409706
0 2 1 3 -1  0.109419
3912591447952203655
0 3 5 3 -1  -0.9
3912625672534387488
2 5 2 6 -1  0.31381
3912732598845254254
3 0 1 2 -1  -0.0717897
3912856946427417923
1 0 3 0 -1  -0.185302
3912927954529022505
4 6 6 4 -1  -0.135085
3912956711685075829
1 4 3 4 -1  0.0471013
3913048396077111658
3 4 4 4 -1  -0.0278128
3913171517374388306
1 5 3 5 -1  -0.430467
3913364536232832592
6 4 7 6 -1  -0.59049
3913597803364152479
4 7 2 7 -1  0.0646108
3913805829712295412
4 1 5 2 -1  -0.038152
3913897145606522781
2 2 3 4 -1  -0.0119725
3913899950953695983
2 1 1 2 -1  0.0717897
3914036760833638040
0 7 1 7 -1  -0.38742
3914219376011749102
2 5 1 7 -1  -0.0646108
3914641218303925951
1 6 2 6 -1  -0.0278128
3914669832601545313
4 7 5 7 -1  -0.254186
3914690975954050433
3 1 1 3 -1  0.205891
3914709282277197663
2 5 3 4 -1  -0.0886293
3914721824020192271
3 7 4 7 -1  0.38742
3914766449847857908
1 4 2 5 -1  -0.0343368
3914798432802822214
1 5 3 5 -1  -0.205891
3915289983208697441
0 6 2 5 -1  -0.38742
3915310830741171605
2 6 2 5 -1  -0.135085
3915315663634108679
0 6 7 6 -1  0.135085
3915609995361558493
0 7 3 7 -1  -0.228768
3915786964392230724
4 5 5 5 -1  -0.531441
3915794649908416242
1 6 1 4 -1  -0.150095
3915892384411443781
3 5 0 2 -1  -0.00706964
3915915030066906906
1 0 4 0 -1  0.38742
3915963072609329963
1 2 1 3 -1  -0.282429
3916646182312706675
1 6 3 6 -1  0.0309031
3916671015872444179
3 3 4 2 -1  -0.348678
3916885342263758998
4 3 5 3 -1  -0.150095
3916910807492102505
0 3 5 3 -1  0.228768
3916931549661326549
3 5 5 3 -1  -0.0343368
3917069597010285798
0 0 0 3 -1  -0.31381
3917249952831035964
0 5 1 4 -1  0.150095
3917282641284393861
0 2 4 2 -1  -0.018248
3917412129610995903
3 6 2 7 -1  -0.00161731
3917494719997151983
0 5 0 3 -1  -0.0107753
3917871980056479736
0 5 1 4 -1  -0.0646108
3918038601212183716
4 3 3 1 -1  -0.038152
3918087206991882545
2 5 1 6 -1  -0.0581497
3 3 3 5 -1  -0.0471013
3918088310114186895
1 3 1 4 -1  0.0886293
3918285782638669691
0 1 2 1 -1  0.0646108
3918380622911733849
1 2 2 1 -1  -0.0309031
3918527176756184280
0 5 0 4 -1  0.9
3918539090587208675
4 3 4 4 -1  -0.430467
3918621005671344596
4 7 4 6 -1  -0.166772
3918740456989070253
4 5 6 6 -1  -0.6561
3918851153018448110
2 2 3 4 -1  -0.109419
3919057803204519097
3 7 3 1 -1  0.430467
3919090063717495506
5 1 4 2 -1  -0.121577
3919282663544477895
1 1 2 1 -1  -0.00304325
3919317694004575842
0 3 3 0 -1  0.0202755
3919343769377270666
2 3 1 4 -1  -0.59049
3919344352717173190
0 5 2 6 -1  -0.00572641
3919351547830133789
1 1 0 2 -1  0.185302
3919374921166858290
3 3 4 4 -1  -0.00951027
3919456192619953705
0 5 4 1 -1  -0.0797664
3919503271314239096
2 4 6 0 -1  -0.228768
3919713912990549090
3 3 4 2 -1  0.228768
3919982438578968915
1 4 2 4 -1  -0.185302
3920216112518655663
1 6 2 7 -1  -0.00706964
3920233113294283632
2 3 3 4 -1  -0.9
3920523186122283650
0 6 2 5 -1  -0.0523347
3920592155033745554
5 6 6 7 -1  0.166772
3920701973135902250
3 3 4 4 -1  0.430467
3920778227338349661
0 6 0 5 -1  -0.729
3920778650492497157
4 1 3 0 -1  -0.531441
3920841757849570048
1 7 2 7 -1  0.0581497
3920877849684202307
1 4 1 1 -1  0.00338139
3920906514397095374
3 2 4 3 -1  -0.0646108
3921206012480213901
1 3 3 2 -1  0.0886293
3921484370293881012
1 3 1 4 -1  0.0886293
3921553384018036220
1 7 0 7 -1  -0.478297
3921625085361450669
0 5 1 5 -1  0.348678
3921652263588370054
0 2 3 5 -1  -0.00440508
1 5 3 5 -1  0.430467
3921723084495033325
0 6 0 5 -1  0.0797664
3921741651708508896
1 5 2 6 -1  -0.81
3921827638164809128
2 5 3 4 -1  0.0523347
3922005310476642715
4 2 0 2 -1  -0.018248
3922021688228537959
1 5 3 5 -1  -0.228768
3922190347773455442
7 4 5 4 -1  -0.729
3922249598101112296
5 0 4 0 -1  -0.228768
3922256341819107351
2 2 3 1 -1  -0.109419
3922268224937081747
0 4 0 3 -1  0.00872795
3922753332506756229
0 2 1 1 -1  0.0886293
3922857156272279244
0 6 1 5 -1  -0.478297
3923110365638592737
0 6 1 7 -1  -0.478297
3923305423818442223
4 2 7 5 -1  0.282429
3923350675501899500
1 6 2 7 -1  -0.6561
3923403186372377374
0 2 4 6 -1  0.00417455
3923448085769432324
2 2 3 3 -1  0.205891
3923648125553764551
0 7 0 3 -1  0.0717897
3923652621139657539
0 6 2 5 -1  -0.00515377
3923744047553992625
6 1 6 0 -1  -0.729
3923760688877416711
0 3 2 1 -1  -0.0119725
3923833287748444785
0 6 1 7 -1  0.31381
3923842433856522953
0 5 1 4 -1  0.0581497
3923906115234718948
1 4 2 2 -1  0.282429
3923913048876319083
2 3 2 4 -1  -1
3923995375179741466
3 7 2 6 -1  0.166772
3924252828617490840
2 5 1 3 -1  0.185302
3924269024733553818
5 0 0 0 -1  0.282429
3924518308843579881
1 6 0 7 -1  0.430467
3924646723166078729
4 4 5 2 -1  0.121577
3924685018023889065
5 3 7 2 -1  0.282429
3924712628579169440
0 5 2 4 -1  -0.0523347
3924765597409939626
3 6 4 6 -1  -0.38742
3924801824727953475
2 5 4 4 -1  0.135085
3925050509534215094
1 6 2 7 -1  0.31381
3925222174936742235
4 3 5 3 -1  0.9
3925231630929516160
3 0 4 1 -1  0.282429
3925231947060980432
7 5 5 5 -1  -0.0886293
3925260090305401611
1 6 2 5 -1  0.81
3925322685297054603
7 2 6 2 -1  0.254186
3925508075576832234
2 3 3 3 -1  -0.098477
3925573809440756925
7 1 5 1 -1  0.150095
3925781477484019174
0 5 2 3 -1  -0.430467
3925853822224567291
3 5 4 4 -1  -0.0133028
3925963272915123108
2 3 0 1 -1  -0.0523347
3926343627344935473
2 5 2 7 -1  -0.109419
3926380243932596138
4 1 2 3 -1  -0.38742
3926406567382241312
0 4 0 6 -1  -0.0133028
3926465814285545634
3 0 4 1 -1  -0.000626578
3926550595183701520
2 4 1 5 -1  0.00636268
3926705614172861039
3 5 2 3 -1  0.0797664
3926748398953586390
1 4 5 0 -1  0.135085
3926748993635015330
6 2 6 1 -1  -0.9
3927191965908256042
2 3 3 3 -1  0.0147809
3927289502562131618
2 3 0 5 -1  -0.0886293
3927686392345647069
1 6 2 6 -1  -0.098477
3927715882533875691
3 3 4 3 -1  0.038152
3927886751650625120
4 4 5 5 -1  -0.166772
3927944115815958586
1 6 0 5 -1  -0.00117902
3928195207920794132
5 2 2 2 -1  -0.0471013
3928455212894203033
3 3 2 1 -1  -0.9
3928588965573315746
3 3 0 6 -1  -0.531441
3928601254368041991
0 6 1 4 -1  -0.205891
3928700316301726093
0 6 1 7 -1  -0.0423911
3928909850646046927
2 4 3 3 -1  -0.59049
3928968571703518405
7 7 6 6 -1  -0.9
3929018364349459306
0 4 0 2 -1  -0.0886293
3929121106649368230
0 3 2 1 -1  -0.00515377
3929129160087861021
2 4 4 2 -1  0.00482209
3929174426784038743
0 5 1 6 -1  0.038152
3929833037134501889
1 6 0 6 -1  -0.00463839
3930012336483518184
1 1 3 3 -1  -0.00056392
3930261131136602440
2 3 4 5 -1  0.0133028
3930361054098315559
0 4 0 5 -1  0.282429
3930640534355500392
6 0 6 4 -1  -0.228768
3930752392949152030
1 2 2 3 -1  -0.6561
3930927554317588480
0 4 0 5 -1  -0.109419
3931032461563434158
0 2 2 2 -1  -0.0717897
3931058916865341461
3 3 5 5 -1  0.00706964
3931157337136169799
3 2 5 0 -1  -0.0523347
3931324318260554343
4 1 6 2 -1  0.109419
3931556875697507846
3 5 2 4 -1  0.205891
3931628417176761619
1 7 3 7 -1  0.59049
3931681326459255426
1 4 1 2 -1  -0.00117902
3931784971518719962
2 2 0 3 -1  -0.228768
3931940797184448664
2 5 1 6 -1  -0.228768
3931978469865010213
2 5 4 4 -1  -0.0523347
3932120070843513823
0 6 1 5 -1  0.185302
3932169168968788663
0 4 2 4 -1  -0.282429
3932294444977953716
4 0 4 3 -1  0.729
3932323767786003891
6 3 5 2 -1  -0.531441
3932474515798799345
2 0 0 0 -1  0.018248
3932522580769121288
2 4 3 3 -1  0.0225284
3932653484678890778
1 3 3 1 -1  -0.729
3933212457752952116
2 3 0 5 -1  1
3933231807318601469
4 7 5 6 -1  -0.9
3933445962050033552
3 5 6 2 -1  -0.00338139
3933452187966207536
1 1 2 2 -1  -0.121577
3933477380946333870
3 3 4 2 -1  -0.121577
3933477956416998983
0 5 0 4 -1  -0.0278128
3934166488632136771
2 4 3 5 -1  0.150095
3934249785768601113
0 2 0 0 -1  0.0886293
3934281628819007790
1 5 2 5 -1  0.254186
3934344490762572450
0 0 0 3 -1  -0.0886293
3934425237911093478
3 4 5 2 -1  -0.282429
3934479084586964548
5 1 6 1 -1  -0.478297
3934483728506318388
3 4 4 6 -1  -0.00221853
3934639475135396229
0 3 1 2 -1  -0.150095
3934647751338164693
1 5 2 4 -1  0.00161731
3934829153488943897
3 5 4 4 -1  0.0225284
3935216289027136965
2 0 3 0 -1  -0.31381
3935277079342028177
1 3 4 0 -1  -0.348678
3935623456525061673
0 1 2 2 -1  -0.109419
3935640414370864413
2 5 4 4 -1  0.0523347
3935670952794382765
1 3 3 2 -1  -0.228768
3935697038359027228
1 3 4 3 -1  -0.166772
3935727198845363565
1 2 2 3 -1  0.0147809
3935777469938088791
2 3 4 3 -1  0.098477
3935791033602201501
2 3 2 4 -1  0.166772
3935855360393662299
1 2 2 2 -1  -0.9
3935877291615795641
3 3 2 4 -1  0.31381
3936039839867249060
0 5 1 6 -1  0.31381
3936548166163378162
1 5 3 5 -1  0.109419
3936554689400408607
3 0 1 1 -1  -0.31381
3936744229319656575
1 0 3 0 -1  0.0797664
3936764870083159196
5 6 5 5 -1  0.282429
3936766464627450672
2 5 3 4 -1  -0.348678
3936805811031612561
0 5 1 3 -1  0.000955003
3937031670846845657
2 5 0 5 -1  -0.59049
3937120426050703198
0 0 6 0 -1  0.166772
3937182644717680589
1 6 2 6 -1  0.0797664
3937217487461596465
0 2 2 4 -1  0.0581497
3937250927749573146
2 3 1 2 -1  0.478297
3937295121783870766
1 6 2 6 -1  0.0717897
3937579823417132337
0 2 1 3 -1  0.81
3937759095525246846
2 4 1 5 -1  -0.109419
3937775540629340013
2 6 4 5 -1  0.0581497
3938023922118743950
3 6 4 6 -1  -0.185302
3938433401695743603
0 5 1 6 -1  -0.0225284
3938454305069551200
4 2 5 2 -1  0.0202755
3938560475119354154
1 3 1 1 -1  -0.0164232
3938607619632996578
4 4 4 3 -1  -0.205891
3938662982451295759
4 4 6 5 -1  -0.478297
3938676305954585346
3 5 5 6 -1  -0.0309031
3938924123946342651
0 0 0 2 -1  -0.185302
3938946246005060233
3 2 2 4 -1  -0.0423911
3938988148097261215
1 0 1 3 -1  0.31381
3939062120991020392
5 4 7 4 -1  -1
3939097575244878129
0 1 0 5 -1  -0.038152
3939438717021899683
1 3 2 4 -1  -0.81
3939519609593286543
3 3 6 6 -1  -1
3939956771641420534
3 3 2 3 -1  -0.59049
3940326780124496113
4 4 5 5 -1  0.00594265
3940408112895597924
1 0 2 0 -1  -0.00969773
3940563389515784765
0 0 0 3 -1  -0.31381
3940916541022913414
3 4 5 3 -1  -0.135085
3940992215170514173
0 0 0 5 -1  -0.0523347
3941314899078261305
2 4 3 4 -1  -0.0278128
3941462084123513072
0 5 0 2 -1  0.00969773
3941848408793736844
0 4 0 6 -1  0.0145565
3942099273883014379
0 3 1 1 -1  -0.0278128
3942211048914764975
4 7 4 6 -1  -0.59049
3942333398935104935
0 5 0 2 -1  0.59049
3942512046061451945
1 3 2 3 -1  -0.0279414
3942698469016760115
6 3 6 4 -1  -0.81
3943046486262693731
2 5 4 4 -1  0.0147809
3943259351381171245
5 1 3 2 -1  -0.0278128
3943557267412484790
1 3 3 4 -1  0.185302
3943753877799610983
2 6 3 5 -1  0.38742
3943826245549781143
6 0 5 0 -1  -0.185302
3943949327355577914
2 4 4 6 -1  -0.430467
3944177247271070343
0 3 1 2 -1  -0.0133028
3944181496393821649
1 1 2 1 -1  0.0717897
3944303108265678501
0 5 0 2 -1  -0.018248
3944330885465534289
1 4 3 4 -1  0.00872795
3944672805807572995
1 2 3 0 -1  -0.0717897
3944694820012979163
4 6 5 6 -1  -0.31381
3944822109189370328
3 5 2 5 -1  -0.0797664
3944849627993570221
4 4 5 5 -1  -0.348678
3944993471887440642
0 6 2 5 -1  0.0797664
3945136492487880730
2 4 3 5 -1  -0.128699
3945175751279742836
0 3 2 3 -1  -0.0343368
3945286932277718816
0 4 3 4 -1  -0.0797664
3945532073407847049
1 3 3 4 -1  -0.59049
3945596295267970633
0 2 7 2 -1  -0.0202755
3945626976742741457
0 0 1 0 -1  0.430467
3945839942643932008
1 7 3 6 -1  -0.0147809
3945878257563596758
4 2 6 2 -1  -0.109419
3945949983064480519
3 0 4 0 -1  -0.31381
3946077881408555922
1 5 3 5 -1  -0.0797664
