4079428532197424603
5 6 4 5 -1  -0.185302
4079429841792584587
4 5 5 4 -1  -0.430467
4079847985005901499
4 3 6 3 -1  0.729
4080512356395314674
2 3 4 3 -1  0.6561
4080527401894663082
2 0 3 1 -1  -0.254186
4080561524226498346
3 5 2 6 -1  0.0717897
4080566908222765180
1 6 2 5 -1  -0.228768
4080568356540029056
4 1 4 0 -1  -0.228768
4080636691169945922
1 4 3 6 -1  0.0343368
4080639150578923178
3 2 4 4 -1  -0.478297
4080660378675118203
2 5 3 3 -1  0.0250315
4080732228233007306
1 5 3 5 -1  -0.531441
4080857141168220299
3 4 1 3 -1  0.00969773
4081030652969080697
0 0 0 3 -1  0.000773553
4081070808359661216
0 0 0 3 -1  0.205891
4081158688443755491
0 2 1 1 -1  -0.0202755
4081162196478228940
1 3 2 4 -1  -0.109419
4081211762939440044
0 4 0 6 -1  0.000773553
4081281680132553010
2 6 6 2 -1  -0.135085
4081310728540794598
0 6 1 6 -1  -0.0107753
4081532333838654503
2 5 1 6 -1  -0.9
4081563958922915562
4 3 4 4 -1  0.00463839
4081964843442596611
1 7 0 7 -1  0.430467
4082010450845213447
5 3 5 2 -1  -0.121577
4082053602282535468
0 0 1 0 -1  -0.0646108
4082053619573463815
3 2 2 3 -1  0.0164232
4082878139193229766
6 2 4 4 -1  0.0717897
4083056259747122082
1 6 3 6 -1  0.0343368
4083109905342307335
3 3 4 4 -1  -0.348678
4083322618493335326
0 0 2 0 -1  -0.0343368
4083347862756235491
4 2 5 2 -1  -0.430467
4083362190727223040
6 3 6 4 -1  -0.478297
4083540270287905249
0 3 2 3 -1  -0.185302
4083851347674726142
0 4 2 2 -1  -0.31381
4083936103379643870
1 3 1 1 -1  -0.00785516
4083937438268498473
4 5 3 3 -1  3.64353e-05
4084090603663082260
3 2 3 3 -1  -0.9
4084296339416747882
2 4 1 3 -1  -0.205891
4084356157485812729
1 4 1 5 -1  -0.0202755
4084934888146581526
1 3 3 1 -1  -0.0886293
4084972355163332474
0 2 1 3 -1  0.9
4085176229311654778
2 2 3 1 -1  0.00463839
4085346036597566800
0 3 3 0 -1  -0.0581497
4085507939317113917
5 3 5 4 -1  -0.38742
4085916183055359380
1 6 1 5 -1  0.121577
4086093956925294811
1 4 3 3 -1  0.0309031
4086365156995855731
1 6 0 5 -1  -0.121577
4086465363659159177
2 5 3 7 -1  -0.135085
4086711006200008061
2 6 0 5 -1  -4.04837e-05
4086727354819151277
3 3 4 3 -1  -0.228768
4086817954384224469
1 7 3 7 -1  -0.0037571
4086838210896140159
3 1 5 2 -1  0.0581497
4087024092551596431
2 3 4 4 -1  -0.31381
4087372471963238500
6 2 6 3 -1  0.00969773
4087563132189922120
0 6 1 5 -1  -0.348678
4087626037848569182
2 7 3 6 -1  -0.0343368
4087808579946384573
4 0 4 6 -1  -0.430467
4087881319677282772
0 0 0 4 -1  -0.135085
4087891573208452166
0 4 0 6 -1  0.0797664
4087950891725052509
2 5 3 5 -1  0.0797664
4088042269228810566
2 2 3 3 -1  -0.0717897
4088166415567492948
4 2 5 2 -1  -0.430467
4088284271200563176
3 3 4 2 -1  -0.348678
4088348315007699027
0 5 1 4 -1  -0.0523347
4088488875079691103
4 2 5 3 -1  -0.109419
4088729705432080073
1 7 3 7 -1  -0.6561
4088731569266306856
3 2 4 2 -1  0.38742
4088756596824548400
1 5 2 6 -1  1
4088802470371523318
3 7 5 7 -1  -0.205891
4088906469756462301
0 2 1 3 -1  -0.00161731
4089127159865434025
0 6 1 5 -1  0.9
4089164067227514657
0 4 0 6 -1  0.00706964
4089285618761245320
4 4 5 4 -1  -0.098477
4089394323982547901
1 0 6 0 -1  -0.150095
4089839169625382201
2 2 3 2 -1  0.6561
4090013700382769894
0 4 0 6 -1  -0.00246503
4090159147724122468
0 3 0 4 -1  -0.254186
4090186504031383201
0 5 2 3 -1  0.0285088
4090197760558830133
7 6 7 1 -1  0.348678
4090198377110729061
3 5 4 4 -1  -0.135085
4090243680814814738
4 4 5 5 -1  -0.228768
4090262406699859198
5 0 3 1 -1  -0.9
4090526444789680137
1 5 2 4 -1  -0.228768
4090562379063449820
0 1 1 1 -1  0.0886293
4090633314308479975
4 7 6 7 -1  -0.38742
4090657098726518804
0 0 6 0 -1  -0.348678
4090664387148467628
1 3 3 2 -1  -0.0581497
4090736437062854486
3 4 2 4 -1  -0.0202755
4090771568553447015
1 7 2 7 -1  0.430467
4091006658208422128
2 3 4 4 -1  -0.430467
4091224286883297505
2 6 3 5 -1  -0.0278128
4091447723496590027
5 7 0 7 -1  -0.098477
4091457434723637468
2 1 3 0 -1  -0.0423911
4091611524103649098
1 2 2 2 -1  -0.0406404
1 3 2 3 -1  -0.0037571
2 5 4 4 -1  0.00273892
3 0 4 1 -1  -0.00246503
4091731935236903581
3 2 4 2 -1  -0.0471013
4091771738569250762
5 2 6 3 -1  -0.81
4092339447601868813
4 1 2 2 -1  -0.9
4092560613595098100
1 0 2 0 -1  0.109419
4092564847230125392
0 6 1 5 -1  -0.38742
4092593969136934311
4 5 5 5 -1  -0.478297
4092697280728588059
0 2 0 4 -1  0.729
4092760462648351002
0 3 0 0 -1  -0.205891
4092773268384796663
4 2 5 3 -1  -0.31381
4092899688254797108
1 4 5 4 -1  -0.00304325
4092980953445353950
1 5 2 5 -1  -0.185302
4093045046461361653
1 5 2 4 -1  -0.098477
4093166842559306571
0 7 0 6 -1  0.348678
4093241364771927648
0 1 1 3 -1  -0.098477
4093284620592184916
4 5 4 6 -1  -0.81
4093298272228214336
1 3 2 1 -1  0.0225284
4093358107121031542
0 2 0 3 -1  -0.254186
4093464274597051355
0 6 1 4 -1  -0.109419
0 6 2 5 -1  -0.0013124
4093939576375571639
3 3 2 4 -1  -0.282429
4094251382631153492
4 3 4 1 -1  -0.109419
4094302424616178220
3 6 4 6 -1  0.81
4094339633578287624
5 1 5 4 -1  -0.6561
4094536742318610465
1 4 2 5 -1  0.205891
4094629473817651558
0 6 1 6 -1  -0.0471013
4094731819173001526
5 3 6 2 -1  -0.9
4094777743738667365
3 2 4 3 -1  -0.00785516
4094906876866251984
7 6 7 2 -1  0.205891
4095126120244366198
0 1 0 3 -1  -0.0202755
4095316448364083738
2 2 1 3 -1  0.205891
4095412738898920893
1 1 1 3 -1  0.729
4095488969234091411
0 6 2 5 -1  -0.0309031
4095535566824415268
0 4 0 6 -1  -0.00304325
4095579393360994900
2 2 1 0 -1  -0.0225284
4095678400146756473
3 5 4 5 -1  -0.282429
4095687700560755181
4 7 4 6 -1  0.430467
4095693022878227993
0 6 0 7 -1  0.0797664
4096079395575449356
1 4 6 4 -1  0.81
4096230410033092869
0 6 0 5 -1  0.531441
4096257271282570743
2 3 1 3 -1  -0.38742
4096317903379785164
2 5 1 3 -1  -0.109419
4096508218507386927
2 1 5 1 -1  -0.0107753
4096900379201988323
4 2 6 1 -1  0.9
4097087107709538786
1 7 3 7 -1  -0.00221853
4097205067840923523
2 5 3 4 -1  -0.0423911
4097402365247591654
1 2 1 3 -1  0.282429
4097561340348623654
4 1 0 5 -1  0.6561
4097576114982096913
1 7 2 7 -1  -0.38742
4097767963426987045
5 7 4 6 -1  -0.0423911
4097811346195143736
0 1 4 1 -1  0.0471013
4098047274221206905
3 2 4 2 -1  -0.00199668
4098080419416803806
0 2 0 1 -1  -0.31381
4098302309870284241
1 4 3 6 -1  0.0309031
4098382241097817512
4 4 0 4 -1  -0.205891
4098452884022409542
0 3 0 4 -1  -0.038152
4098537390218342429
6 0 3 0 -1  0.478297
4098538764081351036
2 2 3 0 -1  -0.00515377
4098625426436758890
2 1 3 2 -1  -0.121577
4098953516410827124
1 5 2 5 -1  -0.185302
4099004105593640562
0 5 2 7 -1  0.81
4099344676954663581
5 1 3 2 -1  0.478297
4099419498940486865
1 3 0 5 -1  0.018248
4099485597954252713
1 5 2 5 -1  -0.0225284
4099505062296643084
1 3 2 2 -1  0.6561
4099607707396745843
5 5 4 3 -1  -1
4099623560170744646
4 6 5 6 -1  -0.9
4099700396846863261
1 6 2 7 -1  0.166772
4099799645479506890
3 2 5 3 -1  0.729
4100054951860212119
5 5 6 5 -1  0.81
4100318872834626426
2 3 3 2 -1  0.166772
4100335972953981602
2 2 1 4 -1  0.0309031
4100383534107728319
2 5 4 7 -1  1
4100437943874441329
0 3 1 3 -1  0.0646108
4100578125001200188
0 7 0 3 -1  0.282429
4100794702903190732
5 2 6 1 -1  -0.81
4100842210542695720
5 4 6 4 -1  -0.0717897
4100866437405549430
1 4 4 1 -1  0.135085
4101537046583815671
2 6 3 6 -1  -0.121577
4101566022485420707
1 1 3 1 -1  -0.185302
4102232461945886227
0 6 2 5 -1  -0.00572641
4102457113422554343
4 6 5 5 -1  -0.9
4102754091381301825
0 1 2 3 -1  -0.282429
4103038672706632764
2 6 3 6 -1  -0.0717897
4103096657522194755
0 2 3 2 -1  0.6561
4103257031457286092
2 0 3 1 -1  -0.0133028
4103311353016888326
7 7 7 6 -1  0.6561
4103534037659088922
2 4 3 4 -1  -0.0523347
4103637424376977766
1 6 2 6 -1  -0.348678
4103944673013740743
0 6 1 5 -1  0.0523347
4104216289638845290
0 4 2 3 -1  1
4104350864111691605
5 5 6 6 -1  0.531441
4104352524582246584
0 5 2 6 -1  -0.0250315
4104537910107448781
1 2 2 1 -1  0.478297
4104824652623188878
2 5 2 4 -1  0.31381
4104921818898077123
1 3 2 3 -1  -0.0309031
4105077761476952120
2 4 1 4 -1  -0.098477
4105204979315135739
4 4 5 5 -1  -0.59049
4105275054622004049
1 4 1 3 -1  0.121577
4105413634826754776
1 0 2 0 -1  -0.729
4105417109987887930
0 5 0 3 -1  -0.0797664
4105713894216324443
1 6 2 6 -1  0.00221853
4106161066601897429
1 4 2 2 -1  -0.0250315
4106189177320429613
1 5 7 5 -1  -0.0717897
4106189631115849928
2 5 3 7 -1  0.254186
4106283665094877853
1 2 2 2 -1  -0.0202755
4106808171837039912
2 0 3 0 -1  -0.0646108
4106819980925603707
6 4 2 4 -1  0.430467
4106950213441468651
3 0 5 2 -1  -0.0886293
4107134713502497010
3 2 2 1 -1  0.0343368
4107167534997867783
2 5 4 6 -1  -0.0646108
4107448769984886860
1 0 2 0 -1  0.0119725
4107593998705179738
1 4 2 6 -1  0.0107753
4107632569723029690
1 5 2 4 -1  -0.038152
4107774368535185670
7 6 7 5 -1  0.135085
4107790180454176316
0 3 1 3 -1  -0.00872795
4107848260349962129
1 6 2 7 -1  0.135085
4107904506000110407
5 7 4 6 -1  0.185302
4107937910338068617
2 4 1 5 -1  0.6561
4107942416883663013
0 0 0 2 -1  -0.348678
4108189815285900711
1 6 4 3 -1  0.0886293
4108205918345825660
0 0 0 2 -1  -0.59049
4108234412820564244
5 0 4 1 -1  0.0581497
4108431829383786691
1 7 2 6 -1  -0.0717897
4108459787623581242
0 6 2 7 -1  0.00199668
4108537305580585085
1 2 3 2 -1  -0.38742
4108618303722009052
0 5 1 4 -1  -0.0343368
4108893504418416283
2 3 3 2 -1  -0.729
4108956083850134410
3 0 3 3 -1  0.205891
4109129158016636405
2 6 2 5 -1  0.59049
4109145795629186890
4 2 5 2 -1  -0.38742
4109157426382533988
0 5 7 5 -1  0.135085
4109335060706850236
2 3 5 3 -1  -0.9
4109378328443416683
1 3 0 2 -1  -0.150095
4109576697680704868
2 5 6 1 -1  -1
4109591899874968458
2 5 1 7 -1  -0.150095
4109627676260098185
1 1 4 4 -1  -0.166772
4109749179651052486
0 0 0 3 -1  -0.0343368
4109814888082996289
3 4 2 2 -1  0.0471013
4110006007740493786
0 5 0 4 -1  -0.00872795
4110062837815801111
0 0 0 2 -1  -0.0278128
4110210723220802646
4 3 5 3 -1  -0.166772
4110508903240244266
1 5 1 3 -1  -0.348678
4110972875626010689
6 6 6 5 -1  -0.0646108
4111127817618821056
0 0 0 3 -1  -0.531441
4111279706973630701
4 4 5 4 -1  -0.31381
4111302438791903052
1 3 3 3 -1  -0.0250315
4111436607842829427
2 4 4 3 -1  -0.000859503
4111658170150315778
2 4 5 1 -1  0.430467
4112413969997062498
3 4 3 6 -1  -0.098477
4112489206041944102
0 5 0 3 -1  -0.098477
4112692934846264292
4 1 6 0 -1  -0.81
4112893734244198325
2 1 4 2 -1  -0.098477
4112909487851331215
3 0 4 0 -1  0.531441
4112941205657060842
3 6 4 6 -1  -0.098477
4112982155817965146
2 4 3 4 -1  -0.00969773
4113132141887258980
3 6 2 5 -1  0.00969773
4113302637778350526
3 0 3 1 -1  0.0350343
4113731198644164521
2 5 2 7 -1  0.135085
4113783858435663735
0 2 2 4 -1  -0.109419
4113872884438589853
5 7 4 7 -1  -0.9
4114157111827683255
3 5 4 4 -1  -0.098477
4114291749250341177
1 0 2 1 -1  -0.0797664
4114441392098696260
3 6 4 6 -1  0.098477
4115053635972680313
5 1 7 1 -1  -1
4115260151793906527
0 4 0 6 -1  0.0523347
4115322529076078415
0 6 1 5 -1  0.531441
4115376769789619582
0 2 5 7 -1  -0.0225284
4115399362696071558
3 1 3 0 -1  -0.348678
4115451478532254702
1 7 3 5 -1  0.0523347
4115481666698891331
0 5 1 4 -1  -0.0164232
4115525091420734317
1 2 0 1 -1  -0.9
4115537596657698434
4 3 5 3 -1  -0.0646108
4115539740234311642
0 3 0 1 -1  -0.0581497
4115554719716284660
4 6 6 4 -1  -0.81
4115968920546825496
4 7 1 4 -1  0.0225284
4116003801193266987
0 3 4 3 -1  -0.150095
4116124203170319154
2 2 4 1 -1  0.31381
4116477442797171484
2 6 5 6 -1  0.098477
4116705002533828766
1 2 2 2 -1  -0.0886293
4117065047771133195
3 3 3 1 -1  -0.729
4117098657774864063
5 3 7 2 -1  -0.135085
4117548849691579387
2 2 1 4 -1  0.478297
4117672880473608541
0 0 6 0 -1  -0.430467
4117706021754730551
1 0 2 0 -1  0.0225284
4117883800892094985
7 6 7 7 -1  0.59049
4118163002320397430
2 5 1 7 -1  -0.0471013
4118441044442770677
2 5 4 4 -1  -0.0717897
4118537847119651648
2 1 4 3 -1  -0.59049
4118578251726701051
6 5 6 2 -1  -0.0225284
4118784847315191732
0 4 1 3 -1  -0.135085
4118790736223198931
2 1 4 3 -1  -0.185302
4118822656623404598
2 5 4 4 -1  -0.00199668
4118890234165720892
1 0 2 0 -1  0.9
4119014293449330706
3 4 5 5 -1  0.228768
4119190244683270977
1 7 2 7 -1  -0.00338139
4119296068126913297
3 0 2 1 -1  -0.00515377
4119314406104904245
0 4 0 1 -1  0.0147809
4119501125579118484
3 7 2 6 -1  0.81
4119587717917331295
0 2 1 1 -1  -0.0278128
4119715205451518323
5 5 5 7 -1  -0.531441
4119716787357883299
1 3 6 3 -1  -0.135085
4119923588997433674
3 1 4 1 -1  -0.0581497
4120021481539205454
0 4 0 6 -1  0.135085
4120311275790336254
0 1 0 6 -1  0.348678
4120366294656135032
1 1 3 1 -1  -0.00515377
4120472758899752422
5 0 5 1 -1  -0.59049
4120587246559832054
3 2 4 2 -1  -0.185302
4120627562055386506
0 0 1 0 -1  -0.0250315
4120676145293149146
2 5 3 6 -1  0.282429
4120745895424417629
1 5 2 5 -1  -0.0581497
4120827257143051298
2 4 3 2 -1  -0.00969773
4120900561062643715
2 5 5 2 -1  -0.478297
4120961173462982157
3 2 2 1 -1  -0.098477
4121162152817414375
0 0 0 2 -1  0.531441
4121173036782202301
1 4 4 4 -1  -0.6561
4121211193156492857
2 4 3 4 -1  0.166772
4121241361533840946
0 6 0 5 -1  0.430467
4121357593295598701
1 2 0 4 -1  -0.098477
4121556178931887282
5 7 6 6 -1  -0.150095
4121564225414818897
7 2 4 5 -1  0.121577
4121612476166435971
0 3 1 2 -1  -0.0281908
3 2 4 3 -1  -0.00304325
4121677091270229292
1 1 1 0 -1  -0.59049
4121678832373935275
0 5 0 3 -1  -0.0581497
4121712899212352256
2 3 1 4 -1  -0.430467
4121735411473887932
1 3 3 2 -1  0.121577
4121923779206736420
0 3 1 2 -1  0.0471013
3 4 4 4 -1  -0.0613802
4122011443159177018
0 7 0 6 -1  -0.0886293
4122088149219616945
0 2 1 3 -1  0.0646108
4122119421688993529
0 6 0 7 -1  0.0202755
4122420688463183467
3 0 5 1 -1  -0.0581497
4122847649217842915
3 1 5 2 -1  0.150095
4123240417108946943
5 3 4 2 -1  -0.0717897
4123313309393916239
4 2 6 2 -1  -0.729
4123776037942539101
1 5 2 3 -1  -0.0278128
4123797400128637561
4 6 0 2 -1  0.0208392
4 6 2 4 -1  0.0278128
4123818295138601351
1 7 2 7 -1  0.228768
4124510905596828567
0 6 0 7 -1  0.430467
4124539198720767540
5 6 5 5 -1  -0.81
4124759213577287588
0 3 2 3 -1  0.531441
4124799771484364262
1 0 2 0 -1  0.038152
4124936391007547772
2 7 3 6 -1  0.31381
4125169458789539608
1 4 2 5 -1  -0.282429
4125169785155611515
0 3 2 5 -1  0.0309031
0 5 1 4 -1  0.0439214
1 0 3 0 -1  -0.0202755
1 5 2 5 -1  0.000465721
1 6 3 6 -1  0.0224388
4125381938657581801
0 0 0 5 -1  -0.0133028
4125423319340485733
1 4 2 3 -1  -0.0523347
4125464282697541847
4 0 5 1 -1  0.166772
4125466062956809405
1 0 2 0 -1  -0.0147809
4125489517538457717
3 4 3 5 -1  -0.531441
4125717605251208681
1 3 2 4 -1  0.430467
4125813496386223180
4 1 6 3 -1  0.0886293
4126390176289800917
4 0 4 1 -1  -0.430467
4126425143848244331
2 0 1 2 -1  0.31381
4126544136283649467
2 4 3 3 -1  0.0471013
4126590890477023342
0 3 3 3 -1  0.0225284
4126762044662970178
1 6 2 6 -1  0.166772
4127379312590515556
1 5 3 5 -1  -0.00636268
4127474061482475288
0 4 0 6 -1  -0.478297
4127524083698017517
3 7 2 6 -1  0.0133028
4127550929883752107
2 5 3 3 -1  -0.0037571
4127607621835804120
2 2 3 2 -1  -0.0278128
4127611570429261862
0 0 0 3 -1  0.348678
4127726848602739121
1 3 3 3 -1  -0.038152
4127785278702012086
1 7 3 7 -1  -0.185302
4127874828208258952
0 3 1 2 -1  -0.0300949
4127937307839036972
1 0 3 0 -1  -0.254186
4128081497000492352
1 0 2 0 -1  -0.0717897
4128119861627200976
2 2 4 3 -1  -0.0423911
4128991038282913551
5 3 2 6 -1  0.0471013
4129033420238604469
0 5 0 4 -1  0.348678
4129165220414579166
1 2 0 3 -1  -0.531441
4129216458293877396
4 1 3 2 -1  0.81
4129241185635663352
2 5 3 5 -1  -0.150095
4129376571332111504
0 5 0 2 -1  -0.531441
4129643294571809102
4 1 3 2 -1  -0.0147809
4129701130031412010
5 5 3 3 -1  -0.185302
4129789486729318543
3 1 2 3 -1  0.205891
4130092760685512341
2 4 1 5 -1  0.098477
4130470050338733927
1 2 3 1 -1  -0.228768
4130604929216758849
2 4 4 2 -1  0.0717897
4130774957588536570
0 1 1 3 -1  -0.000116106
1 2 3 2 -1  -0.0171423
4131066031819939941
4 5 6 4 -1  0.185302
4131384250234630505
3 6 4 6 -1  -0.0343368
4131464592195973124
1 3 3 5 -1  0.109419
4131663065296137957
3 3 2 1 -1  -0.0343368
4131788584871678601
0 3 1 3 -1  -0.9
4131845646801615885
0 1 0 4 -1  -0.6561
4131847704367704821
1 2 2 0 -1  -0.0471013
4131989341646812841
2 5 0 3 -1  -0.38742
4131994500859139797
3 7 5 6 -1  0.0717897
4132022838959643155
2 5 1 4 -1  -0.254186
4132110625825883032
5 2 3 3 -1  -0.205891
4132132580685435423
0 6 4 6 -1  -1
4132168910507662722
0 2 1 1 -1  -0.430467
4132290572161439262
3 7 3 5 -1  -0.59049
4132337146647599320
0 2 5 2 -1  -0.531441
4132539886135337148
0 2 3 5 -1  -0.00969773
4132750291285918289
4 5 6 5 -1  -0.430467
4132886999174716312
4 1 3 1 -1  0.135085
4132895514043599465
4 3 4 0 -1  -0.185302
4132923464557859394
0 0 2 0 -1  -0.531441
4132979669323690930
7 6 6 7 -1  0.81
4133188262377257629
4 1 2 2 -1  -0.135085
4133209830258317248
0 4 2 6 -1  0.00246503
4133290356146329130
1 6 2 5 -1  0.38742
4133310851596408115
1 7 2 7 -1  0.121577
4133559968203643551
3 3 2 3 -1  0.0250315
4133691713431961971
1 5 2 5 -1  0.59049
4133710188823945155
1 7 2 7 -1  -0.430467
4133757080466123470
1 2 1 1 -1  -0.0423911
4134043774498223679
2 2 0 3 -1  -0.0278128
4134491050818558498
2 1 1 3 -1  0.0309031
4134624321883357077
0 5 1 6 -1  0.31381
4134933557529739205
0 2 1 2 -1  -0.000507528
4135058524673251033
5 2 4 1 -1  -0.531441
4135079458183735838
0 3 1 1 -1  -0.0202755
4135344483960961434
1 7 1 5 -1  -0.098477
4135384288124740793
2 2 4 3 -1  0.185302
4135390141310505885
1 2 1 4 -1  -0.38742
4135685669273885236
4 3 6 3 -1  -0.109419
4135889193515657757
0 7 0 4 -1  0.478297
4136036872271614273
0 5 0 4 -1  -0.430467
4136247276270444941
1 5 3 5 -1  0.0523347
4136352926511629084
2 5 3 3 -1  0.150095
4136848291642067863
1 3 3 3 -1  -0.0797664
4136866840097579763
0 3 3 3 -1  0.109419
4136994224068745431
5 0 4 0 -1  -0.38742
4137180527761656793
3 4 4 5 -1  0.0164232
4137243073201564570
4 7 6 7 -1  0.31381
4137277004082024228
3 3 3 1 -1  -0.135085
4137336063416272333
1 7 2 7 -1  0.098477
4137434532526372261
1 4 2 4 -1  0.0278128
4137439853324181806
2 7 1 7 -1  -0.6561
4137507680839258496
1 6 2 6 -1  -0.166772
4137925326562528354
0 4 7 4 -1  -0.430467
4137984733784310366
5 6 5 5 -1  -0.38742
4138434465330074335
2 5 3 4 -1  0.282429
4138588662189732433
1 2 0 1 -1  0.228768
4138889099437624754
3 6 4 6 -1  -0.0278128
4139032723795499869
0 2 3 5 -1  -0.185302
4139037388320734617
0 4 0 6 -1  -0.135085
4139170219711227736
5 2 6 4 -1  -0.0228228
4139391570271460539
1 3 2 2 -1  -0.0164232
4139411460739144255
2 5 3 5 -1  -0.6561
4139443462694890253
7 2 7 5 -1  0.38742
4139498810568924881
5 3 4 4 -1  -0.81
4139608843964925004
0 2 4 6 -1  -0.00636268
4139860317016782422
1 3 3 5 -1  -0.00463839
4139981084883469502
1 5 1 4 -1  -0.109419
4140097020378792665
3 7 5 5 -1  -0.0202755
4140237469348986488
1 4 3 4 -1  0.109419
4140243458195245633
3 0 4 0 -1  0.0797664
4140339870835836383
0 1 5 1 -1  -0.0886293
4141161720495548407
0 1 2 2 -1  0.0523347
4141565908803232016
3 6 4 6 -1  0.0225284
4141575148998248067
4 3 5 3 -1  -0.430467
4141701341093042081
0 2 1 2 -1  -0.0471013
4141733963233141521
4 3 5 2 -1  -0.9
4141818380441838402
0 2 6 2 -1  -0.166772
4142093866739085192
0 7 0 6 -1  -0.0278128
4142176543278061055
3 3 2 1 -1  -0.0343368
4142224987793510339
0 2 2 2 -1  0.254186
4142364877912088099
0 3 2 5 -1  -0.042722
4142452302607111492
2 3 1 2 -1  0.185302
4142727795291649057
3 6 7 6 -1  0.185302
4142933092391484259
4 1 3 2 -1  -0.185302
4142943315518149386
1 2 2 2 -1  -0.135085
4143108670889784038
2 5 1 3 -1  0.0309031
4143149332597803002
3 3 4 4 -1  -0.0278128
4143276772652467499
0 5 4 5 -1  -1
4143464106713632262
0 1 7 1 -1  -0.0309031
4143598482635348822
3 2 5 3 -1  -1
4143635095417698798
3 1 4 2 -1  0.0423911
4143721005743195113
4 3 4 4 -1  -0.348678
4143757658553083359
0 3 2 4 -1  -0.0225284
4143980709977912641
3 1 5 3 -1  -0.31381
4144145821846994219
0 5 0 3 -1  0.0107753
4144412631427066734
4 6 6 5 -1  -0.81
4144441103604044996
5 4 5 0 -1  1
4144560135002626165
2 4 3 4 -1  -0.478297
4144731130149606159
3 2 5 3 -1  -0.0646108
4144913237875948432
3 7 3 6 -1  -0.0471013
4144944404554651022
0 5 0 4 -1  -0.282429
4145123115018357954
5 1 5 3 -1  -0.6561
4145171433349093100
3 2 4 3 -1  -0.0423911
4145197039633258497
5 3 7 2 -1  -0.000630059
4145445605898115502
7 2 7 3 -1  -0.228768
4145450721326378869
4 3 4 1 -1  -0.59049
4145580010339256477
1 3 3 3 -1  -0.0107753
4145711102962654452
2 4 4 3 -1  -0.282429
4145726970889705336
1 3 0 5 -1  0.0343368
4145743604895588095
3 4 4 4 -1  -0.31381
4145746338868310829
0 5 1 4 -1  -0.00515377
4146125184659392115
1 4 3 3 -1  -0.0225284
4146576844827755442
1 4 2 3 -1  -0.00161731
4146627997037907763
1 0 3 0 -1  0.0164232
4146842971100885570
0 5 0 0 -1  0.0581497
4147014950554304790
1 3 2 4 -1  0.38742
4147096755254747116
0 6 0 7 -1  -0.038152
4147196974590643709
0 0 1 0 -1  0.000369988
4147229076881868880
4 6 6 5 -1  -0.31381
4147622522446199894
3 0 4 0 -1  -0.38742
4147829242193084915
3 4 4 4 -1  0.135085
4147855939202453836
3 2 4 3 -1  -0.0164232
4147927388763201144
3 4 4 3 -1  -0.00056392
4148208868248839293
1 6 1 7 -1  -0.282429
4148288483937613135
2 0 3 1 -1  -0.185302
4148562560356377979
5 0 7 0 -1  -0.348678
4148696492960846884
2 0 2 3 -1  -0.729
4148706589153087900
2 7 6 7 -1  -0.228768
4148757281358163085
1 6 1 7 -1  -0.6561
4149267217321028287
2 1 1 2 -1  0.0278128
4149294528373868562
3 3 4 3 -1  -0.0523347
4149517253161418674
3 4 4 3 -1  -0.228768
4149736820966121477
1 5 2 5 -1  0.0164232
4149952373575389865
2 5 3 3 -1  -0.109419
4150002902261013147
2 4 2 2 -1  -0.282429
4150230620390212766
0 3 2 1 -1  -0.000626578
4150288847675938210
3 2 4 1 -1  0.121577
4150589659357215850
0 5 1 4 -1  -0.0250315
4150630808559558988
3 4 3 7 -1  0.0107753
4150717567433954808
2 1 3 2 -1  0.228768
4151326358271318480
2 5 2 6 -1  -0.0278128
4151397043596853651
0 5 1 6 -1  -1
4151736914804053411
1 1 2 2 -1  -0.038152
4151860323138311606
4 6 6 6 -1  -0.0717897
4151957339643903162
0 7 2 7 -1  1
4151968384172734585
2 7 3 7 -1  0.254186
4151995547715008242
0 2 2 0 -1  -0.6561
4152000326867163508
0 7 0 6 -1  0.228768
4152030109908727187
2 7 3 7 -1  0.6561
4152181798189487370
2 1 1 3 -1  0.0225284
4152466246456599335
0 7 0 4 -1  -0.00463839
4152480219145694300
0 0 0 3 -1  -0.205891
4152555067208262043
1 4 1 3 -1  -0.31381
4152629228765144916
5 1 2 4 -1  -0.478297
4152813041735870391
6 5 6 7 -1  -0.0886293
4152853340386718039
5 0 5 1 -1  -0.254186
4152970986762767062
2 0 3 1 -1  -0.135085
4152979745389464030
2 7 0 6 -1  0.135085
4153482613395925508
1 4 3 4 -1  -0.135085
4153502287106412942
5 1 6 1 -1  -0.31381
4153564029770362258
0 1 0 5 -1  0.121577
4153615756258477220
2 0 4 2 -1  0.205891
4153840525240558304
2 4 2 7 -1  -0.9
4153906878170778748
3 3 4 2 -1  -0.00969773
4153939914200854151
3 4 5 4 -1  -0.166772
4153984561608082354
3 4 4 3 -1  -0.254186
4154009665763528048
2 3 1 3 -1  0.185302
4154166405533958735
1 0 4 3 -1  -0.254186
4154343253049412875
1 1 3 3 -1  0.018248
4154804862586126072
1 7 2 7 -1  0.109419
4154990295692753146
3 4 3 3 -1  -0.0646108
4155165006779504991
5 6 7 7 -1  -0.0581497
4155338872206895556
0 1 1 3 -1  0.00515377
4155796540026764242
1 7 2 7 -1  0.0225284
4156008018506083242
2 1 2 4 -1  0.228768
4156032398033004432
0 2 2 4 -1  -0.348678
4156051151163777863
0 2 0 1 -1  0.0886293
4156358975176941219
4 5 5 5 -1  -0.205891
4156878680167085331
2 1 3 1 -1  0.81
4157008183630739961
1 6 2 6 -1  -0.0225284
4157062241320358392
0 3 0 7 -1  0.0250315
4157097888029061004
2 2 4 3 -1  0.0646108
4157453843511038230
1 1 3 3 -1  0.0119725
4157551476776487761
1 2 3 2 -1  0.185302
4157768878925137462
0 5 0 4 -1  0.38742
4157786199840216718
0 4 0 3 -1  0.9
4157933566204031714
0 3 4 3 -1  -1
4157960078228680640
4 6 5 5 -1  0.109419
4157983244334866486
3 7 4 6 -1  -0.000626578
4158150560324629410
1 6 6 1 -1  -0.254186
4158216158675555669
0 2 1 3 -1  -0.185302
4158260571708638723
1 2 0 3 -1  0.531441
4158387176886563144
2 7 3 7 -1  -0.0423911
4158426963663372040
3 7 4 6 -1  -0.185302
4158664879737327669
1 6 3 6 -1  -0.348678
4158910549652679586
1 4 2 2 -1  0.0037571
4158963557043625775
6 2 4 3 -1  0.478297
4159011006706080557
4 6 2 7 -1  -0.0581497
4159018079026107781
6 1 5 3 -1  -0.0202755
4159038750871131673
1 5 3 7 -1  0.531441
4159050461194174926
2 2 4 1 -1  -0.0471013
4159172403159888629
0 3 1 4 -1  -0.00179701
4159341080872134443
1 1 2 2 -1  -0.00872795
4159359970696091904
1 6 3 4 -1  -0.531441
4159674916555132607
0 3 5 3 -1  0.0581497
4159809582835253386
1 4 3 2 -1  0.0309031
4159835012226251161
2 1 5 1 -1  -0.6561
4159873147430257799
2 5 4 4 -1  -0.0202755
4160139106329427262
0 5 1 4 -1  1
4160341563672129437
3 4 4 3 -1  -0.0202755
4160647499452649383
3 6 6 6 -1  -0.81
4161125776954293161
2 5 4 4 -1  -0.023422
4161147636455376157
3 5 7 5 -1  0.254186
4161185153132812364
1 7 3 7 -1  -0.098477
4161255322624995016
1 0 3 0 -1  -0.00304325
4161339990767169693
1 4 3 2 -1  0.166772
4161716034566638538
2 3 1 3 -1  0.478297
4162408055203949754
2 5 4 4 -1  -0.0646108
4162436182446117764
1 7 3 6 -1  -0.166772
4162539764338899102
3 1 4 2 -1  0.135085
4162598551186390139
0 5 0 6 -1  0.0471013
4162603609033966219
1 5 2 5 -1  0.0278128
4162608949920264839
2 2 4 1 -1  0.0309031
4162645748788363329
3 4 4 4 -1  -0.00246503
4162657758990583021
3 3 4 3 -1  -0.430467
4162736051139380980
3 1 4 1 -1  0.135085
4163340194697258656
1 3 4 6 -1  -0.00872795
4163406784674464104
0 3 1 4 -1  0.00552422
4163571723946331616
0 5 0 1 -1  0.109419
4163591027993322760
1 5 2 5 -1  -0.59049
4163632913025420230
4 2 7 2 -1  -0.254186
4163647807071880338
0 3 1 3 -1  -0.0330505
0 5 1 4 -1  -0.282429
1 7 2 7 -1  -0.00221853
4163735903876529772
0 5 2 3 -1  -0.478297
4163838658300972681
0 3 0 2 -1  -0.478297
4164023906998042488
1 1 5 5 -1  -0.59049
4164095934000611619
2 5 3 4 -1  -0.254186
4164379622842805213
5 5 6 5 -1  -0.81
4164492068497017351
0 3 4 3 -1  0.0797664
4164515703152126040
2 2 2 6 -1  0.81
4164605556535529818
2 2 4 3 -1  -0.0343368
4164947870305365072
6 1 5 3 -1  0.205891
4165020383067903029
2 3 1 4 -1  0.254186
4165046069495942216
0 6 1 6 -1  0.729
4165167705756405121
0 0 0 3 -1  0.166772
4165276537479384639
6 0 6 7 -1  -0.0147809
4165360366104512011
2 5 1 4 -1  -0.430467
4165747477865389148
4 0 3 1 -1  -0.00463839
4166069572342680164
2 2 3 4 -1  -0.185302
4166120824245130087
2 2 0 0 -1  -0.00463839
4166653398902314711
2 1 1 3 -1  -0.098477
4166661894023405654
2 6 4 5 -1  -0.0797664
4166928849069373941
6 4 7 3 -1  0.31381
4166963467897205149
0 4 1 3 -1  -0.135085
4167024375099163640
0 2 4 2 -1  -0.205891
4167172373318401869
4 1 4 0 -1  -0.430467
4167244937196646542
0 0 0 4 -1  -0.185302
4167304087841153564
0 0 0 3 -1  -0.0717897
4167419477316545939
6 7 6 4 -1  0.478297
4167614115132182849
0 1 2 2 -1  0.0309031
4167658579136743385
2 5 0 4 -1  -0.0202755
4167729623908369383
0 2 4 6 -1  -0.0717897
4168139826976231777
2 4 2 2 -1  0.00785516
4168172459943706679
4 6 3 7 -1  -0.59049
4168829907486621617
4 2 7 5 -1  -0.38742
4168973699454073900
3 2 5 0 -1  0.0646108
4169053159543575409
0 1 1 1 -1  0.0471013
4169148322343589972
3 5 4 5 -1  -0.6561
4169290320547802481
4 3 3 2 -1  -0.0147809
4169345687915281882
0 5 0 4 -1  -0.0107753
4169805077211298107
2 2 2 1 -1  0.0250315
4169847249733345546
0 0 0 4 -1  -0.0646108
4170095673527260568
4 4 2 5 -1  0.121577
4170097068113257523
6 4 3 7 -1  -1
4170135935594030200
1 5 2 4 -1  0.38742
4170313802579807771
2 0 1 0 -1  0.430467
4170447939745932413
2 2 1 0 -1  -0.0107753
4170881589154764919
0 3 1 3 -1  -0.185302
4171005561947142448
3 2 1 4 -1  0.166772
4171091266073402369
0 1 3 4 -1  -0.729
4171172610354760196
4 6 3 5 -1  -0.00706964
4171474464989282850
2 3 2 6 -1  -0.9
4171530361816650740
0 1 1 1 -1  1
4171579649528551754
3 3 4 1 -1  -0.121577
4171632603447271721
2 4 5 1 -1  -0.0309031
4171892876905590390
4 3 5 4 -1  -0.0164232
4171912423805132050
2 2 1 4 -1  0.0119725
4172151076120392547
1 1 2 2 -1  0.228768
4172255371679430450
4 2 4 0 -1  -0.59049
4172298399495715639
1 4 0 4 -1  -0.0886293
4172298781244525279
3 1 3 2 -1  -0.0037571
4172484426751437205
2 5 3 3 -1  0.00872795
4172743559937306273
3 4 4 3 -1  -0.00463839
4172746842650063409
7 3 4 0 -1  -0.150095
4172863213548699243
0 3 1 4 -1  -0.000859503
4172989409718147501
1 1 2 1 -1  -0.0581497
4173079348674646959
3 5 2 5 -1  -0.0471013
4173316812573540086
1 1 2 2 -1  -0.098477
4173326803789839328
3 6 4 6 -1  0.531441
4173498687968438244
1 5 3 5 -1  0.00532895
2 2 1 4 -1  0.00246503
4173545031706690460
4 7 5 7 -1  0.348678
4173650375093498885
0 1 2 2 -1  -0.0278128
0 5 1 6 -1  -0.00545831
4173670056031971145
1 4 2 4 -1  0.348678
4173772738668185730
0 5 1 6 -1  0.0797664
4173862123560999376
3 5 2 4 -1  -0.205891
4174156100222888248
0 6 1 6 -1  0.166772
4174375747943664489
3 2 4 3 -1  0.109419
4174404739784692863
0 5 1 6 -1  -0.00532642
4174522003597297599
2 5 3 3 -1  -0.0797664
4174815878198776465
4 3 7 3 -1  -0.9
4174820719534396258
3 3 4 4 -1  -0.228768
4175015869696613687
0 3 2 1 -1  -0.000974403
0 3 3 0 -1  -0.038152
0 4 0 6 -1  0.0278128
4175314796395847394
2 2 3 2 -1  -0.0164232
4175489700329135129
3 4 2 4 -1  -0.0343368
4175507199778128888
0 1 1 3 -1  0.228768
4175569023650114647
3 7 4 7 -1  -0.205891
4175616513565969436
2 3 4 3 -1  -0.0646108
4175675732087336502
5 0 5 2 -1  0.59049
4175758191909291126
5 3 4 4 -1  -0.0291057
4175968412233717445
5 1 6 1 -1  -0.59049
4176154144283159079
4 1 6 3 -1  0.00515377
4176193126861224992
0 6 1 7 -1  0.0147809
4176228393248836929
3 2 6 2 -1  -0.166772
4176379099079776671
2 7 3 7 -1  -0.531441
4176490727065795738
0 5 1 6 -1  -0.109419
4176500915772485499
0 4 1 5 -1  -0.38742
4176606347682265200
3 2 2 3 -1  -0.228768
4176786815679364191
3 7 5 6 -1  0.0797664
4177189132715650005
5 3 6 3 -1  0.109419
4177401131148282451
0 4 0 5 -1  0.430467
4177539231046969135
1 4 2 3 -1  0.531441
1 4 2 5 -1  0.430467
4177587142974842800
0 1 2 2 -1  -0.0471013
4177797698992505858
3 3 2 2 -1  -0.59049
4177827997992694342
3 6 4 7 -1  0.000218474
4177837877892828752
3 3 3 1 -1  0.00056392
4177841970727380900
2 2 3 4 -1  -0.0886293
4178049038589511079
6 2 6 4 -1  -0.0646108
4178086841586509194
1 4 2 2 -1  -0.0423911
4178174305355160455
3 4 4 3 -1  -0.185302
4178744723259714635
3 4 3 6 -1  0.038152
4178929766667307891
1 2 2 4 -1  -0.254186
4179064604919692072
3 2 4 2 -1  -0.38742
4179245515202455733
3 4 3 5 -1  -0.0107753
4179292151695019221
0 0 3 0 -1  -0.282429
4179357754444710149
0 3 1 3 -1  -0.729
4179527207954188444
0 7 0 6 -1  -0.0886293
4179610485250442380
0 5 0 4 -1  0.150095
4179733582680230628
4 0 4 3 -1  0.109419
4179738093800920686
6 3 6 5 -1  0.729
4179828651562063845
6 0 6 3 -1  0.31381
4180442133092661389
3 6 6 3 -1  -0.0581497
4180465566895975948
5 6 6 6 -1  -0.6561
4180488049475476534
5 0 3 1 -1  -0.121577
4180732505682519354
2 4 4 5 -1  0.205891
4180734527164599919
0 5 0 4 -1  -0.0581497
4180809833577347062
2 4 4 6 -1  0.205891
4180914189795720518
2 2 3 4 -1  -0.0581497
4181039341544879300
2 5 3 5 -1  -0.9
4181167087743750476
0 2 4 6 -1  -0.38742
4181310816360528421
2 2 4 3 -1  -0.531441
4181422608290268513
4 3 5 3 -1  -0.185302
4181443907764734357
1 3 2 2 -1  -0.254186
4181618986039900479
2 2 3 2 -1  -0.0225284
4181685173180946411
2 3 2 5 -1  -0.205891
4181722531053593282
3 1 4 0 -1  -0.0278128
4181916638670812240
7 3 7 5 -1  -0.121577
4182032101288487457
2 7 3 7 -1  0.729
4182200851197228782
1 0 3 0 -1  0.150095
4182291591399333829
6 7 2 7 -1  -0.81
4182419693133944688
3 6 4 5 -1  -0.81
4182481267349949170
6 1 7 1 -1  -0.0471013
4182865233052080218
3 1 5 1 -1  1
4182938090831085092
3 3 4 3 -1  -0.0607304
4182957860088852996
3 6 4 6 -1  0.0225284
4183043351883073822
2 2 4 1 -1  0.0225284
4183443090923822307
5 2 4 2 -1  0.348678
4183912420595279605
1 5 2 5 -1  0.0523347
4183919899570261105
1 0 3 0 -1  -0.121577
4183974301455163629
2 6 1 5 -1  0.254186
4184161183719940858
1 5 1 6 -1  1
4184403229042324286
3 3 4 2 -1  0.59049
4184478782253456431
1 4 3 6 -1  0.254186
4184493003350364238
1 3 3 3 -1  -0.0319381
4184504721022132641
2 2 4 3 -1  -0.00515377
4184527981621184391
6 2 4 1 -1  -0.31381
4184547248179849691
0 5 0 4 -1  -0.00417455
4184628134422838919
4 3 6 5 -1  -0.729
4184725110505714542
0 2 0 1 -1  -0.81
4184777794668495665
1 3 3 5 -1  -0.254186
4184900306874870359
0 1 1 2 -1  -0.478297
4184924997024414395
1 2 3 2 -1  -0.166772
4185122506060394998
0 5 0 0 -1  -0.0581497
4185236565017617049
0 5 1 4 -1  0.0164232
2 2 4 3 -1  -0.00706964
4185341113042918163
3 5 4 7 -1  0.205891
4185402885027356881
3 2 4 2 -1  0.098477
4185515059686312798
0 5 2 4 -1  -0.0225284
4185525624261183620
0 5 1 6 -1  0.205891
4185645444896320451
0 2 2 4 -1  -0.00131002
4185919723541413983
2 4 3 3 -1  -0.0717897
4186180495280967502
3 4 4 5 -1  -0.531441
4186270076258478231
1 3 3 1 -1  -0.0133028
4186306671286242675
0 3 7 3 -1  0.0797664
4186338654534156576
0 5 3 2 -1  -0.0133028
4186342079005764205
2 0 2 2 -1  -0.729
4186385058457258997
3 2 6 2 -1  -0.00785516
4186463983799493650
5 3 6 4 -1  -1
4186496063435650215
2 6 3 6 -1  -0.038152
4186548234824940571
3 4 4 5 -1  -0.6561
4186727092018484074
0 2 2 4 -1  -0.00706964
4186847045845176058
0 1 5 1 -1  -0.135085
4186950057604816667
3 4 0 1 -1  0.254186
4187146383874173964
0 0 0 3 -1  -0.228768
4187450657368413262
1 2 2 1 -1  -0.0133028
4187513080141861360
7 5 3 5 -1  -0.59049
4187543234024114759
5 0 5 4 -1  -0.00117902
4187662612354614747
0 4 0 6 -1  0.0164232
4187869686224089093
0 3 1 4 -1  0.282429
4188070721202660709
2 6 3 5 -1  -0.0250315
4188645857365443770
1 3 4 0 -1  -0.31381
4188721865395588518
3 2 5 3 -1  -0.348678
4188756637165536259
0 0 0 2 -1  -0.0797664
4189455446306507340
1 1 2 1 -1  0.0278128
4189545951170399050
5 4 6 6 -1  -0.81
4189808755527156081
1 3 2 2 -1  0.185302
4189928151392852257
2 7 3 7 -1  0.0717897
4189950846541866141
2 5 7 0 -1  -0.81
4190057252566185559
2 5 2 1 -1  0.59049
4190106831360512156
3 7 5 5 -1  -0.9
4190247410365289392
2 2 3 4 -1  0.348678
4190556174182788704
3 3 4 4 -1  -0.038152
4190562909244535780
3 4 4 4 -1  0.185302
4190576119793458335
3 4 4 4 -1  -0.0278128
4190731378713911700
0 3 2 3 -1  -0.135085
4190843288038233332
2 5 5 5 -1  -0.00273892
4190951319545717615
1 6 2 6 -1  -0.0147809
5 1 7 1 -1  -0.0119725
4190954610756120495
4 5 3 4 -1  0.729
4191021190500785488
2 5 3 5 -1  -0.0309031
4191099921825884407
0 4 0 2 -1  -0.0886293
4191113056864355525
4 7 0 3 -1  0.81
4191132813594079287
6 1 4 2 -1  -0.729
4191291695131839457
5 4 4 5 -1  -0.0225284
4191398138918844772
0 1 0 5 -1  -0.254186
4191677561050816314
6 4 4 5 -1  -0.282429
4191815540101093442
1 2 3 2 -1  0.000411098
4191918957294180045
2 2 3 1 -1  -0.228768
4191926471269765461
3 0 4 0 -1  -0.00273892
4191943703362592574
1 0 2 0 -1  0.000242749
4192012026433747078
2 3 3 3 -1  -0.109419
4192302561935295005
7 3 5 5 -1  -0.098477
4192471144391193086
3 1 5 1 -1  0.254186
4192672623606844311
2 2 1 4 -1  0.254186
4192888086502009507
4 4 2 5 -1  0.38742
4192947726814866331
2 7 3 7 -1  0.166772
4193066799219131403
4 0 3 0 -1  -0.0278128
4193357806284984794
3 3 5 4 -1  -0.185302
4193693035550964466
1 6 2 6 -1  0.430467
4193828586599293254
0 0 0 2 -1  0.0646108
4193926714475145321
3 4 7 0 -1  -0.254186
4194018169460451623
5 7 4 5 -1  -0.59049
4194165510608661722
2 3 1 4 -1  0.430467
4194273688789601054
4 5 5 3 -1  -0.150095
4194320237639101003
6 2 7 2 4  -0.81
4194349178470109461
2 7 1 6 -1  0.00706964
4194365798805044072
0 5 2 6 -1  -2.95126e-05
4194520569324886328
5 3 4 5 -1  -0.150095
4194670287297832606
0 2 1 3 -1  -0.0717897
4194910028431780855
2 1 3 3 -1  -0.31381
4194918493480648161
0 2 1 1 -1  0.0886293
4195192980256441493
4 3 5 2 -1  0.098477
4195402984555132704
2 1 4 1 -1  -0.00872795
4195420643677411182
7 1 5 1 -1  0.348678
4195490061407199798
6 4 2 0 -1  0.430467
4195515724109633747
0 3 2 3 -1  -0.185302
4195544232074699176
1 5 3 5 -1  -0.018248
4195545145933896774
3 3 4 2 -1  -0.098477
4195548388742411621
1 4 3 3 -1  0.6561
4195572036808329877
2 4 4 2 -1  0.098477
4195651324198870100
4 2 2 4 -1  -0.348678
4196142750230501730
4 4 5 5 -1  0.254186
4196354973343691516
4 0 5 0 -1  0.729
4196502794919537617
7 3 3 7 -1  -0.81
4196551330722151087
3 2 2 3 -1  0.0343368
4196733126384340578
2 0 2 1 -1  0.282429
4196780730566670255
2 4 2 3 -1  -0.135085
4196989364492688858
1 2 2 2 -1  -0.81
4197214235034279120
3 4 3 6 -1  0.150095
4197302651892918502
2 2 3 3 -1  -0.000218474
4197589108178932081
0 0 0 3 -1  -0.00417455
0 0 5 0 -1  -0.00515377
4197803472526988200
5 5 4 4 -1  -0.228768
4197836966247931963
3 1 4 1 -1  0.59049
4197929095202697715
0 3 0 0 -1  0.0717897
4197944325286124514
0 4 1 3 -1  0.00706964
4198148326260752135
2 2 3 1 -1  -1
4198284036443043522
6 6 4 5 -1  -0.6561
4198290287080649316
3 3 5 3 -1  -0.254186
4198839317623197592
1 5 1 3 -1  -0.0343368
4198911210699926601
0 2 0 3 -1  -0.282429
4199205206691312462
0 1 0 0 -1  0.0107753
4199211780609001057
0 3 0 4 -1  -0.0646108
4199267429207794682
1 1 2 2 -1  0.531441
4199324733561519719
7 0 5 2 -1  -0.018248
4199327325210572743
1 3 3 3 -1  -0.0886293
4199612516421446874
2 5 4 4 -1  0.0471013
4199633464238719958
0 3 1 3 -1  -0.254186
4199679386541270597
0 4 2 4 -1  -0.282429
4199679735383410407
2 5 3 3 -1  0.282429
4199739829665705172
0 5 2 4 -1  -0.0133028
4199975316995775663
1 1 3 1 -1  -0.282429
4200139143190274312
2 3 3 1 -1  -0.00706964
4200225574462738565
0 0 6 0 -1  -0.135085
4200694323291411855
2 6 1 6 -1  0.150095
4200779537550516194
3 3 4 2 -1  0.00572641
4200789200285139792
1 1 2 1 -1  0.135085
4200794289040503688
1 6 1 5 -1  0.59049
4200852468716691212
1 3 3 1 -1  0.254186
4201074988355891062
2 5 3 3 -1  0.0523347
4201464297102541029
4 5 3 6 -1  0.205891
4201558766887871079
4 3 0 7 -1  -0.254186
4201576102111591877
0 3 1 3 -1  0.0202755
4201595294444019518
2 4 3 5 -1  0.254186
4201709136168587925
4 2 4 4 -1  -0.166772
4201908070804509794
4 6 5 5 -1  -0.0717897
4202148952168565492
0 5 3 2 -1  -0.0797664
4202550191092636606
0 5 0 3 -1  -0.0646108
4202586371214404884
0 5 1 5 -1  0.0581497
4202633404851118594
6 3 7 3 -1  -0.9
4202636641580714674
0 6 0 7 -1  -0.205891
4202683601931005543
4 7 5 6 -1  0.6561
4202863321353014075
0 0 0 4 -1  0.0133028
4202925908973739036
1 1 3 1 -1  -0.0343368
4203254948090666540
1 0 2 0 -1  0.531441
4203307681304066258
2 2 4 3 -1  -0.038152
4203649676879617769
3 5 0 2 -1  -0.00417455
4203696132397926961
1 6 2 6 -1  -0.81
4203792040727781773
3 4 1 3 -1  -0.430467
4203909694432812068
1 6 2 6 -1  0.31381
4204112900643692851
1 6 3 6 -1  -0.531441
4204148269028164942
0 2 6 2 -1  -0.59049
4205046432200735414
0 7 1 6 -1  -0.0717897
4205060507551575153
4 1 3 0 -1  0.0373063
4205099787226518408
2 5 1 3 -1  -0.0250315
4205295541401569002
0 5 0 4 -1  0.135085
4205445120834909008
4 7 3 7 -1  0.0343368
4205984668912743294
1 5 3 5 -1  -0.109419
4206152770958091050
2 7 4 7 -1  -0.0717897
4206468845727956037
3 5 4 6 -1  -0.135085
4206547297584168607
2 6 1 5 -1  0.121577
4206635338836121038
0 5 2 3 -1  0.038152
4206799126544636405
3 6 0 3 -1  0.205891
4206956800342193956
2 1 4 2 -1  0.0717897
4207004856867216874
2 5 4 4 -1  -0.018248
4207054519986514561
7 1 2 6 -1  0.0471013
4207260380659823196
4 4 5 5 -1  -0.0646108
4207523050108661304
0 6 0 7 -1  0.0119725
4207726198277371133
1 1 2 1 -1  -0.038152
3 3 2 5 -1  0.228768
4207726656719759484
3 4 4 5 -1  0.0717897
4207767769210041911
2 2 3 4 -1  -0.59049
4207796758420944200
7 3 6 4 -1  -0.282429
4207941840623025010
0 0 0 2 -1  -0.205891
4208199313351227236
0 5 0 3 -1  -0.00969773
4208343623909162139
2 6 2 2 -1  0.166772
4208457242489639475
0 3 2 3 -1  -0.167698
4209257338274738663
3 3 4 2 -1  -0.0581497
4209452160090930392
4 7 5 7 -1  -0.59049
4209548706388077857
1 1 2 0 -1  -0.135085
4209727472490021346
0 6 1 7 -1  0.81
4209787370568727723
0 4 1 3 -1  -0.38742
4209900833230224312
0 3 3 3 -1  0.0278128
4210238908063850122
1 6 2 6 -1  -0.166772
4210460668128258329
3 1 3 0 -1  0.729
4210801763141388303
4 5 5 5 -1  -0.59049
4210896941961884364
2 3 1 4 -1  -0.00117902
4211358204577194656
1 4 1 2 -1  -0.018248
4211413984027341467
0 2 0 3 -1  -0.00572641
4211417692712765227
1 2 3 3 -1  0.0581497
4211443902199351423
4 2 3 3 -1  0.31381
4211478963504153066
4 7 5 6 -1  0.478297
4211642576732234963
4 3 5 3 -1  -0.31381
4211679889317550822
2 5 0 3 -1  -0.0886293
4211838405431247388
3 4 4 5 -1  0.205891
4211947956726328492
2 1 1 3 -1  0.0250315
4212048116858134364
2 7 3 7 -1  0.205891
4212257582171508770
2 2 3 2 -1  -0.254186
4212321372289495004
4 5 4 0 -1  -0.205891
4212472976276628102
1 1 2 1 -1  0.0202755
4212616080503756262
1 6 2 6 -1  -0.228768
4213156498112073307
1 6 2 5 -1  0.38742
4213217815456858857
3 4 4 2 -1  -0.0717897
4213455480726909261
4 4 3 2 -1  0.00636268
4213585891669150372
2 1 3 0 -1  -0.185302
4214070997228468919
6 3 7 3 -1  -0.38742
4214115330737421277
2 3 3 4 -1  0.0202755
4214278957101753397
0 3 4 3 -1  0.348678
4214472968607746556
3 5 4 4 -1  -0.0471013
4214568010906421790
2 5 3 7 -1  -0.00969773
4214623174910352185
0 4 1 5 -1  -0.0107753
4214640174408145911
2 0 3 1 -1  -0.0613802
4215089340249081710
2 4 3 4 -1  -0.348678
4215227836560652082
5 2 6 1 -1  -1
4215564466845875845
0 2 3 5 -1  -0.121577
4216087546591585091
1 2 0 1 -1  -0.0717897
4216187440092872195
1 6 2 6 -1  -0.185302
4216208893094619052
5 4 6 2 -1  -0.00131002
4216351778670305653
0 2 1 2 -1  0.00145558
4216462793156046007
1 2 3 2 -1  -0.00969773
4216542900930809560
3 1 2 3 -1  -0.254186
4216799413459381808
1 7 3 7 -1  0.166772
4217039727327888404
1 4 1 3 -1  0.430467
4217108549119538335
4 4 5 3 -1  -0.166772
4217165890034357485
2 1 3 2 -1  -0.0717897
4217248236240491779
1 5 2 5 -1  0.109419
4217251786843026806
0 2 2 2 -1  0.0646108
4217432936339552094
1 1 2 1 -1  -0.00338139
4217465779651969513
0 5 2 3 -1  0.31381
4217575403865636457
2 3 2 1 -1  -0.430467
4217624421732595755
4 6 2 4 -1  0.018248
