5590007879493749388
2 2 4 3 -1  -0.0309031
5590096150289895028
1 4 3 4 -1  -0.729
5590161116271091514
2 1 2 0 -1  -0.0278128
5590278403244741250
1 4 2 6 -1  0.0133028
5590449989816662498
0 0 0 1 -1  -0.38742
5590530172898002577
5 2 7 4 -1  -0.205891
5590599253807625367
2 7 3 7 -1  -0.185302
5590835506701603622
2 6 3 6 -1  0.0523347
5590906476445755715
1 0 3 0 -1  -0.150095
5590954985175273896
0 7 0 1 -1  -0.0797664
5591328023813485442
1 6 2 6 -1  0.254186
5591620721938519504
4 2 5 3 -1  0.0309031
5591669021684792869
4 1 5 1 -1  -0.109419
5591693027998702865
0 0 0 2 -1  -0.0886293
5591843483407515552
5 1 4 0 -1  0.59049
5591872256671740420
4 5 5 5 -1  0.531441
5591951916081772453
1 7 2 6 -1  -0.9
5591993922032448834
2 6 1 6 -1  0.0523347
5592481648800895060
1 3 3 2 -1  -0.00117902
5592719665150613813
2 0 3 0 -1  0.282429
5593199823499139711
4 0 0 4 -1  -0.38742
5593633006221643948
1 1 2 1 -1  -0.00872795
5593936680512458760
3 3 1 3 -1  -0.185302
5593942541615998975
1 2 2 3 -1  0.81
5594132750551678751
0 6 1 7 -1  -0.185302
5594291121905468168
2 5 2 2 -1  0.478297
5594354505623725339
1 6 4 3 -1  -0.00179701
5594399896480597387
4 5 5 4 -1  -0.135085
5594758735926598405
3 2 2 4 -1  -0.0307024
5594779564285145067
3 0 4 1 -1  0.00273892
5594902381887390807
1 3 3 4 -1  0.038152
5595128768424512348
2 2 3 4 -1  0.00785516
5595392506203626299
4 6 4 7 -1  -0.254186
5595411856819868265
2 2 4 3 -1  -0.0717897
5595420272597015387
3 3 4 2 -1  -0.018248
5595501439948017765
0 2 1 1 -1  -0.0581497
5595572550140386090
0 2 1 3 -1  -0.0886293
5595595574860439436
4 4 5 2 -1  0.018248
5595685976792461727
4 0 5 0 -1  -0.531441
5595980461499616436
0 3 2 5 -1  -0.00241932
5596050800758627206
1 4 5 0 -1  -0.0797664
5596100674744866563
1 4 0 5 -1  0.430467
5596165969462615062
6 5 5 5 -1  -0.0717897
5596228614369726139
1 4 2 6 -1  -0.0423911
5596240299074658064
1 0 3 0 -1  0.00131002
5596305284108852535
5 3 0 3 -1  0.185302
5596697735085500583
3 2 4 2 -1  0.205891
5596749872256438929
2 2 1 1 -1  -0.185302
5596779043665544295
6 0 5 0 -1  0.729
5596806842525387101
4 0 5 0 -1  -0.166772
5596812159633663865
3 2 3 3 -1  0.0646108
5597300516788685479
5 7 1 3 -1  0.0278128
5597359570730102260
1 7 2 7 -1  -0.00969773
5597667805021482145
6 1 6 5 -1  -1
5597702184443737158
2 1 4 3 -1  0.81
5597802529557013048
0 2 3 5 -1  -0.0250315
5598213324488922241
3 0 4 0 -1  0.098477
5598887282806760647
1 5 3 5 -1  0.254186
5598959035645150673
1 2 2 3 -1  -0.282429
5599279503421412087
1 4 3 4 -1  0.0170715
5599288309768205121
6 3 6 4 -1  -0.0523347
5599526884158694017
1 3 2 1 -1  0.0278128
5599793237817476464
4 0 4 1 -1  0.228768
5599867593496664367
2 0 3 0 -1  0.166772
5600016555481527473
0 4 2 4 -1  0.348678
5600029697270326384
2 5 1 4 -1  0.00417455
5600186740807878793
0 5 0 6 -1  -0.38742
5600227885168732310
0 6 0 5 -1  -0.531441
5600279960492965357
4 6 1 3 -1  -0.254186
5600320882421946639
1 7 3 7 -1  -0.0274782
5600325732661598351
0 2 4 6 -1  -0.00463839
5600513284728223776
3 7 4 7 -1  -0.0278128
5600539958048278141
2 7 2 6 -1  0.0523347
5600581548573910352
5 2 5 3 -1  -0.0471013
5600728328008514451
0 5 0 0 -1  0.0646108
5600750377024369072
3 3 1 4 -1  0.038152
5600871266656789938
2 4 2 3 -1  0.9
5601062035861859522
0 6 2 7 -1  0.166772
5601150587831807135
1 6 0 6 -1  0.150095
5601209015752110669
1 5 1 4 -1  -0.150095
5601260360589983444
4 1 5 2 -1  -0.0523347
5601314206011199219
4 3 5 3 -1  0.0797664
5601725812627832873
2 4 4 6 -1  -0.254186
5601775265650047730
3 0 1 2 -1  -0.00246503
5601849589581523056
0 4 0 6 -1  -0.038152
5601963543730693724
1 0 3 0 -1  0.59049
5602115845339732647
2 4 3 4 -1  0.0797664
5602480457257842736
1 7 2 7 -1  -0.0309031
5602581883369669304
2 1 2 2 -1  0.150095
5602876296090274488
1 3 2 2 -1  -0.038152
5602990103458890512
1 6 2 6 -1  -0.00706964
5603002186146967929
5 1 6 1 -1  -0.31381
5603889581830625284
1 2 3 2 -1  0.282429
5604048305373087541
4 3 5 2 -1  0.0423911
5604057869874914211
5 4 3 4 -1  -0.430467
5604075684832746137
7 4 2 4 -1  0.109419
5604157528319925605
6 1 3 1 -1  -0.109419
5604161710771184954
2 5 0 6 -1  -0.000859503
5604227123387272473
3 1 4 0 -1  0.0646108
5604234973591542202
0 2 5 2 -1  -0.098477
5604389008713948956
3 2 1 0 -1  -0.38742
5604400051770597277
6 3 2 3 -1  -0.0107753
5604403822826096441
0 6 0 7 -1  1
5604697824743973984
0 7 6 7 -1  0.254186
5604713589607669601
0 7 4 7 -1  0.254186
5605079365817657600
0 5 0 2 -1  0.205891
5605108005453321559
1 4 1 5 -1  0.098477
5606246664677176393
0 4 0 6 -1  -0.109419
5606395911461223831
0 6 2 4 -1  -0.531441
5606522501477178009
3 0 4 1 -1  -0.0147809
5606661108285934567
2 2 0 3 -1  -0.228768
5606842335325721347
7 5 4 5 -1  -0.478297
5606952794465903816
1 6 2 5 -1  -0.121577
5607025666271064752
3 6 3 5 -1  0.38742
5607149052851440820
2 5 3 5 -1  0.00515377
5607224118147454487
0 6 1 6 -1  0.81
5607233285798986916
5 2 6 3 -1  0.9
5607309616116864150
6 6 4 4 -1  -0.135085
5607673807646160714
5 4 4 2 -1  -0.205891
5607806813894094407
0 0 0 2 -1  -0.0471013
5607809797696130101
3 3 6 6 -1  0.135085
5607945812223978245
2 1 3 1 -1  -0.166772
5608055086593483397
1 3 3 3 -1  -0.0797664
5608132169947837896
2 5 4 3 -1  -0.59049
5608222014746595783
1 5 3 5 -1  -0.38742
5608306230196250240
0 0 0 4 -1  -0.0581497
5608634220375340570
2 3 2 6 -1  0.254186
5608656889134784608
2 0 1 0 -1  0.478297
5608713904050099902
0 1 1 0 -1  -0.00969773
5608908456194344327
0 6 4 6 -1  -0.185302
5608982227594356158
4 6 6 5 -1  0.00872795
5608989251776436161
2 4 5 7 -1  0.59049
5609024316671130419
0 1 2 1 -1  -0.0119725
5609118162270566525
4 5 6 4 -1  -0.31381
5609150342206016258
0 5 0 3 -1  0.0278128
5609312465582241549
1 1 2 1 -1  -0.38742
5609331183579376280
0 4 0 3 -1  0.0523347
5609565325544803630
4 3 3 4 -1  -0.531441
5609865859465068423
7 2 4 5 -1  -0.0581497
5610024726007837027
3 3 5 2 -1  -0.729
5610070479512448292
5 7 4 6 -1  -0.135085
5610118550711636523
5 0 5 1 -1  -0.38742
5610256478353842730
3 5 4 4 -1  -0.0581497
5610475760588117847
3 5 2 3 -1  -0.109419
5610629044669992119
3 2 4 2 -1  -0.729
5610693797837323614
0 0 0 6 -1  0.31381
5610713026661328009
3 5 3 4 -1  -0.81
5610918902192953064
3 4 1 6 -1  -1
5610949611550261197
3 4 4 3 -1  -0.430467
5610990305168802508
3 4 4 4 -1  -0.348678
5611002467601178291
4 6 2 4 -1  -4.04837e-05
5611060958002979393
1 0 3 0 -1  0.0717897
5611235987681092566
3 7 5 7 -1  -0.430467
5611349787427330068
1 4 2 3 -1  0.38742
5611410103961162451
2 4 4 3 -1  -0.166772
5611562487979286486
5 6 6 5 -1  0.6561
5611562504341382102
2 3 4 4 -1  -0.205891
5611811911538279438
2 2 3 0 -1  0.098477
5612683240402020372
3 3 7 7 -1  -1
5612759693243917619
0 6 0 5 -1  0.0225284
5613268834112579290
2 2 3 1 -1  -0.205891
5613275323017376282
3 3 4 3 -1  0.0164232
5613358944001974675
6 3 4 2 -1  0.135085
5613460716211375955
3 7 4 7 -1  -0.109419
5613466430681981666
3 0 5 0 -1  0.00417455
5613524755978643269
2 1 1 0 -1  -0.0225284
5613974348280588549
5 2 5 3 -1  -0.531441
5614242285466061737
1 3 1 5 -1  0.0717897
5614272769543367601
5 5 3 4 -1  -0.205891
5614285861889823055
2 2 4 3 -1  0.0343368
5614341502288010536
2 2 3 0 -1  0.0797664
5614375394646478951
0 6 2 5 -1  -0.00338139
5614381560456915182
0 1 0 3 -1  0.00706964
5614429827592295655
3 0 3 2 -1  0.38742
5614567115420550989
3 3 4 5 -1  -0.00572641
5614696121531608450
0 5 3 5 -1  -0.282429
5615001806648176895
6 2 7 4 -1  0.038152
5615059394080026988
0 2 1 1 -1  0.185302
5615187293565241045
0 4 2 4 -1  0.0250315
5615406545460548056
4 7 3 6 -1  -1
5615923301607134441
1 1 3 1 -1  -0.038152
5615937362671681946
1 1 3 1 -1  -0.38742
5616049580449097077
2 0 3 1 -1  -0.0423911
5616209722474170958
0 0 0 1 -1  0.00131002
5616367003055150449
6 4 5 4 -1  0.729
5616416544810867683
3 6 4 5 -1  -0.150095
5616544108921223387
2 4 5 4 -1  -0.109419
5616559388665278802
0 2 2 0 -1  0.59049
5616612762875479575
2 2 2 5 -1  0.185302
5616636501945282581
5 5 4 3 -1  0.59049
5617418479966689773
0 5 0 4 -1  0.0278128
5617458147027707731
2 6 1 5 -1  0.531441
5617619797910124106
0 3 2 1 -1  0.00417455
5617716942191600367
3 2 4 2 -1  0.109419
5617721589119842885
3 5 5 7 -1  -0.0343368
5617793741290931185
6 3 5 5 -1  -0.59049
5617849286498586047
1 6 1 7 -1  0.205891
5618071336597096332
1 0 2 0 -1  0.00106111
5618089386605323309
2 4 2 6 -1  -0.531441
5618163817281051999
7 3 7 1 -1  -0.59049
5618511496782724937
5 7 3 6 -1  -0.0309031
5618846543239283154
2 7 5 4 -1  -0.31381
5618885543328605229
3 0 2 1 -1  0.0225284
5619009442345727214
3 2 4 3 -1  -0.00969773
5619213492880264251
0 2 4 6 -1  -0.478297
5619459627392392910
1 5 2 5 -1  0.038152
5620196524839250146
3 3 3 7 -1  -0.202141
5620201802997497215
0 6 1 5 -1  -0.121577
5620484548630435636
0 6 1 7 -1  -0.38742
5620509960920064693
5 2 5 1 -1  -0.0581497
5620601532644862537
0 3 0 4 -1  -0.0278128
5621034787972281645
1 3 0 5 -1  0.9
5621362185474562487
3 7 5 6 -1  -0.228768
5621372395868104942
0 3 0 5 -1  0.00706964
5621400541743793876
4 3 6 3 -1  -0.00463839
5621581283542854451
3 5 2 6 -1  -0.0471013
5621594349761472996
5 5 5 7 -1  0.59049
5621964653143833814
3 4 3 3 -1  0.38742
5622162460179307448
6 0 7 0 -1  0.31381
5622192261771029416
0 4 0 6 -1  -0.0164232
5622495260584551892
1 7 2 7 -1  0.150095
5622806664964508824
1 0 3 0 -1  -0.109419
5622822643064324806
0 2 0 4 -1  -0.59049
5622925937170785677
0 6 1 7 -1  -0.0581497
5623041491972779989
3 7 4 7 -1  0.0250315
5623168737823374987
0 4 0 5 -1  0.282429
5623192616336009712
3 4 5 3 -1  -0.430467
5623750364284206255
2 3 3 3 -1  -0.31381
5624189157039299567
0 2 1 3 -1  0.150095
5624223174766540779
5 1 5 0 -1  -0.81
5624431373369434942
2 1 3 1 -1  -0.38742
5624719107529354680
3 4 4 4 -1  0.0320701
5624923599429847464
0 0 0 1 -1  0.0278128
5624980639909249198
1 5 2 5 -1  -0.0147809
5625004314078864291
2 2 6 6 -1  -0.348678
5625151767696012696
0 0 0 2 -1  -0.0309031
5625200879921199626
0 3 1 4 -1  0.205891
5625358921288121768
4 5 3 4 -1  -0.729
5625417115615847252
0 5 1 4 -1  -0.0423911
5625843616519476713
1 2 1 3 -1  -0.0037571
5625862666892356604
0 4 0 0 -1  1
5626104696791457707
2 5 1 6 -1  -0.0225284
5626227657677091226
5 3 1 3 -1  -0.098477
5626459999288049531
0 3 4 7 -1  -0.59049
5626680887244528834
2 1 1 2 -1  0.109419
5627060285470223176
7 0 7 5 -1  -0.0343368
5627095867142534373
0 4 0 2 -1  -0.0523347
5627259356565500359
0 2 4 6 -1  -0.00179701
5627686115319593299
0 6 2 6 -1  0.31381
5627720674177750398
1 0 2 0 -1  0.00515377
5628371726391928727
4 3 4 4 -1  -0.0717897
5628377180491547486
2 7 2 6 -1  0.38742
5628382751942630229
3 5 4 5 -1  -1
5628990977116010644
2 6 3 5 -1  0.0343368
5629135276333695401
1 6 3 6 -1  0.6561
5629140283084090200
0 5 1 4 -1  -0.00872795
5629204483759763992
1 0 2 0 -1  0.81
5629337604942545302
3 6 2 6 -1  -0.430467
5629365264132893173
0 5 2 6 -1  0.0343368
5629478023103188176
6 3 5 2 -1  0.38742
5629568653059553029
2 2 3 2 -1  0.0797664
5629622158288191532
0 4 2 4 -1  0.098477
5629660258254592653
0 6 0 7 -1  -0.121577
5630180280063650914
2 5 1 3 -1  0.0037571
5630194451454148669
3 2 5 4 -1  -0.38742
5630341603697252400
3 4 4 3 -1  -0.478297
5630665136598807943
0 1 1 3 -1  -0.00706964
5630712723230214274
1 6 2 6 -1  0.6561
5630952340099661197
1 0 6 0 -1  0.166772
5631156397105296196
0 4 2 4 -1  -0.185302
5631175457858126129
4 1 2 0 -1  -0.228768
5631244624939200773
2 4 4 5 -1  -0.282429
3 4 2 3 -1  -0.348678
5631288090889883780
0 5 0 4 -1  -0.478297
5631361686520700244
5 6 6 5 -1  -1
5631425006586940091
0 3 2 4 -1  0.185302
5631549323842894864
6 1 6 3 -1  -0.185302
5631551525471670412
2 5 3 7 -1  0.00572641
5631790490792292211
4 7 2 6 -1  -0.478297
5631854445229948552
3 3 4 5 -1  0.038152
5631924986617574936
0 1 5 1 -1  -0.430467
5632007072873080695
0 2 3 5 -1  0.0581497
5632150163063881885
6 3 5 3 -1  -0.0471013
5632351016662420571
2 3 3 4 -1  -0.185302
5632447592642789224
3 2 4 3 -1  -0.254186
5632745500188914014
1 3 2 5 -1  0.0797664
5632832680870329831
0 4 5 4 -1  -0.0278128
5632881020665065121
0 6 1 7 -1  0.254186
5632886372428250524
1 1 2 1 -1  -0.0523347
5633322049798629292
6 1 4 2 -1  0.0523347
5633367116749519944
4 7 5 6 -1  -0.729
5633724002480632866
3 2 1 2 -1  -0.478297
5634150330986059831
1 6 0 5 -1  -0.0797664
5634250041245546117
2 3 4 3 -1  -0.81
5634805904286157473
1 5 2 5 -1  0.0886293
5634849064794780362
0 1 2 2 -1  -0.0252086
0 3 1 4 -1  -0.00179701
0 5 2 3 -1  -0.00969773
1 2 3 2 -1  0.00304325
1 3 2 3 -1  1.62803e-10
1 3 3 3 -1  -0.0244192
5634950853029470112
1 1 0 1 -1  -0.00417455
5634963316836267053
2 1 1 3 -1  0.0309031
5635127468024486589
2 1 3 1 -1  -0.0797664
5635173892230436767
3 5 2 6 -1  -0.000218474
5635260891379225306
5 3 4 4 -1  -1
5635374077997481396
3 4 4 4 -1  1
5635448977365370940
5 6 6 5 -1  -0.478297
5635542559650592538
0 0 0 2 -1  0.0423911
5635638384076356079
1 5 2 5 -1  0.00106111
5635661042441620009
0 6 1 5 -1  -0.0717897
5635699188691134577
1 0 3 0 -1  -0.0581497
5635706762371633937
1 3 3 1 -1  -0.478297
5635772809105925088
0 5 1 6 -1  0.000411098
5636052338542543468
3 1 2 3 -1  0.59049
5636215861898575231
0 2 1 3 -1  -0.0147809
5636556325308283581
3 4 4 3 -1  -0.0886293
5636610755159784594
4 6 4 2 -1  -0.59049
5636885654192744945
1 2 3 2 -1  -0.59049
5637093299547218399
2 5 4 4 -1  0.0278128
5637201464367915236
4 0 5 2 -1  0.0423911
5637364630792197251
0 5 0 2 -1  0.135085
5637426179968115034
7 1 4 4 -1  -0.81
5637509566881138521
2 5 4 6 -1  -0.0343368
5637560349845474293
4 2 2 3 -1  0.0119725
5637650114925954581
0 3 1 4 -1  0.0646108
5637678410829406794
2 4 3 3 -1  0.38742
5637760161843433076
3 4 4 3 -1  -0.0250315
5638059085023190638
4 7 5 6 -1  -1
5638359824601045476
1 6 2 6 -1  -0.185302
5638479876749526338
2 3 3 3 -1  0.0343368
5638704455349359957
2 0 4 2 -1  -0.150095
5638736368302072194
2 6 4 5 -1  -0.0147809
5638761277694283920
2 3 3 3 -1  -0.0107753
5638826943328678929
4 2 5 0 -1  -0.135085
5638957552129069172
1 6 3 6 -1  0.00161731
5639341791741227756
2 6 3 7 -1  -0.254186
5639366268891464487
1 3 2 4 -1  0.0886293
5639469217376221447
4 6 5 5 -1  -0.0886293
5639524000549561849
0 4 1 3 -1  0.00029969
5639612640862526276
1 3 3 5 -1  0.0471013
5639703322168399367
2 5 1 4 -1  -0.205891
5639705062328771882
1 7 3 7 -1  1
5639917750447580387
0 1 2 2 -1  0.0797664
5640214396978963117
0 1 2 2 -1  -0.00785516
5640526903264716510
0 2 3 5 -1  0.00969773
5640537303874792254
3 0 4 1 -1  -0.0581497
5640609868145928965
1 2 2 3 -1  -0.0107753
5640741124183662332
1 4 2 4 -1  0.185302
5640747610897666453
2 5 0 4 -1  -0.228768
5640759667136193969
4 4 3 5 -1  0.531441
5641114380986162132
2 5 6 5 -1  -0.430467
5641200362812639216
2 2 1 4 -1  0.00106111
2 2 3 0 -1  0.0646108
5642297519438240775
2 5 4 6 -1  0.0164232
5642342439476141493
1 3 2 3 -1  -0.185302
5642402440435910779
0 0 2 0 -1  -0.478297
5642419483546477391
0 3 4 7 -1  0.0646108
5642435112701726121
0 3 1 1 -1  1
5642667080588216297
0 4 0 6 -1  -0.0646108
5642726128975750803
0 2 3 5 -1  -0.00463839
1 4 3 4 -1  0.00056392
5642731314264405117
3 6 4 6 -1  -0.166772
5642910150010133289
0 5 2 3 -1  0.166772
5643016968652235741
4 6 5 7 -1  -0.121577
5643121642382693851
1 1 0 2 -1  0.430467
5643245061111479454
1 5 0 6 -1  -0.9
5643392912645551229
0 0 6 0 -1  -0.59049
5643413112675282238
0 3 2 1 -1  -0.0309031
5643548821589541295
2 2 3 0 -1  -0.135085
5643573586065750461
3 6 4 6 -1  0.0423911
5643854562704066430
2 1 4 0 -1  0.531441
5644075830884292294
5 7 6 7 -1  -0.9
5644188837764325930
2 4 4 6 -1  -0.430467
5644274271246510156
2 7 3 7 -1  0.109419
5644608424256286745
0 6 1 6 -1  0.729
5644800396291326038
5 7 6 6 -1  0.0309031
5644862317475607261
3 3 2 5 -1  0.00872795
3 3 4 5 -1  -0.0202755
5645346468133243990
6 6 6 7 -1  -0.729
5645543557331651771
3 1 4 2 -1  -0.00221853
5645552331340379303
4 2 0 2 -1  -0.00872795
5645850399046423588
0 3 1 2 -1  -0.0581497
1 1 2 1 -1  -0.00161731
1 3 3 3 -1  -0.0423911
5645852185907996465
1 6 3 6 -1  0.478297
5645915569575886610
3 2 4 3 -1  0.430467
5645999799346020152
2 4 1 3 -1  0.282429
5646134797991801122
4 2 6 3 -1  -0.282429
5646355862505930715
3 5 2 4 -1  -0.0147809
5646521787420880765
3 3 4 2 -1  -0.098477
5646629790586562887
0 3 0 1 -1  -0.0343368
5646650706730759242
0 3 0 4 -1  -0.0309031
5646969760541998902
1 5 0 5 -1  -0.282429
5646972245930723569
0 6 1 5 -1  -0.38742
5646972875456309972
2 7 3 7 -1  0.478297
5647208179166364024
3 4 4 4 -1  -1
5647239042819372745
2 4 3 5 -1  -0.00056392
5647417569729417892
3 4 4 3 -1  1
5647488308445643648
2 6 7 6 -1  -0.150095
5647553217953027532
1 3 3 4 -1  -0.729
5647744669425806184
3 0 4 1 -1  -0.0646108
5647976397146794367
0 6 0 5 -1  -0.098477
5648378899931533964
2 2 4 2 -1  -0.348678
5648451389555822735
0 4 0 6 -1  -0.038152
5648624092821800382
1 3 3 3 -1  0.0330024
5648667608741571839
2 0 4 2 -1  0.0147809
5648891206678896922
1 1 2 2 -1  -0.038152
5649021577500596723
2 5 0 7 -1  0.59049
5649273147635613183
5 7 2 4 -1  0.205891
5649276039870515427
0 0 0 3 -1  -0.0147809
5649730743603796414
0 3 7 3 -1  0.0202755
5649897778846326211
3 2 3 3 -1  -0.018248
5649949653221138752
7 5 6 4 -1  0.098477
5649981523555011655
0 0 0 2 -1  0.478297
5650039496713103971
0 5 4 1 -1  0.0133028
5650702297090515317
5 1 5 4 -1  -0.150095
5650767701126147807
3 3 3 2 -1  -0.185302
5650771690532531272
4 2 5 2 -1  -0.478297
5650782958462184303
6 7 5 7 -1  0.0581497
5651019497839219684
1 4 4 7 -1  0.531441
5651118457983394795
7 5 5 5 -1  -0.729
5651119322509891304
0 5 0 4 -1  -0.00969773
5651339326987724844
4 5 5 3 -1  -1
5651396784741006910
0 7 5 7 -1  -0.185302
5651477704727871191
3 5 4 4 -1  -0.0717897
5651576449121528891
0 4 0 6 -1  0.109419
5651773137180015488
2 4 1 5 -1  0.185302
5652116303234306020
0 4 0 2 -1  0.0119725
5652414656295399132
1 3 3 2 -1  -0.205891
5652528476483762022
4 3 5 3 -1  -0.348678
5652816232591973567
4 7 2 5 -1  0.729
5652825082937698981
1 3 2 4 -1  -0.38742
5652921538568616634
4 2 6 4 -1  -0.6561
5652940857803296493
2 4 3 4 -1  -0.135085
5652977226815399329
0 2 0 4 -1  0.348678
5653070580903344616
0 3 1 2 -1  -0.0164232
5653095622556952096
2 1 3 1 -1  -0.0523347
5653155510518545655
1 5 3 5 -1  -0.00199668
5653339236641814576
7 2 3 2 -1  -0.59049
5653456395230090445
1 4 2 4 -1  0.0471013
5653516761292206260
5 6 0 1 -1  -0.0202755
5653725630299444296
1 4 2 3 -1  -0.81
5654007261435462201
2 2 3 3 -1  -0.185302
3 1 4 1 -1  -0.038152
5654121652934386414
0 3 3 3 -1  0.0523347
5654302944177763501
0 0 2 2 -1  -0.0581497
5654325365426221193
0 1 0 0 -1  -0.038152
5654357618815315521
0 6 1 4 -1  -0.0567209
0 6 2 5 -1  -0.038152
1 6 2 6 -1  -0.0343368
5654389205975311190
1 5 3 5 -1  -0.0581497
5654453640729138894
5 6 3 4 -1  -0.254186
5654495088258968410
6 5 5 7 -1  0.166772
5655082152851791224
2 6 1 7 -1  0.00969773
5655106138961494947
0 4 4 4 -1  -0.228768
5655249355839120571
4 5 4 4 -1  -0.81
5655360591529909461
1 2 0 1 -1  0.81
5655660825514633835
2 2 4 0 -1  -0.531441
5656034644740848877
1 2 1 3 -1  -0.205891
5656084854556932894
5 2 3 1 -1  -0.254186
5656110692831220083
3 1 4 1 -1  -0.109419
5656121897808009775
2 3 3 4 -1  -0.0581497
5656240816463527858
0 0 7 0 -1  -0.254186
5656319973403313815
3 4 3 2 -1  -0.531441
5656481716481638036
2 6 2 5 -1  -0.254186
5656486004776771613
0 3 1 3 -1  0.000957937
5656546975212457497
2 5 2 6 -1  -0.109419
5656874564831023593
3 4 3 5 -1  -0.109419
5656895422099049863
3 0 2 1 -1  -0.0523347
5656985588919708755
7 7 2 7 -1  0.729
5656998694360692496
1 4 1 5 -1  0.109419
5657003683980503534
2 5 3 5 -1  0.9
5657073945281202426
0 7 0 6 -1  0.135085
5657090544744203665
0 4 0 6 -1  0.0471013
5657226311209227935
1 3 3 3 -1  0.0523347
5657275948663015420
0 6 5 6 -1  -1
5657299666925476045
3 0 4 0 -1  -0.0581497
5657310159134964343
1 4 2 5 -1  -0.0202755
5657561243763111441
2 4 1 3 -1  0.0797664
5657608308864402323
1 6 5 2 -1  0.0225284
5657785844961274876
4 3 4 2 -1  -0.0886293
5657817123844958995
0 4 3 1 -1  -0.166772
5658076389053420363
4 2 5 4 -1  0.0797664
5658295971670050372
0 6 6 6 -1  0.038152
5658300649901953745
0 3 0 5 -1  -0.00706964
5658342581835745641
0 5 1 4 -1  0.0423911
1 7 2 7 -1  0.0309031
5658541810762535473
0 3 2 3 -1  -0.228768
5658719915863758850
0 5 1 5 -1  -0.9
5659180911637246518
0 7 4 7 -1  -0.135085
5659393922724658310
3 2 2 4 -1  -0.0471013
5659782775402823788
1 7 3 7 -1  0.0147809
5659899799266699219
1 6 0 5 -1  -0.0309031
5660110151585533887
2 5 2 4 -1  -0.205891
5660212182846248182
1 6 3 6 -1  0.00273892
5660401358085823705
0 0 7 0 -1  -0.00785516
5660598140981739165
1 6 3 4 -1  0.254186
5660735554296868900
1 0 2 0 -1  -0.00161731
5660807593859246629
1 0 3 1 -1  -0.0581497
5660878946675223178
0 7 1 7 -1  -0.000411098
5660940695206441076
2 7 3 7 -1  -0.59049
5660969770332352070
1 2 6 2 -1  0.430467
5661048954482611193
3 3 2 4 -1  -0.31381
5661053403889879400
0 2 2 4 -1  -0.0107753
5661238394271121170
4 6 5 6 -1  -0.121577
5661317007846525653
7 2 7 1 -1  -0.228768
5661519191523999481
3 2 4 1 -1  0.59049
5661648141421588842
0 7 0 4 -1  0.0886293
5661890855887383793
1 6 1 5 -1  -0.0886293
5 2 6 3 -1  -0.729
5662108482682720809
1 4 3 2 -1  0.109419
5662381863706843328
6 4 4 5 -1  -0.81
5662632216096021154
0 4 2 4 -1  -0.0202755
5662772720755265833
1 6 3 6 -1  0.31381
5662865812547997126
0 2 2 4 -1  -0.0423911
5662926995711498296
3 2 4 1 -1  0.150095
5663691382506552108
2 1 3 3 -1  -0.121577
5663714181507224291
2 5 4 4 -1  -0.0107753
5664164564559918884
1 5 3 5 -1  -0.121577
5664230665427971899
0 5 0 3 -1  -0.0164232
5664294314807051251
3 6 1 4 -1  -0.0646108
5664367371741553642
1 4 2 4 -1  -0.0119725
5664437848274810692
1 5 3 5 -1  0.531441
5664512474599199957
1 4 2 4 -1  0.0107753
5664546669815415720
3 4 5 5 -1  -0.81
5664660163714036714
0 4 0 3 -1  0.228768
5664977257351350268
6 6 6 5 -1  -0.729
5665014230449071527
5 2 4 2 -1  -0.0886293
5665257937424740548
3 2 2 1 -1  0.000456775
5665427156060879288
2 6 3 5 -1  0.478297
5665636876112633240
6 0 6 6 -1  -0.430467
5665846879520643574
1 6 2 6 -1  -0.0646108
5666100039602158017
1 2 2 1 -1  -0.0581497
5666510262806529759
3 5 5 7 -1  0.348678
5666693605459683477
0 3 6 3 -1  -0.430467
5666807494384661746
0 3 0 2 -1  0.205891
5667196959161746961
2 2 2 4 -1  -0.6561
5667290325072798455
3 5 2 4 -1  -0.0797664
5667392402928925889
0 2 2 4 -1  0.00304325
5667502687009472531
4 0 4 1 -1  0.00872795
5667614482749315324
2 3 1 2 -1  0.81
5667661759631828194
3 6 4 5 -1  0.282429
5667687028570233517
2 0 3 1 -1  0.38742
5667817454838297446
0 5 0 4 -1  -0.018248
5667842303415316268
1 2 3 2 -1  -0.0278128
5668167634759749690
0 3 3 3 -1  0.0797664
5668282549189115093
4 6 3 7 -1  -0.00304325
5668287211164092694
0 2 1 2 -1  -0.0250315
5668331797872519494
0 6 1 7 -1  0.00572641
5668536326690627491
3 7 2 5 -1  -0.135085
5668560658393855154
1 7 2 7 -1  -0.000955003
5668655741999468435
1 2 1 1 -1  -0.6561
5668671543061175926
1 1 6 1 -1  0.150095
5668909141965767131
3 6 3 4 -1  -0.0523347
5669279765688103780
0 5 4 5 -1  -0.098477
5669797640806614942
3 6 4 4 -1  -0.166772
5670060974679673670
2 0 4 1 -1  0.0797664
5670196588253680582
5 2 6 4 -1  -0.6561
5670324712992782145
6 0 7 0 -1  -0.0147809
5670446243098662163
0 1 2 2 -1  0.038152
5670827861085013561
0 2 1 3 -1  -0.150095
5670902174690372989
2 5 3 3 -1  -0.00515377
5671054704383683463
5 5 7 5 -1  -0.59049
5671087570060673207
0 1 1 3 -1  -0.0886293
5671117309047684458
2 6 3 6 -1  -0.150095
5671123777533211580
6 2 5 3 -1  -0.531441
5671151043949815729
0 6 1 7 -1  0.098477
5671217374253568664
5 3 5 0 -1  -0.38742
5671224677892427163
2 5 3 5 -1  0.018248
5671399883227620350
0 4 0 1 -1  0.0471013
5671548895903600781
1 7 2 7 -1  -0.81
5671563783719770839
2 5 0 4 -1  -0.0471013
5671590568512068122
7 0 5 2 -1  -0.254186
7 0 6 1 -1  -0.31381
5671709734460076284
2 4 3 3 -1  -0.348678
5671799854459000371
0 5 0 3 -1  -0.205891
5672369468600291155
6 2 6 0 -1  -0.166772
5672569559458425728
2 5 1 6 -1  -0.205891
5672820448422567789
3 4 3 6 -1  -0.38742
5672938059857653008
3 0 2 2 -1  -0.0523347
5673219208188870557
1 2 2 3 -1  0.00785516
5673256965447649984
3 2 0 5 -1  -0.0250315
5673288682052535575
1 4 2 3 -1  -0.205891
5673513028721837117
1 5 1 6 -1  0.166772
5673950832284360891
4 5 3 5 -1  1
5673965947221607544
4 6 6 4 -1  0.531441
5674078176670314116
0 6 0 5 -1  0.00969773
5674223082690250614
0 6 1 6 -1  0.0107753
5674246799831358992
1 5 2 4 -1  -0.0581497
5674303251838084600
2 4 4 6 -1  -0.228768
5674323277661741569
0 2 0 1 -1  0.0581497
5675135615633406260
2 5 3 4 -1  0.166772
5675324597030645742
3 6 1 7 -1  0.121577
5675381904262385996
1 1 3 1 -1  -0.166772
5675394698276265050
6 5 3 5 -1  0.6561
5675406856740614422
0 4 2 6 -1  -0.0523347
5675464910308918263
3 5 4 4 -1  -0.0886293
5675659920982065403
2 4 3 3 -1  0.254186
5675769848684985462
2 7 3 7 -1  -0.729
5675860505552174571
3 2 4 3 -1  -0.011046
5675899268984329988
0 3 0 1 -1  0.59049
5676018245245655023
6 4 5 4 -1  0.531441
5676178602672662376
0 3 1 3 -1  0.729
5676293819764070942
5 2 6 3 -1  -0.9
5676304830324707425
1 7 2 7 -1  0.228768
5676494628955187809
5 3 6 2 -1  -0.228768
5676514961348337483
4 2 2 4 -1  -0.6561
5676709939317378501
4 4 5 4 -1  -0.282429
5676762132017319347
1 4 0 3 -1  0.018248
5676783874730393231
3 5 1 3 -1  -0.59049
5676804464957036178
0 2 0 4 -1  0.205891
5677027514473030447
3 3 3 1 -1  -0.0250315
5677136868054278668
0 0 0 4 -1  -0.430467
5677153030474541007
2 5 1 5 -1  -0.31381
5677218495567488106
6 2 6 1 -1  0.38742
5677235415816391459
3 0 1 2 -1  -0.00515377
5677411908011118746
6 5 4 6 -1  -1
5677416253223473120
0 0 0 4 -1  0.205891
5677445244694833157
5 3 6 2 -1  0.018248
5677805291091268334
2 5 3 5 -1  0.0646108
5677812734817589087
3 3 3 7 -1  -0.729
5677888454568803893
0 3 3 3 -1  0.0471013
5677958898127546041
0 3 3 3 -1  0.59049
5678015139356249783
2 7 3 7 -1  0.185302
5678421300155184478
0 3 1 2 -1  -0.0037571
5678525537046856993
5 5 6 6 -1  0.348678
5678597728142192840
0 0 0 1 -1  -0.038152
5679059333010288956
0 0 5 0 -1  -0.205891
5679127265875261791
2 1 3 1 -1  0.729
5679378286796477677
1 0 2 0 -1  -0.00463839
5679458196521297462
0 3 1 3 -1  -0.0886293
5679611337852675766
1 6 3 6 -1  0.0581497
5679662309969119592
1 4 4 1 -1  0.59049
5679798030473624711
1 3 2 1 -1  0.282429
5680049939655430675
1 4 0 5 -1  0.531441
5680064595786354200
1 6 3 6 -1  -0.0717897
5680110644485175864
1 4 2 3 -1  0.38742
5680111399075422288
0 3 1 4 -1  -0.098477
5680231866159603079
5 3 6 3 -1  -1
5680592751943278148
4 7 6 7 -1  0.729
5680609997309991160
3 4 4 3 -1  -0.000456775
5680620957211064661
3 0 4 0 -1  -0.478297
5680828919040953079
5 3 2 0 -1  -0.098477
5680863197048763046
4 4 6 5 -1  -0.0717897
5680890415045475924
3 0 5 0 -1  -0.38742
5680891824501653339
3 4 2 2 -1  -0.121577
5680999734332640057
1 2 2 2 -1  0.0646108
5681018918477960818
4 6 3 7 -1  -0.038152
5681054153593618411
0 5 2 3 -1  -0.000159268
5681408049301282138
6 1 2 1 -1  0.185302
5681567157407647681
1 3 3 2 -1  -0.038152
5681575347930460804
1 0 2 0 -1  -0.0309031
5681819354390041895
3 5 2 5 -1  -0.9
5681895049641178601
4 3 2 3 -1  -0.109419
5682022267835253770
1 0 2 0 -1  -3.05743e-10
5682141371334265780
1 2 1 6 -1  0.430467
5682258252056840713
3 0 3 1 -1  -0.0309031
5682468523610616535
0 6 0 5 -1  -0.00417455
5682508800056361143
1 1 2 2 -1  0.0133028
5682780564504327140
2 3 3 1 -1  0.81
5682786055610793706
2 2 3 4 -1  -0.00273892
5682788135308887716
3 7 1 6 -1  -0.135085
5682952682330657415
5 0 1 4 -1  -0.0343368
5683098256801474679
1 6 3 6 -1  -0.121577
5683104121883938508
1 1 2 1 -1  0.0494822
5683160483512201049
0 4 0 1 -1  -0.282429
5683204561770993441
1 4 2 6 -1  -0.135085
5683477502124769283
1 3 3 5 -1  0.098477
5683525390062655390
3 5 4 5 -1  0.135085
5683599983053210170
0 3 5 3 -1  -0.0343368
5683666595347327322
2 0 1 2 -1  -0.254186
5683962760549535460
7 7 7 0 -1  -0.59049
5684020796193814740
1 6 2 6 -1  -0.228768
5684320584893757632
4 3 5 4 -1  0.0886293
5684367639530493101
0 6 0 7 -1  0.348678
5684413017796325164
0 0 0 2 -1  -0.109419
5684507525261106875
1 5 2 5 -1  -0.121577
5684894150182116236
0 7 0 6 -1  0.0471013
5684894923687693676
2 2 1 3 -1  -0.6561
5685014320087342698
1 3 0 4 -1  -0.185302
5685039746595580358
0 6 1 5 -1  0.0343368
5685464293751676749
1 6 3 4 -1  -0.0886293
5685872882916252887
4 6 5 5 -1  -0.282429
5685923205532346852
3 5 4 4 -1  -0.38742
5685970335943970363
3 6 4 6 -1  -0.729
5686064502855173856
0 2 2 4 -1  -0.000859503
5686356513778985772
5 6 2 3 -1  0.430467
5686375030914054124
2 3 0 3 -1  0.430467
5686386748701844275
1 1 2 2 -1  -0.430467
5686555901488735390
1 6 2 6 -1  -0.038152
5686862498057073757
1 4 2 4 -1  -0.0322721
5687141178178139879
3 2 3 6 -1  0.038152
5687197496551493090
0 6 2 5 -1  -0.0309031
5687415515822348035
4 2 5 4 -1  -0.38742
5687644180157405355
2 2 1 3 -1  0.228768
5687729998382741973
2 6 3 7 -1  0.0164232
5687891062286367895
6 3 5 3 -1  -0.0802095
5688155722580732006
7 6 7 1 -1  0.6561
5688761180473358423
0 0 0 2 -1  0.0343368
5688862867058884820
0 2 0 1 -1  -0.00785516
2 2 3 2 -1  -0.109419
2 4 4 6 -1  -0.0202755
3 7 4 7 -1  0.0471013
5688870850529812010
0 5 0 4 -1  -0.0278128
5688879234224957522
0 3 2 1 -1  -0.00515377
5688933495676144470
4 4 7 4 -1  -0.9
5688969047155540436
4 4 6 4 -1  -0.109419
5689050111570925124
0 5 2 7 -1  0.0343368
5689051119671835020
2 2 4 3 -1  -0.0581497
5689248655281867134
0 3 1 2 -1  0.0202755
5689313301031337813
2 1 3 3 -1  -0.135085
5689526652185253620
3 5 2 4 -1  0.59049
5689557029858952347
0 2 3 5 -1  0.0471013
5689648956120266924
3 5 3 3 -1  -0.0164232
5689813781205255275
1 4 2 3 -1  0.121577
5689826000824692234
0 7 3 7 -1  0.205891
5689915508544685149
0 6 0 7 -1  -0.109419
5690037032130190408
5 3 5 6 -1  -0.31381
5690055564760414571
1 6 3 6 -1  -0.0202755
5690181758753881132
2 5 3 7 -1  -0.478297
5690364162608941643
3 2 4 1 -1  0.0309031
5690468122268314790
1 6 2 6 -1  0.0581497
5690483519826621250
5 2 2 5 -1  -0.81
5690533603621474268
1 4 4 7 -1  0.0797664
5690684530836444710
3 7 4 5 -1  -0.000626578
5691028235627525356
5 2 6 2 -1  -0.9
5691144421351072207
3 6 2 6 -1  0.9
5691370003593516876
3 4 4 4 -1  -0.478297
5691408034228842286
3 2 4 3 -1  0.00636268
5691435059006827264
1 1 2 0 -1  -0.0581497
5691448543154921847
2 5 4 4 -1  -0.00872795
5691558040470259239
2 4 3 4 -1  -0.205891
5691748592240468482
3 7 4 5 -1  -0.31381
5691860500562481296
0 5 1 4 -1  0.135085
5691899184990536271
0 2 1 3 -1  -0.348678
5691901992369532766
4 3 2 3 -1  -0.729
5692153902095039911
3 2 3 0 -1  -0.0523347
5692325747295360264
4 6 3 7 -1  -0.038152
5692328183487778103
4 2 5 4 -1  -0.9
5692748442189645480
0 6 1 6 -1  -0.282429
5692924907409386240
7 7 7 5 -1  -0.59049
5693047274752008043
0 2 1 1 -1  -0.0423911
5693160404668127431
1 4 2 4 -1  0.000507528
5693316712078685175
3 2 4 0 -1  0.9
5693411157210820024
3 7 2 6 -1  -0.0133028
5693883256593242103
0 0 7 0 -1  -0.00199668
5693958902241798502
5 2 6 2 -1  -0.9
5694421511897431175
3 0 4 0 -1  -0.348678
5694531068128968356
4 4 5 4 -1  0.348678
5694549730091273305
0 3 5 3 -1  -0.205891
5694550516978946669
2 1 4 0 -1  -0.228768
5694660998777499820
2 5 2 4 -1  1
5694675503310868605
3 7 4 6 -1  -0.00859923
5694687245027558358
3 7 4 7 -1  -0.109419
5694874482956637850
0 4 4 4 -1  -0.729
5694882231924457321
0 5 1 6 -1  0.478297
5694980783268434015
3 4 4 3 -1  0.109419
5695309755004285757
0 6 1 5 -1  -0.109419
5695477785096758455
6 1 6 7 -1  -0.31381
5695510576117594527
1 2 1 5 -1  -0.430467
5695585761624392453
1 3 1 2 -1  0.729
5695653359441458105
3 0 6 3 -1  -0.205891
5695659720820093649
0 6 0 5 -1  0.150095
5695662991260875519
0 5 1 4 -1  -0.6561
5695678952770063210
2 7 6 7 -1  -0.166772
5695747322143831963
3 2 4 2 -1  -1
5695752927339829083
2 3 3 3 -1  0.0250315
5695761166708030801
2 2 3 4 -1  0.0133028
5695828613440897429
3 0 3 1 -1  -0.00117902
5695882690709026508
0 3 2 5 -1  -0.00304325
5696144502030704200
5 7 6 5 -1  0.166772
5696216480700513055
4 3 3 3 -1  0.531441
5696224477109516803
0 2 4 6 -1  -0.00766759
0 5 1 4 -1  0.0202755
0 5 3 2 -1  -0.0278128
5696236943104672032
1 6 2 6 -1  -0.0119725
5696391368510662996
0 1 0 2 -1  0.430467
5696474245142103968
3 4 5 2 -1  -0.531441
5696610360778375589
0 3 1 3 -1  -0.0523347
5696694321657102567
5 2 4 0 -1  0.00515377
5696726291898819031
3 4 5 5 -1  -0.0797664
5696783299194735768
2 7 3 6 -1  -0.0471013
5697031947748756543
3 1 4 0 -1  -0.038152
5697062449267549918
1 1 3 1 -1  0.018248
5697172552753168985
1 0 2 0 -1  0.00221853
5697195934093735704
2 5 3 4 -1  0.6561
5697245445943550234
3 5 2 4 -1  0.0423911
5697248934463658561
0 3 4 7 -1  0.150095
5697456198437700206
0 5 0 4 -1  -0.282429
5697669207482968986
0 2 1 2 -1  0.109419
5697968975531027048
2 2 4 0 -1  -0.348678
5697986842676070135
0 2 2 4 -1  -0.0423911
5698448332585631135
4 7 5 6 -1  0.185302
5698658824007903219
0 0 1 0 -1  -0.38742
5698669941725758273
3 1 3 2 -1  -0.0133028
5698945481501356135
1 1 2 2 -1  0.0133028
5699042143157812613
2 0 3 0 -1  -0.00304325
5699133743053847125
1 1 2 2 -1  -0.00785516
5699141599392180264
3 4 3 3 -1  0.228768
5699332811125755768
3 2 4 2 -1  -0.018248
5699486327675435676
5 6 4 6 -1  -0.531441
5699635557446994533
3 1 4 1 -1  -0.121577
5699964943864869227
2 4 1 5 -1  0.0343368
5700229052502384558
0 1 0 3 -1  -0.135085
5700272991103143843
4 6 5 6 -1  -0.348678
5700530470020639094
0 4 3 4 -1  0.0646108
5700564054662398006
7 3 5 2 -1  0.6561
5700581600688872682
0 6 1 7 -1  -0.0717897
5700904564975090612
0 5 0 3 -1  -0.121577
5700960006266918173
1 4 0 5 -1  0.109419
5701054385914621592
1 3 2 2 -1  -0.38742
5701162043198207909
2 2 6 2 -1  -1
5701370499297258764
5 4 6 3 -1  -0.31381
5701462753147042384
0 5 0 3 -1  0.0886293
5701518196077936695
7 3 4 3 -1  -0.531441
5701550108844377443
1 1 2 1 -1  -0.0423911
5701871781797470593
0 2 2 4 -1  0.098477
5702004537704934815
1 4 1 3 -1  0.0646108
5702315265915238111
1 3 3 3 -1  -0.0147809
5702320398014944827
1 7 3 7 -1  -0.0886293
5702329069913614847
0 1 3 1 -1  0.00785516
5702665152735288356
2 2 2 5 -1  1
5702762962832325374
4 2 5 1 -1  -0.0225284
5703212841326437551
4 6 1 3 -1  -0.59049
5703771980128802941
2 5 4 6 -1  -0.430467
5703786035569709223
1 2 3 2 -1  -0.00362444
5703823803627714578
1 2 2 2 -1  -0.00969773
5703855011151733161
0 6 0 5 -1  -0.185302
5703870851430376669
0 5 2 4 -1  -0.166772
5703909870118331815
5 4 6 3 -1  -0.185302
5703938073870760224
7 3 6 3 -1  -0.0797664
5704026558778326741
2 5 2 6 -1  0.0133028
5704067292273535123
4 1 6 2 -1  -0.185302
5704133881851409572
1 6 2 6 -1  -0.31381
5704329863861861174
2 3 2 4 -1  -0.478297
5704534570672524209
5 0 6 1 -1  -1
5704804630051853482
1 4 2 3 -1  -0.135085
5704986868703702211
1 6 2 6 -1  0.81
5705033492868333554
4 7 7 4 -1  0.254186
5705726094881364012
2 7 1 6 -1  0.109419
5705799348017053026
1 3 2 4 -1  -0.0471013
5705848854421885866
1 3 3 1 -1  0.348678
5706149111274677371
2 5 3 3 -1  0.0471013
5706401578131138891
3 7 4 7 -1  -0.135085
5706523813770336041
2 6 1 7 -1  0.0119725
5706554783048746705
2 5 3 4 -1  0.6561
5706664141532247823
2 5 4 4 -1  0.00417455
5706706464899294980
0 6 1 4 -1  -0.00969773
5706736526286716677
2 7 4 5 -1  -0.6561
5706848649837855756
2 2 1 4 -1  0.729
5707030720778278788
0 0 0 4 -1  -0.81
5707036769023916599
5 3 6 5 -1  0.6561
5707154160509466438
0 2 1 3 -1  -0.0202755
5707160513831102640
1 7 2 7 -1  0.121577
5707252641479918578
2 0 3 1 -1  1
5707263839691252406
0 2 1 2 -1  -0.81
5707680102972001802
4 1 4 4 -1  -0.00572641
5707843505898398927
1 3 1 1 -1  0.098477
5707891930165923792
4 5 2 4 -1  -0.000269721
5708005715782126263
2 3 3 3 -1  0.00246503
5708105067967088759
1 3 3 2 -1  0.0717897
5708153418841718570
0 4 5 4 -1  -0.00338139
5708159451929757171
3 4 4 3 -1  0.0797664
5708411898258291337
1 5 2 5 -1  -0.0309031
5708487918511284289
4 1 3 2 -1  0.038152
5708995320781097830
0 3 2 3 -1  0.0581497
5708995568182530856
3 2 4 3 -1  -0.000859503
5709006229912752980
3 2 4 1 -1  0.000696197
5709076059496055286
0 4 2 4 -1  0.0581497
5709453357656615095
7 6 7 2 -1  0.59049
5709603492310324800
2 5 3 4 -1  -0.0646108
5709617836434347238
3 4 4 4 -1  -0.0886293
5710082732497226319
1 6 2 5 -1  -0.0471013
5710120024541638520
0 2 1 3 -1  0.00145558
5710122021991967666
1 1 3 1 -1  -0.9
5710138821074327743
0 0 2 0 -1  -0.018248
5710403286163701125
3 7 6 4 -1  -0.00029969
5710406077580982608
3 5 4 4 -1  -0.531441
5710415459325353795
0 5 2 6 -1  -0.478297
5710542138283504915
4 0 7 3 -1  -0.9
5710556452723807171
2 1 3 1 -1  -0.430467
5710643959956865017
2 6 3 6 -1  -0.0886293
5710763520869077977
3 4 4 5 -1  0.531441
5710779729861952245
0 6 1 7 -1  -0.0343368
5710827001212368088
3 5 4 5 -1  -0.282429
5710914431636159807
5 6 6 6 -1  1
5711066708045404662
3 3 5 4 -1  -0.531441
5711434187927477493
2 2 3 1 -1  0.81
5711561779530187087
3 3 1 3 -1  -0.00463839
5711599476595814704
6 0 6 2 -1  -0.31381
5711642917324703543
0 6 2 6 -1  0.254186
5711814588229326592
6 2 3 2 -1  -0.59049
5711993958325815476
0 3 2 1 -1  0.0471013
5712456219057237399
1 0 2 0 -1  -0.0523347
5712706121431870556
5 0 6 1 -1  0.59049
5712820307957218267
1 4 3 4 -1  -0.00872795
5713002056971999515
0 4 0 6 -1  0.0857771
5713087187070457272
0 1 1 3 -1  0.0250315
5713300804209989069
3 5 5 4 -1  -0.098477
5713865785618919542
3 2 5 0 -1  -0.254186
5713965577037898698
1 6 3 6 -1  -0.348678
5714127146416524655
2 5 4 3 -1  -0.531441
5714903782051177439
4 3 6 2 -1  -0.0423911
5714936109150351496
1 7 2 6 -1  -0.109419
5715022790849998714
4 1 3 0 -1  0.0278128
5715161204542594632
3 3 2 1 -1  0.109419
5715219089402353322
1 5 2 5 -1  0.00785516
5715227498930285057
4 2 3 2 -1  -0.432859
5715347739214053793
3 4 3 5 -1  -0.0581497
5715415999239038415
3 0 4 0 -1  0.0471013
5715456809110512232
0 3 1 4 -1  -0.228768
5715485638403275872
3 2 5 4 -1  -0.00417455
5715533533265065527
1 6 2 7 -1  -0.0278128
5715744606124738350
2 1 7 1 -1  0.0471013
5715804726257767669
4 0 5 2 -1  -0.0471013
5715831244860934089
2 6 3 6 -1  -0.0119725
5715904050716218560
1 6 1 7 -1  0.109419
5716170280178079016
4 2 6 3 -1  0.0717897
5716280877880616070
4 7 4 1 -1  0.098477
5716313262237859024
3 4 4 4 -1  0.205891
5716318803528852053
2 4 4 2 -1  -0.729
5716337929386615003
2 1 1 2 -1  -0.0423911
5716689773447994615
0 6 0 7 -1  0.109419
5716724037740790085
0 3 7 3 -1  -0.00145558
5716786061925433795
0 2 1 1 -1  0.6561
5717606322173770349
2 1 1 1 -1  -0.0133028
5717620974919259977
3 6 1 4 -1  -0.0646108
5717982593566207102
0 4 2 6 -1  -0.0278128
5718191960085269169
1 3 3 2 -1  0.282429
5718258463775346559
3 1 3 2 -1  -0.0717897
5718327310517041478
0 2 2 4 -1  -0.018248
5718392082638833102
7 1 6 0 -1  0.348678
5718540855455319829
3 3 2 1 -1  -0.0797664
5718758471644873282
1 1 4 4 -1  -0.0250315
5718810878276085318
0 4 0 0 -1  0.478297
5718878139581099544
3 3 4 5 -1  0.0717897
5719055023603233652
3 6 4 5 -1  -0.121577
5719325928370989581
3 2 2 3 -1  -0.228768
5719426383088616819
4 5 4 4 -1  -0.6561
5719439648223733835
3 5 6 2 -1  -0.00636268
5719646598131126491
0 3 2 2 -1  -0.00221853
5719812069798082653
2 7 3 6 -1  0.205891
5719824256203309475
7 1 7 3 -1  0.531441
5719986725717928422
0 5 1 4 -1  -0.430467
5720129087078585423
0 6 1 7 -1  0.0581497
5720199178664063346
6 2 6 3 -1  0.729
5720347632132160196
0 0 0 2 -1  -0.0471013
5720349531827908451
1 2 2 3 -1  -0.0797664
5721239639446029649
3 0 4 2 -1  -0.0581497
5721331140242664675
3 5 5 4 -1  -0.81
5721445485721996173
4 4 5 4 -1  -1
5721970047362612192
1 3 2 1 -1  -0.0107753
5722112874919960087
0 2 2 4 -1  -0.38742
5722141179012457580
0 2 1 2 -1  -0.0581497
5722588973902857370
0 3 4 7 -1  0.282429
5722697996004647291
0 4 0 3 -1  0.0119725
5722773645698218389
3 6 5 4 -1  -1
5723374312388290348
1 2 2 1 -1  -0.6561
5723649700118377780
3 1 4 1 -1  -0.098477
5724044868863323034
6 2 4 2 -1  0.135085
5724058660829911243
3 1 0 4 -1  -0.0202755
5724393529363789834
0 4 4 4 -1  -0.109419
1 7 1 6 -1  -0.135085
5724652608702069920
2 7 3 7 -1  -0.0225284
5724828810649402888
1 3 4 0 -1  0.205891
5725019355561004189
3 2 5 0 -1  -0.38742
5725030736439836111
6 4 7 5 -1  -0.00338139
5725308269993163827
3 5 2 6 -1  0.348678
5725381255663403371
1 2 0 1 -1  0.59049
5725425211416838848
0 6 2 5 -1  0.0278128
5725640938149627093
1 3 2 3 -1  0.135085
5725685866622260134
1 7 2 7 -1  -0.135085
5725757900270639560
0 0 0 1 -1  0.0309031
5726276188735670583
0 6 1 6 -1  -0.166772
5726542433491746621
4 2 4 0 -1  0.282429
5726639598671597308
0 7 1 6 -1  -0.0037571
5726718501799004766
2 2 4 3 -1  -0.348678
5726780422246776987
0 6 1 7 -1  0.228768
5726846774976659895
0 2 2 4 -1  -0.228768
5726855503648442352
1 3 3 1 -1  -0.135085
5726960239364337596
0 6 0 5 -1  -0.0309031
5727130597624643936
1 5 0 6 -1  0.121577
5727222017119274677
5 0 6 0 -1  -0.121577
5727541341208214069
2 4 1 5 -1  -0.348678
5727870686425553189
4 7 2 6 -1  -0.282429
5727910708356514993
0 5 0 3 -1  -0.018248
5727920207673235070
6 0 4 0 -1  -0.109419
5727958158988881479
1 5 3 5 -1  0.0225284
5727971578165400588
3 6 4 7 -1  -0.31381
5728149785162912819
6 1 5 3 -1  -0.59049
5728160934771260680
1 4 3 5 -1  -0.9
5728264547639935319
1 2 5 6 -1  -0.205891
5728384572486272346
3 0 2 1 -1  -1
5728684381425723442
2 3 4 3 -1  0.38742
5728782322311171218
0 0 2 0 -1  -0.018248
5728814606112208731
1 2 2 3 -1  0.205891
5728818527770561848
2 4 1 4 -1  -0.348678
5728981022264627881
3 2 4 2 -1  -0.59049
5729064959863318555
2 5 3 5 -1  0.0471013
5729214702243435039
0 2 0 1 -1  0.00706964
5729581558739984297
6 0 5 0 -1  0.282429
5729594501042474372
2 2 3 4 -1  0.348678
5729630390387328738
0 7 0 4 -1  0.00117902
5729915985536892525
3 4 3 7 -1  -0.185302
5730117847659885694
1 7 3 7 -1  0.0147809
5730132476955843371
1 4 2 4 -1  0.478297
5730267816623459730
2 1 1 3 -1  0.531441
5730648962771088254
1 6 2 5 -1  0.0717897
5730818940686945117
0 2 4 6 -1  -0.0164232
5730918504261107520
0 2 7 2 -1  0.9
5731148684051646502
0 4 0 2 -1  -0.0667745
