6417573923910399099
3 0 4 1 -1  -0.00636268
6418061208278708166
0 6 1 7 -1  -1
6418095855440942350
3 4 3 0 -1  0.0202755
6418096377679604803
0 5 0 3 -1  -0.0523347
6418102000496695547
4 2 5 2 -1  -0.729
6418244920433052045
1 1 2 1 -1  0.00572641
6418348616002862667
3 0 0 0 -1  0.205891
6418429009771472374
4 4 2 5 -1  -0.098477
6418458141532253317
1 0 2 0 -1  -0.478297
6418723029332102562
1 5 2 4 -1  0.038152
6418754727915301845
0 2 0 1 -1  0.0581497
6418801913476445271
5 4 4 5 -1  -0.0278128
6418988547158624825
0 5 1 5 -1  -0.0523347
6419390084865123344
4 7 5 5 -1  -0.00706964
6419401473338766458
4 6 5 4 -1  0.205891
6419432221085594214
4 5 6 6 -1  0.228768
6419447452275080131
0 0 0 4 -1  -0.0309031
6419492679245161291
0 0 0 5 -1  0.0797664
6419625355797063034
3 3 2 4 -1  -0.121577
6419831603528100798
2 1 3 2 -1  -0.150095
6419850149901217917
4 4 7 4 -1  0.0797664
6419894051934268677
3 2 5 3 -1  0.150095
6419924754062269559
1 6 3 6 -1  -0.00572641
6419985145907123654
4 4 5 4 -1  -0.9
6420054143784632624
7 1 6 0 -1  -0.0202755
6420069655734216539
2 4 3 5 -1  -0.109419
6420324872553587348
0 5 2 3 -1  -0.038152
6420487348084076920
1 2 3 4 -1  0.018248
6420500782741071372
3 7 4 6 -1  -1
6420772134839832308
2 2 3 4 -1  0.0488799
6420956993184446760
0 0 0 2 -1  -0.00246503
6421022216470399645
3 3 4 4 -1  -0.185302
6421029525972839663
1 1 2 1 -1  -0.205891
1 7 2 7 -1  -0.205891
6421078867414259679
7 3 6 3 -1  -0.00969773
6421146845655294254
1 1 2 1 -1  -0.00572641
2 2 3 0 -1  -0.0766665
6421243085218819733
6 6 4 6 -1  -0.531441
6421362771620844653
1 3 1 4 -1  0.0343368
6421468152168026565
2 5 2 6 -1  0.121577
6421804786742079756
2 3 3 2 -1  -0.0717897
6422476985257020144
5 2 7 1 -1  0.81
6422653095298085055
4 4 3 3 -1  -0.729
6422689542709643844
1 3 2 1 -1  0.00417455
6422831074031599474
6 0 7 0 4  -0.109419
6422843762976460585
5 3 6 3 -1  -0.109419
6422930290532956655
3 7 2 6 -1  0.0646108
6423059010156966766
0 5 1 4 -1  0.0309031
6423347293229836908
3 3 5 4 -1  -1
6423393571258557368
3 3 4 3 -1  -0.38742
6423409849336528572
2 6 1 4 -1  0.135085
6423422562004977341
1 0 3 0 -1  -0.38742
6423485125027743906
1 3 2 2 -1  -0.228768
6423566051293208727
5 2 5 1 -1  0.531441
6423591218507412532
2 3 2 4 -1  -0.0717897
6423699647092277424
1 3 3 3 -1  -0.0200408
6423816728162897501
4 3 5 5 -1  0.38742
6424010787105650268
0 6 1 6 -1  -0.0225284
6424089064698815788
1 4 2 3 -1  -0.0886293
6424122246655056349
3 5 2 4 -1  0.0471013
6424364791154794247
0 6 0 7 -1  -1
6424726515828445379
2 2 1 2 -1  0.9
6424969359140637098
3 2 4 3 -1  0.81
6425006770167832331
3 6 4 7 -1  0.185302
6425048124705883455
1 0 1 5 -1  0.9
6425084587448966871
7 3 7 0 -1  0.81
6425464759292570644
3 2 4 2 -1  -0.0717897
6425490937474796127
1 3 2 3 -1  -0.028586
6425550571538664765
3 3 4 1 -1  -0.00515377
6425806630562004472
2 3 2 7 -1  0.109419
6425913385110576374
2 2 4 1 -1  -0.478297
6426098071813019073
2 3 3 4 -1  0.205891
6426404762615017664
1 5 2 4 -1  0.729
6426707459938172277
0 3 1 2 -1  0.109419
6426768875977628598
2 4 2 5 -1  0.205891
6426841877199188352
1 1 3 2 -1  -0.38742
6426856689520641721
6 7 5 7 -1  1
6426874815451213266
2 2 7 2 -1  0.6561
6427165253729797371
1 6 2 6 -1  -0.00515377
6427673258319194130
2 4 1 4 -1  -0.0202755
6427902051937310888
0 7 1 7 -1  0.166772
6428104423896218057
0 7 1 7 -1  0.00785516
6428116097344644081
3 5 2 6 -1  -0.000859503
6428197217837746294
3 5 4 5 -1  -0.254186
6428411817377563213
4 4 5 3 -1  0.38742
6428446187824684733
3 6 4 7 -1  0.0343368
6428486039521839021
2 1 1 3 -1  -0.0471013
6428864837170020568
0 4 0 6 -1  -0.0354142
6429687798961020757
0 2 0 0 -1  1
6429726807467848443
1 4 2 3 -1  -0.0797664
6429763384619514431
0 2 0 3 -1  0.0886293
6430062325039796169
1 4 0 2 -1  1
6430271186483239171
6 4 7 4 3  -0.9
6430288104303106487
2 5 0 6 -1  -0.00706964
6430336556020709800
1 0 4 3 -1  -0.0343368
6430343664877172764
3 4 2 2 -1  0.31381
6430488236708430644
1 0 4 3 -1  -0.6561
6430570565454270281
1 3 3 2 -1  0.0164232
6430617062058070905
0 0 1 0 -1  -0.31381
6430635328193205915
1 1 2 1 -1  -0.205891
6430670750249256645
2 4 3 3 -1  0.0471013
6430782519583407255
3 3 2 2 -1  -0.018248
6430876515311951622
0 1 1 3 -1  -0.00304325
6430927708340657312
0 5 0 4 -1  0.59049
6431319384204206535
3 5 4 4 -1  -0.0202755
6431381240831781117
2 3 3 3 -1  -0.0886293
6431534268253397209
0 1 0 2 -1  0.166772
6431673400974272571
2 3 3 4 -1  -0.018248
6432067407248392546
5 7 6 7 -1  -0.6561
6432089317977112687
1 4 3 4 -1  0.00029969
6432219870699955177
1 7 3 7 -1  0.38742
6432463516673289656
5 7 6 7 -1  -0.478297
6432588244664223994
0 0 0 3 -1  0.478297
6432707729162529211
2 2 3 4 -1  -0.348678
6432770024578374356
2 6 5 6 -1  -1.52101e-07
6432871451740303912
2 2 3 2 -1  -0.0797664
6433280361922183400
0 4 0 2 -1  -0.109419
6433465210990350259
3 5 4 7 -1  0.185302
6433815039996895806
1 5 2 4 -1  0.0250315
6434007569762825172
0 6 2 5 -1  0.0202755
6434474309493791488
4 6 5 6 -1  -0.478297
6434915234330858076
4 6 3 4 -1  -0.0471013
6435193545459008317
2 0 3 1 -1  -0.0133028
6435327947300260090
0 3 1 5 -1  -0.0133028
6435603400056870405
1 3 3 3 -1  0.0523347
6435625454639437706
4 0 2 2 -1  -0.0250315
6435853179861748867
1 1 0 1 -1  0.31381
6435860809145935066
0 5 1 4 -1  -0.00969773
6435867272381914031
6 1 4 1 -1  -0.0250315
6435924274883132246
1 6 4 3 -1  -0.109419
6436044361826002949
1 2 2 2 -1  -0.0225284
6436409515962043130
4 2 5 2 -1  -0.018248
6436422815988487768
3 7 3 6 -1  -0.098477
6436519501610260026
3 4 5 5 -1  0.0798643
4 6 5 5 -1  0.0270967
6436562889306238749
2 2 1 4 -1  -0.59049
6436591310414393158
4 3 6 4 -1  -0.0164232
6436631547184203672
4 3 3 4 -1  0.0471013
6436683305073246649
3 3 2 1 -1  0.0423911
6436925512142919952
0 1 1 3 -1  0.0343368
6436975484669795181
1 3 5 7 -1  -0.205891
6436999113087604174
7 1 7 0 -1  -0.121577
6437036427497561858
0 0 0 2 -1  -0.00056392
6437072383809460961
0 3 1 4 -1  -0.109419
6437108085212751107
2 5 4 4 -1  -0.59049
6437129382801194255
0 4 0 6 -1  -0.000411098
6437177380345596396
2 4 3 3 -1  -0.098477
6437261348390326150
3 4 2 5 -1  0.0523347
6437369092555950653
3 6 4 6 -1  -0.00785516
6437401896743410635
0 3 0 5 -1  0.729
6437696254101958148
3 4 4 3 -1  0.228768
6437866788582158448
1 5 2 4 -1  -0.254186
6438020121097463558
0 6 1 4 -1  0.0278128
6438281278891143615
1 4 0 4 -1  -0.9
6438691712938571334
3 0 4 0 -1  0.0797664
6438867902837528886
2 5 0 4 -1  0.0423911
6438894416632206437
0 2 1 3 -1  -0.0343368
6438915286044486858
3 0 3 1 -1  -0.150095
6439054809368953316
0 3 1 4 -1  4.04837e-05
6439130243745006430
1 4 3 4 -1  -0.000565498
6439317588831570474
4 4 3 4 -1  -0.0119725
6439533879809489669
1 1 2 1 -1  0.166772
6439992913096594906
2 3 3 1 -1  -0.228768
6440046142203989202
0 2 2 4 -1  0.0309031
6440046956677549286
2 3 3 4 -1  0.348678
6440137584404314770
2 5 3 5 -1  -0.81
6440181381665162090
0 0 0 2 -1  -0.135085
6440225546376241046
3 3 4 4 -1  -0.121577
6440738009425591664
0 4 1 4 -1  0.531441
6441030039456439131
1 5 3 7 -1  -0.254186
6441060329315366673
5 6 6 6 -1  -1
6441061856981348565
2 5 3 5 -1  -0.0343368
6441143242154973878
3 3 4 4 -1  0.0554465
6441576457479711812
3 4 2 5 -1  -0.0119725
6441621468166199060
6 6 3 3 -1  0.0309031
6441694683558623523
0 5 1 4 -1  0.0646108
6442095950958319192
4 6 4 4 -1  -0.00785516
6442125869004849205
4 4 7 4 -1  -0.0107753
6442177277180361897
3 0 4 0 -1  0.9
6442206836381487036
1 4 2 4 -1  -0.000129007
6442249984666309711
0 4 2 4 -1  -0.0581497
6442498665748071820
4 1 6 2 -1  0.430467
6442519114297744877
0 4 1 6 -1  0.0278128
6442573597869261457
0 3 2 3 -1  0.00572641
6442776234578779952
2 7 3 6 -1  0.430467
6442847303627706805
3 4 4 3 -1  0.430467
6442888364060990747
2 3 5 0 -1  -0.282429
6442984317338081097
1 4 3 4 -1  -0.135085
6443077231347160235
0 5 1 4 -1  -0.430467
6443124558755692237
6 1 5 2 -1  0.9
6443184322674014776
0 1 1 0 -1  0.9
6443401407474973647
6 1 5 3 -1  -0.81
6443411846945465471
5 1 4 2 -1  -0.59049
6443494563331044538
1 0 2 0 -1  -0.0797664
6444062807822685707
2 1 1 2 -1  -0.0646108
6444082291631151714
3 4 5 4 -1  -0.0717897
6444275476763071930
1 4 0 3 -1  1
6444360073052828473
4 4 5 4 -1  -0.121577
6444526756945895972
0 5 1 3 -1  0.9
6444614205667691870
1 3 0 1 -1  1
6444837087523880749
2 5 2 6 -1  -1
6444937661234893493
3 0 7 0 -1  -0.205891
6445015156398255612
4 4 6 3 -1  -0.0523347
6445060100381495572
1 2 2 2 -1  -0.00221853
6445068701935192849
0 1 1 3 -1  0.038152
6445087261586760985
0 0 0 3 -1  -0.0225284
6445128299773106294
3 2 4 2 -1  -0.254186
6445187046070984445
0 5 0 7 -1  0.478297
6445190243790737282
1 4 2 4 -1  -0.00650856
1 6 2 6 -1  -0.0084085
6445391623929747322
1 7 3 7 -1  -0.0797664
6445409674984429274
1 1 3 1 -1  -0.0717897
6445412438133520464
2 1 6 1 -1  -0.81
6445434100257941675
1 0 2 0 -1  -0.150095
6445767640443184076
1 3 2 2 -1  -0.0225284
6445813926657192710
1 0 2 0 -1  0.00969773
6446130553988703264
2 5 6 1 -1  -0.254186
6446139273697793251
2 2 7 2 -1  0.254186
6446245904284656273
4 2 5 2 -1  0.729
6446547109382617600
7 1 6 0 -1  0.0278128
6446807639273900124
2 5 3 5 -1  -0.205891
6446873144006443390
1 5 2 5 -1  0.121577
6446955908771422698
2 5 3 3 -1  -0.6561
6446990423554313081
0 7 1 6 -1  0.81
6447130687268353271
1 3 3 3 -1  -0.531441
6447380813902127482
5 3 5 0 -1  -1
6447636184567762108
0 6 1 6 -1  6.85594e-05
6447646424105046844
2 6 3 5 -1  0.150095
6447732078113001095
0 5 0 3 -1  -0.6561
6447883339477836601
1 3 2 3 -1  0.0797664
6447986187169024700
5 6 6 7 -1  -0.478297
5 7 6 7 -1  -0.59049
6448096137976277414
0 5 2 3 -1  -0.31381
6448175981136453736
7 0 6 0 -1  -0.150095
6448441780337796077
4 4 2 2 -1  0.205891
6448500687182742221
5 7 6 6 -1  -1
6448651631761614856
6 1 7 1 -1  -0.282429
6449094472089889318
4 2 5 1 -1  -0.098477
6449262805089655046
0 6 0 0 -1  -0.109419
6449548047538172625
5 3 7 3 -1  -1
6449698107380587257
4 2 5 2 -1  0.0225284
6449952919977798741
4 6 0 2 -1  0.0646108
6450017447408237705
2 2 1 0 -1  -0.0037571
6450052283571857683
2 5 4 4 -1  -0.00969773
6450303859815372960
0 2 2 4 -1  -0.205891
6450330042905141183
3 3 4 4 -1  0.0309031
6450543055132267397
0 7 0 4 -1  -0.348678
6450791919093978875
3 3 4 5 -1  -0.228768
6450931435591917298
5 0 4 1 -1  -0.348678
6451047142653054118
1 7 0 6 -1  0.729
6451089941547465022
1 4 2 4 -1  0.00636268
6451213628844270719
1 0 3 0 -1  -0.0581497
6451254050946652166
4 5 3 6 -1  -0.38742
6451316748926114336
2 1 1 2 -1  -0.0423911
6451581746586752274
1 5 6 0 -1  -0.430467
6451934653382682359
3 5 4 6 -1  -0.00785516
6452017436252617858
2 7 3 6 -1  -0.098477
6452128226092285131
2 5 1 5 -1  0.0309031
6452562748081916793
0 7 1 6 -1  -0.228768
6452734982983553255
0 0 0 3 -1  -0.348678
6452753932145119363
0 2 2 0 -1  0.000696197
6452853702123372589
4 1 5 2 -1  -0.00969773
6452923855978165233
1 2 2 2 -1  0.0202755
6453098922061236930
0 3 3 3 -1  -0.0523347
6453260114852725979
0 6 1 5 -1  0.9
6453298540729438150
3 4 1 3 -1  0.9
6453338581548116324
5 3 5 1 -1  -0.0119725
6453716154370162138
1 3 1 1 -1  0.0523347
6453762182100671187
2 2 3 3 -1  0.282429
6453868740848008851
2 2 6 2 -1  0.729
6454205056773174913
0 2 2 2 -1  -0.0717897
6454285970345100066
2 3 3 3 -1  0.000369988
6454358157370608274
1 0 3 0 -1  -0.038152
6454411592800533671
3 4 0 4 -1  0.81
6454479001558419392
1 2 1 3 -1  -0.166772
6454728319308229789
0 3 3 6 -1  -0.00969773
6454780727385758280
1 4 3 2 -1  -0.0225284
6454781533260859802
2 2 3 1 -1  -1
6454907314298691959
4 1 3 3 -1  0.0581497
6454931417185308587
1 3 2 4 -1  -0.0717897
6454996181276654284
3 7 1 5 -1  -0.0119725
6455171067645037769
2 5 0 3 -1  -0.0797664
6455487211433358031
5 3 7 1 -1  -0.430467
6455493863492868390
2 2 0 0 -1  0.109419
6455704848168411634
1 5 3 7 -1  -0.0581497
6455831649199791124
1 0 3 0 -1  -0.59049
6455923585491407496
2 2 4 3 -1  -0.0133028
6455962789929894378
3 5 6 2 -1  -0.0886293
6456312170769727178
2 6 1 5 -1  -0.0581497
6456324545381679602
2 5 3 4 -1  -0.038152
6456355552218442601
3 0 4 0 -1  -0.531441
6456366292008430122
7 0 6 0 -1  -0.000369988
6456424747972538925
4 6 2 5 -1  -0.00221853
6456664559927075550
6 2 1 2 -1  0.0886293
6456671603813954874
1 6 3 4 -1  0.0309031
6456688132771379569
5 1 4 1 -1  0.729
6456807920730861382
2 3 1 2 -1  0.478297
6457194293492581049
4 4 5 6 -1  0.018248
6457443985961292722
2 5 4 4 -1  -0.0646108
6457494747915429587
3 5 2 4 -1  -0.348678
6457505851705638327
2 5 3 3 -1  -0.31381
6457657131304701561
2 4 3 4 -1  -0.348678
6457950741617939115
3 4 2 5 -1  0.38742
6458060935080563363
2 6 3 4 -1  -0.38742
6458084604132997982
3 3 4 2 -1  -0.150095
6458143755126237369
0 5 0 3 -1  -0.0717897
6458176784566710461
1 1 2 1 -1  -0.0797664
6458199992737516492
1 3 2 4 -1  -0.254186
6458673410108914787
2 3 5 6 -1  0.228768
6458711098110404003
3 0 3 1 -1  0.430467
6458765184792274720
1 6 2 6 -1  -0.0646108
6458792237814554277
1 6 3 7 -1  -0.38742
6458852250539913234
3 5 4 5 -1  0.185302
6459061886897408444
4 6 6 5 -1  -0.81
6459249647503794608
0 5 1 5 -1  -0.135085
6459515942106572745
4 1 5 3 -1  -0.729
6459517190607547909
2 1 4 2 -1  -0.121577
6459595569543247229
3 3 2 4 -1  -0.38742
6459662843753000178
3 3 1 3 -1  -0.0250315
6459709958767028955
3 2 4 3 -1  -0.478297
6459849463675430553
5 4 6 4 -1  -0.185302
6459895206103828378
4 6 3 7 -1  0.0164232
6460181516768086621
1 3 2 4 -1  0.0603456
6460335538020514955
4 3 5 3 -1  -0.0471013
6460636061127003987
1 0 2 0 -1  -0.0471013
6460642145204757786
3 3 4 4 -1  -0.0037571
6460908039217203223
0 1 1 3 -1  0.0343368
6461015025118995556
5 1 4 1 -1  -0.59049
6461041442495251635
4 4 5 3 -1  -0.6561
6461089113631749157
0 3 1 4 -1  0.6561
6461203896322997663
1 6 5 2 -1  -0.00785516
6461266022490431728
3 0 2 1 -1  0.0717897
6461620450643601059
4 3 5 2 -1  0.282429
6461706583078190405
2 5 6 5 -1  -0.430467
6461739770237537734
3 2 4 1 -1  -0.00785516
6461764696486380244
2 2 4 1 -1  -0.0797664
6461815780809093753
1 7 3 7 -1  -0.282429
6461835867332139987
4 7 4 6 -1  0.9
6461864063655622399
2 6 7 1 -1  0.038152
6461908828525247199
1 4 1 5 -1  0.109419
6462026889177982010
2 1 3 1 -1  0.109419
6462335649223881860
3 4 4 4 -1  -0.729
6462862658843722495
2 4 4 6 -1  -0.0523347
6462886995508723448
1 5 3 3 -1  -0.9
6462930102209199200
4 7 1 4 -1  1
6462947157658668480
3 6 2 5 -1  -0.150095
6463141737693019659
1 6 7 0 -1  0.38742
6463204305361255107
1 3 0 5 -1  -0.000626578
6463641397666451021
1 4 1 3 -1  0.0250315
6463691959236970455
2 5 3 5 -1  0.59049
6464053082323946355
1 2 3 2 -1  1
6464081479490284355
0 3 0 1 -1  0.0423911
6464200552173694000
3 4 4 5 -1  0.282429
6464224661209009478
4 6 4 5 -1  -0.135085
6464347540658479311
4 2 0 6 -1  0.135085
6464364772841464375
1 1 3 1 -1  -0.0523347
6464373783485323544
1 5 2 4 -1  -0.254186
6464465371617883290
1 4 1 5 -1  -0.6561
6464531639897366940
2 1 4 2 -1  0.00161731
6464595329353887477
1 7 0 7 -1  0.478297
6465385375225673766
0 4 2 2 -1  -0.0646108
6465519978232490235
0 4 0 6 -1  0.0581497
6465646899135104126
1 7 2 7 -1  0.000507528
6465663121755888742
3 0 5 0 -1  -0.0202755
6465821755251832838
0 1 1 3 -1  -0.205891
6465884805914769298
3 4 5 4 -1  0.38742
6465957390635270451
2 5 2 6 -1  0.282429
6465965620842874193
0 1 2 2 -1  0.0717897
6466497181153365500
5 6 6 7 -1  0.81
6466894553518347797
2 6 3 7 -1  -0.81
6466901264334117695
5 1 7 1 -1  -0.00785516
6467103826087832859
3 5 4 7 -1  -0.205891
6467336185016186284
1 4 3 6 -1  0.531441
6467421366271965201
6 3 7 5 -1  -0.254186
6467641760519885188
5 3 7 1 -1  -0.205891
6467680013774970249
0 5 1 6 -1  0.0225284
6468321923109544529
2 1 3 1 -1  -0.0343368
6468677285667134849
2 2 3 3 -1  -0.282429
6468920021742059507
2 3 3 3 -1  -0.531441
6469179561085950232
0 4 1 2 -1  -0.478297
6469776164890625456
1 5 1 6 -1  -0.729
6469831208073335512
1 3 3 5 -1  -0.430467
6469835316237122047
0 2 0 0 -1  -0.228768
6470038013621094667
1 0 4 3 -1  -0.478297
6470172472297806257
1 1 3 1 -1  -0.0646108
6470446691180088814
2 6 3 6 -1  -0.282429
6470447107172994961
2 3 3 3 -1  -0.00706964
6470721040303865745
0 4 0 6 -1  -0.00106111
6470774022191117357
3 4 4 4 -1  0.109419
6470814633908071744
0 3 2 5 -1  -0.531441
6470866396999336808
4 6 6 7 -1  -1
6470909816210132325
1 7 2 7 -1  0.0164232
6471374751097690122
5 4 5 5 -1  -0.0147809
6471405832368530939
0 3 0 0 -1  -0.038152
6471441834548180513
1 5 2 5 -1  -0.0343368
6471466236691028301
2 7 0 5 -1  0.729
6471484220784002916
1 4 2 5 -1  1
6471561911379349651
0 1 3 1 -1  -0.254186
6471780237961809085
2 2 2 5 -1  0.0646108
6471929678662801903
5 5 5 4 -1  -0.430467
6472388747485712162
7 6 7 0 -1  -0.31381
6472530648318987003
1 7 2 7 -1  0.098477
6472555646552866408
2 3 1 3 -1  0.0797664
6472751990678788512
0 5 0 4 -1  0.0164232
6472752058543294535
2 0 5 0 -1  0.430467
6472876619671998367
1 4 3 4 -1  -0.205891
2 5 1 3 -1  -0.00969773
6472922680828253175
1 6 2 7 -1  0.729
6473015688584411716
0 2 5 7 -1  -0.109419
6473055025425182563
5 5 4 4 -1  -0.6561
6473167866510562203
4 4 5 5 -1  -1
6473437098900832560
0 4 2 3 -1  -0.109419
6473521332237559326
0 0 0 1 -1  -0.00636268
6473720771340017485
0 6 1 6 -1  -0.31381
6473817507589528341
0 3 0 2 -1  -0.0581497
6474123072261435827
1 3 1 1 -1  0.59049
6474209264787069486
5 3 3 4 -1  -0.430467
6474903959090539264
0 1 2 2 -1  -0.0717897
6475180470966862509
1 3 4 6 -1  -0.000143341
6475233777051736977
0 5 0 4 -1  -0.228768
6475759284727676005
3 6 4 7 -1  0.9
6475806225147258971
1 5 2 5 -1  -0.0581497
6476156232282456215
0 0 0 4 -1  -0.109419
6476239174381666920
7 0 6 0 -1  0.228768
6476329680471863572
3 7 4 7 -1  -0.0471013
6476552598046375944
2 4 6 0 -1  -0.135085
6476639727650821338
2 4 4 3 -1  0.348678
6476647421681329871
0 3 2 3 -1  0.098477
6476928695206066972
3 1 4 1 -1  -0.121577
6477226976223007460
0 0 4 4 -1  -0.0133028
6477302445775323922
0 2 1 1 -1  -0.00969773
6477333454877221716
3 2 4 2 -1  -0.282429
6477455631852455899
2 4 3 3 -1  -0.038152
6477475695348023264
7 1 2 1 -1  0.38742
6477765534914010219
3 6 3 5 -1  -0.282429
6477971294847860484
6 1 3 1 -1  0.478297
6477976220755850908
0 3 0 4 -1  -0.282429
6478072350228654320
0 3 1 3 -1  -0.150095
6478099875649862789
0 0 1 0 -1  0.9
6478152260061014084
2 2 3 0 -1  -0.000269721
6478246233341303009
7 7 3 7 -1  -0.531441
6478450627525212642
3 7 4 6 -1  0.205891
6478464304267447786
1 2 6 2 -1  0.478297
6478635548757643868
4 6 2 4 -1  -0.135085
6478739553550208284
5 0 3 1 -1  -0.185302
6478844243806794725
1 2 1 1 -1  0.59049
6478898119089627691
2 2 3 1 -1  0.0309031
6478910933371487709
1 2 1 3 -1  1
6479031941293280313
5 4 6 3 -1  -1
6479122340624239295
3 2 1 4 -1  -0.0523347
6479343378436405316
6 7 5 7 -1  -0.31381
6479343440230359926
0 5 0 4 -1  -0.0523347
6479430544648599064
0 5 1 6 -1  -0.0717897
6479622841743056960
3 4 4 4 -1  -0.150095
6479760382455722121
5 1 6 2 -1  -0.729
6479861796551985831
1 0 2 0 -1  0.0037571
6479888502163803866
1 2 4 5 -1  0.478297
6480099906076184267
3 4 4 3 -1  -0.0225284
6480299877914220603
2 2 3 2 -1  -0.38742
6480331502661838194
1 7 3 7 -1  -0.38742
6480382204869733902
3 5 4 4 -1  0.098477
6480387294232197433
1 4 2 3 -1  0.81
6480482096953979567
6 3 5 3 -1  -0.9
6480494404508071327
3 4 4 2 -1  1
6480548518333849510
1 6 2 5 -1  0.121577
6480728421139478119
2 4 2 6 -1  0.00338139
6480813333412467160
1 4 7 4 -1  -0.348678
6480967182619751104
1 7 3 7 -1  0.121577
6481037160226430946
2 1 3 2 -1  0.038152
6481046076531148285
3 7 4 6 -1  -0.166772
6481082667810007332
0 5 2 7 -1  0.254186
6481108419369870914
4 3 7 0 -1  -0.00463839
6481346833728698673
0 2 2 4 -1  -0.0471013
6481579378876196917
2 6 1 5 -1  0.478297
6481623364033589332
2 6 2 7 -1  -0.254186
6481701140252505372
4 4 3 2 -1  -0.150095
6482408206368281525
1 0 3 0 -1  -0.00572641
6482461912381360136
0 3 1 3 -1  0.0423911
6482515954879477469
3 3 4 3 -1  -0.228768
6482647535965186506
2 1 2 0 -1  -0.135085
6482994175265612872
0 2 7 2 -1  -0.729
6483112081425697947
2 5 3 4 -1  -0.6561
6483251877344450944
2 0 2 2 -1  -0.205891
6483286694010753445
2 1 0 0 -1  0.00515377
6483576208778972821
2 2 2 5 -1  -0.00221853
6483619478299617777
2 3 3 3 -1  -0.0309031
6483815751786063868
1 4 0 3 -1  -0.282429
6484353176894225325
2 5 0 4 -1  0.00706964
6484623752913046512
2 3 6 3 -1  -0.150095
6484641245573015242
2 4 4 6 -1  -0.254186
6484810714739246165
4 4 5 3 -1  -1
6484890367585762474
6 6 2 6 -1  -0.0886293
6484986882428503512
0 3 0 6 -1  0.531441
6485075420017123021
3 3 1 3 -1  -0.348678
6485122880803093490
0 2 3 5 -1  0.0797664
6485127834768929372
1 5 2 5 -1  -0.00969773
6485136873121342506
0 6 0 3 -1  -0.150095
6485286484949730923
1 3 0 4 -1  0.0278128
6485371833545960594
5 3 1 3 -1  0.0886293
6485385515556302282
2 2 4 3 -1  0.228768
6485673011017725692
0 3 0 2 -1  -0.0886293
6485836258286918629
2 3 1 4 -1  -0.000507528
6485985953294332552
1 1 2 2 -1  -0.0309031
6486248150478771378
0 5 0 4 -1  -0.0471013
6486288606405074949
1 7 3 6 -1  -0.430467
6486300572191397234
4 6 5 4 -1  -0.185302
6486396802512684003
0 5 1 4 -1  -0.0523347
6486456883714466437
5 4 5 1 -1  0.348678
6486685866545787263
7 3 6 3 -1  0.59049
6486753575326418554
0 5 0 3 -1  -0.00636268
6486776042468777855
3 2 4 3 -1  -0.282429
6486840133086146191
0 4 1 2 -1  0.121577
6487024156642767987
4 5 2 6 -1  1
6487065425732609317
1 5 3 5 -1  0.0037571
6487217616110300551
5 3 4 2 -1  0.0343368
6487284637720503181
0 1 2 0 -1  -0.00246503
6487304355667457845
3 3 4 4 -1  -0.0886293
6487341429588942714
4 3 5 3 -1  0.729
6487378451404308607
5 4 6 3 -1  -0.9
6487378753758159694
3 5 4 4 -1  0.729
6487811220871196426
1 0 3 0 -1  0.150095
6487962405235678889
0 1 2 2 -1  -0.135085
6488029730893763593
4 0 5 1 -1  0.0278128
6488056781868679856
0 6 4 6 -1  0.9
6488151100541146586
3 7 2 6 -1  0.0278128
6488413804129333171
0 1 1 3 -1  0.0581497
6488423345754560273
0 3 1 5 -1  0.0797664
6488424362039567928
0 3 0 4 -1  -0.0471013
6488646503648674848
3 5 4 3 -1  -0.430467
6488748609251670658
1 3 3 5 -1  -0.729
6489068196436323374
1 7 1 6 -1  0.729
6489168037816582990
3 3 2 4 -1  0.59049
6489488745092320627
0 4 0 1 -1  -0.729
6489592574510022450
2 5 4 4 -1  -0.150095
6489684015791214482
2 6 1 4 -1  0.531441
6490160998180732834
1 5 3 5 -1  -0.38742
6490343267502049636
1 4 2 2 -1  0.0119725
6490359881114967794
2 2 3 4 -1  0.098477
6490829301068910921
4 6 5 6 -1  -0.478297
6491159940432670658
0 5 0 3 -1  0.0797664
6491499994278344920
1 3 2 3 -1  -0.00636268
6491509599176057992
2 4 3 3 -1  0.0717897
6491619401958168336
0 5 2 4 -1  1
6491848723548713004
2 5 3 7 -1  -0.0133028
6491940530137347032
2 7 4 7 -1  -0.6561
6492072075386476564
0 3 1 4 -1  -0.0278128
6492216564692096286
0 3 4 3 -1  -0.0797664
6492304058701102961
3 3 5 2 -1  -0.0777142
6492820685642626250
1 0 2 0 -1  0.729
6492886057723903888
3 2 2 3 -1  -0.430467
6493206593409766081
0 4 0 5 -1  -0.282429
6493290489957729759
0 0 0 6 -1  -0.0250315
6493479350996195524
0 5 1 6 -1  -0.0961858
6493533812677128086
0 2 0 7 -1  0.205891
6493754881447023220
0 5 0 4 -1  -0.254186
6493914001698273159
3 3 6 6 -1  -0.00463839
6493918504748298396
1 3 5 3 -1  -0.531441
6493973639634168539
5 1 5 3 -1  0.0278128
6494007185868075998
0 5 0 4 -1  -0.018248
6494231480544307836
2 2 4 3 -1  -0.121577
6494247439410440734
0 5 0 2 -1  0.478297
6494260106647754344
3 5 4 4 -1  -0.00872795
6494264862286815593
3 4 2 2 -1  0.000116106
6494315166224408027
1 1 2 1 -1  0.282429
6494321323395557263
1 0 2 0 -1  -0.166772
6494557275830070365
0 5 4 1 -1  -0.0797664
6495135614797930095
1 3 0 2 -1  0.531441
6495190308204225219
5 4 6 3 -1  -0.0343368
6495242275137303428
2 2 4 3 -1  -0.00872795
6496564205354611806
0 3 3 0 -1  0.0164232
6496931660892221624
4 0 5 0 -1  -0.9
6496950400922402698
2 3 4 4 -1  0.478297
6496952616853317656
7 2 6 2 -1  -0.348678
6497194469609271268
4 7 5 5 -1  0.531441
6497278519937983636
1 0 3 0 -1  -0.121577
6497325597438248954
2 3 3 2 -1  -0.254186
6497415502504199350
0 4 0 6 -1  0.0123848
6497518043188125352
1 1 2 1 -1  0.00117902
6497520807642762923
0 2 4 6 -1  -0.430467
6497555674072156894
2 2 3 1 -1  -0.166772
6497599263458839279
3 5 4 5 -1  -0.00463839
6497626135669773245
3 6 4 5 -1  -0.0646108
6497688911005666627
5 4 4 4 -1  0.9
6497871516733330813
4 5 5 6 -1  0.729
6498294071062102333
1 3 0 4 -1  0.81
6498466428812414542
3 3 4 2 -1  -0.185302
6498519695193268849
5 2 3 1 -1  -0.0797664
6498569445015088401
0 2 1 1 -1  -0.0164232
6498680097702001184
4 0 3 1 -1  0.121577
6498860516598456359
4 6 5 5 -1  -0.0250315
6498862688312998465
7 1 3 5 -1  0.59049
6499253364071027424
4 2 3 1 -1  0.31381
6499347928217850607
4 5 5 3 -1  -0.018248
6499444633797998303
0 2 3 5 -1  -0.0138167
0 2 4 6 -1  -0.0581497
1 4 3 4 -1  0.0347056
1 6 2 6 -1  -0.0176842
1 7 2 7 -1  0.00444725
2 5 1 3 -1  -0.0514743
6499780276927200003
1 5 2 5 -1  0.0037571
6500056861997815233
4 5 2 4 -1  -0.0343368
6500187232451342506
4 4 5 4 -1  -0.9
6500272817103579458
2 5 2 3 -1  0.348678
6500416570929030960
0 0 2 0 -1  0.0471013
6500460624326219100
1 4 6 4 -1  -0.531441
6500604713377329956
3 3 4 3 -1  -0.430467
6500705559626644067
4 2 6 2 -1  0.098477
6500784448932904228
6 0 6 1 -1  0.00417455
6500934896926016013
0 4 0 6 -1  -0.0717897
6500982034848762409
1 3 2 3 -1  -0.150095
6501154985041932618
2 2 3 0 -1  -0.0133028
6501220754970856103
2 5 5 5 -1  -0.81
6501302039093104268
3 3 4 4 -1  0.531441
6501433224559894004
0 3 0 2 -1  0.0797664
6501463147952831781
0 4 0 6 -1  -0.185302
6501528533137689177
2 4 1 4 -1  -0.38742
6501539647510052041
3 3 4 4 -1  -0.135085
6501575586415268281
2 5 4 6 -1  -0.109419
6501691720741165721
1 3 3 4 -1  -0.0886293
6501714662345366461
5 0 6 0 -1  -0.478297
6502022783097726892
1 3 2 4 -1  0.185302
6502244707210758415
0 5 0 6 -1  -0.185302
6502262499475242897
3 4 4 4 -1  -0.205891
6502266384848229742
2 5 3 5 -1  -0.430467
6502460897779816783
4 4 3 3 -1  -0.0343368
6502531407926820407
2 1 3 0 -1  -0.109419
6502595175387582343
6 0 6 1 -1  -0.254186
6503020203019794003
3 4 4 3 -1  -0.135085
6503202856432542298
3 5 6 5 -1  -1
6503460839433735171
0 2 2 4 -1  0.0423911
6503581636459903136
3 6 4 7 -1  -0.729
6503609664750031802
4 5 5 5 -1  -0.0717897
6503681003810352292
1 7 0 6 -1  0.109419
6503729097762794641
1 3 5 3 -1  -0.098477
6503801046861269260
0 4 5 4 -1  0.0523347
6503856973582539267
1 6 3 6 -1  -0.00246503
6504069716075586646
3 0 4 0 -1  -0.31381
6504277813678304067
2 2 3 2 -1  -0.0309031
6504325978256409435
0 1 6 1 -1  -0.00706964
6504349055740241445
3 5 3 3 -1  -1
6504472496633515713
6 3 5 3 -1  -0.254186
6504616980222040711
2 4 6 0 -1  -0.0164232
6504701441506410554
0 2 2 4 -1  -0.0581497
6504757703431870966
4 6 3 5 -1  0.478297
6504840520740480105
1 5 2 4 -1  -0.729
6505068744682005889
3 4 4 3 -1  -1
6505768022442604275
1 4 2 3 -1  -0.109419
6505929414208311292
2 1 3 1 -1  -0.135085
6505951899506558050
1 1 3 1 -1  -0.531441
6506063191993053729
1 1 2 1 -1  -0.00515377
3 3 4 4 -1  0.121577
6506308601132549582
1 2 7 2 -1  0.121577
6506634895176921183
1 6 3 6 -1  -0.098477
6506664808007589249
0 4 2 4 -1  -0.0164232
6506918012335658645
2 0 1 1 -1  -0.478297
6507454421531255124
6 7 7 6 -1  0.9
6507490566988401873
3 5 1 3 -1  0.166772
6507600178356886871
1 2 2 3 -1  0.121577
6507604345848868270
1 1 1 0 -1  0.135085
6507611519381957850
0 3 0 4 -1  0.121577
6507729909689644566
3 7 4 7 -1  0.430467
6507730390011370993
4 4 5 5 -1  -0.0471013
6507807964380123284
1 7 2 6 -1  -0.00117902
6507907081895925138
3 5 4 4 -1  -0.0646108
6508025334693168741
3 3 4 2 -1  0.0309031
6508225746630818391
2 4 2 6 -1  -0.6561
6508364513992279292
1 5 2 7 -1  -0.531441
6508612481169904438
3 2 4 2 -1  0.0523347
6508820298514407852
1 3 3 1 -1  -0.478297
6508830273963136937
2 2 6 2 -1  -0.38742
6508992299683683512
3 3 4 1 -1  -0.228768
6509019034728039945
2 4 0 5 -1  0.9
6509498568161286191
1 7 2 7 -1  0.150095
6509608690086501568
0 6 1 5 -1  0.254186
6509879411638625219
2 1 2 2 -1  0.185302
6509947542481576245
3 2 4 3 -1  -0.121577
6509993859978435771
1 5 2 5 -1  -0.0523347
6510152854117169453
3 6 2 4 -1  0.0886293
6510221767503464430
0 5 0 7 -1  0.185302
6510282103848885952
4 5 5 5 -1  -0.430467
6510353480324060825
0 5 1 4 -1  0.478297
6510655327224735089
0 0 0 3 -1  -0.109419
6510848676939466092
2 1 3 3 -1  -0.31381
6511225298548238173
0 3 1 3 -1  -0.018248
6511453706537708599
2 5 4 6 -1  -0.00872795
6511658443999329926
2 2 3 3 -1  -0.038152
6511732629067346691
1 5 0 4 -1  0.348678
6511951022577417024
2 3 0 5 -1  -0.228768
6511977860529178178
6 3 2 3 -1  0.00179701
6512001114017833475
4 3 3 1 -1  0.531441
6512311224337032186
5 2 6 2 -1  0.81
6512319669733587798
4 5 5 6 -1  -0.135085
6512695785907334123
1 1 2 2 -1  -0.098477
6512731798986795081
0 3 5 3 -1  0.0202755
6512978091357965734
3 2 1 0 -1  -0.185302
6513164533917324098
1 6 3 6 -1  0.000696197
6513259460440336516
1 4 1 3 -1  -0.098477
6513298778666371714
0 3 1 4 -1  0.531441
6513347392222981430
0 0 7 0 -1  -0.0423911
6513858362555489322
0 3 1 2 -1  -0.000143341
6513896840775121061
4 7 7 7 -1  0.282429
6513990351963236562
1 6 5 6 -1  -0.9
6514196172658915101
2 1 1 2 -1  -0.348678
6514700822600712763
4 5 5 5 -1  0.81
6514779871751657374
2 5 0 6 -1  0.9
6514799238769469853
1 5 0 6 -1  -0.00179701
6514897010992579717
0 3 6 3 -1  -0.121577
6515045116635563143
1 5 3 6 -1  -0.0250315
6515232802003419012
2 4 4 2 -1  -0.109419
6515440816763897725
4 0 5 0 -1  0.531441
6515453764721456468
3 6 4 6 -1  -0.31381
6515504757813407087
2 5 1 6 -1  0.6561
6515632176543364212
5 3 7 3 -1  0.430467
6515657452939326081
5 6 5 7 -1  -0.185302
6515713488665189664
3 3 5 2 -1  0.166772
6515735700761753152
1 3 3 1 -1  -0.0523347
6515812902454467385
2 5 4 6 -1  -0.9
6515868889345980171
2 1 1 0 -1  0.59049
6516399349028485813
0 2 2 4 -1  -0.0646108
6516485897071880920
6 2 6 1 -1  0.9
6516671057609145454
6 0 6 1 -1  -0.0886293
6517296739750223473
4 1 5 0 -1  -0.729
6517727662791261148
0 5 5 5 -1  -0.0886293
6517799447301990560
4 3 5 2 -1  0.0797664
6517988636188852286
3 2 4 1 -1  -0.0423911
6518063376429792213
3 1 2 0 -1  0.00106111
6518255175719166150
4 0 5 0 -1  -0.729
6518338102130762779
1 7 6 2 -1  0.228768
6518513909665345795
0 6 2 5 -1  -0.00969773
6518705418824688474
4 6 5 6 -1  -1
6518917293140962223
7 0 7 1 -1  -0.81
6519168866641298186
4 6 5 5 -1  -0.0147809
6519421117688283729
2 2 3 4 -1  -0.00706964
6519477724958899881
3 7 4 7 -1  0.0797664
6519480944939949723
2 7 3 6 -1  0.185302
6519509699088405750
3 6 2 5 -1  -0.205891
6519574716030730409
7 2 7 3 -1  -0.531441
6519866386774994299
2 5 2 6 -1  -0.150095
6519871766950511021
3 7 4 7 -1  0.254186
6519937217157033513
0 3 2 3 -1  -0.0278128
6520192594056376025
2 7 2 6 -1  0.121577
6520201049319774797
0 4 0 2 -1  -0.0225284
6520221934505286890
2 3 1 4 -1  -0.0202755
6520226516263668679
7 0 7 3 -1  0.531441
6520264180882957589
1 3 7 3 -1  0.166772
6520444596182793006
1 5 3 5 -1  -0.0309031
6520742430146151223
4 7 3 5 -1  -0.282429
6520819986864323267
1 7 2 7 -1  0.6561
6521063536758696516
0 5 1 4 -1  -0.0717897
6521086639977931543
1 3 0 5 -1  -0.0660506
6521480420262415477
3 3 4 5 -1  0.531441
6521566067871549620
0 5 6 5 -1  0.6561
6522155048916306464
3 3 2 4 -1  -0.254186
6522193282964552816
1 3 3 3 -1  0.0797664
6522512437027819079
4 0 5 0 -1  -0.282429
6523140296748429438
1 6 2 5 -1  -0.205891
6523269507692857740
2 1 4 3 -1  -0.348678
6523275396381027792
1 7 0 5 -1  -0.0717897
6523567568845235010
2 5 3 3 -1  0.00636268
6523586497603019907
2 2 3 4 -1  -0.0646108
6523698162378089042
1 1 5 5 -1  0.00872795
6523754106623586585
0 1 1 0 -1  0.531441
6523786442573556592
5 3 5 7 -1  -0.81
6523856398500432302
1 3 2 1 -1  0.0119725
6523909101632341397
1 1 3 1 -1  -0.00304325
6524112239865567633
3 3 4 4 -1  -0.0523347
6524404836095914845
3 2 4 1 -1  -0.000859503
6524525799326378473
1 7 2 6 -1  0.135085
6524550827474501479
0 2 1 2 -1  -0.0717897
6524602965109083812
0 5 1 4 -1  -0.0250315
6524627390304432597
5 3 3 5 -1  0.38742
6524762644611187596
1 5 3 3 -1  0.00246503
6524922741994677276
0 1 2 2 -1  0.038152
6524997713195552835
5 5 5 4 -1  0.81
6525458286548015161
2 1 3 2 -1  0.430467
6525547877281388470
1 0 3 0 -1  0.228768
6525696261871270980
0 4 2 4 -1  -0.9
6525698149146000593
2 4 3 3 -1  -0.254186
6525793208599716161
2 7 3 7 -1  0.121577
6525832655875551366
0 5 0 3 -1  0.0250315
6525969352437985530
2 3 1 5 -1  -0.0717897
6526178438490384052
4 6 4 7 -1  -0.228768
6526402317176576088
1 3 3 1 -1  0.0147809
6526514797949495005
3 2 4 2 -1  -0.478297
6526564797572218444
0 4 0 6 -1  0.00463839
6526776208791541669
2 4 4 2 -1  -0.9
6526959014589350804
1 5 2 4 -1  -0.38742
6527008656848404582
5 7 5 4 -1  -1
6527014917342041336
2 1 1 3 -1  0.0343368
6527157702579819067
0 3 1 3 -1  -5.38545e-07
6527584343088524142
0 5 2 7 -1  0.150095
6527830988724293553
2 5 1 5 -1  -0.0164232
6528352024555349549
5 1 4 1 -1  -0.098477
6528428107173444309
2 6 4 4 -1  0.478297
6528487842236645381
4 5 5 5 -1  -1
6528505390216214271
4 4 2 3 -1  0.0147809
6528615380951856757
0 7 0 6 -1  0.109419
6528673445899402590
0 3 7 3 -1  -0.135085
6528826660514840869
0 5 0 4 -1  -0.228768
6528873055288428361
4 6 5 5 -1  -0.018248
6529043049111295783
1 7 2 6 -1  -0.098477
6529044913858323615
1 2 7 2 -1  -0.0523347
6529050942167612357
4 4 5 4 -1  -0.6561
6529338687443244777
2 3 3 4 -1  -0.0343368
6529369016334591669
4 7 6 7 -1  -0.00338139
6529582956508192303
2 1 3 3 -1  1
6529629241489982305
0 1 2 2 -1  -0.0107753
6529653941404227614
0 7 0 4 -1  -0.6561
6529746541187950113
2 5 2 6 -1  -1
6529901667676514261
1 4 2 3 -1  0.150095
6529912192036376785
0 6 2 5 -1  -0.0124932
3 3 4 2 -1  0.0797664
3 4 4 3 -1  -0.00070035
6529989046621801167
3 3 2 5 -1  -0.254186
6530130435659283228
2 6 3 6 -1  0.109419
6530546192118503966
5 4 4 6 -1  0.254186
6530802713635937628
5 2 6 0 -1  0.228768
6530852837277696806
6 4 5 5 -1  -0.185302
6530927650472307281
1 3 2 1 -1  0.0886293
6530970419413191539
4 3 1 0 -1  -0.348678
6530983561352103323
3 7 4 6 -1  -0.59049
6531081327484348942
2 5 0 4 -1  0.0343368
6531417550455585179
6 4 5 3 -1  -0.6561
6531430077964813540
1 6 3 6 -1  -0.109419
6531430624295052763
4 1 5 2 -1  -0.348678
6531633115388952950
2 5 3 5 -1  -0.31381
6531737343928605929
6 7 5 7 -1  -0.6561
6531922989960255601
1 4 2 4 -1  -0.430467
6531935637924729700
2 2 3 3 -1  0.00969773
6532125826636381318
2 2 3 1 -1  -0.282429
6532236090931023468
0 1 2 2 -1  -0.0309031
6532331138815244834
3 2 3 3 -1  -0.0343368
6532376417323209000
3 5 0 2 -1  0.205891
6532624979399437837
5 6 3 6 -1  -0.6561
6532679522131855222
4 1 5 2 -1  0.166772
6532890253472976343
3 3 4 3 -1  0.0164232
6532945722529617530
2 1 3 2 -1  -0.0133028
6533115546503813265
0 4 4 4 -1  0.0471013
6533242962951289655
4 3 5 3 -1  0.0423911
6533354777090312037
1 1 2 0 -1  0.38742
6533388694430931477
1 6 1 7 -1  0.81
6533564978697190969
0 0 0 4 -1  -0.135085
6533835441361542328
0 4 1 4 -1  -0.205891
6533855363593315015
2 4 3 4 -1  0.9
6533871759283848542
1 3 0 5 -1  -0.000143341
6534116260422458502
2 3 4 4 -1  -0.185302
6534545817885716525
7 6 7 2 -1  -0.0717897
6534636011501191478
2 2 2 3 -1  -0.00636268
6534910508794161787
3 1 6 1 -1  -0.38742
6535010471850663341
1 4 4 4 -1  0.478297
6535022671971937373
0 7 1 7 -1  -0.228768
6535272298497468665
6 3 6 5 -1  -0.9
6535326940717981482
2 5 3 5 -1  -0.0250315
6535475019461583968
4 5 5 6 -1  -0.185302
6535486782910493167
3 2 4 1 -1  0.0147809
6535492307291659985
4 6 5 5 -1  -0.0250315
6535600031981699904
4 1 4 2 -1  -0.0717897
6535682527674258895
3 3 2 1 -1  -0.018248
6535694615456608115
3 3 4 4 -1  -0.0581497
6535986626050916869
6 2 4 3 -1  0.228768
6536233645586064519
3 4 1 6 -1  -0.478297
6536417556614807567
0 2 0 1 -1  -0.254186
6536769901732055490
0 3 3 3 -1  -0.0133028
6537198033959987623
2 6 5 3 -1  0.31381
6537655843974591434
3 3 4 4 -1  0.0581497
6537962526507494974
3 2 4 3 -1  0.0202755
6538105580206449665
0 3 4 3 -1  -0.098477
6538211611779264504
4 6 2 5 -1  0.205891
6538330947016303662
0 6 1 7 -1  -0.0343368
6538349841959992940
1 6 3 6 -1  0.282429
6538354009507824789
2 2 3 0 -1  -0.185302
6538478144341299378
3 7 4 5 -1  0.0225284
6538616277867757668
2 4 3 4 -1  0.0646108
6538640252710303510
0 6 0 5 -1  -0.00106111
6538809168447209055
3 0 4 1 -1  -0.0119725
6538911918550670584
5 4 6 4 -1  -0.228768
6538997590555515967
0 0 0 3 -1  -0.0250315
6539053480463907711
2 3 1 4 -1  0.0309031
6539156983269747815
1 1 2 1 -1  0.135085
6539163812852522510
2 1 4 3 -1  -0.282429
6539373043842798542
2 4 6 0 -1  -1
6539381174039190550
4 7 5 6 -1  -0.531441
6539942546810260370
1 1 6 1 -1  -0.9
6540129950241413055
0 3 0 4 -1  -0.00636268
6540451287034798216
2 2 3 4 -1  -0.166772
6540468254006870703
6 5 7 5 -1  -0.348678
6540565286071067537
1 1 2 2 -1  0.38742
6540698779345060972
3 7 2 6 -1  0.0343368
6540703562942945177
1 1 0 2 -1  0.81
6541220939868722249
1 3 5 3 -1  1
6541247406395184050
5 2 5 1 -1  -1
6541270548662636283
2 6 3 7 -1  -0.0717897
6541351027268110406
1 6 0 6 -1  0.00463839
6541420298127852577
2 4 4 2 -1  -0.135085
6541496813080329262
2 3 2 1 -1  -0.282429
6541600316330455536
3 7 2 6 -1  0.0119725
6542059772901454825
5 7 6 7 -1  -0.38742
6542147607694505867
1 5 2 6 -1  -0.166772
6542157794750834806
2 5 1 6 -1  -0.531441
6542421845934461925
2 0 1 2 -1  -0.00338139
6542556197926700357
3 4 4 4 -1  0.0717897
3 5 4 5 -1  0.0343368
6542603764960355354
2 1 2 0 -1  -0.6561
6542978866959007043
0 1 0 3 -1  -0.205891
6543155390824312475
2 5 3 4 -1  0.31381
6543294912580142758
5 7 4 6 -1  -1
6543419842874565603
4 2 7 2 -1  -0.6561
6543704131622589568
1 0 2 0 -1  -0.00106111
6543747396199642769
1 0 3 0 -1  -0.00417455
6543841246304848124
0 0 0 6 -1  -0.228768
6543938050517773426
3 6 5 4 -1  -0.59049
6544388664701312422
1 5 2 5 -1  0.098477
6544404567152923354
0 0 0 5 -1  0.6561
6544599625904810389
1 2 2 3 -1  -0.0717897
6544690069100870415
2 5 3 5 -1  0.254186
6545362944079357667
4 7 5 7 -1  -0.81
6545387657684367600
1 1 2 2 -1  -0.135085
6545425277006120454
0 5 0 6 -1  -0.00221853
6545601764677208224
5 3 4 2 -1  0.0581497
6545605737698016182
2 0 3 0 -1  0.0423911
6545722784239104427
0 6 1 6 -1  -0.228768
6545885912253674566
1 1 3 1 -1  -0.00785516
6545974404981027366
2 1 0 2 -1  -0.254186
6546181923762411088
7 1 5 3 -1  -1
6546259564198442771
1 6 0 5 -1  0.0646108
6546338184382251524
1 3 3 5 -1  0.478297
6546578835653822376
0 7 0 2 -1  -0.0797664
6546804157294136555
2 2 1 4 -1  -0.0717897
6547028666413031856
4 2 2 3 -1  -0.282429
6547066445654506512
0 4 1 2 -1  -0.0423911
6547350323318423063
0 3 1 4 -1  -0.0886293
6547376727755944515
5 4 3 3 -1  -0.185302
6547483677573601311
2 1 3 0 -1  0.0202755
6547660427682847370
5 3 5 2 -1  -0.81
6547718323616384827
1 1 0 2 -1  0.135085
6547886525321592035
3 3 4 2 -1  -0.0797664
6547942134963594676
1 4 2 6 -1  -0.0202755
6548147448890390009
3 6 2 5 -1  -0.018248
6548357496446497536
3 4 4 5 -1  0.098477
6548399673611177983
2 4 4 6 -1  -0.0471013
6548453312459053442
3 6 4 6 -1  0.0471013
6548870536560102273
2 6 2 3 -1  -0.531441
6548887345617612986
0 0 0 2 -1  -0.00706964
6548947439019136546
0 6 0 7 -1  0.9
6549013914632086977
1 4 4 7 -1  -0.6561
6549088825792855591
5 4 3 6 -1  0.121577
6549163887262774990
1 4 3 4 -1  -0.0471013
6549247601606239452
1 7 2 6 -1  -0.0225284
6549329070806794125
4 0 5 0 -1  -1
6549373089722944799
1 1 2 1 -1  0.430467
6549489539739313786
3 4 2 4 -1  0.00338139
6549495082857935934
5 4 5 5 -1  -0.6561
6549685532252821327
3 3 4 3 -1  0.0309031
3 4 4 4 -1  -0.0107753
6549715712741017879
0 1 0 0 -1  0.0278128
6549972723431291089
2 1 1 0 -1  -0.0523347
6549989649250223704
2 7 3 7 -1  0.00515377
6550320751818569035
2 6 3 7 -1  -0.81
6550492960938901778
3 1 4 1 -1  -1
6550498281271549918
1 1 2 1 -1  -0.135085
6550628127961927768
0 4 0 5 -1  0.0164232
6550847256397803092
1 5 5 5 -1  -0.81
6550888423748059736
2 5 1 7 -1  0.9
6550969849235694999
6 2 6 3 -1  -0.6561
6551020598938044184
0 5 0 4 -1  0.0119725
6551426662774293332
2 2 3 4 -1  -0.0225284
6551468784411272743
1 3 2 5 -1  -0.282429
6551579444619450045
4 5 2 7 -1  -0.348678
6551656688763566301
2 7 1 5 -1  -0.000773553
6551902445355483479
1 3 3 2 -1  -0.00199668
6551938226313482583
0 5 0 1 -1  -0.0581497
6552010806068663187
3 5 2 4 -1  0.59049
6552108297939569042
2 4 0 2 -1  -0.0147809
6552604598650406352
5 7 4 6 -1  -0.185302
6552625409731355132
2 3 3 1 -1  -0.098477
6552818011642734139
2 5 4 3 -1  -0.038152
6552992614315123153
1 2 2 1 -1  -0.00304325
6553175483336455704
2 3 1 2 -1  0.0797664
6553246856619842383
3 3 4 4 -1  0.0471013
6553555430563636594
4 1 5 2 -1  0.00246503
6553584373044108467
1 2 2 4 -1  -0.00199668
6553649100405375365
1 1 2 2 -1  -0.205891
6553965710216054026
0 5 0 4 -1  0.531441
6553969521344594360
0 2 0 4 -1  -0.00706964
6554130334057199081
3 2 4 4 -1  -0.228768
6554251173825048061
0 7 0 5 -1  -0.0250315
6554420733575903054
5 3 6 2 -1  -0.0471013
6554775991715069247
3 6 4 6 -1  -0.348678
6555092981308035352
2 3 1 4 -1  -0.0886293
6555145002124097513
1 0 3 0 -1  -0.00056392
6555198786804192380
3 1 4 0 -1  -0.0423911
6555204134772232591
2 5 1 3 -1  0.0278128
6555506105474535830
3 6 2 5 -1  -0.166772
6555604334526748965
0 0 0 1 -1  0.0520977
0 2 2 4 -1  0.014328
0 5 4 1 -1  0.000626578
6555782733331581642
3 6 4 4 -1  -0.81
6555940464624894546
0 7 2 7 -1  -0.0471013
6556210333659350900
1 0 2 0 -1  0.0343368
6556453285013783771
4 3 5 2 -1  0.254186
6556542423756250775
1 5 3 5 -1  0.0225284
6556627146529829488
2 1 3 1 -1  -0.0646108
6556776754937179172
2 7 1 6 -1  0.531441
6556812683001234760
0 3 2 4 -1  -0.228768
6557149269339396552
3 2 4 2 -1  -0.38742
6557194426511005611
2 0 3 0 -1  0.166772
6557195663261200957
1 0 1 2 -1  0.38742
6557598551022916168
1 5 2 5 -1  -0.31381
6557987153169327676
0 6 1 4 -1  -0.0309031
6558010739977450659
3 2 4 1 -1  0.0797664
