6969121860327224612
3 1 3 0 -1  -0.729
6969186431953601968
3 1 2 2 -1  -0.018248
6969397370847006972
0 5 0 3 -1  0.254186
6969644594766832879
4 1 5 1 -1  -0.038152
6970033211370536396
3 2 4 1 -1  0.00463839
6970250475219991012
0 4 0 6 -1  0.0423911
6970262445289236612
0 0 0 1 -1  0.185302
6970346460903384553
3 5 4 5 -1  0.0717897
6970404681640512622
6 0 6 1 -1  -0.531441
6970440340853675357
2 2 1 4 -1  0.228768
6970488397373229551
0 3 4 7 -1  -0.00969773
6970718214078394184
4 2 1 2 -1  -0.254186
6970798674186263707
0 4 0 6 -1  0.000696197
6970931631197391318
0 2 0 1 -1  -0.0278128
6971089894558899129
0 3 2 3 -1  -0.38742
6971549793508671623
5 3 4 3 -1  -0.0717897
6972071237300326287
6 1 6 2 -1  -0.109419
6972193612886375764
2 5 1 7 -1  0.254186
6972360370290277375
0 0 0 3 -1  -0.000626578
6972417921843529668
1 6 2 6 -1  0.729
6972617808042748220
3 3 4 3 -1  0.038152
6972656041241934135
2 4 3 4 -1  -0.0717897
6972942065011473301
2 1 3 1 -1  0.31381
6973236573474296316
1 6 1 5 -1  0.282429
6973359062379058739
1 5 2 5 -1  0.098477
6973555177368262815
2 1 4 2 -1  0.185302
6973792170895578891
2 1 4 3 -1  0.0886293
6973873655853728909
1 2 0 4 -1  0.0164232
6973975101801207017
5 1 4 1 -1  0.121577
6974011887291463458
3 3 4 2 -1  -0.0107753
6974084264628455785
4 0 6 1 -1  -0.59049
6974294920914115829
1 6 2 7 -1  -0.531441
6974399741164521060
0 4 1 2 -1  -0.121577
6974425324819948477
1 2 3 3 -1  0.166772
6974429736271776762
2 3 3 3 -1  0.0107753
6974475278307791612
1 0 2 1 -1  0.282429
6974477886335325200
4 6 5 5 -1  -0.0471013
6974496186412036048
0 1 0 3 -1  -0.0797664
6974579392949495066
4 3 3 4 -1  -0.00417455
6974601696165680116
0 7 0 1 -1  -0.254186
6974612922724593275
1 2 2 2 -1  -0.0423911
6974776620107914641
2 1 4 0 -1  -0.9
6974808874195033461
3 0 3 7 -1  0.0423911
6974847106636361055
2 5 4 4 -1  0.0581497
6974924576882618968
1 4 5 0 -1  0.254186
6974979430151302404
7 2 6 2 -1  1
6975066346795211798
5 4 5 3 -1  0.389573
6975415898219452887
2 3 1 4 -1  -0.282429
6975528344352408843
2 5 2 2 -1  -1
6975572172382019583
4 6 5 4 -1  -0.098477
6976136202549792471
0 3 2 1 -1  0.0523347
6976270675235291907
3 2 4 4 -1  -0.31381
6976319724860459597
2 3 3 3 -1  0.0972155
6976498373135897398
2 7 3 7 -1  0.81
6976947525939012850
0 3 3 3 -1  -0.135085
6977086533317677629
2 4 1 6 -1  -0.348678
6977346808374809772
0 6 2 5 -1  -0.00636268
1 3 3 3 -1  0.0797664
6977405518673083908
3 1 4 1 -1  0.0797664
6977416287960075784
2 2 4 3 -1  -0.0133028
6977434930823807197
1 5 1 4 -1  -0.150095
6977640463510953362
2 5 4 4 -1  0.205891
6977723351182188728
1 5 2 5 -1  -0.0717897
6977925309777798826
3 5 4 5 -1  -0.348678
6978284867133484976
0 6 0 5 -1  -0.0646108
6978344468187395871
1 0 0 1 -1  -0.531441
6978423253500303994
2 2 3 0 -1  -0.228768
6978739597503067021
4 5 4 4 -1  -0.185302
6978817958625222646
3 2 2 1 -1  0.0523347
6978962067837437544
4 1 5 1 -1  -0.729
6979284273083023321
4 3 3 2 -1  -0.166772
6979319838521084126
6 1 7 2 -1  -0.228768
6979423642427361670
3 7 4 6 -1  -0.348678
6979628266215081754
2 4 4 5 -1  0.0309031
6979651622591590709
1 5 2 5 -1  0.0278128
6979845961564871813
0 5 1 5 -1  0.0797664
6979880533450776032
1 5 2 5 -1  0.478297
6979897953080184703
2 4 3 4 -1  -0.00246503
6980024446104413043
4 4 5 4 -1  -0.0886293
6980091358163093347
0 5 0 2 -1  0.0797664
6980134012121749322
1 1 1 2 -1  0.00161731
6980244993532277315
0 1 1 1 -1  -0.0473629
6980393048333438540
2 3 1 4 -1  -0.0471013
6980431337569403855
0 1 2 2 -1  0.00145558
0 3 2 3 -1  -0.150095
4 1 5 2 -1  -0.00969773
6980728045212023631
1 3 3 1 -1  0.109419
6981060156030956044
1 2 2 3 -1  0.0309031
6981338970221543554
0 6 6 6 -1  -0.31381
6981347644485422651
4 1 4 0 -1  -0.59049
6981584914007997625
3 0 3 5 -1  -1
6981615386325749765
4 1 2 3 -1  -0.0147809
6981843386919975128
0 4 0 2 -1  0.0343368
6981891491733985047
6 7 6 0 -1  -0.00969773
6981919356782607321
2 5 1 4 -1  0.0471013
6982046082755553641
6 2 4 3 -1  -1
6982283087610832754
0 4 0 6 -1  0.254186
6982393119230117493
0 4 0 6 -1  -0.228768
6982580385008258963
2 3 3 2 -1  -0.81
6982673374768853333
0 6 1 6 -1  -0.228768
6982919279100693522
0 3 2 3 -1  -0.000411098
6983074564916049064
0 4 0 6 -1  -0.00417455
6983201128749670858
1 2 3 2 -1  -0.0107753
6983201526213132057
0 4 0 2 -1  0.0646108
6983423813522380047
1 1 2 1 -1  0.0202755
6983443787285917349
4 4 5 5 -1  -0.81
6983532830005137524
0 3 1 2 -1  0.0107753
6983665232232067215
3 4 2 4 -1  0.38742
6984009600801082343
1 2 3 2 -1  -0.0278128
6984092904864046801
6 3 6 1 -1  -0.430467
6984212894116799761
0 4 0 2 -1  -0.0141085
6984314815587031586
1 0 3 0 -1  0.166772
6984320725354762754
6 1 5 3 -1  -0.185302
6984383001310515195
2 5 4 4 -1  0.0037571
6984437246735785222
2 6 3 6 -1  -0.185302
6984519469038315311
1 6 4 3 -1  -0.0886293
6984674674976760786
1 0 3 0 -1  0.0471013
6984912264386519396
3 4 5 6 -1  -0.81
6984994945168949602
1 4 2 6 -1  0.0886293
6985170925749054038
1 1 4 1 -1  0.0797664
6985622023923794657
4 6 5 7 -1  -0.348678
6985694889527284025
2 4 3 4 -1  -0.0037571
6986158948753415867
7 6 3 2 -1  -0.31381
6986275898595399084
0 4 7 4 -1  0.185302
6986295697740407225
0 5 1 4 -1  -0.31381
6986299423405649166
1 3 2 1 -1  0.166772
6986370744146324773
6 5 5 5 -1  0.185302
6986407825717822908
6 3 5 3 -1  0.81
6986500866032341718
1 3 2 3 -1  -0.0646108
6986533063929427657
2 5 4 4 -1  0.0523347
6986599527460366829
0 5 0 4 -1  -0.00056392
6986631415208343754
0 6 1 4 -1  -0.228768
6986777124513466590
3 3 2 2 -1  0.00161731
6986896397887738199
1 1 2 1 -1  0.430467
6986939707539584199
4 2 7 2 -1  0.000456775
6987068139942046878
0 4 0 0 -1  1
6987516495381941674
6 3 7 3 -1  0.121577
6987757121957029444
0 4 0 3 -1  -0.00145558
6987842793879651469
2 3 2 2 -1  -0.729
6987918832331519797
2 4 2 3 -1  0.531441
6987980034495994483
0 4 0 1 -1  -0.0646108
6988036950256354733
4 1 4 3 -1  -0.531441
6988156115626792535
1 4 0 3 -1  -0.0107753
6988176273769056390
2 5 3 4 -1  -0.0581497
6988361118581941930
3 0 4 0 -1  0.098477
6988467490441283645
3 5 4 5 -1  -0.430467
6988528185913032738
2 5 4 5 -1  -0.109419
6988742033356627584
2 1 3 2 -1  -0.0646108
6988767052502421327
0 3 0 2 -1  -0.018248
6989127266906390364
3 4 5 5 -1  -0.109419
6989198950228366987
3 6 4 6 -1  -0.59049
6989280278845102025
2 4 3 5 -1  -0.00706964
6989383455917273156
2 6 3 6 -1  0.228768
6989773045003324750
5 4 6 4 -1  -0.228768
6989786014910106305
2 2 0 3 -1  -0.0427464
6990083259068952135
1 5 1 7 -1  0.0797664
6990181750224024300
3 0 4 0 -1  -0.0343368
6990301587909295243
2 3 1 3 -1  -0.9
6990470295323454890
1 0 2 0 -1  0.0717897
6991143721142528783
1 6 3 6 -1  -0.729
6991380572009328413
0 4 0 6 -1  -0.00338139
6991395771750517868
4 6 3 5 -1  -0.135085
6991710346324041501
7 5 7 1 -1  -0.31381
6991733793841760845
1 7 2 7 -1  -0.31381
6991772624507939691
0 3 1 2 -1  0.121577
6991937477603088582
4 4 3 2 -1  -0.00145558
6992108977967138661
4 7 5 7 -1  -0.205891
6992237147646041878
1 2 2 1 -1  -0.00179701
6992343950466141178
6 1 5 1 -1  0.38742
6992346835972094251
3 3 4 4 -1  0.6561
6992413637305147523
2 7 3 6 -1  0.098477
6992500344857378355
1 4 1 3 -1  -0.121577
6992597002386152969
2 3 3 3 -1  -0.166772
6992622140635839532
6 1 2 5 -1  -0.185302
6992629922870653401
0 5 0 6 -1  -0.81
6993076947184313147
2 4 4 3 -1  -0.531441
6993241670460119623
1 3 3 1 -1  -0.0581497
6993257564073392563
0 2 0 5 -1  0.6561
6993343306489962968
1 6 2 5 -1  0.59049
6993580095340541498
2 2 5 5 -1  -0.0133028
6993660882795540173
2 2 4 1 -1  -0.00161731
6993811787062880691
3 3 4 2 -1  0.0797664
6993950691559354054
2 6 1 5 -1  -0.166772
6994024522208352066
0 5 1 5 -1  0.478297
6994038358555608020
4 1 0 5 -1  0.0225284
6994268474757696708
0 5 2 3 -1  0.00492385
6994286798840594978
0 3 2 3 -1  -0.0147809
6994483413132969208
6 3 6 0 -1  -0.430467
6994521833267441788
0 0 0 3 -1  -0.135085
6994690951115582802
0 6 2 7 -1  -0.0471013
6994928577798085668
3 4 0 4 -1  0.185302
6995037898657930904
1 6 2 5 -1  0.0717897
6995248861847446986
0 6 0 5 -1  -0.121577
6995395578185243484
0 1 1 3 -1  -0.000955003
6995418991138574775
2 4 3 5 -1  -0.31381
6995665636385577865
4 4 4 3 -1  1
6995739095786515856
1 4 2 4 -1  1
6995871273379931142
2 1 3 1 -1  -0.0225284
6995943782710570898
0 2 4 6 -1  -0.0581497
6996034619653245951
2 7 1 6 -1  0.00463839
6996242704560522303
1 3 2 5 -1  0.000955003
6996260159047456927
1 3 1 5 -1  -0.282429
6996361863374224110
1 7 2 6 -1  0.531441
6996536101426828875
2 6 3 5 -1  0.531441
6996663878379302784
2 3 0 5 -1  -0.0797664
6996716815059860522
1 2 3 1 -1  -0.205891
6997049898518247626
1 7 1 3 -1  -0.000176964
6997327405079880382
0 4 0 6 -1  -0.282429
6997738178955302187
1 6 0 5 -1  -0.0202755
6997740632643195897
0 3 3 3 -1  -0.6561
6997777428298529572
3 3 4 2 -1  -0.0423911
6997802212523586237
2 6 4 5 -1  0.59049
6997868745359816533
5 6 6 6 -1  0.9
6997900460531722095
4 6 5 6 -1  -0.0423911
6998031893774182732
2 4 2 1 -1  -1
6998096035034839834
3 5 4 4 -1  0.0717897
6998142371822949675
0 6 2 7 -1  0.166772
6998361561837881367
3 0 4 0 -1  0.0202755
6998423748881301492
4 4 5 5 -1  0.0717897
6998439678050768607
1 5 0 4 -1  -0.31381
6998750005068546024
0 2 1 3 -1  0.430467
6999070500116970363
0 2 1 1 -1  -0.0133028
6999087246256686765
1 4 4 7 -1  -0.00145558
6999297328546405377
2 5 4 3 -1  0.135085
6999316996840268275
0 3 6 3 -1  -0.38742
6999639520572600612
2 4 3 4 -1  -0.205891
6999994230914177977
1 4 3 5 -1  -0.00492385
7000018528721101449
3 7 4 5 -1  0.098477
7000261278449880093
1 1 3 1 -1  -0.228768
7000333724191591527
1 3 2 4 -1  -0.205891
7000471779561097779
1 3 1 5 -1  0.135085
7000650938231995453
1 3 2 2 -1  -0.228768
7000750955153865968
1 7 5 3 -1  -0.135085
7000901971527857293
2 5 3 3 -1  -0.0343368
7001078409385099771
0 4 0 6 -1  -0.0423911
7001227957074758664
2 4 3 5 -1  -0.430467
7001272829826693404
0 0 0 1 -1  0.31381
7001295987119783840
4 4 3 5 -1  0.038152
7001410283759036817
4 3 6 1 -1  -0.348678
7001935688511928210
1 7 2 7 -1  -0.282429
7002024844071494247
3 3 1 3 -1  0.038152
7002112438863572720
0 5 1 5 -1  0.0343368
7002240023386577526
1 7 3 7 -1  -0.00872795
7002271773079535805
5 1 7 1 -1  -0.166772
7002326465039526556
1 6 2 5 -1  -0.00199668
7002499012129273920
2 5 4 4 -1  -0.00969773
7002503152311233170
0 4 0 3 -1  0.348678
7003179971812990038
4 1 5 1 -1  -0.430467
7003181163380298946
2 1 3 1 -1  -0.0138051
7003212828214679239
0 5 0 4 -1  -0.0886293
7003264885616704394
2 3 4 4 -1  -0.0133028
7003349712836185061
4 2 7 5 -1  1
7003361930481454354
1 0 2 0 -1  -0.0471013
7003550516016914269
1 0 3 0 -1  -0.205891
7003654857173656424
0 1 1 3 -1  -0.166772
7003889036557334309
2 5 4 4 -1  -0.0202755
7003964230528627371
7 2 7 7 -1  -1
7004052114297150955
2 1 3 0 -1  0.478297
7004244555654026104
0 2 0 1 -1  -0.0717897
7004275013580555672
3 2 2 3 -1  -0.00572641
7004459860147072809
3 4 1 5 -1  -0.135085
7004794277941659889
1 1 2 1 -1  0.478297
7004857702121451126
3 3 2 5 -1  -0.205891
7005286575853012247
3 2 6 5 -1  -0.0107753
7005933708238444232
1 4 3 2 -1  -0.0471013
7006058077893807671
6 7 6 5 -1  -1
7006212017262782723
0 2 4 6 -1  0.0037571
7006251653306517014
6 6 7 6 -1  -0.282429
7006252124661957481
6 0 2 0 -1  0.729
7006311691748258298
0 4 0 2 -1  0.038152
7006382848774197015
0 4 0 6 -1  -8.46413e-05
7006473632214298153
0 6 0 7 -1  -0.0309031
7006543565576176541
0 5 1 5 -1  0.185302
7006641344269499868
2 0 3 1 -1  -0.228768
7007028886755508570
4 3 4 2 -1  0.166772
7007335304046517626
3 6 3 4 -1  -0.121577
7007534784524763045
3 3 2 3 -1  1
7007786395887127241
3 4 2 4 -1  0.228768
7007844967371587475
4 0 5 0 -1  -0.478297
7007862422648411424
0 1 5 1 -1  -0.0646108
7008022530229634716
0 3 0 1 -1  -0.038152
7008239604653377147
0 3 1 3 -1  -0.31381
7008295737834588735
3 2 4 2 -1  -0.254186
7008429074894599490
2 4 2 6 -1  -1
7008498134343151959
3 3 4 4 -1  -0.0886293
7008527181704670301
2 3 3 4 -1  0.0581497
7008549287662533432
3 4 4 4 -1  0.430467
7008655758033819431
0 2 0 1 -1  -0.0423911
7008744082234703499
1 5 2 5 -1  0.430467
7009199144021882703
5 2 6 2 -1  0.228768
7009507041315320767
6 6 3 3 -1  0.31381
7009509269278919505
3 1 3 3 -1  0.185302
7009547162293825607
3 3 4 4 -1  0.00872795
7010095985814858981
0 2 2 0 -1  -0.0309031
7010282660048305521
0 6 1 5 -1  0.254186
7010307242819250832
2 4 3 2 -1  -0.59049
7010456328881407366
1 2 3 2 -1  0.228768
7010781979895870591
3 5 2 6 -1  -0.185302
7010955003180748741
1 5 3 5 -1  -0.0164232
7011044865632682501
1 1 2 2 -1  0.0646108
7011116959926684764
0 5 5 0 -1  0.531441
7011169325910698043
0 4 5 4 -1  -0.0646108
7011403945753276532
0 3 2 3 -1  -0.0225284
7011759321759790737
1 1 2 1 -1  0.531441
7011808054999377067
0 3 5 3 -1  -0.31381
7011881728141931971
6 3 4 5 -1  -0.59049
7012171185783300579
3 2 1 4 -1  -0.0471013
7012174113357506932
1 1 0 3 -1  1
7012350000976149689
1 4 2 2 -1  -0.00117902
7012571297101293765
2 3 1 2 -1  0.59049
7012578877994206095
1 3 2 2 -1  0.31381
7012597238773141680
0 2 0 6 -1  -0.166772
7012744564006416349
0 2 1 1 -1  -0.135085
7012895739356201706
1 1 2 1 -1  -0.121577
7012898364080006871
4 6 2 5 -1  0.0164232
7013067770411644535
0 4 0 2 -1  -0.00246503
7013552065847260715
0 4 3 4 -1  -0.59049
7013791790777651809
4 3 6 4 -1  -0.185302
7013899181795275436
1 5 2 4 -1  -0.0717897
7013996125132920474
3 3 5 4 -1  -0.166772
7014043967049221111
1 1 3 0 -1  -0.348678
7014059937239657951
0 4 0 6 -1  -0.00785516
7014410516632057565
4 7 5 6 -1  -0.6561
7014563611888078938
0 1 3 4 -1  -0.31381
7014616000885916322
2 5 6 1 -1  -0.282429
7014671472756995832
0 1 1 1 -1  -0.0646108
7014986235347844271
1 1 3 1 -1  -0.00463839
7014988907037744500
1 4 2 5 -1  0.0523347
7015043787774039086
2 2 1 4 -1  0.0886293
7015066889378292106
1 7 1 1 -1  0.59049
7015070901657565049
0 3 0 5 -1  -0.478297
7015211039767998344
3 3 4 4 -1  -0.0133028
7015293427678394515
1 3 2 2 -1  -0.150095
7015344701400284703
1 3 3 2 -1  -0.0646108
7015379886341838623
2 7 3 6 -1  1
7015393651140916952
3 1 1 2 -1  -0.430467
7015426580990257123
2 5 3 6 -1  0.0646108
7015501462717910720
1 2 2 1 -1  -0.0202755
7015553426034923513
1 4 1 5 -1  -0.478297
7015588770793546432
1 7 6 7 -1  0.31381
7015592455857247539
7 1 7 6 -1  -1
7015909911137039994
7 0 5 0 -1  -0.0797664
7016046629211945436
0 6 1 7 -1  0.254186
7016054503038701516
1 4 2 4 -1  0.0309031
7016149112174446920
0 3 4 3 -1  0.254186
7016368601805547305
4 4 5 4 -1  -0.9
7016449196388895480
1 6 0 6 -1  -0.185302
7016456647968839133
1 5 6 0 -1  0.282429
7016503564582862627
2 2 4 3 -1  -0.531441
7016583589855892778
5 6 5 7 -1  -0.478297
7016781443540327000
3 2 4 4 -1  0.0225284
7016784435797006720
4 6 5 6 -1  -0.81
7016871915295149077
3 3 5 4 -1  -0.38742
7016924519242912686
3 2 2 1 -1  -0.00636268
7017189776307623082
3 3 4 4 -1  0.0646108
7017431217431189851
0 6 1 7 -1  0.31381
7017475129255110207
3 2 4 1 -1  0.31381
7017602827317861107
3 5 2 4 -1  0.0278128
7017657064387625977
3 2 4 2 -1  0.59049
7017743443256934387
3 7 4 7 -1  -0.166772
7017776405913538634
0 3 4 3 -1  -0.228768
7017837670572500604
2 2 0 3 -1  -0.0278128
7018107369926955633
3 4 4 3 -1  0.018248
7018121630843014188
1 2 2 1 -1  -0.121577
7018418365144860912
3 3 2 1 -1  0.098477
7018462215904684475
2 4 3 4 -1  -0.729
7018511502841677084
4 6 5 5 -1  -0.098477
7018606684197672400
2 2 2 4 -1  -0.9
7018905415634005469
1 2 2 3 -1  -0.166772
7019015835602406926
2 1 3 1 -1  0.0107753
7019116558996848168
3 1 4 1 -1  -0.282429
7019186761466994167
3 1 4 1 -1  -0.00145558
7019253141518118344
3 6 4 6 -1  -1
7019446481469158317
2 2 0 2 -1  0.478297
7019509269343334720
5 3 7 4 -1  -0.135085
7019550415749725236
2 3 3 4 -1  -0.38742
7019560566605006379
1 6 4 3 -1  0.00417455
7019843369432884294
4 3 4 4 -1  -0.729
7019863184928433816
5 0 4 0 -1  0.531441
7020058107540228261
3 7 4 5 -1  0.0423911
7020182901788465506
0 3 2 5 -1  0.00877644
7020207709829084841
2 2 4 0 -1  -0.0202755
7020235405743706601
2 6 3 6 -1  -0.150095
7020506239206507094
2 3 0 3 -1  -0.0202755
7020532051748358684
0 2 1 3 -1  0.0797664
7020657472829390387
3 2 4 1 -1  -0.81
7020918394461328899
2 5 0 4 -1  -0.109419
7021108089154851717
0 3 1 3 -1  -0.0581497
7021114960445806120
2 1 3 3 -1  -0.166772
7021202949476428616
1 5 2 4 -1  -0.135085
7021467348319801273
0 3 0 2 -1  1
7021908005879766969
1 6 3 6 -1  0.109419
7022049067934415263
0 5 3 2 -1  -0.6561
7022193758051517686
4 3 2 4 -1  -0.185302
7022253638502894116
2 5 4 4 -1  0.121577
7022341848350854108
4 6 5 5 -1  -1
7022643500951702410
1 2 1 4 -1  0.00572641
7022777099284244886
2 2 4 3 -1  0.0717897
7022806507324519109
4 2 3 4 -1  -1
7022901150381865260
3 5 6 2 -1  -0.166772
7023197818810004649
3 5 2 4 -1  -0.109419
7023410111927005980
0 4 7 4 -1  0.478297
7023680253980016534
2 6 6 6 -1  -0.9
7023771139427948223
0 3 2 1 -1  0.150095
7023955011159154916
5 2 6 2 -1  -0.9
7023960610162217633
3 2 4 3 -1  0.0423911
7024269835075898200
4 3 5 4 -1  0.228768
7024499335965970853
2 2 3 4 -1  -0.38742
7024635215937561347
0 3 1 2 -1  0.0423911
7024948327048412754
3 7 4 7 -1  0.0278128
7025099661420074291
1 4 3 4 -1  0.150095
7025129802828830002
4 1 5 1 -1  -0.6561
7025213572853586669
2 6 4 7 -1  -0.0646108
7025253897374551364
0 4 0 2 -1  0.205891
7025257909918600450
5 4 3 4 -1  -0.38742
7025348091571468349
1 2 3 0 -1  -0.098477
7025504044375563632
4 3 3 4 -1  -0.729
7025764565705594374
3 4 4 4 -1  -0.38742
7026027305380041802
2 5 1 4 -1  -0.00706964
7026134158709587670
1 3 3 3 -1  -0.038152
7026223625799090804
2 3 3 2 -1  0.0797664
7026484331481094295
0 3 2 1 -1  -0.478297
7026706464097726059
3 4 2 5 -1  1
7026722003056562840
0 3 1 4 -1  -0.0523347
7026729891693199617
0 0 7 0 -1  -0.00872795
7026841677131651593
0 4 0 3 -1  0.0523347
7026849074777158493
5 6 4 6 -1  -0.150095
7027084620590668066
3 4 4 4 -1  -0.478297
7027308051992835297
4 2 5 2 -1  -0.38742
7027611061265889694
2 5 3 5 -1  -0.228768
7027626071078313202
2 2 2 4 -1  -0.478297
7027702426792752461
2 0 1 2 -1  0.0309031
7027764250761787539
2 6 3 4 -1  -0.205891
7027777851113881722
1 1 1 2 -1  0.121577
7027907047753520819
5 6 5 5 -1  -0.9
7028062404166592571
4 6 4 7 -1  -1
7028085677016236867
3 0 4 2 -1  0.0278128
7028304709680242293
1 6 2 5 -1  0.9
7028321693294522263
3 4 4 3 -1  0.38742
7028383042523402575
3 3 4 3 -1  -0.38742
7028540914409572666
4 4 3 6 -1  -0.9
7028741774580972384
2 1 4 0 -1  -0.150095
7028918063275873908
1 3 2 1 -1  0.282429
7028925387193499071
1 3 3 3 -1  -0.0797664
7028933502306859579
1 0 2 0 -1  -0.00706964
7029075021967963013
0 3 3 3 -1  -0.0646108
7029126879466942808
3 5 2 6 -1  -0.6561
7029137072880696899
2 4 3 3 -1  0.6561
7029137627866188257
0 3 7 3 -1  -0.0225284
7029146361929578068
0 2 3 2 -1  0.282429
7029246669602589586
2 0 3 0 -1  -0.00636268
7029335599370543417
2 5 1 3 -1  -0.0646108
7029394559012707791
1 2 7 2 -1  -0.0581497
7029474044232036363
0 4 0 2 -1  -0.205891
7029543370136714490
0 3 3 3 -1  -0.9
7029682750710658038
2 5 6 1 -1  -0.348678
7030153181745887034
3 1 4 1 -1  -0.9
7030367325153586185
1 7 1 6 -1  0.0225284
7030687081367742170
3 4 2 6 -1  -0.150095
7030880136384727172
0 4 1 4 -1  0.135085
7031288557704612022
1 1 3 1 -1  -0.205891
7031343632960938868
0 2 2 2 -1  -0.228768
7031610249337845502
0 0 0 3 -1  -0.0646108
7031637804194747453
2 6 2 7 -1  -0.00706964
7031773443585831424
0 4 0 2 -1  -0.31381
7031873674924860736
2 1 3 2 -1  0.018248
7031929142445857513
2 4 3 4 -1  0.185302
7032038518185942889
1 1 3 1 -1  -0.0581497
7032152905539623767
0 4 7 4 -1  0.0886293
7032574100282560926
1 1 2 0 -1  0.0471013
7032589421680043780
1 4 3 5 -1  1
7032915195714033409
2 6 3 5 -1  0.282429
7032943319791591223
0 6 1 5 -1  -0.0471013
7033226152095958124
1 5 2 4 -1  0.166772
7033272582983843206
3 7 3 2 -1  -0.0225284
7033279581688169588
1 4 0 5 -1  0.00199668
7033509532621472362
0 3 3 6 -1  0.038152
7033570865373683876
2 2 3 2 -1  0.0278128
7033689428669854730
2 2 3 2 -1  0.205891
7034352945862577894
3 2 4 2 -1  -0.0646108
7034379736321226063
2 7 3 7 -1  -0.0309031
7034445577878068464
3 2 4 2 -1  0.9
7034674273931593023
3 6 4 5 -1  1
7034864029591263350
0 5 0 2 -1  -0.00304325
7034888918067737653
1 6 2 5 -1  0.00572641
7035047151600713872
3 3 4 3 -1  -0.0717897
7035117102307047918
5 1 4 2 -1  0.228768
7035329548464476840
3 7 4 6 -1  -0.282429
7035584794827155801
0 2 4 6 -1  -0.00463839
7035676915661363647
3 3 2 5 -1  -0.166772
7035702660925186554
3 4 5 5 -1  0.0107753
7035929932011740893
0 3 2 2 -1  0.0886293
7035931951791918893
3 4 1 4 -1  -0.0107753
7036557689174969829
2 6 1 7 -1  -0.0250315
7036596758259337034
3 2 4 3 -1  -0.31381
7036736717134445393
3 5 4 5 -1  -0.38742
7036792888039886829
7 7 6 7 -1  -0.0797664
7036842190064831315
3 0 4 1 -1  0.135085
7037058563753241653
0 0 0 2 -1  -0.166772
7037229705350812378
3 2 3 3 -1  0.205891
7037537226682131350
1 2 1 3 -1  -0.0886293
7037619241763933558
2 4 3 4 -1  0.531441
7037676821161559129
2 6 1 4 -1  0.0250315
7038030430847172277
3 7 4 7 -1  0.121577
7038080689518431599
0 4 1 4 -1  -0.038152
7038084111453887745
2 5 3 3 -1  0.0886293
7038106500767913701
2 2 4 3 -1  -0.0886293
7038265094504921875
0 6 0 7 -1  0.0581497
7038462158716349539
1 6 1 5 -1  0.205891
7038545404289360105
1 6 2 5 -1  0.9
7038679453011677748
1 2 3 2 -1  -0.205891
7038905578733618533
3 2 5 4 -1  -0.00463839
7038934415020696377
2 5 4 4 -1  0.150095
7038959394875139588
1 4 2 4 -1  0.0423911
7039118901075013063
2 4 4 3 -1  0.254186
7039348113774630657
6 2 7 3 -1  -0.729
7039462166402401820
4 2 4 1 -1  0.478297
7039558494291572918
4 5 2 3 -1  -0.0423911
7039649505635756204
2 4 1 3 -1  -0.150095
7039662720528137536
2 6 3 6 -1  0.478297
7039750453254915347
0 1 0 4 -1  -0.430467
7039757604516742998
0 7 0 4 -1  -0.348678
3 5 1 3 -1  -0.282429
7039758616895818260
1 3 1 7 -1  0.0797664
7039997399073121584
1 1 3 1 -1  -0.135085
7040068727830841542
1 0 3 0 -1  0.0523347
7040171342958858321
4 3 5 1 -1  -0.185302
7040327573427790452
1 7 2 7 -1  0.166772
7040518112725820960
2 1 4 3 -1  -0.121577
7040631278266070451
2 5 3 6 -1  -0.59049
7040663064080829126
2 7 1 6 -1  0.121577
7040844002577910003
5 4 6 4 -1  -0.00417455
7040878500513349027
0 5 0 4 -1  -0.038152
7041090027584739473
3 5 4 3 -1  0.9
7041132703965480297
1 3 2 3 -1  0.0278128
7041260980561307730
3 4 1 4 -1  0.0164232
7041334180939644383
0 4 0 5 -1  -0.6561
7041579348042905688
4 0 3 2 -1  -0.478297
7041752154530318698
2 1 1 0 -1  0.00785516
2 1 1 2 -1  -0.098477
7042157204827499488
0 3 2 1 -1  0.6561
7042188984284844230
3 5 4 4 -1  -0.0886293
7042317483063228436
2 2 4 3 -1  0.166772
7042346522487484583
0 3 2 1 -1  0.121577
7042389716386995718
2 1 1 2 -1  0.000696197
7042472647255979922
3 5 1 3 -1  -1
7042508877297998773
4 3 5 4 -1  -0.254186
7042550528580417808
3 2 3 0 -1  -0.0133028
7042603754018651044
3 0 6 3 -1  -0.0471013
7042616931672592028
2 5 1 4 -1  -0.166772
7042726214917081661
1 7 2 7 -1  -0.109419
7042975838720835957
2 1 1 2 -1  -1.74269e-05
7042976844743012891
4 5 2 3 -1  -0.098477
7043101842591210455
7 3 2 3 -1  -0.6561
7043295834831544842
6 3 6 1 -1  -0.228768
7043370131159268923
0 0 0 4 -1  -0.098477
7043375378616084819
4 6 5 7 -1  0.0423911
7043739757246015573
7 2 5 3 -1  0.729
7044148945405191007
0 4 1 5 -1  1
7044362926771078093
3 1 4 2 -1  -0.0147809
7044428087269293487
4 7 5 6 -1  -0.531441
7044480143934234992
4 7 2 5 -1  -0.0523347
7044784158827249709
4 7 6 7 -1  -0.478297
7045164324831444222
1 1 3 1 -1  -0.00417455
7045303388008809383
1 1 3 1 -1  0.00636268
7045535294900357925
1 6 3 6 -1  -0.0107753
7045551702680536720
2 4 3 4 -1  -0.0717897
7045750254449147504
3 6 4 6 -1  -1
7045754124045193958
3 3 5 5 -1  -0.9
7045757018117187790
4 1 4 2 -1  -0.098477
7045798267820652552
0 6 1 7 -1  -0.38742
7046181510518240987
2 7 1 6 -1  0.0107753
7046256117361923501
0 0 0 2 -1  -0.0202755
7046266967144074279
2 5 3 6 -1  -0.0202755
7046330594350635673
2 4 0 3 -1  0.185302
7046338779431126430
2 4 7 4 -1  -0.205891
7046339489374359080
4 4 5 4 -1  -0.166772
7046494170947852911
0 4 0 6 -1  0.00359661
7046663088642164745
4 2 6 1 -1  0.018248
7046848678751809324
2 1 3 2 -1  -0.185302
7047148806946407345
1 4 2 5 -1  0.205891
7047217925337113551
1 3 4 6 -1  -0.81
7047251778933742352
0 2 1 3 -1  0.00463839
7047253426670263437
1 6 2 6 -1  -0.6561
7047350963667093779
0 5 0 4 -1  -0.59049
7047409728125029618
5 4 5 2 -1  -0.000242749
7047815863058539461
4 1 5 2 -1  -0.81
7047932312748797551
1 2 2 4 -1  -0.0797664
7048224532778730596
1 3 3 4 -1  -0.81
7048263812497599134
1 4 5 4 -1  -0.38742
7048437244856110707
1 2 3 4 -1  0.0250315
7048590487615483487
1 0 2 0 -1  0.109419
7048630173367363462
2 5 3 4 -1  -0.185302
7048641897697764479
5 6 6 6 -1  -0.9
7048788769702246709
0 5 1 4 -1  -0.109419
7048819461002245074
1 5 1 4 -1  -0.430467
7049062345829396842
4 2 1 5 -1  -0.0202755
7049222942038137694
0 1 1 2 -1  -0.430467
7049456701791053027
0 4 1 3 -1  -0.0278128
7049494776950340514
1 5 3 5 -1  0.0278128
7049499442564955289
1 0 3 0 -1  -0.0717897
7049547909752921599
2 7 0 5 -1  0.9
7049551668613704654
0 0 0 3 -1  -0.00706964
7049743131706624584
0 2 2 4 -1  -0.0250315
7050231009034470988
2 5 4 4 -1  -0.166772
7050343733502402227
2 2 3 4 -1  -0.0107753
7050466503782219814
1 2 2 2 -1  0.0309031
7050486016170450789
1 1 2 1 -1  0.0423911
7050529277116795406
5 0 3 2 -1  0.0581497
7050692334455245211
2 6 4 5 -1  -0.00872795
7050743059253980514
0 0 0 2 -1  -0.0423911
7050752189228798309
0 3 1 4 -1  0.150095
7050768985587124020
1 3 3 1 -1  -0.109419
7050809313179609080
0 1 1 1 -1  -0.185302
7050898030540117476
1 7 2 7 -1  0.00515377
7051244455820129027
3 7 4 7 -1  -0.478297
7051340307744830593
1 6 2 6 -1  -0.038152
7051473207717323978
6 3 7 4 4  0.59049
7051646806218345538
0 1 5 1 -1  -0.0107753
7051861593194901665
5 0 4 0 -1  -0.0471013
7052259364823370976
3 5 4 6 -1  -0.00572641
7052330549087974683
5 1 5 4 -1  0.6561
7052391125632855998
3 2 2 1 -1  -0.00969773
7052547598589080489
3 4 4 4 -1  -0.282429
7052565410164990579
0 3 0 5 -1  -0.348678
7052572697620368233
3 4 2 2 -1  -0.0107753
7053216698946764902
3 0 5 2 -1  -0.121577
7053239764956451401
2 2 3 0 -1  -0.098477
7053310142515450260
1 6 1 7 -1  -0.38742
7053574916614212739
5 3 6 2 -1  0.430467
7053737991763343960
4 4 2 4 -1  0.186331
7053823801754597393
0 2 4 6 -1  -0.31381
7053831833277126806
2 7 3 7 -1  -0.531441
7053865389614283236
0 6 1 5 -1  -0.166772
7054022243907786366
3 5 2 6 -1  -0.038152
7054053953060476234
0 4 0 6 -1  0.185302
7054084711338313195
2 2 3 4 -1  -0.254186
7054120617970966331
0 3 1 2 -1  0.0250315
7054131631484962872
3 4 4 2 -1  0.0147809
7054510133621249088
1 3 2 5 -1  0.430467
7055055349908115050
0 6 0 7 -1  -0.0225284
7056454213213005077
6 1 5 3 -1  -0.254186
7056791085284364387
0 5 3 2 -1  -0.81
7057024508626175948
2 5 3 7 -1  0.0581497
7057151804310612156
0 2 1 1 -1  0.000626578
7057162675818887447
3 4 4 5 -1  0.254186
7057295627407813772
3 6 4 7 -1  -0.0202755
7057504342672096721
3 5 4 5 -1  -0.31381
7057505985467912727
3 7 4 7 -1  -0.282429
7058046523570929743
2 5 3 3 -1  -0.0147809
7058174511842714120
1 3 4 6 -1  -0.0646108
7058258518687916085
0 7 0 3 -1  -0.109419
7058313850521313377
4 6 3 4 -1  -0.228768
7058519929144933252
3 4 4 4 -1  -0.109419
7058840047079720900
4 3 6 3 -1  -0.348678
7058960432244091191
4 1 2 3 -1  0.0134129
7059091246692645538
0 6 1 7 -1  -0.6561
7059346808214442669
7 1 7 5 -1  -0.0646108
7059356438145949764
0 5 1 5 -1  -0.59049
7059463148619078805
1 3 3 5 -1  -0.38742
7059556755862066347
1 3 2 5 -1  0.000696197
7059565908197381532
4 5 4 7 -1  -0.81
7059597444971572481
1 3 3 2 -1  -0.00179701
7059637080445684650
1 4 2 3 -1  0.0225284
7059968418240796058
1 3 3 4 -1  0.0119725
7060008193860736443
2 1 2 5 -1  0.0471013
7060079960057853477
1 0 3 0 -1  0.0646108
7060151437501819200
0 5 0 6 -1  0.9
7060217406015001737
5 3 6 5 -1  0.348678
7060231894642672393
0 3 1 2 -1  0.00417455
7060276865401976922
5 0 5 1 -1  -0.9
7060468217087076253
4 7 5 6 -1  -0.205891
7060619412761642170
3 2 4 3 -1  -0.00706964
7060707220785484602
2 5 2 6 -1  -0.018248
7061013776178880621
3 4 5 3 -1  -0.0423911
7061042998835558689
3 1 4 1 -1  0.000626578
7061076979408964241
2 2 4 1 -1  -0.38742
7061223737047450362
1 2 3 2 -1  -0.0343368
7061315238323940558
2 6 3 5 -1  0.00417455
7061417246168086558
2 5 1 3 -1  0.0250315
7061521555850731469
0 1 4 1 -1  0.150095
7061594035419896968
1 7 3 7 -1  -0.38742
7061746162538433011
0 5 2 3 -1  -0.0523347
7061838852656755441
5 1 6 0 -1  -0.59049
7061890177732082286
2 0 3 0 -1  -0.109419
7062483840715486926
4 6 5 7 -1  -0.098477
7062637610605695591
7 5 2 5 -1  -0.430467
7062768278528090360
2 7 3 5 -1  0.0278128
7062986634775572958
1 3 1 2 -1  0.81
7063205507044238290
2 4 4 4 -1  0.121577
7063251727120317428
4 3 5 2 -1  -0.098477
7063256599272914453
4 4 6 3 -1  -0.018248
7063300063038145519
1 2 2 2 -1  -0.00304325
7063344784564924689
1 0 3 0 -1  -0.0581497
7063817354598129720
2 1 2 0 -1  0.0423911
7064462282601044791
0 5 0 3 -1  0.0423911
7064524741259807392
0 6 2 5 -1  -0.0717897
7064686056492379118
2 2 3 3 -1  -0.0523347
7064803385995416005
0 5 1 4 -1  0.00145558
7064820542044568099
2 5 1 3 -1  -0.000196627
7064899035643741943
7 2 6 2 -1  0.531441
7065340853665971369
0 5 2 3 -1  -0.0935532
7065580804430863354
2 4 6 0 -1  0.31381
7065731470644021635
3 4 6 1 -1  -0.0250315
7065783942366639375
2 5 3 7 -1  -0.0797664
7066000062307018087
0 2 0 4 -1  -0.6561
7066372935440557239
1 4 2 4 -1  0.0133028
7066389232845322905
2 2 4 3 -1  0.143459
7066494654400271742
3 2 2 1 -1  -0.0278128
7066562944712860772
5 0 5 1 -1  -0.729
7066594525231626401
1 1 2 1 -1  -0.478297
7066711694174669390
4 6 5 5 -1  -0.0225284
7066812507567946299
7 6 7 4 -1  0.729
7067019240497381193
0 2 2 4 -1  0.0164232
0 3 1 4 -1  -0.121577
7067021184151272021
1 3 3 5 -1  0.0886293
7067217752864510958
2 5 3 4 -1  -0.121577
7067255641739224740
2 3 3 3 -1  -0.6561
7067257164046102122
3 3 4 3 -1  -0.0471013
7067284748566859826
3 7 5 5 -1  -0.0133028
7067321326990997002
1 7 2 6 -1  -0.109419
7067443083839278026
0 2 1 2 -1  -0.0886293
7067466782525755254
0 4 0 1 -1  -0.38742
7067587023266497166
4 7 2 6 -1  -0.282429
7067594771917212668
0 3 3 0 -1  0.00969773
7067839996976102192
1 5 3 5 -1  0.150095
7067964769291410953
3 1 1 3 -1  -0.9
7068103665962804398
6 5 5 6 -1  -0.729
7068210244306086167
1 3 3 3 -1  -0.038152
7068240559967444079
3 5 3 6 -1  -0.348678
7068360480245575998
1 3 2 3 -1  -0.0151684
7068394221904958359
7 1 7 2 -1  -0.205891
7068503909004351146
0 4 2 4 -1  -0.0886293
7068505568663012227
4 5 1 5 -1  -0.531441
7068518499302571502
1 0 5 4 -1  -0.478297
7068805930924896725
2 6 3 6 -1  -0.478297
7069008568127229074
1 7 2 7 -1  0.81
7069333937132412343
5 1 5 0 -1  -1
7069541304598941643
1 1 2 2 -1  -0.0278128
7069598726579664756
1 3 2 3 -1  -0.00636268
7069734930591143033
2 4 3 3 -1  -0.0581497
7069942407733086047
1 3 3 3 -1  0.205891
7069952229292439290
4 5 6 4 -1  -1
7070006565749922784
7 0 6 0 -1  -0.59049
7070339338619559761
0 0 0 1 -1  0.00636268
7070399910612167485
4 6 5 5 -1  -0.150095
7070737013454290649
3 6 5 5 -1  0.109419
7070782144098781276
4 5 5 5 -1  -0.9
7070785466330327112
2 5 2 3 -1  -0.6561
7070863684268793650
0 7 3 7 -1  -2.65613e-05
7071046230881988188
7 4 7 7 -1  -0.81
7071221817171927057
0 4 1 4 -1  -0.0717897
7071331012649041742
1 5 3 5 -1  0.0646108
7071555331550301160
3 5 3 6 -1  -1
7071597374086723326
0 6 1 5 -1  -0.0471013
7071786076828728695
0 2 2 2 -1  -0.0471013
7071837884438398828
7 7 6 6 -1  -0.31381
7072046687768295934
1 3 0 4 -1  0.282429
7072133476421840682
1 4 1 2 -1  -0.00029969
7072248472322426171
0 0 0 2 -1  0.121577
7072333756494492884
1 3 1 4 -1  -0.121577
7072622202712764282
3 5 4 3 -1  0.166772
7072681817645343420
1 5 3 5 -1  0.0646108
7072906686851073990
1 0 1 2 -1  -0.729
7072951748773526830
4 0 5 0 -1  -0.0343368
7072987170735985088
3 3 4 2 -1  -0.098477
7073030785451883908
0 2 1 3 -1  0.038152
7073634389595448613
2 1 4 3 -1  -0.254186
7073650734584604547
4 7 5 6 -1  -0.0309031
7073666023867286334
1 4 3 2 -1  -0.0423911
7073863431444653268
0 0 0 5 -1  0.282429
7073927527760112573
2 2 1 1 -1  0.228768
7074043846207128411
3 0 4 0 -1  0.121577
7074429353788483893
0 1 2 2 -1  -0.0481566
7074518172810216987
0 2 3 5 -1  -0.132516
7074540062700174321
0 6 0 7 -1  -0.00785516
7074599084782532661
2 6 3 7 -1  0.478297
7074607165516521172
2 3 3 3 -1  0.0119725
7074917086072585022
0 0 0 3 -1  0.0423911
7074977936338548404
5 0 5 2 -1  -0.430467
7075187199527141862
0 4 1 4 -1  0.135085
7075385527535377316
0 2 2 4 -1  -0.348678
7075594950828338013
1 0 0 1 -1  0.6561
7075759208036854527
0 4 3 4 -1  -0.185302
7075975886587716086
1 2 2 1 -1  0.0717897
7076615794896205561
0 3 2 1 -1  0.135085
7076789477096089246
0 4 1 3 -1  -0.0471013
7076868940280105853
0 5 1 4 -1  0.0202755
7076954525066204817
3 5 5 3 -1  -0.0119725
7076979635055804292
1 6 0 5 -1  0.0202755
7077287188839088500
2 0 3 1 -1  0.135085
7077383066891826003
1 1 2 1 -1  0.0646108
7077509246730567048
7 4 6 4 -1  -0.0523347
7077831053542894194
0 2 2 4 -1  0.0343368
7077899062136111319
5 3 4 3 -1  -0.6561
7077991770979725082
0 5 2 5 -1  0.430467
7078137951530285902
4 2 1 2 -1  0.59049
7078467250012451446
0 5 0 0 -1  -0.348678
7078603373495972700
4 7 5 7 -1  0.81
7078918142170352748
0 5 0 4 -1  -0.000129007
7078925609700666219
5 3 7 1 -1  0.205891
7078996630391216606
1 5 0 4 -1  0.150095
7079061501443549369
3 0 4 0 -1  -0.282429
7079684212462958926
3 4 4 3 -1  -0.0797664
7079721099196203341
3 7 4 7 -1  0.0423911
7080109519999627304
3 0 2 1 -1  -0.31381
7080693405413212388
1 7 0 6 -1  0.135085
7080731738296212176
2 3 3 3 -1  -0.59049
7080934102995585901
4 6 2 4 -1  -0.430467
7080978291458749499
4 6 3 6 -1  -0.135085
7081357918505343616
0 6 1 4 -1  0.00636268
7081461263654359727
2 2 3 0 -1  0.228768
7081492431812009218
2 6 5 6 -1  -0.282429
7081590132946970541
1 6 2 7 -1  1
7081759474827189438
1 3 3 5 -1  -0.531441
7081767737207003529
0 4 0 6 -1  -0.0797664
7081786619038142342
1 4 0 3 -1  -0.38742
7082044170148525563
1 4 2 3 -1  -0.098477
7082267303038115819
0 3 0 4 -1  -0.0343368
7082333097028175960
0 2 0 3 -1  -0.31381
3 5 4 6 -1  -0.254186
7082383352214379855
2 2 1 4 -1  -0.098477
7082425731897505864
4 0 5 0 -1  -0.348678
7082448864137286308
4 4 5 3 -1  0.00706964
7082543008106440784
4 6 0 2 -1  -0.109419
7082970861882551006
1 2 2 1 -1  0.018248
7083080015833858847
3 4 4 2 -1  0.282429
7083268490822190397
2 0 3 0 -1  0.0797664
7083493044670317818
1 7 3 7 -1  -0.109419
7083929524246600307
2 0 2 1 -1  -0.81
7084038192647513158
3 1 4 2 -1  -0.150095
7084102098746686492
1 1 2 1 -1  0.31381
7084322190386886333
0 4 0 6 -1  -0.185302
7084344921820625084
3 5 4 5 -1  0.348678
7084518670593920565
2 1 3 3 -1  -0.205891
7084660980283091033
1 7 2 6 -1  -0.729
7084670103039233869
0 3 1 3 -1  -0.31381
7084680493557038065
0 4 6 4 -1  -0.6561
7084852977721656688
0 3 5 3 -1  -0.098477
7085147576165122171
3 3 4 5 -1  0.00785516
7085256468715720989
4 7 5 7 -1  -0.135085
7085295560426370456
1 0 3 0 -1  -0.0886293
7085426566703258823
0 4 2 5 -1  -0.0278128
7085614162590169281
0 2 4 6 -1  -0.0309031
7085654516675031155
1 1 2 1 -1  -0.6561
7086021281198028842
5 2 4 1 -1  -0.59049
7086228202113660969
6 7 1 2 -1  0.150095
7086305310056271002
4 4 5 4 -1  -0.0147809
7086348814771793355
2 3 2 1 -1  -0.38742
7086767910645220463
2 5 1 3 -1  -0.00304325
7087072603181021132
3 0 4 0 -1  -0.0471013
7087480865856338880
2 5 3 5 -1  -0.0886293
7088048602432959678
2 6 3 6 -1  0.0797664
7088085651443052897
2 2 3 2 -1  -0.00246503
7088560009386131291
0 2 1 3 -1  -0.0278128
7088568104003117169
2 3 3 3 -1  -0.00636268
7088779355423248582
3 2 1 3 -1  -0.038152
7088868209411922728
0 2 2 4 -1  -0.0898631
7088871664857910109
3 3 5 2 -1  -1
7089340792963107743
0 2 0 1 -1  -0.0473629
7089542781750529415
3 6 4 5 -1  -0.81
7089709067146883548
1 5 3 5 -1  -0.0646108
7089777447795026689
2 6 3 6 -1  -0.0717897
7 4 7 2 -1  -0.0343368
7090007917210441110
2 3 4 1 -1  -0.430467
7090019793702490643
6 4 5 4 -1  -0.00706964
7090234108862937959
2 3 3 4 -1  -0.531441
7090323941368985412
3 5 4 6 -1  -0.0717897
7090512281903516926
0 2 3 5 -1  -0.00206781
0 2 4 6 -1  -0.000874747
0 3 1 2 -1  -0.0164232
1 6 2 6 -1  -0.015669
3 2 4 3 -1  0.0037571
7090832933410203589
0 0 0 2 -1  0.254186
7090903396811667737
2 4 4 6 -1  -0.81
7090950363315078669
1 3 1 2 -1  0.0646108
7090986043990986544
1 1 3 1 -1  -0.729
7091203730743038813
2 1 3 1 -1  0.31381
7091358425358314082
3 3 4 4 -1  0.531441
7091445860375999235
7 4 7 0 -1  -0.0202755
7091687951560166103
3 5 4 5 -1  -0.254186
7091715173994103374
0 7 2 7 -1  -0.135085
7091748946192905090
3 0 4 0 -1  0.166772
7091823344256844429
1 4 3 4 -1  0.0581497
7091884810667674176
1 4 1 3 -1  0.150095
7091915373099073550
2 3 6 7 -1  -0.430467
7092091812735615619
2 4 4 5 -1  -0.00572641
7092641510153545545
1 2 2 2 -1  0.00325471
7092772933510412407
2 4 2 5 -1  0.185302
7092952769133829022
2 3 0 5 -1  -0.0886293
7093011800739873499
1 2 2 2 -1  -0.0343368
7093012811561501742
2 5 3 4 -1  -0.531441
7093029077102423536
3 5 5 7 -1  -0.109419
7093068706368289293
4 6 6 5 -1  -0.729
7093161277147182306
2 5 1 3 -1  -0.00338139
7093339135034442732
2 4 5 1 -1  -0.31381
7093474680468809189
3 6 3 3 -1  0.018248
7093685943781439207
0 6 1 6 -1  -0.121577
7093816752637332585
3 6 4 7 -1  -0.0343368
7093842309410133840
3 6 6 3 -1  -0.531441
7094086353287924315
4 5 5 7 -1  -0.81
7094215481769765962
1 2 3 2 -1  -0.0309031
7094253609631732157
3 6 2 6 -1  0.098477
7094447012440532610
1 3 1 0 -1  0.0164232
7095097353828681737
1 0 2 0 -1  0.478297
7095211226801545180
3 6 2 6 -1  0.9
7095211764371773795
0 3 1 3 -1  -0.205891
7095463795346682071
2 5 0 4 -1  0.000507528
7095492773393632292
0 3 0 6 -1  -0.0886293
7095678303227187188
2 7 0 7 -1  -0.038152
7095740266799006793
6 2 6 0 -1  -0.0423911
7095833767638702178
3 3 4 3 -1  0.000859503
7096355615766345141
1 1 6 1 -1  0.348678
7096483692824408707
1 7 2 6 -1  -0.729
7096755283208892130
3 4 5 2 -1  -0.430467
7096767411232519623
4 2 6 2 -1  -0.478297
7096872943958535114
3 7 4 5 -1  -0.150095
7096929082938246052
4 7 4 6 -1  -0.254186
7097192348816714337
3 7 0 4 -1  -0.430467
7097206723825506077
3 5 3 6 -1  -0.31381
7097315296604177238
0 2 0 5 -1  -0.0225284
7097391975329522248
1 0 3 0 -1  -0.0471013
7097425643618481584
3 2 5 4 -1  0.0423911
7097757814292998309
0 3 1 4 -1  -0.000411098
7098186861400760683
4 1 3 3 -1  -0.098477
7098386129263647587
5 2 7 2 -1  -0.31381
7098644355443762675
2 7 2 2 -1  -0.185302
3 6 4 6 -1  -0.228768
7098825554213658675
4 6 4 7 -1  -0.81
7099174095538910182
2 2 3 4 -1  -0.00304325
7099558303755490557
4 3 3 2 -1  -1
7099682566612581364
3 6 0 6 -1  0.135085
7099903158723865403
2 5 4 4 -1  -0.00872795
7100049236076402448
2 4 3 2 -1  -0.430467
7100086597993619041
7 2 7 3 -1  -0.81
7100337182096667841
3 3 4 2 -1  0.0717897
7100399504508184013
2 5 3 5 -1  -0.0717897
7100637134138253061
1 5 3 5 -1  -0.282429
7101031044047551345
5 5 7 4 -1  -1
7101125692129222109
0 4 6 4 -1  -1
7101198382412225823
3 4 0 4 -1  -0.0886293
7101688953726500918
2 2 4 4 -1  -0.282429
7101700356191587558
7 3 6 3 -1  0.228768
7101795008877183973
4 6 5 5 -1  0.0278128
7101994668724197698
2 1 3 1 -1  -0.531441
7102193392217100745
3 4 3 3 -1  0.282429
7102240866443728767
4 1 1 4 -1  0.729
7102241333373575221
0 5 0 2 -1  0.0471013
7102271724061287710
1 5 2 4 -1  -0.254186
7102343080741815954
1 6 0 6 -1  -0.38742
7102377915478055714
0 6 2 5 -1  -0.0202755
7102477203448710601
1 1 4 4 -1  -0.348678
7102480023979295351
1 0 2 0 -1  -0.0202755
7102652550989745349
1 0 2 0 -1  -0.0278128
1 1 2 1 -1  -0.0225284
7102813082254057922
5 0 6 0 -1  -0.81
7103262521575753006
0 7 2 7 -1  -0.00636268
7103622439210703063
1 7 2 7 -1  -0.0423911
7103818947151425970
1 7 3 7 -1  -0.0343368
7103888850136353294
0 4 0 5 -1  -0.0717897
7104009467304414651
5 2 4 4 -1  0.38742
7104092608296527437
3 3 4 5 -1  0.0343368
7104173999565245521
0 5 1 6 -1  -0.185302
7104496176737842824
3 7 4 6 -1  0.0164232
7104584651593869858
0 2 2 1 -1  -0.254186
7104595829359785633
6 7 5 6 -1  0.150095
7104727074718099076
3 2 4 3 -1  0.0343368
7104823534378681411
4 2 3 3 -1  -0.00246503
7104892560129628330
1 6 1 5 -1  0.430467
7105101185498535222
0 2 0 1 -1  -0.282429
7105369444286287882
0 5 0 3 -1  -0.00872795
7105487667649424841
4 1 5 2 -1  -0.478297
7105506378620554889
0 2 2 0 -1  0.00199668
7105597230954418630
0 1 1 3 -1  -0.00872795
7105632327271838186
4 2 3 4 -1  0.0797664
7105664115420663682
3 4 4 5 -1  0.0581497
7105756650895462047
3 5 4 5 -1  0.000104495
7105995614555588680
1 6 0 6 -1  -0.81
7106261395800451117
1 0 3 0 -1  0.31381
7106282018382966190
2 5 3 3 -1  -0.6561
7106357094554093102
0 3 1 4 -1  -0.31381
7106386254796339425
0 5 0 3 -1  -0.0471013
7106421495659857917
0 1 2 3 -1  0.109419
7106475768301679351
2 5 3 7 -1  -0.0309031
7106483860062506525
2 3 3 4 -1  -0.430467
7106790045102863591
0 6 0 5 -1  -0.0343368
7106896006118920302
1 1 3 1 -1  -0.00969773
7107014303120394420
2 5 3 3 -1  0.00969773
7107031489477447755
6 1 6 0 -1  -0.0717897
7107326744447938592
1 0 3 0 -1  -0.038152
7107443088754914213
0 3 6 3 -1  -0.31381
7107830890560398684
0 4 0 6 -1  0.0119725
7107884868618999163
3 5 4 5 -1  -0.185302
7108173588379933673
1 2 2 2 -1  -0.0471013
7108412162121086785
2 3 1 2 -1  -0.0147809
7108620902467867794
1 4 2 4 -1  -0.31381
7108640437399050727
1 5 2 5 -1  -0.00145558
7108832786431003244
2 5 2 2 -1  -0.59049
7109067340594610222
1 1 3 1 -1  1
7109146173971896822
1 0 2 0 -1  0.0886293
7109191459876699408
0 5 1 4 -1  -0.0886293
7109370435278809092
0 7 0 1 -1  -0.6561
7109535268851371637
1 6 2 6 -1  -0.00315707
7109634189008199182
0 5 0 3 -1  0.0471013
7109680191860283865
1 7 0 6 -1  9.40459e-05
7109801006120091060
2 3 2 7 -1  -0.0225284
7109971943191462829
2 1 2 0 -1  -0.205891
2 1 3 1 -1  -0.166772
