9126392197111828573
7 3 7 1 -1  -1
9126418993582171650
0 3 0 4 -1  -0.098477
9126865843525940404
5 1 4 2 -1  -0.478297
9127011230555859095
1 5 0 6 -1  -0.348678
9127120592657249269
1 3 2 3 -1  -0.0471013
1 6 2 6 -1  -0.00636268
9127325669257184024
3 5 2 6 -1  0.0133028
9127326715576300165
3 0 4 1 -1  -0.0343368
9127719172658977325
2 5 3 3 -1  -0.150095
9127733689061927327
0 5 0 0 -1  -0.0202755
9127753580917258905
1 4 2 6 -1  0.00179701
9127847732531823406
1 4 1 1 -1  -0.430467
9128016660062324529
1 3 2 3 -1  -0.0646108
9128020581815996749
2 6 3 6 -1  0.150095
9128071605393297967
0 5 3 2 -1  -0.228768
9128103795980840346
6 5 3 2 -1  -0.6561
9128136016753334303
1 4 2 2 -1  1
9128148255883347027
1 3 3 3 -1  -0.0423911
9128188733057177799
3 3 3 1 -1  -0.59049
9128231369838800387
1 0 3 0 -1  0.6561
9128281399669394295
0 5 1 4 -1  -0.0243769
9128285417634339403
3 4 4 4 -1  -0.81
9128380968314253149
1 4 0 2 -1  0.0107753
9128517462307976962
0 5 1 4 -1  0.0202755
9128569864209065447
2 2 3 2 -1  0.109419
9128607754430228138
2 5 1 6 -1  0.0886293
9128627875134095184
4 3 6 3 -1  -0.59049
9128705005917449613
1 2 1 1 -1  0.098477
9128817958086382720
0 5 4 1 -1  0.228768
9129022789191529619
2 3 3 2 -1  -0.038152
9129042705640967854
2 6 2 7 -1  0.185302
9129152928118026858
2 5 4 7 -1  -0.729
9129499913059027086
3 3 3 5 -1  -0.348678
9129799162520386729
1 3 5 7 -1  0.531441
9129833173955802974
0 3 3 0 -1  -0.098477
9129963145041862297
0 6 1 6 -1  0.098477
9129992528299383873
0 2 3 5 -1  -0.018248
9130187834069334825
1 3 2 4 -1  -0.31381
9130217249589117216
0 1 0 2 -1  -0.348678
9130370161779126714
5 3 5 2 -1  0.729
9130472655501799791
1 7 1 6 -1  0.166772
9130675973204895453
4 0 1 3 -1  -0.9
9130715779932358474
1 6 2 5 -1  0.81
9130727214694365391
3 3 4 1 -1  -0.282429
9130771663108045119
0 3 4 3 -1  -0.430467
9130869209100516842
7 4 7 3 -1  0.0107753
9131078528787651200
0 3 2 3 -1  -0.121577
9131317676747620771
4 7 2 7 -1  -0.9
9131372353266011292
2 3 4 4 -1  0.185302
9131650886837432631
1 1 3 1 -1  0.185302
9131728132619174481
0 0 5 0 -1  -0.185302
9131760171243785649
3 6 4 6 -1  0.228768
9131921423640729628
6 2 7 3 -1  0.0147809
9132052586344043479
4 6 5 7 -1  -0.9
9132146501358328407
6 3 6 2 -1  0.430467
9132184366334299099
4 3 5 3 -1  0.9
9132308456716729248
0 4 0 6 -1  -0.00636268
9132333154894570959
1 6 2 6 -1  -0.478297
9132361387624161630
0 0 1 0 -1  1
9132571226550933500
1 1 2 2 -1  0.0133028
9132660945762297534
0 2 2 4 -1  -6.17035e-05
9132785154889718395
1 1 3 1 -1  -0.9
9133268500510675450
7 1 7 2 -1  -0.59049
9133559848563947717
0 6 1 7 -1  -0.0343368
9133642643648460772
1 0 3 0 -1  -0.0305278
9133662717171610811
3 3 2 4 -1  -0.0797664
9133718847672778661
0 2 2 4 -1  0.0471013
9134050012992182250
3 3 5 2 -1  -0.59049
9134095241199512027
4 1 5 2 -1  -0.59049
9134251618795456970
0 7 5 7 -1  -0.135085
9134822853409210638
1 5 4 5 -1  0.6561
9134869008595858796
0 4 0 2 -1  -0.00179701
9134997191186442462
0 6 1 4 -1  -0.018248
9135110058725602489
6 1 6 2 -1  -0.228768
9135160702615128900
0 5 0 6 -1  0.729
9135384120127734368
0 0 0 1 -1  -0.185302
9135719486984410108
2 7 3 7 -1  -0.31381
9135857066871653068
3 3 4 3 -1  -0.00338139
9136340617069104335
3 3 4 4 -1  -0.0581497
9136420563327037923
0 3 3 3 -1  -0.0717897
9136497502218983332
2 3 1 2 -1  0.205891
9136501122598787545
0 3 0 7 -1  0.135085
9136567604283139366
0 6 1 5 -1  -0.098477
9136618198655386170
2 1 0 1 -1  -0.121577
9136643154697598522
3 5 6 2 -1  -0.31381
9137054940244863876
0 2 0 3 -1  -0.135085
9137145466879723502
0 2 6 2 -1  0.31381
9137294127180117398
3 5 0 2 -1  -0.166772
9137400697605984236
6 5 6 4 -1  -0.531441
9137524295350018503
1 4 2 4 -1  0.0471013
9137595384615827256
0 3 0 4 -1  -0.0447462
9137710202175947463
4 5 2 3 -1  -0.31381
9137805050761514704
0 6 1 7 -1  -1
9137973125560676031
4 3 4 0 -1  -0.31381
9138063843092169145
0 5 0 6 -1  -0.38742
9138139144892622263
3 7 4 7 -1  -1
9138141163292258761
7 3 7 6 -1  -0.531441
9138274925766108289
4 1 3 2 -1  0.00785516
9138380097819453934
3 4 4 5 -1  -0.430467
9138691843180260719
2 4 3 4 -1  -0.59049
9138725712608357918
2 5 4 4 -1  -0.00969773
9138740555747964746
1 0 5 0 -1  -0.166772
9138854853708276214
2 5 1 6 -1  0.0581497
2 5 3 6 -1  0.0717897
9138996136410147738
0 3 1 3 -1  0.348678
9139179921143353830
1 3 2 2 -1  0.478297
9139446564709504116
3 2 4 2 -1  -0.348678
9139844104835547658
1 3 0 5 -1  -0.0717897
9139992107955501143
3 3 4 4 -1  0.135085
9140053518857957582
1 4 6 4 -1  -0.729
9140061591850385600
3 5 4 5 -1  -0.478297
9140107635177859297
3 0 4 0 -1  -0.478297
9140226346731666929
2 1 0 2 -1  0.0423911
9140375970717539618
1 4 4 1 -1  -0.0133028
9140415342113263288
3 6 5 6 -1  -0.9
9140521076975749223
1 2 2 3 -1  -0.254186
9140628004161534175
0 4 0 2 -1  -0.430467
9140676087040011468
0 4 3 4 -1  0.00969773
9140859765113306036
3 0 4 1 -1  0.6561
9140866258529629746
4 4 3 2 -1  -0.0250315
9140867059322732316
2 6 3 7 -1  0.432859
9140975962813039215
4 6 3 7 -1  0.0278128
9141174772534867355
1 0 2 0 -1  -0.018248
9141318335469188780
2 1 4 3 -1  -0.0423911
9141447735631688670
1 6 3 6 -1  -0.166772
9141518808300840374
3 2 4 3 -1  -0.00463839
9141651172550837052
4 2 3 1 -1  -0.0717897
9141849086197345851
1 1 2 2 -1  -0.282429
9141865415881624685
0 5 1 6 -1  -0.0523347
9142109994682370623
0 4 0 3 -1  -0.0343368
9142321672468080909
2 2 3 2 -1  -0.166772
9142450144500091562
3 5 5 3 -1  -0.38742
9142469155121632824
0 4 0 6 -1  0.136966
9142512863907232518
6 4 7 3 -1  -0.0797664
9142676222850886872
5 5 3 7 -1  -0.228768
9142876442104089999
1 3 3 3 -1  -0.0523347
9142895525809702435
1 7 2 6 -1  -0.228768
9143006631641261346
4 6 4 7 -1  1
9143223260258527362
2 2 4 1 -1  -0.478297
5 7 3 7 -1  -0.38742
9143421605191046056
6 6 0 6 -1  -0.00969773
6 6 1 6 -1  -0.0119725
9143552397845076954
6 1 7 1 -1  -0.6561
9144015085941335430
1 4 2 2 -1  0.0471013
9144286459640538647
5 4 6 5 -1  0.150095
9144359637693065917
0 2 6 2 -1  -0.0717897
9144593552758485951
3 4 4 3 -1  -0.0717897
9144605235130501670
0 4 1 5 -1  0.59049
9144660980785208012
1 7 3 7 -1  -0.282429
9145022903502533030
0 2 2 4 -1  0.00572641
0 6 1 4 -1  0.0309031
9145076663102489330
1 6 3 6 -1  0.0948607
9145101756966345344
4 4 3 2 -1  0.00872795
9145328623029904173
1 7 2 7 -1  0.0343368
9145430541831676139
0 4 0 6 -1  -0.0343368
9145816828825154822
2 2 3 3 -1  -0.81
9145832850742308625
4 4 2 3 -1  -0.0173301
4 4 2 5 -1  -0.0206041
4 4 3 2 -1  0.0523347
9145962727640786857
4 5 2 4 -1  -0.00969773
9146007629061601265
3 1 4 1 -1  0.0886293
9146028365153818276
1 4 2 2 -1  -0.59049
9146213865827251222
3 3 3 1 -1  0.0886293
9146238076034835045
0 4 2 4 -1  0.0147809
9146293728258890541
1 2 3 4 -1  0.9
9146306214326798829
0 4 0 6 -1  -0.121577
1 2 3 2 -1  0.0107753
9146439161700115566
1 4 0 5 -1  -0.282429
9147021927903080732
0 0 0 2 -1  -0.0293487
9147107459811649526
3 3 3 2 -1  -0.0278128
9147180358445735650
0 3 3 3 -1  -0.430467
9147388347696823615
4 0 5 0 -1  -0.185302
9147488616051483974
3 7 1 7 -1  -0.0646108
9147716657204711879
2 6 3 6 -1  -0.531441
9147744529670560467
1 2 0 4 -1  0.0886293
9147759305150996651
1 2 1 1 -1  0.00572641
9147770150012945705
0 5 1 6 -1  -0.205891
9147862031447148665
1 7 3 7 -1  -0.31381
9148066938099205646
0 5 2 3 -1  0.0797664
9148355975567891354
2 6 1 5 -1  0.531441
9148465016988708423
2 4 4 3 -1  -0.228768
9148773718829996961
3 4 4 5 -1  -0.0343368
9148916955127999661
1 2 0 4 -1  0.0471013
9148944381334097577
0 2 3 2 -1  0.0423911
9148997518515453827
2 5 3 3 -1  0.0115169
9149244584818190223
4 3 5 2 -1  -0.228768
9149334934051850431
5 4 3 2 -1  0.00117902
9149504856342221391
1 7 2 7 -1  -0.0037571
9149620375246672457
0 0 0 1 -1  -0.0471013
9149654803748540635
3 5 2 4 -1  -0.348678
9149935441165031278
0 3 2 4 -1  -0.00636268
9149976746183312285
2 2 3 4 -1  -0.0523347
9150654333621381926
1 2 0 3 -1  -0.6561
9150670978381882266
4 5 5 6 -1  -0.00872795
9150714129842112898
2 0 1 1 -1  0.0523347
9150792142941381947
6 2 6 7 -1  -0.478297
9150925079552531311
4 1 5 0 -1  0.228768
9150995546614778375
1 3 1 2 -1  -0.430467
9151090274976203040
3 5 2 6 -1  0.59049
9151133439812511975
0 5 0 4 -1  -0.0646108
9151642449764929182
3 3 4 4 -1  0.0886293
9151813266082388769
1 1 3 1 -1  -0.0423911
9151955173561957407
0 4 0 2 -1  -0.109419
9152087875984693562
1 7 2 7 -1  -0.0886293
9152656105856919483
2 6 3 6 -1  -0.6561
9152731301226716186
0 3 1 3 -1  -0.038152
9152780018417690798
1 4 3 3 -1  0.0423911
9152807993545716020
6 5 5 3 -1  0.81
9153008573722419249
0 3 4 7 -1  -0.038152
9153106581088656627
0 5 0 2 -1  -0.282429
9153191162558009797
3 5 4 4 -1  0.430467
9153378249632433505
0 6 0 7 -1  0.0797664
9153540336809369488
2 3 0 1 -1  0.185302
9154105590547537775
1 3 2 4 -1  0.38742
9154272992520849033
4 5 3 6 -1  -0.348678
9154394609967077966
1 4 2 5 -1  -0.0225284
9154770197236721554
1 0 3 0 -1  -0.0797664
9155156938809893064
3 5 4 3 -1  -0.6561
9155562107462829243
1 5 3 5 -1  -0.166772
9155682161799464903
1 2 3 2 -1  -0.166772
9155691021093969503
3 0 4 0 -1  -0.185302
9155692128007611739
4 2 0 2 -1  -0.0037571
9155705387755361005
3 7 4 5 -1  -0.38742
9155792774128986555
3 7 4 6 -1  0.185302
9156047766470869756
0 2 0 1 -1  -0.00515377
9156208394534242586
0 5 0 3 -1  0.0646108
9156240778782004687
4 7 5 7 -1  -0.9
9156297832529367776
0 3 1 3 -1  -0.0581497
9156326861243334881
1 2 3 4 -1  -0.0202755
9156391465039730125
2 1 2 0 -1  0.121577
9156509842941068021
2 5 3 7 -1  0.00179701
9156717250163607733
0 2 5 2 -1  -0.59049
9156916747033336762
2 2 0 3 -1  -0.00969773
9157000966173687260
2 5 3 3 -1  -0.0250315
9157334612749869620
3 0 4 0 -1  0.0886293
9157454444752143079
5 2 2 2 -1  0.00161731
9157481279615030182
3 5 5 4 -1  -0.729
9157799608775176801
4 5 5 6 -1  -0.282429
9157883408908576906
2 2 7 2 -1  -0.00515377
9158070744665302091
1 2 3 4 -1  -0.135085
9158081571995533077
0 6 1 7 -1  0.0471013
9158183711529161949
0 5 0 3 -1  -0.00145558
9158260491618018732
3 3 4 5 -1  0.6561
9158293497655963593
0 1 0 2 -1  0.135085
9158444059917047194
2 3 1 4 -1  0.9
9158940962352283566
2 1 4 2 -1  0.531441
9159011683985908272
0 6 2 6 -1  -0.0797664
9159033702470331283
2 2 4 3 -1  -0.00417455
9159050681527916729
0 4 0 2 -1  0.0107753
9159103089091296272
0 0 1 0 -1  0.531441
9159157011970218730
3 7 4 7 -1  -0.430467
9159216668389036223
3 0 7 0 -1  0.0309031
9159366937119417198
0 2 4 6 -1  0.038152
9159451398588766522
0 4 0 6 -1  -0.121577
9159500908589705002
3 7 4 5 -1  0.0581497
9159536615895165032
0 0 0 1 -1  -0.038152
9159566570092563841
4 4 0 4 -1  -0.478297
9159676240968078251
5 3 6 5 -1  0.9
9159813766644231268
1 3 3 4 -1  -0.0107753
9159850144047032022
1 7 3 7 -1  0.098477
9159934626381531522
1 4 1 5 -1  0.121577
9160100182729094500
2 6 2 5 -1  -0.000411098
9160140419450284035
6 2 6 3 -1  0.254186
9160296319424408858
1 6 2 7 -1  -0.531441
9160420996249776577
1 1 2 1 -1  0.121577
9160651000234561518
3 7 3 2 -1  0.0717897
9160654128816918392
0 4 1 3 -1  -0.0343368
9160731477756508951
2 2 4 3 -1  0.038152
9160801535379269157
7 2 7 3 -1  0.0523347
9160824386709482454
0 4 0 2 -1  0.9
9161138611945621261
4 6 3 7 -1  0.0119725
9161183864117272618
2 5 2 4 -1  0.6561
9161294362666009566
1 3 0 4 -1  -0.0147809
9161408675960072730
2 5 3 5 -1  -0.185302
9162009418475634520
2 3 0 1 -1  -0.254186
9162305810508740355
1 3 1 2 -1  0.098477
9162337877776175383
5 1 3 3 -1  -0.121577
9162456981119631999
2 5 1 3 -1  0.228768
9162564094770305075
0 0 0 4 -1  0.166772
9162764307182034001
4 5 5 6 -1  0.109419
9163037138516215214
5 3 3 5 -1  -0.254186
9163090986128005784
4 7 5 6 -1  -0.348678
9163163545078832649
4 6 3 7 -1  0.121577
9163385601057182041
0 2 3 2 -1  0.729
9163412325306435408
4 4 3 3 -1  -0.6561
9163430197496564900
2 1 1 1 -1  0.166772
9163465276965446974
3 5 4 5 -1  -0.185302
9163982184476022895
1 2 2 2 -1  -0.00969773
9163997668736137036
1 4 2 4 -1  -0.00515377
9164067411558578290
0 2 2 4 -1  -0.109419
9164756527548499368
0 5 0 3 -1  -0.00785516
9164768252916817320
4 2 6 0 -1  0.478297
9164788964913630306
0 3 3 3 -1  -0.531441
9165020736287122872
4 1 5 2 -1  -0.021096
9165170851346405453
3 5 2 4 -1  0.0309031
9165188259344053313
0 3 6 3 -1  0.478297
9165221900273585945
0 4 0 2 -1  -0.0797664
9165358336305876946
2 6 3 5 -1  -0.282429
9165389158317674694
1 7 2 7 -1  -0.0225284
9165726359562982744
2 2 1 2 -1  -0.228768
2 2 3 3 -1  -0.185302
9165767291293904016
6 2 4 0 -1  0.0523347
9165942783524198871
5 3 3 4 -1  -0.6561
9166265110647959382
4 6 5 7 -1  -0.478297
9166288645394918649
2 2 3 4 -1  -0.0423911
9166822624942796716
0 3 0 2 -1  0.135085
9166941606353039111
4 6 5 7 -1  0.00246503
9167062884601983179
1 4 2 4 -1  0.0202755
9167248263836432082
1 0 3 0 -1  -0.0343368
9167350250999755716
2 1 1 0 -1  0.185302
9167746923851406706
3 3 4 3 -1  0.135085
9167915073297209569
5 7 5 3 -1  0.0250315
9167986195904347199
3 3 5 2 -1  -0.135085
9168050013610298667
3 4 4 5 -1  -0.150095
9168278961609495529
0 6 0 5 -1  -0.0423911
9168285784582953816
3 3 4 2 -1  0.9
9168497464061951822
3 6 2 7 -1  0.81
9168789113575693845
0 1 1 3 -1  -0.0581497
9169070811798708369
2 5 1 3 -1  -0.00145558
9169072195637105932
5 5 5 4 -1  -0.81
9169357951631176467
5 7 6 7 -1  -0.81
9169540590554083598
0 4 0 5 -1  -0.0250315
9169681217472403247
4 4 5 3 -1  -0.38742
9169702005453214497
0 0 0 2 -1  -0.0471013
9169722340406512958
2 1 3 1 -1  -0.135085
9169743707230581719
5 2 4 1 -1  0.348678
9169774598997581179
0 5 0 3 -1  -0.00179701
9169799713957025592
0 5 2 7 -1  -0.0133028
9169836743846214699
0 4 0 6 -1  -0.000773553
9170264663751761221
4 4 7 1 -1  -0.59049
9170419741168597395
7 5 0 5 -1  -0.254186
9170610492959464834
4 7 6 6 -1  0.0717897
9170673131152324779
3 6 4 4 -1  -0.6561
9170715337987439178
1 7 2 7 -1  -0.0717897
9170803261130860437
0 5 1 6 -1  0.00117902
9170896270900769360
1 4 3 4 -1  0.228768
9170945533478232568
0 3 3 0 -1  -0.166772
9170968426782497513
4 3 4 4 -1  -0.31381
9171002433142280927
1 7 3 7 -1  -0.430467
9171049353447088460
1 7 1 3 -1  -0.0423911
9171114318790596190
0 5 1 5 -1  1
9171241732323742643
6 6 6 5 -1  -0.59049
9171286025091294775
0 5 1 5 -1  -0.150095
9171316592340618386
0 2 0 1 -1  0.038152
9171409606198105330
0 5 0 3 -1  0.0309031
9171426070737365954
3 4 4 4 -1  -0.0107753
9171512585680031223
0 3 5 3 -1  -0.166772
9171594214004441771
5 5 6 7 -1  -1
9171597008576823957
5 2 3 3 -1  -0.0523347
9171650868328620658
4 1 5 2 -1  -0.9
9171689459160362298
2 2 3 3 -1  -0.166772
9171714364109230119
1 6 2 6 -1  0.0423911
9171770269571892620
2 3 1 4 -1  0.348678
9171834137312911319
2 4 2 6 -1  0.31381
9171973689990498633
6 3 5 1 -1  1
9172130227125939145
5 5 6 7 -1  -0.81
9172155315737274265
2 6 3 6 -1  -0.135085
9172155796672797834
3 3 2 5 -1  -0.228768
9172387266027498346
6 0 7 0 4  -0.430467
9172550678075646805
1 2 3 1 -1  -0.254186
9172574399657170005
3 1 4 1 -1  -0.150095
9172607772922639802
5 6 5 7 -1  -0.135085
9173271522812237021
4 4 5 2 -1  -0.0107753
9173381389437486295
2 5 1 4 -1  -0.205891
9173538974333735454
4 5 5 5 -1  -0.478297
9173839677948319037
3 2 4 3 -1  -0.478297
9174219205033833939
3 5 2 6 -1  0.531441
9174493245868445393
0 3 1 4 -1  -0.0717897
9174758660397542020
2 1 5 4 -1  -0.166772
9174852113390395209
0 3 1 3 -1  -0.0107753
9174959497115403631
1 6 0 5 -1  -0.166772
9174971526521425680
1 2 2 3 -1  0.348678
9175026204715930292
1 7 2 7 -1  0.135085
9175107590910097993
2 1 4 2 -1  0.205891
9175221236093104148
4 3 5 4 -1  -0.31381
9175588702455508374
5 1 6 1 -1  -0.0886293
9175639596089359360
3 2 3 3 -1  0.348678
3 2 4 1 -1  0.282429
9175651499474524279
0 0 1 2 -1  0.098477
9175951350243416987
2 2 2 0 -1  -0.0225284
9176163492384591658
0 6 1 7 -1  -0.430467
9177122257711132712
4 4 5 6 -1  -0.254186
9177245047120285086
4 7 4 6 -1  -0.6561
9177250474161147143
2 3 6 3 -1  0.000218474
9177354813924617054
0 2 7 2 -1  -0.0797664
9177530849978420738
6 5 6 2 -1  -0.135085
9178040303708983625
2 6 1 5 -1  -0.205891
9178376390545659260
0 5 0 3 -1  -1.93632e-05
9178498924228440068
0 3 2 3 -1  -0.185302
9178779906639695872
1 7 2 6 -1  -0.430467
9178811681359628230
1 2 1 4 -1  -0.6561
9178848106790788943
4 1 3 3 -1  0.348678
9178854545442876735
6 5 6 3 -1  0.282429
9179023348475251449
0 2 0 1 -1  -0.478297
9179307053919834584
2 4 2 3 -1  0.00969773
9179585546134028765
1 4 0 2 -1  0.81
9179734840559896459
2 0 5 0 -1  -0.81
9179980717911738034
0 5 1 6 -1  -0.00872795
9180369102938489205
3 2 1 4 -1  -0.38742
9180377019081761798
0 0 5 0 -1  0.0309031
9180412905366790947
0 2 1 3 -1  0.205891
9180500887567020183
1 5 2 5 -1  0.135085
9180686087599691859
0 5 3 2 -1  0.00246503
9180790900299172509
5 7 6 6 -1  0.59049
9180823795892025076
7 5 7 7 -1  0.166772
9181086484198250527
2 2 3 0 -1  -0.430467
9181339698848368615
4 3 5 3 -1  -0.81
9181491571203710584
0 3 1 2 -1  -0.00304325
9181501819114758817
5 6 5 5 -1  -0.166772
9181565244076606937
2 4 4 2 -1  -0.228768
9181615442198908854
6 4 7 3 -1  -0.9
9181712117209107729
1 7 3 7 -1  -0.166772
9181741275588830670
1 4 1 5 -1  -0.109419
9181878071979795636
1 5 2 4 -1  0.6561
9181926660725656371
0 6 0 5 -1  0.254186
9182071634745353785
5 3 6 5 -1  -1
9182150466941732803
3 5 4 3 -1  -0.282429
9182165018619965070
3 3 1 4 -1  -0.59049
9182435549098894773
2 1 0 1 -1  0.0278128
9182916062662386885
3 1 5 3 -1  -0.00515377
9183024523197712783
6 0 4 1 -1  0.098477
9183057218346535232
1 0 3 0 -1  -0.531441
9183122762113433463
2 6 3 6 -1  -0.0523347
9183262822533902371
4 2 5 1 -1  0.109419
9183294140110461388
2 4 0 4 -1  -0.038152
9183315303216953499
4 5 5 6 -1  -1
9183337745081595141
0 5 5 5 -1  -0.430467
9183457492048092694
0 1 2 2 -1  -0.121577
9183730178873998498
2 1 4 3 -1  -0.268223
9184043258720182647
3 0 4 2 -1  0.0343368
9184528609682525643
3 4 3 5 -1  -0.81
9184809730520514639
4 2 4 6 -1  -0.6561
9184844312943569483
0 5 1 4 -1  -0.0119725
9184897332573051812
3 1 5 3 -1  -0.478297
9184918217794104446
0 1 2 2 -1  -0.00117251
0 4 0 6 -1  0.0891217
9184952428808043317
0 5 2 3 -1  0.03262
9185177641167855988
2 1 3 2 -1  0.729
9185247881789409342
0 3 2 5 -1  -0.0225284
9185297980737842310
0 4 0 5 -1  -0.31381
9185457742900662349
4 4 2 3 -1  -0.135085
9185595111769905816
0 2 2 4 -1  -0.0886293
9186014276346806093
1 4 2 4 -1  -0.430467
9186093229323251422
2 4 4 3 -1  0.478297
9186160019974330965
5 7 4 6 -1  -0.81
9186184939985622434
1 7 3 7 -1  0.282429
9186241975358908657
1 1 2 1 -1  0.0250315
9186480746487175578
0 2 7 2 -1  0.00515377
9187056414795395142
4 0 5 0 -1  0.254186
9187084746097054835
2 5 3 5 -1  0.6561
9187251804318682319
0 5 1 4 -1  -0.0423911
9187266494829028445
6 2 5 1 -1  -0.150095
9187270628590965998
1 7 3 7 -1  -0.531441
9187409261905916059
3 5 1 7 -1  -0.0309031
9187660769513231742
2 2 4 3 -1  -0.0225284
9187694966040005940
1 6 2 6 -1  -0.0646108
9187820157642002467
1 6 0 6 -1  -0.00145558
9187828459944349293
2 3 3 3 -1  0.531441
9188124905287648539
2 5 1 4 -1  0.478297
9188143594364507580
1 1 1 2 -1  -0.0423911
9188444682365401085
3 2 4 2 -1  -0.38742
9188449136683456591
1 1 2 0 -1  -0.135085
9188475772539005928
5 1 7 1 -1  -1
9188657433502534715
5 3 6 3 -1  -0.00872795
9188684112162416803
1 6 2 6 -1  0.0309031
9188859510251987329
1 1 2 1 -1  0.00338139
9188865370694952137
0 4 0 6 -1  -0.00417455
9188990198873293949
0 3 5 3 -1  -0.729
9189233507722334545
0 3 4 3 -1  -0.478297
9189285138805991792
3 5 4 7 -1  -0.0581497
9189292744371427467
4 4 2 2 -1  -0.0225284
9189297919508045833
1 5 3 5 -1  0.098477
9189302232022220829
4 5 6 3 -1  0.0646108
9189594835174506399
0 5 6 5 -1  -0.729
9189837551818025293
2 2 3 4 -1  0.0343368
9189917214334380514
0 6 0 7 -1  -0.282429
9190287143846276674
2 6 3 6 -1  -0.59049
9190430178504051312
2 1 2 0 -1  -0.0423911
9190446128179784960
2 2 4 3 -1  -0.59049
9190512577833711381
2 6 1 6 -1  0.0886293
9190528438642267179
6 1 6 3 -1  -0.0164232
9190569208449892810
2 6 3 6 -1  0.282429
9190728835899712240
2 2 1 4 -1  0.121577
9190792661836980491
3 1 4 0 -1  -0.109419
9190820532367352817
0 1 1 3 -1  -0.0581497
9190965746396395710
0 5 4 1 -1  -0.00273892
9190979709354044985
0 3 6 3 -1  0.478297
9191023287821854648
1 7 2 5 -1  -0.0225284
9191234721627191124
3 1 4 1 -1  -0.478297
9191260831308537829
1 5 3 6 -1  0.478297
9191506084767873402
3 3 1 2 -1  -0.00463839
9191540435578153158
0 2 4 6 -1  -0.0797664
9191782149385447756
0 6 0 2 -1  -0.00463839
9191853334382330218
1 3 2 4 -1  -0.127821
9191940645180778061
6 0 6 1 -1  0.109419
9192035314797463065
2 2 4 3 -1  -0.0343368
9192139224089192777
2 6 4 5 -1  3.27918e-05
9192156667849660006
3 3 4 2 -1  -0.0250315
9192175990042966414
4 6 5 5 -1  0.31381
9192495248309454490
3 4 2 4 -1  -0.000369988
9192595865151935332
1 3 1 4 -1  -0.00273892
9192646908582571295
1 5 3 5 -1  -0.135085
4 4 7 1 -1  -0.0886293
9192741573110334573
2 5 0 5 -1  -0.00106111
9192794902944798141
1 5 3 5 -1  0.348678
9192821639037106823
0 3 3 3 -1  -0.150095
9192934444693407645
0 3 0 7 -1  -0.729
9193193493916948200
1 1 2 2 -1  0.123558
9193325981845063931
1 0 3 0 -1  -0.0717897
9193496011771718663
3 0 4 0 -1  -0.0309031
9193871106975483298
3 3 4 3 -1  -0.0147809
9193908021537172571
0 4 0 6 -1  -0.0119725
9194082680529814737
0 2 4 6 -1  -0.0523347
9194207630620685051
1 3 2 5 -1  -0.282429
9194254471875217673
3 6 4 6 -1  0.0278128
9194255579865499189
0 6 1 4 -1  0.0290032
9194270643695838818
4 6 4 7 -1  -0.38742
9194361524086510807
1 6 2 6 -1  -0.430467
9194448220731727228
3 5 4 4 -1  0.38742
9194553061939824735
0 6 0 1 -1  0.0203882
9194674022329204235
2 2 1 4 -1  -0.121577
9194681995137917337
0 4 0 5 -1  -0.098477
9194700385887047490
0 7 1 6 -1  0.348678
9194709484303937488
1 6 3 6 -1  -0.9
9194720073404342099
1 3 3 4 -1  0.0133028
9194913841330891305
0 5 2 4 -1  -0.0164232
9194917776281332714
1 5 1 6 -1  -0.135085
9195091862555826972
1 4 5 4 -1  0.150095
9195154588807748908
3 7 4 7 -1  -0.59049
9195155015792201394
1 2 3 3 -1  -0.121577
9195505386293331909
7 5 7 6 -1  -1
9195525116989390217
1 6 2 7 -1  -0.0523347
9195625338030969201
4 6 3 5 -1  -0.109419
9195670397805594157
2 3 3 3 -1  -0.205891
9195748638037496261
0 1 2 0 -1  -0.00304325
0 2 4 6 -1  0.0107753
0 5 0 4 -1  0.00211956
9196156431071551740
2 4 4 3 -1  -0.00221853
9196314699124043367
3 3 4 4 -1  0.00199668
9196512175936520052
3 3 4 2 -1  0.00029969
9196593429705888768
0 2 0 5 -1  0.0202755
9196638180237063446
0 5 0 3 -1  -0.0797664
9196641036604431582
5 0 7 2 -1  -0.9
9196681990499171963
3 2 2 4 -1  -0.000116106
9197015741111694951
5 3 7 3 -1  0.348678
9197047575135692217
3 6 3 5 -1  -0.478297
9197293618162624868
2 1 3 1 -1  -0.038152
9197309277824929973
0 2 1 2 -1  0.729
9197376961933240708
1 6 3 6 -1  0.0581497
9197936336892914543
4 2 3 2 -1  -0.185302
9198039972858576957
0 2 2 0 -1  0.531441
9198047955584934216
0 5 0 4 -1  0.282429
9198174395896078383
1 3 2 5 -1  0.38742
9198229121776294129
4 5 4 7 -1  -0.6561
9198564053801826160
0 0 0 2 -1  -0.150095
9198931888865335928
6 2 7 0 -1  -0.0423911
9199628442176065630
0 5 3 5 -1  -0.430467
9199876304222787010
0 5 0 4 -1  0.205891
9200102455000518782
0 6 2 5 -1  -0.00221853
3 4 5 5 -1  0.00872795
9200122041054768948
3 3 1 4 -1  0.0164232
9200442187229075386
3 6 4 7 -1  -0.150095
9200463712220721107
1 7 2 7 -1  0.205891
9200844856835519899
1 3 3 3 -1  0.0147809
9200967298577011575
2 1 3 1 -1  0.348678
9201090166444163065
2 5 3 4 -1  -0.109419
9201096756561508262
0 4 2 2 -1  -0.135085
9201221517776577401
2 4 4 2 -1  0.59049
9201435796425888761
0 5 1 4 -1  -0.0581497
9201553526585811612
1 6 2 6 -1  -0.729
9201713484913001618
1 0 2 0 -1  0.166772
9201850718882914236
2 5 1 4 -1  0.9
9202440077111993804
3 3 4 4 -1  -0.81
9202615013399833217
1 3 3 2 -1  -0.59049
9202684954869101908
0 3 1 3 -1  -0.0278128
9202791960481074852
0 5 2 3 -1  -0.205891
9202812495299994704
7 3 6 3 -1  -0.282429
9202812566012879305
5 0 5 4 -1  -0.0581497
9202856183630341578
3 3 4 3 -1  -3.27918e-05
9202892296011455462
5 7 5 4 -1  -0.729
9202939396714695669
1 1 2 2 -1  -0.0886293
9202962640204607671
2 4 3 5 -1  0.0423911
9203014511556146073
2 7 3 7 -1  0.81
9203348479160245998
0 0 6 0 -1  -0.0797664
9203374642574687909
0 5 0 0 -1  -0.205891
9203420686385735454
2 4 3 3 -1  0.00515377
9203450164019416954
0 6 2 5 -1  -0.348678
9203516197377812060
0 3 1 2 -1  -0.0107753
9203518857695855042
2 7 1 6 -1  0.59049
9203760425429206983
3 5 2 6 -1  -0.098477
9203982893866862517
3 1 4 2 -1  0.31381
9204094799301221251
5 2 4 2 -1  -0.038152
9204316708872300371
1 3 2 2 -1  -0.348678
9204398455899486815
0 1 2 1 -1  -0.0225284
9204473668463404118
1 4 0 4 -1  0.6561
9204663237617477167
0 6 1 7 -1  -0.166772
9204828432330808665
1 5 2 4 -1  0.185302
9205151997520649116
5 2 5 1 -1  0.531441
9205276047552038642
1 1 2 2 -1  -0.0225284
9205414544294168046
0 3 5 3 -1  -0.9
9205455759596041637
1 3 1 5 -1  -0.31381
9205458082872220009
1 0 3 0 -1  0.282429
9205883924946100365
2 7 3 7 -1  0.000773553
9206336673274621505
5 3 6 3 -1  -0.81
9206481588778850626
5 4 4 3 -1  -0.38742
9206503315258948277
0 3 2 5 -1  -0.0133028
9206516166876400042
1 7 3 7 -1  0.0646108
9206653757956476014
0 2 2 4 -1  -0.000859503
9207376119985101135
0 2 3 5 -1  -0.0119725
9207407832042564468
3 2 4 3 -1  -0.00785516
9207644145425271103
3 7 4 7 -1  -0.282429
9207644751432133299
0 1 2 1 -1  0.0250315
9207696660100784481
0 3 2 5 -1  0.0581497
9207802875191960182
2 7 5 4 -1  -0.38742
9207913677907024032
3 3 4 3 -1  0.0423911
9207963193249658067
0 7 1 6 -1  0.9
9207970368563554433
1 1 3 1 -1  0.018248
9208126883041010148
1 4 3 4 -1  0.00199668
9208389303945552048
1 2 6 2 -1  0.135085
9208435931729808439
4 6 6 4 -1  -0.531441
9208829881561429858
3 3 4 3 -1  -0.00145558
9208989458336868447
1 5 1 6 -1  0.00246503
9209296065855469766
1 4 4 1 -1  -0.729
9209328242931110361
6 2 6 3 -1  0.38742
9209339445734459447
1 1 4 4 -1  -0.098477
9209666166746509120
1 2 3 0 -1  0.0581497
9209758237008820638
0 0 0 2 -1  0.228768
9209835894120988448
4 5 0 5 -1  0.150095
9210104125596075764
2 7 3 6 -1  -0.254186
9210111383566671334
3 4 5 4 -1  -0.729
9210183467700633172
2 1 2 2 -1  -0.121577
9210198072569646238
3 4 4 4 -1  -0.109419
9210337725669771890
2 1 0 3 -1  0.348678
9210473133375222323
5 2 5 3 -1  0.38742
9210640386785454743
0 0 0 2 -1  -0.0471013
9210674592824475540
0 1 2 2 -1  0.0886293
9210777194579503379
0 3 0 4 -1  0.0250315
9210788478073933854
2 4 3 2 -1  0.166772
9210897384353748800
0 4 0 6 -1  0.0717897
9210914736892903298
0 3 4 3 -1  -0.166772
9211213948037078821
0 7 1 6 -1  -0.81
9211449222457711521
4 2 2 4 -1  -0.0581497
9211546561816889891
0 4 0 2 -1  0.135085
0 6 1 4 -1  -0.0581497
9211569398144826985
2 1 4 2 -1  -0.729
9211660302665903250
2 2 1 4 -1  -0.0202755
9211685913519709390
0 2 2 4 -1  0.0202755
9211710067755629184
1 1 2 2 -1  -0.0581497
9211965772009328309
2 0 1 1 -1  0.00636268
9212059740405259927
3 2 4 3 -1  -0.205891
9212506040296306422
1 6 0 6 -1  0.9
9212589999957025577
6 0 2 4 -1  0.121577
9212937538733324320
1 4 3 4 -1  -0.729
9212983820921026772
0 2 3 5 -1  -0.00969773
9213154928653763372
4 0 6 2 -1  -1
9213396034123036813
2 2 4 0 -1  0.0309031
9213479386953590571
3 5 5 3 -1  -0.150095
9213484842188274609
1 7 2 7 -1  -0.121577
9213657380472622544
4 4 3 2 -1  0.121577
9213673941478924853
2 6 5 3 -1  0.0581497
9213788011080358167
0 2 1 2 -1  0.348678
9213801043244792585
2 3 4 5 -1  0.31381
9213963308958106676
1 1 2 2 -1  0.729
9214037260250913232
5 3 6 4 -1  0.59049
9214066645289442415
4 3 5 2 -1  -0.254186
9214275069792401929
0 3 0 2 -1  1.93632e-05
3 2 1 3 -1  1.56842e-05
9214315940063985033
0 1 2 2 -1  0.0422024
9214441386863728745
1 4 2 6 -1  0.0886293
9214443590927812054
0 2 1 3 -1  -0.135085
9214503551277371480
0 2 3 5 -1  -0.0646108
9214522195903828348
0 0 0 2 -1  0.0471013
9214862680459123302
4 6 5 6 -1  -0.00199668
9214868514692612718
4 4 6 4 -1  0.135085
9214902436134121559
0 6 1 4 -1  -0.0250315
9214966309526578856
2 4 3 5 -1  0.0107753
9215358381422531073
3 4 4 5 -1  -0.121577
9215652717844130471
4 7 0 3 -1  -0.00161731
9215982954778276047
2 5 3 4 -1  0.348678
9216175088211537086
0 7 0 5 -1  -0.205891
9216298201206169145
4 3 4 2 -1  -0.228768
9216332746086699874
0 3 2 3 -1  0.0471013
9216373590054886930
0 3 0 5 -1  0.348678
9216596816260672543
2 4 3 3 -1  -0.31381
9216680351548125585
1 6 4 3 -1  -0.282429
9216681204878793971
2 4 3 3 -1  0.0535956
9216703518700881735
2 4 4 5 -1  -0.348678
9216798427186140671
4 4 5 4 -1  -0.59049
9216825218858598241
0 2 3 2 -1  -0.282429
9216877662291692487
5 3 6 3 -1  0.729
9217009075422613375
7 4 6 5 -1  0.0133028
9217041947103130477
1 6 2 5 -1  -0.109419
9217042564617800259
4 1 5 1 -1  -0.531441
9217077211945798936
0 0 0 2 -1  -0.0107753
9217221923685524905
1 2 1 4 -1  0.228768
9217240132170746744
0 6 2 5 -1  0.0343368
9217303666696379356
2 1 1 0 -1  -0.0590734
9217365135397332822
5 0 6 0 -1  -0.0423911
9217419609622478274
6 3 6 1 -1  -0.38742
9217435600736263825
1 3 0 5 -1  0.0133028
9217540992863617551
0 4 0 6 -1  -0.0222573
1 2 3 2 -1  -0.166772
9217628559289440513
4 3 5 2 -1  0.0423911
9218021202116844442
6 5 4 6 -1  0.0886293
9218028257332351139
3 7 4 5 -1  -0.121577
9218115754624796499
7 4 5 4 -1  -0.81
9218152462982241232
5 1 2 1 -1  0.0646108
9218244611047629907
0 1 1 3 -1  0.0119725
9218262276006937996
0 3 1 4 -1  0.098477
9218461314242103135
0 4 0 5 -1  0.0278128
9218530803016916848
2 2 1 4 -1  -0.228768
9218593406327209307
0 2 1 2 -1  -0.109419
9218655349146006300
3 3 1 5 -1  0.000696197
9218762812278561979
0 5 0 3 -1  -0.0250315
9218795691922843126
0 6 1 5 -1  -0.9
9218809139018034338
2 0 1 2 -1  -0.0471013
9219030054117718304
4 2 5 4 -1  -0.531441
9219077216765687212
2 1 4 2 -1  -0.9
9219270901095072073
1 1 2 1 -1  -0.109419
9219334152750820176
3 2 4 2 -1  -0.00636268
9219541727294043017
4 3 2 4 -1  -0.121577
9219550170089773207
0 6 2 5 -1  0.098477
1 0 2 0 -1  0.00096304
3 2 4 3 -1  -0.00725557
9219666591753997226
3 6 4 6 -1  -0.150095
9219668730420044668
4 6 1 3 -1  -0.205891
9220116851001014594
4 3 5 4 -1  -0.729
9220143916147913365
1 4 2 2 -1  -0.0202755
9220230778580735179
3 3 4 3 -1  -0.109419
9220258589766559786
1 2 3 3 -1  -0.282429
9220279093917602090
0 0 0 3 -1  0.0797664
9220531246312978728
6 2 6 4 -1  0.00273892
9220575021546790890
0 1 0 3 -1  -0.038152
9220905591011869627
0 6 0 7 -1  -0.135085
9220931912661429053
0 5 2 6 -1  0.0133028
9220937073111642332
4 4 3 5 -1  0.9
9221092841484443504
2 1 1 2 -1  0.150095
9221247640548415386
0 3 0 5 -1  -0.0523347
9221368080539077271
5 4 5 1 -1  0.038152
9221752171856885634
0 6 2 5 -1  -0.0123442
1 2 2 2 -1  0.00304325
3 3 4 2 -1  -0.0379188
9221922893153187275
6 0 6 6 -1  -0.531441
9221984716348385290
0 1 1 1 -1  -0.00417455
9222016166739239010
0 2 1 1 -1  0.098477
9222279294648959949
3 5 5 4 -1  0.038152
9222524348293185420
2 2 3 2 -1  -0.0343368
9222536904850505696
2 2 4 3 -1  0.0646108
9222832737214323459
4 1 5 0 -1  0.0646108
9222974000949413175
1 6 3 6 -1  -0.018248
9223032506394393840
0 5 2 4 -1  0.0523347
9223088565381058125
0 3 0 4 -1  -0.135085
9223195126016716767
1 3 2 1 -1  -0.109419
9223277283602182205
3 6 2 7 -1  0.6561
9223300979995640695
0 3 0 5 -1  0.478297
9223330529690900894
1 5 6 5 -1  0.121577
9223414016009532848
1 2 3 2 -1  0.00304325
9223447161048918329
0 2 1 3 -1  0.430467
9223575557078736003
5 0 2 3 -1  -0.282429
9223580227538120080
2 6 2 4 -1  -0.478297
9223836808539127182
2 5 1 5 -1  -0.000955003
9223965931320140666
3 0 4 1 -1  -0.9
9224264146907901192
4 5 5 5 -1  -0.6561
9224302350382132287
3 5 4 5 -1  0.478297
9224420199091782251
3 1 1 3 -1  -0.9
9224514030271273347
0 4 0 6 -1  -0.00969773
9224622672081133571
0 0 0 2 -1  -0.00706964
9224797598194014542
0 5 0 3 -1  0.0523347
9224841309213317259
1 0 2 0 -1  -0.348678
9224852942698372788
0 2 1 1 -1  0.00572641
9225197874620411548
3 4 4 3 -1  -0.038152
9225417899827204441
1 5 0 5 -1  0.38742
9225526392401679979
0 2 2 4 -1  0.0646108
9225526549199954719
3 7 4 5 -1  -0.9
9225554316547427747
1 1 0 2 -1  0.6561
9225797228404352162
5 2 6 2 -1  -1
9225939548873280862
4 4 5 5 -1  0.166772
9225985397914675848
2 2 1 4 -1  0.121577
9226030341026120334
2 0 3 1 -1  -0.00463839
9226254420319314819
2 5 1 6 -1  -0.166772
9226307923992947516
0 3 1 4 -1  -0.00306843
9226330041055841460
0 2 3 5 -1  -0.038152
9226472938810115213
5 7 5 5 -1  -0.59049
9226483322410583466
3 2 4 3 -1  -0.00706964
9226604469313612161
0 5 1 6 -1  0.00785516
9226794069340572648
3 2 3 3 -1  -1
9226863788059406509
1 5 3 5 -1  -0.282429
9227664741607771671
2 3 2 1 -1  -0.205891
9227930242099364101
2 4 3 4 -1  0.038152
9227934808289912229
1 6 2 6 -1  -0.0119725
9227938452290616859
4 4 4 3 -1  -0.38742
9228091245660160933
4 6 5 5 -1  -0.0423911
9228173360535908247
0 5 1 4 -1  0.121577
9228345059906831708
0 2 4 2 -1  -0.205891
9228429397706749002
0 4 0 3 -1  -0.59049
9228453189255673826
1 6 2 7 -1  0.0250315
9228581269122213071
4 7 4 2 -1  0.0107753
9228634406232869925
1 3 0 2 -1  -0.0797664
9228638345561493337
1 1 3 1 -1  -0.000626578
9228643592447008714
1 6 2 5 -1  0.00145558
9228855393820750268
6 1 6 2 -1  -0.098477
9229078533317397184
5 6 5 7 -1  -0.9
9229154144701844619
0 3 1 5 -1  -0.166772
9229185966019463334
4 5 5 4 -1  -0.9
9229345184917482569
0 3 5 3 -1  -0.135085
9229399123738172571
0 7 2 7 -1  -0.00338139
9229457442523725305
1 5 2 5 -1  0.0343368
9229757412075773760
2 2 3 2 -1  -0.478297
9229999969723879120
3 4 1 3 -1  -0.0886293
9230324865800940231
2 2 3 2 -1  -0.0797664
9230328064934750916
2 1 2 6 -1  -0.59049
9230392582416338337
2 5 3 3 -1  -0.0646108
9230418081446727484
1 0 3 0 -1  0.098477
9230538397302321686
1 4 2 4 -1  -0.00246503
9230782266721436821
2 3 5 0 -1  -0.121577
9230932033573609010
0 5 0 4 -1  -0.059571
9231007228558572249
3 2 2 1 -1  -0.121577
9231396674717134260
2 6 1 7 -1  0.166772
9231406014427594065
0 4 0 6 -1  -0.038152
1 2 2 2 -1  -0.00785516
9231563335598206059
4 1 6 2 -1  0.9
9231736067453223125
6 5 5 4 -1  -0.6561
9232423294730300598
3 7 2 6 -1  -0.150095
9232507712557251569
0 0 0 4 -1  -0.59049
9232612125954603286
1 4 3 3 -1  -1
9232695663334008882
1 5 3 5 -1  -0.0717897
9232788646641964948
5 4 6 4 -1  0.254186
9232834724981331561
1 4 0 5 -1  0.098477
9232859806421189176
3 0 4 0 -1  -0.228768
9232878508096049127
3 3 4 2 -1  -0.185302
9233016937098817400
1 2 2 2 -1  -0.0250315
9233264978794488652
1 2 2 2 -1  0.0797664
9233505837760083412
2 1 3 1 -1  -0.478297
9233548080492222634
0 5 1 6 -1  -0.0990241
9233816135275821011
6 6 3 3 -1  -0.228768
9233913849810180876
1 0 2 0 -1  0.018248
9233913863869730387
1 7 0 7 -1  0.38742
9234075513998980149
0 3 1 2 -1  -0.0471013
9234093816681351647
3 0 4 1 -1  0.531441
9234656136543954274
3 6 4 5 -1  -0.282429
9234701204710064541
0 4 0 2 -1  -0.109419
9234858721995485591
2 0 3 1 -1  0.135085
9234887523895748155
0 4 0 6 -1  -0.0593763
9234903389669172459
1 5 3 5 -1  -0.00463839
9234915274751096271
0 3 1 3 -1  0.00145558
9234943063221651793
0 2 2 4 -1  0.0423911
9235060647446210712
0 1 1 3 -1  -0.228768
9235077703107269519
0 6 2 5 -1  0.00528765
9235086626121222551
0 0 0 3 -1  -0.81
9235167156890586279
1 2 2 2 -1  0.31381
9235436962847279770
0 4 0 6 -1  0.0471013
9235488415404702073
3 5 5 3 -1  0.38742
9235928324785013424
1 6 3 6 -1  -0.166772
9235972179577511276
3 2 4 3 -1  -0.00969773
9236056248043646494
1 5 3 5 -1  0.228768
9236349983297047391
4 6 3 7 -1  -0.0523347
9236572686935634679
3 5 4 5 -1  -0.531441
9236660951290544526
1 6 1 5 -1  -0.0581497
9237049655143195943
3 0 4 1 -1  0.0471013
9237204024924888827
5 6 7 7 -1  -0.0278128
9237207054228313816
2 7 3 7 -1  -0.109419
9237356896639809238
0 4 0 6 -1  -0.0147809
3 0 4 2 -1  -0.0250315
3 3 4 2 -1  -0.00338139
9237537726905128719
0 3 6 3 -1  0.59049
9237583142391797140
2 2 3 1 -1  -0.59049
9237696209934766778
0 3 2 1 -1  -0.0423911
9237726671185519034
2 5 2 4 -1  0.186331
9237738437371086970
3 3 5 2 -1  -0.59049
9237773436376192776
4 4 2 2 -1  0.348678
9237908074982319578
1 6 3 6 -1  -0.0886293
9238043148374981345
5 5 6 7 -1  -1
9238069561333145989
3 3 3 2 -1  0.729
9238175228489442108
4 3 5 4 -1  -0.430467
9238251330478482324
0 4 2 5 -1  -0.0717897
9238548482146906314
4 1 3 1 -1  0.348678
9238570601249340318
1 3 1 5 -1  0.038152
9238773762190910870
3 5 4 5 -1  0.430467
9238783085383316852
0 3 4 3 -1  -0.31381
9238852444491206952
0 5 0 3 -1  -0.109419
9239079388738906483
0 2 2 2 -1  -0.166772
9239095768256990441
0 4 1 3 -1  -0.0250315
9239192580883361560
0 5 0 4 -1  -0.135085
9239218643164789416
3 5 4 4 -1  0.098477
9239508265518493633
1 4 4 1 -1  -0.0250315
9239588680715711112
2 2 4 3 -1  -0.121577
9239782652519112099
0 3 1 4 -1  0.038152
9239825867462513173
4 6 1 3 -1  -0.282429
9239839457678369417
2 5 4 6 -1  -0.00969773
9240076492355278179
1 1 2 1 -1  -0.0717897
9240254890599551613
1 2 1 4 -1  -0.38742
9240259366374162277
2 6 4 4 -1  -0.282429
9240297680452956327
2 5 3 3 -1  0.0471013
9240316917624288603
0 3 2 3 -1  -0.81
9240544555446317753
2 2 1 2 -1  0.098477
9241167089719234839
0 1 1 3 -1  0.228768
9241264208596120129
4 0 5 0 -1  -0.166772
9241336111567051977
1 6 2 7 -1  0.0343368
9241545413695570579
4 4 6 3 -1  -0.00572641
9241634664767807002
1 5 3 3 -1  -0.00785516
9241945818918448972
0 5 1 6 -1  -0.0388694
9242061199516269143
5 5 5 3 -1  -0.0225284
9242089974529228492
3 2 4 3 -1  -0.0309031
9242376386956604461
6 2 5 1 -1  0.185302
9242473684048004453
0 3 1 3 -1  -0.0119725
9242506215226107751
5 4 5 7 -1  -0.205891
9242982707639377344
2 5 3 7 -1  -0.121577
9243010826823213414
3 4 1 4 -1  0.0471013
9243089251340512993
2 2 3 1 -1  -0.098477
9243099744928208485
2 2 3 2 -1  0.0309031
9243327985614174040
3 2 4 1 -1  -0.00338139
9243361689731086910
3 7 4 5 -1  -0.00417455
9243493795192795619
2 2 1 3 -1  -0.109419
9243508085774757632
2 3 4 3 -1  0.0886293
9243528541236439784
0 2 1 3 -1  -0.00785516
1 6 2 6 -1  -0.00969773
9243700011087242806
2 6 4 5 -1  0.109419
9243994494735245090
3 1 4 0 -1  0.121577
9244002144714925915
6 0 2 4 -1  -0.228768
9244350541721244375
0 3 2 5 -1  1
9244354523065113623
0 5 1 6 -1  0.038152
9244402681129324609
0 0 0 5 -1  -0.430467
9244439370043000943
1 5 3 5 -1  -0.478297
9244621130583597282
0 5 1 5 -1  -0.282429
9244643616112332798
3 4 4 6 -1  -0.81
9244925902408008028
5 7 6 6 -1  -0.150095
9245044845732980605
5 4 6 5 -1  -0.254186
9245068057446725129
2 1 0 3 -1  -0.0471013
9245327013728349875
2 6 3 6 -1  -0.282429
9245411895966901106
4 2 5 1 -1  0.185302
9245479795506539422
2 3 3 2 -1  -0.185302
9245668150845892858
3 4 2 2 -1  0.9
9245734429826607963
0 7 0 6 -1  -0.0107753
9245973226956058066
3 2 4 3 -1  -0.00106111
9245998543828628117
3 5 4 5 -1  -1
9246098875530807141
2 1 2 6 -1  -0.9
9246270456300028236
0 5 3 2 -1  -0.00463839
0 6 2 5 -1  0.0225284
9246327341388058875
2 1 3 3 -1  -0.0309031
9246457959487226832
0 5 0 4 -1  0.9
9246831587770903300
3 2 4 3 -1  0.000269721
9246884767553366079
4 4 7 1 -1  -0.59049
9247247852039791294
2 1 1 0 -1  -0.348678
9247355888898649341
1 3 5 3 -1  -0.0119725
9247369061691729442
2 6 4 4 -1  -0.729
9247490956474874348
0 0 1 0 -1  0.0886293
9247692911423665684
1 5 3 5 -1  -0.166772
9247868880781103351
4 2 5 2 -1  -0.098477
9247906881127388908
0 1 1 2 -1  -0.166772
9248077787829645633
0 5 0 3 -1  -0.0423911
9248130408022434172
6 4 6 5 -1  -0.254186
9248401498802859952
1 2 0 1 -1  0.0886293
9248462888981340877
1 6 1 7 -1  0.00636268
9248507224767058730
2 6 4 7 -1  0.0717897
9248850090254123326
2 3 4 3 -1  0.00221853
9248924484365762400
4 4 2 3 -1  0.729
9249023946855460805
0 4 0 1 -1  -0.098477
9249058891483753291
2 0 3 0 -1  -0.478297
9249126690808615966
4 0 4 1 -1  -0.430467
9249408961333446552
3 5 4 3 -1  -0.348678
9249571892442299654
2 5 1 3 -1  0.00969773
9249594929120849690
0 6 1 7 -1  -0.0119725
9249785779602944817
6 0 6 6 -1  -0.81
9249914655323516141
2 0 2 1 -1  -0.0523347
9249975072268492565
7 5 4 5 -1  -0.228768
9250332747301074733
6 2 6 6 -1  -0.0225284
9250382961933494476
1 4 2 5 -1  -0.81
9250535870397457018
4 0 4 1 -1  -0.150095
9250550027933168544
2 1 3 0 -1  -0.109419
9250585598231985997
1 2 2 4 -1  -0.038152
9250685519950949146
2 6 3 5 -1  0.729
9250724561751891789
2 1 7 6 -1  -0.729
9250847222733671113
1 2 1 3 -1  0.81
9250940805044435912
0 3 2 1 -1  -0.00651597
9251001800203095547
2 5 1 7 -1  0.0225284
9251012338202027308
2 5 4 4 -1  -0.166772
9251063367627234421
1 3 6 3 -1  -0.81
9251122068798911107
2 1 3 1 -1  -0.348678
9251165477705691572
1 7 2 7 -1  -0.00685048
9251395486954007337
2 4 3 3 -1  -0.0309031
9251527473967812395
2 3 3 2 -1  -0.59049
9251534578419075902
5 2 7 0 -1  -0.255599
9251574791065590997
4 5 3 6 -1  -0.9
9251603884988391033
1 3 5 3 -1  -0.00572641
9251722662609463891
1 2 6 2 -1  -0.135085
9251766110478106268
1 6 4 3 -1  -0.254186
9251960897745744169
4 4 5 4 -1  -0.38742
9252326647810531220
1 6 2 6 -1  -0.0136516
9252338774222149358
0 1 1 3 -1  0.0646108
9252654918598502049
2 7 3 7 -1  0.0886293
9252668876233169474
1 7 0 6 -1  -0.098477
9252737145890620829
1 5 2 5 -1  -0.0523347
9252811344384215417
2 2 4 3 -1  -0.282429
9253019130385806417
2 4 4 2 -1  -0.185302
9253019970655358671
2 5 3 3 -1  -0.31381
9253097863415995987
1 6 2 6 -1  -0.00304325
9253147781730765850
4 5 6 4 -1  -0.254186
9253195886071203920
1 2 3 0 -1  -0.0293487
1 2 4 5 -1  -0.0230758
9253377231927186963
0 4 2 4 -1  0.0423911
9253452308520785514
3 4 5 2 -1  -0.31381
9253700108730749837
5 4 6 4 -1  0.6561
9253834654982056949
2 4 3 3 -1  -0.00273892
9254074638765361237
3 3 4 5 -1  0.0309031
9254209705477294190
3 0 1 1 -1  -0.0202755
9254491876822668168
2 7 3 7 -1  -0.0581497
9254679390222034636
3 2 4 3 -1  -0.0147809
9254817189740850188
0 6 0 5 -1  0.150095
9254949690463312065
3 0 4 1 -1  0.0147809
9254994064576830826
2 6 5 3 -1  -0.348678
9255105840775448311
2 2 3 3 -1  -0.0164232
9255325834159107688
1 6 4 3 -1  0.228768
9255330975514300038
5 2 7 2 -1  -0.9
9255341703323758376
1 2 2 1 -1  -0.81
9255452274648847454
1 2 2 3 -1  0.098477
