11281811686260723015
3 3 4 3 -1  -0.228768
11281827116877631673
2 5 1 4 -1  0.185302
11281930371776080410
4 3 3 5 -1  0.0164232
11281946582855720417
4 2 6 1 -1  -0.81
11282083550536661873
2 3 3 5 -1  -0.38742
11282180155908990916
0 3 1 2 -1  0.000147881
1 7 2 7 -1  -0.00199668
11282323077407751523
2 2 3 2 -1  -0.0886293
11282332741554605488
0 4 0 6 -1  0.430467
11282605865328778995
6 0 7 0 -1  0.000859503
11282610001137819111
3 3 4 1 -1  -0.150095
11282670326047226527
0 1 1 3 -1  -0.00161731
11282706270325773133
1 5 2 5 -1  -0.150095
11283007363117515987
4 0 4 2 -1  -0.000773553
11283017953499803968
0 2 2 0 -1  0.38742
11283027875015620566
1 0 2 1 -1  -0.228768
11283255579783763591
0 3 7 3 -1  0.00785516
11283390924580906784
2 4 2 3 -1  -0.478297
11283500274057016436
3 4 4 3 -1  -0.00199668
11283661625807237745
0 5 1 6 -1  0.38742
11283718827695657788
0 6 0 5 -1  0.038152
11283991419263095714
5 3 6 3 -1  0.729
11284025513667771389
1 4 0 4 -1  -0.430467
11284084229819013464
0 3 1 2 -1  0.0309031
11284159252001346444
1 2 2 2 -1  -0.0119725
11284289069872423598
0 2 6 2 -1  0.0581497
11284495621534815931
4 0 5 2 -1  0.38742
11284509631814686016
6 5 5 5 -1  -0.0309031
11284734144407671211
2 4 1 2 -1  -0.531441
11284991190514436882
6 0 6 1 -1  0.109419
11285019108936364522
0 4 0 7 -1  -0.0309031
11285033953861348862
1 1 2 2 -1  0.0250315
11285109448000044561
1 2 3 4 -1  -0.0523347
11285113945270123111
0 5 0 4 -1  -0.000242749
11285160026689856745
1 2 2 2 -1  0.038152
11285166536174346533
7 1 7 3 -1  0.254186
11285203137348606407
1 1 2 2 -1  0.00636268
11285394726776636449
3 2 4 3 -1  -0.0119725
11285553997722474719
5 7 3 7 -1  -0.00572641
11285602373550516974
1 1 3 3 -1  -0.185302
11285819211179967991
3 7 4 6 -1  -0.0886293
11285833017345097558
1 2 2 2 -1  -0.018248
11285886989972848375
3 3 4 3 -1  -0.0717897
11285957191757327611
1 0 2 0 -1  0.0646108
11286063883311817036
2 5 4 5 -1  -0.0343368
11286190025057130345
1 4 4 1 -1  -0.348678
11286360444107202514
2 6 4 5 -1  -0.135085
11286439141178179614
0 5 2 6 -1  0.00515377
11286544712528049194
3 3 3 0 -1  -0.348678
11286549879878757220
4 2 5 4 -1  -0.00417455
11286589897024463560
2 2 1 4 -1  -0.0581497
11286712387137070349
5 5 5 1 -1  -0.81
11287060061689772613
1 7 3 7 -1  0.0202755
11287072116093285652
0 2 2 2 -1  -0.38742
11287075507873789124
7 7 6 7 -1  0.0646108
11287113221290191103
0 5 2 6 -1  -0.109419
11287156012203921653
1 7 3 7 -1  0.205891
11287447349617385596
5 7 3 6 -1  -0.6561
11287503958803646171
1 5 1 6 -1  0.254186
11287678422655986894
1 3 1 2 -1  0.0423911
11287817823067222566
2 7 3 7 -1  0.729
11288027627302165627
1 6 2 6 -1  -0.0309031
11288031023710082586
3 5 1 3 -1  -0.59049
11288067861909709884
5 6 5 5 -1  -0.6561
11288070372979771723
1 5 2 5 -1  0.0581497
11288243667686452511
0 5 2 6 -1  -0.098477
11288353900720331386
4 0 5 2 -1  -1
11288388982768202773
1 7 3 7 -1  -0.6561
11288396738940825164
4 0 4 2 -1  -0.0581497
11288465879719653956
2 2 3 4 -1  0.038152
11288533833865962057
0 5 7 5 -1  -0.205891
11288557883564861913
0 0 0 3 -1  0.0581497
11288606915350028901
1 7 2 6 -1  -0.254186
11288650688259142158
2 4 5 4 -1  0.0523347
11288802863182683355
1 4 2 4 -1  -0.348678
11288813920831793935
1 2 3 2 -1  -0.0471013
11288826391399415325
0 4 0 6 -1  0.0164232
11289084467377349503
3 4 4 3 -1  -0.9
11289205240653530774
1 0 2 0 -1  -0.0717897
11289294161786418389
3 0 4 1 -1  -0.31381
11289314069229139413
6 6 3 6 -1  -0.9
11290052497716283143
2 3 4 4 -1  0.0202755
11290337249673173433
3 3 4 1 -1  -0.31381
11290347788178307711
6 4 6 1 -1  0.185302
11290371921621580290
3 5 4 4 -1  -0.0717897
11290434585677085833
3 4 4 5 -1  -0.0423911
11290647091380029671
2 3 1 1 -1  0.0886293
11291054846904954753
5 7 1 3 -1  0.0471013
11291459481436007338
0 0 0 3 -1  -0.00145558
11291483724630164351
0 3 2 1 -1  -0.38742
11291570922131368505
3 0 2 1 -1  -0.0717897
11291657223784945902
3 4 4 3 -1  0.0423911
11291720578163600285
3 3 2 5 -1  0.0471013
11292382916655574822
4 5 3 4 -1  0.0133028
11292501255380531860
2 4 2 6 -1  -0.6561
11292623081450088574
1 5 2 5 -1  0.0164232
11292732682086901404
0 7 6 7 -1  -0.0797664
11292788980537340561
4 2 4 3 -1  0.00131002
11292803591653745078
1 1 2 1 -1  0.81
11292866842170424753
4 6 3 4 -1  -0.531441
11292989973579060544
5 4 7 6 -1  0.166772
11292991333331890809
3 0 2 0 -1  -0.00106111
11293195413781543406
1 1 2 2 -1  -0.430467
11293612692385159074
5 0 6 1 -1  -0.109419
11293668306415900717
1 5 1 3 -1  0.0471013
11293874780863811276
4 4 6 3 -1  -0.0250315
11293993762158200359
0 4 0 6 -1  0.109419
11294305887867008886
3 5 4 5 -1  -0.6561
11294322981368461396
3 4 1 2 -1  0.729
11295246826267544244
4 1 5 0 -1  -0.228768
11295254910763589098
0 2 3 2 -1  -0.0119725
11295284484155207560
1 4 2 5 -1  -0.0343368
11295327144363539477
0 6 1 6 -1  -0.0250315
11295576358850433281
5 5 3 6 -1  0.0309031
11295956260362088977
0 5 0 4 -1  0.0581497
11296004702588539114
4 0 5 0 -1  0.6561
11296007293097431892
0 3 1 3 -1  -0.00636268
11296012561129959020
0 5 1 5 -1  -0.166772
11296244100821128682
0 5 2 3 -1  -0.0420292
11296313558128563599
3 6 4 7 -1  -0.81
11296356847630766882
2 4 3 6 -1  -0.0886293
11296357904269444763
1 6 4 3 -1  -0.0581497
11296726721286352940
3 6 4 7 -1  -1
11296838075105574860
1 5 0 6 -1  0.9
11296857712817455282
2 2 3 3 -1  0.0797664
11296915586297927905
7 3 6 5 -1  -1
11297038986887084423
0 1 2 0 -1  -0.0225284
11297446623544281736
7 6 7 5 -1  0.135085
11297725168775320679
6 1 4 2 -1  -0.282429
11298043064702936319
3 2 5 4 -1  -0.0423911
11298149105379299768
1 6 2 5 -1  -0.185302
11298157388702917226
2 4 3 4 -1  0.59049
11298241679511427175
0 2 7 2 -1  -0.59049
11298354798984057803
4 2 5 2 -1  -0.478297
11298526801201843044
2 5 3 6 -1  0.59049
11298598325999895500
6 0 4 2 -1  0.228768
11298607171842810850
1 7 2 7 -1  -0.0225284
11298666017541127329
5 2 6 2 -1  -0.150095
11299145921821546953
4 5 5 6 -1  -0.348678
11299455311928364334
4 3 1 0 -1  0.166772
11299518220218663457
0 0 0 1 -1  -0.0646108
11299815939254416650
3 7 2 7 -1  0.6561
11299905609315611708
0 5 1 4 -1  -0.00785516
11300018092738779158
2 1 4 0 -1  0.0471013
11300243899541542092
0 7 0 4 -1  -0.0037571
11300315343310484452
2 5 1 3 -1  -0.098477
11300394308273244008
4 1 5 1 -1  -0.729
11300564096485058153
1 2 1 3 -1  0.430467
11301108427875059852
0 2 4 6 -1  0.000129007
11301260922255626861
1 5 2 6 -1  0.478297
11301293455184601384
3 0 4 0 -1  -0.166772
11301886633425873141
2 1 3 0 -1  -0.0471013
11301910217361074541
0 4 0 0 -1  -0.348678
11301921398181917220
3 2 4 3 -1  0.0886293
11301957274334550247
3 0 4 0 -1  0.185302
11302409519784999345
0 3 1 4 -1  -0.0646108
11302614096308883971
2 5 2 6 -1  -0.0646108
11302718647687843224
1 7 3 7 -1  0.0119725
11302774500687989107
1 6 6 1 -1  -0.531441
11302878086053228633
5 3 6 1 -1  0.348678
11302920447283414044
1 0 3 0 -1  -0.121577
11303224272264733049
2 1 3 2 -1  0.31381
11303234396550843084
3 4 4 5 -1  -0.150095
11303249920581173504
1 4 0 3 -1  -0.205891
11303355158407544904
2 4 6 0 -1  -0.00872795
11303475971364861036
4 6 5 6 -1  -0.729
11303499389932771662
0 2 1 3 -1  -0.254186
11303569551315260757
1 3 4 0 -1  0.109419
11303819111187855855
4 2 2 1 -1  0.59049
11303954363089244163
0 4 0 2 -1  -0.135085
11304185099946246449
2 2 4 3 -1  -0.0797664
11304189537713333431
0 0 0 2 -1  0.0797664
11304226763453096762
2 3 5 0 -1  0.348678
11304447149979422645
0 2 2 4 -1  -0.0581497
11304601959528518811
4 3 5 2 -1  0.098477
11304615872046340832
1 5 3 5 -1  0.109419
11304627447392045125
2 3 2 5 -1  -0.166772
11304635155482154283
2 7 3 7 -1  0.205891
11304682605292858077
0 5 0 4 -1  -0.0202755
11304970814598926237
0 4 0 6 -1  0.185302
11305268013370427088
1 6 2 5 -1  -0.59049
11305408726791810100
2 4 1 3 -1  0.9
11305516028750247407
4 0 5 0 -1  -0.430467
11305636916562215642
1 2 2 2 -1  0.0471013
11305684618183434757
0 1 2 2 -1  0.0119725
11305707551379176081
1 3 5 3 -1  -0.31381
11305710454775026886
3 3 4 2 -1  0.00304325
11305766389834200460
0 4 0 6 -1  -0.0309031
11305802009086452802
1 5 2 5 -1  -0.430467
11305981997108829571
4 4 4 6 -1  0.0133767
11306053968425000458
3 4 4 4 -1  -0.282429
11306354355603473178
2 5 3 6 -1  -0.228768
11306416885227612478
4 5 5 5 -1  0.729
11306728295450978437
2 2 4 3 -1  -0.000129007
11306763295604233053
3 2 1 4 -1  -0.31381
11306771777734312374
7 5 5 7 -1  -0.59049
11306796258166947645
3 2 2 4 -1  -0.0164232
11307264474997848748
4 4 2 3 -1  0.121577
11307270224147051647
3 1 4 1 -1  0.135085
11307278243553485240
1 2 3 2 -1  -0.0646108
11307730501404628637
0 7 0 3 -1  -0.038152
11307748257547538535
6 6 6 5 -1  -0.6561
11307771240011838735
0 4 3 4 -1  0.135085
11308008987438284839
4 6 3 5 -1  0.0471013
11308386096793931426
0 6 0 7 -1  -0.038152
11308411941161522426
0 3 1 3 -1  0.0164232
11308496828039985771
3 0 4 0 -1  -0.0646108
11308497730013820265
1 5 2 6 -1  -0.59049
11308549777538672287
0 3 4 3 -1  0.0886293
11308698111241617360
2 5 2 4 -1  0.228768
11308811373754662714
4 1 5 2 -1  0.0309031
11309049356171774341
0 6 1 6 -1  0.0717897
11309052202736198947
1 2 2 1 -1  0.00273892
11309253391610804917
0 4 0 3 -1  0.00179701
11309689882599700962
2 5 1 3 -1  0.0581497
11309764980206280946
3 3 4 5 -1  0.00706964
11309842695652279230
4 4 0 4 -1  0.0886293
11309914433482145468
0 6 1 4 -1  0.0423911
11310206184544816891
4 5 5 3 -1  -0.0278128
11310392566594124042
2 4 6 4 -1  -0.31381
11310731010968095395
2 2 4 4 -1  -0.121577
11310827237735454179
2 2 3 4 -1  -0.0309031
11310983341551131719
1 6 2 6 -1  -0.00872795
11311063332041368908
0 3 2 3 -1  -0.0423911
11311142248334080753
2 4 3 3 -1  -0.121577
11311272305319086232
3 2 4 1 -1  -0.00131002
11311439807961076818
0 3 2 3 -1  -0.0471013
11311621562298183558
1 6 0 5 -1  -0.150095
11311737577139644367
0 5 1 6 -1  0.00304325
11311975179444238953
0 5 0 2 -1  0.0581497
11312822339375091580
0 4 0 3 -1  -0.0797664
11313177615061580136
2 3 1 5 -1  0.00304325
11313310126484272648
3 3 4 1 -1  0.150095
11313560405947831922
1 5 3 5 -1  -0.0523347
11313589621089696930
3 2 3 7 -1  -0.109419
11313649605436169166
5 4 4 5 -1  -0.31381
11313974522404406337
3 6 4 7 -1  -0.9
11314529634136171298
3 3 6 3 -1  -0.348678
11314825825832185101
3 2 5 4 -1  -0.430467
11315033396201014703
2 3 1 4 -1  0.6561
11315052127742999324
3 3 2 4 -1  0.59049
11315327125954499171
2 4 3 3 -1  -0.150095
11315379555540326611
0 5 2 3 -1  0.0646108
11315403321105307928
0 0 0 1 -1  0.59049
11315417741256856750
2 4 1 5 -1  -0.31381
11315482643710771144
3 0 2 0 -1  0.282429
11315541226034673455
1 5 2 4 -1  0.254186
11315655801431249675
0 7 1 7 -1  -0.729
11315705235034250463
4 3 5 2 -1  -0.00872795
11315826807679285410
1 5 0 5 -1  -0.0471013
11316111701584043433
5 3 7 4 -1  0.0309031
11316164537523274346
4 3 1 3 -1  -0.0886293
11316301760409163139
1 4 0 6 -1  -0.9
11316591371300223658
1 3 2 3 -1  -0.00273892
1 4 2 4 -1  -0.0257571
11316799213849054949
0 4 0 6 -1  -0.0523347
11317200531017090938
4 4 4 3 -1  0.348678
11317234128946698597
0 5 0 0 -1  0.282429
11317253574386058823
6 4 7 5 -1  -0.9
11317312238982343048
0 2 6 2 -1  -0.0202755
11317778353967464361
3 1 4 2 -1  -0.109419
11317884803645634496
1 6 2 6 -1  0.38742
11317980640010183227
1 4 1 5 -1  0.135085
11318171352533805308
3 0 0 3 -1  -0.109419
11318201779227540071
2 6 2 7 -1  -0.121577
11318305390047961118
0 2 0 1 -1  -0.348678
11318538807729073404
1 6 2 6 -1  -0.9
11318549152156571780
2 0 3 2 -1  0.228768
11318632985457939762
0 3 0 7 -1  -0.0202755
11319102750001651539
2 4 3 3 -1  -0.531441
11319107090852547827
4 3 3 5 -1  -0.098477
11319145322160143086
0 3 3 3 -1  0.0717897
11319229056273941942
1 7 2 7 -1  0.0107753
11319768762406213807
1 3 1 4 -1  -0.531441
11319900098381335292
2 2 3 1 -1  -0.135085
11320117763501586688
2 4 3 5 -1  0.6561
11320170082546782234
1 6 2 5 -1  0.430467
11320431919149902598
1 7 2 7 -1  0.0225284
11320534134102546606
0 0 0 3 -1  -0.38742
11320929833737811591
6 0 5 0 -1  -0.254186
11320956464853720422
6 3 6 4 -1  0.729
11321047898268007180
3 4 4 4 -1  -0.0343368
11321218489535406677
1 2 2 2 -1  -0.0646108
11321250925314742910
0 6 1 7 -1  -0.0523347
11321401719616123403
1 4 2 3 -1  -0.166772
11321560472369241533
3 4 3 7 -1  -0.9
11321689179397589656
1 0 2 0 -1  0.166772
11322013828003013110
1 3 0 4 -1  -0.121577
11322105470265439384
1 2 0 3 -1  -0.00145558
11322179546058184412
0 3 0 4 -1  0.0646108
11322199044966896834
2 4 0 4 -1  -0.38742
11322239016621149693
0 5 0 3 -1  -0.254186
11322421620419448859
0 6 4 6 -1  -0.531441
11322631918554026541
2 7 2 5 -1  -0.430467
11322930874212730229
2 4 4 4 -1  -0.0423911
11323054283978625412
7 0 5 2 -1  0.282429
11323068255968587935
0 0 5 0 -1  1
11323244515752860669
1 3 1 2 -1  0.31381
11324025170740614073
1 5 2 4 -1  -0.166772
11324216025928568305
2 3 1 4 -1  -0.0523347
11324710315888020895
2 4 3 4 -1  0.0523347
11324826154013179654
0 4 1 4 -1  0.59049
11324972450282073591
2 2 6 6 -1  -0.59049
11325047648680617760
1 1 3 1 -1  -0.0278128
11325150698707883212
3 0 4 0 -1  0.0107753
11325222336863492771
1 4 2 3 -1  -0.00515377
11325273444885949184
2 0 3 1 -1  0.531441
11325281278635485617
2 5 3 3 -1  0.0119725
11325362532240279929
0 5 0 3 -1  -0.31381
11325527750219195318
3 3 4 4 -1  0.0797664
11325633100005323198
0 2 1 1 -1  0.228768
11325641598679982894
0 2 1 3 -1  -0.0523347
11325655351662377664
1 5 0 6 -1  0.166772
11326272632389825298
7 1 7 6 -1  -0.531441
11326394152398925252
3 1 3 2 -1  0.254186
11326408870196847325
1 7 3 7 -1  0.00706964
11326900915791725290
4 2 4 3 -1  -0.0797664
11327044984383477642
0 1 2 3 -1  -0.166772
11327132252753589689
5 7 4 7 -1  -0.531441
11327482812685658940
3 2 4 2 -1  -0.282429
11327545997033460156
1 6 3 4 -1  -0.0423911
11327602528270104156
5 1 6 1 -1  -0.254186
11327650467339092272
1 2 2 3 -1  -0.348678
11327653182559030017
2 3 4 5 -1  -0.59049
11327714661711123269
1 3 2 5 -1  0.6561
11327764864932537756
3 3 1 4 -1  -0.135085
11328001877205451946
2 4 3 4 -1  1
11328133182622376974
2 5 3 5 -1  -0.478297
11328206540323378349
0 3 5 3 -1  -0.0646108
11328501570226290319
1 0 1 3 -1  -0.59049
11328669756502031943
0 2 1 2 -1  0.282429
11328802141922215384
4 5 6 3 -1  -0.6561
11328892660226653138
0 7 0 1 -1  -0.00872795
11329069841058323741
2 5 2 2 -1  -0.0278128
11329214525323069681
3 1 3 2 -1  -0.0133028
11329278610688389801
1 7 2 7 -1  -0.0278128
11329399334714683889
0 2 2 0 -1  -0.0250315
11329429857104851002
3 0 1 0 -1  0.0278128
11329457926637856875
1 4 2 4 -1  -0.0324402
1 7 2 7 -1  -0.0423911
11329766132250879830
3 1 5 3 -1  -0.729
11329916786948765670
5 6 3 5 -1  -1
11330230474893983084
0 3 0 6 -1  0.121577
11330519035106909816
5 3 2 0 -1  0.0471013
11330523564526121764
4 4 3 6 -1  -0.228768
11330745485697704287
1 1 5 5 -1  -0.282429
11331077218325416186
0 7 0 6 -1  0.098477
11331209616068435828
1 0 2 0 -1  -0.0164232
11331359156941081339
1 4 2 4 -1  -0.0581497
11331413182141014872
0 5 0 3 -1  -0.166772
11331539051440397115
2 5 4 4 -1  -0.31381
11331550316273242204
0 6 0 7 -1  0.228768
11331616013717241898
0 4 3 4 -1  -0.9
11331841154775489803
3 2 4 4 -1  -0.0164232
11332174167199839658
1 6 2 6 -1  0.0523347
11332197915002842357
0 1 3 1 -1  0.109419
11332249005260205627
1 1 2 1 -1  -0.0523347
11332314458501774615
0 2 2 4 -1  -0.000626578
11332337417922276412
7 3 7 6 -1  -0.0471013
11332498323228391524
0 2 0 0 -1  0.81
11332774495724484994
0 6 2 4 -1  0.038152
11332843585539888355
5 7 6 6 -1  -0.185302
11333352316025156438
0 4 0 2 -1  -0.00706964
11333358843403646866
0 3 1 3 -1  -0.098477
11333546129576795889
2 6 1 5 -1  0.350615
11333552469923909523
1 0 2 1 -1  0.0523347
11333554232265901836
0 0 0 2 -1  -0.00969773
11333706049575662053
3 5 4 4 -1  -0.31381
11333958059503764208
3 0 1 2 -1  0.00515377
11334062147604959056
0 2 2 4 -1  0.0037571
11334071310350247938
2 2 4 3 -1  0.166772
11334126045448765194
0 4 0 0 -1  0.135085
11334159645316812711
1 4 2 6 -1  0.0250315
11334190633703018578
0 3 2 5 -1  -0.282429
11334221361845999235
0 3 4 7 -1  -0.430467
11334231802474085137
4 1 4 0 -1  -0.0581497
11334287328642410572
1 2 3 2 -1  0.135085
11334292016994117472
0 5 1 4 -1  0.0119725
11334321661843644849
3 4 5 4 -1  -0.282429
11334422642450577980
5 6 4 4 -1  -0.31381
11334543411743550421
2 4 0 2 -1  -0.135085
11334808829909365707
1 2 2 2 -1  -0.135085
11335148500139015068
2 4 3 4 -1  0.31381
11335195112908723579
3 2 2 4 -1  0.0523347
11335236236646028249
3 7 2 5 -1  -0.430467
11335317258828720316
0 3 0 4 -1  -0.0523347
11335383829698173833
0 2 2 4 -1  0.00246503
11335587796253133336
3 3 4 5 -1  -0.0278128
11335662176154605955
6 5 7 3 -1  -1
11335828761709048998
1 4 0 5 -1  -0.185302
11336059959532609717
7 3 7 7 -1  0.31381
11336256140853773529
3 2 2 4 -1  0.348678
11336324952767743693
1 3 2 1 -1  0.531441
11336341382394746503
2 2 4 4 -1  -0.430467
11336380070455161189
4 7 5 6 -1  0.254186
11336705877167958702
2 1 3 0 -1  0.480954
11336786937918534744
0 2 1 1 -1  -0.0107753
11337055051808596000
6 5 7 5 -1  -0.31381
11337392692403251991
0 3 0 0 -1  -0.9
11337461418298202427
3 3 3 7 -1  0.0471013
11337599603780141074
0 0 0 1 -1  -0.0169732
11338079554501828601
0 0 0 2 -1  -0.0309031
11338115528886351190
1 1 2 1 -1  -0.000507528
11338290602268871732
0 5 0 6 -1  0.478297
11338581204104423267
1 5 0 4 -1  0.31381
11338590748685831572
6 4 6 7 -1  -0.6561
11338634204497679838
4 4 5 5 -1  -0.282429
11338671480817349930
2 6 3 6 -1  -0.729
11338844919797727434
1 3 2 2 -1  -0.0423911
11339004713319105014
5 4 5 3 -1  -0.729
11339034181137384878
1 1 2 1 -1  0.531441
11339266279069413270
1 6 3 6 -1  -0.00199668
11339560160781024361
2 5 0 3 -1  0.0147809
11339580692315550111
3 5 2 6 -1  -0.254186
11339694098653677447
1 0 3 0 -1  -0.00706964
11339751272825027814
5 0 0 0 -1  0.109419
11339768980763165316
2 1 0 1 -1  -0.150095
11340047777821807743
7 5 6 6 -1  -0.430467
11340175735119993720
1 3 3 2 -1  0.205891
11340183232118228746
2 6 2 5 -1  0.31381
11340364179038182715
0 3 3 3 -1  0.038152
11340473928035048252
4 5 5 7 -1  -0.478297
11340570452340710615
0 1 0 0 -1  -0.0797664
11341118074694519697
2 3 3 4 -1  0.531441
11341148799898655100
1 4 2 3 -1  0.0225284
11341200795275594420
4 3 5 3 -1  -0.59049
11341307423070460647
0 4 3 4 -1  -0.185302
11341469710219096962
0 6 2 5 -1  -0.00417455
11341721621082318507
1 4 3 4 -1  -0.0207909
11341736420316988206
4 5 5 5 -1  0.228768
11341809878434688678
1 1 2 3 -1  -0.0646108
11341821376391335550
0 6 0 7 -1  -0.038152
11341851096131398112
0 4 0 2 -1  -0.430467
11341888597882948165
0 5 0 4 -1  -0.185302
11341948509856755276
0 3 1 3 -1  -0.59049
11342037297923119624
0 4 7 4 -1  0.00338139
11342135362918646069
6 2 6 4 -1  -0.6561
11342136470065831232
4 0 7 0 -1  -0.135085
11342399917442837936
0 2 1 3 -1  -0.0399555
11342409926612547551
1 7 6 7 -1  0.31381
11342854788199883690
5 4 6 2 -1  -0.59049
11342986875492376043
4 1 5 2 -1  -0.0717897
11343162967928146856
4 3 4 5 -1  -0.0133028
11343194595388932009
2 3 0 1 -1  -0.135085
11343427757414736376
0 2 0 1 -1  -0.00515377
11343929506989809784
1 2 1 3 -1  0.31381
11344000321395376691
0 3 0 0 -1  -0.0309031
11344139807799686196
2 4 4 6 -1  -0.9
11344581343349378516
3 5 5 3 -1  0.166772
11344663396826204763
1 5 2 5 -1  0.0581497
11344669172104610135
1 7 3 7 -1  -0.0147809
11345119773212950381
5 4 6 3 -1  0.31381
11345406792510556126
2 5 3 7 -1  -0.205891
11345599221368962491
0 3 5 3 -1  0.6561
11345635497821664748
1 2 2 1 -1  0.150095
11345772725079865453
1 4 2 3 -1  -0.0646108
11345889147959759926
0 0 7 0 -1  -0.098477
11346026842033513555
3 2 2 4 -1  0.0225284
11346098113355319453
0 7 0 6 -1  -0.098477
11346254556165733272
2 2 4 1 -1  0.0423911
11346514784038319993
1 2 6 2 -1  -0.729
11347086504316404428
1 7 2 7 -1  -0.166772
11347139618004832607
1 3 2 4 -1  0.109419
11347427577115854052
1 5 3 5 -1  -0.0225284
11347739261502088199
1 4 3 4 -1  -0.00246503
11347946046146306966
1 7 1 6 -1  1
11348112622024313352
1 5 6 5 -1  -0.0471013
11348125924458975312
0 6 1 7 -1  0.0646108
11348293229242488166
2 1 3 1 -1  -0.150095
11348609868278433803
2 6 2 7 -1  0.166772
4 3 4 5 -1  0.135085
11348966785191206740
1 4 1 3 -1  -0.0202755
11349128397468952775
0 3 0 2 -1  -0.098477
11349312567958418511
2 3 4 1 -1  0.166772
11349527443967607753
2 2 3 1 -1  -0.59049
11349782511849633674
2 5 1 5 -1  -0.348678
11349812314838839649
7 2 5 2 -1  -0.254186
11349823983206073550
2 4 3 4 -1  -0.254186
11349863994545990723
3 0 4 2 -1  -0.0225284
11350298739031066071
1 5 3 6 -1  -0.282429
11350861231823543611
1 6 2 4 -1  -0.0581497
11350868273357170335
1 3 3 4 -1  -0.0717897
11351039447545041433
6 5 7 5 -1  0.348678
11351070959094700692
1 5 2 5 -1  0.9
11351105395177283232
1 5 3 5 -1  -0.121577
11351294912523288518
1 2 2 2 -1  -0.0886293
11351390148460423442
0 3 1 4 -1  -0.038152
3 4 5 5 -1  -0.0037571
11351479077399814926
0 3 0 2 -1  -0.9
11351702004752918538
4 6 3 5 -1  -0.6561
11351807392058117295
1 2 1 4 -1  0.38742
11351869266062468383
7 5 7 0 -1  -0.0278128
11351889572090789056
1 5 2 4 -1  0.0581497
11351915945360423846
1 3 0 5 -1  0.0423911
11351959033607702361
1 6 2 6 -1  1
11351982548784295950
0 2 5 7 -1  -0.205891
11352041585672755793
2 2 3 2 -1  -0.59049
11352167452505681019
2 3 3 5 -1  -0.121577
11352204169220886632
2 1 3 2 -1  0.59049
11352476644347499177
7 3 7 6 -1  -0.59049
11352484640838853445
4 0 5 2 -1  -0.254186
11352612796089449854
1 3 2 2 -1  0.0250315
11352867655484558436
7 4 5 3 -1  0.38742
11353181345827959250
3 3 4 4 -1  0.150095
11353262649667787822
0 6 1 6 -1  -0.121577
11353336759391725366
3 0 4 0 -1  0.0423911
11353660911129031458
0 3 0 2 -1  0.205891
11353664267018162654
0 5 0 4 -1  0.0423911
11353935959846230073
1 7 2 7 -1  0.282429
11354186072606112648
1 0 3 0 -1  0.0797664
11354334055527135764
0 2 1 1 -1  0.0250315
11354348686160570139
0 2 2 0 -1  0.0202755
11354439999774301980
0 1 4 1 -1  -0.228768
11354970548734646611
6 0 6 1 -1  0.00338139
11354972771677841713
0 2 2 4 -1  0.135085
11355169619744243551
0 6 0 7 -1  -0.0278128
11355196072769276391
5 7 6 6 -1  -0.430467
11355215422972430151
1 4 0 5 -1  -0.0278128
11355285219654535818
1 2 3 2 -1  -0.000955003
11355321274682129389
1 6 4 3 -1  -0.6561
11355770448263127826
1 6 2 6 -1  -0.205891
11355855497149942743
0 4 0 2 -1  0.0309031
11355861172778927718
0 5 0 4 -1  -0.00338139
11356059576856155319
1 7 1 6 -1  -0.00785516
11356066729207161552
1 3 3 2 -1  -0.135085
11356383125349327404
6 5 6 6 -1  -1
11356522681525443562
4 5 5 7 -1  0.0523347
11356794217545468816
2 2 4 3 -1  0.0250315
11356861868119283730
1 5 0 6 -1  0.0886293
11356928038725168281
3 3 4 4 -1  -0.038152
11357034404301173984
3 7 4 7 -1  0.121577
11357159648214817873
5 6 4 6 -1  0.729
11357214438708858074
1 7 2 7 -1  -0.00338139
11357265378092922787
1 7 1 6 -1  -0.254186
11357321217302120255
1 0 2 0 -1  0.348678
11357537613054700490
2 3 3 3 -1  0.038152
11357701232153799123
3 4 4 4 -1  0.0037571
11357882947834919394
1 2 0 1 -1  0.81
11357954906809228212
2 2 3 4 -1  0.0471013
11358058448106438360
3 6 5 4 -1  -0.478297
11358077194410092230
4 4 2 5 -1  0.478297
11358141327986318279
1 4 2 4 -1  -0.00179701
11358563175961261634
2 6 3 5 -1  0.478297
11358758175473887604
6 2 4 4 -1  -0.185302
11358792718609809095
2 5 3 5 -1  -0.59049
11358994744570804623
2 6 3 5 -1  0.0717897
11359114258555812791
3 2 4 3 -1  1
11359144260291030210
0 3 3 6 -1  -0.018248
0 4 0 6 -1  -0.0646108
11359431567751867048
2 2 1 4 -1  -0.166772
11359471270014057813
4 1 5 2 -1  0.531441
11359476499783130760
2 3 4 5 -1  0.0523347
11359546937620902497
0 5 0 1 -1  -0.038152
11359655487501763898
0 3 2 5 -1  0.0225284
11359677595583701980
2 2 2 3 -1  0.531441
11360024486422747926
0 2 2 0 -1  -0.00304325
11360069090892457368
4 1 2 1 -1  -0.348678
11360320989637515052
1 1 2 0 -1  0.166772
11360446350607177097
2 3 2 4 -1  -0.0581497
11360531251167635261
3 4 1 4 -1  0.348678
11360761265487783661
0 2 5 2 -1  0.135085
11360823839518463781
0 7 0 3 -1  -0.0523347
11360975880306558739
0 6 0 5 -1  0.0471013
11361218729835778048
2 3 2 7 -1  -0.0523347
11361471918899366386
1 0 0 1 -1  -0.00572641
11361731879761388250
2 2 2 3 -1  -1
11362179911663010389
2 5 1 6 -1  -0.00572641
11362417825152300054
4 4 5 3 -1  1
11362592391316629651
1 3 2 1 -1  0.00785516
11362627410789555635
4 5 3 3 -1  -0.166772
11362698507858126018
4 4 5 5 -1  -0.531441
11362738810200563842
4 2 2 1 -1  -0.121577
11363052428359482645
2 4 3 4 -1  -0.205891
11363143908027265187
6 1 3 1 -1  0.531441
11363910281334120178
1 3 0 4 -1  0.38742
11363917754493871763
0 5 0 6 -1  -0.531441
11363919746958056151
5 0 5 2 -1  0.254186
11363985127115297919
0 5 0 2 -1  -0.0133028
11364155688690199115
0 4 1 4 -1  -0.121577
11364171339590922786
1 1 2 2 -1  -0.00636268
11364269994102213356
4 5 5 4 -1  -0.018248
11364278261286090008
2 5 4 6 -1  0.0886293
11364316255679878999
4 4 5 4 -1  0.000159268
11364334967728899368
4 6 5 7 -1  -0.0133028
11364437032523062606
0 5 0 4 -1  -0.00969773
11364756071243322513
1 4 0 3 -1  0.81
11364766144466810309
2 0 6 0 -1  0.0797664
11365191932870529953
4 7 5 7 -1  0.205891
11365240019893794220
3 3 2 2 -1  -0.0581497
11365272131452064586
0 2 2 2 -1  0.205891
11365366492400330167
2 0 2 1 -1  0.0309031
11365417911705177797
0 6 1 7 -1  -0.228768
11365474219994078931
0 3 3 3 -1  -0.0523347
11366163280044656219
2 7 6 3 -1  -0.729
11366308617960124026
3 7 2 5 -1  0.205891
11366342474836189533
1 7 2 6 -1  -0.0147809
11366426813245785975
2 5 3 4 -1  -0.150095
11366586559856553375
3 3 4 4 -1  0.0886293
11366720047451938119
3 1 4 1 -1  -1
11366822741574290362
2 4 4 5 -1  0.9
11366969243082426966
1 3 2 2 -1  -0.135085
11367016861169345802
6 2 6 1 -1  -0.166772
11367120117581837102
5 3 6 3 -1  0.81
11367344798264514663
1 0 2 1 -1  0.121577
11367393351240954491
1 0 2 0 -1  -0.185302
11367527098915570173
3 5 3 6 -1  -0.531441
11367533453301879378
3 7 4 7 -1  -0.38742
11367835976627864348
1 0 1 3 -1  -0.228768
11367922389316255617
1 3 3 5 -1  -0.00706964
11367982214174156995
0 3 3 3 -1  -0.0581497
11367986259844666770
3 3 4 3 -1  -0.0202755
11368248939066307670
1 4 3 4 -1  -0.0111129
11368514384127959625
0 2 4 6 -1  0.205891
11368789071095024030
4 5 3 3 -1  -0.0797664
11368804128869046057
0 5 2 3 -1  -0.0471013
11368833699800132035
4 4 3 6 -1  -0.38742
11368994993374853284
1 2 2 4 -1  -0.00221853
11369159497649757960
0 2 2 4 -1  -0.0581497
11369197100722192497
1 2 3 4 -1  0.0581497
11369272195145202899
1 6 3 6 -1  -0.0581497
11369312353736171015
2 1 3 0 -1  -0.6561
11369329822620805052
0 0 0 2 -1  -0.81
11369571676641330359
2 4 4 2 -1  0.185302
11369752387743480288
2 2 3 3 -1  -0.478297
11369905242563047681
5 6 6 6 -1  0.9
11370120559999025674
4 0 5 1 -1  0.0717897
11370334897074694647
2 2 7 2 -1  0.121577
11370808056896289038
0 5 3 2 -1  0.9
11371021610062661705
2 3 4 5 -1  -0.228768
11371193104540048642
4 0 6 0 -1  0.00273892
11371341968808633383
3 0 5 1 -1  0.0250315
11371369841028888408
0 3 4 3 -1  -0.9
11371410047052820718
2 3 2 4 -1  -0.00304325
11371413195506320394
2 3 1 2 -1  -0.0343368
11371440357116243524
1 6 2 5 -1  -0.478297
11371498470895752310
2 5 3 7 -1  0.0581497
11372030958672469632
2 1 4 2 -1  -0.59049
11372054854202558701
2 5 4 6 -1  -0.6561
11372163466520583209
3 2 5 4 -1  0.729
11372201575399162762
6 0 6 5 -1  0.00161731
11372794306686935203
0 4 0 6 -1  -0.000859503
11372942532101519130
3 7 4 7 -1  0.478297
11372992888544077248
3 3 2 1 -1  -0.038152
11373200103773551683
4 6 3 5 -1  -0.0250315
11373261222465460271
1 7 2 6 -1  0.282429
11373411795017032693
1 5 2 5 -1  -0.6561
11373472786641555037
1 4 3 3 -1  -0.0278128
11373477155750798825
2 5 4 6 -1  0.0309031
11373596315462289623
1 1 2 2 -1  -0.0646108
11373623014670965105
2 0 1 1 -1  0.00872795
11373632127675496958
2 2 1 4 -1  0.205891
11373970017333432127
0 5 1 4 -1  -0.0471013
11373979907384128366
0 2 1 3 -1  0.0886293
11374039862565632257
0 5 0 4 -1  -0.348678
11374101418380268554
1 2 2 2 -1  -0.0107753
11374136417148139017
4 4 3 2 -1  -0.228768
11374320349986707752
0 4 3 4 -1  -0.38742
11374433658657056850
1 1 3 1 -1  -0.000456775
11374436685033345463
0 2 1 1 -1  -0.166772
11374567380357693618
2 5 5 2 -1  -1
11374941156270053637
3 0 4 0 -1  -0.0581497
11375474644235635277
2 6 2 7 -1  -0.150095
11375808809715865992
3 4 4 6 -1  -0.6561
11376176292099771827
4 0 5 2 -1  -0.018248
11376232360073130499
1 4 2 6 -1  -0.109419
11376413703319942159
0 6 0 5 -1  -0.729
11376571242715640698
3 4 4 4 -1  -0.0797664
11376610018837428502
0 5 0 3 -1  -0.0343368
11376617403073498696
1 6 3 6 -1  -0.59049
11376732610508543422
1 6 2 6 -1  -0.348678
11376748539787406120
1 4 2 4 -1  -0.0646108
11376897446999156566
0 5 1 5 -1  -0.282429
11377069933810690766
3 4 3 3 -1  0.0309031
11377177492474065264
3 6 4 6 -1  1
11377635502803169603
2 5 1 4 -1  -0.00131002
11377747271790589802
1 4 3 5 -1  0.0886293
11377835022734279322
0 5 0 3 -1  -0.205891
11377917112760957775
0 7 0 6 -1  -0.00515377
11377940862042793465
2 2 3 4 -1  -0.0278128
11377969870265814209
3 6 4 7 -1  0.038152
11378217862961919014
3 2 4 4 -1  -0.166772
11378308619959758816
1 1 2 1 -1  0.254186
11378322531068084215
5 5 6 5 -1  0.478297
11378322711197153029
0 1 1 3 -1  -0.166772
11378556081074036931
1 7 2 6 -1  -0.254186
11379263303976987178
1 2 6 2 -1  -0.098477
11379353313628537628
0 6 1 5 -1  -0.254186
11379441338820590887
3 0 2 1 -1  0.0797664
11379727794476908201
3 3 4 3 -1  -0.0107753
11379992538975507227
0 3 4 3 -1  -0.00056392
11380317870422675322
6 7 2 3 -1  -0.135085
11380510063343951081
0 2 2 4 -1  0.0646108
11380661533038163770
7 7 7 3 -1  -0.430467
11380952142453454420
1 1 0 2 -1  0.121577
11380961618597409680
3 2 5 4 -1  -0.254186
11381218931621572801
0 3 5 3 -1  0.0309031
11381331340403395118
2 3 3 4 -1  0.0646108
11381336561602672087
1 6 5 2 -1  0.0581497
11381430096753307049
2 3 6 3 -1  -0.282429
11381460026921956688
1 5 0 3 -1  0.0471013
11381682562505694336
4 6 5 5 -1  1.93632e-05
11381720174090644029
2 5 4 6 -1  -0.38742
11381880219650484333
2 4 3 4 -1  0.0646108
11381964907072618779
1 7 2 7 -1  -0.0797664
11381967632456376187
0 0 0 3 -1  0.0886293
11381980201041164153
5 4 6 3 -1  -0.31381
11382044072392538815
1 3 2 5 -1  -0.0797664
11382053721498540491
0 6 0 3 -1  -0.6561
11382296882005865318
0 5 1 6 -1  -0.0133028
11382327981591271093
1 2 2 1 -1  -0.098477
11382529804231726545
0 3 1 3 -1  -0.150095
11382823139126502141
2 7 3 7 -1  -0.0646108
11383194751261352811
0 4 0 2 -1  -0.0646108
11383349557906450073
0 7 0 6 -1  -0.430467
11383487027874725564
6 3 1 3 -1  0.38742
11383599897235164077
3 7 4 7 -1  0.0250315
11383734194487792528
3 2 4 2 -1  0.121577
11384198507404229153
0 6 1 6 -1  0.6561
11384261940901334076
3 0 2 1 -1  0.0797664
11384324995344786493
2 4 2 3 -1  -0.150095
11384378355780302134
1 3 1 2 -1  -0.348678
11384678877123628811
0 5 0 2 -1  -0.0343368
11384689162306698686
2 3 1 1 -1  0.150095
11384854515811272222
1 5 3 5 -1  0.430467
11384907410392089202
4 1 5 2 -1  0.0471013
11385082847030187910
5 7 7 7 -1  -0.038152
11385128453027690573
1 2 3 2 -1  -0.0581497
11385285037559368189
1 6 2 5 -1  0.0278128
11385470949256871568
2 0 3 0 -1  0.0717897
11386049723644973919
2 5 2 4 -1  0.348678
11386187027528811258
2 6 3 6 -1  1
11386190975453897287
6 7 5 7 -1  -0.729
11386437056955436788
2 6 3 6 -1  -1
11386876236477164349
1 3 3 2 -1  -0.00106111
11386944742093998677
5 2 3 1 -1  -0.0037571
11387085591008735280
1 1 2 1 -1  0.59049
11387647571341883604
0 4 0 6 -1  -0.31381
11387780649222308004
0 5 1 6 -1  0.0471013
11387823921568806604
3 3 7 3 -1  -0.478297
11387900208419717083
1 5 3 7 -1  -0.31381
11388250155486490229
2 4 3 2 -1  0.0717897
11388522263173051747
2 4 3 5 -1  1
11388982210491278791
0 4 0 3 -1  0.166772
11389140111094974257
1 6 3 6 -1  -0.135085
11389318361841768946
0 0 0 2 -1  0.0471013
11389804996361537670
0 7 0 6 -1  0.109419
11389817999153807425
3 6 4 5 -1  0.31381
11390036052923529769
1 3 2 3 -1  -0.0202755
11390505885191452273
4 7 4 6 -1  1
11390720990137838848
0 2 3 2 -1  -0.000369988
11390764030066040067
2 3 3 2 -1  -0.0037571
11390784847666431687
1 1 2 1 -1  -0.00221853
11390833963425824281
0 7 1 7 -1  0.150095
11390893230369941018
0 0 1 0 -1  -0.0309031
11391062351109503810
1 1 1 2 -1  -1
11391406206990775255
2 2 0 2 -1  0.282429
11391435045026290125
2 5 4 7 -1  0.0886293
11391779075247520091
2 4 4 4 -1  -0.9
11391857719882481632
2 0 3 1 -1  -0.81
11392005849755787170
6 3 6 1 -1  -0.254186
11392315854003073594
2 4 3 4 -1  0.531441
11392439738169573013
3 2 5 1 -1  -0.166772
11392542715542412033
3 0 4 0 -1  0.150095
11392679212254306086
1 3 4 3 -1  -0.0797664
11392892535492150104
0 7 0 6 -1  0.0250315
11393087247741003532
2 6 3 5 -1  -0.0225284
11393207363800086649
1 3 2 5 -1  -0.00872795
11393210535296466949
0 5 0 4 -1  -0.00273892
11393642131883927809
2 0 3 0 -1  0.098477
11394058005354538750
0 3 2 3 -1  -0.000626578
11394584678297459347
2 2 0 1 -1  -0.0523347
11394769968086024330
0 2 3 5 -1  0.430467
11394770933472898044
0 0 0 3 -1  -0.478297
11394833165669963230
0 4 0 6 -1  -0.166772
11394940004616598934
1 5 2 4 -1  -0.531441
11394967619522678593
0 5 1 6 -1  0.0133028
11395193069401813568
5 5 6 6 -1  -0.121577
11395301012151966466
1 6 2 6 -1  0.430467
11395698715231715714
3 5 4 5 -1  -0.228768
11395916481775686206
3 3 5 4 -1  -0.228768
11395990083918168816
7 3 7 0 -1  0.0225284
11396135280910572358
7 5 7 7 -1  -1
11396401486213324636
0 3 3 0 -1  -0.0147809
1 4 2 4 -1  -0.0184561
11396428108154709178
3 5 2 3 -1  0.729
11396495025561804617
1 7 3 7 -1  -0.0886293
11396775023319520734
4 7 3 7 -1  0.478297
11396920606344458130
4 6 2 4 -1  -0.0037571
11396945259583569054
3 5 4 4 -1  -0.135085
11396969052034328352
2 5 4 6 -1  0.098477
11397109128806422388
5 2 6 0 -1  -0.038152
11397460441621256876
2 2 4 4 -1  -0.9
11397786957789187258
3 3 1 4 -1  0.135085
11398157832501922170
0 1 5 1 -1  -1
11398268342112631099
2 2 1 4 -1  0.0278128
11398560576702839517
1 7 3 7 -1  0.729
11398764724884713621
0 6 1 5 -1  0.038152
11399257264226251018
4 1 5 3 -1  -0.121577
11399268079428805321
4 6 5 5 -1  0.098477
11399537056037309113
2 1 4 3 -1  -0.00221853
3 4 4 3 -1  0.00106111
11399555837205057025
3 2 2 3 -1  -0.121577
11399830940201843798
3 0 2 0 -1  -0.121577
3 0 2 1 -1  0.112065
11400177527624971057
0 4 1 4 -1  0.81
11400246128469929940
3 5 4 5 -1  0.531441
11400303486766154979
3 5 4 5 -1  -0.0164232
11400319476350605851
2 5 3 4 -1  0.6561
11400707264990491827
1 4 0 5 -1  0.00199668
11400970583981797677
0 3 1 3 -1  -0.59049
11401027607809538637
6 1 6 0 -1  0.109419
11401267955744169272
2 3 3 3 -1  0.00117902
11401625322301807914
0 2 1 1 -1  0.00161731
11401631622138090348
3 5 2 5 -1  0.254186
11401653235882257950
0 3 7 3 -1  -0.0717897
11401850002250231135
0 5 1 6 -1  0.00273892
11401952479245345582
2 4 3 4 -1  -0.0581497
11402063133566059049
1 0 3 0 -1  -0.00246503
11402129672368201830
6 4 5 4 -1  -0.81
11402168462445544833
0 3 1 2 -1  0.0133028
11402215033472028195
0 0 0 3 -1  -0.0797664
11402254518249780017
0 0 0 4 -1  -0.0523347
11402457096061547499
2 7 3 6 -1  0.0646108
11402558504427398110
1 6 2 5 -1  -0.00515377
11403106503619605583
5 4 4 5 -1  -0.282429
11403301244979001249
2 2 1 4 -1  -0.121577
11403305336992895698
1 5 2 5 -1  -0.150095
11403465367909133104
0 4 1 4 -1  0.000696197
11403736155568978226
0 3 3 0 -1  0.0309031
11403757484221828934
0 0 0 2 -1  -0.00969773
11403821834620710685
0 6 2 7 -1  -0.0278128
11404166126009932092
5 7 4 6 -1  -0.018248
11404501773719223811
0 5 0 0 -1  -0.166772
11404625487775707089
1 0 3 0 -1  -0.0119725
11404728600956931637
6 2 6 5 -1  1
11404805463105789718
3 0 1 2 -1  0.0147809
11404820178361803586
5 6 6 5 -1  -0.0646108
11404835391056336681
2 5 4 4 -1  -0.121577
11405331478008581838
2 5 2 6 -1  0.38742
11405457576163305957
1 5 1 4 -1  -0.109419
1 5 2 4 -1  -0.135085
11405472330514896684
1 3 4 6 -1  -0.00872795
11405508725586044027
0 3 3 3 -1  -0.038152
11405836634155050493
3 1 3 0 -1  0.098477
11405917538132349521
0 1 1 3 -1  -0.0225284
11405970947970083907
4 6 3 4 -1  -0.0581497
11406066199848882340
2 2 3 1 -1  0.185302
11406085126306242027
1 1 5 1 -1  -0.348678
11406191264394435526
0 5 0 2 -1  -0.0886293
11406285124542166628
0 1 1 3 -1  -0.150095
11406466212998867361
2 5 3 6 -1  -0.0250315
11406482706178122890
0 1 2 0 -1  -0.0423911
11406669587003325354
2 5 3 3 -1  -0.0471013
11406723780381399033
3 5 1 7 -1  0.0471013
11406833702104185289
1 0 2 0 -1  -0.00179701
11406852807875253480
1 3 0 4 -1  -0.0133028
11407029041540357311
3 6 4 7 -1  -0.0523347
11407130659989397439
0 3 2 3 -1  0.0592528
11407171603314173569
1 5 3 5 -1  0.205891
11407336521894596305
2 6 3 6 -1  -0.282429
11407464818810216798
0 3 1 3 -1  -0.282429
11407519105425598753
0 1 1 3 -1  -0.0164232
11407531294585333571
3 7 3 5 -1  0.478297
11407546264860181983
2 2 3 1 -1  0.121577
11407763609948123404
1 4 1 2 -1  0.228768
11407779743679007974
3 2 3 3 -1  -0.31381
11407815482407071213
2 1 1 1 -1  0.228768
11407920479160631280
0 6 2 5 -1  0.0307592
11408033537163840495
0 2 1 2 -1  -0.0886293
11408111658772769198
3 3 4 1 -1  -0.282429
11408225388373811335
1 1 2 1 -1  -0.018248
11408329160255662554
2 2 4 1 -1  -0.205891
11408336763331801290
4 0 4 3 -1  -0.6561
11408391530462752468
0 2 0 1 -1  0.135085
11408623727047273222
3 1 4 1 -1  -0.81
11408805356005217741
1 4 2 3 -1  0.531441
11409055082320525831
4 6 5 6 -1  0.531441
11409132215863147935
2 5 2 4 -1  0.81
11409255025597748755
1 2 2 3 -1  0.00872795
11409316085900873944
3 1 4 2 -1  -0.0523347
11409771964889443434
0 0 0 5 -1  0.430467
11410117574645263142
1 3 1 2 -1  -0.0471013
11410124543439189020
0 3 0 2 -1  0.0278128
11410161305668983191
1 4 2 4 -1  -0.254186
11410504524292279208
0 5 0 4 -1  0.430467
11410798443394902940
4 4 5 4 -1  -0.0202755
11410832681921543079
2 4 4 2 -1  0.000196627
2 4 4 6 -1  0.0523347
11411094680125407006
6 0 5 0 -1  -0.6561
11411108940858267198
2 4 4 6 -1  -0.00221853
11411497388501379680
2 5 4 4 -1  -0.135085
11411879340862694130
6 6 6 4 -1  0.6561
11411989052666503498
2 0 5 3 -1  0.0886293
11412015317667415736
2 2 1 4 -1  0.0202755
11412545771011080900
3 1 1 2 -1  1
11412828145504158707
0 2 1 1 -1  -0.0471013
11412885185200918304
0 3 1 2 -1  0.00246503
11413151147364806076
0 5 1 4 -1  -0.00417455
11413555983555308435
4 1 2 2 -1  0.0343368
11413616803129575197
2 2 4 3 -1  -0.185302
11413876741335918490
4 1 5 1 -1  -0.282429
11413897225965664533
3 7 6 7 -1  -0.228768
11413924567775459835
2 4 6 4 -1  -0.430467
11413928175488928086
1 4 4 1 -1  0.0717897
11413937567770138818
3 4 4 3 -1  -0.0147809
11413964584976934669
3 5 4 5 -1  -0.018248
11414171772412979234
3 3 4 4 -1  -0.0523347
11414203406103890176
0 4 1 4 -1  -0.0797664
11414217422023765519
2 2 3 3 -1  -0.166772
11414239216030631159
6 3 4 3 -1  -0.348678
11414372399811524343
3 5 2 6 -1  -0.0133028
11414510444106828220
4 6 4 7 -1  0.9
11414577426164784111
5 1 4 2 -1  -0.282429
11414578054583188486
1 0 2 0 -1  0.0147809
11414665601414144555
2 1 2 2 -1  -0.0717897
11414743547385640926
2 3 3 4 -1  -0.018248
11414744382856207248
1 3 0 3 -1  -0.31381
11414942237159765195
0 7 0 3 -1  0.185302
11414977989013306092
2 6 1 6 -1  0.531441
11415002782819415390
4 7 5 7 -1  -0.59049
11415194399854449843
3 0 4 0 -1  0.0886293
11415304010214250687
4 5 6 3 -1  -0.00463839
11415415386365565855
3 3 4 1 -1  0.31381
11415425053920531700
1 0 2 0 -1  0.0797664
1 0 3 0 -1  -0.00515377
11415444844761424470
3 5 4 4 -1  0.166772
11415518633037282154
3 2 4 3 -1  0.348678
11415692533308919327
1 2 1 3 -1  -0.348678
11415698148403592225
3 2 4 0 -1  -0.098477
11415762948852002934
1 3 3 2 -1  -0.0202755
11415769717557875118
6 6 4 4 -1  0.729
11415788142943035510
1 3 2 3 -1  -0.0343368
11415820611654749992
5 1 4 2 -1  -0.135085
11415878229285867557
0 1 1 2 -1  0.348678
11415878398947116720
2 7 2 6 -1  0.282429
11416144748566731336
7 2 6 2 -1  -0.59049
11416187912992279502
1 1 3 1 -1  0.038152
11416684128280980539
1 1 2 2 -1  -0.00785516
11416955207709897051
1 1 2 1 -1  0.00338139
11417103029922328488
3 7 4 7 -1  -0.9
11417243461391801590
1 1 3 1 -1  0.0886293
11417634421764739424
2 5 4 3 -1  -0.348678
11417809696329912516
3 3 2 1 -1  0.0119725
11417852551776570536
1 2 3 2 -1  0.00417455
11417898024487011747
1 0 3 0 -1  -0.531441
11417919873227008710
2 0 5 0 -1  -0.038152
11418075116401503171
2 5 1 4 -1  -0.228768
11418402637799346324
0 1 6 1 -1  -0.729
11418412816663363516
4 0 0 4 -1  -0.531441
11418453100567543419
1 6 2 6 -1  -0.185302
11419118023501329974
0 4 0 6 -1  -0.0250315
11419158951342664553
6 5 6 4 -1  -0.254186
11419166761218619146
1 7 2 6 -1  0.729
11419341309742648275
2 4 4 2 -1  0.478297
11419441089438309113
2 2 3 2 -1  0.121577
11419445581806658518
0 6 0 7 -1  0.018248
11419509606262974085
4 1 3 3 -1  -0.6561
11419592868326825130
4 0 5 2 -1  -0.38742
11419769696319574481
4 2 5 2 -1  -0.282429
11420409710965996728
1 4 1 3 -1  -0.018248
11420657910524324233
5 0 5 2 -1  -0.81
11420880994293003478
1 0 3 0 -1  0.0246457
11420913642653950968
0 3 1 2 -1  0.0278128
11420996110614089924
2 3 4 5 -1  -0.81
11421010289302448858
4 4 5 3 -1  0.098477
11421022774785794076
1 2 3 2 -1  -0.166772
11421441771270627344
6 6 6 5 -1  -0.00572641
11421990565563820942
2 3 3 5 -1  -0.185302
11422386089482345413
1 3 3 2 -1  -0.31381
11422511220733802562
1 5 3 5 -1  0.098477
11422912844952697943
1 7 2 7 -1  -0.6561
11422927780238500112
1 3 1 5 -1  -0.31381
11423234424261224908
1 7 2 7 -1  0.0225284
11423295963481206142
2 2 3 3 -1  -0.0278128
11423394859057353779
0 1 1 3 -1  -0.038152
11423635256591584079
0 1 1 3 -1  -0.0164232
11423648691841350968
3 1 3 3 -1  0.478297
11423682008760347531
4 3 5 3 -1  -0.0309031
11423688016316857551
2 2 1 3 -1  0.348678
11423857833311558339
0 3 5 3 -1  -0.166772
11423880096258818752
1 6 6 1 -1  -0.185302
11423946258956875730
2 4 3 4 -1  0.59049
11424171297318315254
2 6 4 7 -1  0.185302
11424215670941856928
2 6 1 4 -1  -0.0523347
11424264323157728934
2 4 1 6 -1  0.729
11424461862486334582
1 7 2 7 -1  -0.0309031
11424470371924016614
0 5 1 4 -1  -0.0886293
11424701915978239459
2 1 1 1 -1  -0.0523347
11424811355551525117
2 2 3 2 -1  -0.430467
11424861369384067525
4 5 1 2 -1  -0.729
11424864795855578954
2 6 1 5 -1  -0.228768
11424964701624008300
3 5 1 5 -1  0.430467
11424995338893349071
6 3 2 3 -1  0.430467
11425105772210824424
1 3 3 4 -1  -0.0523347
11425111771147004993
3 5 5 3 -1  -0.00338139
11425123989295041830
5 0 5 1 -1  0.0147809
11425150967016016817
5 4 6 4 -1  -0.6561
11425456244635859966
1 7 0 7 -1  0.9
11425609917235907749
3 3 3 1 -1  -0.0423911
11425856019738717395
2 4 3 4 -1  -0.0886293
11425966388989028583
3 3 3 2 -1  0.0147809
11426110196745435995
2 1 4 3 -1  -0.0717897
11426314800065391154
2 1 3 1 -1  -0.6561
11426426296103972676
0 3 1 3 -1  0.0646108
11426646283513991044
3 0 3 2 -1  -0.228768
11426687508897754201
2 5 1 3 -1  -0.0119725
11426707464034254715
4 4 5 4 -1  -0.0886293
