11976383587564913547
2 1 2 0 -1  -0.0471013
11976446106219222924
4 2 3 2 -1  0.0471013
11976526851169501333
4 1 3 2 -1  0.430467
11976564277743832128
3 2 4 3 -1  -0.0278128
3 3 4 2 -1  0.00872795
11976624897399913697
0 1 7 1 -1  -0.59049
11976647319662512492
1 0 2 0 -1  -0.00636268
11976718315408490121
3 0 4 0 -1  -0.0278128
11976782968216659676
0 1 1 3 -1  -0.00417455
11976789661391473774
0 6 2 6 -1  -0.6561
11977052878461174108
1 1 2 1 -1  0.038152
11977153601493149752
0 5 1 5 -1  0.109419
11977180783293973805
1 7 3 7 -1  0.0581497
11977285272185092384
4 0 5 0 -1  -0.531441
11977782744465254656
4 6 4 0 -1  0.430467
11978038217176006596
1 6 1 7 -1  0.109419
11978148643680294243
2 5 3 4 -1  0.478297
11978365736870110642
0 2 0 3 -1  -0.0717897
11978411609187344911
2 4 5 7 -1  0.121577
11978472957766287954
1 2 2 4 -1  -0.00246503
11978568912374890099
3 6 5 7 -1  0.0886293
11978583807841881880
3 6 4 5 -1  0.0202755
11978628909396652936
5 5 0 5 -1  -0.205891
11978892303311191137
0 5 0 6 -1  0.9
11978911355732520902
4 5 5 6 -1  -0.59049
11979133810122648792
0 5 0 4 -1  -0.0841979
11979271833579059425
3 6 4 6 -1  1
11979475231623077026
0 0 0 2 -1  0.228768
11979701933314153521
1 3 3 1 -1  -0.0202755
11979889810328415295
4 5 2 6 -1  -0.150095
11979983683151624821
1 0 0 1 -1  0.185302
11980093713563571813
2 5 4 4 -1  -0.0523347
11980140666791052694
1 6 2 5 -1  0.348678
11980166566322773084
7 0 6 1 -1  0.0225284
11980570080482436343
4 3 5 4 -1  -0.6561
11980572380612263337
1 4 0 3 -1  0.0646108
11980652097843803335
1 0 3 0 -1  0.00785516
11980984218244176797
0 1 2 2 -1  -0.0125714
0 6 2 5 -1  -0.0101502
1 3 3 3 -1  -0.000789849
1 6 2 6 -1  -0.00108236
11980990414436181019
2 4 0 3 -1  -0.00572641
11981165447875311615
3 3 4 4 -1  -0.729
11981464467155671715
1 6 3 6 -1  -0.0886293
11981505651664407551
0 1 1 3 -1  -0.098477
11981526452238661388
3 7 4 7 -1  -0.348678
11981875786113320781
3 3 2 5 -1  -0.0164232
11981946817438224171
4 2 5 3 -1  -0.205891
11982013976741930688
0 0 4 0 -1  0.185302
11982015034138153301
4 1 5 2 -1  0.166772
11982186622601487423
0 4 4 4 -1  -0.0886293
11982415664662726157
1 2 2 4 -1  -0.348678
11982547351743013763
1 1 2 1 -1  -0.0309031
11982840313008384485
2 5 1 7 -1  0.0886293
11982951718503307255
3 1 4 0 -1  -0.135085
11983097760787155424
6 2 6 1 -1  -0.430467
11983131132831550823
3 3 3 0 -1  -0.282429
11983143120326823195
1 2 0 2 -1  0.228768
11983164154043495693
2 4 3 4 -1  -0.038152
11983287560523951152
0 5 0 6 -1  -0.150095
11983289966107699723
5 5 3 3 -1  -0.59049
11983470773080856520
6 2 6 5 -1  -0.6561
11983512651519878199
2 3 3 3 -1  -0.0523347
11983905463714626356
4 4 6 5 -1  -0.254186
11984666761802389327
3 1 4 1 -1  -0.254186
11984776402054994148
0 6 1 6 -1  -0.00338139
11984986831481601543
0 3 0 2 -1  0.0309031
11985082826735629495
0 2 2 4 -1  -0.018248
11985300290195646354
0 1 1 3 -1  -0.0309031
11985311572566278252
3 1 2 2 -1  0.166772
3 1 4 0 -1  0.38742
3 1 5 3 -1  -0.121726
11985378011622568534
3 4 1 6 -1  0.0523347
11985594900344397227
0 5 0 3 -1  0.0147809
11985777887888497190
2 5 1 3 -1  -0.205891
11986133755739695318
0 3 1 2 -1  0.098477
11986172964922182566
3 2 5 3 -1  0.478297
11986217295675578406
0 1 2 2 -1  0.0388875
0 2 3 5 -1  -0.0147809
1 0 2 0 -1  -0.0256127
1 4 2 4 -1  0.00785516
1 6 2 6 -1  -0.0108988
11986578110108145850
3 4 4 3 -1  -0.478297
11986591973308423216
2 4 3 4 -1  0.098477
11986629604952810872
2 5 3 3 -1  -0.0250315
11986649689697443930
3 1 4 1 -1  -0.0471013
11987139997516974970
0 4 0 0 -1  -0.150095
11987142131643114874
3 5 4 4 -1  -0.185302
11987235998083094372
1 3 1 6 -1  -0.430467
11987258417267298590
0 2 1 3 -1  -0.00969773
2 2 4 1 -1  -0.0646108
11987439697352021789
3 5 5 7 -1  -0.38742
11987596915208785396
5 1 5 3 -1  -0.282429
11987645112422125660
0 2 0 1 -1  -0.00706964
11987738863249549930
2 6 3 6 -1  -0.478297
11987970711110745533
5 2 6 3 -1  -1
11988047025851849192
3 3 2 2 -1  1
11988350261958697876
2 4 2 6 -1  -0.038152
11988379338690290601
2 4 3 3 -1  -1
11988406584028699908
2 4 4 2 -1  -0.0309031
11988484779763702621
0 7 4 7 -1  0.59049
11988999339221175701
2 7 2 6 -1  1
11989122068834276019
0 0 0 2 -1  0.0108774
0 3 1 2 -1  0.00470954
1 4 2 4 -1  -0.0145611
2 5 1 3 -1  0.038152
11989409244755798789
2 5 4 4 -1  -0.00131002
11989469771745987948
5 0 4 0 -1  -0.038152
11989855755267714185
4 6 3 7 -1  -0.00199668
11990002090834115511
1 1 2 1 -1  -0.0523347
11990355799095831905
1 5 0 6 -1  0.0797664
11990509996675291827
4 3 5 4 -1  -0.531441
11990521095802743227
3 3 4 2 -1  -0.0107753
11990543942858916418
1 3 2 2 -1  0.0797664
11990893642348241778
4 5 5 6 -1  0.81
11991036081933208719
2 1 4 2 -1  -0.121577
11991121678824267473
3 6 2 5 -1  0.00969773
11991285138344438950
2 5 1 4 -1  0.348678
11991378946390023913
2 5 4 4 -1  -0.0225284
11991500902764867916
1 6 2 6 -1  -0.531441
11991644796018284396
2 1 0 3 -1  -0.478297
11991750670547810607
0 7 0 3 -1  0.228768
11991931487295804011
3 5 4 5 -1  -0.430467
11991948431327387542
3 0 3 2 -1  0.729
11991992901992277846
2 3 4 1 -1  0.729
11992401158601477844
4 0 1 0 -1  0.254186
11992446823685892132
0 4 4 4 -1  -0.00417455
11992532656869032237
0 2 1 1 -1  -0.31381
11992768000705763180
3 0 4 0 -1  0.0423911
11992774685726352125
7 2 7 5 -1  0.531441
11992785924950961119
2 2 3 0 -1  -0.531441
11992960674062573596
3 1 4 1 -1  -0.0717897
11993302499975774861
1 4 0 2 -1  0.205891
11993326979468305928
6 7 7 6 -1  0.531441
11993679787791915261
3 2 1 3 -1  -0.430467
11993685742110287728
7 1 7 7 -1  -0.282429
11993722649492377071
4 7 5 7 -1  -0.6561
11993766669860067754
0 2 0 3 -1  0.9
11993878889128445639
1 5 2 6 -1  0.00338139
11994014636703053426
3 0 4 1 -1  -0.6561
11994034769301385615
0 6 1 7 -1  -0.228768
11994083293774745588
6 1 2 1 -1  0.282429
11994120925647382528
4 3 6 3 -1  -0.166772
11994205611542300822
4 0 5 2 -1  0.478297
11994246885199853351
2 5 3 3 -1  0.0423911
11994314690899198356
1 7 3 7 -1  0.177993
11994634584251258807
0 6 1 4 -1  -0.205891
11994809631507912972
1 4 2 5 -1  -0.254186
11994857352119388901
7 6 7 0 -1  0.59049
11994877024350895734
0 1 4 1 -1  -0.109419
11995065667983634810
2 4 3 4 -1  -0.478297
11995102948726647124
0 5 0 4 -1  0.0581497
11995108095807089062
3 3 2 5 -1  -0.0278128
11995388645864699225
6 2 6 6 -1  -0.6561
11995545459777578314
2 4 0 6 -1  -0.0523347
11995588731969511791
1 6 2 6 -1  -0.00304325
11995614481755194542
1 3 2 4 -1  -0.59049
11995812677586755655
4 3 3 4 -1  -0.098477
11995867754920525973
2 5 4 6 -1  0.135085
11995926459734839777
1 3 2 3 -1  -0.00656024
11995975341736055363
2 6 3 6 -1  0.6561
11996016080620302578
3 1 4 1 -1  -0.531441
11996133055202582985
1 3 2 3 -1  -0.0886293
11996223757933874159
2 5 3 3 -1  -0.150095
11996260716480254244
1 4 2 4 -1  0.150095
11996780413109007379
0 0 0 2 -1  -0.038152
11996907079026894345
0 0 0 3 -1  0.018248
11997126907486393993
0 5 1 4 -1  -0.0037571
1 1 3 1 -1  -0.038152
11997191759508924240
3 4 3 7 -1  -0.018248
11997232441856349871
4 3 4 7 -1  0.166772
11997283564845507398
0 4 0 6 -1  0.478297
11997443862465286872
3 1 4 1 -1  0.0797664
11997601393919902621
0 3 0 2 -1  -0.150095
11997609723982786305
4 7 5 7 -1  -0.81
11997655762747769084
0 0 1 1 -1  0.348678
11997803861131490817
6 3 6 5 -1  -0.121577
11998105862144173335
3 5 4 4 -1  -0.430467
11998383954937223306
4 0 5 0 -1  -0.00117902
11998479181919499196
0 0 0 2 -1  -0.478297
11998562878803021744
1 7 3 7 -1  0.59049
11998712592299341719
4 3 6 5 -1  -0.0717897
11998747516829616249
0 6 2 5 -1  0.018248
11998844107953937391
0 1 2 0 -1  -0.00221853
11998922518422950379
2 3 3 3 -1  -0.00785516
11998954313657127774
0 6 1 5 -1  0.31381
11998990813845452390
1 2 5 6 -1  -0.9
11999202118949460368
3 6 1 4 -1  0.38742
11999299724370403178
4 1 2 2 -1  0.135085
11999329323601512968
3 4 2 5 -1  0.00199668
11999564965612043014
0 3 2 3 -1  -0.0037571
11999580441424745702
2 0 3 1 -1  0.0343368
11999749373358691339
2 3 3 2 -1  0.81
11999858138952668504
5 2 7 0 -1  -0.228768
11999897936508763565
1 7 2 7 -1  0.0471013
12000054605097860009
3 5 5 7 -1  0.185302
12000060558881705415
1 1 2 1 -1  -0.00928817
1 2 3 2 -1  0.0294229
12000124885731306484
3 0 2 2 -1  -0.121577
12000137585232234568
4 3 5 3 -1  0.81
12000188983893893167
2 2 3 2 -1  0.31381
12000418279163124098
1 2 0 1 -1  0.430467
12000471093269325321
3 4 4 3 -1  0.0717897
12000504750633059415
1 5 3 5 -1  -0.0581497
12000624210316860759
0 5 1 5 -1  -0.254186
12000919553940600463
3 5 3 4 -1  0.729
12000963062558218229
3 0 2 1 -1  -0.282429
12001338805875804236
1 2 2 2 -1  -0.00515377
12001410508635342389
3 3 3 4 -1  -0.0717897
12001431915435136406
2 3 7 3 -1  -0.6561
12001516098415468155
3 6 4 5 -1  -0.0423911
12001551319734154405
0 2 1 3 -1  -0.074933
12001609476469944849
4 7 5 6 -1  -0.282429
12002009984618116252
2 4 5 7 -1  -0.81
12002035061576406969
2 2 4 3 -1  0.00872795
12002082848616524735
4 3 5 3 -1  0.0225284
12002095226137066193
1 4 1 5 -1  -0.098477
12002171195599693419
3 2 4 3 -1  -0.00969773
12002216529737217645
0 3 2 1 -1  -0.121577
3 1 4 1 -1  0.00785516
12002236939388621150
0 3 5 3 -1  -0.6561
12002339468431529688
0 3 1 3 -1  -0.205891
12002377675586238145
1 5 3 7 -1  0.0423911
12002382056078770246
4 4 3 4 -1  -0.81
12002520593404958093
0 2 1 2 -1  -0.0133028
12002825019389012214
1 6 0 5 -1  0.38742
12002999937316471676
7 2 7 6 -1  -0.6561
12003133859181103480
3 5 4 4 -1  -0.348678
12003218150364866942
3 3 5 1 -1  -0.0886293
12003256677138469868
0 6 1 7 -1  -0.6561
12003308854344820702
0 2 3 2 -1  0.478297
12003537493707605541
0 2 5 7 -1  -0.135085
12003598520986810621
2 4 5 4 -1  0.531441
12003650145774314855
1 4 1 7 -1  0.0343368
12003703897347707102
1 7 0 6 -1  0.0581497
12003885275075168046
2 2 2 3 -1  0.348678
12004034452822626704
0 4 0 5 -1  0.6561
12004094714093505145
1 4 1 5 -1  0.205891
12004169560590507085
2 3 1 2 -1  -0.150095
12004328220109477727
0 5 2 3 -1  0.0133028
12004419653384059311
0 3 2 5 -1  0.121577
12004448997104444138
6 1 6 0 -1  0.81
12004452410861758106
4 3 3 4 -1  0.0164232
12004582208517512144
2 1 4 3 -1  -0.531441
12004613136333105834
1 2 2 3 -1  -0.121577
12005101428909125292
5 4 6 2 -1  -0.166772
12005287928769579139
2 1 4 0 -1  -0.0202755
12005466303028255954
1 3 1 2 -1  -0.254186
12005471566785036127
4 2 2 4 -1  0.0886293
12005484669359272974
3 0 4 0 -1  -0.478297
12005597647645902202
4 2 4 3 -1  0.430467
12005662782780263035
1 5 2 5 -1  0.121577
12005715856842314570
3 6 4 4 -1  -0.0278128
12005817748952881811
0 7 4 7 -1  0.0886293
12005819408237241315
0 4 0 3 -1  0.135085
12005841118171288633
3 2 1 4 -1  -0.00872795
12005945609113066293
0 3 4 3 -1  -0.150095
12006515522337918876
5 3 6 3 -1  -0.9
12006589217020638804
3 1 0 4 -1  -0.00706964
12006883574049531391
3 1 3 6 -1  -0.135085
12006917272941871885
5 0 6 0 -1  -0.430467
12006934229474289412
1 4 2 5 -1  0.0717897
12007078860039599635
0 1 2 2 -1  -0.00246503
12007308968312198590
1 5 4 2 -1  -0.205891
12007467495018981609
1 2 3 0 -1  -0.0202755
1 7 2 7 -1  -0.0250315
12007507999114407772
0 4 2 4 -1  0.59049
12007742366450783253
1 0 2 0 -1  -0.000369988
12007763469001891488
1 3 3 5 -1  -0.205891
12007800161771288536
0 7 0 6 -1  0.38742
12007969529182536299
0 4 1 5 -1  1
12008055831872702032
0 6 1 6 -1  0.121577
12008541086909391721
4 4 5 2 -1  0.0423911
12008611585684080824
6 1 5 0 -1  -0.31381
12008670029886500065
4 2 5 1 -1  -0.432859
12008809821073130996
2 4 3 5 -1  0.729
12009111733274580857
7 7 6 6 -1  -0.9
12009190527483822633
6 4 6 5 -1  1
12009273535398789936
1 0 3 0 -1  -0.0037571
12009284812621764801
3 0 4 1 -1  0.0717897
12009438764360104520
0 7 0 2 -1  0.348678
12009440926529792586
3 5 2 4 -1  -0.0133028
12009904577928590656
3 7 4 7 -1  0.205891
12009943966720950202
3 0 2 2 -1  -0.166772
12009947235729351750
0 6 1 7 -1  -0.81
12010204476902186990
1 7 2 7 -1  0.81
12010527155491953093
1 5 3 5 -1  -0.31381
12010920537667297013
2 6 2 3 -1  0.150095
12011009471867422659
3 3 3 5 -1  -0.185302
12011477061886340223
3 2 3 3 -1  -0.0581497
12011530936283653821
1 7 3 7 -1  0.000411098
12011714634012042004
0 1 0 5 -1  -0.282429
12012092794729841120
1 4 2 3 -1  0.228768
12012167873048119600
2 5 1 3 -1  -0.0309031
12012191729970547546
1 3 0 4 -1  -0.109419
12012293576172546194
5 3 3 2 -1  -0.0646108
12012675361716554132
0 5 2 3 -1  0.0471013
12012958823710613179
3 0 2 2 -1  0.531441
12013011873332844909
0 3 1 3 -1  -0.0423911
12013304972425269767
1 2 1 3 -1  -0.228768
12013316705674351374
0 2 0 1 -1  0.0250315
12013390932410178315
1 6 7 6 -1  -0.6561
12013746591018289082
1 4 3 4 -1  0.0107753
12013764840937088947
3 5 2 4 -1  0.0423911
12013804839623621772
3 5 4 5 -1  0.109419
12014144467876682887
0 2 0 3 -1  0.729
12014188306405406174
5 3 6 3 -1  -0.531441
12014258968057091336
4 6 5 5 -1  -0.000332989
12014343282240321519
3 3 3 1 -1  -0.282429
12014446107391644241
2 6 1 4 -1  -0.31381
12014596026389965984
0 5 2 3 -1  0.00588785
12014745085451538224
4 3 3 2 -1  -0.166772
12014784970240966004
1 5 3 5 -1  -0.000242749
12014817440743611756
0 5 0 3 -1  1
12014871771504682981
0 3 2 5 -1  -0.0343368
12014969362599160575
0 0 0 2 -1  0.166772
12015442944652561065
5 0 6 0 -1  -0.254186
12015551643078769531
6 7 7 7 4  1
12015567755095565668
2 5 4 4 -1  -0.00304325
12015684852750469456
0 2 3 2 -1  -0.00969773
12015833708065587995
0 2 5 2 -1  -0.135085
12015836943093587228
3 7 4 6 -1  -0.0717897
12015857103100876038
1 1 2 1 -1  -0.205891
12015901038602126483
3 0 5 1 -1  0.228768
12015955936010080978
7 1 7 6 -1  1
12016227188006365073
6 2 6 0 -1  -0.166772
12016332091800886954
0 7 0 6 -1  0.9
12016418620107824297
2 3 3 4 -1  -0.9
12016673277210037068
0 3 1 4 -1  -0.0682003
12016714691085695482
3 4 3 2 -1  0.6561
12017039643129454716
5 4 6 4 -1  -0.531441
12017178373739414313
3 7 2 7 -1  0.81
12017513138877939690
1 3 2 3 -1  -0.0646108
12017922734658169388
0 4 0 6 -1  0.135228
12017983507335917678
0 3 2 1 -1  0.228768
12018513609333026112
5 6 7 7 -1  0.0717897
12018675577575194677
2 6 1 7 -1  -0.166772
12018941819637365052
1 0 2 1 -1  -0.59049
12018945634866530129
3 2 4 3 -1  0.38742
12018970248997492563
1 4 4 1 -1  -0.135085
12019000288354001381
1 5 2 4 -1  -1
12019274483550575905
1 3 2 4 -1  0.283998
12019526736958812940
1 1 2 0 -1  -0.109419
12019630056928906258
0 6 2 5 -1  -0.0471013
12019749563332201064
5 4 6 2 -1  0.150095
12020066642500818979
7 7 7 5 -1  1
12020267642311732362
7 1 7 6 -1  0.0423911
12020512813448180235
1 3 2 3 -1  -0.205891
12020524666430591269
1 3 3 2 -1  0.121577
12020660916735077761
4 0 5 1 -1  -0.00221853
12020685420814621329
3 4 2 2 -1  0.0164232
12020717798838388983
2 6 3 5 -1  -0.59049
12020720605107041060
2 1 3 3 -1  0.0164232
12020742408578614334
2 4 3 5 -1  -0.430467
12021096119908446115
5 5 7 3 -1  -0.38742
12021220352749473459
3 6 4 6 -1  -0.478297
12021358496518227960
2 1 3 1 -1  -0.185302
12021360228928427213
2 5 1 3 -1  -0.135085
12021431362248145531
4 5 3 3 -1  -0.478297
12021487160020060917
0 3 3 3 -1  -0.121577
12021628696176550652
1 6 2 6 -1  -0.0225284
12021665616121827636
0 6 1 6 -1  -0.166772
12021668397219255343
0 3 0 2 -1  0.135085
12021859735560178523
2 5 3 5 -1  -0.81
12021913389841841026
2 4 1 2 -1  -0.166772
12021937199992442923
3 5 4 4 -1  -0.0886293
12022111245107573918
4 6 0 6 -1  -0.729
12022112754951961599
0 0 0 3 -1  -0.00969773
12022189082680580428
7 2 7 1 -1  0.348678
12022279798437393854
6 5 4 4 -1  -0.9
12022316498211329351
1 1 3 3 -1  -2.15147e-05
12022642875610985752
3 5 2 4 -1  0.0225284
12022670478839100069
0 2 2 2 -1  -0.205891
12022832394504205761
0 1 2 2 -1  -0.00883982
1 0 3 0 -1  -0.0232521
1 2 2 2 -1  -0.0161864
12022839277305446010
0 3 0 4 -1  0.228768
12023244295910241933
4 1 4 2 -1  -0.59049
12023321775810652016
0 0 0 2 -1  0.150095
12024176676921620820
3 3 1 3 -1  -0.0309031
12024355252207644547
3 1 4 1 -1  -0.0343368
12024364749412818881
3 1 6 1 -1  0.00515377
12024641127091032955
0 5 1 6 -1  -0.0523347
12024675174445700194
0 0 0 1 -1  -0.098477
12024794479918587672
0 3 0 5 -1  -0.109419
12024901253808258289
1 6 2 6 -1  0.430467
12025112955010726959
2 4 1 4 -1  -0.31381
12025324315998949041
0 5 0 3 -1  0.0343368
12025351506668965103
1 6 2 6 -1  -0.81
12025882010617218679
1 2 0 1 -1  -1
12026121148906013003
1 3 2 4 -1  0.31381
12026128066742440554
3 6 5 4 -1  0.81
12026265792790586921
0 2 2 2 -1  0.098477
12026678910101073623
3 6 2 5 -1  0.531441
12026923610240494315
0 4 0 6 -1  -0.109419
12026994893950400521
1 3 0 4 -1  0.81
12027353280259220127
0 3 1 4 -1  -0.0581497
12027559321466068145
0 3 1 4 -1  -0.0278128
12027591030812473229
5 5 5 6 -1  0.121577
12027773802393661122
1 3 0 4 -1  0.00221853
12027952100096698937
1 4 3 4 -1  -0.185302
12028080191011521371
0 5 4 5 -1  -0.59049
12028114765764227953
1 4 2 5 -1  0.0471013
12028416048437505693
5 4 4 4 -1  -0.6561
12028447862265370985
0 4 1 4 -1  -0.00515377
12028571165767941548
0 3 4 7 -1  -0.430467
12028637090584816066
2 5 3 6 -1  -0.038152
12028825152179409312
5 3 5 2 -1  -0.109419
12029149428920212503
4 4 5 3 -1  -0.31381
12029237236460944921
0 6 0 7 -1  0.348678
12029476335141033507
0 2 4 6 -1  -0.0523347
12029920684803818822
2 5 4 6 -1  0.0646108
12030261335027945499
0 5 0 3 -1  -0.000507528
12030579099981574085
0 5 1 6 -1  0.0350329
12030799647982138164
2 1 3 1 -1  -0.6561
12030845195551038301
0 7 1 6 -1  0.59049
12031024580156251541
3 2 4 3 -1  -0.0886293
12031122220606079270
5 1 4 1 -1  0.0343368
12031454712561529620
6 5 6 0 -1  -0.478297
12031522091199983834
1 0 3 0 -1  0.0107753
12031876101554492314
2 3 1 3 -1  -0.0646108
12031956977368984923
2 3 3 3 -1  0.254186
12032204729882208660
2 1 2 3 -1  -0.135085
12032342898371057254
3 5 4 4 -1  -0.150095
12032350880326048239
2 3 3 3 -1  0.109419
12032624481533165707
2 6 3 5 -1  -0.31381
12032964575979871908
0 6 2 5 -1  0.00706964
12033070552694427944
0 7 5 7 -1  -0.9
12033141160246737108
1 2 3 2 -1  0.00572641
12033251212266137933
3 4 4 4 -1  0.282429
12033304658331836807
4 5 6 7 -1  -0.6561
12033609927385366415
0 6 1 6 -1  0.729
12033693721578397949
0 7 0 3 -1  0.098477
12033889312576781018
1 4 2 2 -1  0.254186
12033900748776099361
5 3 4 5 -1  -1
12033917494559980442
3 2 4 1 -1  -0.018248
12034089110760644394
0 0 4 4 -1  0.254186
12034168934416325490
0 2 2 4 -1  -0.098477
3 3 4 3 -1  -0.121577
12034287054163063707
0 7 0 3 -1  -0.0164232
12034309943520235175
1 2 0 1 -1  0.0797664
12034693972149646193
3 1 4 1 -1  -0.0646108
12034740064149295184
4 4 5 4 -1  -0.254186
12034775709791193226
2 1 3 2 -1  -0.0646108
12035427467267356391
4 6 5 5 -1  -0.254186
12035436338199064321
6 0 7 1 -1  -0.205891
12035442736017993897
2 6 1 4 -1  -0.0886293
12035475726827038762
1 4 3 5 -1  -0.0225284
12035512883800255575
1 2 7 2 -1  0.9
12035653413172723893
2 3 2 2 -1  0.430467
12035833766219602393
5 6 7 6 -1  -0.0164232
12035910212531208511
1 3 2 3 -1  0.0523347
12035958719011026560
2 5 1 5 -1  -0.0523347
12036011085229975905
1 5 1 4 -1  -0.150095
12036047197905984186
3 6 4 5 -1  -0.098477
12036228323944001640
1 5 2 6 -1  -0.348678
12036506974026406849
3 6 1 6 -1  0.282429
12036682189970863082
1 4 1 3 -1  -0.228768
12036754939091708042
0 2 0 5 -1  -0.00273892
12036968318177211092
3 1 4 2 -1  -0.166772
12037470143782190671
3 2 4 4 -1  -0.00161731
12037609381160160577
2 6 3 5 -1  -0.098477
12037636187579840924
0 5 0 4 -1  -0.81
12037644776449436024
2 5 4 4 -1  0.0133028
12037647713450186822
2 3 3 3 -1  0.729
12037654568739506703
5 6 4 7 -1  0.38742
12037680181873108736
0 6 0 5 -1  0.0343368
12037681406128744995
1 3 2 2 -1  0.185302
12037937078961089932
5 2 6 3 -1  -0.282429
12038104705297732639
1 3 2 2 -1  0.282429
12038223971151284145
3 1 1 2 -1  0.109419
12038319710754111690
1 4 1 5 -1  -0.0523347
12038393610365053890
1 6 2 5 -1  -0.59049
12038445372188249965
3 2 5 2 -1  -1
12038631845123699168
3 4 4 4 -1  -0.430467
12038647693864015779
0 3 7 3 -1  -0.0523347
12038686831876219466
4 6 5 6 -1  0.135085
12038799084245679156
0 4 0 2 -1  0.0119725
12038826789679152710
0 5 2 7 -1  -0.6561
12038840087698609341
1 1 2 1 -1  0.185302
12038850567592759489
1 1 2 1 -1  0.0250315
12038899445989089811
1 3 3 2 -1  -0.6561
12038919292807086943
0 2 2 4 -1  0.00417455
12038996059471323044
1 2 0 2 -1  -0.0581497
12039355292662511500
1 4 2 2 -1  -0.0581497
12039443819943952935
1 2 2 2 -1  -0.348678
12039551563786893892
0 7 0 6 -1  0.729
12039559810764853290
2 1 3 1 -1  0.0717897
12039703119589655463
0 3 3 3 -1  0.348678
12039990082299158863
1 4 0 6 -1  -0.121577
12039991249977933662
1 2 3 0 -1  -0.0581497
12040152392164849018
0 6 0 5 -1  0.00636268
12040257213641066676
0 0 2 2 -1  -0.9
12040460718056488053
1 5 0 6 -1  -0.81
12040465064109941043
3 3 2 5 -1  -0.109419
12040651831383886586
2 0 3 1 -1  0.0423911
12040742568648418915
0 3 1 2 -1  0.0646108
12040773858637162443
4 7 4 6 -1  -1
12040791854958472690
2 6 3 6 -1  0.81
12041201916249187760
5 5 4 5 -1  -0.0717897
12041295460276930040
3 1 5 1 -1  -0.531441
12041483631073523187
1 3 2 2 -1  -0.00117902
12041531274798089058
0 1 1 3 -1  -0.018248
0 2 1 3 -1  0.0250315
12041568518343798240
0 3 2 1 -1  0.0439279
12041799979066694982
1 3 4 3 -1  0.531441
12041825448312627415
3 6 4 5 -1  -0.0581497
12041878591347792632
0 5 2 3 -1  -0.109419
12042107284136104225
4 6 5 5 -1  -1
12042174641034949289
0 2 4 6 -1  -0.038152
4 3 5 4 -1  -0.00338139
12042267111220023486
0 1 1 3 -1  -0.0717897
12042366921328785950
2 3 0 3 -1  -0.0717897
12042413978398276213
0 2 2 4 -1  -0.0225284
12042429056070109170
2 2 4 3 -1  0.109419
12042959410310818830
1 7 2 7 -1  -0.0250315
12043165497826672154
2 1 3 1 -1  0.109419
12043188040450472771
3 0 1 2 -1  0.38742
12043194415565968910
1 1 2 1 -1  -0.018248
12043427622439342977
2 6 3 5 -1  -0.121577
12043428120540154161
0 6 2 5 -1  -0.0164232
12043506021242988166
1 7 3 7 -1  -0.0423911
12044152624805500517
4 2 4 4 -1  -0.0202755
12044197206943306449
7 3 7 0 -1  -0.109419
12044227324240108837
0 5 0 3 -1  0.0423911
12044367424916654571
0 3 1 3 -1  0.150095
12044372485074645045
0 7 0 6 -1  0.348678
12044729265203268779
1 4 1 3 -1  -0.038152
12044919448931860474
2 5 1 4 -1  -0.430467
12045299698326705535
5 2 6 0 -1  -0.00304325
12045605337548885197
1 4 2 4 -1  0.0717897
12045982842442196793
4 0 5 0 -1  -0.254186
12046034215864567441
3 4 4 4 -1  0.166772
12046498239417890523
0 2 3 2 -1  0.135085
12046509651217179432
5 2 5 3 -1  -0.228768
12046647897170190227
0 4 0 2 -1  -0.00463839
12046670659629292776
3 2 2 4 -1  -0.31381
12046733339691836082
3 4 4 3 -1  -0.0523347
12046785085268149937
5 2 3 4 -1  0.109419
12046820043287655174
2 1 6 1 -1  -0.166772
12047017729261409383
3 6 2 6 -1  0.59049
12047039009957199666
2 5 1 5 -1  0.6561
12047139809299386273
1 7 3 7 -1  0.00969773
12047224124464303495
5 6 6 6 -1  -0.038152
12047274166944561926
5 1 5 5 -1  -0.0523347
12047359613594936438
2 5 1 7 -1  -0.0423911
12047873493952786391
0 4 0 6 -1  -0.109419
12047977062753990315
2 7 3 7 -1  -0.00417455
12048039994762643762
3 4 2 5 -1  0.282429
12048138497458219303
0 6 1 5 -1  -0.0797664
12048155200900474996
0 1 1 3 -1  -0.0717897
12048226258154428614
0 3 3 3 -1  -0.181926
12048258894140154788
1 4 2 3 -1  -0.0147809
12048302939523751776
3 5 2 5 -1  -0.166772
12048665096775567973
3 2 2 1 -1  -0.135085
12048700120014308899
0 3 0 4 -1  0.0886293
12048928876502625815
1 5 3 5 -1  -0.0581497
12049266759203840038
4 4 1 4 -1  0.150095
12049322540913069164
0 3 1 3 -1  0.81
12049445830412601564
6 1 5 3 -1  -0.6561
12049526448585752338
2 5 4 4 -1  -0.0250315
12049595773601800394
2 2 1 1 -1  0.0147809
12049657190428171067
0 5 0 3 -1  -0.0343368
12050325512715179397
3 3 4 2 -1  -0.135085
12050788618025802639
1 3 3 2 -1  -0.135085
12051073359544420376
1 2 2 3 -1  -0.00969773
12051122181193893371
1 6 2 5 -1  -0.0646108
12051149597262683416
1 6 2 7 -1  0.0471013
12051329413645641997
2 5 3 5 -1  -0.478297
12051714778377397765
1 5 4 2 -1  -0.430467
12051854870504397246
2 4 3 5 -1  -0.0797664
12051930350655774757
4 1 2 3 -1  -0.000116106
12052021832843657298
1 3 2 4 -1  0.0278128
12052238333679661737
1 6 0 5 -1  -0.185302
12052368641103964604
0 0 0 3 -1  -0.0278128
12052428347369863128
2 6 1 5 -1  -0.6561
12052513010981106132
4 5 5 5 -1  0.531441
12052520790526964262
1 3 3 3 -1  -0.0278128
12052553290435718241
3 6 3 4 -1  -0.6561
12052569171528549142
0 3 4 3 -1  0.0523347
12052695516390340604
0 4 0 6 -1  0.0423911
12052799357367170159
2 2 1 4 -1  0.135085
12052848649579464511
0 6 0 3 -1  -0.38742
12052900936171335684
3 3 4 4 -1  -0.098477
12052986338641426160
2 3 3 4 -1  -0.6561
12053104487377836730
3 7 5 5 -1  -1
12053519930040070814
4 6 5 4 -1  -0.166772
12053593455419271778
1 4 2 2 -1  -0.150095
12053647213508368633
3 6 2 6 -1  -0.098477
12053734722963588156
2 4 5 1 -1  0.38742
12053765647010978448
1 4 3 4 -1  -0.0107753
12053853364869394579
1 6 2 5 -1  -0.0471013
12053861990937189025
3 3 4 3 -1  0.282429
12053914372977053440
1 4 1 3 -1  0.6561
12053926766976343973
3 2 4 2 -1  -0.166772
12054331638346877165
4 6 5 4 -1  -0.282429
12054802822851756603
0 4 0 6 -1  0.038152
12054974131364586143
0 5 1 4 -1  0.00892245
12055019089211524753
7 1 3 5 -1  -0.59049
12055054393150529819
1 2 5 2 -1  -0.0147809
12055155821657110767
4 6 5 4 -1  -0.81
12055327676225471669
1 5 3 5 -1  -0.098477
12055395266608389288
6 2 6 0 -1  -0.531441
12055429078600236734
3 3 4 2 -1  -0.282429
12055639180445232542
0 5 0 4 -1  0.282429
12055670853730139841
0 4 1 4 -1  -0.0343368
12055771963737956536
3 6 4 7 -1  0.6561
12055910679222596436
3 0 4 2 -1  -0.135085
12056091045005760246
4 6 5 6 -1  -0.205891
12056141490046911972
3 5 2 4 -1  -0.038152
12056290207048750820
0 3 4 3 -1  0.166772
12056586409935166115
2 7 4 7 -1  -0.430467
12056628537628659198
5 5 4 7 -1  0.0797664
12056915988891029244
1 3 2 4 -1  0.098477
12056954156010926295
0 6 0 5 -1  0.098477
12057092022271071332
3 3 2 1 -1  -0.0423911
12057353343130124036
0 5 1 6 -1  0.00559947
12057461335149399600
0 1 0 3 -1  0.205891
12057512557680886598
2 5 4 4 -1  -0.038152
12057540209885832666
2 4 1 3 -1  -0.00246503
12057583141520637048
1 5 1 4 -1  -0.81
12057757481761369277
0 3 3 6 -1  -0.166772
12057845779843238171
7 4 7 0 -1  -0.254186
12058067949648700845
2 5 3 6 -1  -0.150095
12058087679202749854
1 4 2 6 -1  -0.0886293
12058374242701183260
2 5 3 3 -1  -0.0278128
12058416298206585223
1 7 2 7 -1  -0.0133028
12058445567645996691
1 5 3 5 -1  -0.0471013
12058501407294300916
2 5 1 3 -1  -0.0797664
12058686552459194267
0 5 0 4 -1  -0.0164232
12058913867237815144
2 2 3 2 -1  -0.0523347
12058974305474833740
4 2 1 5 -1  0.0164232
12059140761570962678
0 4 1 4 -1  0.0343368
12059246470215281174
0 4 0 6 -1  -0.185302
12059326390279597479
1 6 6 1 -1  -0.31381
12059329727219487748
1 1 2 0 -1  -0.31381
12059511138219022630
3 5 5 3 -1  0.0119725
12059697391293899849
4 3 5 2 -1  -0.00515377
12059814544003648021
2 5 3 5 -1  -0.31381
12059911018795086162
3 3 5 5 -1  -0.0164232
12059965751464664949
1 6 2 7 -1  0.166772
4 4 5 2 -1  0.0202755
12060431051456627214
0 3 2 4 -1  0.348678
12060574401839584064
1 6 2 6 -1  -0.166772
12060779403811640669
0 2 3 5 -1  0.0646108
12060795813054655506
0 2 2 4 -1  0.0423911
12061259085190742806
0 5 0 6 -1  0.478297
12061404173161254824
0 1 0 0 -1  -0.00636268
12061644324899438452
0 2 3 2 -1  -0.000176964
12061678039035014874
6 3 5 3 -1  0.0886293
12061724187632289289
2 1 3 1 -1  -0.729
12061815653369051112
1 1 2 2 -1  0.0343368
12062003986951694356
6 0 3 0 -1  -0.000955003
12062114983259193973
3 5 2 4 -1  0.121577
12062443549802335840
0 5 2 6 -1  -0.00221853
12062487306175258171
0 1 4 1 -1  0.38742
12062534226634438604
0 2 7 2 -1  -0.9
12062754168400214852
0 7 0 6 -1  -0.0133028
12062861349699004629
1 5 3 5 -1  0.0523347
12062957305251889844
0 1 0 2 -1  -0.0250315
12063043357470371559
0 2 2 4 -1  -0.0423911
0 2 4 6 -1  -0.042625
1 5 3 5 -1  0.0164232
12063210374637002220
1 1 3 3 -1  0.185302
12063286983269582561
5 7 6 5 -1  -0.254186
6 2 4 4 -1  -0.31381
12063590346990198088
0 2 2 0 -1  -0.038152
12063838177911088250
1 4 3 4 -1  -0.00872795
12063892014838100068
1 1 3 1 -1  0.00969773
12063982360050898932
1 5 2 5 -1  -0.150095
12064035501355884649
6 1 7 1 -1  -0.282429
12064044220088632301
2 5 3 7 -1  -0.0037571
12064071135812440726
0 4 3 7 -1  -0.38742
12064083532168315397
6 1 7 1 -1  -1
12064303358358426967
1 0 4 3 -1  -0.282429
12064544514830789578
0 6 0 7 -1  0.000955003
12064649497751222899
2 5 1 3 -1  -0.000269721
12064785478344259037
5 3 3 3 -1  0.430467
12064851597815384998
0 5 0 4 -1  -0.0202755
12064858561897258326
2 2 4 3 -1  -0.049718
12064928276334331535
1 2 2 3 -1  0.000242749
12065048246100981719
3 4 5 3 -1  -0.38742
12065258851399503498
6 2 5 3 -1  -0.59049
12065384931697315729
4 4 2 5 -1  0.282429
12065460426656324858
0 2 0 0 -1  0.729
12065651131715423056
3 3 2 5 -1  -0.00872795
12065687347775092326
0 2 0 3 -1  -0.0581497
12066004125605502566
0 3 1 4 -1  0.018248
12066284714497198718
3 1 2 1 -1  -0.135085
12066350158154946060
2 2 3 3 -1  -0.166772
12066490853505970114
0 0 0 4 -1  0.729
12066526584306474601
1 5 1 6 -1  0.81
12066712380901485575
2 5 1 3 -1  -0.00572641
12067085986782434290
0 2 0 1 -1  0.0107753
12067169973287290337
4 5 2 4 -1  -0.6561
12067223278588403242
1 6 1 7 -1  -0.729
12067510395187952367
1 3 1 4 -1  -0.166772
12067567796096463155
1 4 3 6 -1  -0.098477
12067688834770802752
4 6 5 7 -1  0.00221853
12068087252495369154
1 5 3 5 -1  -0.31381
12068257999705418796
1 3 5 3 -1  -0.0523347
12068397290451387815
0 5 2 3 -1  -0.0326097
12068470482448252222
2 3 5 6 -1  -0.135085
12068733464983994139
0 5 0 2 -1  0.0471013
12068738337177159380
2 6 1 6 -1  0.6561
12069091534837313161
1 6 3 6 -1  0.00969773
12069484644904113721
6 6 6 7 -1  -1
12069506440396185660
3 3 2 1 -1  -0.109419
12069648117468628281
3 4 4 5 -1  0.81
12069743108729984143
3 0 6 0 -1  0.59049
12070111299398906810
3 5 1 3 -1  0.430467
12070116288563596764
1 7 2 7 -1  -0.254186
12070153474848198084
2 1 1 2 -1  0.000592143
12070297614455718454
2 5 2 4 -1  0.38742
12070384652219974741
6 4 5 4 -1  0.098477
12070417407567692173
3 3 1 4 -1  0.0646108
12070418122417271496
0 2 0 1 -1  -0.0202755
12070502343871579781
5 6 5 0 -1  0.729
12070560985503824689
0 6 1 5 -1  0.9
12070920116801679891
0 4 6 4 -1  -0.018248
12071231021443994927
3 6 0 3 -1  -0.00599496
12071238568789181180
3 0 1 1 -1  -0.282429
12071326287939445334
1 1 2 3 -1  -0.282429
12071646999654691392
2 5 3 3 -1  0.282429
12071744938476063197
5 4 6 5 -1  0.228768
12071957931430727984
0 5 0 3 -1  0.00969773
12072037080542956754
6 4 6 2 -1  -0.205891
12072367378923648583
3 0 5 0 -1  0.478297
12072622430185799256
0 4 1 4 -1  0.00785516
12072825042545018235
0 3 0 2 -1  0.31381
12073319855414155440
1 2 2 0 -1  0.109419
12073343295135976952
3 3 2 4 -1  -0.254186
12073376174829605117
0 3 3 0 -1  -0.0121472
12073592476763257289
1 6 2 6 -1  -0.00199668
12073716276553990796
1 4 2 6 -1  0.478297
12073912281522881604
1 7 2 6 -1  -0.0797664
12074150462586047961
3 3 4 2 -1  -0.00117902
12074171021093148627
2 5 3 4 -1  0.0891217
12074245412620491597
7 4 5 5 -1  -0.9
12074340604378468686
3 5 4 6 -1  0.166772
12074753914551318052
0 5 0 2 -1  0.00636268
12074873276776543065
1 1 3 1 -1  0.166772
12075228039434508409
2 3 3 2 -1  -0.729
12075246527881710989
5 7 2 4 -1  0.166772
12075332285545214512
4 1 2 1 -1  -1
12075414399561106664
3 1 4 2 -1  -0.135085
12075503091290824959
0 6 1 4 -1  -0.0797664
12075560072019975120
4 7 2 5 -1  0.00969773
12075778658275773181
1 7 2 6 -1  -0.0225284
12075849796264375137
1 2 1 5 -1  0.31381
12075853358855223768
3 3 4 2 -1  -0.0309031
12075969120116313242
4 3 5 4 -1  -0.478297
12076058901865419348
5 7 4 5 -1  -0.9
12076216985288478781
1 5 3 5 -1  -0.478297
12076404769712775135
1 3 4 6 -1  0.282429
12076495054015702331
5 1 5 0 -1  -0.228768
12076683170675881031
1 4 2 4 -1  -0.0581497
12076943200047335647
1 6 2 6 -1  -0.81
12076952883672734049
0 6 1 5 -1  0.0797664
12077254558336620362
2 0 3 0 -1  -0.0309031
12077445906403369011
0 4 1 3 -1  -0.0597662
12077683144530033952
4 6 3 4 -1  -0.185302
12078040092374957166
5 3 5 4 -1  -0.38742
12078143560804474469
3 7 4 7 -1  -0.6561
12078179415113702674
0 3 0 2 -1  -0.0202755
12078199956422239581
4 1 6 3 -1  -0.0037571
12078518633554305072
0 3 2 3 -1  0.254186
12078530187877131929
3 2 5 4 -1  -0.531441
12078950932749814748
3 2 4 3 -1  -0.0523347
12079140340302837363
1 3 2 5 -1  0.729
12079402219970380109
1 2 3 2 -1  0.109419
12079613762032522402
2 5 4 4 -1  0.00969773
12079644713832711472
1 1 2 2 -1  0.098477
12079908382840758584
0 1 1 1 -1  0.430467
12080149649287568669
0 1 1 1 -1  -0.00785516
12080355721811546157
1 2 2 2 -1  -0.228768
12080434366845525464
2 5 3 5 -1  -0.59049
12080463064873095044
1 5 3 6 -1  -0.478297
12080580000167100683
2 6 3 4 -1  -0.0581497
12080689466532811710
4 2 4 5 -1  0.254186
12080836818331924995
0 2 0 3 -1  -0.729
12081177354588609272
4 4 5 3 -1  -0.166772
12081425823189046945
3 7 2 6 -1  0.0523347
12081473176160095650
3 5 6 5 -1  -0.00636268
12081590358034556560
2 1 2 0 -1  0.282429
12081828376904096285
0 6 0 7 -1  1
12081878855008253250
0 3 0 1 -1  -0.729
12081990214470817668
3 4 4 3 -1  -0.6561
12082109423783794671
3 3 2 2 -1  -0.135085
12082215948539723059
4 7 2 7 -1  -0.0133028
12082790111712181715
0 3 0 2 -1  -1
12082931223614427630
3 6 4 6 -1  -0.0119725
12083036586879691186
4 1 6 3 -1  -0.0147809
12083381359852877628
3 5 3 4 -1  0.6561
12083560204648027176
0 2 4 6 -1  0.00572641
12083594599604753748
4 6 5 5 -1  0.0471013
12083654020555372461
1 6 5 6 -1  0.531441
12083662661830901570
4 2 5 0 -1  -0.531441
12083812097789831773
1 3 3 1 -1  -0.0225284
12083830383259851719
2 2 3 3 -1  0.150095
12083997893575070208
2 4 3 3 -1  -0.135085
12084422699666266494
4 4 2 4 -1  -0.038152
12084825771253487622
0 4 1 6 -1  -0.282429
12085035124217235771
3 1 3 2 -1  -0.31381
12085243892696566902
1 7 2 6 -1  0.038152
12085560220407036854
0 1 2 2 -1  0.00785516
12085609139977147163
4 6 3 5 -1  -0.0250315
12085867562172986708
3 3 1 1 -1  -0.729
12085991773275355120
4 3 5 4 -1  -0.185302
12086102193861334795
4 3 4 4 -1  -0.0797664
12086307217047453649
3 3 3 2 -1  0.0225284
12086317830295186083
5 0 6 1 -1  -0.729
12086563423533377466
3 4 4 4 -1  -0.0225284
12086580915596405187
3 4 1 3 -1  -0.282429
12086599645294085876
0 4 0 6 -1  -0.135085
12086860317934096788
1 0 1 2 -1  -0.31381
12086969785877090336
5 2 5 6 -1  -0.00463839
12087024476387138230
4 5 2 6 -1  -0.31381
12087044229188285068
3 0 2 0 -1  0.00273892
12087073368233546332
3 5 6 2 -1  -0.000626578
12087171521242256882
2 7 3 7 -1  -0.0646108
12087221405283302989
0 4 3 4 -1  -0.038152
12087565230968160628
1 4 3 4 -1  -0.000626578
12087608212492090717
2 5 3 3 -1  -0.150095
12087700210835624722
3 5 2 4 -1  0.018248
3 5 4 6 -1  0.0225284
12087851250541708268
1 3 0 5 -1  -0.0610788
1 7 2 7 -1  -0.00417455
12087943005667535746
3 0 5 1 -1  -0.59049
12088118006364893779
1 6 1 5 -1  -0.0471013
12088175178071570628
0 2 7 2 -1  -0.109419
12088338471747122190
0 3 3 6 -1  -0.135085
12088472506317473159
4 0 7 0 -1  -0.000773553
12088657974422844394
4 4 0 0 -1  0.282429
12088851579575576871
2 4 4 4 -1  -0.478297
12089001125688091756
6 3 6 5 -1  -0.31381
12089037261912109999
6 5 5 7 -1  0.81
12089204200888786554
3 5 4 6 -1  0.31381
12089253816436541697
2 0 3 0 -1  -0.00969773
12089388535124983581
2 4 2 2 -1  -1
12089428973082176925
3 2 4 1 -1  -0.531441
12089640086207229483
4 6 2 5 -1  -0.000696197
12089696885643207688
0 2 1 3 -1  0.0250315
12089817109888082694
1 1 3 1 -1  -0.0523347
12090036902150071184
1 7 3 7 -1  -0.0717897
12090104367329824957
3 1 4 1 -1  0.0717897
12090705698643181106
0 3 3 6 -1  -0.0225284
12090815281576710264
0 2 6 2 -1  0.0886293
12090952637471829542
1 4 3 5 -1  -0.205891
12091142982816324530
0 3 2 3 -1  -0.109419
12091181072060401131
4 4 5 4 -1  -0.282429
12091183944583051737
0 3 0 2 -1  0.0202755
12091444351886653591
0 5 3 2 -1  -0.59049
12091452596914729407
3 4 4 3 -1  -0.254186
12091499513386459323
5 4 6 5 -1  -0.121577
12091604286000223765
0 5 2 3 -1  0.0717897
12091718370677007620
1 6 2 6 -1  0.254186
12091819124666418511
3 0 3 3 -1  -0.59049
12092040256136193354
3 5 4 4 -1  1
12093000805321752250
1 6 3 6 -1  -0.166772
12093332811118379738
1 2 2 2 -1  0.0278128
12093443474482557775
4 5 3 6 -1  -0.430467
12093595646772609249
0 0 0 3 -1  -0.0343368
12093705595270484091
1 2 1 3 -1  0.00969773
12094391348065216064
0 5 0 7 -1  0.0717897
12094550354717394898
1 4 2 3 -1  0.31381
12094742920780608904
0 3 0 0 -1  0.6561
12094862692194761497
7 3 7 5 -1  -0.9
12094894371452943161
5 1 4 3 -1  -0.205891
12095109659126650442
3 4 4 4 -1  0.282429
12095335947575437245
3 4 3 1 -1  -0.205891
12095479200009717317
0 1 2 2 -1  0.0238971
12095734885421534135
4 3 3 3 -1  -0.0423911
12095922750503546784
2 1 3 1 -1  -0.150095
12096287535997992209
1 3 2 4 -1  -0.478297
12096317102270714192
3 3 4 5 -1  -0.478297
12096428228149014364
0 1 1 3 -1  0.0584727
12096581244464018547
0 6 0 7 -1  -0.0886293
12096598068804534907
0 1 1 2 -1  -0.531441
12096709210172774471
4 6 5 5 -1  0.109419
12096819976174542999
6 5 5 5 -1  -0.6561
12096954118553428108
0 5 0 4 -1  -0.0250315
12096980918415200977
3 2 2 3 -1  0.228768
12097343351538624992
1 3 2 4 -1  0.228768
12097410367534912924
5 2 7 2 -1  -0.109419
12097550902472764830
2 3 3 2 -1  0.0797664
12097579572500502853
2 2 3 4 -1  -0.0343368
12097633895083709277
3 1 6 4 -1  -0.59049
12097801930755594850
5 1 4 2 -1  -0.348678
12097814220320884889
7 4 7 0 -1  -0.228768
12097880464372875956
0 4 1 6 -1  0.185302
12098047817983344833
2 4 3 5 -1  0.0523347
12098134724570536509
0 3 1 4 -1  -0.00969773
12098483625290312716
3 2 2 3 -1  -0.478297
12098506283050392475
4 1 4 0 -1  -0.185302
12098630952986899135
3 4 4 3 -1  -0.121577
12098678901674570731
3 2 5 0 -1  -0.00338139
12098769647555848064
4 6 5 7 -1  -0.00785516
12098780554087964814
4 4 5 4 -1  -0.31381
12098820213529241001
0 7 1 7 -1  0.81
12098930320309290418
3 3 5 2 -1  0.00199668
12099160299748173883
2 4 3 4 -1  -0.166772
12099248377683043335
2 7 5 7 -1  -1
12099296757357263224
1 1 0 1 -1  0.166772
12099468128460761431
0 4 0 6 -1  -0.00913943
12099746254903504644
3 0 3 1 -1  0.0581497
12099802323501320038
2 6 3 5 -1  0.038152
12099890155782376725
2 5 1 3 -1  -0.531441
12100159795069457567
2 4 5 7 -1  -0.150095
12100196749984922934
5 1 6 3 -1  0.205891
12100305277866951081
2 1 3 1 -1  -0.0202755
12100313578156702469
4 3 2 4 -1  -0.478297
12100356950881471902
5 3 6 3 -1  -0.0471013
12100382783565110877
3 3 4 4 -1  -0.0797664
12100695258599080246
2 3 3 3 -1  -0.430467
12100771110800549955
4 6 5 5 -1  -0.098477
12100864563603191249
3 5 5 4 -1  -0.0343368
12101344066865497378
3 6 4 5 -1  0.430467
12101534317222088592
2 1 3 2 -1  -0.00547095
12101776858918507568
0 3 1 4 -1  -0.00706964
12101861330580332207
1 2 1 4 -1  -0.478297
12101866435866062906
2 4 2 2 -1  0.038152
12101911017127693141
3 3 4 3 -1  0.31381
12101967062344427541
4 6 4 3 -1  0.018248
12102828220218970195
0 6 2 5 -1  -0.0643231
1 6 3 6 -1  0.0250315
12102896357872310351
5 6 6 5 -1  -0.228768
12102959265495022256
7 6 6 6 -1  -0.729
12103287568716570610
1 2 0 1 -1  -0.0107753
12103536951783361385
4 5 1 5 -1  -0.9
12103713692463178267
2 5 0 3 -1  0.81
12103727809476635313
1 2 3 2 -1  -0.00872795
12103740528051920260
0 4 1 5 -1  -0.0343368
12103798450939967451
5 4 7 5 -1  -0.430467
12103915538694579837
2 2 1 2 -1  -0.38742
12104121624090634677
6 6 6 2 -1  -0.0717897
12104184569524850071
4 0 5 1 -1  -0.531441
12104288401661310149
3 5 4 4 -1  0.6561
12104294546059771877
0 1 1 2 -1  0.81
12104599084264108735
4 3 3 5 -1  -0.729
12104627384935501041
0 1 1 2 -1  0.254186
12104879940779206224
4 3 3 4 -1  -0.0886293
12105027776038284802
5 6 5 4 -1  0.166772
12105182142854782579
2 2 3 1 -1  -0.228768
12105297320749916245
6 7 7 7 4  -0.00463839
12105383569338204268
5 2 6 2 -1  0.6561
12105404777559958626
3 0 4 0 -1  -0.430467
12105506123636401244
4 2 3 3 -1  -0.6561
12105512415259975766
6 5 6 1 -1  0.59049
12105523752599236503
2 4 5 1 -1  -0.9
12105599170348996110
1 5 3 5 -1  0.282429
12105658654633210719
4 7 5 6 -1  0.0523347
12105717756680959271
6 2 5 2 -1  0.228768
12106021607294384371
1 1 2 2 -1  -0.038152
12106097196332312714
2 0 3 2 -1  0.0147809
12106381821281201846
1 5 2 5 -1  -0.166772
12106511481171387199
0 1 2 2 -1  -0.0797664
12106755414498534046
2 1 3 2 -1  0.000955003
12106794051662039401
0 2 0 3 -1  -0.166772
12106970171911817218
5 5 7 3 -1  -0.9
12106985418556475073
2 2 3 1 -1  -0.0202755
12107094793680363886
5 3 3 2 -1  -0.0797664
12107142903333593419
1 2 2 4 -1  -0.135085
12107562949630748039
1 5 3 3 -1  -0.430467
12108118393465283613
3 5 2 6 -1  0.0037571
12108220874401699694
0 3 3 3 -1  -0.150095
12108264484238866584
6 4 4 5 -1  -0.729
12108861644708615866
1 7 2 7 -1  -0.31381
12108903749140246463
1 2 2 2 -1  -0.205891
12109134125841800051
0 0 5 0 -1  -0.0250315
12109249188354999107
2 3 3 4 -1  0.282429
12109351534462985667
0 7 5 7 -1  -0.254186
12109498266106713562
2 1 3 0 -1  -0.0309031
12109569777313396805
6 4 6 1 -1  -0.166772
12109875962992057172
4 7 5 5 -1  -1
12110102860217204686
0 7 0 5 -1  -0.729
12110509708946434298
0 2 2 0 -1  -0.31381
12110703509380344695
2 3 3 3 -1  -0.098477
12110736311684365206
1 3 5 3 -1  -0.254186
12110987142437807741
1 1 3 1 -1  -0.0581497
12111025388992841085
0 5 0 3 -1  -1
12111173047225063606
0 5 0 7 -1  -0.282429
12111194900026043541
1 5 2 5 -1  -0.0250315
12111207803887330971
0 5 4 1 -1  0.098477
12111254292289482765
2 0 3 2 -1  -0.098477
12111529362788178762
0 4 2 4 -1  -0.0278128
12111546081285511472
5 1 2 1 -1  -0.81
12111554007099060651
4 6 3 7 -1  0.0886293
12111699420153792667
6 3 7 3 4  -0.135085
12111891161689668062
0 4 2 3 -1  0.135085
12111937073147530336
4 5 3 3 -1  -0.478297
12112353528254170831
0 3 1 3 -1  -0.098477
12112410194062311108
2 5 1 4 -1  -0.0581497
12112540090673350142
3 2 4 1 -1  -0.0202755
12112610610181673887
0 5 1 6 -1  0.109419
12112790087589186865
2 4 3 4 -1  -0.098477
12113116788129654268
4 6 5 4 -1  -0.205891
12113341784395753829
1 7 3 7 -1  -0.121577
12113369127647174774
4 6 5 6 -1  -0.348678
12113423046497268271
0 1 1 3 -1  0.0646108
12113500732159689795
4 2 6 1 -1  -0.0471013
12113615866311288818
2 7 1 6 -1  0.282429
12113643085915013545
3 4 5 3 -1  -0.254186
12113736354979999651
6 2 6 1 -1  -0.6561
12113766601859922907
2 6 1 5 -1  -0.282429
12113810678870907836
3 7 4 7 -1  -0.018248
12113904526514114948
3 0 4 0 -1  0.282429
12113953246047504346
1 5 0 5 -1  -0.9
12114160019755697559
1 0 0 1 -1  -0.9
12114484589949548755
4 5 4 4 -1  -0.0797664
12114580811891386811
1 4 3 4 -1  -0.282429
12114635722457939683
1 6 0 5 -1  0.729
12114695325330162754
5 2 0 2 -1  -0.0278128
12114700278744243200
4 1 2 0 -1  -0.205891
12115186395660606755
0 7 0 6 -1  -0.0646108
12115459804293570055
3 1 2 0 -1  0.6561
