1209318769254070638
1 6 4 3 -1  -0.121577
1209336315031494989
1 5 2 6 -1  -0.81
1209353688620203311
1 4 4 1 -1  0.166772
1209665979016460525
1 2 2 1 -1  0.6561
1210428695579774568
4 5 3 6 -1  -0.185302
1210613115370273620
0 6 2 5 -1  0.00636268
1 2 2 2 -1  -0.0285044
1210695057451574089
7 3 5 2 -1  -0.81
1210702600651052662
2 3 2 4 -1  0.31381
1210747658823876542
4 1 4 3 -1  -0.0886293
1210824248077460722
3 0 2 1 -1  0.185302
1210963697467683898
0 4 0 3 -1  -0.478297
1211000030711827965
2 5 3 5 -1  0.228768
1211035686169571604
4 1 2 1 -1  -0.0797664
1211477432287172696
2 2 3 1 -1  -0.000955003
1211545913559873223
0 6 1 4 -1  -0.0523347
1211608974301271778
1 4 2 4 -1  -0.531441
1211737298805984670
0 3 2 3 -1  0.0107753
1211795767581455217
0 5 1 6 -1  -0.000143341
1212303347693071389
3 6 7 2 -1  0.478297
1212479677660338344
0 3 1 3 -1  -0.0119725
1212514289539664605
2 5 4 6 -1  -0.0581497
1212703800265531964
1 4 0 4 -1  -0.121577
1213001479230879000
2 2 3 2 -1  -0.166772
1213349513423637130
5 0 5 4 -1  -0.121577
1213467745355473467
0 5 1 4 -1  0.0309031
1 7 2 7 -1  -0.0462118
1213493480527351817
7 4 6 4 -1  0.0797664
1213971688112196335
1 1 3 1 -1  0.0379448
1 6 2 6 -1  -0.0278581
1214106870910696939
2 4 3 5 -1  0.531441
1214169946209895619
1 3 0 3 -1  0.531441
1214241739093531784
6 4 6 1 -1  -0.0225284
1214396724816228610
3 6 4 6 -1  -0.0343368
1214538774722977092
3 0 4 2 -1  -0.31381
1214553980245461319
4 4 5 3 -1  -0.430467
1214819015283294967
0 0 0 5 -1  0.185302
1214998085023601007
1 2 2 1 -1  -0.0523347
1215012234968832073
2 2 2 3 -1  1
1215515605598199875
2 0 2 3 -1  0.205891
1215581436214777830
4 4 3 4 -1  -0.59049
1215657906657314443
5 6 6 6 -1  -0.59049
1215699463350927184
0 5 2 4 -1  -0.0225284
1215713869619711559
5 3 6 1 -1  -0.0886293
1215716975488763482
0 0 0 4 -1  -0.0471013
1215826599740627141
0 6 1 6 -1  -0.0797664
1216032997056911555
0 6 1 6 -1  -0.6561
1216128985522379283
1 4 3 5 -1  -0.098477
1216446922834500823
0 0 1 0 -1  -0.0471013
1216593241376547180
0 2 1 1 -1  -0.0201811
1216920080062604980
3 1 4 0 -1  -0.0343368
1216961489200632087
1 0 2 0 -1  0.135085
1217017324914540170
3 3 4 4 -1  0.205891
1217069928906496237
1 1 2 1 -1  0.729
1217089186053890782
0 4 1 5 -1  -0.000411098
1217100069558492054
3 3 5 4 -1  -0.6561
1217155694731051775
1 4 0 6 -1  0.135085
1217179766642558361
3 3 4 3 -1  0.0646108
1217213048632936526
3 4 2 4 -1  0.135085
1217344129472612275
2 4 3 4 -1  0.729
1217604223048279920
3 3 0 3 -1  -0.531441
1218031456928929729
3 3 2 2 -1  0.0225284
1218451272907957048
1 1 2 1 -1  -0.00338139
1218625260203028925
1 4 3 4 -1  0.0523347
1218626723558149253
2 6 3 5 -1  -0.6561
1219045462408416149
4 4 2 5 -1  0.150095
1219056795416406948
1 0 3 0 -1  0.098477
1219334830210893156
4 4 5 4 -1  -0.531441
1219336890411942284
0 7 0 6 -1  0.121577
1219349864706594705
1 2 3 4 -1  -0.0164232
1219586054706990667
5 3 5 0 -1  -0.531441
1219894226224657730
2 1 3 1 -1  -0.038152
1219957440492551555
0 5 1 4 -1  0.0147809
1219964050553292080
1 1 5 5 -1  -0.0250315
1220448527854380925
1 5 2 4 -1  0.205891
1220561519477140614
3 6 2 7 -1  -0.00131002
1220594251960168857
1 1 2 1 -1  0.038152
1220664160489017909
6 4 6 0 -1  0.109419
1220683284857487656
3 3 4 3 -1  -0.0797664
1220900244136957749
4 1 1 4 -1  -0.00221853
1220987999720228719
1 5 0 4 -1  -0.00273892
1221054964167647953
1 5 3 5 -1  0.348678
1221070144178374036
4 5 2 7 -1  -0.0717897
1221302212536923857
2 6 3 4 -1  0.0202755
1221864684067843278
5 3 3 1 -1  -0.135085
1221966599527878269
4 7 5 7 -1  -0.166772
1222202110882645159
0 2 2 4 -1  -0.0646108
1222277174719305156
1 3 2 3 -1  -0.0147809
1222307357990218616
3 3 3 0 -1  -0.282429
1222367235147650826
0 3 1 3 -1  -0.135085
1222483246274396227
3 4 4 4 -1  -0.0717897
1222657526983660506
1 2 2 2 -1  0.0423911
1222685883101902755
4 4 4 5 -1  0.81
1222733097246254134
0 5 0 3 -1  -0.31381
1222817464584512107
2 3 2 2 -1  0.205891
1222980910543091761
3 5 4 5 -1  -1
1223043382832422871
0 5 1 6 -1  -0.150095
1 3 3 1 -1  -0.0471013
1223215556064894414
1 5 2 5 -1  0.000196627
1223315003077613898
6 1 7 1 4  -0.185302
1223360211560569504
1 3 0 5 -1  -0.0119725
1223517707496559035
0 4 0 1 -1  0.166772
1223526998763176401
1 6 2 7 -1  -0.9
1223527541732696542
2 2 1 4 -1  0.729
1223668771947366726
3 4 4 4 -1  -0.31381
1223792850440023551
3 4 4 4 -1  -0.531441
1223994793504733547
2 7 2 6 -1  0.166772
1224080575640488921
1 3 0 4 -1  -0.0523347
1224142471093083676
3 1 3 3 -1  -0.0471013
1224366227954308150
0 0 0 1 -1  0.0119725
1224461509455876271
0 6 2 5 -1  -0.0250577
1225409587774825698
2 6 3 6 -1  -0.9
1225502213556668696
0 5 0 4 -1  -0.0471013
1225607781517219642
3 2 0 5 -1  -0.6561
1225627945236943515
3 3 3 7 -1  -0.9
1225711536350395008
0 7 0 6 -1  0.0471013
1225883106616212918
1 2 2 3 -1  0.478297
1225963885063777611
1 0 3 0 -1  1
1226012684538579101
1 4 2 6 -1  -0.109419
1226014840179593910
6 2 7 4 -1  -0.135085
1226090399274995311
4 7 5 6 -1  -0.228768
1226332504002068229
0 5 0 4 -1  -0.038152
1226402450089693164
0 5 2 4 -1  -0.0471013
1226474202033478766
0 4 0 6 -1  -0.0471013
1226474945837083588
4 4 5 4 -1  0.729
1226578436919300311
2 3 4 5 -1  0.531441
1226609600300356218
2 4 3 2 -1  -0.478297
1226893108647435081
2 4 5 1 -1  0.0133028
1226991963386956482
2 5 3 3 -1  0.254186
1227088080895742315
4 6 1 3 -1  0.0423911
1227261665588037967
0 7 0 1 -1  -0.729
1227321270159683089
0 3 0 2 -1  0.0278128
1227360868924211113
2 4 3 5 -1  -0.531441
1227512048432955483
7 1 4 4 -1  0.228768
1227580504538863893
3 7 3 4 -1  -0.0225284
1227677981126869137
0 0 1 0 -1  0.228768
1227681429213495448
6 3 2 3 -1  -0.0797664
1227823933082836720
3 5 6 2 -1  -0.38742
1228304642413875236
1 6 3 6 -1  -0.166772
1228307555721838661
4 4 6 3 -1  0.0202755
1228319922205770227
2 2 4 3 -1  -0.150095
1228334176637295111
3 4 4 5 -1  -0.729
1228339829336565344
0 6 0 7 -1  -0.205891
1228422638964683875
1 4 7 4 -1  -0.59049
1228575997075498439
2 5 3 3 -1  -0.00636268
1228716112717943817
0 2 2 1 -1  -0.729
1228959650472385067
0 6 2 6 -1  0.31381
1229107280668434102
0 5 0 4 -1  0.59049
1229319430616197051
3 5 5 3 -1  0.38742
1229439455407825486
3 4 2 5 -1  -0.150095
1229479396382874092
3 7 2 7 -1  1
1229499675114538765
0 6 1 5 -1  1
1229550380831031597
0 3 2 1 -1  0.0037571
1229724692568644748
2 4 2 6 -1  0.0797664
1229762726266293014
0 2 2 0 -1  0.0797664
1229783898400946726
6 5 7 5 4  0.6561
1229821670856157341
1 4 3 6 -1  0.38742
1229845708018699718
3 5 4 4 -1  -0.254186
1229907198628751793
1 2 3 4 -1  -0.00572641
1229946814027040111
0 4 0 0 -1  -0.0107753
1229963931227823591
6 3 5 2 -1  -0.185302
1230031408882016571
0 3 2 5 -1  -0.254186
1230084026080985207
0 6 1 6 -1  -0.121577
1230134206808248522
6 2 2 2 -1  -0.9
1230196421278111861
0 5 2 3 -1  -0.121577
1230256970340012305
2 1 3 1 -1  -0.0225284
1230354608477308520
1 3 3 2 -1  0.000411098
1230366979880645041
2 5 3 5 -1  0.185302
1230432959776040088
3 0 4 0 -1  -0.254186
1230441437245883171
5 1 6 1 -1  -0.38742
1230560400472057977
2 5 2 6 -1  -0.0886293
7 5 6 5 -1  -0.109419
1230816996770710120
6 1 3 1 -1  -0.135085
1231026265672564551
4 6 5 5 -1  0.205891
1231141430571880202
4 0 6 0 -1  -0.478297
1231681838103111300
1 4 1 1 -1  0.0471013
1231740741508858934
3 2 3 6 -1  0.348678
1231741299074770795
0 4 3 4 -1  -0.150095
1231786246953727355
3 7 4 5 -1  -0.098477
1231871934448440782
6 3 5 3 -1  -0.254186
1231960321425930967
0 5 7 5 -1  -0.9
1232075171237146778
6 4 7 5 -1  -0.31381
1232159544012142208
3 4 4 6 -1  -0.0581497
1232187923525150899
0 6 1 5 -1  0.166772
1232192443801894768
2 2 4 3 -1  0.0278128
1232307096777485961
3 2 3 5 -1  0.6561
1232417245283380526
3 4 4 5 -1  0.0581497
1232598311152266238
4 0 4 1 -1  0.150095
1232709703153043137
5 0 5 4 -1  -0.0133028
1233052627460765179
5 5 6 5 -1  -0.9
1233177677717645432
6 6 7 6 4  -0.0423911
1233180143825143689
4 6 1 3 -1  0.0423911
1233235207507457812
3 2 4 3 -1  -0.0717897
1233250890179640053
4 0 5 0 -1  -0.430467
1233408703335020237
0 5 1 6 -1  0.0171303
1233606431175487006
0 6 0 7 -1  0.254186
1233682484087937794
0 0 0 5 -1  0.254186
1234005290010483870
3 4 4 4 -1  0.121577
1234039076654997600
1 7 2 7 -1  -0.0581497
1234085480433585285
0 2 1 2 -1  -0.0886293
1234267193139911313
0 3 4 3 -1  -0.9
1234457034451973789
1 6 2 7 -1  0.000859503
1234643932003318501
0 6 0 5 -1  -0.348678
1234732167546371023
5 2 4 3 -1  -0.135085
1234751109936215483
2 0 3 0 -1  -0.00785516
1235283732081952915
3 7 4 7 -1  -0.6561
1235371532855822770
0 2 5 2 -1  0.205891
1235606149614094858
1 2 2 2 -1  0.0886293
1235809427271570079
4 1 5 2 -1  0.00969773
1236022487081910584
2 0 1 2 -1  0.348678
1236049536003916240
0 7 1 7 -1  0.729
1236248272567736302
2 5 3 7 -1  0.31381
1236317909124691323
5 3 6 3 -1  -0.729
1236324955971729383
2 6 2 5 -1  -0.430467
1236495414808987574
2 4 4 2 -1  -0.109419
1236575634069978503
0 5 4 1 -1  0.038152
1236694163884262436
2 0 4 1 -1  -0.348678
1236753961305439149
0 2 1 1 -1  -0.000242749
1237054406238985748
0 3 2 3 -1  -0.0646108
1237118608102307888
7 4 7 5 -1  0.135085
1237279115646716930
1 3 1 4 -1  0.430467
1237314133193738657
0 3 0 0 -1  -0.348678
1237340438195587829
3 4 4 4 -1  -0.38742
1238423213084426782
3 2 4 0 -1  0.150095
1238530941503941182
1 7 3 7 -1  -0.150095
1238539013545668161
1 3 1 1 -1  -0.205891
1238788817931655068
2 4 3 3 -1  -0.430467
1238895815857582102
2 0 5 3 -1  -1
1238994402537808543
3 2 4 3 -1  -0.0717897
1239231564916426245
5 0 6 0 -1  -0.6561
1239315420321398096
1 6 2 5 -1  -0.81
1239428348275812721
1 2 1 4 -1  0.38742
1239614855077483657
2 3 1 4 -1  -0.038152
1239776840789969350
1 0 3 0 -1  -0.00872795
1239824075989189393
5 5 5 4 -1  -0.430467
1240035455750785399
0 4 3 7 -1  0.00785516
1240091223721544112
2 5 1 4 -1  1
1240187894791951372
2 1 4 2 -1  -0.00463839
1240260475021668337
1 4 6 4 -1  0.109419
1240499767399239514
4 3 5 3 -1  -0.9
1240995612194067723
1 4 7 4 -1  0.254186
1241247982207846085
0 3 0 2 -1  0.0581497
1241275841214034422
5 6 6 7 -1  0.00872795
1241462117448238635
1 4 4 7 -1  0.9
1241552119024379487
1 3 2 2 -1  -0.166772
1241600601852620409
4 2 6 0 -1  0.59049
1241652933787117315
6 2 7 2 -1  -0.9
1241750139500032766
3 4 3 5 -1  -0.9
1241929504213120499
0 0 0 2 -1  0.0278128
1241938819025882588
0 3 1 3 -1  -0.0164232
1242035034666799964
0 2 1 2 -1  -0.00515377
1242067297638548462
2 3 0 1 -1  -0.0343368
1242090289353946969
3 5 2 3 -1  -1.87779e-07
1242108352707200275
0 0 0 3 -1  -0.0250315
1242139827698785882
5 7 7 7 -1  0.9
1242144832391595335
0 4 0 6 -1  -0.00228467
1242182058837565774
2 5 2 4 -1  -0.121577
1242214606961973068
3 5 4 4 -1  -0.0278128
1242321532362248305
7 1 6 1 -1  -0.9
1242373898505427264
1 0 2 0 -1  -0.0581497
1242399591358603934
4 5 5 7 -1  0.109419
1242445111993952895
2 4 3 6 -1  -0.6561
1242576861843799152
1 3 3 2 -1  -0.098477
1242588765907901589
3 3 4 4 -1  -0.0935532
1242889285636483625
1 0 3 1 -1  -0.0523347
1243126248102339491
0 5 0 4 -1  6.17035e-05
1243151491515680453
5 0 7 0 -1  -0.38742
1243299482406786099
0 0 3 0 -1  0.0717897
1243646072679565534
1 2 3 2 -1  0.0278128
1243663612270789964
2 2 1 4 -1  -0.0581497
1243943660694814196
1 5 2 4 -1  0.81
1244057094224887168
2 0 1 2 -1  0.038152
1244205164443188413
1 5 3 5 -1  0.0523347
1244474498825609563
0 1 0 3 -1  -0.31381
1244648422835355122
0 5 2 3 -1  -0.121577
1244983113204780352
2 7 5 4 -1  -0.9
1245107004229228065
0 3 1 2 -1  -0.023417
0 6 2 5 -1  -0.011115
1245173398393949730
4 3 3 3 -1  -0.228768
1245186769575981466
1 4 3 4 -1  1
1245372922776278028
0 6 0 7 -1  1
1245520194858759840
2 0 3 0 -1  -0.166772
1245647427203849637
1 4 2 3 -1  0.31381
1245677191686796983
4 5 4 1 -1  -0.254186
1245883860398729861
4 6 5 5 -1  0.109419
1246060770819089860
6 1 5 1 -1  0.59049
1246339449412417968
0 5 0 3 -1  -0.205891
1246400545641709755
5 5 3 5 -1  -0.348678
1246456630725268643
3 1 4 1 -1  -0.228768
1246715674227244447
2 5 3 6 -1  0.135085
1246814047736625267
0 3 1 3 -1  0.228768
1246918848618314372
1 4 6 4 -1  -0.9
1247017572244432855
0 3 1 2 -1  0.0797664
1247044964527131650
2 5 1 3 -1  -0.0194876
1247184424654509996
4 3 5 2 -1  -0.0225284
1247229491892739275
1 7 2 7 -1  -0.00706964
1247282182627586491
2 1 3 2 -1  -0.00417455
1247319300565187368
1 4 3 3 -1  -0.0646108
1247479908634140295
0 5 2 3 -1  -0.00221853
1247635164062634532
0 2 0 6 -1  -0.31381
1247796244291355144
5 2 6 2 -1  -0.31381
1247808014279034695
4 6 5 4 -1  0.166772
1247920982249114361
4 2 3 4 -1  -1
1248048053155144950
0 5 1 5 -1  0.9
1248425391853831872
0 4 0 2 -1  -0.098477
1248468107575803200
4 2 6 4 -1  -0.121577
1248672586135021533
2 3 1 4 -1  -0.0797664
1248692856082770348
4 4 5 4 -1  -0.348678
1248814727351195846
2 2 4 4 -1  -0.531441
1248849914467072432
5 5 2 5 -1  -0.9
1248928659431547168
0 5 2 5 -1  -0.531441
1249034766714235908
2 4 4 6 -1  -0.531441
1249120770589981951
2 0 2 4 -1  -0.0797664
1249217030891865654
4 2 4 4 -1  -0.59049
1249479822922129985
2 7 3 6 -1  -0.0250315
1249675717052632752
3 5 4 4 -1  -0.121577
1249797967367524727
0 0 0 2 -1  -0.135085
1250186033827021203
1 2 5 6 -1  -0.0225284
1250296404981966274
1 6 0 6 -1  0.729
1250298934383827304
5 4 6 3 -1  -0.729
1250388135060969297
0 2 0 4 -1  0.205891
1250414197713879703
6 2 5 2 -1  -0.0717897
1250436759529556183
3 6 4 6 -1  0.0797664
1250535308943312318
1 0 2 0 -1  -0.121577
1250703858715936695
0 2 1 2 -1  0.0343368
1250728242129973314
3 6 1 7 -1  -0.31381
1250936000415586246
0 7 1 6 -1  0.205891
1251118433622882679
0 5 0 3 -1  -0.0423911
1251123577736650467
0 5 0 4 -1  -0.0646108
1251193037530202876
2 4 2 3 -1  -0.121577
1251198942134512503
5 6 6 5 -1  -0.729
1251536210253901544
0 2 5 2 -1  -0.282429
1251641732697376969
1 0 2 0 -1  -0.0471013
1251739374655728107
1 0 2 0 -1  -0.6561
1251787204648932152
3 2 3 4 -1  -0.348678
1252065487659028696
3 3 4 5 -1  -0.31381
1252083047413062251
0 6 1 6 -1  0.0581497
1252482887752123146
0 0 0 2 -1  -0.228768
1252817425387761805
2 6 4 4 -1  0.478297
1252828966377024408
0 4 0 3 -1  0.109419
1253087255028200347
0 5 0 4 -1  -0.038152
1253090266398225921
2 5 0 3 -1  0.0225284
1253294263254914120
2 3 3 3 -1  -0.478297
1253344874465778184
1 4 3 5 -1  -0.00273892
1253368244066285425
3 1 4 2 -1  -0.0717897
1253510418744516327
1 6 2 6 -1  0.59049
1253529928042641703
0 6 0 5 -1  -0.205891
1253633642113573824
3 4 2 5 -1  0.109419
1253664639442236701
3 4 4 5 -1  -0.205891
4 3 4 7 -1  -0.166772
1253869160843790367
4 0 5 0 -1  -0.81
1253967143078722201
5 3 6 3 -1  -0.38742
1254084629560004938
4 6 5 4 -1  -0.0471013
1254159446916000849
0 2 1 3 -1  -0.166772
1254263155903551629
0 1 2 2 -1  0.31381
1254616133077727580
4 1 6 2 -1  0.0471013
1254648697149454359
2 6 3 6 -1  0.166772
1254826900685652529
0 0 1 0 -1  -0.0646108
1254841922180507960
0 1 0 7 -1  -0.59049
1254970132506330943
3 0 4 0 -1  0.59049
1255012257073811126
0 4 0 6 -1  0.098477
1255026588881814717
0 2 1 1 -1  0.254186
1255198152944624180
5 3 7 2 -1  -0.9
1255255469159265337
5 1 4 2 -1  -0.00221853
1255478691952215863
5 1 4 2 -1  0.185302
1256157779242369512
3 5 4 3 -1  -0.531441
1256201197893411627
2 4 3 2 -1  -0.205891
1256326197871168967
2 3 4 1 -1  0.0717897
1256345627324077561
4 0 3 1 -1  1
1256514724479278764
2 1 3 3 -1  -0.038152
1256639665495838448
4 6 3 7 -1  -0.0523347
1256784364978022122
0 4 1 5 -1  -0.729
1257007461008406358
5 0 5 7 -1  -0.109419
1257052658039931702
0 0 0 3 -1  -0.38742
1257342801448763265
0 3 3 0 -1  -0.135085
1257358513957835149
0 6 0 5 -1  0.38742
1257402072318538486
3 7 1 5 -1  -0.00217739
1257440243332701311
5 0 2 3 -1  0.166772
1257868808937959372
5 0 2 0 -1  0.00969773
1258083089623677510
0 4 0 6 -1  0.000696197
1258285972494945403
0 5 0 3 -1  -0.0423911
1258381782237815562
2 7 0 5 -1  -0.531441
1258483641029840717
0 2 4 6 -1  -0.0717897
1258686333432209640
0 6 1 7 -1  0.121577
1258948018805523363
1 6 2 6 -1  0.81
1259036906520849978
6 1 6 3 -1  -0.59049
1259100432092449109
0 1 2 2 -1  0.0133028
0 2 1 3 -1  0.00463839
1259355591540509552
3 0 2 0 -1  -0.0309031
1259440921986952061
3 3 0 6 -1  -0.185302
1259609608901280171
0 6 2 5 -1  -0.0251192
1259940916436730931
2 1 3 2 -1  -0.185302
1260037458919526237
1 3 0 3 -1  -0.135085
1260168122337040529
3 4 4 5 -1  -0.478297
1260260437027324120
0 6 1 7 -1  0.430467
1260342833459982733
5 5 6 3 -1  -0.000773553
5 5 6 7 -1  -0.000626578
1260368361916147506
3 7 1 5 -1  -0.31381
1260617896784837562
3 3 4 4 -1  0.0343368
1260902725931581628
1 5 2 6 -1  0.0646108
1261204308575202144
0 4 0 6 -1  0.000955003
1261273015640872164
4 4 3 5 -1  -0.430467
1261368859770208955
1 4 2 4 -1  -0.0309031
1261737170902181910
2 5 4 4 -1  -0.150095
1261811667645162113
0 0 0 3 -1  -0.150095
1261837643787030770
1 5 3 5 -1  -0.31381
1261866315684707127
2 1 3 2 -1  0.228768
1261875327271104851
4 2 5 3 -1  0.430467
1261925618945323525
4 6 2 7 -1  0.9
1261957854963641878
0 5 0 3 -1  0.00161731
1261966419444261315
0 2 0 3 -1  0.018248
1262197545015354160
2 0 3 2 -1  -0.0225284
1262610981892173675
5 5 4 6 -1  -0.729
1262644198263641048
2 5 4 4 -1  -0.0309031
1262770410677865554
4 5 5 5 -1  0.205891
1262893546073991347
3 4 4 5 -1  -0.150095
1263089059596061198
2 3 1 2 -1  0.0523347
1263267868381443218
0 4 3 4 -1  -1
1263295780220255200
7 5 7 6 -1  1
1263602268032260889
3 4 4 4 -1  -0.0717897
1263890332493009869
0 6 1 7 -1  -0.0037571
1263945044821622457
1 7 3 7 -1  -0.166772
1264104052419253037
7 6 6 6 -1  -0.59049
1264178383817373322
0 1 1 3 -1  -0.0717897
1264246072930743308
6 1 2 1 -1  -0.0717897
1264663414841823377
0 3 2 1 -1  0.478297
1264820681476059052
0 1 1 3 -1  -0.0886293
1264825375149826877
2 0 3 0 -1  -0.430467
1264877160616456931
4 6 5 7 -1  0.185302
1264942161096422713
3 4 3 2 -1  0.254186
1264946942207415271
3 1 6 1 -1  -0.000159268
1265148673141757721
4 6 5 5 -1  0.81
1265205156633906213
0 6 2 5 -1  -0.0225284
1265319362395887850
4 3 5 2 -1  -0.185302
1265392722628202811
6 5 4 3 -1  -0.729
1265542497941022905
1 3 3 3 -1  -0.185302
1265904895151981317
1 2 2 1 -1  -0.038152
1266011794224448212
2 0 3 1 -1  0.6561
1266033458444094653
1 7 3 7 -1  0.38742
1266170710230373560
2 4 2 6 -1  0.121577
1266184157867165013
0 5 0 3 -1  -0.166772
1266218813488446376
1 3 1 4 -1  -0.6561
1266303423220419989
1 4 3 5 -1  -0.430467
1266339942861054818
3 3 1 4 -1  0.0581497
3 3 2 1 -1  -0.00338139
1267066524036594472
1 5 3 5 -1  0.38742
1267140138291567415
1 0 4 0 -1  0.38742
1267313829838698335
1 3 3 2 -1  -0.254186
1267401517191796969
7 0 3 0 -1  -0.254186
1267495769908891345
2 3 1 2 -1  -0.00572641
1267978707411883379
0 4 0 3 -1  -0.0225284
1267983527793671015
0 5 0 2 -1  -0.000955003
1268011137423370812
4 3 2 5 -1  0.205891
1268305597750540744
3 7 4 7 -1  -0.430467
1268623957838516806
3 2 4 2 -1  0.150095
1268959955324808301
2 5 1 3 -1  -0.0581497
1269042820450401635
5 3 6 5 -1  -0.531441
1269459523171178360
2 4 3 4 -1  -0.018248
1269582436087326528
2 7 3 6 -1  -0.00106111
1269622003195861037
6 3 4 3 -1  -0.729
1269639121231662143
0 3 1 2 -1  -0.0797664
1269750941656501891
0 2 7 2 -1  -0.81
1269886803598752579
2 2 3 2 -1  -0.430467
1269923940219188587
1 1 3 1 -1  -0.135085
1270301259371948095
4 4 2 3 -1  -0.150095
1270690239042724958
2 5 2 7 -1  -0.150095
1270719222149692529
2 6 1 7 -1  0.729
1270732917877889049
0 5 1 6 -1  -0.0797664
1270927421894840205
2 6 2 5 -1  0.478297
1270934270902650802
1 7 2 7 -1  -0.0886293
1270942948639873387
1 1 1 4 -1  0.0250315
1270972989265987277
0 4 0 2 -1  0.0797664
1271039291151801412
1 3 2 5 -1  -0.0646108
1271413333554816013
4 6 5 6 -1  -0.0717897
1271641872370235878
1 5 6 5 -1  0.81
1271710035292175439
0 1 2 2 -1  0.0581497
1271795928079875613
1 4 3 3 -1  -0.00515377
1271884419317323167
2 0 7 0 -1  -0.205891
1272004037062686457
0 4 0 3 -1  -0.0309031
1272019597932979231
3 6 1 4 -1  0.038152
1272204157915237419
5 3 4 3 -1  -0.150095
1272493955015762812
0 2 6 2 -1  -0.135085
1272531465093844340
0 1 1 3 -1  0.0343368
1272540246932215409
2 3 4 1 -1  -0.0581497
1272587748204873177
1 7 3 7 -1  -0.135085
1272607437108731155
3 4 2 5 -1  -0.6561
1272627812606234961
1 3 2 3 -1  0.0133028
1272808914515687562
0 6 1 6 -1  0.121577
1273612845057129405
4 2 3 1 -1  -0.0581497
1273781465655821395
1 7 2 7 -1  -0.282429
1273798767717751349
2 4 2 3 -1  -1
1274237972018791730
1 0 2 0 -1  0.254186
1274345099635461747
3 1 2 2 -1  0.00338139
1274362275329385613
2 5 4 5 -1  -0.59049
1274408383313134279
5 0 6 0 -1  -0.282429
1274536939092108591
3 3 4 1 -1  0.121577
1274543558651409097
0 7 0 2 -1  -0.348678
1274553090999536418
1 4 2 4 -1  -0.348678
1274763301855390701
4 5 2 5 -1  0.0471013
1274837963497201590
3 2 1 0 -1  -0.0107753
1274992727205413360
2 3 2 2 -1  0.135085
1275120105894007484
2 5 1 4 -1  0.135085
1275213295652396499
0 0 0 3 -1  -0.59049
1275225022010407154
3 1 3 3 -1  -1
1275245815488845410
1 6 0 5 -1  0.109419
1275597458345452679
3 4 4 2 -1  -0.0037571
1275659760537491801
4 3 2 5 -1  -0.478297
1275889654465580950
0 1 2 1 -1  -0.0147809
1276166941822897772
0 5 1 4 -1  0.121577
1276263846390339138
0 3 3 0 -1  -0.0230304
1276300287250183572
3 4 5 2 -1  -0.9
1276307277422563519
0 3 1 5 -1  -0.38742
1276324961559125860
1 3 3 4 -1  0.282429
1276378268701893920
0 3 1 3 -1  -0.0581497
1276407574924420974
2 5 0 4 -1  0.9
1276471692555975626
2 4 3 3 -1  1
1276556186865673071
2 1 5 4 -1  -0.31381
1276648953181681862
6 1 0 1 -1  0.254186
1276723045472872085
3 1 4 0 -1  -0.0646108
1276801628432137684
0 4 7 4 -1  0.0147809
1276841926504785740
2 3 3 4 -1  0.00131002
1276860407444466281
2 5 1 3 -1  -0.430467
1277487693124572778
0 7 0 6 -1  0.098477
1277511573976049151
2 3 2 5 -1  0.205891
1277703533230388003
2 5 4 6 -1  0.6561
1277714862116699283
0 6 2 5 -1  -0.0037571
1277790280462008540
0 4 6 4 -1  -0.59049
1277939291721556021
2 5 3 5 -1  0.00872795
1277991505097011754
2 3 3 2 -1  0.81
1278002528812822887
0 6 1 7 -1  0.6561
1278003866178762576
1 3 2 4 -1  0.81
1278350985851769260
2 7 4 5 -1  0.166772
1278357865659336899
1 7 2 7 -1  -0.0250315
1278398478569278136
1 4 3 4 -1  -0.31381
1278575593472694794
3 3 4 4 -1  -0.0037571
1278646670442085212
2 3 1 4 -1  -0.0309031
1278765758374039428
0 5 4 1 -1  0.254186
1278804361565541198
1 2 3 2 -1  -0.531441
1278811562565791944
0 4 0 2 -1  0.0886293
1279014436207916553
4 2 6 2 -1  0.0309031
1279222542041126186
1 4 3 5 -1  -0.0471013
1279334415314563360
2 5 3 4 -1  0.348678
1279344150393822939
2 2 3 1 -1  0.205891
1279477414746456024
2 7 6 3 -1  0.38742
1279493072389986751
3 3 2 4 -1  -0.729
1279928666361794194
3 0 4 1 -1  -0.0164232
1279979754269370187
0 4 0 6 -1  -0.0581497
1280052598252552565
5 2 4 4 -1  0.205891
1280268551651507112
1 7 2 7 -1  0.150095
1280457518448222721
3 4 4 5 -1  -0.430467
1280511068663444553
4 1 5 2 -1  -0.185302
1280756307702806266
4 6 5 7 -1  -0.430467
1281050716425014809
0 2 2 4 -1  0.0202755
1281098716844382312
3 7 4 7 -1  -0.166772
1281340953764035629
0 6 1 5 -1  -0.531441
1281348377957636278
1 1 3 1 -1  -0.348678
1281386330074690298
4 4 5 5 -1  -0.59049
1281454978023059058
3 4 4 3 -1  0.135085
1281499632287276892
3 5 4 6 -1  -0.38742
1281521271913621492
3 2 4 3 -1  0.0797664
1281572871974873739
3 3 6 0 -1  -0.038152
1281696857977790045
4 2 5 2 -1  -0.6561
1281755693386220788
1 1 3 1 -1  0.0250315
1281768022272077864
0 2 1 2 -1  -0.0343368
1281889800992822118
2 4 4 3 -1  -0.478297
1282025926767528547
5 4 6 4 -1  -0.185302
1282113914126773922
0 7 1 6 -1  -0.9
1282128376511398751
5 2 6 3 -1  -0.109419
1282216620811139452
1 4 0 4 -1  0.0119725
1282261609036444987
2 2 3 0 -1  -0.00199668
1282361286845921283
1 1 2 1 -1  0.031555
1282421052520448322
1 2 4 5 -1  0.228768
1282424326815023212
1 4 3 2 -1  -0.228768
1282447498198538601
3 7 4 7 -1  0.205891
1282494229284774678
1 6 5 2 -1  -0.531441
1282504117734670541
0 2 4 6 -1  1.74269e-05
1 0 2 0 -1  0.098477
1282575590289542281
0 0 0 2 -1  -0.00304325
1282781026082180808
0 6 1 5 -1  -0.150095
1282781800929664795
0 5 1 4 -1  0.0886293
1282794357869550822
3 2 2 1 -1  -0.00969773
1283102781496047842
0 5 0 1 -1  -0.00417455
1283133225047856421
0 3 1 3 -1  0.0133028
1283885616641306488
5 2 6 2 -1  -0.254186
1284021647667068916
1 4 0 4 -1  0.283998
1284075300965952452
2 5 2 6 -1  -0.59049
1284138605782959800
0 4 0 3 -1  0.00872795
1284146353390379172
0 4 3 1 -1  -0.228768
1284680505264307452
1 4 2 5 -1  -0.6561
1285174597503889156
2 0 3 0 -1  -0.81
1285293875097039341
3 1 4 1 -1  -0.478297
1285301886650182145
2 5 3 5 -1  -0.00117902
1285370876498080744
0 4 0 2 -1  -0.038152
1285893783363160914
2 6 3 6 -1  -0.6561
1285961496693302561
5 0 7 0 -1  -0.0147809
1286015706361354737
1 4 2 3 -1  0.729
1286222173799864507
2 7 4 7 -1  0.205891
1286352247300007716
3 4 2 3 -1  0.150095
1286404701888835819
2 4 2 3 -1  0.478297
1286455135852824416
4 7 5 6 -1  0.0225284
1286653123016030422
1 3 1 2 -1  0.282429
1286755859986415248
1 6 2 5 -1  0.185302
1286792649810506860
3 5 4 5 -1  -0.0646108
1287071300383529429
0 2 2 4 -1  -0.0433358
1287229067409950831
0 5 1 4 -1  0.59049
1287277892811288458
0 2 4 2 -1  0.0343368
1287286662370553245
0 5 0 2 -1  0.150095
1287493546296673634
5 7 3 5 -1  0.000143341
1287499683281305882
2 4 0 6 -1  -0.0717897
1287679958439697241
1 1 2 2 -1  -0.0343368
1288115372090608142
2 2 1 2 -1  -0.0147809
1288120878902551245
4 1 5 3 -1  -0.135085
1288169525558509416
0 7 0 6 -1  0.00572641
1288429772071737179
0 2 2 2 -1  0.9
1288492459384285724
2 2 4 3 -1  -0.31381
1288530684918892167
1 0 2 0 -1  -0.038152
1288794631248723771
5 6 6 6 -1  0.205891
1288968783991945306
2 3 5 0 -1  -0.135085
1289374557921245093
2 6 3 5 -1  -0.121577
1289603449119473467
1 7 2 7 -1  0.0309031
1289635732863881432
2 6 5 3 -1  -0.729
1289675572978681935
1 3 0 5 -1  0.0646108
1289697264619371638
0 5 0 3 -1  -0.0119725
1289884235850864940
1 6 3 6 -1  -0.0797664
1289894157854631408
3 3 5 2 -1  -0.018248
1290357800104972866
6 5 3 5 -1  -0.282429
1290412584994678877
1 7 3 7 -1  -0.6561
1290459409828117989
1 4 3 5 -1  0.0309031
1290466460461530000
1 3 1 2 -1  -0.0278128
1290550260098925855
1 7 0 7 -1  -0.0278128
1290567861868232580
2 6 3 6 -1  -0.9
1290948908379743063
3 4 5 6 -1  -0.81
1291000813820754179
0 1 0 2 -1  -1
1291503559133637014
2 5 3 6 -1  -1
1291559383061275248
2 1 4 1 -1  -0.348678
1291814877652434702
0 3 1 4 -1  -0.185302
1292067758917567358
1 2 1 7 -1  0.729
1292078057872632863
3 0 4 0 -1  -0.166772
1292317923831925881
5 7 7 6 -1  1
1292329141217193673
5 4 4 2 -1  -0.6561
1292524066317279757
3 4 4 4 -1  -1
1292815472099950298
1 6 2 5 -1  -0.166772
1292881394602217389
2 3 1 4 -1  -0.0886293
1292913191961558791
1 2 1 3 -1  0.0133028
1293106579320300841
0 5 2 7 -1  0.0646108
1293347055616359043
7 7 6 7 -1  -0.9
1293372866744579032
0 2 1 3 -1  0.135085
1293461344486677754
1 5 0 6 -1  -0.478297
2 0 3 0 -1  -0.59049
1293550431367188602
2 3 0 5 -1  -0.0278128
1293567753768121649
3 7 4 7 -1  0.0717897
1293673930910318125
0 7 0 3 -1  0.0886293
1293802337669857628
1 2 2 1 -1  -0.0164232
1294240145391603887
2 3 2 4 -1  0.166772
1294644502017329270
4 2 5 3 -1  -0.6561
1294735537241015714
3 2 3 7 -1  -0.6561
1294736372179701971
0 5 2 3 -1  0.0164232
1294993593055611576
1 7 2 6 -1  0.0886293
1295017396515290216
1 2 1 5 -1  0.9
1295354132766684386
4 3 6 2 -1  -0.282429
1295513691595767300
4 6 5 5 -1  0.228768
1295525972200067326
5 3 4 4 -1  -0.228768
1296240533815814418
2 2 4 4 -1  -0.430467
1296782714895247860
2 4 2 5 -1  0.430467
1297080692666156334
2 2 0 3 -1  -0.0343368
1297116919339236372
3 7 3 4 -1  0.31381
1297150656589085483
2 6 2 5 -1  -0.0250315
1297388742689171211
2 6 1 4 -1  -0.0797664
1297605547829139082
4 3 5 2 -1  0.531441
1297615973574264428
0 2 2 3 -1  0.31381
1297722128903483022
1 4 0 3 -1  0.478297
1297749397482049467
1 1 2 1 -1  0.00636268
1298127349421379720
2 6 4 4 -1  -0.0797664
1298169415926509518
1 2 3 4 -1  -0.109419
1298207970701948719
3 7 4 7 -1  -0.59049
1298225341682322061
1 6 1 7 -1  -0.109419
7 3 7 2 -1  -0.205891
1298330101839622035
0 4 0 5 -1  -0.00872795
1298397275877864294
2 4 2 1 -1  0.228768
1298637941028819621
3 5 6 2 -1  0.0107753
1298806023581374030
2 5 1 7 -1  -0.0119725
1298911029998117421
1 4 1 3 -1  -0.0343368
1298966851682388244
1 1 2 1 -1  0.0225284
1299244393881800075
7 0 6 0 -1  -0.0343368
1299513378086271387
2 6 3 6 -1  -0.0343368
1299719718913488197
2 3 0 5 -1  -0.0345276
1299920596086693120
2 1 4 2 -1  0.729
1300525050745135479
0 3 4 7 -1  0.121577
1300535236355938082
1 7 2 6 -1  -0.205891
1300616990326175618
1 0 3 0 -1  -0.150095
1300649222313511863
0 5 1 6 -1  0.38742
1301048631513274432
0 6 1 6 -1  0.38742
1301192943127667363
0 5 1 4 -1  0.00533115
0 5 2 3 -1  0.0251078
0 6 1 4 -1  0.00787124
0 6 2 5 -1  0.00266262
1 5 2 5 -1  0.0134503
1 5 3 5 -1  0.0309031
1 7 2 7 -1  -0.01123
1301361086119275518
7 3 4 3 -1  -0.531441
1301694997841104989
0 7 2 7 -1  0.531441
1301707902249797359
0 3 2 5 -1  -0.018248
1301829733800486578
0 0 0 4 -1  -1.56842e-05
1302038218780095044
1 0 1 1 -1  0.0133028
1302268155285200588
2 5 4 7 -1  0.150095
1302309054445247527
0 7 0 6 -1  -0.0491584
1302321545986178460
1 5 2 4 -1  0.0278128
1302457623153293509
1 6 2 5 -1  -0.0309031
1302734324043638800
2 4 3 5 -1  0.228768
1302738540499063950
1 0 2 0 -1  0.0278128
1302957458299226595
0 6 1 5 -1  -0.348678
1303106737802754992
2 0 3 1 -1  0.228768
1303111122439287018
2 1 3 2 -1  0.038152
1303199987996397397
1 6 3 4 -1  -0.0886293
1303560246999534344
2 4 3 3 -1  0.205891
1303815561563612877
2 2 7 2 -1  -0.0717897
1303947451711012339
1 4 3 5 -1  -0.00106111
1303972232742721517
0 0 0 6 -1  -0.38742
1304107483027570964
4 6 7 3 -1  -0.9
1304134450761519006
2 1 3 1 -1  0.0471013
1304216982765434640
0 2 0 1 -1  0.038152
1304232324794730720
7 7 5 5 -1  -0.6561
1304309912438544904
0 3 2 1 -1  0.0225284
1304365128677447534
2 4 5 7 -1  -0.81
1304506263964906152
1 2 3 2 -1  -0.228768
1304943747275669254
0 5 2 3 -1  0.038152
1304959228050838725
0 3 2 5 -1  0.0037571
1304982183997201565
1 3 3 4 -1  0.729
1305253246637956825
2 2 4 3 -1  -0.098477
1305328311485524487
3 3 6 6 -1  -0.0107753
1305364712281008527
3 0 4 0 -1  0.135085
1305684987380390243
1 2 2 2 -1  -1
1305716907580050898
1 6 3 6 -1  0.348678
1305814734050973745
1 5 4 2 -1  -0.000159268
1305957568178415179
4 1 3 3 -1  -0.478297
1306161600979048923
7 5 7 4 -1  -0.478297
1306203056146552722
2 4 3 3 -1  1
1306206015638458369
1 4 5 0 -1  -0.282429
1306477731705278816
0 2 2 4 -1  0.038152
1306533224231936713
3 0 4 0 -1  -0.254186
1306691502627260022
1 3 1 6 -1  0.478297
1306834477981096535
0 4 7 4 -1  -0.9
1306901753266532554
4 5 6 6 -1  -0.348678
1306945257565630853
0 2 0 0 -1  0.0886293
1306950706117366211
6 4 7 4 -1  -0.282429
1307065384403023529
0 3 0 4 -1  -0.0202755
1307087806413193759
4 5 4 7 -1  -0.228768
1307788656517445613
1 2 2 1 -1  -0.00273892
1307797994656938092
0 5 1 6 -1  -0.0278128
1307889923943565565
6 2 5 1 -1  0.531441
1308028240555336654
0 6 1 7 -1  0.31381
1308297732368922221
2 5 3 6 -1  -0.348678
1308462345924952483
4 3 2 4 -1  0.0202755
1308570650291596895
0 4 0 6 -1  -0.0119725
1308769813381979057
3 3 4 2 -1  -0.038152
1308897959258032414
2 2 0 0 -1  -0.038152
1309052088318486861
3 5 4 5 -1  -0.38742
1309085822801257848
0 1 2 1 -1  -0.0646108
1309181055864737618
0 3 3 0 -1  -0.0199978
3 2 4 3 -1  -0.0276527
1309195869797200644
0 0 0 3 -1  0.0423911
1309232842790946260
5 2 6 3 -1  0.0886293
1309292313718932350
0 3 0 0 -1  -0.0423911
1309374636868856693
1 4 2 5 -1  0.185302
1309576579711907882
3 4 4 3 -1  -0.205891
1309580299917866219
3 5 3 0 -1  0.0717897
1309605647438135535
6 3 3 3 -1  0.0119725
1309687366988002975
0 5 0 3 -1  0.0133028
1309891036513889512
0 2 7 2 -1  -0.0581497
1310034301669825486
3 4 4 5 -1  0.31381
1310082214028802563
0 0 0 1 -1  -0.282429
1310283941574885073
4 5 6 7 -1  -0.255599
1310368034212601633
1 5 3 3 -1  -0.348678
1310433013771463791
0 4 7 4 -1  -0.9
1310520126893263476
5 0 0 5 -1  -0.0164232
1310677408023031802
1 7 3 7 -1  0.0797664
1310868655669792186
3 2 5 4 -1  -0.531441
1311165000871358480
2 4 1 3 -1  0.0646108
1311470847631607939
3 0 7 0 -1  -0.6561
1311532079237068403
4 1 3 3 -1  0.098477
1311585188546151868
2 4 4 6 -1  0.531441
1311864446602457704
3 3 3 4 -1  -1
1311970244072428985
2 1 0 3 -1  0.478297
1312353728755306236
3 3 4 2 -1  -0.0797664
1312410422331463254
1 4 2 4 -1  -0.098477
1312443161206660972
3 0 4 2 -1  -0.59049
1312603003842487707
1 3 3 4 -1  -0.109419
1312941134025343732
2 3 1 2 -1  0.31381
1313191046651749170
4 4 2 4 -1  0.0423911
1313289093195389731
4 6 1 6 -1  -0.205891
1313482584750978446
3 7 2 6 -1  -0.31381
1313507016803415146
1 4 4 7 -1  -0.531441
1313527891382600746
4 6 2 5 -1  -0.0646108
1313591946654540340
2 3 2 0 -1  -0.59049
1313788996159149341
2 7 1 5 -1  -0.0119725
1313838088821906358
3 3 4 2 -1  -0.109419
1314069908320747919
2 5 2 7 -1  -0.205891
1314395345953423977
3 0 3 2 -1  0.0523347
1314509046761992061
1 0 3 0 -1  -0.38742
1314583444105652596
1 4 2 3 -1  -0.0119725
1314705055234107500
2 7 3 7 -1  -0.205891
1314865173312990907
0 4 0 2 -1  -0.0328257
1314889670230608503
2 6 2 1 -1  -0.38742
1315009991620670028
0 6 0 5 -1  0.531441
1315106544118968010
7 2 5 2 -1  -0.098477
1315175446971155075
7 6 7 3 -1  -0.0523347
1315451021471134657
5 7 4 5 -1  0.0202755
1315684953716372285
4 7 5 6 -1  -0.00304325
1316052072606174190
0 2 3 5 -1  -0.0250315
1316150720764537666
2 4 3 3 -1  0.6561
1316191982413466012
0 0 0 2 -1  -0.282429
1316276454526586066
6 1 4 3 -1  -0.0202755
1316588020561697143
1 1 2 1 -1  -0.254186
1316676498785519966
0 3 1 4 -1  -0.38742
1316677567595473420
1 0 3 0 -1  -0.31381
1317361475196213394
4 1 2 0 -1  -0.00161731
1317962029717021843
2 1 1 3 -1  0.348678
1318222248427275496
4 1 6 3 -1  0.228768
1318345387921932258
0 3 2 5 -1  -0.0225284
1318531169446533154
0 2 2 0 -1  0.0717897
1318533791630851181
1 4 1 3 -1  -0.0886293
1318694718079223641
3 1 4 1 -1  -0.0471013
1318764489295089852
2 2 4 1 -1  0.348678
1318900150157905849
1 0 3 0 -1  0.098477
1319041148962215060
1 7 0 6 -1  1
1319294265116023599
7 1 3 5 -1  -0.228768
1319351355228309799
1 0 7 0 -1  -0.478297
1319555314327752355
0 5 3 2 -1  -0.038152
1319562454517352584
1 7 2 7 -1  -0.0717897
1319664591352814809
4 4 4 7 -1  0.254186
1319716733555106984
1 1 3 1 -1  0.109419
1319863971427030295
3 1 5 2 -1  0.9
1319871927185347325
0 3 2 3 -1  0.166772
1320260751471214147
0 7 0 6 -1  0.0471013
1320310458297960690
3 5 4 5 -1  0.098477
1320319014405885031
0 2 2 4 -1  0.0581497
1320574081440250245
4 4 5 2 -1  -0.282429
1320729483295736399
0 3 3 6 -1  -0.0797664
1320849796420159340
0 5 1 4 -1  0.59049
1320875703338680737
1 1 3 1 -1  -0.098477
1320903905545836877
1 5 3 4 -1  0.0646108
1320936701329072650
2 4 1 3 -1  0.0147809
1320957358267038342
3 2 4 2 -1  -0.0717897
1321159968038502620
3 5 2 6 -1  -0.38742
1321197962446212965
7 5 0 5 -1  0.9
1321224132931823690
2 3 3 3 -1  -0.0797664
1321304988512807108
0 6 1 7 -1  -0.38742
1321387886330640715
7 5 4 2 -1  -0.00463839
1321537566087145254
5 1 6 2 -1  -0.0581497
1321593237470544329
0 4 2 4 -1  -0.185302
1321763104578140191
1 0 3 0 -1  -0.0523347
1321920568718020692
1 2 1 4 -1  -0.0886293
1321951011884277230
0 2 4 6 -1  -0.0717897
1321958745155401486
2 1 3 0 -1  0.348678
1322084367337082789
1 1 2 2 -1  -0.0164232
1322120062868049863
1 1 2 2 -1  0.00338139
1322518601099873485
1 2 1 3 -1  0.59049
1322763856964257848
3 6 4 6 -1  0.166772
1322785305374980806
3 0 1 2 -1  0.018248
1322789876960670802
1 4 0 5 -1  0.0051696
1322915369123610900
3 4 4 4 -1  0.254186
1323118946693571720
0 0 0 2 -1  0.00969773
1323160569699956432
0 5 0 7 -1  0.729
1323246856085566203
5 7 7 5 -1  0.0646108
1323366923099025987
2 0 2 4 -1  -0.81
1323367144336111681
1 3 2 4 -1  0.185302
1323717629672907290
4 2 5 2 -1  0.430467
1323763660941104741
3 7 2 6 -1  -0.185302
1323946824616337877
3 4 4 5 -1  0.0581497
1324001939795252570
2 4 1 4 -1  -0.0343368
1324014426973928527
1 5 0 4 -1  0.00179701
1324046140015434642
2 2 1 4 -1  -0.9
1324050958912108857
5 0 4 1 -1  -0.0523347
1324105046853599682
2 5 3 5 -1  0.282429
1324322231178490510
1 5 1 6 -1  -0.0581497
2 3 0 3 -1  -0.109419
1324541862313623220
2 5 1 3 -1  0.0797664
1324644139739551044
1 4 2 5 -1  -0.0886293
1324722608003061796
1 3 2 2 -1  0.0343368
1324838373810839896
0 5 1 4 -1  -0.0797664
1324872372526228943
2 1 3 0 -1  0.0886293
1325213929468712769
2 4 4 5 -1  -0.150095
1325272173602834248
1 7 2 7 -1  0.000269721
1325278591052492053
3 4 5 3 -1  -0.430467
1325411984815704721
2 6 1 5 -1  -0.9
1325453355878025751
1 2 4 2 -1  -0.0886293
1325786402518555497
0 6 1 7 -1  -0.729
1325832403799153105
1 7 2 7 -1  0.38742
1325841876678806107
4 2 2 0 -1  -0.00969773
1326315541650044975
0 2 3 2 -1  0.478297
1326433238311524260
1 5 3 5 -1  0.0343368
1326454944908063111
4 1 6 3 -1  -0.729
1326515382719730792
0 0 0 1 -1  -0.478297
1326543419325436751
5 5 1 5 -1  0.0471013
1326815444104017012
3 2 2 2 -1  0.9
1326925436360917971
5 3 4 1 -1  0.0797664
1327109053160057693
6 6 7 7 -1  0.0581497
1327187082492007563
0 3 0 2 -1  0.0423911
1327196371194666995
3 5 1 4 -1  -0.121577
1327425457424542642
2 4 4 6 -1  -0.228768
1327455568417871059
1 0 3 0 -1  -0.150095
1327739350283492762
7 3 4 3 -1  -0.0581497
1327893442703832055
2 4 3 3 -1  -0.205891
1328508358316716880
2 1 3 1 -1  -0.0797664
1329376541462744609
0 4 1 2 -1  0.0886293
1329467950087610743
5 6 5 2 -1  0.0886293
1329484321548392946
1 2 1 4 -1  -0.478297
1329662080034488433
1 6 3 6 -1  0.254186
1329729197011699270
7 3 7 5 -1  0.531441
1329904078268420176
0 6 0 7 -1  0.00515377
1329925815281756012
3 3 4 2 -1  -0.0278128
1330052357524413242
3 3 4 4 -1  0.31381
1330261407466941383
2 2 4 1 -1  -0.018248
1330569183074853041
5 3 6 3 -1  -1
1330663385005805279
0 5 2 6 -1  -0.121577
1330760293950787035
4 4 2 3 -1  -0.038152
1330775911576355398
0 2 4 6 -1  -0.0142202
2 2 4 3 -1  0.011091
1330787831748802782
4 2 5 3 -1  0.0147809
1330788431729705475
0 3 3 3 -1  -0.31381
1331397340981339251
4 4 3 2 -1  -0.430467
1331416395663268904
0 3 7 3 -1  -0.0717897
1331589537453519926
5 2 4 2 -1  0.531441
1331631962957307658
0 6 0 5 -1  0.0886293
1331640168892534340
1 4 6 4 -1  0.729
1331940322133014985
4 3 5 3 -1  -0.135085
1332409870106093492
0 0 0 4 -1  0.430467
1332459465817117208
3 4 5 2 -1  -0.00056392
1332706432707154221
1 3 1 1 -1  -0.00785516
1333003242657162871
1 1 3 1 -1  -0.81
1333162249290340739
3 6 2 4 -1  -0.31381
1333355256359449580
5 5 5 2 -1  -0.430467
1333407453339348882
0 0 6 0 -1  -0.81
1333557415950189594
2 5 1 3 -1  -0.282429
1333570728155044206
6 7 4 5 -1  0.150095
1333685538181547020
0 1 0 5 -1  -0.185302
1333760049072344076
1 1 2 2 -1  -0.135085
1 3 2 2 -1  0.0225284
1333817321348461983
0 4 0 5 -1  0.282429
1334096214426364631
3 4 4 5 -1  -0.0581497
1334164725190016232
0 2 4 6 -1  -0.0646108
1334207263176228769
0 5 1 6 -1  -0.0471013
1334332627812192157
0 0 0 3 -1  0.0886293
1334351097277433601
4 6 3 7 -1  0.228768
1334362432994127816
1 5 3 5 -1  -0.205891
1334370888544104924
3 0 2 0 -1  0.9
1334673907549536437
4 6 5 4 -1  -0.0886293
1334679191088556335
0 3 1 2 -1  -0.0107753
1334714907538535203
0 0 0 3 -1  0.0343368
1334916845042633400
1 6 2 7 -1  -0.0523347
1334985565096368325
4 6 3 5 -1  0.0471013
1335228136895813592
2 4 1 5 -1  0.185302
1335376367762325894
1 3 1 5 -1  0.9
1335457801071486699
5 3 2 3 -1  -0.135085
1335559573321794044
1 2 2 3 -1  -0.121577
1335764121196528455
5 0 4 2 -1  -0.205891
1335822461539228358
0 2 1 2 -1  -0.109419
1335951994790952272
0 3 0 7 -1  -0.729
1336124022559294476
4 3 5 4 -1  0.9
1336157046416239827
3 1 4 0 -1  -0.0119725
1336167993476403952
1 0 3 0 -1  -0.0202755
1336528676145931102
0 4 0 6 -1  -0.0225284
1336543382287091909
3 1 4 0 -1  -0.38742
1336568977744101669
1 0 3 0 -1  -0.9
1336764107763786635
2 5 4 4 -1  -0.098477
1336998080656878957
5 4 5 5 -1  -0.430467
1337568844777966845
5 2 5 0 -1  0.0147809
1337578939165734341
1 3 3 2 -1  1
1337593331871845017
3 5 3 4 -1  0.228768
1337619984259660909
2 1 3 2 -1  0.0581497
1337878035588967994
2 5 3 5 -1  -0.0202755
1337880867294612475
1 4 3 4 -1  -0.0423911
1337902261597162593
2 2 3 4 -1  -0.0886293
1338110985589306024
3 4 4 6 -1  0.0250315
1338367053735688739
0 3 1 3 -1  -0.0164232
1338403111803283504
1 4 0 3 -1  -0.228768
1338448009031587612
2 3 3 3 -1  -0.729
1338461062434161444
3 2 2 3 -1  0.0717897
1338461983777157151
5 2 1 2 -1  -0.59049
1338605441300313302
5 2 4 3 -1  -0.348678
1338674193038924984
4 5 5 5 -1  -0.166772
1338717773286257873
4 1 5 2 -1  0.00515377
1338727457321356167
0 7 0 2 -1  0.0523347
1338879732536824351
4 1 1 4 -1  -0.282429
1339263342998600946
4 4 5 4 -1  -0.6561
1339358544879038315
1 1 2 2 -1  -0.038152
1339693364609467131
3 0 2 0 -1  -0.0646108
1339859286164652186
0 4 2 5 -1  -0.098477
1340026668388893827
3 4 5 2 -1  -0.0471013
1340114526850015564
1 3 3 2 -1  -0.0797664
1340235805876035494
1 0 2 0 -1  6.85594e-05
1340237546376387317
0 2 1 3 -1  -0.0797664
0 5 2 3 -1  -0.011318
1340435855774948578
0 0 0 2 -1  -0.0717897
1340606970653440398
5 0 7 2 -1  -0.348678
1340612725502623171
1 1 0 2 -1  -0.150095
1340638912328504132
2 3 3 5 -1  0.0646108
1340692467061166666
3 0 4 0 -1  -0.0423911
1340732945470476945
4 5 5 5 -1  0.228768
1340841875306052737
3 1 1 2 -1  0.018248
1340935055983632575
0 3 2 3 -1  -0.185302
1341167244477026305
0 0 0 2 -1  -0.00117902
1341308573446293544
0 6 0 7 -1  -0.0797664
1341529638965332277
0 0 3 0 -1  -0.135085
1341643108749640783
3 3 2 3 -1  0.254186
1341755153594555499
2 5 0 4 -1  -0.531441
1341946236672860961
0 3 3 6 -1  0.150095
1341988627321742155
5 5 6 5 -1  -0.0343368
1342090998146295054
3 2 6 2 -1  -0.00785516
1342485945691134774
2 4 3 3 -1  -0.254186
1342830110901657098
5 3 6 5 -1  0.9
1343032722205987343
5 3 6 3 -1  0.150095
1343328592724824437
1 0 2 0 -1  -0.0523347
