12359201425294185809
3 7 2 7 -1  1
12359206222095310594
5 4 7 5 -1  1
12359321971209295872
4 5 5 4 -1  1
12359330867047474552
7 1 0 1 -1  1
12359692667864370206
6 1 5 2 -1  1
12359968421958293686
7 7 7 5 -1  1
12360048826863426891
4 5 3 4 -1  1
12360084963775263500
7 6 6 5 -1  1
12360302488048510654
5 4 2 7 -1  1
12360303199656394718
5 2 7 0 -1  1
12360462754007744303
6 2 6 4 -1  1
12360627307406845821
6 0 4 0 -1  1
12361093444944197279
4 5 3 4 -1  1
12361146486528073383
5 2 3 3 -1  1
12361153845410797946
6 2 5 2 -1  1
12361224311042748631
2 0 4 1 -1  1
12361342464790347052
6 3 5 4 -1  2
12361617451083191555
5 5 6 6 -1  3
12361666865379071109
3 5 4 5 -1  1
12361701882626848039
5 4 4 5 -1  1
12361724525546435001
6 6 5 5 -1  1
12362000515359745806
1 1 0 2 -1  1
12362150116880921196
1 4 3 5 -1  1
12362190104452297520
7 5 6 4 -1  2
12362225883890055085
6 2 4 3 -1  1
12362721790627544420
4 2 4 4 -1  1
12362761644266923392
6 6 6 5 -1  1
12362764781560233191
3 5 2 5 -1  1
12363021272745173753
5 5 7 4 -1  2
12363155433718389552
3 2 3 7 -1  1
12363227165632650543
6 3 5 1 -1  1
12363852565229689337
6 0 5 0 -1  1
12363952869430928538
6 5 5 5 -1  1
12364184219225237752
6 5 4 5 -1  1
12364213487141741476
1 4 2 2 -1  1
12364433158892542060
5 5 4 3 -1  1
12364443771350085879
1 6 0 4 -1  1
12364536504010393227
4 6 3 6 -1  1
12364688749009702280
6 0 4 0 -1  1
12364904580693653165
5 5 3 6 -1  1
12364966594427969630
6 5 6 6 -1  1
12364966755917068215
5 5 7 3 -1  1
12365053853342761755
7 0 7 1 -1  1
12365095688845960344
2 2 2 0 -1  1
12365184134033844850
7 0 7 3 -1  1
12365445050165862074
5 2 3 4 -1  1
12365475362461720762
6 4 4 4 -1  1
12365521816401603146
5 1 4 2 -1  1
12365649616645631429
3 2 5 3 -1  1
12365760781522333615
4 6 4 5 -1  1
12366298219401022892
6 2 5 4 -1  1
12366314379926870350
3 6 2 5 -1  1
12366426543668645046
7 5 7 4 -1  1
12366465374340870292
7 2 6 2 -1  1
12366772380541875472
3 7 7 3 -1  1
12367039279593845248
2 0 5 0 -1  1
12367115838735640967
4 3 3 3 -1  1
12367217019969959294
4 3 3 5 -1  1
12367343525890867122
7 1 5 2 -1  1
12367399302212757811
2 3 3 1 -1  1
12367447107422692046
4 4 6 3 -1  1
12367525952829413479
7 0 7 1 -1  1
12367596877696236927
5 5 5 6 -1  1
12367700178083249277
7 4 6 3 -1  1
12367742575533889978
6 3 4 2 -1  1
12367771847719238913
6 6 7 5 -1  1
12367931098754289393
6 0 1 5 -1  1
12368492001333235178
0 4 3 7 -1  1
12368514888828744535
6 3 6 5 -1  1
12368603390199957763
5 3 6 4 -1  1
12368680764036242346
6 3 4 2 -1  1
12368774798600547012
2 0 4 2 -1  1
12368797741878299460
6 7 5 6 -1  1
12368976041188451695
4 3 1 6 -1  1
12369110534885941473
5 5 3 6 -1  1
12369486913942063406
7 5 7 4 -1  1
12369498441148414898
3 3 3 6 -1  2
12369628428309614191
5 6 4 6 -1  1
12369754636766981610
5 2 4 2 -1  1
12369778882839034937
5 6 6 7 -1  1
12369962569478506624
4 3 5 2 -1  1
12369999843428872279
6 1 5 2 -1  1
12370029001461177576
5 2 6 0 -1  1
12370463873901751618
6 4 4 2 -1  1
12370609204274640857
7 5 4 2 -1  1
12370797495640421828
7 6 6 6 -1  1
12370811893130607557
6 0 4 0 -1  1
12370957121361179046
3 5 2 5 -1  1
12371072077845036446
6 5 5 4 -1  1
12371163289788365691
6 3 7 2 -1  1
12371408478659220032
7 3 6 3 -1  1
12371574156336795049
3 1 2 2 -1  1
12371642192861753673
5 7 4 6 -1  1
12371647429508334739
6 0 4 0 -1  1
6 2 4 2 -1  2
12371725500845478449
7 5 3 1 -1  1
12371784377330961594
3 6 1 5 -1  1
12371826881299870150
1 5 2 4 -1  1
12371838633296027750
7 4 6 5 -1  1
12371962263979248817
7 1 6 3 -1  1
7 4 7 6 -1  1
12372139512999736940
3 1 6 4 -1  1
12372435517763981404
7 3 6 2 -1  1
12372647339257329753
6 1 4 1 -1  1
12372768802836055277
4 5 6 3 -1  1
12373040258045933984
6 7 5 7 -1  1
12373213259065279072
4 3 3 3 -1  1
12373295526073305000
6 3 5 3 -1  1
12373304711667876515
6 5 6 3 -1  1
12373366593843118140
2 7 2 6 -1  1
12373367098736749384
6 4 5 2 -1  1
12373532695599328243
6 7 7 6 -1  1
12373687895794353843
6 3 5 3 -1  1
12373841753986324610
5 6 6 7 -1  1
12373856006268336627
7 5 6 6 -1  2
12374040074740361877
6 5 5 4 -1  1
12374147769963351015
3 4 2 2 -1  1
12374334285857216330
7 6 6 6 -1  1
12374357196259576880
4 1 1 4 -1  1
12374544925637507477
6 3 4 4 -1  1
12374652617929140638
6 3 4 1 -1  1
12374855707072101510
5 5 6 3 -1  1
12375124970357978995
6 6 5 5 -1  1
12375172622979253402
3 7 2 7 -1  1
12375279415620440478
2 2 2 0 -1  1
12375326775553719420
1 3 2 3 -1  2
12375432031252995814
5 4 4 4 -1  1
12375642881761027787
2 7 1 7 -1  1
12375671384311867750
7 1 5 2 -1  1
12375742305711525061
1 7 4 4 -1  1
12375823583551961415
7 1 7 4 -1  1
12375899428422952224
5 2 4 2 -1  1
12375915892773684337
6 3 7 1 -1  1
12376038951947458238
6 0 7 0 -1  1
12376167480613407321
6 3 4 4 -1  1
12376257663355928390
2 2 0 0 -1  1
12376649157448548848
6 0 4 0 -1  1
12376799545999278227
4 2 3 2 -1  1
12376846348731081095
5 4 4 4 -1  1
12376966303866315741
4 2 3 2 -1  1
12377060600925990603
3 2 2 2 -1  1
12377096805539287837
2 1 4 3 -1  1
12377124334935609435
6 5 6 4 -1  1
12377311086377789746
7 2 6 2 -1  1
12377360218428795730
7 4 7 6 -1  1
12377371863248259483
5 5 4 6 -1  1
12377590728198763335
4 1 3 2 -1  1
12377740045991374196
7 3 6 4 -1  1
12377850600293419899
5 0 0 5 -1  1
12377949279855355903
7 4 5 4 -1  1
12377955114786586635
2 2 3 2 -1  1
12378061356472946675
4 0 4 6 -1  1
12378075536927069625
5 2 4 2 -1  1
12378081487370939887
5 7 4 7 -1  1
12378194386425183603
5 7 6 5 -1  1
12378303864657973966
3 4 2 2 -1  4
12378310824869266937
5 4 6 5 -1  1
12378572117829203655
5 4 4 4 -1  2
12378602278196423257
7 3 5 5 -1  1
12378636230706760133
7 0 7 3 -1  1
12378645027592673270
6 0 5 0 -1  1
12378674803914440904
7 4 7 5 -1  1
12378711404058678693
4 1 3 2 -1  1
12378803063884886859
7 2 4 2 -1  1
12378883390146559270
3 0 4 2 -1  1
12378917765852941871
4 6 3 5 -1  1
12378991707784727700
4 1 3 1 -1  1
12379131181460417540
7 2 7 0 -1  1
12379338175972650555
7 6 6 4 -1  1
12379441819548770254
6 5 5 5 -1  1
12379527119616249333
7 5 7 3 -1  1
12379804483938217313
7 5 5 3 -1  1
12379833133918009348
6 1 5 1 -1  1
12379864989036213638
7 5 3 5 -1  1
12379881685509352913
6 6 5 5 -1  1
12379881968055701875
5 5 4 3 -1  1
12379900778663220042
2 0 1 1 -1  1
12379958259436750873
6 5 5 5 -1  2
12379995151034498168
4 4 3 5 -1  2
12380051632562430994
1 4 2 4 -1  3
12380319656819453134
4 2 3 3 -1  1
12380587413231795019
7 2 6 3 -1  1
12380748282390695398
4 0 3 0 -1  1
12380806271362788441
7 0 7 1 -1  1
12380869494110213281
6 3 7 4 -1  1
12380890591421711212
6 4 4 4 -1  1
12381007659795043485
6 3 7 4 -1  1
12381063327173801089
3 4 5 5 -1  1
12381073017562939525
5 1 4 1 -1  1
12381310457954199673
6 2 5 2 -1  1
12381553170924513224
4 2 3 3 -1  1
12381776741645975486
6 5 5 4 -1  1
12381887554894610353
4 0 3 0 -1  1
12381994066594911259
6 6 5 6 -1  2
12382043116783842167
3 3 2 2 -1  1
12382485293041246495
4 1 3 2 -1  2
12382812095121901661
6 5 5 6 -1  1
12382837774201417574
7 6 6 5 -1  1
12382862210506458844
5 5 6 3 -1  1
12382909605110096069
4 2 3 2 -1  1
12382914874373082144
7 0 7 3 -1  1
12382918299813113297
6 3 7 5 -1  1
12383081266695694377
7 5 6 4 -1  1
12383410024644067629
3 7 5 5 -1  2
12383565976268558411
5 0 5 6 -1  2
12383613886741402421
6 3 5 1 -1  1
12383666170050949489
7 5 3 1 -1  1
12383818284527391649
7 1 6 3 -1  1
12383928995337210712
4 2 3 4 -1  1
12383940106911268359
7 1 6 0 -1  1
12383951722807879836
5 5 3 3 -1  1
12384203238346780387
6 5 5 5 -1  1
12384234624794059030
6 2 5 1 -1  1
12384331755777598457
5 1 4 1 -1  1
12384375542846671697
6 3 5 1 -1  1
12384436047756468415
4 7 6 6 -1  1
12384504569051790790
4 3 3 2 -1  1
12384781338933422054
5 5 1 1 -1  1
12384888198551605345
5 5 4 3 -1  1
12384922021000408704
4 7 3 5 -1  1
12385053076658337379
7 3 5 3 -1  1
12385073672039537107
4 0 3 0 -1  1
12385139870128602714
7 4 6 3 -1  1
12385214087271519137
6 7 5 7 -1  1
12385323036928801237
5 4 4 4 -1  1
12385352811981299659
5 3 6 4 -1  1
12385692991981064805
7 3 5 1 -1  1
12385745912499770099
5 2 4 2 -1  1
12386167000663049257
3 6 4 7 -1  1
12386276122417289579
7 5 6 6 -1  1
12386649967093958248
4 6 7 6 -1  1
12386718111759283213
5 2 4 0 -1  1
12386803324966792357
5 0 6 1 -1  1
12386945904937327259
7 3 7 4 -1  1
12387030393820897298
7 5 4 2 -1  3
12387227651298442828
2 1 2 0 -1  1
12387481830375374380
3 5 3 4 -1  1
12387487240769165895
3 3 4 3 -1  1
12387533779135540286
7 3 6 2 -1  1
12387636304795669823
5 5 7 4 -1  1
12387788880469577911
6 4 7 4 -1  1
12387971292400500293
6 7 4 7 -1  1
12387984227231013701
5 2 2 5 -1  1
12388156496136673195
7 5 7 2 -1  1
12388158792459327026
4 6 1 6 -1  1
12388254803905296137
5 3 6 3 -1  1
12388336171919382295
6 4 3 7 -1  2
12388344153972402500
5 2 4 4 -1  1
12388359779413232348
5 6 4 4 -1  2
12388377691379988022
6 2 4 2 -1  1
12388661298448974767
5 2 6 4 -1  1
12388783592311255865
7 3 4 3 -1  1
12388792691936785032
5 2 6 4 -1  1
12388867904787173481
7 1 6 1 -1  1
12388906108946152633
6 0 6 5 -1  1
12388908380511488526
5 5 7 3 -1  1
12388996234653774412
7 3 7 0 -1  2
12389108286029136478
4 0 5 2 -1  1
12389159574989243069
5 2 7 2 -1  1
12389239175653042554
6 5 7 4 -1  1
12389561498669946163
7 6 7 5 -1  1
12389698476795775924
6 6 5 5 -1  1
12389699345962723191
2 4 3 4 -1  1
12390431112628824756
7 5 6 4 -1  1
12390585418616766807
4 5 3 3 -1  1
12390723991833852781
4 4 3 5 -1  1
12390827193859050196
6 1 4 1 -1  1
12390906478765888348
4 3 3 2 -1  1
12391049093599585597
4 3 3 4 -1  1
12391058646355163252
4 3 3 3 -1  1
12391250157752518777
7 5 5 3 -1  1
12391257408999307151
5 7 4 6 -1  1
12391260220020278405
6 4 3 1 -1  1
12391393138528922406
7 6 6 6 -1  1
12391433605736960076
1 4 0 3 -1  1
12391501649862748257
4 5 5 4 -1  1
12391557306583124829
5 6 4 6 -1  1
12391630361025227892
5 6 4 6 -1  1
12391797827527495816
7 0 6 0 -1  1
12391807606678963310
7 1 6 3 -1  2
12391872106934160525
5 0 4 1 -1  1
12391925612423132082
4 2 3 2 -1  1
12392039850530096779
5 1 4 1 -1  1
12392063760170817549
5 1 6 2 -1  1
12392067382808621956
6 3 7 5 -1  1
12392153320192522877
2 2 6 2 -1  1
12392189196368535570
6 5 5 6 -1  1
12392229384220500692
7 4 7 6 -1  1
12392256553117778885
6 2 6 1 -1  1
12392562234975552827
5 1 5 6 -1  1
12392945016425993434
6 4 6 3 -1  1
12393152571389184768
7 4 7 6 -1  1
12393400734396123684
7 6 7 7 -1  1
12393450970885840969
1 6 1 4 -1  1
12393719534024371302
6 6 5 5 -1  1
12393900388232242514
6 1 7 0 -1  1
12393913514592951371
6 2 7 1 -1  1
12393954102346082280
4 6 3 7 -1  1
12394014015295723142
7 6 7 7 -1  2
12394023335379969615
4 0 3 0 -1  1
12394038805081936212
7 1 6 3 -1  2
12394348096515319463
3 3 1 4 -1  1
12394511270896407611
3 1 1 1 -1  1
12394750825006152429
6 3 4 5 -1  1
12394829818304188530
6 4 6 6 -1  1
12394886238850191596
4 2 3 3 -1  1
12394902658317916183
4 6 0 6 -1  1
12395065663047815462
4 2 7 2 -1  1
12395098573208381981
7 6 6 6 -1  1
12395607385488108503
3 6 1 5 -1  1
12395912022565262987
5 4 4 5 -1  1
12396213925823061957
5 4 4 4 -1  1
12396242153319154019
7 2 6 3 -1  1
12396268146633238995
7 5 6 5 -1  1
12396570133548581932
4 2 3 2 -1  1
12396703581241991226
7 7 3 3 -1  1
12396925869954150323
5 4 3 5 -1  1
12396929868889567198
5 3 6 4 -1  1
12397185911709997614
3 1 3 2 -1  1
12397280022413996017
5 3 4 4 -1  1
12397350137978307062
6 1 6 5 -1  1
12397613738096711501
5 0 4 1 -1  1
12397773739405381495
4 0 3 1 -1  1
12397819382618404302
4 6 4 7 -1  1
12397824263387239415
5 4 4 6 -1  1
12397929257227670604
3 4 2 5 -1  1
12398008928980024496
4 2 2 4 -1  1
12398039948652643940
7 7 7 5 -1  1
12398101480922064553
7 0 7 3 -1  1
12398317128727558640
6 2 6 4 -1  1
12398363279577631044
1 2 3 2 -1  1
12398481206733789919
7 1 6 3 -1  2
12398538442004348791
6 2 6 0 -1  1
12398929299528776945
7 0 7 1 -1  1
12399294939665155822
1 1 4 1 -1  1
12399317923140348949
5 5 4 3 -1  1
12399415987014755330
6 4 7 5 -1  1
12399484354023559091
6 5 4 5 -1  1
12399555720396712739
6 4 5 5 -1  1
12399590964759216177
4 2 5 1 -1  1
12399594978329411479
4 2 3 3 -1  1
12399674051249840016
4 4 3 4 -1  1
12399707032584650774
6 6 4 6 -1  1
12399739514541701251
6 7 5 7 -1  1
12400037628830573481
7 1 6 3 -1  1
12400139800679653784
0 6 1 7 -1  1
12400204560478536688
5 3 4 4 -1  1
12400495994455645528
3 4 3 1 -1  1
12400554463777547380
3 0 1 2 -1  1
12400632795635946619
5 7 4 7 -1  1
12400707597954152029
5 3 4 2 -1  1
12400813236607688017
4 5 3 5 -1  1
12400930648907904629
4 4 5 5 -1  1
12401063201067760564
7 2 6 1 -1  1
12401213178891373398
0 3 3 6 -1  1
12401323658565438090
6 7 5 7 -1  1
12401431640399809657
4 1 3 2 -1  1
12401458150825403830
6 4 5 4 -1  1
12401489865815512444
6 2 4 2 -1  1
12401556351876809649
1 0 1 1 -1  1
12401672150908038135
5 6 4 6 -1  1
12401827942849470367
7 2 7 0 -1  1
12401863471231358260
7 3 6 4 -1  2
12402016630659757684
6 4 5 5 -1  1
12402191411257036516
3 4 4 2 -1  1
12402207854012122593
7 2 5 4 -1  1
12402466857825717389
7 0 6 0 -1  1
12402514791612402771
7 5 6 6 -1  11
12402908232907511762
1 3 3 5 -1  1
12402955243271237777
6 4 5 4 -1  1
12402994840525848504
3 0 2 0 -1  1
12402998675854294390
7 2 6 1 -1  1
12402999312298385620
3 3 4 5 -1  1
12403044315009514523
4 4 3 3 -1  1
12403160027035587393
3 1 3 4 -1  1
12403230884653019982
2 0 2 2 -1  1
12403780744987183522
3 2 4 0 -1  1
12403883987277599897
5 4 4 3 -1  1
12403920126999141346
6 3 6 2 -1  1
12404049231121397360
4 2 3 2 -1  1
12404121098421149759
4 2 2 3 -1  1
12404159071851106682
6 6 5 6 -1  2
12404168555755933292
5 2 4 0 -1  1
12404236765034248045
7 2 4 2 -1  1
12404327638223173757
2 7 1 7 -1  1
12404358933034560354
7 3 5 1 -1  1
12404376479302071754
6 4 4 3 -1  1
12404490838889243100
7 3 5 5 -1  1
12404576204956543237
3 4 2 3 -1  1
12404892067731135804
5 2 4 2 -1  1
12404996154246810551
4 1 5 2 -1  1
12405247626594404420
4 0 3 0 -1  1
12405375431439681887
6 0 5 0 -1  1
6 3 5 5 -1  1
12405523928158797041
7 3 6 2 -1  1
12405541698113823538
6 2 5 2 -1  1
12405615168330024451
6 2 5 2 -1  1
12405646786256817247
5 5 7 4 -1  1
12405740634427259173
6 2 5 2 -1  1
12406026668332563690
6 3 6 7 -1  1
12406070796955336793
4 2 6 4 -1  1
12406328556838565088
7 5 6 4 -1  1
12406416093630988672
7 4 5 4 -1  1
12406472592308819131
2 2 5 2 -1  3
12406523701895655679
6 4 5 5 -1  1
12406655671354675699
3 7 2 7 -1  2
12406665922287449245
4 3 2 2 -1  1
12406825115667114149
6 6 7 6 -1  1
12406909845630849537
6 5 4 5 -1  1
12407032596169526965
6 3 4 3 -1  1
12407057645558168769
6 6 5 6 -1  1
12407160973424288906
1 6 2 6 -1  1
12407569495218465232
7 5 7 3 -1  1
12407734910860986115
6 4 5 3 -1  1
12407987452580186731
7 3 6 2 -1  3
12408041656626692338
5 5 4 7 -1  1
12408218623440406814
7 4 7 2 -1  1
12408573517184418423
6 0 5 1 -1  1
12408633621729857233
7 5 7 4 -1  1
12408776698578141767
3 1 5 3 -1  1
12408929390613185325
0 7 3 7 -1  1
12408977997001290115
7 5 5 3 -1  1
12409106849960057897
6 1 4 1 -1  2
7 5 6 6 -1  1
12409125187960486493
3 6 4 4 -1  1
12409285175227495955
5 1 3 0 -1  1
12409645029488746633
6 6 6 5 -1  1
12409803916740083935
7 3 0 3 -1  1
12409942721205871445
4 4 3 5 -1  1
7 0 7 2 -1  1
12410247993585061467
4 2 3 4 -1  1
12410351067835409891
3 4 6 1 -1  1
12410386863657656090
7 3 3 7 -1  1
12410681891935810635
4 0 5 2 -1  1
12410935072473747902
4 4 5 2 -1  1
12411009883006028001
6 2 4 2 -1  1
12411069565624848246
6 4 4 4 -1  1
12411095119965308822
4 2 3 4 -1  1
12411117697188003431
3 7 5 7 -1  1
12411897434631220477
5 4 6 3 -1  1
12411966759267422543
7 0 7 4 -1  1
12411995022346688718
1 2 2 3 -1  1
12412018843845033752
5 7 4 7 -1  1
12412190421658646550
5 7 4 6 -1  1
12412205526868054140
4 5 3 6 -1  1
12412222215224648065
6 6 4 7 -1  1
12412236646705419623
6 2 1 2 -1  1
12412300214454471089
6 0 5 0 -1  2
12412427603173230273
4 1 3 0 -1  1
12412602697670223484
6 7 5 7 -1  1
12412695253296610897
7 0 7 2 -1  1
12412746666746161954
4 0 5 1 -1  1
12412947512185561289
7 1 6 3 -1  1
12412961731207437368
4 4 3 4 -1  1
12413077596808316328
3 7 2 5 -1  1
12413168773038992721
6 3 5 5 -1  1
12413469152679938954
7 2 4 2 -1  1
12413476733800681833
7 3 7 4 -1  1
12413565318715237786
7 3 4 0 -1  1
12413758682530295267
7 4 6 5 -1  1
12413856314836037502
6 1 7 0 -1  1
12413888903754251739
2 3 0 5 -1  1
12413972528539192519
5 5 4 5 -1  1
12414020020600299016
2 3 4 1 -1  1
12414115670364986772
6 3 6 5 -1  2
12414129188326912395
2 4 4 5 -1  1
12414341233895010342
7 4 7 5 -1  1
12414359420752456198
6 3 4 2 -1  1
12414380510856634620
7 0 7 1 -1  2
12414398040753106162
7 1 5 2 -1  1
12414647752394149548
6 6 4 5 -1  1
12414881940858598725
7 2 7 0 -1  1
12415064901449099929
3 4 2 4 -1  1
12415191379383567272
5 6 2 3 -1  2
12415397902957030461
2 4 4 5 -1  1
12415428647377733455
5 3 4 3 -1  1
12415577468791070304
1 1 2 2 -1  1
12415598569492575871
7 0 7 2 -1  1
12415671794405520057
6 0 5 0 -1  1
12415832035701901162
3 1 3 2 -1  1
12415890514057778576
5 3 4 3 -1  1
12416148114582643679
6 3 5 3 -1  1
12416175377538414629
6 7 5 7 -1  1
12416259990944732392
5 6 2 6 -1  1
12416500908173136826
6 6 2 2 -1  1
12416511296671396606
6 0 3 0 -1  1
12416730197971073582
4 6 4 4 -1  1
12416772798585461932
3 6 2 5 -1  1
12416851720762515841
7 3 6 3 -1  1
12417077480259043901
1 2 1 1 -1  1
12417305944809057068
6 4 3 1 -1  1
12417318402353381977
7 5 4 2 -1  1
12417477687962482392
3 1 0 4 -1  1
12417487976745315094
3 0 2 0 -1  1
12417609991181443368
7 5 4 5 -1  1
12417737938081266681
3 1 2 1 -1  1
12418014727760323144
7 1 5 2 -1  2
12418097822279400054
6 1 7 2 -1  1
12418285946484989007
5 3 4 4 -1  1
12418387637029453056
5 3 4 4 -1  1
12418419282411385683
6 6 4 6 -1  1
12418550236633628940
4 2 6 4 -1  1
12418583055486723312
5 5 3 4 -1  1
12418646382267290660
5 7 4 7 -1  1
12418782280371104805
6 6 5 5 -1  1
12418796460421784735
7 3 6 3 -1  1
12418884076074231432
4 5 3 6 -1  1
12418951612347389048
7 5 6 4 -1  1
12419179498409956216
4 0 5 0 -1  1
12419180943273089203
5 3 5 4 -1  1
12419201417144654274
5 6 4 5 -1  1
12419322158213917722
7 5 7 3 -1  1
12419532107504537621
3 5 2 6 -1  1
12419550350404284328
5 2 3 1 -1  1
12419585252599281910
6 4 6 1 -1  2
12419681896833749205
5 4 4 3 -1  1
12419722175976553514
7 3 5 4 -1  1
12419797284416708081
7 1 7 2 -1  1
12419857411486718893
6 0 5 0 -1  1
12419899226893815104
6 6 5 6 -1  2
12420257809066171255
5 4 4 2 -1  1
12420329845499516754
5 3 5 6 -1  1
12420483794726300558
6 3 6 4 -1  1
12420529797256392688
5 5 1 1 -1  1
12420569180378715381
5 6 6 5 -1  1
12420596554619304013
0 5 0 6 -1  1
12420716968080199287
7 1 5 1 -1  1
7 3 7 2 -1  1
12420870249104410987
2 6 3 6 -1  1
12420873109179199188
5 5 4 4 -1  1
12421242205510563621
6 3 7 5 -1  1
12421320453634778027
3 4 2 4 -1  1
12421481304137479185
5 5 4 5 -1  1
12421522350366149419
7 0 7 1 -1  1
12421705678677658071
6 2 3 2 -1  1
12421784472542951533
5 5 6 3 -1  1
12421887714232186925
3 2 5 1 -1  1
12421922721386222662
3 7 3 6 -1  1
12421973436528158256
6 5 4 5 -1  1
12422111220160879597
6 4 5 4 -1  1
12422159998476670928
7 1 6 3 -1  1
12422247548217253299
0 7 0 3 -1  1
12422289670712676953
1 6 3 4 -1  1
12422651202969098418
7 0 3 0 -1  1
12423146490152133592
7 5 7 4 -1  1
12423477566962235208
5 5 5 2 -1  1
12423487111112713842
3 6 2 5 -1  1
12423509399136985411
6 1 7 1 -1  1
12423541060729265749
7 0 6 0 -1  2
12423605157463970927
3 7 2 7 -1  1
12423648828377658405
5 7 2 4 -1  1
12423735339023370936
5 1 6 2 -1  1
12423746375228282811
6 2 5 2 -1  1
12423854012265278475
7 0 7 2 -1  1
12423884141244448217
3 5 4 5 -1  1
12424088958511802957
6 6 5 6 -1  1
12424154994750073279
5 5 5 6 -1  1
12424169485498034807
7 5 7 1 -1  1
12424192294242708758
5 2 3 2 -1  1
12424215310646121590
4 0 3 2 -1  1
12424317599868680908
7 5 6 6 -1  1
12424378944155714590
5 2 4 3 -1  1
12424587033626714295
7 1 5 2 -1  1
12424761449952002790
2 1 3 3 -1  1
12425217749956505644
7 3 7 4 -1  2
12425870191693677730
5 3 3 1 -1  1
12425933822670726773
5 4 5 5 -1  1
12425954673975009041
5 4 4 4 -1  1
12426574803704210874
6 2 6 3 -1  1
12426656466469755426
5 5 3 4 -1  1
12426714547977183226
7 0 7 3 -1  1
12426876938022921166
4 1 3 1 -1  1
12426913248419605497
5 6 6 6 -1  1
12427043403505119269
7 1 5 0 -1  2
12427239265495375202
0 1 1 1 -1  1
12427271142442070071
7 1 1 1 -1  1
12427332845523163054
6 2 5 1 -1  1
12427400065840312737
4 0 3 0 -1  1
12427441371030329825
5 4 4 4 -1  1
12427547325728193150
6 2 4 2 -1  1
12427609631925775919
6 4 7 3 -1  1
12427732465560655953
5 2 4 3 -1  1
12427778340768575651
6 2 4 2 -1  1
12428019264799828967
5 3 4 2 -1  1
12428030184492991123
4 6 3 4 -1  1
12428052066221832486
4 5 6 4 -1  1
12428184160125595712
6 4 7 5 -1  1
12428248368940053072
7 4 7 6 -1  2
12428285858241603677
3 1 2 3 -1  1
12428355381373533625
7 5 6 4 -1  1
12428359006651720193
4 1 3 1 -1  1
12428426152287513857
5 5 4 6 -1  1
12428613555233894241
7 6 6 6 -1  1
12428642534542455669
6 2 4 2 -1  2
6 5 4 5 -1  2
12428678494165875341
4 2 3 3 -1  1
12428689174633187049
7 7 7 4 -1  1
12428806637116035593
7 3 6 4 -1  1
12428934283947555135
6 5 5 6 -1  1
12429048610251891574
4 2 3 3 -1  1
12429101127928767960
6 5 4 5 -1  1
12429223947429386596
4 3 3 4 -1  2
12429242333941261971
7 5 6 4 -1  1
12429292378203801050
6 2 2 2 -1  1
12429353051921434090
7 2 5 4 -1  1
12429365342280705454
6 7 5 7 -1  1
12429498912257898688
4 4 3 5 -1  1
12429724595062112861
5 5 3 4 -1  1
12429910368901169689
7 3 6 4 -1  1
12429930929975895783
4 0 7 3 -1  1
12430130814783639318
3 1 5 2 -1  1
12430211739693860676
4 6 3 6 -1  1
12430443949606623598
4 2 3 2 -1  1
12430491782591099653
5 3 7 5 -1  1
12430554271227341387
7 6 6 5 -1  1
12430727757426083844
6 5 5 4 -1  1
12430832941759717672
3 3 2 3 -1  1
12430894760331105903
3 3 0 3 -1  2
12430956698580855911
4 7 5 7 -1  1
12431248497603607923
5 5 6 4 -1  1
12431264231048594590
7 5 6 4 -1  1
12431300034493367416
1 1 1 2 -1  1
12431320503421263804
6 0 5 0 -1  1
12431399669352847448
6 0 5 1 -1  1
12431403016875788600
6 5 5 3 -1  1
12431407742264936913
3 4 2 2 -1  1
12431591979164393653
5 4 4 4 -1  1
12431647191681647496
4 0 5 0 -1  1
12431664841567886689
5 4 4 4 -1  1
12431714832985183284
7 5 3 1 -1  1
12431915087389566615
7 3 7 7 -1  1
12431916638731739147
5 4 4 3 -1  1
12431926325889591993
4 6 5 5 -1  1
12431942996946071583
5 4 5 5 -1  1
12432073973190591123
3 0 3 2 -1  2
12432272114009145020
0 3 3 3 -1  1
12432372101262812564
6 6 5 7 -1  1
12432532759716216843
3 4 4 3 -1  2
12432541284272780233
3 3 3 2 -1  2
12432567051033683399
7 4 5 4 -1  1
12432600508119375298
6 3 5 2 -1  1
12432622042732338791
6 5 5 5 -1  1
12432642832378588587
5 0 4 1 -1  1
12432997468226127287
5 0 3 1 -1  1
12433082484126249989
0 1 1 0 -1  1
12433137332682118098
6 0 6 1 -1  1
12433152985234624486
7 7 7 6 -1  1
12433270160585798290
2 2 2 0 -1  1
12433421469117458506
4 6 3 6 -1  1
12433970169017004614
3 1 2 2 -1  1
12433998017697817065
7 1 5 2 -1  1
12434338798748982962
5 4 4 4 -1  1
12434645569471026760
6 5 4 5 -1  1
12434677509564987845
6 3 5 1 -1  1
12434730818828214526
5 1 4 0 -1  3
12434927741241164634
7 1 5 2 -1  1
12435170587627938265
5 2 3 3 -1  1
12435474068058336171
5 3 4 2 -1  1
12436022126729434420
7 5 5 3 -1  1
12436036900757411383
7 2 6 3 -1  1
12436136563914390545
4 2 5 1 -1  1
12436260192746318346
4 5 5 6 -1  1
12436424312316916789
5 5 6 4 -1  1
12436539984828481720
7 1 5 1 -1  1
12436730773380723997
7 5 7 4 -1  1
12436931185416283653
6 3 4 3 -1  1
12436992989224707126
0 2 0 1 -1  1
12437120658267412405
5 6 4 6 -1  1
12437209608038747471
5 4 6 5 -1  1
12437259139707827061
6 2 5 1 -1  1
12437336638414875994
6 3 4 4 -1  1
12437379759898649877
5 0 4 0 -1  1
12437463986639882266
4 3 0 3 -1  1
12437480365284628665
5 4 4 3 -1  1
12437491484684041608
5 4 4 3 -1  1
12437513392212481948
6 3 4 2 -1  1
12437527261976729128
2 2 5 2 -1  1
12437590933305908808
3 1 2 0 -1  1
12437598082659625292
6 5 5 5 -1  1
12437605802671408867
5 7 4 6 -1  1
12437649350660656818
7 2 7 1 -1  1
12437781606964278968
5 4 6 5 -1  1
12438067407716619077
7 6 6 6 -1  1
12438084661275043078
7 5 7 3 -1  1
12438391088967789629
6 3 5 3 -1  1
12438589537336126635
4 7 3 5 -1  1
12438726889253313053
6 0 5 1 -1  1
12438852572617589529
1 4 0 6 -1  2
12439078691237715309
6 3 5 1 -1  1
12439215702381355547
7 0 3 0 -1  1
12439250893463534225
6 4 1 4 -1  1
12439267855794772037
5 5 6 6 -1  1
12439340846063344685
5 5 4 5 -1  1
12439347112482371759
6 0 4 0 -1  1
12439359740095114039
6 7 5 7 -1  2
7 5 6 6 -1  2
12439521666006321589
0 4 1 5 -1  1
12439603188741640470
0 0 1 0 -1  1
12439672851990277871
7 6 5 5 -1  1
12439787044389498402
7 6 6 5 -1  1
12439852887721909674
4 0 4 3 -1  1
12439857469997391882
3 3 1 5 -1  1
12439887419101540688
7 1 5 0 -1  1
12439919868330986203
5 1 4 0 -1  1
12439977565456484707
5 7 4 7 -1  1
12440594819342207833
7 5 6 4 -1  1
12440638798843803904
3 4 2 3 -1  1
12440951249693672103
4 7 3 5 -1  1
12441368443036116575
0 1 1 1 -1  1
12441374450824144549
3 7 3 6 -1  1
12441480125063781564
4 4 5 5 -1  1
12441738049009219965
6 7 5 7 -1  1
12441887614748923121
2 7 6 3 -1  1
12441906562235349790
5 6 4 6 -1  1
12441954496068250002
4 4 3 6 -1  1
12442035651482338230
3 2 1 4 -1  1
12442120271001867779
2 2 5 5 -1  1
12442172408029750926
7 2 6 1 -1  1
12442259454251322674
6 7 0 7 -1  1
12442765188770813579
7 1 5 3 -1  1
12442851661942219831
5 6 5 7 -1  1
12442925554552285775
6 4 5 5 -1  1
12443104502390234433
7 0 7 1 -1  1
12443114059155990028
1 4 2 2 -1  1
12443176114432191052
6 6 5 6 -1  1
12443237241686049103
7 0 7 2 -1  1
12443458251835768586
7 5 7 4 -1  1
12443826710539235564
5 6 3 5 -1  1
12443928527483252297
6 6 5 6 -1  1
12443946602854505844
7 0 7 4 -1  1
12443960575812525443
5 1 1 1 -1  1
12444011294612906491
2 7 5 7 -1  1
12444059310538501732
4 2 3 2 -1  1
12444161665802137428
5 2 6 4 -1  1
12444289222291965731
4 1 3 1 -1  1
4 1 3 2 -1  1
12444481264267315700
7 1 5 2 -1  1
12444482242222227236
0 5 0 4 -1  1
12444551115965062708
5 2 6 2 -1  1
12445049365679148534
5 6 4 5 -1  1
12445070380023716935
3 4 2 2 -1  1
12445162971273428320
5 2 4 3 -1  1
12445224230123592839
7 7 7 4 -1  2
12445356069707069254
7 5 6 4 -1  1
12445589599723099321
4 5 3 4 -1  1
12445708563564905512
6 3 4 3 -1  1
12446185548040922890
6 7 5 6 -1  1
12446226876919228366
3 6 2 5 -1  1
12446256738826023681
6 7 5 7 -1  1
12446319539649373114
7 3 4 3 -1  1
12446499367471819958
5 0 7 2 -1  1
12446593185631869754
6 2 6 1 -1  1
12446650846136572628
2 6 2 4 -1  1
12446715617127754717
6 3 5 4 -1  1
12446728604995531521
7 5 7 6 -1  1
12446776249977794035
3 1 1 1 -1  3
12447074027316681759
6 0 4 0 -1  1
6 0 5 0 -1  1
6 1 5 1 -1  1
6 3 5 3 -1  3
6 4 5 4 -1  1
7 3 4 0 -1  1
12447115281626224407
5 2 4 0 -1  1
12447206570039513207
6 7 5 7 -1  2
12447666883488960254
5 5 4 5 -1  1
12447667060155994324
6 4 4 5 -1  1
12447775062499322349
5 2 4 1 -1  1
12447797789769333532
7 6 6 7 -1  1
12447909310944339281
5 4 4 3 -1  1
12448031048591014243
2 4 3 5 -1  1
12448108577144551699
6 2 4 3 -1  1
12448342405491885623
6 2 4 0 -1  1
12448412418368051117
5 6 6 4 -1  1
12448575283194665478
6 3 4 2 -1  2
12448587354477467708
3 4 0 1 -1  1
12448659179887167073
6 1 5 2 -1  1
12448680037186809102
7 2 5 4 -1  1
12448778346820925857
3 2 4 3 -1  1
12448965029925065225
0 7 0 6 -1  1
12449094094970570486
7 2 7 4 -1  1
12449307778303949962
6 6 1 1 -1  1
12449431672257092440
6 3 5 4 -1  1
12449443938415808276
4 2 6 3 -1  1
12449486298271463360
4 5 3 4 -1  1
12449609850763732669
5 5 3 4 -1  1
12449670015072966916
2 3 2 5 -1  2
5 2 4 3 -1  2
12449722962528142027
4 4 3 4 -1  1
12449744556752080510
7 1 0 1 -1  1
12449764519705871682
6 4 3 4 -1  1
12449859838217096743
3 4 1 4 -1  1
12449955677123131193
5 3 4 3 -1  1
12450266461263495091
7 3 3 3 -1  1
12450371464808867017
6 1 6 0 -1  1
12450582412149097426
5 5 3 6 -1  1
12450671486170266556
5 2 6 4 -1  1
12450671942401117450
6 1 7 3 -1  1
12450713105814197666
6 1 7 0 -1  1
12451016019407190403
6 3 4 4 -1  1
12451399108259121627
5 3 3 3 -1  1
12451461113058137377
6 3 4 2 -1  1
12451729511742876040
7 4 7 6 -1  1
12451844682586399589
5 4 4 3 -1  1
12451845503934862858
6 2 6 4 -1  1
12451863804193534390
3 2 3 3 -1  1
12452626698016993812
1 7 0 7 -1  1
12452850346548018262
0 2 1 4 -1  1
12453054771814964819
7 3 7 4 -1  1
12453147734295088599
5 5 7 4 -1  1
7 1 6 3 -1  1
12453410063173717796
3 2 3 5 -1  1
12453439125205918284
3 0 2 0 -1  1
12453557996802054791
7 2 7 1 -1  1
12453570134390079637
7 2 5 4 -1  1
12453606587522119433
3 1 4 2 -1  1
12453716164392314507
5 4 6 3 -1  1
12453768138222008548
6 4 5 6 -1  1
12453783677329704398
0 1 0 0 -1  1
12453908338621181068
7 5 7 2 -1  1
12454096201558381380
2 3 1 4 -1  1
12454109711025951335
7 3 3 3 -1  1
12454268157283740506
4 0 7 3 -1  1
12454319117653595096
1 6 0 6 -1  1
12454364520998137019
6 3 7 4 -1  1
12454624081967927824
6 7 5 7 -1  1
12454692324333349057
6 5 6 4 -1  1
12454767452222550834
3 2 3 4 -1  1
12454873318692339397
7 5 3 1 -1  2
12455018737845804499
4 5 3 4 -1  1
12455148936104120602
5 6 7 5 -1  1
12455366375852096858
5 4 5 1 -1  1
12455420438555852814
4 7 3 7 -1  1
12455492318640663121
6 0 4 0 -1  1
12455682752684432286
7 6 6 6 -1  1
12455682830017069932
7 5 6 6 -1  1
12455751505212851006
2 1 3 2 -1  1
12455858676730097935
7 1 6 3 -1  3
12456019274894788118
5 3 4 4 -1  1
12456108198659763379
1 5 3 6 -1  1
12456150987641064721
4 4 3 3 -1  1
12456187690455519130
4 4 3 4 -1  1
12456214301911169444
7 5 7 4 -1  1
12456260781110064847
6 2 5 2 -1  1
12456297672583020961
7 3 3 3 -1  1
12456367312354780617
7 5 7 3 -1  1
12456446461288548391
5 1 5 0 -1  1
12456664010746963173
6 1 7 2 -1  1
12456680043764044479
5 6 4 6 -1  1
12456724675209936850
7 6 6 6 -1  1
12456741408317002915
4 2 4 1 -1  1
12456808000921254384
4 0 5 2 -1  1
12457265881581666373
3 1 2 0 -1  1
12457581673523527493
6 7 5 7 -1  1
12457644712393576975
5 5 4 5 -1  1
12457781454711981366
6 4 5 4 -1  1
6 7 4 7 -1  4
12457893876697908636
6 3 5 5 -1  1
12458049644631645010
7 4 6 5 -1  1
12458150223521833162
6 0 5 0 -1  1
12458393620910956270
6 7 5 6 -1  1
12458446535305816081
3 2 1 0 -1  1
12458492619154768301
5 4 3 3 -1  1
12458548881161110504
4 0 3 0 -1  1
12458743832284267297
4 4 3 2 -1  1
12459057090290597318
4 7 3 6 -1  1
12459100577246492928
4 5 4 3 -1  3
12459131858604016810
6 5 5 5 -1  1
12459146790380758395
2 3 4 3 -1  1
12459175983289398280
7 1 5 1 -1  1
12459295721613460734
7 2 6 3 -1  1
12459321682380171241
4 5 3 4 -1  1
12459327714537519309
5 2 7 3 -1  1
12459464555614422728
1 4 2 5 -1  1
12459503482033272442
5 3 6 4 -1  1
12459704187169593577
7 4 5 5 -1  1
12459708984525757479
4 2 6 2 -1  3
12459782350588674794
7 6 6 6 -1  1
12459820749169343150
3 4 2 3 -1  1
12459832694586157357
7 6 7 5 -1  1
12459967251202625005
5 4 4 4 -1  1
12459974689917032691
4 4 3 4 -1  1
12459991351493319342
7 3 6 4 -1  1
12460086464597029917
5 7 4 7 -1  1
12460160411929626141
3 1 6 4 -1  1
12460179901473541724
7 6 7 7 -1  1
12460413937392046055
6 6 5 6 -1  1
12460450770641432162
5 3 5 1 -1  1
12460839149448887314
3 1 2 2 -1  1
12460997742648251651
5 4 4 6 -1  1
12461168365600948085
3 0 4 0 -1  1
12461257634160228517
1 0 0 0 10  1
12461373556919148395
6 1 1 6 -1  1
12461406375304038617
4 2 3 2 -1  1
12461537672681045450
6 3 5 1 -1  1
12461560735273959436
7 3 5 1 -1  1
12461839560693738722
6 4 6 5 -1  1
12461862166845906083
5 6 6 4 -1  1
12462113219111386576
3 6 2 5 -1  1
12462170242676588709
6 4 7 5 -1  1
12462275860016577901
7 3 6 4 -1  1
12462507226909756637
7 3 6 4 -1  1
12462507563904583502
2 7 2 2 -1  1
12463056948501770296
7 4 7 6 -1  1
12463125248108234992
6 0 7 0 -1  1
12463193069773055576
6 2 5 3 -1  1
12463206648088933810
5 5 4 3 -1  1
12463356752443973097
1 0 0 0 10  1
12463437310376733400
3 4 5 4 -1  1
12463477746857887686
7 2 6 3 -1  2
12463520653100779532
6 0 4 0 -1  1
12463571532340073600
4 5 4 7 -1  2
12463704091533622481
7 5 7 2 -1  1
12463773195103678309
6 3 5 2 -1  1
12463840966296898935
5 2 1 6 -1  2
12463895899906388632
6 6 7 5 -1  1
12464008401711496383
5 5 5 6 -1  1
12464021091376860560
4 2 5 4 -1  1
12464081922457352885
6 3 5 1 -1  1
12464719597525116079
7 3 5 1 -1  1
12464808605843320728
5 0 4 0 -1  1
12464816593793110966
4 4 2 2 -1  1
12465012585369257393
6 4 5 5 -1  1
12465021285601736300
4 4 3 4 -1  1
12465216794879542912
2 3 0 3 -1  1
12465229055462386056
4 6 3 6 -1  1
12465355175585307274
6 3 5 1 -1  1
12465833257024907215
6 1 4 1 -1  1
12466153065266397273
4 3 3 3 -1  1
12466288100904035945
7 5 6 5 -1  1
12466348825067541202
4 2 5 1 -1  1
12466695127961627432
5 2 4 3 -1  1
12466835355388936434
6 3 6 2 -1  1
12466887608277268260
4 0 4 2 -1  1
12466935139891613438
5 2 4 1 -1  1
12466986888758851331
5 5 3 6 -1  1
12467176352318582550
5 0 2 3 -1  1
12467319322220775776
7 5 3 1 -1  2
12467724125084810894
6 4 5 4 -1  1
12467896510586975672
4 4 3 4 -1  1
12468273436711448957
4 4 3 2 -1  1
12468281565648360155
4 5 3 5 -1  1
12468436811213228410
4 5 7 5 -1  1
12468609545329367794
3 4 4 3 -1  1
12468753886617249611
5 3 3 3 -1  1
12468849027655014729
1 3 1 2 -1  1
12468896788727915931
4 0 3 2 -1  2
12468942756655130919
4 4 3 4 -1  1
12469789257722439010
4 5 6 4 -1  1
12469871448350283587
5 5 4 7 -1  1
12469986145271421995
7 5 4 2 -1  1
12470211505798855920
4 3 3 4 -1  1
12470262589130996885
3 3 4 4 -1  1
12470454874050362596
7 5 7 4 -1  1
12470566706075534384
7 6 5 5 -1  1
12470639708065673561
0 3 4 7 -1  1
12470720939130622858
4 0 3 0 -1  1
12470870558859895587
6 3 5 3 -1  1
7 5 4 2 -1  1
12470877601208838671
6 0 5 0 -1  1
12471162866851406546
5 0 4 1 -1  1
12471189112913040892
4 5 3 5 -1  1
12471262727456622314
3 5 2 3 -1  1
12471312812395982565
5 2 7 1 -1  1
12471388606155147135
7 2 7 3 -1  1
12471621532219344005
5 0 3 1 -1  2
12471667297813624978
5 2 5 1 -1  2
12471786848098183697
6 4 4 2 -1  3
12471917649549045054
7 1 5 0 -1  1
12471987653627925491
6 3 5 1 -1  1
12472120989966711408
3 4 1 6 -1  1
5 4 4 4 -1  1
12472146420769707801
7 2 6 3 -1  1
12472195098521228127
2 1 2 7 -1  1
12472385733747625842
4 0 3 0 -1  1
7 0 7 1 -1  2
12472392536213839071
6 2 5 1 -1  1
12472414346521081723
3 6 4 7 -1  1
12472478341741560663
5 5 6 7 -1  1
12472700392115193560
6 5 7 6 -1  1
12473161377019923282
6 4 5 5 -1  1
12473187367945773066
7 7 7 6 -1  1
12473393879422421377
5 4 4 4 -1  1
12473502885967160814
6 6 5 6 -1  1
12473561010912741082
6 3 6 4 -1  1
12473728745731603724
6 3 2 3 -1  1
12473786759945178937
1 4 3 3 -1  1
12473815950597427649
1 1 6 1 -1  1
12474313230084958182
6 7 5 7 -1  2
12474389225758418052
6 1 5 1 -1  1
12474649659350927805
6 4 6 2 -1  1
12474693492305327488
6 7 4 7 -1  1
12474943656469782326
7 0 7 3 -1  1
12475004425984914403
7 3 6 4 -1  1
12475055304526369192
5 2 4 1 -1  1
12475103851443345293
3 7 2 7 -1  1
12475137614912002744
6 2 4 4 -1  1
12475209010452550807
6 6 7 5 -1  1
12475361383096851937
4 4 4 0 -1  1
12475363420898120457
6 2 5 2 -1  1
12475485430597942900
7 2 5 2 -1  1
12475556159992191778
5 3 6 4 -1  1
12475569374987977094
4 1 6 0 -1  1
12475590619894797728
6 0 4 0 -1  1
12475718139774527493
3 2 3 1 -1  1
12475941760667409337
6 2 5 2 -1  1
12476139938791654528
4 2 4 3 -1  1
12476349484143136486
6 7 5 7 -1  2
12476613025047202612
7 7 7 2 -1  1
12476812747661892663
1 7 0 7 -1  1
12476977620982346378
4 6 5 7 -1  1
12477223082607358028
5 0 3 2 -1  1
12477342121402433484
7 2 0 2 -1  1
12477426643946966241
6 4 4 6 -1  1
12477508611851150207
6 5 6 6 -1  1
12477722985155615107
6 0 5 0 -1  3
12477735566718776203
6 6 5 6 -1  1
12477837658012100017
4 5 4 4 -1  1
6 2 5 2 -1  1
12477990020977248132
7 0 7 2 -1  1
12478043467176310916
5 3 6 4 -1  1
12478144388067003157
0 2 2 2 -1  1
12478144921611647743
6 4 3 1 -1  1
12478261239275195322
7 4 6 4 -1  1
12478641651249208685
5 2 3 3 -1  1
12478700850002119589
3 0 2 0 -1  1
12478769664241894676
6 0 5 0 -1  1
7 5 6 6 -1  2
12478974089161328061
6 7 4 7 -1  1
12479096082179521183
6 2 4 2 -1  8
6 3 4 3 -1  7
7 4 7 6 -1  1
12479113651274551271
4 6 3 6 -1  1
12479354329892556689
5 1 1 5 -1  1
12479532773955659797
7 3 7 2 -1  1
12479596789744629799
5 5 4 3 -1  1
12479675381774758088
7 2 7 1 -1  1
12479736930232831868
6 5 4 5 -1  1
12479969573221665260
4 4 2 5 -1  1
12480188015454700177
1 7 2 5 -1  1
12480254206442994007
5 1 5 0 -1  1
12480375369449851284
6 2 5 1 -1  1
12480477717014581033
7 5 6 4 -1  1
12480776795653552743
5 7 2 4 -1  1
12480978345888317391
7 1 6 3 -1  1
12481060894699749625
3 6 4 5 -1  1
12481068922791683957
4 5 3 4 -1  1
12481171369909605418
5 4 4 4 -1  1
12481212090821865729
4 3 3 3 -1  1
12481314533064479548
6 3 0 3 -1  1
12481340279226318352
7 6 6 6 -1  1
12481535341028114423
6 3 6 5 -1  1
12481600627779278167
6 2 7 2 -1  1
12481676149674232228
6 7 7 6 -1  1
12482216198336957138
6 3 2 3 -1  1
12482304048409221068
7 4 5 5 -1  1
12482448788428012883
7 6 6 7 -1  1
12482594648696898452
4 5 5 5 -1  1
12483211477536934397
0 5 0 1 -1  1
12483241140868707816
3 4 2 5 -1  1
12483252903151788648
5 4 3 3 -1  1
12483252936315066311
6 7 5 5 -1  1
12483326218397061644
5 5 4 4 -1  1
12483373599130269814
3 5 3 4 -1  1
12483505267255418646
5 4 7 3 -1  1
12483656581215496787
6 7 5 7 -1  1
12483801100901941752
7 3 6 3 -1  1
12483953365245820118
6 4 5 3 -1  1
12484033697477052685
6 4 5 4 -1  1
12484175367453055540
3 6 2 6 -1  1
12484249615654831416
5 3 4 1 -1  1
12484719260640677146
4 7 3 6 -1  1
12484841359382085974
6 4 7 5 -1  1
12484880852411278089
7 2 6 1 -1  1
12485005172119837813
7 2 5 4 -1  1
12485241386675300801
5 3 7 1 -1  1
12485464141946026278
7 3 4 0 -1  1
12485490505226296345
7 2 5 4 -1  1
12485504461685183041
6 2 4 2 -1  1
12485682858662736879
3 3 2 2 -1  1
12485779372126639131
1 2 3 2 -1  2
12485837650520897093
6 4 4 2 -1  1
12486069535127208842
4 3 5 5 -1  1
12486199221571426682
5 1 6 2 -1  1
12486223841247199030
6 6 5 6 -1  1
12486241361351132478
5 6 4 5 -1  1
12486257119766703107
7 2 7 1 -1  1
12486585236010617600
5 0 5 7 -1  1
12486660567572857903
7 4 5 4 -1  1
12486698086883024415
0 1 1 2 -1  1
12486712536139099108
3 1 3 3 -1  1
12486747031335720337
6 3 5 5 -1  1
12486748117411289968
7 4 7 6 -1  1
12486806153255215291
7 5 7 7 -1  1
12486813361721107771
4 3 6 2 -1  1
12486859719855209477
6 7 7 6 -1  1
12486865246297202348
7 5 5 3 -1  1
12486984404060567445
2 2 4 4 -1  1
12487124997843002695
2 5 4 3 -1  1
12487180754287066010
6 6 4 6 -1  1
12487369913963448395
7 0 7 1 -1  1
12487512927136505713
6 6 4 6 -1  1
12487789761344123211
5 5 4 6 -1  1
12488180622218541344
7 3 6 4 -1  2
12488377262398012220
2 3 2 7 -1  1
12488425066033810779
7 5 6 4 -1  1
12488477105306865830
6 2 2 2 -1  1
12488570307126988617
6 5 4 5 -1  1
6 6 5 6 -1  3
12488654709679699384
1 1 3 3 -1  1
12488818987012120541
7 1 6 3 -1  1
12488924802105199720
6 4 5 3 -1  1
12489049339458987800
0 5 3 5 -1  2
12489370839435878616
6 4 5 4 -1  2
7 6 5 5 -1  5
12489528504514205073
7 3 5 1 -1  1
12489593918668097904
5 3 4 3 -1  1
12489808110394089990
6 6 7 5 -1  1
12490016238848463486
7 0 7 1 -1  1
12490187824216813011
7 2 6 3 -1  1
12490237658290103807
5 4 6 3 -1  1
12490557782339979761
6 6 4 6 -1  1
12490596999404205039
7 4 7 6 -1  1
12490652019314848678
1 3 0 3 10  1
12490653212490249568
7 2 5 0 -1  2
12490761672582176987
7 1 6 3 -1  1
12491026499834559867
7 6 6 6 -1  1
12491256275551177452
6 7 6 6 -1  1
12491272520401220706
4 6 7 3 -1  1
12491639143413579604
5 6 5 7 -1  1
12491721307450080134
5 5 6 6 -1  1
12491762357432152876
7 3 5 1 -1  1
12491782192007948097
5 0 4 0 -1  1
12491804498599077531
6 4 7 4 -1  1
12491828172244228021
6 1 5 2 -1  1
12492179953068495937
7 4 6 3 -1  1
12492233157365462927
6 5 6 1 -1  1
12492616315475432446
5 6 4 7 -1  1
12492817047094645492
7 0 7 3 -1  1
12493354437773265160
4 1 3 1 -1  1
12493596499860672135
6 0 4 0 -1  1
12493628792183667408
5 5 4 3 -1  1
12493645531536936170
5 0 4 0 -1  1
12493771294086178196
6 6 5 7 -1  1
12494100859281060864
5 2 7 3 -1  1
12494230264268637494
5 6 4 6 -1  2
12494335959340006553
6 5 7 5 -1  1
12494387283041246165
6 4 5 5 -1  1
12494416743276460999
3 3 3 4 -1  1
12494584468389770946
5 5 6 3 -1  1
12494640108129306124
6 2 4 1 -1  1
12494667710642269460
1 7 3 5 -1  1
12494738848302115064
5 5 4 5 -1  1
12494844935942631749
7 2 3 6 -1  1
12494915176127023486
5 7 4 7 -1  1
12495049478647117849
6 5 0 5 -1  1
12495254916578175590
6 6 4 6 -1  1
12495534700644844579
1 6 0 5 -1  1
12495548867426005618
5 1 3 0 -1  1
12495590094266387124
4 3 0 7 -1  4
12495685430550057690
6 0 5 0 -1  1
12495756751739216169
7 6 5 5 -1  1
12495851766238505239
3 2 5 3 -1  1
12496222977000945787
4 4 3 4 -1  1
12496374329323634005
2 1 6 1 -1  1
12496513837953575773
7 3 5 1 -1  1
12496556937396590906
6 6 4 4 -1  2
12496581624146750909
6 6 5 5 -1  1
12496863714228038921
6 2 5 2 -1  1
12496888662888211250
7 5 6 6 -1  2
12496961871229339194
5 4 4 3 -1  1
12496985086272602600
4 2 3 2 -1  1
12497098384908814178
7 4 7 2 -1  1
12497356601744755161
7 6 7 5 -1  1
12497552512120545986
5 1 2 1 -1  1
12497670917458081398
2 1 2 0 -1  1
12497684486182107226
4 4 3 5 -1  1
12497736659250795688
6 4 4 4 -1  1
12498034469652856074
5 2 3 3 -1  1
12498249496157534636
6 4 4 4 -1  1
12498555847697708270
3 1 5 0 -1  1
12498616025655927411
7 0 6 0 -1  1
12498905796399996879
1 0 6 5 -1  3
12499044439070698378
3 4 1 5 -1  2
12499120153582474302
4 5 3 4 -1  1
12499182328930605392
2 4 1 3 -1  1
12499229845153904195
5 6 6 7 -1  1
12499309311555526897
7 3 4 0 -1  1
12499336469268260615
7 5 4 2 -1  1
12499356104584795076
7 0 7 2 -1  1
12499423551431530437
3 5 2 5 -1  1
12499449414797290633
5 2 4 2 -1  1
12499478971947278676
7 2 6 1 -1  1
12499773424948492695
1 4 3 5 -1  1
12499831288446529506
6 5 4 5 -1  1
12499990726534223374
6 3 5 3 -1  6
12500195801298019557
7 5 6 4 -1  1
12500244794891539344
4 6 3 6 -1  1
12500722021871144616
7 5 3 5 -1  1
12500725673279818696
7 4 5 4 -1  1
12500767023901167261
6 7 5 7 -1  1
12500785324973934569
5 5 6 3 -1  1
12500935572722498600
6 1 5 2 -1  1
12500970799808305760
7 2 6 2 -1  1
12500990921469918328
7 2 7 3 -1  1
12501057009680290888
1 2 3 0 -1  1
12501112680289100781
5 2 3 1 -1  1
12501251264614642700
5 2 5 3 -1  1
12501338090915147010
6 6 4 5 -1  1
12501358191497943955
5 4 4 4 -1  1
12501417188868460481
6 1 5 1 -1  1
12501428533446807005
6 1 3 4 -1  1
12501733348608811802
7 5 6 4 -1  1
12502140693366686115
4 2 6 4 -1  1
12502276032754165794
7 2 5 0 -1  1
12502660427364270062
7 4 7 6 -1  3
12502692828081665240
5 2 4 0 -1  1
12502757509740788318
7 1 3 1 -1  1
12502884003758804388
7 3 6 3 -1  1
12503202974281592458
7 3 5 3 -1  1
12503205513776816191
7 4 6 5 -1  1
12503223322797060523
5 0 2 0 -1  1
12503254408826769330
4 7 5 7 -1  1
12503354079434720289
7 5 6 3 -1  1
12503758844193747778
6 6 5 5 -1  1
12503785647888416594
5 4 6 4 -1  1
12503884020408597585
5 4 2 7 -1  1
12504050301185763324
3 6 1 6 -1  1
12504249576403278062
6 7 4 6 -1  1
12504253136634933985
6 4 6 2 -1  1
12504387804889104624
4 3 3 2 -1  1
12504613108716599724
7 4 7 2 -1  1
12504635902798138583
7 5 6 5 -1  2
12504685630053592377
2 1 2 0 -1  1
12504804908745900769
3 2 1 3 -1  1
12504915823666750127
7 6 5 5 -1  1
12504947112726331469
6 5 6 4 -1  1
12504976579844479889
4 1 3 2 -1  5
12505144221907421874
4 6 3 6 -1  1
12505233499227045136
4 4 3 3 -1  1
12505411124438222777
4 5 4 3 -1  1
12505959025972319214
4 5 4 6 -1  1
12506057647524697747
7 0 7 2 -1  1
12506107612888249775
7 4 7 7 -1  1
12506110048415400558
5 3 4 4 -1  1
12506142564703350433
3 4 2 2 -1  2
12506188147188035201
4 4 3 5 -1  1
12506330640064128457
6 4 5 3 -1  1
12506434329328431059
2 0 7 0 -1  1
12506554946031751156
4 7 3 7 -1  1
12506649824840653724
5 2 4 4 -1  1
12506665804625594826
4 4 2 5 -1  1
12506861169184102312
5 5 6 4 -1  1
12506929931284163604
7 5 6 6 -1  1
12507036769488726954
4 5 5 5 -1  1
12507211710957560794
6 2 5 3 -1  1
12507633928468634077
4 2 3 2 -1  1
12507746706159443930
6 7 6 6 -1  1
12507874344646256527
7 3 7 2 -1  1
12507936737252162040
7 3 6 3 -1  1
12508209677679492650
7 5 6 4 -1  1
12508341728176443568
5 2 4 1 -1  1
12508416061745751228
4 0 5 2 -1  1
12508444881582723134
6 3 5 1 -1  1
12508550439847890906
4 6 3 5 -1  1
12508610102216582168
6 0 5 0 -1  2
12508698141694672616
7 5 7 4 -1  1
12508755677717818263
5 4 4 3 -1  1
12508767527271321153
6 6 5 5 -1  1
12508793241892184373
5 5 4 7 -1  1
12508857425563007659
5 6 4 6 -1  1
12509345454270714162
7 3 3 7 -1  1
12509575354781460991
1 2 0 4 -1  1
12509599712782276216
4 3 6 2 -1  1
12509728220436686862
7 5 6 6 -1  1
12509856821430763879
6 0 4 0 -1  1
12509865068594827641
5 5 4 4 -1  1
12509907449160905602
5 1 4 1 -1  1
12509931460718169710
3 3 2 2 -1  1
12510007689907554271
6 5 5 5 -1  1
12510125543596006881
7 4 6 4 -1  1
12510375746912857081
7 2 6 3 -1  1
12510437473755284249
3 5 2 5 -1  1
12510506142767307512
7 2 5 0 -1  1
12510782928041708680
4 2 2 3 -1  1
12510831601319954120
4 5 3 4 -1  1
12510866164634152528
3 6 0 3 -1  1
12510949478581345765
6 0 4 2 -1  1
12511154275600313909
1 1 2 1 -1  1
12511245997978377562
6 1 4 1 -1  1
12511294879089325929
7 3 6 2 -1  1
12511299780686006010
4 1 5 2 -1  1
12511515119979334455
7 4 7 6 -1  1
12512022600693131804
1 7 3 6 -1  1
12512041947465250127
6 4 7 5 -1  1
12512132491546689468
6 4 1 4 -1  1
12512146657185454579
6 6 5 5 -1  1
12512176024454075486
2 0 1 1 -1  1
12512182137096115467
3 3 4 5 -1  1
12512273399563895617
5 4 4 5 -1  2
12512318965141610625
3 2 1 2 -1  1
12512500895181307854
7 3 5 3 -1  2
12512542733341817464
5 1 7 0 -1  1
12512579490030981594
2 6 1 6 -1  1
12513159933559209456
6 3 5 2 -1  1
12513207766719995310
6 7 5 7 -1  1
12513308457290979493
5 0 0 5 -1  1
12513321784744839508
6 3 5 3 -1  1
12513365372595145124
7 6 7 7 -1  1
12513403420105286762
6 0 5 1 -1  1
12513571767976768018
6 6 7 7 -1  1
12513610527228244278
5 3 5 4 -1  1
12513736569599752342
4 0 3 0 -1  1
12513936002985669570
3 1 2 3 -1  1
12514466389482152859
6 4 5 6 -1  1
12514630898667434606
6 0 4 0 -1  1
12514805210520082434
7 4 6 4 -1  1
12514847069529490525
7 2 5 4 -1  1
12514879939446496085
5 5 6 3 -1  1
12515100253041953556
7 6 7 5 -1  1
12515125032731231862
0 5 0 4 -1  1
12515149597184503615
4 5 3 4 -1  1
12515269959007844311
5 2 4 4 -1  1
12515337295152917027
4 4 6 5 -1  1
12516077459103798976
2 6 2 5 -1  1
12516345880126426640
0 0 0 7 -1  1
12516363489000546993
7 5 6 7 -1  1
12516379942586248022
5 4 3 6 -1  1
12516568821699459558
1 4 3 6 -1  1
12516631630721403491
7 1 4 4 -1  1
12516702630421394600
6 3 5 2 -1  1
12516705534426883322
0 4 2 5 -1  1
12516766659213317853
4 4 3 3 -1  1
12516770775806372925
3 1 3 0 -1  1
12516933571927611972
5 4 4 5 -1  1
12516965688861143835
6 2 5 2 -1  1
12517110005221704943
3 4 2 4 -1  1
12517121466229645951
7 5 7 3 -1  1
12517138991701760089
2 7 1 6 -1  1
12517254580106525148
6 6 4 6 -1  1
12517488228977646245
6 1 4 1 -1  2
12517554011363509753
7 2 6 1 -1  2
12517619714516633046
5 5 5 4 -1  1
12517941291120600469
6 2 6 4 -1  1
12517966668066573668
6 1 5 2 -1  2
12517989614520584964
3 2 5 4 -1  1
12518177313863214111
6 7 6 6 -1  1
12518254826216631888
5 2 3 4 -1  1
12518270600520160590
6 5 5 4 -1  1
12518366080229576657
6 0 5 0 -1  3
6 4 4 4 -1  1
12518448416375701664
4 2 5 3 -1  1
12518503697260849519
7 3 3 3 -1  1
12518549194812783741
7 3 6 4 -1  1
12518707474406918449
5 1 4 2 -1  1
12519046625039633196
6 7 7 7 -1  1
12519088251874921429
3 1 2 2 -1  1
12519244791196401663
5 4 4 5 -1  1
12519410595977010110
7 7 6 7 -1  1
12519462559756366596
4 7 3 6 -1  1
12519602442996520881
6 4 7 4 -1  1
12519690450049740480
0 0 0 3 -1  1
12519709527855963485
7 5 6 4 -1  1
12519848674323311145
0 0 0 7 -1  1
12520175024715928348
5 2 4 2 -1  1
12520187755383051787
7 0 7 1 -1  1
12520393416884468435
2 4 1 4 -1  1
12520769021341303242
3 6 5 5 -1  1
12521030773015549070
4 2 3 2 -1  1
6 7 5 7 -1  1
12521862934935592769
6 5 5 4 -1  1
12521944393104238546
7 6 6 7 -1  1
12522069388352429420
7 6 7 7 -1  1
12522253597798499141
5 2 6 4 -1  3
12522260333183310580
6 2 6 1 -1  1
12522524953133512778
2 2 1 2 -1  1
12522600189726939399
7 3 7 5 -1  1
12522685529101991974
7 5 6 6 -1  1
12522826296632397024
5 5 3 6 -1  1
12522873905825003261
7 5 7 4 -1  1
12522904258785566803
3 1 5 2 -1  1
12522905867077123725
0 3 1 5 -1  1
12522983114321886673
0 5 1 6 -1  1
12523011975543241415
0 1 0 0 -1  1
12523013735904232909
7 6 5 5 -1  1
12523033772010072761
6 4 6 1 -1  1
12523293499507255963
6 6 5 5 -1  1
12523690350468611746
6 5 4 5 -1  1
12523704211353656522
3 3 2 2 -1  1
12523937072841343720
3 6 1 7 -1  2
12523965060969968176
6 4 3 7 -1  1
12523971774169296900
7 4 7 6 -1  1
12524062204659236903
2 0 6 0 -1  1
12524146682475960509
2 5 0 3 -1  1
12524170952111319242
7 6 6 7 -1  1
12524303961306078335
5 6 4 5 -1  1
12524332095015894558
2 6 1 6 -1  1
12524341084086471843
5 6 4 5 -1  1
12524610232002100074
6 1 4 3 -1  1
12524660429075143192
7 1 6 3 -1  1
12524767237580065992
5 3 6 2 -1  1
12524773610201750148
7 5 6 3 -1  1
12524926118603800277
3 4 2 4 -1  2
12524991854940942673
4 3 3 3 -1  1
12525144664804938825
6 4 6 6 -1  1
12525167004235100891
7 2 3 2 -1  1
12525322070802093119
2 3 3 3 -1  1
12525326143823279137
6 5 5 3 -1  1
12525569541496167638
5 5 3 4 -1  1
12525591750982903777
4 1 3 1 -1  1
12525629984755081687
6 4 4 4 -1  1
12525754658449924616
0 0 0 1 -1  1
12525873044989839806
1 4 2 3 -1  2
12526215572305974167
6 3 5 2 -1  1
12526349461165471661
6 6 4 6 -1  1
12526393596957409509
4 7 3 6 -1  1
12526417067379516940
6 5 5 5 -1  1
12526585639060735359
3 4 5 6 -1  1
12526746709647694758
7 5 7 4 -1  1
12526824449235492896
3 4 2 5 -1  1
12526909685080161561
5 2 2 5 -1  1
12526959995682739986
7 4 6 4 -1  1
12527049195904642455
5 6 4 6 -1  1
12527182597951358283
6 1 4 1 -1  1
12527193075804191018
5 2 0 2 -1  1
12527227574055692693
7 1 5 2 -1  1
12527550409550870897
4 5 3 5 -1  1
12527555968547900485
2 4 0 3 -1  1
12527652208678164470
5 3 6 4 -1  1
12527760642045277262
7 5 7 4 -1  1
12527809816874636438
2 2 2 1 -1  1
12527857871931657751
4 4 2 3 -1  1
12527861539338847819
7 3 7 1 -1  1
12527946289369171077
6 4 4 6 -1  1
12528051210260320978
7 1 6 3 -1  2
12528121577284905997
6 2 4 3 -1  1
12528229486688267243
7 5 7 6 -1  2
12528510879319364703
5 5 6 3 -1  1
12528806124691555231
1 0 0 0 10  1
12528900444486489327
7 1 5 2 -1  1
12528915998419891610
0 1 0 6 -1  1
12529036687173453687
3 4 2 5 -1  1
12529062701295228774
5 5 3 4 -1  1
12529094192596392134
4 5 5 4 -1  3
12529138827200643068
5 1 5 3 -1  1
12529140805539075758
5 0 4 2 -1  1
12529327989544006385
6 0 5 0 -1  1
12529462112749071873
3 1 2 0 -1  1
12529521980164306464
3 2 2 2 -1  1
12530093711606262063
7 1 1 1 -1  1
12530282817429417938
7 4 7 6 -1  1
12530391992241794895
7 2 7 1 -1  1
12530423862875752838
5 4 4 3 -1  3
12530566923466728672
1 4 2 4 -1  1
12530741923192772738
4 5 3 5 -1  1
12530913111623395463
6 4 4 4 -1  2
12530945639519386698
7 6 5 5 -1  1
12531321698218886077
7 1 5 2 -1  2
12531493415505745808
7 6 6 7 -1  1
12531593486417251025
2 2 4 4 -1  1
12531647632543868714
7 3 6 4 -1  1
12531767247091798829
7 2 4 2 -1  1
12531770175977090764
6 1 5 1 -1  1
12531806217197173564
6 6 6 7 -1  1
12531922547439329684
5 6 4 6 -1  1
12531927285195697148
7 3 6 4 -1  1
12532110106252144642
6 1 2 5 -1  1
12532380682703164583
4 0 5 1 -1  1
12532404310501691515
4 5 2 4 -1  1
12532499481349256886
7 3 4 3 -1  1
12533129451128194923
7 5 6 5 -1  2
12533370614326105918
6 5 5 4 -1  1
12533581251400029402
6 1 6 2 -1  2
12533625295363615434
7 0 7 3 -1  1
12533626904580057137
7 3 5 3 -1  3
12533815199344032095
7 1 6 0 -1  1
12534025300880622251
7 5 6 4 -1  1
12534044159185210474
2 2 0 2 -1  1
12534093649839750036
6 4 2 0 -1  1
12534200862713021080
7 2 3 2 -1  1
12534245832122946439
6 3 5 4 -1  1
12534366757003959807
6 5 5 6 -1  1
12535021214900035279
7 5 7 4 -1  1
12535240045457268681
6 3 5 5 -1  1
12535469773291009014
5 2 4 2 -1  1
12535515878152350897
5 2 6 4 -1  1
12535617619943612147
6 5 7 4 -1  2
12535689791819928126
4 2 2 1 -1  1
12535818690727572352
7 3 4 0 -1  1
12535849203724030904
7 3 4 0 -1  1
12535892710475526338
4 4 3 4 -1  1
12536132737544627133
6 2 6 3 -1  1
12536160542146712426
7 3 7 2 -1  1
12536224925632830867
7 3 5 3 -1  1
12536343230574806440
4 7 3 7 -1  2
12536419635537123952
7 3 0 3 -1  1
12536485382093098598
7 3 7 2 -1  1
12536524266884653220
4 1 3 2 -1  1
12536625878678691657
1 0 0 0 -1  1
12536789358740266483
5 5 6 4 -1  1
12537097073502680245
4 3 6 5 -1  1
12537387843333905083
6 6 5 5 -1  1
12537420967567059664
4 6 3 6 -1  1
12537424072546939388
6 4 7 5 -1  1
12537495316679723307
1 4 5 4 -1  1
12537548630141326870
7 5 6 4 -1  1
12537900790291040471
7 5 6 6 -1  1
12537939475113184053
6 7 4 7 -1  1
12537974375532044067
6 5 6 6 -1  1
12538091898645669829
7 4 5 4 -1  1
12538094011537717166
6 3 6 4 -1  1
12538411449759932009
6 7 7 6 -1  2
12538419705558467498
7 4 7 6 -1  1
12538808224304401230
7 1 1 1 -1  1
12538969389375900802
2 2 7 2 -1  1
12538984325507323626
1 6 1 4 -1  1
12539077739437743908
6 0 5 0 -1  1
12539150704949819527
3 2 6 2 -1  1
12539279880362844576
6 0 4 0 -1  1
12539380242189516304
4 2 6 3 -1  1
12539658525088299213
7 4 7 6 -1  1
12539743543346427908
3 2 2 2 -1  1
12539756017566357311
1 6 2 5 -1  1
12539885174368887884
5 4 4 3 -1  1
12539946205322461803
7 4 7 6 -1  1
12539979471907579686
2 4 1 2 -1  3
12540089025879645613
5 5 4 6 -1  1
12540127788085433048
4 2 2 4 -1  1
12540183503926199807
7 6 5 5 -1  1
12540206892178641385
4 5 3 4 -1  1
12540267067762680559
6 3 7 2 -1  1
12540598236295945829
7 7 7 1 -1  1
12540687686535082790
7 2 7 0 -1  1
12540768439722952014
4 3 3 1 -1  1
12540936070200460890
5 5 4 6 -1  1
12541165061330664422
4 6 3 5 -1  1
12541353029013508642
4 0 3 2 -1  1
12541390422802222178
4 0 6 1 -1  1
12541482512471242877
7 2 6 3 -1  1
12541513621789845990
7 0 7 4 -1  1
12541697267345037961
5 0 6 2 -1  2
12541743235081713303
7 4 7 2 -1  1
12541753949786257888
6 6 5 6 -1  1
12541832357398089880
5 2 3 3 -1  1
12541897892835441655
5 1 3 2 -1  1
12541996037509858588
5 2 5 1 -1  1
12542124988534418468
6 1 5 1 -1  1
12542303854027055616
7 4 7 6 -1  1
12542406327249765601
3 3 4 4 -1  1
12542416479610284285
3 1 5 2 -1  1
12542472603719371309
7 1 6 3 -1  5
12542509934499630284
2 1 1 1 -1  1
12542553905699212880
3 4 4 2 -1  1
12542625903075485437
7 3 7 0 -1  1
12542755532330911219
7 5 5 3 -1  1
12542763235539109852
5 7 4 7 -1  1
12543367086719128606
4 3 4 4 -1  1
12543387612731635220
7 5 6 6 -1  4
12543402812921435691
7 5 7 4 -1  1
12543871546756112292
6 6 5 5 -1  1
12543873735697087871
4 6 4 4 -1  2
12544125240156509506
2 5 3 6 -1  1
12544238727965418201
5 0 4 0 -1  1
12544248724083858931
5 1 6 2 -1  1
12544343986145122786
4 2 6 3 -1  1
12544373364896067063
3 1 2 2 -1  1
12544398461936922177
5 5 7 4 -1  1
12544544733746498384
7 0 7 2 -1  1
12544583062270698995
6 1 4 1 -1  1
12544590437968105406
7 5 6 6 -1  1
12544970113684296247
6 1 4 3 -1  1
12545010085387556070
4 2 3 2 -1  1
12545265518022224619
3 3 0 3 -1  1
12545434001880693344
3 4 4 5 -1  1
12545472864122558948
5 6 4 6 -1  1
12545628031607621430
7 3 7 2 -1  1
12545659932607348411
7 5 7 4 -1  1
12545686568464677746
7 6 6 6 -1  1
12545790378508600952
5 2 4 0 -1  1
12545838114601490978
4 2 3 3 -1  1
5 4 4 3 -1  5
5 5 4 3 -1  9
12545851628068460656
6 7 5 7 -1  1
12545859569166168976
7 3 6 4 -1  1
12545936629165064044
7 3 6 2 -1  1
12545954534390171512
7 5 7 4 -1  2
12546121235272296016
6 1 6 4 -1  1
12546121815141091730
1 1 5 5 -1  2
12546281436242827145
5 2 4 2 -1  1
12546372420016512807
7 4 7 6 -1  1
12546550641344725256
1 4 2 5 -1  1
12546614025100133518
4 2 5 1 -1  1
12546647616756035063
2 5 1 5 -1  1
12546667454226002186
5 3 4 3 -1  1
12546981510730553361
4 5 3 4 -1  1
12547143492193258355
4 7 3 6 -1  1
12547149909852983873
5 1 0 1 -1  1
12547520326973091547
7 3 5 1 -1  1
12547729027562078663
5 5 4 6 -1  1
12547759924461017423
4 3 3 2 -1  3
12547762200288552584
2 7 2 4 -1  1
12547782645105513224
3 0 2 0 -1  1
12548019042300005902
7 2 5 4 -1  3
12548038844202755159
3 2 4 4 -1  1
12548078257555174738
3 7 2 6 -1  1
12548146843094932484
3 1 2 2 -1  1
12548272465183375951
7 1 7 2 -1  1
12548336998232415392
6 3 4 2 -1  1
12548354800968686747
7 4 7 1 -1  1
12548397898904107174
6 5 5 5 -1  1
12548629182924401552
4 2 2 3 -1  1
12548744141910782319
5 1 5 2 -1  1
12548870745380551170
6 4 5 5 -1  1
12549020275266855855
4 2 3 1 -1  1
12549278533160297734
4 4 3 4 -1  1
12549281684244361631
6 4 5 4 -1  1
12549377080618552210
7 4 2 4 -1  1
12549416651012539429
7 6 7 5 -1  1
12549486868540913718
7 5 6 6 -1  1
12549554648718502137
4 5 3 3 -1  2
12549616378702993134
4 4 3 2 -1  1
12549695335663577345
4 5 4 7 -1  1
12549784178301398427
7 5 3 1 -1  1
12550077053664386983
7 1 5 2 -1  1
12550182744308650565
4 4 3 5 -1  1
12550355386658944293
4 3 6 4 -1  1
12550577474080225857
5 7 6 6 -1  1
12550657599151201511
7 4 5 4 -1  1
12550723553064718560
4 4 3 4 -1  1
12550933274557474765
5 4 4 5 -1  1
12551076742653921473
4 3 2 1 -1  1
12551306580327047520
6 4 5 4 -1  1
12551336575241282853
5 4 4 3 -1  1
12551358355533283770
6 3 6 0 -1  1
12551479117623035421
7 3 4 6 -1  1
12551570187118350742
4 2 3 2 -1  1
12551606666526346543
7 2 6 3 -1  1
12551801861358770642
5 7 4 7 -1  1
12551823558581120466
7 4 7 6 -1  1
12552071928850778310
4 6 3 5 -1  1
12552147994979735384
5 5 6 4 -1  1
12552413551232241279
2 0 4 1 -1  1
12552469903310557844
7 3 5 4 -1  1
12552858794624062388
2 4 1 4 -1  1
12552907270246472713
5 0 4 0 -1  1
12552919078044102486
5 3 3 4 -1  1
12552984759076428062
7 6 3 6 -1  1
12553008792711954764
6 4 5 3 -1  1
12553056118704914877
7 4 7 2 -1  1
12553104387618077127
6 2 7 1 -1  1
12553189237857083768
6 2 5 2 -1  1
12553283293880294801
7 6 6 6 -1  1
12553522583366987435
7 0 7 2 -1  2
12553568695229066471
4 3 2 2 -1  1
12553595969114889078
5 2 5 0 -1  1
12553868678151121011
7 0 7 3 -1  1
12553994093177778065
3 2 5 4 -1  1
12554170377423171775
5 3 4 4 -1  1
12554224330317923527
7 4 7 5 -1  1
12554356116191917310
6 1 3 4 -1  1
12554508491126703430
5 5 3 7 -1  1
12554788193230113995
6 0 7 1 -1  2
12555044371773545679
7 4 7 2 -1  1
12555072280011691111
4 2 6 3 -1  1
12555125573828684167
5 0 4 2 -1  1
12555174232972013153
6 6 4 4 -1  1
12555438491746213131
6 2 3 2 -1  1
12555468862175237787
5 3 3 2 -1  1
12555787780492792887
6 0 5 0 -1  1
12555817633720015794
6 1 5 2 -1  1
12555954487897327816
6 2 4 2 -1  1
7 0 7 1 -1  1
12555963723596365035
5 1 7 1 -1  1
12556081503054677950
4 2 3 3 -1  1
12556199841134005137
0 5 3 5 -1  1
12556270833949311161
5 4 6 5 -1  3
12556451613648352732
4 4 2 2 -1  1
12556568868287193327
7 2 2 7 -1  1
12556664458493923804
7 1 7 0 -1  1
12556687965420969232
5 2 3 1 -1  1
12556744495512868860
7 4 5 4 -1  1
12556827722597331747
5 5 6 6 -1  1
12556942745532178538
3 3 2 3 -1  1
12557060462223242106
5 5 7 4 -1  1
12557133220040379253
7 2 4 2 -1  1
12557184799276300818
6 6 4 6 -1  1
12557632060035967980
6 4 5 3 -1  1
12557664123182188486
6 1 5 2 -1  1
12557699990879355062
6 6 5 6 -1  1
12557982995238437301
6 7 5 7 -1  1
12558052832784228634
2 5 6 1 -1  1
12558319482650338571
7 4 7 5 -1  1
12558414237531939339
6 4 5 3 -1  1
12558461603196570390
6 6 7 5 -1  1
12558613748297829667
7 2 6 3 -1  1
12558668675114080387
7 3 4 0 -1  1
12558755949908382810
5 2 3 1 -1  1
12558770840999453824
2 6 4 5 -1  1
6 5 4 5 -1  1
12558983634989280649
6 6 5 6 -1  1
12559358054688445722
5 7 4 7 -1  1
12559366021935924368
6 3 7 4 -1  1
12559407390452747377
7 4 7 3 -1  1
12559589818548195909
7 1 5 2 -1  1
12559775231908562803
6 0 7 0 -1  1
12559918387767813234
6 7 5 7 -1  1
12560101770968918699
6 3 5 2 -1  1
12560174366861173159
4 2 3 2 -1  1
12560215856137687569
5 5 3 4 -1  1
12560234280660833216
4 6 3 5 -1  1
12560317945758197623
3 5 0 5 -1  1
12560325624263678715
4 6 3 6 -1  1
12560338304882328349
5 4 4 3 -1  1
12560578173076863906
1 2 2 3 -1  1
12560608374710951577
2 0 1 0 -1  1
12560721767892859046
6 6 7 5 -1  1
12560938455131348076
2 0 1 0 -1  1
12560993391342632737
4 4 6 5 -1  1
12561103761401816180
7 3 6 3 -1  1
12561134741569073591
4 3 4 2 -1  3
12561567428229438414
7 6 6 6 -1  1
12561571913063393726
5 3 4 4 -1  1
12561839872966513068
6 3 7 4 -1  1
12561891765623860563
5 4 4 5 -1  1
12561992020557751322
5 4 5 2 -1  1
12562294211182809894
3 2 2 0 -1  2
12562340318456619993
7 2 6 1 -1  1
12562351895862438289
6 6 5 6 -1  1
12562659091836816718
3 1 5 2 -1  1
12562792333758165970
7 2 7 5 -1  1
12562931974859895741
5 2 4 4 -1  1
12563122694867159029
5 6 4 6 -1  1
12563182712463715772
4 2 5 1 -1  1
12563192723909044477
4 6 3 6 -1  1
12563252970796915635
7 3 6 3 -1  1
12563253972472839097
6 7 4 7 -1  1
12563412490679666013
7 0 7 2 -1  1
12563416851253483442
7 3 7 4 -1  1
12563565881369025691
3 2 1 4 -1  1
12563684943076454332
6 2 3 2 -1  1
12564011879831845284
1 7 2 6 -1  1
12564266672319539519
6 1 4 1 -1  1
12564333038618063399
4 1 3 1 -1  1
12564628187024699690
5 5 4 5 -1  1
12564670164187821484
4 2 3 1 -1  1
12564903015777537756
6 4 7 4 -1  1
12565082318779592218
5 0 6 1 -1  1
12565136046614244547
4 6 2 4 -1  1
12565434926449195672
7 1 6 3 -1  1
12565455726933994384
6 4 4 6 -1  1
12565470345927987281
6 5 5 5 -1  1
12565526203642427556
7 6 6 5 -1  1
12565659757448359523
6 2 3 5 -1  1
12565809947008494105
1 4 1 1 -1  1
12565860530051236842
6 3 7 5 -1  1
12565970134410661282
7 2 6 3 -1  1
12566154754595740270
4 3 3 2 -1  1
12566185290080814472
0 5 4 5 -1  1
12566313179167696604
4 3 3 5 -1  1
12566593580505765399
6 7 5 5 -1  1
12566621303041749949
7 5 7 3 -1  1
12566654513215293972
7 2 4 5 -1  1
12566726628715269069
6 5 4 5 -1  1
12566743463025626892
7 1 6 3 -1  1
12566795122097212344
7 7 6 6 -1  1
12566908434599968674
1 1 1 6 -1  1
12567155118427810509
6 4 5 3 -1  1
12567172289511304579
6 4 5 5 -1  1
12567219784812611681
6 4 4 4 -1  1
12567276068198060671
6 4 3 1 -1  1
12567277274058980777
6 5 5 5 -1  1
12567418095658544934
6 5 5 6 -1  1
12567444987739706543
7 4 7 6 -1  1
12567467118526279432
5 4 4 4 -1  1
12567541689149561148
7 0 7 3 -1  1
12567750975969377399
7 0 7 1 -1  1
12567764677499265376
1 1 2 0 -1  1
12567778793253286336
5 5 6 3 -1  1
12567842449371476981
6 6 5 6 -1  1
12567850158992024752
5 1 6 1 -1  1
12567864880524830453
5 0 4 0 -1  2
12568019148001626091
2 3 5 3 -1  1
12568109787992138951
4 0 6 2 -1  1
12568165384020525555
7 6 6 7 -1  1
12568244038427326586
3 4 2 4 -1  1
12568267739694376575
5 2 4 3 -1  1
12568794305702182775
7 5 6 4 -1  1
12569235862543815791
7 1 5 2 -1  1
12569330267363596907
1 4 0 4 -1  1
12569345864859803222
5 1 4 2 -1  1
12569693055649539340
4 7 5 5 -1  1
12569794624481764804
3 5 3 6 -1  1
12569896131079019466
5 2 4 2 -1  1
12570022285890237146
4 6 3 6 -1  1
12570038692254705485
7 0 7 2 -1  1
12570053767478005902
5 5 5 4 -1  1
12570151253807371277
2 4 1 5 -1  1
12570199620600440210
7 2 2 7 -1  1
12570343875428944241
4 3 3 2 -1  1
12570375559146627017
5 5 4 5 -1  1
12570381831400417358
1 1 1 2 -1  1
12570797794698372875
6 0 5 1 -1  1
12570888987213218338
6 2 6 1 -1  1
12570972155135223731
5 3 6 4 -1  1
12570982852082686354
7 0 7 2 -1  1
12571045904267280820
6 2 5 3 -1  1
12571068070835490102
7 2 0 2 -1  1
12571133941971043496
2 3 2 4 -1  1
12571185968622590160
3 1 1 0 -1  1
5 3 3 2 -1  1
12571288720195363765
3 7 5 6 -1  1
12571291176805726379
2 0 2 1 -1  1
12571348149121993220
7 2 6 2 -1  1
12571630456459316627
1 5 3 6 -1  1
12572043610284849281
6 1 6 4 -1  1
12572174876810542000
5 2 3 4 -1  2
12572246418960767857
6 5 5 4 -1  1
12572258528905527947
6 7 4 7 -1  1
12572333700727507859
7 5 6 5 -1  1
12572406187140777929
3 4 3 5 -1  2
12572432143050330784
6 2 5 2 -1  1
12572765433025502295
6 3 5 4 -1  1
12572818812452899692
5 5 6 4 -1  1
12573025371318712965
0 7 0 6 -1  1
12573045815275877997
4 0 3 0 -1  1
12573078424352688804
7 3 5 3 -1  1
12573279230204023089
5 6 5 5 -1  1
12573305967159919515
7 5 4 2 -1  1
12573335812315096009
7 2 6 1 -1  1
12573370758019983212
5 3 4 3 -1  1
12573519735204276480
3 2 2 2 -1  1
12574015788932972719
2 2 4 2 -1  1
12574151460654591569
7 4 7 6 -1  1
12574203418038166483
3 0 2 0 -1  1
12574203537554145911
4 7 3 7 -1  1
12574294283005055153
7 3 7 2 -1  1
12574623015156336482
6 1 5 1 -1  1
12574648636353856922
2 3 4 5 -1  1
12574681297201743833
5 4 5 5 -1  1
12574764924844267439
7 2 4 5 -1  1
12574798978604583236
7 3 6 3 -1  1
12575052837685681281
3 4 2 4 -1  1
12575053610442126728
3 0 1 2 -1  1
12575694868733790117
4 4 3 4 -1  1
12575696708254424034
7 5 6 5 -1  1
12575714934851585816
6 1 5 1 -1  1
12575956009929517124
7 5 2 5 -1  2
12576005797044257297
7 4 5 6 -1  1
12576155529875103285
2 2 1 2 -1  1
12576210388921701579
6 6 5 7 -1  1
12576271884974361851
7 1 6 3 -1  1
12576303636068345078
7 5 6 4 -1  1
12576379916190320103
6 5 4 3 -1  1
12576494109790822508
7 2 6 1 -1  1
12576517763858555268
7 3 5 3 -1  1
12576621629176510593
1 4 1 6 -1  1
12576695332842777989
5 1 6 2 -1  1
12576698526066127458
6 4 4 5 -1  1
12576723137558667428
0 1 4 1 -1  1
12576724970944792574
7 3 4 6 -1  1
12576790888760156773
3 1 4 0 -1  1
12576998377392570679
7 6 6 5 -1  1
12577057569245620608
3 3 1 4 -1  1
12577073943082006003
4 7 2 6 -1  1
12577154947320207481
7 5 7 2 -1  1
12577230905517483111
6 0 6 1 -1  1
12577267549263485932
6 6 5 5 -1  1
12577322511275074454
6 2 6 1 -1  1
12577330263771656222
2 2 4 3 -1  1
12577374699224638818
2 3 1 5 -1  1
12577459806744474223
7 5 5 6 -1  1
12577539029506915502
4 3 5 4 -1  1
12577777557182367037
3 2 2 2 -1  1
12577815614676528250
6 1 4 1 -1  1
7 1 6 3 -1  1
12577844808394007401
4 3 3 1 -1  1
12577917879444906602
6 1 4 3 -1  1
12578165848120350439
3 4 1 5 -1  1
12578221372011089286
3 2 2 2 -1  1
12578254294441200810
7 6 7 7 -1  1
12578281832388419822
6 2 1 2 -1  1
12578394810168814217
5 1 4 2 -1  1
12578460131244400707
5 2 3 3 -1  2
12578645495140992389
4 3 3 3 -1  1
12578702017207082337
7 7 7 6 -1  2
12578755302528125881
6 1 2 5 -1  1
12578932394520973517
6 5 6 4 -1  1
12579186310314301530
7 3 6 4 -1  1
12579186409155616227
7 1 5 0 -1  2
12579215659313051283
5 6 4 6 -1  2
12579433183825276519
6 7 5 6 -1  1
12579768526147130427
5 4 4 5 -1  1
12579895902059953648
4 5 3 5 -1  2
12579930420649344993
6 4 4 3 -1  1
12580055482736453467
5 7 4 6 -1  1
12580175279621281501
6 1 7 3 -1  1
12580290241316963033
3 3 4 3 -1  2
12580453569764587668
4 0 1 3 -1  1
12580470406318076833
5 7 7 7 -1  1
12580476082151208536
6 2 4 2 -1  1
12580618691706216636
7 5 5 6 -1  1
12580891371558637412
7 0 7 1 -1  1
12580935950788038802
5 4 3 2 -1  1
12581172828149562580
4 3 2 4 -1  1
12581229718486289900
5 5 4 3 -1  2
12581526885250890147
6 7 6 6 -1  1
12581532468844322731
7 0 7 4 -1  1
12581532842978780032
4 7 3 6 -1  1
12581584419148504119
4 5 3 5 -1  1
12581640632557128305
7 6 7 5 -1  1
12581651390352808389
6 4 5 6 -1  1
12581752923144568654
4 2 3 0 -1  1
12581788062254592071
6 3 5 5 -1  1
12581871347499147343
5 5 4 5 -1  1
12581883195382805717
6 5 6 4 -1  1
12582138831109171844
4 7 5 6 -1  1
12582284863924342963
4 1 0 5 -1  1
12582394251550209359
4 5 3 4 -1  1
12582608986020410571
4 3 2 2 -1  1
12582614390122121938
6 5 5 4 -1  2
12582703061997005678
7 2 6 2 -1  1
12582988599685480906
5 5 4 6 -1  1
12583008113524604478
7 1 6 1 -1  1
12583009132790841469
6 0 4 0 -1  1
12583114314165644951
6 0 5 0 -1  1
12583209297667613737
6 3 3 0 -1  1
12583300967143201916
3 0 1 0 -1  1
12583678425773456187
6 5 7 5 -1  1
12583802513479369138
4 4 4 3 -1  1
12583835665071064712
5 5 3 3 -1  1
12583939727267173099
7 6 7 7 -1  1
12584538438614382517
7 3 4 0 -1  1
12584587838324710338
4 5 2 4 -1  1
12584729304712195424
7 4 7 6 -1  1
12584779771413967908
5 6 3 7 -1  1
12584814361115760787
1 5 0 4 -1  1
12584848281180439771
6 2 4 3 -1  1
12584866115415500780
5 7 4 7 -1  1
12584941847048253128
4 0 4 5 -1  1
12584974649271306686
2 2 4 4 -1  1
12585014921645829790
7 5 6 6 -1  2
12585209257206380304
3 6 2 5 -1  2
12585486416301095923
5 3 6 2 -1  1
12585868062409450186
3 5 4 3 -1  1
12585886980486569910
7 5 7 4 -1  1
12586193836649765944
5 0 6 1 -1  1
12586235660702737531
6 1 5 2 -1  1
12586325867987026834
4 6 7 3 -1  1
12586383326369987965
6 4 7 5 -1  1
12586401091682111698
5 5 6 3 -1  1
12586455774285772118
7 2 5 3 -1  1
12586478775996270172
6 7 4 7 -1  2
12586489862159280936
3 3 5 4 -1  1
12586510404029385364
7 0 7 1 -1  1
12586874792858100210
1 3 5 7 -1  1
12587261383389925807
6 4 4 4 -1  1
12587321951993387593
6 5 5 5 -1  1
12587401434200827692
3 3 2 4 -1  1
12587491908092663957
4 3 3 2 -1  1
12587522548650029978
7 7 6 7 -1  1
12587527750642709809
6 1 1 6 -1  1
12587679275068666286
6 1 4 1 -1  1
12587725101924260491
6 4 5 3 -1  1
12587834923942730834
4 5 3 5 -1  1
12587906181106171102
5 5 6 3 -1  1
12587933496657377679
6 4 5 4 -1  1
12588078140580823529
4 3 3 3 -1  1
12588314439413468715
6 6 5 6 -1  1
12588348141628140404
6 2 7 3 -1  1
12588580679334508239
5 2 4 3 -1  1
12588587058564615228
5 2 4 2 -1  1
12588958804852327462
6 6 4 6 -1  1
12589049818740189758
1 2 1 5 -1  1
12589145382575522497
4 2 4 0 -1  1
12589225923791479107
1 1 0 1 -1  1
12589295305407838319
5 5 5 4 -1  1
12589346096808592235
5 7 4 6 -1  1
12589347085834302548
4 1 3 1 -1  1
12589374356133177302
6 2 5 1 -1  1
12589419460015459432
7 4 7 6 -1  1
12589453310745750132
7 3 7 7 -1  1
12589841992813361167
5 0 7 1 -1  1
12589972126929415020
6 5 5 4 -1  1
12589979607985108392
4 1 3 1 -1  1
12590212505210954039
2 3 2 2 -1  1
12590232983319541084
7 2 7 6 -1  1
12590319488106461787
5 5 3 4 -1  1
12590330432058140704
7 2 2 2 -1  1
12590371926241522758
6 6 7 5 -1  1
12590470593927602642
5 5 4 6 -1  2
12590479599473702874
0 4 2 3 -1  1
12590845822875659748
0 2 0 0 -1  1
12591010254815241541
4 4 4 3 -1  1
12591039898450201312
6 1 5 1 -1  1
12591110140963915830
7 1 5 2 -1  1
12591233973349796263
7 7 7 3 -1  1
12591293693386228623
5 3 4 3 -1  1
12591423821519265318
7 2 6 2 -1  1
12591475956403275479
5 3 4 4 -1  1
12591509491411313404
4 4 6 2 -1  1
12591727316399963621
5 4 3 5 -1  1
12591800354738624403
7 3 4 0 -1  2
12591805921655185877
6 6 5 6 -1  1
12591877133605895912
6 0 5 0 -1  1
12591971528150136554
6 2 7 2 -1  1
12592119766047175641
4 0 1 0 -1  1
12592263786548303513
6 4 7 4 -1  1
12592481854915039229
7 3 5 1 -1  1
12592486261086198499
6 2 5 2 -1  1
7 6 7 7 -1  6
12592548451446915198
5 2 5 3 -1  2
12592585353301422400
6 6 5 7 -1  1
12592587762454611285
4 1 3 1 -1  1
12592744497846221469
5 0 3 2 -1  1
12592790169749407729
2 6 5 6 -1  1
12592906256816952908
6 0 0 0 -1  2
12593073422567409079
5 6 4 6 -1  1
12593117355749719477
4 4 3 4 -1  1
12593246295316158443
7 3 6 2 -1  1
12593552226850965661
6 7 4 7 -1  2
12593659837623643624
7 1 7 0 -1  1
12594255497197259655
4 5 3 4 -1  2
12594358619534099712
6 7 7 7 -1  1
12594465558930022737
6 6 5 5 -1  1
12594467616859629999
5 3 6 5 -1  1
12594837320472528024
4 7 3 7 -1  1
12594879235701238676
4 1 5 1 -1  1
12594951061153131535
5 7 4 7 -1  1
12594988339960164248
5 2 6 4 -1  1
12595014487300140058
3 0 6 3 -1  1
12595015295082642484
3 5 6 2 -1  1
12595070766867844865
5 7 6 5 -1  1
12595238556350056615
7 0 7 3 -1  1
12595421243115547028
7 6 6 6 -1  1
12595508542213274162
1 0 1 2 -1  1
12595584807680520344
4 0 3 2 -1  1
12595622166335627661
7 5 7 3 -1  1
12595680600602966320
3 6 2 5 -1  1
12595710438010033703
6 6 5 6 -1  1
12595749155716961519
4 6 3 5 -1  2
12595813700712511842
3 4 1 3 -1  1
12596148355606509002
4 0 6 2 -1  1
12596353309960800476
2 3 0 2 -1  1
12596354240393015821
4 2 3 1 -1  1
12596534142987278171
7 4 7 5 -1  1
12596570242399824142
6 3 4 2 -1  1
12596607507631927134
1 4 0 3 -1  1
12596711260950755637
4 3 5 5 -1  1
12596901561197038111
5 5 4 4 -1  1
12597034205665256051
5 1 3 2 -1  1
12597282347147708754
6 4 5 3 -1  1
12597305518229110446
3 6 5 4 -1  1
12597342247846425730
7 0 4 3 -1  1
12597373252636633019
7 3 6 3 -1  1
12597406998684289228
4 2 3 3 -1  1
12597534750213793555
7 1 6 3 -1  1
12597670636679955733
6 7 5 7 -1  1
12597746019471460816
6 6 5 5 -1  1
12597785037304271445
5 5 3 4 -1  1
12597817161838498604
7 6 5 7 -1  1
12597819896511163328
4 0 3 0 -1  1
12597839046665736639
6 1 5 1 -1  1
12597884247408598384
5 1 4 0 -1  1
12597898856381029746
5 3 4 3 -1  1
12598169390884678316
7 5 5 4 -1  1
12598173139544207225
5 5 4 3 -1  1
12598178785306029818
6 4 3 1 -1  1
12598182872670518511
7 4 6 3 -1  1
12598318976003709234
6 3 5 2 -1  1
12598341962558882637
5 4 4 4 -1  1
12598377541458879761
7 6 7 5 -1  1
12598441831004006351
7 5 7 4 -1  1
12598504417095774804
3 4 3 5 -1  1
12598530793078130809
3 3 2 3 -1  1
12598547153574716262
4 3 4 2 -1  1
12598614412970610386
5 4 5 2 -1  2
12598766145779468125
6 5 5 5 -1  1
12598792681972151536
4 3 5 2 -1  1
12598828123991625286
3 5 2 5 -1  1
12599160415936717808
6 3 5 3 -1  1
12599165851766809498
5 2 6 4 -1  1
12599186546567937406
5 4 4 3 -1  1
12599215933672430963
7 3 5 5 -1  1
12599407734359179382
5 4 4 3 -1  1
12599452372029693294
3 2 2 1 -1  1
12599486580088106022
5 5 4 5 -1  1
12599575743110576918
0 3 2 5 -1  1
4 5 3 5 -1  1
12599653287422245420
1 3 2 3 -1  1
12599746799948864384
1 5 1 7 -1  1
12600008395478251256
7 6 6 6 -1  1
12600198732285707646
3 2 1 3 -1  1
12600418454145981787
6 5 5 5 -1  1
12600728082163329935
3 5 2 7 -1  1
12600739072414672688
4 1 3 2 -1  1
12600772924254514422
7 5 7 1 -1  1
12600958487325822688
7 5 7 4 -1  1
12601035531053445061
7 7 6 7 -1  1
12601121189211625267
6 6 4 6 -1  1
12601132573536297215
6 3 5 5 -1  1
12601393780216053078
6 0 6 3 -1  1
12601515443031324002
2 3 3 3 -1  1
12601572377018375874
7 4 7 5 -1  1
12601600380321355245
6 0 6 1 -1  1
12601601801443334286
6 1 6 2 -1  1
12601602126938448466
6 2 5 2 -1  1
12601800120080762857
3 3 4 1 -1  1
12601831912624647664
6 4 5 4 -1  1
12601981842900988555
4 5 5 4 -1  1
12601999087244716767
6 5 6 4 -1  1
12602066825349986459
7 6 6 5 -1  1
12602096851755628596
2 7 3 7 -1  1
12602098060308943266
0 6 1 6 -1  1
12602182527502853903
5 5 6 4 -1  1
12602448004135742751
7 2 7 3 -1  1
12602500419835283874
3 4 2 6 -1  1
12602559991169851665
6 4 4 4 -1  1
12602626153438209873
4 7 5 6 -1  1
12602631693035423672
4 2 3 3 -1  5
7 5 6 6 -1  1
12602716369919683154
7 5 7 0 -1  1
12602903367779387552
6 6 5 6 -1  1
12602910157225954853
6 2 5 3 -1  1
12602984455592129112
1 5 4 2 -1  1
12603454021408026754
1 0 0 0 -1  1
12603955574139909838
0 2 0 5 -1  1
12604000170152383666
6 5 5 5 -1  1
12604008367020426638
7 4 7 2 -1  1
12604122635101732237
6 7 5 7 -1  1
12604245702749373036
6 3 5 1 -1  1
12604353446747394819
4 1 0 1 -1  1
12604915232885697003
4 1 3 1 -1  1
12604977427850867966
4 4 2 4 -1  1
12605110194193346023
7 7 6 6 -1  1
12605192832363824791
5 6 4 6 -1  1
12605225978266502939
6 1 5 0 -1  1
12605300584613264265
3 3 1 5 -1  1
12605497307675782029
5 3 6 2 -1  1
12605953835143383490
3 3 2 5 -1  1
12605957402547698204
4 6 3 6 -1  1
12605988011945640101
4 2 2 4 -1  1
12606482048500016746
4 7 5 5 -1  1
12606618753819606589
4 6 3 6 -1  1
12606835499209759787
7 3 4 0 -1  1
12607077394737789748
5 5 4 4 -1  2
12607120624617947022
4 1 6 3 -1  3
12607187584299939524
7 2 3 2 -1  1
12607215264351949964
4 4 7 1 -1  1
12607248631398286172
6 6 4 6 -1  1
12607323329848194866
5 4 4 3 -1  1
12607390922871337753
6 6 5 6 -1  1
12607453021717264998
4 2 3 3 -1  1
12607489130296442109
0 3 2 2 -1  1
12607711686820468116
3 5 0 5 -1  1
12607771935213670098
4 3 3 5 -1  1
12607814901171286192
7 1 6 3 -1  1
12607896558394876966
6 0 5 0 -1  1
12607911954139263038
5 4 1 4 -1  1
12607916360738051504
6 1 7 1 -1  1
12608034383505387684
7 0 7 2 -1  1
12608151984115588958
3 1 3 4 -1  1
12608176414843111931
7 3 0 3 -1  2
12608315071788426521
7 5 0 5 -1  1
12608401137598324529
6 5 4 5 -1  1
12608450627484569565
6 2 4 2 -1  1
12608483946107407964
7 7 6 7 -1  1
12608513543754199051
4 2 3 2 -1  3
12608854792322541370
7 5 7 2 -1  1
12609056162338969990
3 1 4 3 -1  1
12609123798171864425
7 0 5 0 -1  1
12609324109743103268
7 5 7 6 -1  1
12609962570113292782
6 5 7 6 -1  1
12610392144670361354
6 6 4 6 -1  1
12610471788124991554
3 0 2 1 -1  1
12610532244756305550
2 0 3 0 -1  1
12610960556780925043
7 4 6 4 -1  1
12610972798144109245
7 3 7 4 -1  1
12611098966360186377
3 6 2 6 -1  1
12611342748622395756
3 1 1 1 -1  1
12611582057717260007
3 3 0 3 -1  1
12611644909916576453
6 6 5 5 -1  1
12611892290432697837
6 4 5 4 -1  1
12611983654507615340
5 3 2 6 -1  1
12612004604007805289
5 2 4 0 -1  1
12612096787082482290
5 5 6 7 -1  1
12612294487950951971
7 4 5 6 -1  1
12612438574310387039
4 3 6 2 -1  1
12612554254118388208
7 2 5 4 -1  1
12612602289939631383
6 3 7 5 -1  1
12612816317517733169
1 1 2 0 -1  1
12612941169376040808
6 1 4 3 -1  1
12613062468723886918
7 3 6 2 -1  1
12613293196534248976
4 2 2 4 -1  1
12613440075499537126
7 0 1 0 -1  1
12613488316721378930
7 3 5 5 -1  1
12613585386044654516
7 1 5 2 -1  1
12613861886672288800
5 2 4 2 -1  1
12613876890360155395
1 5 3 3 -1  1
12613895379031232546
4 4 3 5 -1  1
12613997020302349794
5 5 4 4 -1  1
12614025640714693875
4 3 3 2 -1  1
12614328823502607968
6 2 5 3 -1  1
12614402585020515298
1 3 1 4 -1  4
12614489890396490695
5 5 3 6 -1  1
12614859778375010553
5 2 4 2 -1  1
12614932716223778382
6 1 4 1 -1  1
12614963884275825062
6 3 5 5 -1  1
12614969086373847248
7 4 7 1 -1  1
12615009361875056543
5 3 4 4 -1  2
12615039473355969496
5 4 3 2 -1  1
12615356410551976932
5 2 6 3 -1  1
12615365966416665397
5 0 4 0 -1  2
5 3 3 5 -1  1
12615419730463670636
6 4 5 5 -1  1
12615785753011874477
6 3 5 5 -1  3
12616108005392256567
7 0 7 3 -1  1
12616243042859168733
7 5 4 2 -1  1
12616407320646231806
5 0 3 2 -1  1
12616570889874265323
7 4 7 5 -1  1
12616638960941480809
6 0 6 4 -1  1
12616641191181419247
3 7 0 7 -1  1
12616676259486523213
7 3 5 5 -1  1
12616717461346269561
6 1 5 1 -1  1
12616749276975696359
7 5 7 2 -1  1
12617151258282224145
6 2 1 2 -1  1
12617266616146883739
5 4 4 3 -1  1
12617324511493779547
2 7 0 5 -1  1
2 7 4 7 -1  2
12617472323111916022
1 6 0 6 -1  1
12617710927036620197
4 6 5 4 -1  1
12617947793079890300
7 2 6 3 -1  1
12618208070104230106
7 4 5 5 -1  1
12618323511246934941
5 0 4 0 -1  1
12618376752588747036
3 3 2 4 -1  1
12618392928502158549
7 2 5 2 -1  2
12618539744233394244
6 3 7 4 -1  1
12618654366077880887
7 5 7 4 -1  1
12618787320964124940
0 7 0 3 -1  1
12618792465486037188
5 6 4 5 -1  1
12618870995766604894
5 5 3 4 -1  1
12618965217012047865
4 1 3 1 -1  1
12619124126548426251
5 4 5 2 -1  1
12619210490695852065
5 3 6 4 -1  1
12619553835645008793
6 1 4 1 -1  1
12619587092532034202
4 0 3 1 -1  1
12619672024967564529
7 2 6 3 -1  1
12620002820013821959
4 2 5 4 -1  1
12620155335521112738
6 5 5 5 -1  1
12620156202243211034
7 5 7 6 -1  1
12620221028314061446
7 3 5 5 -1  1
12620297446784944016
6 4 6 3 -1  1
12620455325790066629
6 7 5 7 -1  1
12620469323325259546
2 1 3 0 -1  1
12620655038300206681
4 4 5 5 -1  1
12620671621737464787
3 2 4 1 -1  1
12620713949784215579
1 1 4 1 -1  1
12620783458325702798
6 2 4 2 -1  1
12620888453922559129
4 3 3 2 -1  1
12621209494822894317
7 0 7 3 -1  1
12621252340238092493
5 4 4 3 -1  1
12621292886070782724
7 5 5 5 -1  1
12621323114266719398
3 3 1 3 -1  1
12621427353280316954
6 1 6 3 -1  1
12621559455956490834
3 1 4 2 -1  1
12621604461289379343
6 1 7 0 -1  1
12621644852738953136
7 3 7 2 -1  1
12621902731862617506
3 0 5 2 -1  1
12622069810344226369
5 1 7 1 -1  1
12622239433465655900
6 0 4 0 -1  1
12622389558583593855
5 2 3 4 -1  1
12622553892233647458
4 3 3 3 -1  1
12622555378379152015
5 2 2 5 -1  1
12622647120629530861
5 5 4 4 -1  1
12622969850184039957
4 0 3 0 -1  1
12623008908423758764
5 5 6 3 -1  1
12623192250885742826
4 5 2 6 -1  1
12623206732699075031
6 6 4 5 -1  1
12623422474210475077
6 1 5 0 -1  1
12623539187685100935
6 3 4 3 -1  8
6 5 4 5 -1  1
7 6 5 5 -1  1
12623595305420775936
6 1 5 2 -1  2
12623625169832429368
6 1 5 1 -1  1
12623983173905391277
6 5 4 5 -1  1
12624123572164205570
6 5 4 5 -1  1
12624148402331336017
6 5 5 5 -1  1
12624321225174429474
0 5 1 3 -1  1
12624396507074135634
6 4 6 3 -1  1
12624721859069998536
6 5 7 4 -1  1
12624870426334134961
7 3 7 1 -1  1
12624894981730488901
6 3 5 3 -1  2
7 1 5 2 -1  2
12625020795095180321
4 5 3 6 -1  1
12625452078510200021
0 5 0 3 -1  1
12625504640186300260
3 0 4 1 -1  1
12625525201318742045
4 2 3 3 -1  1
12625816799731081429
6 1 7 2 -1  1
12625853380353986867
2 6 1 5 -1  1
12625917963800694779
2 1 2 0 -1  1
12625948373822380512
6 6 5 5 -1  1
12626019612204378305
5 2 6 4 -1  1
12626064643918994465
3 6 5 5 -1  2
12626127351874414398
5 5 6 7 -1  1
12626450700298885529
4 1 3 1 -1  1
12626653817944638825
7 4 7 6 -1  1
12626756193369432142
7 4 6 4 -1  1
12626816425523634416
6 5 5 5 -1  1
12626826673196855027
6 1 5 2 -1  1
12626838339817980951
0 2 4 2 -1  1
12626867983850491443
3 6 2 6 -1  1
12626951865245423844
7 0 7 3 -1  2
12627083720280314646
6 3 6 4 -1  1
12627183218728710011
6 1 5 1 -1  1
12627360439684054831
7 5 7 3 -1  1
12627634098882931339
6 1 3 4 -1  1
12627824221388477731
3 4 2 5 -1  1
12627878837829236349
7 4 7 5 -1  1
12628043752978390768
3 1 2 1 -1  1
12628173583455985029
5 7 4 7 -1  1
12628368882364453332
3 7 5 5 -1  1
12628680870630356667
5 1 4 3 -1  1
12628705766917775182
7 4 7 6 -1  2
12628969479393703616
4 3 3 4 -1  1
12628983704573675899
3 6 2 6 -1  1
12629103556835893987
7 4 4 7 -1  1
12629178319452706957
7 4 5 5 -1  1
12629265338473557777
3 4 3 3 -1  2
12629372685280368936
7 1 6 3 -1  1
12629419581383387067
3 6 4 7 -1  1
12629538973599948499
0 5 0 4 -1  1
12629641948546692376
3 6 7 2 -1  1
12629892524543760967
5 6 1 2 -1  1
12630073597617482428
5 1 2 4 -1  2
12630462420978094090
7 5 6 4 -1  1
12630760315340178159
7 4 7 1 -1  1
12630830720795768053
1 0 0 1 -1  1
12631015149424075815
4 2 2 3 -1  1
12631054968791439029
7 6 7 7 -1  1
12631329882720008671
4 2 3 4 -1  1
12631649674514583927
6 7 4 6 -1  1
12631662317212922928
4 0 3 2 -1  1
12631829875224122246
6 5 5 5 -1  1
12631934755262490825
4 3 3 3 -1  1
12632000832305944880
6 6 5 5 -1  1
12632002663726671451
5 3 6 4 -1  1
12632018722144108912
0 3 5 3 -1  1
12632050606169040865
6 1 4 1 -1  1
12632057909705051916
5 0 7 2 -1  1
12632118392618880436
3 7 2 7 -1  1
12632150104247347644
7 4 7 6 -1  1
12632315182754026997
6 6 5 6 -1  1
12632388743066881274
4 3 5 1 -1  1
12632625637083726550
6 5 5 4 -1  1
12632761739509425785
7 5 5 4 -1  1
12632772839954311647
7 3 6 3 -1  1
12632999738928129526
5 7 6 6 -1  1
12633018566027765311
0 6 1 6 -1  1
12633139606314770264
7 5 5 3 -1  1
12633140960438637905
6 3 5 3 -1  1
12633144271406740487
6 2 4 2 -1  1
12633417569212969907
7 3 6 3 -1  1
12633711283259934029
5 6 7 4 -1  1
12633740458369936873
3 0 2 1 -1  2
12633838951329223820
6 4 4 2 -1  1
12633853957961932129
5 4 4 3 -1  1
12633874330256873414
5 2 4 1 -1  1
12633916714152236010
6 6 5 5 -1  1
12633941419017231905
7 3 7 1 -1  1
12633944769561967809
7 2 6 1 -1  2
12633957815826343744
7 6 6 7 -1  1
12633967574270913540
7 5 6 3 -1  1
12634017394044334878
5 2 4 0 -1  2
12634220292124009161
6 6 6 5 -1  1
12634269874277976032
6 4 6 2 -1  1
12634314743191207474
4 0 3 2 -1  1
12634448168545535177
5 4 4 4 -1  1
12634626070649465963
5 1 4 2 -1  1
12634931310347324341
7 4 7 6 -1  1
12635088586258905779
6 3 7 3 -1  1
12635255973264714775
5 2 4 2 -1  1
12635403218581507298
3 0 3 1 -1  1
12635639341973128922
5 0 0 0 -1  1
12635826620848259449
7 1 3 1 -1  1
12635961438461069479
4 5 3 6 -1  1
12636506769683764437
6 7 5 6 -1  3
12636530112913511789
4 7 0 3 -1  1
12636683553701066695
4 5 3 7 -1  1
12636832266747707457
4 4 3 4 -1  1
12637409597486978602
7 5 7 4 -1  1
12637542554840968649
3 1 4 1 -1  1
12637545563535124164
7 4 7 6 -1  1
12637668765916204326
7 4 6 4 -1  1
12637690089576730838
5 2 4 2 -1  1
12637709684111474683
6 7 4 7 -1  1
12637784049797079861
6 3 4 2 -1  1
12637854480367459198
7 3 0 3 -1  1
12637975344873526344
3 3 4 4 -1  1
12638079818738278476
6 1 7 2 -1  1
12638381026090488847
4 5 3 6 -1  1
12638435819780654365
6 0 7 0 -1  1
12638533983107652617
1 6 2 6 -1  1
12638694449932577243
6 7 5 7 -1  1
12638818285342952946
7 2 4 2 -1  1
12638849763812238973
0 4 6 4 -1  1
12638985637770723271
7 6 6 5 -1  1
12639081528282057002
3 3 3 2 -1  1
12639129146860338821
4 0 3 0 -1  1
12639194996626478827
2 5 4 6 -1  1
12639210117356120908
4 3 3 4 -1  1
12639335075203586870
6 4 5 5 -1  1
12639370491500787988
5 5 3 4 -1  1
12639386998671669361
5 4 4 3 -1  1
12639434894758505695
7 2 5 2 -1  1
12639560187534214531
7 3 7 2 -1  1
12639578872221165978
6 5 6 6 -1  1
12639689805356959834
6 2 4 0 -1  1
12639762848249435872
5 5 3 6 -1  1
12639765068526826932
7 6 7 7 -1  1
12639873989574693149
4 4 3 6 -1  1
12639974438036803988
5 0 4 0 -1  1
12640201869323844202
3 4 5 3 -1  1
12640340557904257771
4 2 4 3 -1  1
12640800411449547212
6 4 6 3 -1  1
12641076432924441695
7 6 5 5 -1  1
12641220308173884421
7 5 7 6 -1  1
12641393817213030076
7 4 6 3 -1  1
12641565989343351963
6 0 4 0 -1  1
12641596696813073584
6 1 4 3 -1  1
12641706117281037030
4 1 3 1 -1  1
12641760168672775873
4 5 3 5 -1  1
12641854507439127931
5 4 3 6 -1  1
12641945698984453732
6 7 5 6 -1  1
12642039269637534195
7 6 7 7 -1  1
12642044054814569774
5 5 5 4 -1  1
12642274569783289849
5 5 4 7 -1  1
12642302335862225927
6 2 4 0 -1  1
12642524317632305971
6 2 4 4 -1  1
12642769114210578864
1 3 0 2 -1  1
12643089974280365769
7 4 7 6 -1  1
12643150683453363510
7 0 7 2 -1  1
12643499793479275950
7 0 7 3 -1  1
12643740460036449355
5 0 4 0 -1  1
12643885033509330670
6 6 7 6 -1  1
12643957683363108468
6 5 4 5 -1  1
12643969384001164882
3 0 1 1 -1  1
12644068132967009764
4 0 3 1 -1  1
12644077455470832153
6 6 4 6 -1  1
12644394182967780426
7 0 6 0 -1  1
12644445320042238238
4 1 3 0 -1  1
12644486232864441983
6 1 5 1 -1  3
7 1 6 3 -1  1
7 2 6 3 -1  1
12644734435517071138
6 4 7 3 -1  1
12644904483938285434
7 0 6 0 -1  1
12644933730513428694
5 0 4 0 -1  1
12645166600776782040
6 2 5 2 -1  1
12645218892610296498
5 2 0 2 -1  1
12645403194757964443
5 5 7 4 -1  1
12645539811599257455
3 6 5 4 -1  1
12645557111860671252
7 6 7 7 -1  2
12645631046858352217
7 5 4 2 -1  2
12645824330160886105
7 6 7 7 -1  1
12645928396197467003
2 7 1 5 -1  1
12646126950419985001
7 3 7 4 -1  2
12646262185829508715
7 1 4 1 -1  1
12646465451825047959
7 0 7 2 -1  3
12646545779446711186
4 0 5 1 -1  1
12646615277613612457
4 7 2 5 -1  1
12646874177699342827
6 3 7 5 -1  1
12646896902403047594
5 4 4 4 -1  1
12646952140688258450
6 6 6 7 -1  3
12647053260438614312
4 7 3 7 -1  1
12647099826747796183
6 7 7 6 -1  1
12647144187168480415
7 6 6 5 -1  1
12647271335903565469
6 3 5 4 -1  1
12647298319436499243
6 1 4 1 -1  1
12647308925642651228
1 4 2 3 -1  1
12647366623582009257
3 0 2 0 -1  1
12647422214087629672
7 4 7 6 -1  1
12648223279743964475
6 1 5 1 -1  2
12648358903817103976
1 4 0 4 -1  1
12648368494905886103
6 3 4 2 -1  1
12648554742224776926
7 3 6 3 -1  1
12648563720083638022
7 3 7 4 -1  1
12648573109166309335
4 3 6 2 -1  1
12648723186242780499
7 5 5 3 -1  1
12648934261577334406
7 1 7 0 -1  1
12648992976858245874
7 2 0 2 -1  1
12649026514085957393
6 2 5 4 -1  1
12649027007915320459
6 1 7 2 -1  1
12649177512412962430
5 4 5 2 -1  1
12649268325252807071
6 6 4 6 -1  1
12649323298702200825
6 1 5 0 -1  1
12649325546308433243
7 3 6 3 -1  1
12649358944074432401
7 0 5 0 -1  1
12649415922250066924
5 1 4 2 -1  1
12649517590236605530
4 7 5 6 -1  1
12649543399719397176
6 4 5 4 -1  1
12649631472948867189
7 0 3 4 -1  1
12649718112377775027
4 3 2 2 -1  1
7 5 6 6 -1  1
12649852741425168291
5 1 4 1 -1  1
12649919969795477606
6 5 3 2 -1  1
12649970008620234234
0 1 0 3 -1  1
12650036136406683201
3 5 1 4 -1  1
12650066343816182352
6 3 7 4 -1  3
12650165834052479134
6 0 5 2 -1  1
12650328480778553439
2 6 3 5 -1  1
12650431736980005202
7 2 7 1 -1  1
12650846380291518960
6 3 7 4 -1  1
12650857494244100607
7 4 5 2 -1  1
12651324455028879857
3 7 6 4 -1  2
12651441886219956687
2 3 4 2 -1  1
12651462312259097027
1 3 2 3 -1  1
12651574820445177199
7 4 7 6 -1  1
12651608553957510597
7 4 7 6 -1  1
12651727221674584713
7 5 5 5 -1  1
12651728233208777229
5 3 4 4 -1  2
12651799819898486685
6 1 7 2 -1  1
12652043185073644048
7 6 5 6 -1  1
12652147128985447697
5 5 4 5 -1  1
12652249818707489943
6 3 4 2 -1  1
12652283930535616745
6 5 4 5 -1  3
12652594299302442409
5 1 3 0 -1  1
