14149425983650922501
6 7 5 7 -1  1
14149712228032264706
7 3 7 4 -1  1
14149753224717038326
1 3 1 6 -1  1
14149773173068992317
1 6 1 7 -1  1
14150181804419713184
7 5 7 4 -1  1
14150359541336998089
1 1 1 6 -1  1
14150408894589564550
6 6 7 5 -1  1
14150587953252224043
4 2 3 3 -1  1
14150850480212597480
6 4 4 5 -1  1
14151010568861429728
5 4 4 3 -1  1
14151352913089736135
7 0 7 4 -1  1
14151448896045841193
7 3 4 0 -1  1
14151504287718500721
4 4 5 5 -1  2
14151566462585647260
7 5 7 3 -1  1
14151611481758551837
7 5 6 6 -1  1
14151865517657336677
7 7 7 6 -1  1
14151924240399840639
3 1 2 1 -1  1
14151987864447070528
4 0 3 1 -1  1
14152042262069994910
5 3 4 2 -1  1
14152147950840609994
5 0 4 0 -1  1
14152228979758003025
4 3 6 1 -1  1
14152296407884387418
5 2 4 4 -1  1
14152380335139816668
3 6 4 4 -1  1
14152405907270288442
5 3 6 2 -1  1
14152409447534239766
4 6 3 6 -1  1
14152427762649887838
5 1 3 3 -1  1
14152476012399742750
0 3 3 3 -1  1
14152614646854255217
5 4 4 4 -1  1
14152900087463231610
4 0 3 1 -1  1
14152903730512634066
6 7 1 2 -1  1
14152967291361268866
7 4 6 4 -1  1
14153018447085028559
0 0 0 1 -1  1
14153032835483563266
4 2 1 5 -1  1
14153325503583831196
6 1 3 1 -1  1
14153371471175973291
4 4 3 5 -1  1
14153643652798493470
4 5 3 5 -1  1
14153807482897852474
7 2 2 2 -1  1
14153956199883993984
7 5 7 2 -1  1
14154350013211733087
5 1 3 2 -1  1
14154457937025291424
6 1 4 1 -1  1
14154925659020719572
3 1 2 1 -1  1
14154961254349662380
4 3 5 1 -1  1
14155058497382492303
7 2 7 5 -1  1
14155117221965452614
5 5 4 3 -1  1
14155362993988376890
6 3 4 1 -1  1
14155766872453201877
6 6 5 5 -1  1
14155868865856276356
5 1 6 3 -1  1
14155900444085539623
2 0 1 0 -1  1
14155995977163152327
6 4 6 2 -1  1
14156280017240362524
3 0 1 0 -1  1
14156296114813424386
3 1 2 2 -1  1
14156614699783018173
4 1 3 1 -1  1
14157099814056915427
6 4 7 3 -1  1
14157144680934557425
6 5 6 6 -1  1
14157145051956410110
3 3 5 4 -1  1
14157560962858490523
7 2 3 2 -1  1
14157763969724472512
5 1 4 2 -1  1
14157803922164923483
7 2 7 5 -1  1
14157833847352044964
4 6 3 6 -1  1
14157969784972170851
6 1 3 1 -1  1
14158016566636247685
7 3 6 3 -1  1
14158031240156639480
0 6 1 5 -1  1
14158108883275747908
2 1 5 1 -1  1
14158153637533581734
7 2 5 2 -1  1
14158251678694976874
7 4 7 6 -1  2
14158271625873612447
5 5 1 1 -1  1
14158451531023557114
7 2 6 1 -1  1
14158520945632283922
7 4 6 4 -1  1
14158677017001755250
5 4 4 5 -1  1
14159069586102675221
7 0 7 2 -1  1
14159449708715517895
7 3 6 4 -1  3
14159580503198205466
3 0 0 0 -1  2
14159691653920105032
4 2 3 3 -1  2
14159729941475658422
4 2 3 2 -1  2
14159747899465145238
6 4 5 6 -1  1
14159791274768939175
5 2 4 4 -1  1
14159935232851535067
7 4 7 2 -1  2
7 5 6 4 -1  1
14160398734638442845
4 4 3 3 -1  1
14160570293491588328
4 1 3 1 -1  1
14160641270320453158
5 7 4 7 -1  2
14160909842891164513
6 0 5 1 -1  1
14161127825356383116
7 1 5 2 -1  3
14161271871684770142
5 5 6 3 -1  1
7 5 7 4 -1  1
14161321864890424906
7 0 7 1 -1  1
14161393385633274561
3 3 2 2 -1  2
14161398784204442503
7 4 5 5 -1  1
14161403999788663204
7 0 4 3 -1  1
14161405281402260317
6 0 5 0 -1  1
14161668599154780452
5 3 3 5 -1  1
14161714150904321124
5 6 7 5 -1  1
14161887668793769702
7 6 6 5 -1  2
14162083147877505658
4 3 3 2 -1  1
14162088962042393641
3 6 2 6 -1  1
14162094579978005688
5 3 4 3 -1  2
14162129972447343635
7 2 6 1 -1  1
14162448337806752341
5 4 3 6 -1  1
14162649154180383613
1 5 0 7 -1  1
14163179043492511739
4 1 1 1 -1  1
14163187102702170015
6 6 5 6 -1  2
14163452271420798798
5 4 4 4 -1  1
14163573117347200899
2 0 3 0 -1  1
14163591331525043145
4 2 2 4 -1  1
14163725714659133243
5 0 4 0 -1  1
14163869656501108286
0 5 6 5 -1  1
14163925435392351776
1 2 1 6 -1  1
14164081593362369751
7 4 7 2 -1  1
14164186245801096534
0 4 5 4 -1  1
14164272912818529690
7 4 5 2 -1  1
14164316366638774042
6 5 4 6 -1  1
14164415655513694176
4 1 5 1 -1  1
14164468605417668243
1 3 0 4 -1  2
14164523039179582288
5 6 6 5 -1  1
14164747121183392747
7 1 6 2 -1  1
14164764865741621989
4 3 3 4 -1  1
14165070831449079781
5 5 5 4 -1  1
14165127345996797346
7 0 7 1 -1  1
14165144817715952887
7 5 7 3 -1  1
14165478586312812443
6 1 5 3 -1  1
14165564219395618365
3 4 4 6 -1  1
14165634419488757520
6 3 5 3 -1  1
14165757188233177999
7 3 4 3 -1  1
14165764280601709469
3 4 1 2 -1  1
14166011748264475284
7 4 5 4 -1  1
14166058121365476656
7 3 4 0 -1  1
14166095116904259114
6 4 6 3 -1  1
14166286052171572066
3 4 3 3 -1  1
14166342974761827450
7 2 2 7 -1  1
14166634425440288861
5 4 4 4 -1  1
14166638582953059474
5 6 4 6 -1  1
14166889442506480045
7 4 7 6 -1  1
14166902388837712031
5 5 4 5 -1  1
14167146183334469932
6 2 5 3 -1  1
14167157118813611677
5 6 4 6 -1  1
14167164747119111477
2 0 2 2 -1  1
14167169206275527513
7 6 7 7 -1  1
14167294914025338441
5 6 4 6 -1  1
14167320315000676674
3 5 2 7 -1  1
14167481922526625844
7 2 7 4 -1  1
14167505992286616129
4 4 5 5 -1  1
14167583174492494324
7 6 7 2 -1  1
14167661727396008861
7 0 7 2 -1  1
14167724647923036426
6 3 6 5 -1  1
14167898376384065460
3 1 2 1 -1  1
14168032980737691306
4 0 3 1 -1  1
14168100204119105112
3 7 4 5 -1  1
14168119554068938126
6 3 4 2 -1  1
14168251208656613810
5 3 4 3 -1  1
14168587787359768584
7 1 7 4 -1  1
14168868394852576453
5 3 3 1 -1  1
14168921742288844228
3 2 3 5 -1  1
14168998085825127269
4 4 6 3 -1  1
14169097436437731696
3 5 2 4 -1  1
14169130862643134430
6 6 5 6 -1  1
7 5 6 4 -1  4
14169301937973587518
6 4 5 3 -1  1
14169443356852646741
4 0 2 0 -1  1
14169592641089993077
7 6 5 5 -1  1
14169738598407037574
5 7 4 7 -1  1
14169816385986515413
7 2 5 4 -1  1
14169896958532409795
4 2 4 3 -1  1
14169899710175093858
6 6 7 5 -1  1
14169961357154137768
3 3 5 4 -1  1
14170045258098150911
7 3 6 2 -1  1
14170122517581792989
6 3 5 1 -1  1
14170256990820793410
5 3 4 2 -1  1
14170271137406264441
6 4 5 3 -1  1
14170446264909737901
6 7 6 3 -1  1
14170544024747366600
7 3 5 1 -1  1
14170715324353401666
4 4 3 4 -1  1
14170726229514010762
5 7 7 7 -1  1
14170747741746677862
7 0 7 1 -1  1
14171006198949095965
6 6 5 6 -1  1
14171019854128660591
6 3 4 4 -1  1
14171034131438725397
4 2 3 2 -1  1
14171101577008391682
5 0 4 1 -1  1
14171397288474964388
7 3 5 1 -1  1
14171548195031217207
7 6 7 7 -1  1
14171593317557730783
7 4 7 6 -1  1
14171671699615912036
7 0 6 0 -1  1
14171858716044034681
7 1 5 2 -1  1
14171954415968633284
5 5 4 3 -1  1
14172138144019064317
7 3 5 1 -1  1
14172471569371262261
4 5 3 6 -1  1
14172536166788363217
5 3 5 5 -1  2
14172566141968070822
7 1 5 2 -1  1
14172606107987398769
5 3 4 4 -1  1
14172795449953964624
5 7 5 4 -1  1
14172821649311573971
7 1 7 3 -1  1
14172877323504440176
5 5 4 5 -1  1
14172930192940189958
6 1 5 1 -1  1
14173000725509710122
7 4 7 6 -1  1
14173141596297545904
7 4 7 2 -1  1
14173185197124032138
6 2 4 2 -1  9
14173185576865904390
5 3 3 1 -1  1
14173367119560218771
5 4 5 3 -1  1
14173482285277408328
6 5 4 5 -1  1
14173659288099725482
5 5 6 4 -1  1
5 5 6 6 -1  1
14173760519069244246
2 2 2 3 -1  1
14173940636496499939
3 4 5 5 -1  1
14173971637321289366
5 2 4 1 -1  1
14174093347463861634
5 7 4 7 -1  1
14174098717047805155
7 5 7 2 -1  1
14174115691096654840
7 1 5 2 -1  1
14174349685290046846
7 5 7 0 -1  1
14174618663957877251
4 5 3 5 -1  2
14174623261765414986
7 0 7 1 -1  1
14174708150402444151
5 6 4 5 -1  1
14174745476145891522
7 4 7 6 -1  1
14175129497868515526
6 6 5 6 -1  1
14175135987454596014
6 4 5 5 -1  1
14175342241786992742
4 2 3 0 -1  1
14175417200743564101
3 1 2 2 -1  1
14175472979073582392
5 7 4 6 -1  1
14175753517934724675
3 7 1 5 -1  1
14175793913222848129
7 2 6 3 -1  1
14175795004653390589
7 3 6 4 -1  1
14176151625702293875
3 1 2 2 -1  1
14176699780170478660
6 6 7 6 -1  1
14177015289909694938
6 2 5 2 -1  1
14177126772811628610
7 0 6 1 -1  1
14177609338822616569
4 6 3 6 -1  2
14177610705836272596
5 6 3 5 -1  1
14177688412694040284
3 6 5 7 -1  1
14177887461231553381
7 3 6 3 -1  1
14178182878245930714
5 7 4 7 -1  1
14178231637176046090
1 0 4 3 -1  1
14178234145795437994
5 5 4 4 -1  1
14178273536935052206
7 5 5 3 -1  1
14178532587659474698
6 1 7 0 -1  1
14178542062617152620
5 5 5 6 -1  1
14178587686458842067
5 4 7 2 -1  1
14178814972284218276
4 0 2 2 -1  1
14179202860287483632
6 2 6 3 -1  1
14179391113821592940
7 2 7 1 -1  1
14179401648339961730
1 4 1 6 -1  1
14179434130036708318
7 3 5 3 -1  1
14179612715456567469
5 2 5 5 -1  1
14179652301755573020
3 6 4 6 -1  1
14179662847492266969
5 3 4 4 -1  2
14179866600799323895
7 3 0 3 -1  2
14179877032354059588
7 2 6 2 -1  1
14180243825774338263
3 4 1 3 -1  1
14180364846332814698
2 2 3 2 -1  1
14180453029945030586
4 1 3 1 -1  1
14180520755657306690
7 2 5 4 -1  1
14180635520246905830
4 2 3 1 -1  1
14180652664358254230
5 4 4 3 -1  1
14180699316936650948
7 2 6 3 -1  1
14181043152254125113
7 5 5 3 -1  6
14181185150044832605
6 4 4 6 -1  1
14181218857389293423
7 5 5 4 -1  1
14181242548294993827
6 3 5 3 -1  1
14181310250929736159
6 4 7 5 -1  1
14181380762664911632
4 4 5 2 -1  1
14181529174561471472
7 5 6 4 -1  1
14181836764436607651
4 2 3 3 -1  1
14182060719776472828
6 0 5 0 -1  1
14182200136470407864
4 6 3 6 -1  1
14182307975339700962
5 0 6 1 -1  1
14182682942229984728
6 3 4 4 -1  1
14182719283759142906
7 2 6 2 -1  1
14182806192671528034
7 6 6 7 -1  1
14182858005841154633
7 2 4 2 -1  1
14183001878111331484
6 5 5 6 -1  1
14183034212015801212
3 5 1 5 -1  1
14183034424431164080
7 6 7 7 -1  1
14183466285635148359
7 3 6 2 -1  1
14183708025547873555
6 1 5 1 -1  1
14183895216296244014
6 5 4 5 -1  1
14183974155561786714
4 2 4 4 -1  1
6 2 6 4 -1  1
14184136995197306567
6 3 6 2 -1  1
14184146373592909425
7 4 7 2 -1  1
14184166027300223744
5 0 4 1 -1  1
14184226386668876709
5 4 5 0 -1  1
14184485934254464006
6 3 5 4 -1  1
14184543130785823126
5 0 4 0 -1  1
14184591616808435664
4 4 0 0 -1  1
14184811408867997094
4 7 3 7 -1  1
14184853909581488905
6 3 5 1 -1  1
14185122117121611943
5 4 0 4 -1  1
14185137200791922654
1 0 1 3 -1  1
14185200515323549541
5 4 1 0 -1  1
14185708447497572154
5 6 4 7 -1  1
14185825607979770192
3 2 1 2 -1  1
14186012047952869670
6 6 5 6 -1  1
14186115103593945957
5 4 2 1 -1  1
14186131743143197527
7 4 7 6 -1  1
14186207225740194277
3 4 2 3 -1  1
14186379616973071976
7 1 6 3 -1  1
14186403710299202163
3 5 2 5 -1  1
14186446732695100360
7 3 7 1 -1  1
14187304243423842366
7 3 0 3 -1  1
14187335621109657693
7 4 7 6 -1  1
14187387514120228700
5 2 6 4 -1  1
14187510324476807011
7 1 4 1 -1  1
14187673035340594527
5 5 4 5 -1  1
14187705594431563556
7 6 6 6 -1  2
14187749079892955617
4 1 3 1 -1  1
14188034295331410281
4 4 3 4 -1  1
14188104938404512188
5 0 2 3 -1  1
14188129051076348681
7 5 7 4 -1  1
14188222622653178274
7 2 5 0 -1  1
14188548725135600594
6 5 5 5 -1  1
14188565277081447078
3 1 5 3 -1  1
14188601324454227485
7 0 7 2 -1  1
14189119484154998832
3 7 7 3 -1  1
14189136911259643945
6 4 5 4 -1  1
6 6 5 6 -1  1
14189189388555609197
7 2 7 0 -1  1
14189423937524670854
5 5 4 7 -1  1
14189646259410587214
4 4 5 5 -1  1
14189926053953909430
7 1 5 2 -1  6
14189928691827327127
3 1 7 5 -1  1
14190064526973259631
5 7 5 6 -1  1
14190065612042121864
7 3 5 5 -1  1
14190254595259929099
7 5 7 3 -1  1
14190303363570065068
7 4 5 4 -1  1
14190368578399327688
6 4 5 3 -1  1
14190472878301051901
1 1 2 2 -1  1
14190506521824876600
7 5 6 4 -1  1
14190567063852075650
5 3 4 4 -1  1
14190594153258179763
4 3 3 5 -1  1
14190702979359053088
1 3 4 6 -1  1
14190751236035304209
1 2 2 4 -1  1
14190778753966808651
6 1 5 1 -1  1
14190905890553699565
1 1 6 6 -1  1
14190919445366186479
4 5 5 3 -1  1
14191012483326874531
3 1 2 2 -1  1
14191058887333445016
3 4 2 5 -1  1
14191114715105833987
5 1 3 3 -1  1
14191540014939352731
5 4 4 5 -1  1
14191541686589944663
6 3 4 1 -1  3
14191640319477725822
6 3 4 4 -1  1
14191642319897925487
3 2 4 4 -1  1
14191706075059379924
5 5 4 4 -1  1
14191761499943535893
6 2 4 2 -1  1
14191971165803553170
6 6 5 6 -1  1
14192059437591479297
6 4 5 4 -1  3
14192438569654789736
4 2 1 5 -1  1
14192626546795090394
7 0 7 1 -1  2
14192737884645387189
4 6 4 7 -1  1
14192823999749511509
5 5 6 3 -1  1
14192965045432544250
6 0 5 0 -1  1
14193363146824814803
7 6 7 7 -1  1
14193578160051477550
7 6 6 7 -1  1
14193628327130124874
6 7 5 7 -1  1
14193695299588644913
6 1 5 1 -1  2
14193743633593448548
4 0 4 1 -1  1
14193849276680456631
7 6 7 7 -1  1
14194250468375344899
3 4 5 4 -1  1
14194488959317444177
6 4 5 3 -1  1
14194558237071982111
6 2 4 0 -1  1
14194703050620961809
5 3 4 4 -1  1
14194764100358413290
7 0 6 0 -1  1
14195199682250978383
5 2 4 2 -1  1
14195305769611267217
4 2 3 2 -1  1
14195376041918815257
6 1 3 4 -1  1
14195635207374411952
1 2 2 2 -1  1
14195681335489427622
7 5 6 4 -1  1
14195879707602136116
2 0 1 0 -1  1
14195912633309804120
4 7 3 7 -1  1
14196149007554539504
2 3 1 4 -1  1
14196397471648085068
7 6 6 7 -1  1
14196470405530890943
6 1 5 1 -1  1
14196572428100323574
5 1 3 3 -1  1
14196624563891247778
6 1 5 2 -1  1
14196729281695348865
4 7 3 6 -1  1
14196735316577880790
6 5 5 5 -1  1
14196785275425212836
7 2 0 2 -1  1
14196869716195670258
4 4 3 4 -1  2
14196929322831204611
7 5 6 4 -1  1
14197009936251027217
4 5 3 5 -1  1
14197088471031051048
5 4 4 4 -1  1
14197250409528369150
3 3 2 2 -1  2
14197353562105165118
7 7 3 7 -1  1
14197418927873205241
7 1 5 2 -1  1
14197526209576012464
3 4 3 5 -1  2
14197985884008872748
3 1 2 0 -1  1
14198305499279404771
7 3 7 4 -1  1
14198343855364210106
4 5 3 5 -1  1
14198370077015576920
6 7 5 6 -1  1
14198601886871187538
5 4 6 5 -1  1
14198674017882755879
6 3 7 5 -1  1
14198683743409156729
3 1 2 0 -1  1
14198721769419984705
3 4 5 6 -1  1
14198813729555523273
6 7 5 6 -1  1
14198975804134774864
3 5 4 3 -1  1
14199097151190702998
5 3 5 2 -1  1
14199140019006081582
7 5 7 4 -1  1
14199148268335440815
6 7 5 7 -1  1
14199240238331905754
2 4 3 5 -1  1
14199457764633150623
7 0 7 1 -1  1
14199461150164397304
4 5 5 6 -1  1
14199483967632185351
1 3 3 3 -1  1
14199584002767893195
4 6 3 5 -1  1
14199726902256670751
6 3 5 3 -1  1
14200232707064386876
7 0 7 2 -1  1
14200731865315029022
6 5 5 4 -1  1
14200759182723460611
5 5 6 4 -1  1
14200795949728767603
6 3 5 5 -1  1
14200884378576554354
4 3 3 4 -1  1
14200904454376246740
5 4 6 5 -1  1
14201064584388520087
7 1 6 3 -1  1
14201145582235152250
4 2 2 3 -1  1
14201230814139074015
7 5 7 2 -1  1
14201442129582369230
2 0 0 0 -1  1
14201472293927962352
3 0 6 3 -1  1
14201689754797765490
7 6 6 7 -1  1
14201788380098423450
5 5 3 4 -1  1
14201820728272517814
1 2 2 1 -1  1
14201936681002815403
6 2 5 2 -1  2
14202134948825652648
7 6 5 5 -1  1
14202270132801040524
4 5 3 4 -1  1
14202288901285960846
4 2 3 2 -1  1
14202513294089839943
4 7 4 6 -1  1
14202637366628234592
5 5 3 4 -1  1
14202761453144620769
6 6 5 7 -1  1
14203093589030815469
7 4 7 2 -1  1
14203260753659234265
2 1 3 0 -1  1
14203340781492502198
7 6 7 5 -1  1
14203351368351577044
7 6 6 7 -1  1
14203410225036036105
6 2 4 2 -1  1
14203517058120553597
5 7 1 3 -1  1
14203555375527040026
3 2 5 4 -1  2
14203630673656166046
4 1 2 2 -1  1
14203678883483759327
4 2 3 3 -1  1
14203780512117948023
6 2 7 3 -1  1
14203929690026920622
7 5 7 4 -1  1
14203972261517101638
6 2 2 2 -1  1
14204022590879852666
5 5 7 4 -1  1
14204090732757782622
4 5 3 3 -1  1
14204142026210995937
4 2 2 1 -1  1
14204520661273014569
6 1 2 1 -1  1
14204549395932560851
4 0 6 2 -1  1
14204573308150207002
6 5 4 5 -1  2
7 1 6 3 -1  1
7 5 5 3 -1  1
7 6 5 5 -1  2
14204662849587591859
6 4 4 3 -1  1
14204826542669547225
7 5 5 3 -1  1
14204841374546213814
6 1 5 1 -1  1
14204882335220627966
4 5 3 5 -1  1
14204900415228747828
6 3 0 3 -1  1
14205046181364738430
4 5 3 5 -1  1
14205084698960584164
6 2 7 3 -1  1
14205158945915716023
6 4 6 0 -1  1
14205161406694623077
5 5 6 3 -1  1
14205636004197602311
1 1 4 4 -1  1
14205925907217453040
5 2 3 3 -1  1
14206023483745198270
5 0 4 1 -1  1
14206218354342160569
7 2 5 2 -1  3
14206231223109227334
4 2 6 4 -1  1
14206246949375141084
7 7 7 4 -1  1
14206301884580631970
1 0 4 3 -1  1
14206328494070060243
6 3 6 2 -1  1
14206345024488085042
7 5 4 2 -1  1
14206447311949265927
7 3 6 2 -1  2
14206994031309513299
7 2 4 5 -1  1
14206996043861359658
7 4 7 3 -1  1
14207037020012142055
7 0 7 2 -1  1
14207065408712361221
4 4 3 5 -1  1
14207261918966540956
4 2 3 2 -1  1
14207281680647453805
1 1 0 1 -1  1
14207421047149999299
5 4 4 4 -1  1
14207431798154150596
0 3 3 6 -1  2
14207601666785543493
7 0 7 3 -1  1
14207667961588354842
6 3 5 2 -1  1
14207773298621103207
3 0 2 0 -1  1
14207855443297793621
5 4 4 3 -1  2
6 1 4 1 -1  2
6 3 5 3 -1  18
14207884731977826487
3 4 3 2 -1  1
14208051040281997130
5 1 7 3 -1  1
14208121222028154416
7 4 6 4 -1  1
14208201641136179762
4 2 5 1 -1  1
14208339303680224025
2 3 1 5 -1  3
14208451618714617028
0 6 6 0 -1  2
14208653710498868017
6 1 5 1 -1  1
14208681463500338315
3 3 2 4 -1  1
14208692163777503677
7 0 7 2 -1  1
14209041582647215100
6 3 7 5 -1  2
14209080225904267012
6 2 7 1 -1  1
14209267070251519754
4 5 3 5 -1  1
14209308192362157588
6 6 5 5 -1  1
14209346859362469450
4 6 3 7 -1  1
14209514941872161061
3 3 4 3 -1  1
14209533659062937950
2 5 3 4 -1  1
14209550381651313888
1 7 2 7 -1  1
14209608503226409802
6 6 3 3 -1  1
14209668206346485733
4 3 5 1 -1  1
14210006910880558570
4 5 4 6 -1  1
14210038898526258176
1 0 0 1 -1  1
14210079244342407877
5 5 3 4 -1  1
14210270214625209058
6 3 5 4 -1  1
14210430691908491956
1 3 5 3 -1  1
14210452522141426151
4 6 6 6 -1  1
14210570741459217489
6 3 4 2 -1  1
14210623202616235014
5 2 4 4 -1  2
14210635886681079579
4 4 3 2 -1  1
14210707765512675168
6 4 5 6 -1  1
14210848615872024310
5 4 4 3 -1  1
14210850274820042368
5 6 4 6 -1  1
14210921796838827871
7 5 7 4 -1  1
14211062968275504294
6 7 5 7 -1  1
14211253654298730328
5 5 6 3 -1  1
14211279228447581850
3 5 3 4 -1  1
14211440667818817321
7 0 6 0 -1  1
14211534725050504873
6 2 4 4 -1  1
14211729379612817047
6 4 7 3 -1  1
14211996004487735558
1 1 1 5 -1  1
14212015122959455407
7 4 7 6 -1  1
14212071614923657121
6 6 5 6 -1  1
14212257755274587744
3 1 5 3 -1  2
14212347831732418420
7 7 7 6 -1  1
14212430906340301645
6 0 5 0 -1  1
14212432800939262789
6 5 5 5 -1  1
14212438845517968891
6 4 5 4 -1  1
14212627043588300589
5 2 4 2 -1  1
14213137081671858112
5 3 7 3 -1  1
14213167031440064099
4 0 3 1 -1  1
14213199043413055300
4 2 1 5 -1  1
14213492176966242687
6 6 7 5 -1  1
14213628756372134732
5 4 4 3 -1  1
14213826517255830635
5 4 4 3 -1  2
14213902970046568863
7 3 3 7 -1  1
14213980142170128571
4 3 3 2 -1  1
7 4 7 6 -1  4
14214159667952363167
4 4 3 4 -1  1
14214221401047209356
5 5 3 4 -1  1
14214255148640957031
7 0 6 0 -1  1
14214382249133283535
4 2 5 3 -1  1
14214397153021154134
6 2 5 2 -1  1
14214398929875807995
7 0 7 3 -1  1
14214718408027475138
7 1 7 0 -1  1
14214737474386113325
4 4 3 6 -1  1
14214802894998606057
2 0 4 2 -1  1
14214849115596160042
3 3 4 4 -1  2
14214874077690115179
6 4 4 4 -1  1
14214885188302106939
3 4 1 3 -1  1
14214986470193465425
6 4 4 2 -1  1
14215016014833489810
5 1 7 3 -1  1
14215187042347884283
7 2 4 2 -1  1
14215191697721912448
5 4 6 3 -1  1
14215249077282676225
7 2 6 3 -1  1
14215501434093712406
5 1 4 0 -1  1
14215554142169428211
3 4 2 4 -1  1
14215611679754002485
7 6 7 5 -1  1
14215850443086201056
7 1 5 1 -1  1
14215889488057004144
6 2 5 1 -1  1
14216009338732004169
7 3 4 6 -1  1
14216096887511336020
6 2 6 1 -1  1
14216202780217557278
4 5 3 5 -1  1
14216337443614189687
7 1 3 1 -1  1
14216398085870682885
4 2 1 5 -1  1
14216467820678346948
7 2 5 4 -1  1
14216587789809435465
7 4 6 4 -1  1
14216656283422602416
7 2 6 1 -1  1
14216690886108309309
4 6 3 6 -1  2
14216981188062188187
5 6 4 5 -1  1
14217133473222678895
7 3 7 0 -1  1
14217172066867194600
7 7 7 6 -1  3
14217175688201986779
7 6 6 5 -1  1
14217286455612306048
7 1 5 2 -1  1
14217380781616844954
6 3 5 3 -1  1
14217807931612199829
6 1 7 2 -1  1
14217946837379848633
7 4 7 6 -1  1
14218106264350029467
6 0 5 0 -1  1
14218307105744606655
1 6 2 5 -1  1
14218454999246856922
6 7 4 7 -1  1
14218506825026175535
6 4 5 4 -1  1
14218550785242034454
5 1 4 2 -1  1
14218666389000507576
7 4 7 6 -1  1
14218710796642217218
4 3 3 3 -1  1
14218803150931422056
0 3 7 3 -1  1
14218842427570159374
7 1 7 2 -1  1
14218933224172144779
6 7 7 6 -1  1
14219214627495490846
5 6 3 7 -1  1
14219360918476168032
7 1 6 3 -1  1
14219387569812317306
4 1 3 1 -1  1
14219413231930604947
6 4 3 7 -1  1
14219569362081619032
2 4 3 2 -1  1
14219983386511650224
5 6 4 6 -1  1
14220105809568400863
5 5 3 4 -1  1
14220216971486091676
5 2 4 3 -1  1
14220396955713752026
7 2 6 1 -1  1
14220487016523339523
7 2 6 3 -1  1
14221053561518790568
7 6 6 5 -1  1
14221069716524817047
6 3 5 5 -1  1
14221084361206530629
5 0 4 1 -1  1
14221157180175399672
4 0 6 1 -1  1
14221223349819592512
2 5 4 5 -1  1
14221346430519380190
3 0 6 3 -1  1
14221350094149079995
3 2 2 4 -1  1
14221513320599337074
6 0 4 0 -1  1
14221753229591911777
4 4 3 2 -1  1
14221913409763010523
6 3 5 5 -1  1
14222033302072036450
6 2 4 3 -1  1
14222150527171039592
5 6 5 7 -1  1
14222377576834840647
4 4 0 4 -1  1
14222463445442332966
6 2 4 2 -1  1
14222831021588415389
3 2 3 1 -1  1
14222990532024005292
6 4 6 2 -1  1
14223038946268193051
6 3 3 3 -1  1
14223040197115346249
6 6 5 6 -1  1
14223045962861004143
7 5 6 4 -1  1
14223163826700784404
4 2 4 1 -1  1
14223187118148069987
3 7 4 6 -1  1
14223295165027395040
5 5 4 4 -1  1
14223312893319088383
5 2 3 3 -1  1
14223373081235992152
7 3 1 3 -1  1
14223393945117353290
5 0 4 1 -1  1
14223402804876210907
3 1 2 0 -1  1
14223568391473645359
4 4 3 3 -1  1
14223666269905387950
6 5 7 6 -1  1
14224002621890943411
6 0 4 0 -1  1
14224017459189604032
4 3 4 0 -1  2
4 3 5 3 -1  17
4 3 5 4 -1  3
4 3 7 3 -1  1
14224130298551987403
6 3 4 1 -1  1
14224229076167390685
7 4 5 4 -1  1
14224295251759690666
5 6 6 6 -1  1
14224448034897198402
5 4 4 3 -1  1
14224469150294885561
6 4 5 5 -1  1
14224533689937080594
7 5 7 3 -1  1
14224644320556746416
7 2 7 3 -1  1
14224807135168647736
7 2 7 4 -1  1
14225229381409433404
4 6 2 7 -1  1
14225427909821438755
6 2 5 2 -1  1
14225489242948923971
6 3 4 2 -1  1
14225619401629262093
3 4 1 3 -1  1
14225954718425490064
6 4 6 0 -1  1
14226000334630753163
4 5 3 5 -1  1
14226011266427584298
7 4 7 6 -1  5
14226132875206411008
5 1 3 2 -1  1
14226249056957223567
7 2 7 3 -1  1
14226297639618497340
0 2 1 2 -1  1
14226319388894121713
7 7 4 7 -1  1
14226439222474938914
3 6 2 6 -1  1
14226457492424295018
4 0 5 2 -1  1
14226507836367997716
4 1 3 2 -1  1
14226522821017814648
4 5 3 5 -1  1
14226874244894224195
4 2 2 3 -1  1
14226905823588213566
7 2 5 4 -1  1
14226918443169581862
5 4 2 1 -1  1
14227196553853086968
4 5 3 6 -1  1
14227210617230651942
7 5 6 6 -1  1
14227527073124210110
6 3 5 5 -1  1
14227763727036615940
7 3 7 7 -1  1
14227890412349068547
5 4 4 5 -1  1
14227951688227244598
7 4 7 3 -1  1
14227979452736415178
7 2 7 4 -1  1
14228024610750986397
4 7 3 7 -1  1
14228052923797609672
7 5 6 6 -1  1
14228058718808058550
5 7 6 7 -1  1
14228322990950148411
2 1 2 5 -1  1
14228435754361544712
6 3 4 4 -1  1
14228662085104072004
7 6 7 5 -1  1
14228693787715578669
7 4 3 4 -1  1
14228741420611050491
4 5 6 4 -1  1
14228995829861819075
4 5 3 5 -1  1
14229128070771919572
7 3 5 1 -1  1
14229146899008336927
4 3 4 4 -1  1
14229195371573501039
7 4 6 4 -1  1
14229256812649810123
7 3 2 3 -1  1
14229475403659039610
5 4 1 0 -1  1
14229658795262552701
7 3 6 3 -1  1
14230290213835975731
4 0 3 2 -1  1
14230641181768799337
3 5 2 5 -1  1
14230644414363537997
7 2 7 5 -1  1
14230722949884609888
5 5 6 4 -1  1
14230770635343015200
4 5 3 4 -1  1
14230877863911178084
5 1 4 1 -1  1
14230935548267916411
7 7 3 7 -1  1
14230945400380267133
7 4 7 6 -1  1
14231086163275222005
7 3 6 4 -1  1
14231305308514385250
4 3 3 2 -1  1
14231584211623117924
4 5 5 6 -1  1
14231637122418100251
7 6 6 6 -1  1
14231933277770973808
6 1 5 1 -1  1
14231936658970316117
5 4 3 6 -1  1
14231969720322312809
6 6 5 7 -1  2
14232539229586089129
7 5 6 6 -1  1
14232594504766812633
6 1 5 2 -1  3
14232791987734638456
4 3 3 3 -1  3
14232937686744009775
6 2 6 3 -1  1
14232982297804078122
7 2 7 3 -1  1
14233210368266342443
6 0 4 0 -1  1
14233278553868247644
6 2 6 1 -1  1
14233428869144062356
5 4 1 0 -1  1
14233528274697902216
7 1 6 1 -1  1
14233627830648106102
4 1 3 2 -1  1
14233732612602534974
4 3 3 3 -1  1
14233864801486813310
7 3 6 4 -1  1
14234258420981900380
5 2 3 3 -1  1
14234295685244925793
6 7 4 7 -1  1
14234338212465008842
5 4 4 3 -1  1
14234396535087547775
5 7 2 4 -1  2
14234441234598038558
6 0 5 0 -1  1
14234453302096447924
5 1 6 2 -1  1
14234591633234208528
6 2 2 6 -1  1
14234618150794156422
2 4 6 4 -1  1
14234618497587794697
5 2 1 6 -1  1
14234654077257750239
7 2 7 4 -1  1
14234670220803243031
7 5 7 4 -1  1
14234752623480970222
7 6 6 7 -1  1
14234905214009500980
2 5 2 1 -1  1
14234929299806997059
4 5 3 5 -1  1
14235041986795560164
7 2 4 2 -1  1
14235073028777166624
7 4 6 5 -1  1
14235322020999591576
5 5 5 3 -1  1
14235323844467988691
5 0 4 1 -1  1
14235351624384957099
5 5 6 3 -1  2
14235589121469849562
7 2 6 1 -1  1
14235718237935384132
4 2 6 3 -1  2
14235829327156709236
6 4 6 3 -1  1
14235841880422550287
5 6 6 5 -1  1
14235898327166082242
6 0 5 1 -1  1
14236085277657467842
4 2 3 3 -1  3
14236210924611545593
7 6 6 6 -1  1
14236271331473620899
5 5 4 5 -1  1
14236774926573835835
6 1 5 2 -1  1
14236784164778897567
6 1 6 2 -1  1
14236849808156469148
4 1 3 1 -1  1
14237065391194122704
5 7 3 7 -1  1
14237160455253417446
4 6 3 6 -1  1
14237291653840114533
6 5 5 5 -1  1
14237300058874332269
4 4 3 5 -1  1
14237313448974345204
7 3 3 3 -1  1
14237753840414821678
5 5 6 6 -1  1
14237799217363186266
5 2 5 4 -1  1
14237932559512105775
5 3 4 3 -1  1
14238630018651140046
3 4 3 6 -1  1
14238680898639237640
5 0 4 2 -1  1
14238901888622383902
1 3 2 4 -1  1
14239088703242762343
6 6 5 6 -1  1
14239121674461200765
7 4 7 6 -1  1
14239198557423941068
2 2 1 3 -1  1
14239235076373084418
5 2 5 3 -1  1
14239281868452610603
4 1 2 3 -1  1
14239505505651043900
7 4 7 6 -1  1
14239593102155919431
7 5 6 5 -1  1
14239732434974327247
3 0 3 2 -1  1
14239808724160610653
3 2 0 2 -1  1
14239907050290582548
6 7 5 7 -1  1
14239947090787036428
4 3 2 3 -1  1
14240093301785053636
7 4 7 0 -1  1
14240172085564438464
4 2 3 2 -1  1
14240237023929928390
2 1 4 3 -1  1
14240301239448545153
1 6 2 4 -1  1
14240396946658688720
7 4 4 4 -1  1
14240541734664812947
4 2 3 3 -1  1
14240557804803874213
3 3 1 3 -1  1
14240895612714190809
7 2 7 1 -1  1
14240935278726223664
7 5 7 3 -1  1
14240990034462127654
4 2 3 2 -1  1
14241048713071555165
4 1 5 3 -1  1
14241848371093725863
0 6 3 6 -1  1
14242002426634196687
6 6 7 7 -1  1
14242060238229748869
4 3 3 3 -1  1
14242142957199386160
7 4 6 4 -1  1
14242150467162770806
4 2 3 1 -1  1
14242305760887202880
5 3 4 3 -1  1
14242352776705662425
6 3 7 4 -1  3
14242538335092922417
5 6 4 6 -1  1
14242550321850835435
6 6 4 6 -1  2
14242575953941986161
7 3 2 3 -1  1
14242599454358689195
3 4 3 5 -1  1
14242698121860463060
7 5 6 4 -1  1
14242764350939317710
7 5 5 3 -1  3
14242767197578696456
5 1 6 3 -1  1
14242811907365940841
6 3 6 4 -1  1
14242871116656542211
7 5 7 4 -1  1
14242903988013837073
5 1 4 3 -1  1
14243090140738046362
5 7 4 6 -1  1
14243146509465608187
4 4 2 3 -1  1
14243178298284628235
3 3 2 3 -1  1
14243280957336320109
3 4 4 3 -1  2
14243585472605419643
7 6 6 4 -1  1
14243899980495183179
5 6 6 6 -1  1
14243916402615828745
5 3 0 3 -1  1
14243934047002157061
7 2 7 3 -1  1
14244269679507601004
4 0 3 2 -1  1
14244525606256644984
5 0 3 1 -1  1
14244565271191005413
4 2 3 2 -1  1
14244627538921635114
7 4 7 2 -1  1
14244644342329072159
6 7 5 7 -1  1
14244779693310453861
7 4 6 4 -1  1
14244825264998804365
0 6 1 6 -1  1
14244835389248909079
7 1 7 3 -1  1
14244903034446613301
1 1 7 1 -1  1
14244919785152210300
7 1 5 3 -1  1
14244947625781089006
5 5 6 3 -1  2
14245098320899158677
3 7 2 7 -1  1
6 0 5 0 -1  1
7 2 6 3 -1  1
14245305817509407127
4 4 3 5 -1  1
14245426789506936408
4 0 6 1 -1  1
14245430241634664926
7 2 6 1 -1  1
14245505182019840365
6 6 6 5 -1  1
14245598277445186124
7 6 7 7 -1  1
14245610756970608547
7 3 6 4 -1  1
14245881427799863734
7 5 7 3 -1  1
14246045328757482241
7 1 5 2 -1  1
7 1 6 3 -1  8
14246242439622880407
1 4 4 4 -1  1
14246359063277472829
4 6 3 5 -1  1
14246398815958352265
4 5 3 6 -1  1
14246698153334385885
7 1 5 0 -1  1
14246839544526122325
6 4 5 5 -1  1
14246930158208054009
3 2 4 4 -1  1
14247263103132571381
6 4 7 4 -1  1
14247523540420380127
6 4 5 4 -1  1
14247753349449549800
6 5 6 4 -1  1
14247877028457140576
3 5 2 5 -1  1
14248182202354097708
6 6 6 5 -1  1
14248317852572362525
5 3 4 3 -1  1
14248634392985516666
6 1 5 1 -1  1
14248998791473232929
3 5 2 5 -1  1
14249105694111572276
5 2 4 3 -1  1
14249179392788609459
5 1 3 3 -1  1
14249242721941383902
7 7 7 3 -1  1
14249277559592882828
5 4 4 4 -1  1
14249386354334283491
6 2 4 2 -1  1
14249713977375021745
6 7 5 7 -1  1
14249778024037671580
4 4 3 4 -1  1
14249966735066601040
5 4 4 3 -1  1
14250087783982071695
6 2 5 2 -1  1
14250368719823811493
3 0 0 3 -1  1
14250429891967340476
5 4 4 4 -1  1
14250966839618545752
5 4 4 4 -1  1
14251036015218918355
4 2 3 3 -1  1
5 5 3 4 -1  1
14251232927576727912
7 1 6 3 -1  1
14251373938894064048
6 3 4 2 -1  1
14251587099288461814
4 0 3 0 -1  1
14251665124360631179
4 6 3 6 -1  1
14251803189067916428
5 4 4 3 -1  1
14251890153037934915
7 3 5 5 -1  3
14252181346113506355
6 2 3 2 -1  1
14252210622233397255
4 6 4 4 -1  1
14252430046056099337
7 5 6 4 -1  1
14252485783610846089
5 3 4 3 -1  1
14252500075726906482
6 0 5 0 -1  1
14252783616780807832
7 4 7 6 -1  3
14253129664223881027
5 4 3 2 -1  1
14253195524554417187
7 6 5 5 -1  2
14253474537015394132
5 5 3 4 -1  1
14253573898399336886
1 5 0 6 10  1
14253797308366638537
4 7 6 6 -1  1
14254041172200259545
3 4 1 3 -1  1
14254345543129030383
4 3 2 5 -1  1
14254489653812041788
4 4 6 6 -1  1
14254492926935426757
3 2 3 0 -1  1
14254730794646956000
4 0 3 0 -1  1
14254804702340697857
7 3 2 3 -1  1
14254847708109732217
7 3 4 3 -1  1
14255039493801266907
6 6 5 5 -1  1
14255106422919373899
7 7 7 6 -1  1
14255190460558271879
3 3 2 4 -1  1
14255243194989013885
6 7 0 7 -1  1
14255254525823248235
4 5 2 4 -1  1
14255302761242862956
6 3 7 1 -1  1
14255351735212616762
7 0 0 0 -1  1
14255392797895000860
5 6 6 4 -1  1
14255693168593873014
5 5 4 5 -1  1
14255715793579176789
6 3 5 4 -1  1
14255811096653913597
7 4 7 7 -1  2
14255871851608793025
3 5 1 6 -1  1
14255994262860511477
6 4 5 4 -1  1
14256000937976146803
7 2 3 2 -1  1
14256082772144488246
5 5 4 6 -1  2
14256096343120355408
6 5 5 5 -1  1
14256098149862298597
6 6 4 4 -1  1
14256099013810506310
7 5 7 2 -1  1
14256328712970868909
7 4 3 0 -1  1
14256381899334941033
7 7 6 7 -1  1
14256403368959876892
7 3 6 3 -1  1
14257347727910254666
7 1 5 1 -1  1
14257360169918749866
4 4 5 2 -1  1
14257552483766493939
6 2 0 2 -1  1
14257656068472260918
7 6 7 5 -1  1
14257749935546385628
5 5 6 7 -1  2
14257836409281778516
7 1 7 2 -1  1
14258014298266150841
5 3 4 2 -1  1
14258071721921543256
3 3 2 3 -1  1
14258271466451318149
7 2 6 1 -1  11
14258467884998331851
7 4 6 3 -1  1
14258561196894742747
5 6 4 5 -1  1
14258568894315951071
7 6 6 5 -1  1
14258740869279014155
6 6 0 0 -1  1
14258780299250253430
6 3 5 3 -1  1
14258799960873642052
5 7 2 7 -1  1
14259088797307081899
6 5 5 5 -1  1
14259089461345525441
6 5 5 5 -1  1
14259108567334344746
5 6 5 5 -1  1
14259148451817149700
7 3 5 1 -1  1
14259236686108794338
6 5 5 5 -1  1
14259443490460910079
6 6 7 6 -1  2
14259516538133484626
0 2 2 4 -1  1
14259723556212035883
2 2 1 2 -1  2
14259742593016729582
0 5 0 3 -1  1
14259762571795204343
6 3 7 2 -1  1
14259853192382689543
3 0 2 1 -1  1
14260403761128632700
6 4 6 3 -1  2
14260426745551174219
6 3 5 4 -1  1
14260737924705780125
7 1 7 0 -1  1
14260779910560535391
4 2 5 1 -1  1
14260834795296600749
5 7 4 6 -1  1
14261069135270524939
7 5 5 6 -1  1
14261101793979209275
6 3 3 6 -1  1
14261122840773477790
5 3 6 2 -1  1
14261128814965549872
6 1 7 2 -1  1
14261146142851470722
4 1 2 3 -1  1
14261182028836563620
2 0 2 5 -1  1
14261285135942804581
7 6 7 7 -1  1
14262027524406210251
3 5 4 3 -1  1
14262255846276543026
6 2 4 4 -1  1
14262566296381237514
7 2 6 1 -1  1
14262802473326272814
3 1 4 2 -1  1
14263059071579853062
7 0 7 3 -1  1
14263078659188029008
5 2 7 1 -1  1
14263164291949666423
7 2 6 3 -1  1
14263418790588112381
4 0 3 1 -1  1
14263493335114237752
6 6 4 6 -1  2
14263637193379235586
5 5 7 4 -1  1
14263694962045414364
6 1 5 2 -1  1
14263723892417519285
1 1 2 0 -1  1
14263736114764329077
6 1 4 1 -1  1
14263787945188613311
4 5 4 3 -1  1
14263818359052067028
7 6 5 5 -1  1
14263827829830373075
2 7 5 7 -1  1
14263842538684877756
5 1 4 1 -1  1
14264074604660773199
6 5 6 4 -1  1
14264205889792739025
2 3 4 3 -1  1
14264223819865575784
4 5 3 4 -1  1
14264306089215170833
7 0 7 2 -1  1
14264367150721526296
6 0 5 0 -1  1
14264416617436955123
5 3 4 4 -1  1
14264524490649347061
6 4 7 5 -1  1
14265393360822405040
5 2 3 1 -1  1
14265437576206933637
0 4 2 4 -1  1
14265553656252671298
7 6 6 5 -1  1
14265567293999914931
7 4 4 4 -1  1
14265781135283154850
6 0 5 1 -1  1
14265805772507983061
6 5 4 7 -1  1
14266199462723081257
3 0 7 0 -1  1
14266365049336077024
6 5 5 5 -1  1
14266600368659775522
5 7 4 7 -1  1
14266645521539531385
7 7 5 7 -1  1
14266846617640493729
2 2 0 4 -1  1
14266935917819419586
7 7 7 4 -1  1
14267041779235130910
5 5 6 3 -1  1
14267252326829285484
5 4 4 3 -1  1
14267319015654184114
7 5 7 4 -1  1
14267379832679554497
0 2 0 6 -1  1
14267504396318051960
7 3 6 2 -1  1
14267641078843342670
3 2 2 2 -1  1
14267677431173091805
6 5 5 5 -1  2
6 6 4 6 -1  3
14267690226994460189
7 3 4 3 -1  1
14267860801746102988
5 2 4 3 -1  1
14267961257878199126
5 2 4 1 -1  1
14268325329342647549
2 2 1 2 -1  1
14268535346849826303
3 7 3 6 -1  1
14268755541964155501
0 6 0 2 -1  1
14269197481420325978
6 6 5 6 -1  1
14269275251808264110
6 2 4 2 -1  1
14269311736528300533
1 0 1 4 -1  1
14269401042783356930
7 2 5 4 -1  1
14269511886611614298
2 0 1 0 -1  1
14269860333422282099
6 5 5 6 -1  2
14270010384828722950
0 0 0 2 -1  2
14270068168587909460
7 1 6 3 -1  1
14270148389332881056
4 5 1 2 -1  1
14270433717210080495
6 1 4 1 -1  1
14270558526303027606
7 3 7 4 -1  1
14270572371679452431
7 3 7 2 -1  1
14270618413822890057
4 4 2 3 -1  1
14270718933183449633
7 3 5 1 -1  1
14270892343668733844
5 3 5 4 -1  1
14271066814157796444
7 5 7 3 -1  1
14271122843484323354
7 4 6 4 -1  2
14271305631495051265
7 6 6 7 -1  1
14271365251622575675
6 3 5 4 -1  1
6 5 6 4 -1  1
14271443359972033448
4 7 3 7 -1  1
14271461991977182107
6 5 5 5 -1  1
14271990467633672022
7 4 6 4 -1  1
14272244302160921562
2 7 2 6 -1  1
14272365669785341501
7 3 6 1 -1  1
14272452781531820167
6 3 4 3 -1  1
14272452877341569256
3 3 5 5 -1  1
14272539280874027126
5 3 3 4 -1  1
14272561287266387423
0 4 2 4 -1  1
14272735154820118212
7 6 6 7 -1  1
14273012915592517003
6 5 5 5 -1  1
14273083348765904735
4 3 3 2 -1  1
14273158281184926206
6 4 5 3 -1  1
14273357590448244757
2 4 2 6 -1  1
14273908315990960812
1 0 1 1 -1  1
14273999050328786888
6 3 3 0 -1  1
14274002332051377265
4 3 4 5 -1  1
14274029623804222742
6 3 5 4 -1  1
14274390556024718253
4 3 3 3 -1  3
14274596409361700110
5 5 6 6 -1  1
14274608504983475897
7 2 6 3 -1  1
14274706985215203163
5 0 3 1 -1  1
14275004026540823253
5 2 3 3 -1  1
14275063171328992143
7 4 7 5 -1  1
14275253339154010030
4 7 2 6 -1  2
14275261241490691786
7 2 7 3 -1  1
14275317046173783150
4 5 3 5 -1  1
14275426502538898499
5 3 7 5 -1  1
14275477203900612336
4 4 2 2 -1  1
14275647641049669779
7 5 6 6 -1  1
14275795583389719099
6 4 3 1 -1  1
14275860487659976675
6 6 5 6 -1  1
14276403089241186478
7 3 5 1 -1  2
14276407655773167683
5 5 5 6 -1  1
14276598796838982917
6 2 7 1 -1  1
14276599678036449746
7 5 6 6 -1  1
14276848160019194438
3 2 2 2 -1  3
14276939043917368158
5 7 4 7 -1  1
14277074766668767223
1 2 1 4 -1  1
14277104509113591064
6 4 5 4 -1  1
14277105974905919582
5 6 4 6 -1  1
14277110206076129268
4 3 3 2 -1  1
14277185271012814402
4 2 3 3 -1  1
14277358774168661644
5 1 5 4 -1  1
14277448248144649410
7 7 7 6 -1  1
14277490506497532122
6 3 6 2 -1  1
14277651064293310547
7 2 6 2 -1  1
14277777642320144151
4 3 3 3 -1  1
14277918215025140271
2 7 1 7 -1  1
14277965301034789398
5 4 6 3 -1  1
14277987373016562395
6 1 4 1 -1  1
14278275967239364982
5 1 2 1 -1  3
14278440111510468292
7 2 5 2 -1  1
14278527643675585000
7 4 5 4 -1  1
14279308553594285519
6 5 5 5 -1  3
14279472049303137450
6 3 4 2 -1  1
14279526177611997087
6 4 4 4 -1  1
14279556189953822429
4 0 3 1 -1  1
14279650158974996649
6 0 5 0 -1  1
14279733949000194199
7 1 7 3 -1  1
14279841539721140479
5 6 4 7 -1  1
14279987513638314252
5 5 4 5 -1  1
14280152595060188966
7 2 5 0 -1  1
14280153186464094211
5 2 7 3 -1  3
14280203196658754774
6 2 4 2 -1  1
14280324852420939192
5 2 3 1 -1  1
14280591919466361605
7 0 7 7 -1  1
14280597403811353562
7 2 5 2 -1  1
14280619349264634811
5 3 5 4 -1  1
14280840544573867592
7 6 7 7 -1  1
14280896534748957643
3 6 2 5 -1  1
14280909643719338320
6 3 7 5 -1  1
14280985548830237331
7 1 6 3 -1  2
14281068297221357920
6 7 5 7 -1  1
14281211267844776959
4 1 6 1 -1  1
14281585652763872312
4 5 3 4 -1  1
14281603678065396324
6 5 5 5 -1  2
7 3 5 5 -1  4
7 5 6 4 -1  2
14281763120490391135
7 2 6 3 -1  2
14281875245112514588
6 3 1 3 -1  1
14281914251878588839
6 3 5 3 -1  1
14282134415843601455
5 4 4 4 -1  1
14282201487306552534
7 6 5 5 -1  1
14282231318733930130
4 1 3 0 -1  1
14282331709796206057
7 3 4 6 -1  1
14282501917833734139
7 5 6 6 -1  3
14282557611676543063
6 6 5 6 -1  1
14282732089740102783
3 1 2 1 -1  1
14282762434192556937
4 3 3 4 -1  1
14282957456680740499
7 2 6 1 -1  3
14282960092256313422
7 0 5 2 -1  1
14282969809545647280
1 2 2 2 -1  2
14283065641367386307
7 5 7 3 -1  1
14283189874660507145
7 3 6 4 -1  1
14283200687094781219
7 0 1 0 -1  1
14283322251746081132
3 1 2 2 -1  1
14283466147724991286
7 3 6 3 -1  1
14283468792133155068
6 6 5 5 -1  1
14283731163360235129
4 6 4 5 -1  1
14283857020196847750
7 1 4 1 -1  1
14284252045456548454
3 1 5 3 -1  1
14284397024404198329
1 3 0 5 -1  1
14284438316187439605
6 3 5 5 -1  1
14284602631347999813
7 5 6 4 -1  1
14284816150807627846
1 0 3 1 -1  1
14284886558032314532
7 3 5 3 -1  1
14284907054094532211
7 0 7 2 -1  1
14285076018720236315
7 4 7 6 -1  1
14285244048991206958
6 3 5 5 -1  1
14285269348494678966
7 2 7 4 -1  1
14285362655405087329
7 2 3 6 -1  1
14285523084355650862
7 5 7 4 -1  1
14285549785556652539
5 7 4 7 -1  2
14285776885008098209
5 1 4 2 -1  3
14286000827571274885
5 1 3 1 -1  3
14286259903442005007
1 0 0 0 10  1
14286351821609421397
6 7 5 7 -1  1
14286465246161740485
7 3 3 7 -1  1
14286522815971178911
3 5 1 5 -1  1
14286685368774405760
2 0 3 0 -1  1
14286751714799694952
6 6 2 2 -1  1
14286776174368036162
1 4 2 5 -1  1
14287012407637696528
6 3 7 4 -1  1
14287063620500380569
6 4 2 0 -1  1
14287086005324365036
7 2 6 1 -1  1
14287213743438587044
3 4 1 5 -1  1
14287298758381068150
7 2 6 2 -1  1
14287423848874841656
7 5 6 4 -1  1
14287518382996769983
2 0 1 0 -1  2
14287710854964621127
5 2 3 3 -1  1
14287829440908608558
7 2 7 3 -1  1
14288009600166168639
7 0 7 4 -1  1
14288040571632071095
1 0 1 3 -1  1
14288357564205888384
5 7 5 6 -1  1
14288630329879794298
6 0 5 1 -1  1
14288724954084577304
7 5 5 4 -1  1
14288755643213077011
2 1 5 4 -1  1
14288884339898411595
3 2 4 4 -1  1
14289592713586174552
7 1 5 2 -1  2
14289664547921060285
4 3 4 1 -1  1
14289851084272485234
7 4 7 3 -1  1
14289858743545440079
7 6 6 6 -1  1
14289923372592214259
5 2 5 4 -1  2
14290019656844401559
4 5 3 6 -1  1
14290021535685148822
4 3 3 4 -1  1
14290409370766987428
7 4 3 4 -1  1
14290829277040711633
4 3 3 3 -1  1
14290892618937982194
1 1 1 0 -1  1
14291008356124584645
1 3 1 5 -1  1
14291025428379803391
7 6 7 5 -1  1
14291069455668458232
3 4 3 3 -1  1
14291277544621168559
6 3 5 5 -1  1
14291436306000079133
4 2 3 2 -1  2
14291655047255595214
7 0 1 0 -1  1
14291903317268368474
6 6 5 6 -1  1
14291917971885015117
7 2 4 5 -1  1
14291952967899232469
3 0 3 1 -1  1
14292193659232806980
7 3 5 5 -1  1
14292230419895486375
4 4 1 7 -1  1
14292303433977412578
6 4 3 7 -1  1
14292738131519756123
3 6 3 7 -1  1
14292854852777217800
6 7 4 5 -1  1
14292914162082214400
6 6 5 6 -1  1
14293371698334817654
6 6 6 5 -1  1
14293496133071343701
2 0 1 1 -1  1
14293505077390250922
3 6 3 5 -1  1
14293596600500122607
5 5 7 4 -1  1
14293898034795806443
7 4 7 6 -1  1
14293994443439278388
7 1 6 0 -1  1
14294087902771267031
4 5 3 4 -1  1
14294176846852065305
6 3 5 5 -1  2
14294460210857089892
3 1 4 3 -1  1
14294630799453554195
7 1 6 1 -1  1
14294685039116547914
6 6 5 7 -1  1
14295135002396717671
4 4 3 5 -1  1
14295202923771554770
5 2 5 3 -1  3
14295257243763036510
5 1 3 0 -1  1
14295321912032703127
4 2 1 2 -1  1
14295387299029917426
3 4 0 4 -1  1
14295452463554696259
6 4 4 6 -1  1
14296703971763599817
3 3 1 4 -1  1
14296784092967245287
4 2 3 2 -1  1
14296895881762818470
6 5 5 4 -1  1
14296962016182692500
7 4 4 4 -1  1
14297134709602725630
4 0 2 2 -1  2
14297146497616000302
5 3 5 5 -1  1
14297166246606859920
7 5 7 2 -1  1
14297279611921772219
7 1 5 1 -1  1
14297283370787098643
6 3 6 2 -1  1
14297589034463839274
3 0 2 0 -1  1
14297703002678287850
4 4 6 3 -1  1
14297744039546693572
7 4 7 6 -1  1
14297795664487455830
3 1 2 2 -1  1
14297934454354593218
7 4 7 1 -1  1
14298074177646056783
5 6 4 5 -1  1
14298510352504349003
7 1 7 3 -1  1
14298557359373867811
4 4 3 4 -1  2
14298586554376514298
5 6 3 5 -1  1
14298591958891802250
7 2 3 6 -1  1
14298856838039226035
0 4 0 0 -1  1
14298908231413550184
5 4 7 4 -1  1
14299150965133743273
5 5 4 4 -1  1
14299181866399380289
5 5 4 6 -1  1
14299424567028552465
7 2 6 2 -1  1
14299436378549439128
7 6 6 4 -1  1
14299506081057522807
6 6 5 5 -1  1
14299512264845290386
6 4 5 3 -1  1
14299527290022419475
2 7 5 4 -1  1
14299542922542110274
3 2 2 2 -1  1
14299678431669331029
7 1 6 3 -1  1
14299829176394935289
7 1 5 2 -1  1
14299868566590389541
1 6 5 2 -1  1
14299876369006244210
3 2 6 2 -1  1
14300048498673791681
5 4 7 4 -1  1
14300107937700994482
3 0 4 2 -1  1
14300198216058564939
1 3 1 4 -1  1
14300203589818225271
1 5 4 2 -1  1
14300296862258909826
3 3 2 4 -1  1
14300378522537971432
1 3 3 3 -1  1
14300382089247918651
4 6 3 6 -1  1
14300847754151398565
6 6 2 2 -1  1
14300938827697099792
4 4 3 3 -1  1
14300974999977296566
5 5 6 4 -1  1
14301096996598316052
6 0 5 0 -1  1
7 5 7 4 -1  1
14301174752642890146
6 3 5 3 -1  1
14301565181634084595
6 2 6 4 -1  1
14301715797100163447
5 5 4 4 -1  1
14301729863998020559
6 4 5 4 -1  1
14301772477526904216
7 2 4 5 -1  1
14301907589142193064
5 2 6 1 -1  1
14301951098297080343
7 7 5 7 -1  1
14301964920563066901
6 2 5 2 -1  1
14301985581282383093
7 0 7 5 -1  1
14302149935318575337
7 1 5 2 -1  1
14302364787803719775
5 3 4 2 -1  1
14302368964985833430
3 3 0 3 -1  1
14302445492560186670
6 3 5 1 -1  1
14302483109039824716
3 5 1 4 -1  1
14302682754164444058
7 6 7 2 -1  1
14302731775534920869
7 1 3 1 -1  1
14302753221629636059
6 2 7 4 -1  1
14302885875422679293
5 6 4 5 -1  1
14303058617380433791
7 3 7 0 -1  2
14303440617572827904
2 3 3 2 -1  1
14303488005623448172
6 4 4 2 -1  1
14303778137941422584
1 2 3 1 -1  1
14303871084734073931
3 6 1 5 -1  1
14303883995405333867
3 4 2 3 -1  1
14304004532802467685
6 6 5 5 -1  1
14304108955298778581
5 0 4 0 -1  1
14304132303286064834
7 2 5 4 -1  1
14304290716374700319
6 1 2 5 -1  1
14304413139375000199
6 4 5 4 -1  3
14304489690942359331
4 2 3 3 -1  1
14304526355804116006
7 2 4 2 -1  1
14304763741713703616
5 4 4 4 -1  1
14304813045761523341
4 4 3 4 -1  1
14304880262578794688
6 2 7 1 -1  1
14305021542293007866
6 5 5 6 -1  1
14305222780552075898
6 6 5 5 -1  1
14305270318189398108
5 3 4 3 -1  1
14305322146799802206
7 5 7 1 -1  1
14305419005110113926
6 6 6 7 -1  1
14305515698372827505
5 0 4 1 -1  1
14305659153379971346
5 2 6 3 -1  1
14305711766652073409
6 2 5 2 -1  1
14305836000615873128
4 7 3 5 -1  1
14305905156677900683
4 5 5 3 -1  1
14305937314450642040
7 3 6 4 -1  1
14305947731024277921
6 2 6 1 -1  1
14305959917160674274
6 6 5 5 -1  1
14306004108206599139
7 0 7 2 -1  1
14306042665929232155
1 2 1 5 -1  1
14306088635860672610
4 4 5 2 -1  1
14306158041157853541
0 3 0 0 -1  1
14306252834833193141
5 0 6 1 -1  1
14306272692255195631
4 0 3 0 -1  1
14306427354601503474
3 2 5 3 -1  2
14306442588417488930
5 5 5 6 -1  1
14306499315843567260
4 2 6 4 -1  1
14306535589420670351
7 2 4 5 -1  1
14306621437503465911
1 3 0 3 -1  1
14306690282500549275
6 1 3 4 -1  1
14306828154293484706
5 3 6 3 -1  1
14307089130711927645
5 2 3 1 -1  1
14307092710897356765
6 5 4 5 -1  1
14307157988266822818
5 6 5 2 -1  1
14307181601317415754
7 5 7 3 -1  1
14307182744185397630
2 0 6 4 -1  2
14307292873465611224
5 4 4 4 -1  1
14307455979450228603
0 1 2 2 -1  1
14307494632824776663
1 2 3 1 -1  1
14307653695146794860
5 5 6 6 -1  1
14307660538549489054
4 7 5 5 -1  1
14307922515464926652
3 2 2 3 -1  1
14307943795362513293
4 5 6 4 -1  1
14308149047450867196
6 6 4 6 -1  1
14308195923501608042
1 5 0 3 -1  1
14308211131496682130
5 2 4 0 -1  1
14308247592893829010
3 5 2 5 -1  1
14308252408988430317
6 3 4 2 -1  1
14308458576129320846
7 3 4 6 -1  1
14308503065211068569
5 2 6 1 -1  1
14308725404437129353
7 2 5 4 -1  1
14308800866172196316
4 2 3 3 -1  1
14308860979125921902
0 4 1 5 -1  1
14308971137682293886
5 4 5 1 -1  1
14309015925928894185
7 0 7 4 -1  1
14309022715027627851
3 1 6 4 -1  1
14309132367511193861
7 2 3 2 -1  1
14309214277641783589
7 4 7 2 -1  1
14309304299285606469
6 7 4 7 -1  2
14309530720890224754
7 6 6 4 -1  1
14309759269184402235
4 0 3 2 -1  1
14309927976511698594
7 7 7 6 -1  1
14309960666198667312
5 5 4 3 -1  1
14310220718925993618
3 2 1 0 -1  1
14310472010683932633
7 4 7 6 -1  1
14310475026606876340
4 3 3 4 -1  1
14310544350305318795
3 6 5 5 -1  1
14310639081696713183
5 0 4 0 -1  1
14310873271749831565
6 0 5 0 -1  1
14311098512968883665
6 5 5 5 -1  1
14311382674771081574
6 5 7 4 -1  1
14311447170328320557
4 3 3 3 -1  1
14311500962856116635
7 2 6 3 -1  1
14311532301532295849
2 0 3 0 -1  1
14311720584647851735
6 1 5 2 -1  1
14311832433007235362
5 0 3 2 -1  1
14312027384380470777
7 1 7 0 -1  3
14312138115755908059
4 7 3 7 -1  1
14312432861787220708
0 3 1 2 -1  1
1 3 1 4 -1  1
14312434254998061930
5 3 0 3 -1  1
14312619584608297091
5 6 6 7 -1  1
14312831058309749243
5 1 4 1 -1  1
14312839505654509134
5 5 5 4 -1  1
14312990276471688383
5 0 4 1 -1  1
14313024120547406298
6 3 4 3 -1  1
14313112442524906140
7 3 7 5 -1  1
14313260869933229462
5 2 4 0 -1  1
14313573142064800981
3 0 5 2 -1  1
14313696981615982962
7 7 7 2 -1  1
14313775858224651223
5 2 6 4 -1  1
14313823687200220455
4 4 6 2 -1  1
14313862418361358315
2 7 6 3 -1  1
14314137180823937904
5 4 3 2 -1  1
14314410903265157484
6 0 5 1 -1  1
14314487818174225519
3 1 3 0 -1  1
14314532687625037875
6 1 5 0 -1  1
14314633254479841647
6 6 5 7 -1  3
14314918131639285751
5 4 4 3 -1  1
14315121263322638258
4 0 4 2 -1  1
14315264231679816630
4 5 3 3 -1  1
14315310637963809878
4 2 3 3 -1  1
14315584913740396053
4 2 3 1 -1  1
14315668391193862689
1 2 1 1 -1  1
14315723456366526679
5 5 6 5 -1  1
14315943600800673274
6 4 7 3 -1  1
14316232865054990685
6 7 4 7 -1  1
14316270347079601495
6 1 5 0 -1  1
14316317790869554866
6 4 3 1 -1  1
14316375825470475045
7 5 6 5 -1  1
14316507426818978105
1 3 1 0 -1  1
14316587267718502114
5 6 3 5 -1  1
14316649459736432561
4 6 5 7 -1  1
14316684972696860682
4 1 4 2 -1  1
14316764982258110616
7 7 7 5 -1  1
14316802628151361797
2 7 5 7 -1  1
14316883028013519620
6 0 4 0 -1  1
14316890941349474490
7 6 5 5 -1  1
14316918870323550789
6 2 1 2 -1  1
14316999620202062442
1 3 3 1 -1  1
14317026562147091665
0 0 6 0 -1  1
14317113810642142685
5 1 4 3 -1  1
14317138635598688286
5 1 4 2 -1  1
14317152323484491578
5 5 3 7 -1  1
14317196729280372353
6 5 4 3 -1  1
14317225023897177168
7 7 7 6 -1  1
14317343197731722470
7 5 5 6 -1  1
14317513140105339795
7 1 7 2 -1  1
14317577649456871955
5 2 4 0 -1  1
14317621777537948756
7 3 5 1 -1  1
14317742856292005722
1 4 0 4 10  1
14317959114506869987
4 6 3 5 -1  2
14318069542612901198
3 4 6 1 -1  1
14318174813790287574
7 3 7 4 -1  1
14318238548926663460
4 4 6 3 -1  1
14318371727129333181
7 5 7 0 -1  1
14318383863534621491
6 7 5 7 -1  1
14318463028933639232
7 5 7 4 -1  1
14318674345646017021
1 1 1 4 -1  1
14318729268977709866
1 1 0 1 -1  2
14318797733541668973
6 2 5 2 -1  1
14319004361982994964
7 5 7 3 -1  1
14319108474123618172
4 2 5 1 -1  1
14319976680093537688
5 2 6 4 -1  1
14320162820576200061
4 1 3 2 -1  1
14320199775237341580
2 2 3 3 -1  1
14320585362435369558
4 0 3 0 -1  1
14320599479761430056
7 0 7 3 -1  1
14320616515725905678
4 3 2 1 -1  1
14320751834408548287
7 4 6 4 -1  1
14320802586452594511
3 6 0 3 -1  1
14320809652087320695
3 5 2 7 -1  1
14320918540735904800
5 5 5 6 -1  1
14320985124716215359
5 2 3 3 -1  1
14321018028488816284
7 2 6 3 -1  1
14321335074359327183
6 3 5 2 -1  1
14321617035122646588
6 0 5 0 -1  1
14321649897916293158
6 7 5 7 -1  1
14321845547735796354
5 5 3 5 -1  1
14321876930480605147
5 5 3 6 -1  2
14322342751598364435
4 1 6 3 -1  1
14322406729292031517
7 4 7 5 -1  1
14322791719562297191
6 3 3 0 -1  1
14322925850921284399
1 6 0 6 -1  1
14323038476988762571
3 3 5 4 -1  1
14323165668479668937
6 2 4 2 -1  1
14323369837279072879
5 4 6 3 -1  1
14323487997600751609
1 6 0 7 -1  1
14323503921115395216
5 0 4 0 -1  1
14323679196449402834
1 5 4 5 -1  1
14323985680666536616
6 1 5 0 -1  2
14324010104122921040
7 3 7 7 -1  1
14324024850838463841
4 7 3 7 -1  1
14324062400623735205
5 1 6 3 -1  1
14324296861745421153
3 1 6 4 -1  1
14324522234430006129
4 4 4 5 -1  1
14324605878628699672
1 1 2 1 -1  1
14324619271676890611
5 0 0 0 -1  1
14324703831838402691
5 3 4 5 -1  1
14324715904783439069
3 6 5 4 -1  1
14324755864391504492
7 5 5 7 -1  1
14324825768516368363
6 6 1 1 -1  1
14324882340880128452
5 6 3 5 -1  1
14324989155777912469
7 1 5 1 -1  2
14325305509020783333
4 0 0 4 -1  1
14325318800574001620
7 4 4 4 -1  1
14325381708841522704
6 3 7 5 -1  1
14325588172358481623
5 5 3 4 -1  1
14325717122758285138
4 4 5 6 -1  1
14325786225336708367
5 0 4 1 -1  1
14326170636041485313
3 2 2 2 -1  1
14326173001062415752
5 4 4 3 -1  1
14326300518563618265
5 2 4 1 -1  1
14326371355586497208
7 0 7 4 -1  1
14326377264980218771
4 2 3 3 -1  1
14326588203775665130
5 3 6 4 -1  1
14326632415207018137
6 0 4 0 -1  1
14326647737060702923
7 5 7 4 -1  1
14326868413855753669
6 2 4 4 -1  1
14326933871308486173
6 3 4 3 -1  1
14326946102125710957
6 1 5 1 -1  1
14326980663125638918
5 5 6 4 -1  1
14327063292920961933
7 0 7 1 -1  1
14327139218414935822
6 1 4 1 -1  1
14327332338302967376
5 6 4 5 -1  1
14327606677119697527
5 4 4 4 -1  1
14327675663420698678
7 4 7 5 -1  1
14327701776142529210
6 7 4 7 -1  1
14327828869088783405
6 2 5 1 -1  1
14328071080437298790
6 2 6 3 -1  1
14328143956135944717
7 4 4 7 -1  1
14328312613759337157
3 7 3 4 -1  1
14328345286766952785
6 6 5 5 -1  1
14328410740485147027
4 4 3 6 -1  2
14328443876690653018
6 2 7 3 -1  1
14328723177184485881
5 4 6 3 -1  1
14328783655619983610
6 4 5 4 -1  1
14328834211985509592
6 4 6 3 -1  1
14329034213913125504
5 4 4 5 -1  1
14329234058202138834
7 3 4 0 -1  1
14329566902785333387
7 3 5 1 -1  1
14329736254583413843
6 6 5 6 -1  7
7 1 6 3 -1  7
14329874118006304629
7 0 6 0 -1  1
14330056485240643104
6 7 5 7 -1  2
14330103427825469268
5 5 3 4 -1  1
14330219281363943498
6 0 5 0 -1  1
14330415685818915357
6 0 4 0 -1  1
14330448842705656385
5 4 5 3 -1  1
14330463458331816711
6 2 4 2 -1  1
14330510393052421410
6 1 5 2 -1  1
14330541690036719990
0 2 0 0 -1  1
14330607544761256891
7 3 7 4 -1  1
14331102912646312011
7 2 6 3 -1  2
14331170525645191606
4 6 2 7 -1  1
14331221710489655003
0 0 0 3 -1  1
14331348288316764461
7 5 6 4 -1  1
14331348962049473950
7 3 6 2 -1  1
14331650060691470683
6 0 5 0 -1  1
14331739862507819122
7 3 7 0 -1  1
14331798737526792939
6 3 6 2 -1  1
14331980695336942792
4 3 5 3 -1  1
14332104807409175878
4 3 6 3 -1  1
14332490049585660410
3 0 2 1 -1  1
14332759505357024075
7 0 7 1 -1  1
14332811454741044958
4 6 3 6 -1  1
14332878355973043426
6 3 6 5 -1  1
14332903410999243237
5 5 7 6 -1  1
14332961272743644300
7 1 5 2 -1  1
14333164437820117444
7 7 7 6 -1  1
14333335572457168133
2 5 2 3 -1  1
14333401334329038757
6 5 5 6 -1  1
14333571645705760063
7 5 5 7 -1  3
14333618443631018313
4 4 6 6 -1  1
14333665483481386354
6 3 4 5 -1  1
14333676087383238542
7 2 6 2 -1  1
14334020799408241385
7 4 7 3 -1  1
14334062135880168563
4 4 3 4 -1  1
14334078209791406183
3 3 1 2 -1  1
14334131978595476405
7 3 4 6 -1  1
14334636619734549344
5 4 4 4 -1  1
14334699411744385735
5 5 4 7 -1  1
14334884123925867069
7 5 7 3 -1  1
14335161639106976446
4 0 5 1 -1  1
14335179193264447200
5 2 4 1 -1  1
14335318395444867039
1 5 5 5 -1  1
14335562683991839447
6 3 7 4 -1  1
14335596151575390624
7 5 7 2 -1  1
14336045448458844428
5 6 5 7 -1  1
14336109795872826252
6 3 7 5 -1  1
14336198057580035452
5 7 4 7 -1  1
14336261630626755045
5 2 6 1 -1  1
14336601854801146692
3 3 3 2 -1  1
14336612237621128728
7 6 6 6 -1  1
14336640924376424480
7 0 7 1 -1  1
14336661700949703997
4 1 4 7 -1  1
14336728989951391288
4 1 3 0 -1  1
14336893086716108839
5 4 3 2 -1  1
14337064944451626994
5 5 3 5 -1  1
14337276749764395688
3 4 2 5 -1  1
14337308759997834170
7 0 7 4 -1  1
14337313274014523224
4 4 3 3 -1  1
14337477159241395676
3 3 2 3 -1  1
14337732233953287240
0 6 0 0 -1  1
14337816555594731616
7 4 6 4 -1  1
14337982113069852131
4 2 5 2 -1  1
14338005340476482570
3 5 2 5 -1  1
14338223980606715493
5 6 3 4 -1  1
14338278675977853642
7 3 7 5 -1  1
14338355771611843643
5 4 4 5 -1  1
14338415336447720167
7 6 6 6 -1  1
14338445234077225940
6 7 5 6 -1  1
14338596267896191539
7 6 6 7 -1  1
14338606281121307526
6 6 5 6 -1  1
14338617301891154199
4 2 3 2 -1  1
14338721944531407336
6 2 5 2 -1  1
14338861168826018461
5 6 4 6 -1  1
14339074101564695332
7 6 6 6 -1  1
14339243812868821001
4 3 3 2 -1  1
7 5 3 1 -1  3
14339358416150901478
7 4 7 6 -1  2
14339417345072848866
6 6 5 5 -1  2
14339448653094014536
7 0 7 3 -1  1
14339491037147579064
7 4 7 6 -1  1
14339539376309806370
7 1 6 3 -1  1
7 2 4 5 -1  3
7 3 4 0 -1  1
14339727032125399882
7 2 3 6 -1  1
14339764126668535613
6 7 5 7 -1  1
14339769593425079189
6 6 3 3 -1  1
14339967763536716962
7 4 7 6 -1  3
14339975024123828849
6 4 5 2 -1  1
14340130747514824958
5 3 6 2 -1  1
14340186631250300437
7 2 2 2 -1  1
14340338690466875491
5 7 4 7 -1  1
14340513617606433986
7 3 7 2 -1  1
14340529394906264061
5 0 5 3 -1  1
14340573456717304329
5 0 4 0 -1  1
14340600198089699891
7 5 7 4 -1  1
14340636479518829950
6 3 5 4 -1  1
14340742008749188670
5 3 4 4 -1  1
14341019015854179690
3 4 2 4 -1  1
14341026698577890277
3 2 4 1 -1  1
14341080706266614875
7 5 7 6 -1  1
14341141825377938770
6 5 5 4 -1  1
14341158604277862764
0 4 1 3 -1  1
14341235832720112993
5 4 4 4 -1  1
14341254446619366399
4 3 2 3 -1  1
14341465122990868831
5 5 6 3 -1  1
14341478733866029202
7 5 7 4 -1  1
14341746192815969414
4 6 6 4 -1  1
14341790720790969389
2 3 4 3 -1  1
14341847504111447080
7 6 7 7 -1  1
14341912281298993528
6 2 3 2 -1  1
14341942483742190362
6 5 6 7 -1  1
14342556847807258678
7 5 3 1 -1  1
14342568192872649434
3 6 3 7 -1  1
14342613724030751365
5 4 4 3 -1  1
14342624031822347388
7 3 7 0 -1  1
14343050953033877225
7 1 6 3 -1  1
14343060172088913330
5 2 3 3 -1  1
14343179122707947026
1 6 1 0 -1  1
14343343005248366549
0 7 0 0 -1  1
14343511258560990776
5 4 4 3 -1  1
14343526741053048900
6 5 4 5 -1  1
14343714130801220761
5 4 4 3 -1  1
14343817706399654991
6 4 5 3 -1  1
14344075726312924277
5 5 6 3 -1  1
14344393998581122359
5 1 3 0 -1  1
14344469599532380461
7 4 7 6 -1  1
14344592721718810305
4 1 5 0 -1  1
14344714264724809264
3 3 2 3 -1  1
14345196877635800245
0 0 0 3 -1  1
14345253854139945261
3 5 0 5 -1  1
14345443971453145851
5 3 6 3 -1  1
14345594600421285140
0 6 0 4 -1  2
14345627876980174323
1 4 2 3 -1  1
14345644153979444350
1 3 1 2 -1  1
14345676632010814278
5 5 5 6 -1  1
14345790977294978748
5 4 4 4 -1  1
14345980486896076164
4 3 4 5 -1  3
14346048519303666548
4 2 3 2 -1  1
14346132109786321052
7 5 7 4 -1  1
14346235037196936629
5 5 3 4 -1  1
14346327218802615293
4 2 5 1 -1  1
14346508026196098738
2 3 5 0 -1  1
14346579541330947736
4 3 3 2 -1  1
14346619862968072823
4 4 3 3 -1  1
14346651412735175708
0 3 0 7 -1  1
14346731195752731904
7 0 7 2 -1  1
14346735784664461795
6 4 5 5 -1  1
14347053782690636188
6 7 5 7 -1  1
14347188367955758505
7 1 7 0 -1  1
14347253295306467992
6 4 7 5 -1  2
14347339599047640067
7 4 7 6 -1  2
14347669793548071465
6 1 7 0 -1  1
14347701370204302261
4 4 5 5 -1  1
14347755331617803465
4 4 6 5 -1  1
14347983859076396585
4 5 3 6 -1  1
14347992294552812679
4 1 3 2 -1  1
14348030855264014787
6 7 5 7 -1  1
14348085542372993790
7 0 7 2 -1  1
14348140433634680184
3 0 4 0 -1  1
14348629044002337679
7 5 6 4 -1  1
14348919523552772752
2 4 3 5 -1  1
14349000080640649103
3 2 4 3 -1  1
14349025834490993381
3 3 4 2 -1  1
14349288033575938321
3 6 4 4 -1  1
14349977684131232930
5 4 4 5 -1  1
14350020940960088673
6 3 6 4 -1  1
14350067749181778868
5 4 4 3 -1  1
14350082576199248362
4 7 5 5 -1  1
14350083012673611997
6 5 5 4 -1  1
14350114482302754718
6 3 6 4 -1  1
14350158355434518903
5 2 4 4 -1  1
14350342505594480222
7 1 5 2 -1  5
14350402176228831554
6 1 6 5 -1  1
14351010442439797240
4 5 3 5 -1  1
14351032446160642588
5 6 4 6 -1  1
14351202046528454346
4 5 6 3 -1  1
14351270245259692758
3 5 0 5 -1  1
14351441788394082295
3 4 3 7 -1  1
14352097697641001157
0 3 0 1 -1  1
14352116342276705609
7 4 7 6 -1  1
14352293047181911004
6 4 7 5 -1  1
14352550675233088555
5 5 4 3 -1  1
14352609055445170748
7 1 6 1 -1  1
14352632680357488909
4 4 3 3 -1  1
14352725863512569284
6 3 5 3 -1  5
14352833806096721615
7 1 1 1 -1  1
14352865020512966868
3 1 0 1 -1  1
14353048018997297893
5 5 3 3 -1  1
14353335186119183133
7 4 7 6 -1  1
14353410899793486274
7 1 6 3 -1  1
14353426247066502536
7 3 7 0 -1  1
14353431361155700672
2 1 7 1 -1  1
14353444441682725390
5 3 5 6 -1  1
14353491974881454974
6 0 5 0 -1  1
14353493487846630727
5 7 4 7 -1  1
14353612680415195258
2 2 1 3 -1  1
14353661676499988079
4 1 5 1 -1  1
14354011417439249424
5 4 2 1 -1  1
14354245070336673335
6 4 4 4 -1  2
14354345164482998138
7 4 7 6 -1  1
14354406250348234233
5 2 6 4 -1  1
14354488602140554781
5 2 3 2 -1  1
14354593278102568570
5 2 1 2 -1  1
14354602258771247303
5 0 4 1 -1  1
14354713137664350298
4 6 3 7 -1  1
14354739797343338671
6 4 6 6 -1  1
14354977064885195079
5 1 5 4 -1  1
14355143996572779026
7 5 7 4 -1  1
14355167341234896834
2 4 5 1 -1  1
14355180717587772938
6 2 4 3 -1  1
14355220917180698922
3 0 2 1 -1  1
14355306477731191778
4 7 3 7 -1  1
14355307304098001274
7 3 7 2 -1  1
14355539320541533122
0 1 3 1 -1  1
14355613635338582360
7 0 7 1 -1  1
14355991430161293555
6 5 5 4 -1  1
14356022683979848724
6 4 7 6 -1  1
14356064552810933793
4 0 6 2 -1  1
14356187704726820786
3 0 2 0 -1  1
14356282097250697580
3 6 6 3 -1  1
14356346964671937787
7 4 6 4 -1  1
14356559516815532804
6 4 5 5 -1  1
14356664019259637437
3 4 5 4 -1  1
14356703058923451049
2 0 1 0 -1  1
14356713641554216879
7 4 7 2 -1  1
14356805317870511329
6 2 6 1 -1  1
14356885224365433455
7 5 7 1 -1  1
14356930344053176036
6 3 3 0 -1  1
14357114676430960332
4 2 3 3 -1  1
14357200494019792153
4 6 3 5 -1  1
14357629928384995287
6 1 5 2 -1  1
14357677111333151451
6 4 6 3 -1  1
14357798353879860383
3 6 2 6 -1  1
14357800068238154118
5 0 4 0 -1  1
14358109641849939159
5 5 4 6 -1  1
14358496775137315426
5 6 4 6 -1  1
14358651618171043060
6 0 5 0 -1  1
14358808216621479581
5 3 5 2 -1  2
14358815346780061014
5 5 6 3 -1  1
14359169921163361661
6 0 7 0 -1  1
14359206172077159619
4 1 6 1 -1  1
14359309910231985500
7 5 4 2 -1  1
14359342722357162778
3 2 5 1 -1  1
14359384811394598668
5 0 4 1 -1  1
14359391860895555925
7 5 7 4 -1  1
14359461920275100152
7 5 7 4 -1  1
14359567918557882877
5 2 4 2 -1  3
14359568740269594755
3 3 7 7 -1  1
14359583731916244544
3 4 4 4 -1  1
14360029133989762906
4 2 3 4 -1  1
14360213087504916111
6 7 5 7 -1  1
14360282965956009272
2 5 1 6 -1  1
14360309930148038299
7 5 6 6 -1  1
14360337034605736341
7 5 6 4 -1  1
14360462354089954669
4 3 3 4 -1  1
14360545129484290559
7 7 7 0 -1  1
14360564629546497684
7 1 5 2 -1  2
7 4 7 6 -1  1
14360600455657524577
6 7 4 7 -1  1
14360841961359783632
3 1 7 5 -1  1
14361007527301188853
5 0 6 1 -1  2
14361133237689627438
6 4 4 3 -1  1
14361136170664980290
7 0 5 0 -1  1
14361483242936502939
7 2 6 2 -1  1
14361625907951480553
7 1 0 1 -1  1
14361859179480454125
7 2 5 4 -1  1
14361961433031533212
6 4 7 3 -1  1
14362190480579468951
1 0 1 4 -1  1
14362356440141433978
6 2 5 2 -1  1
14362395084170386005
4 3 3 2 -1  1
14362514171597885641
7 1 1 1 -1  1
14362692490758408004
3 6 4 5 -1  1
14362742310914357294
5 4 3 5 -1  1
14362830227597731583
6 7 4 6 -1  1
14362949082050904718
4 2 3 4 -1  1
14363004009747701923
5 3 4 3 -1  1
14363148225660858157
7 7 6 6 -1  1
14363232912764771740
3 5 3 6 -1  1
14363317968338865397
5 3 2 3 -1  3
14363460404435942828
7 3 3 7 -1  1
14363755082233214739
1 3 1 0 -1  1
14364007527345808476
5 5 3 4 -1  1
14364091117134626404
4 2 6 3 -1  3
14364378691916161221
7 3 6 3 -1  1
14364465705925564196
4 1 2 1 -1  1
14364476727248563676
3 3 5 5 -1  1
14364515562204262763
7 2 6 1 -1  3
14364563907365278736
7 0 7 2 -1  1
14364768936296244208
7 2 5 4 -1  5
7 4 7 6 -1  2
14364904231325180990
7 5 6 4 -1  1
14364927039400763776
5 2 4 2 -1  1
14365140983723690452
6 3 7 4 -1  1
14365375464046251230
3 6 5 7 -1  1
14365382224286270132
5 3 4 5 -1  1
14365695888140260886
6 2 4 2 -1  1
6 4 5 4 -1  1
6 6 5 6 -1  2
14365887604629779672
4 3 1 3 -1  1
14365972208624800514
1 4 0 4 -1  1
14365974803485815002
4 6 3 6 -1  1
14366014277103627500
6 0 4 0 -1  1
14366130941754802340
5 3 4 3 -1  1
14366423926059677125
6 0 6 4 -1  1
14366590732419336450
6 3 4 2 -1  1
14366684177341952615
6 7 5 7 -1  1
14366704916534253172
4 2 3 4 -1  1
14366770097108955102
7 5 7 0 -1  1
14366830731963537556
6 2 6 0 -1  1
14366901941258370434
4 2 5 2 -1  1
14366945967881526328
7 2 3 6 -1  1
14367045016564925967
6 7 4 5 -1  1
14367224123357787308
4 6 6 4 -1  1
14367224825608430052
4 3 3 4 -1  1
14367387229463008266
4 0 7 3 -1  1
14367538948787209380
3 3 5 2 -1  1
14367597953188872184
4 7 3 7 -1  1
14367760609634048253
0 3 0 6 -1  1
14367779002738060521
1 0 1 2 -1  3
14367875843581668917
6 6 5 5 -1  1
14367911375599393909
7 1 5 2 -1  1
14368602789368250988
7 4 1 4 -1  1
14368704506429952560
7 2 5 4 -1  1
14369212430518820136
4 3 3 3 -1  1
14369364355256051435
5 3 5 2 -1  1
14369449431125988558
6 4 6 5 -1  1
14369465097810568936
6 4 5 5 -1  1
14369614268446540952
5 4 5 3 -1  1
14369647969743049833
7 5 7 3 -1  1
14369729686868744004
2 0 3 1 -1  1
14369808588200288764
6 4 4 4 -1  1
14369884515260566758
6 3 5 5 -1  1
14369902363714413582
6 7 5 7 -1  1
14369988365852334931
7 5 7 4 -1  1
14370137605727501948
5 6 4 6 -1  2
14370170386975313604
4 4 3 4 -1  1
14370679769819096010
4 4 3 4 -1  1
14370852293274817913
6 4 5 4 -1  1
14371185707366746720
7 6 7 5 -1  1
14371469198138245290
2 1 2 2 -1  1
14371525238842700746
7 1 6 3 -1  1
7 5 6 4 -1  1
14372169398288226405
4 4 5 2 -1  1
14372206197781607320
7 2 6 1 -1  1
14372211589796626173
6 0 5 0 -1  1
14372234650082926530
5 1 4 1 -1  1
14372254207748107746
6 6 5 7 -1  1
14372481916967612577
7 6 7 7 -1  1
14372526007255705340
7 5 7 1 -1  1
14372658931752009485
7 4 6 4 -1  1
14372761997073945632
4 2 4 0 -1  1
14372878558472542721
6 3 5 2 -1  2
14373016739327681906
5 3 6 4 -1  1
14373018133885823262
7 3 7 0 -1  1
14373105392481598727
7 5 7 4 -1  1
14373121824640100075
6 0 5 0 -1  1
14373209860191233320
5 1 6 0 -1  1
14373307932976411533
5 7 4 7 -1  1
14373591299201005730
3 6 5 7 -1  1
6 7 4 7 -1  1
14373690549527944587
6 7 4 7 -1  3
14373730973736766268
7 3 6 4 -1  1
14373733649444764412
4 4 3 4 -1  1
14373764010608361809
4 3 2 5 -1  1
14373790902784479982
6 3 7 1 -1  1
14373898710902504282
5 2 5 0 -1  1
14374232887722433583
6 6 7 7 -1  1
14374277225785183876
6 2 4 0 -1  1
14374579353449990939
6 6 5 6 -1  1
14374583997368132558
5 2 6 1 -1  1
14374821306198603687
4 2 5 3 -1  1
14374969217410663089
7 3 5 1 -1  1
14375423077889073974
3 1 2 1 -1  2
14375423145675616452
5 2 6 4 -1  1
14375517361831592008
0 3 2 1 -1  1
14375586587092455238
3 6 2 6 -1  1
14375590846050051183
3 6 2 6 -1  1
14375723548232966459
4 6 3 5 -1  1
14375835753211728687
6 3 6 7 -1  1
14376207691698854836
5 2 3 0 -1  1
14376262011633311122
4 5 5 4 -1  1
14376363647522844612
0 1 1 0 -1  1
14376434149954931166
5 6 4 6 -1  2
14376517981647413278
3 3 2 1 -1  1
14376605708026259737
5 5 4 5 -1  1
14376764733681655241
7 2 6 3 -1  1
14376836484866496379
4 4 5 5 -1  1
14376858081081455193
6 4 7 3 -1  1
14377191788509801331
3 4 3 6 -1  1
14377210878830933649
5 0 6 2 -1  1
14377259892071442479
7 4 6 5 -1  1
14377386453329563144
2 0 1 0 -1  1
14377450180898556648
6 5 7 6 -1  1
14377535652528384338
3 7 1 7 -1  1
14377544368864163323
4 2 6 1 -1  1
14377742788785045842
6 4 7 3 -1  1
14378060272980717368
5 4 4 3 -1  1
14378084790450043149
7 3 6 4 -1  1
14378380088814504166
3 6 2 6 -1  1
14378501973017616540
2 0 4 2 -1  1
14378521285121822888
4 3 3 4 -1  1
14378737397164042170
5 5 3 4 -1  1
14378845558376361260
5 3 4 2 -1  1
14379166380653116411
6 4 3 1 -1  1
14379280027137759926
6 4 7 6 -1  1
14379310454539471568
6 1 5 1 -1  1
14379556530887036429
6 4 5 3 -1  1
14379577388943106124
7 2 6 3 -1  1
14380015342232407196
4 3 3 2 -1  1
14380106839189931051
7 0 7 1 -1  1
14380415138377183032
6 0 5 0 -1  1
14380945904140607828
1 6 2 5 -1  1
14381022020558210071
7 2 5 4 -1  1
14381069983868484053
7 2 7 3 -1  1
14381086517693277822
7 6 5 5 -1  1
14381100282732454445
5 2 7 3 -1  3
14381319464373582062
1 5 0 3 -1  1
14381361268183392003
3 5 2 4 -1  2
14381614749367137176
4 4 5 6 -1  1
14381653938687586006
5 6 4 5 -1  1
14381654754592995227
6 3 6 6 -1  1
14381918678922201025
6 2 4 2 -1  1
14382095243510174984
7 1 7 0 -1  1
14382222363962982678
7 2 7 3 -1  1
14382336478868466671
2 0 1 1 -1  1
14382506723605781748
3 1 1 0 -1  1
14382827891175976119
4 4 4 5 -1  1
14382910941570337507
3 1 0 4 -1  1
14382964303752511470
6 5 5 5 -1  1
14383002234593245576
7 3 4 3 -1  1
14383531618682322034
6 3 5 3 -1  1
14383549833164776255
0 4 0 7 -1  1
14384001234382524968
7 6 6 6 -1  1
14384148416270762087
7 5 7 0 -1  1
14384185199917691279
5 5 6 3 -1  1
14384199104730025915
6 1 7 2 -1  1
14384211246136525155
5 0 4 1 -1  1
14384331745948072656
6 1 5 1 -1  8
14384371350399061226
3 2 2 2 -1  1
14384417407968788194
6 4 3 1 -1  1
14384572030456302176
5 6 4 5 -1  1
14384583153829190121
7 0 0 0 -1  1
14384661887730323395
5 5 3 4 -1  1
14384756291892457411
4 1 3 2 -1  1
14384959961065280113
4 2 3 1 -1  1
14385168229389525454
6 6 5 5 -1  1
14385368023921240410
5 7 4 7 -1  1
14385369495607651079
5 4 4 2 -1  1
14385543774335741540
7 4 7 6 -1  1
14385726556389098840
2 5 2 7 -1  2
14385737847584626794
7 2 7 1 -1  1
14385888488549731246
6 4 5 4 -1  1
14385980145718259510
7 3 7 1 -1  1
14386073379711861800
7 1 6 3 -1  2
14386098080937635281
7 1 7 2 -1  1
14386123513244551361
5 0 1 4 -1  1
14386124850620495559
7 1 6 1 -1  1
14386164073319086008
4 1 3 1 -1  1
14386203117052629439
5 1 2 4 -1  1
14386228246979264855
7 6 7 2 -1  1
14386385166795756022
7 6 6 5 -1  1
14386564169335960316
6 2 6 4 -1  1
14386564693121969656
2 4 0 5 -1  1
14386570130800290114
5 4 4 4 -1  1
14386608640471286909
5 6 5 5 -1  1
14386825357707621884
7 1 7 2 -1  1
14387692336351566701
7 5 7 4 -1  1
14387733591234437873
5 5 3 4 -1  1
14388141386754986750
3 7 1 5 -1  1
14388202867092003731
6 0 7 0 -1  1
14388408982080644979
6 7 6 6 -1  1
14388581226525756118
0 1 1 1 -1  1
14388737540664900781
4 3 3 3 -1  1
14388971462263742614
6 7 5 7 -1  2
14388983831305516171
4 7 4 5 -1  1
14388992933785408993
5 5 4 4 -1  1
14389020639916086669
2 2 2 7 -1  1
14389061024732352709
7 0 5 2 -1  1
14389231469432360936
5 5 4 4 -1  1
14389300572104273238
5 2 4 2 -1  1
14389329217348370908
6 6 5 5 -1  1
14389342946584764194
3 1 2 2 -1  1
14389381545458839977
5 3 4 3 -1  1
14389422096552623849
5 1 7 1 -1  1
14389513833930586902
7 2 5 4 -1  1
14389948922303011785
7 0 7 1 -1  1
14390028163614761874
6 3 5 1 -1  1
14390309900124097586
6 4 5 5 -1  2
14390313008831045547
4 5 2 4 -1  1
14390581864384155521
4 3 1 3 -1  1
14390582589393909049
7 5 6 6 -1  1
14390707973040055971
7 1 5 1 -1  3
14390736258266053907
6 0 5 0 -1  1
14390816103251131102
4 2 4 4 -1  2
14391337571297244253
3 0 5 0 -1  1
14391346570093945343
6 4 5 5 -1  2
14391504304471556258
6 7 4 7 -1  1
14391592640618825592
7 5 4 5 -1  1
14391666249674692607
5 2 5 1 -1  1
14391742626050786942
7 3 7 0 -1  1
14392009080209111004
5 1 6 2 -1  1
14392035159590687219
3 3 4 5 -1  1
14392090559833554861
4 7 3 6 -1  3
14392234066891337386
3 6 2 5 -1  1
14392259269508467432
5 3 4 4 -1  1
14392383321995304500
6 0 5 1 -1  1
14392404664444287470
6 2 4 0 -1  1
14392525855944436064
3 4 4 2 -1  1
14392577359816566815
5 1 4 1 -1  1
14392603056218742936
6 6 7 5 -1  1
14392639263351047913
7 1 6 3 -1  1
14392658728719165866
7 7 7 2 -1  1
14392807951309070945
5 1 6 2 -1  1
14392883417922645080
2 3 0 3 -1  1
14393124916356680181
7 5 7 3 -1  1
14393153662805902659
4 3 3 4 -1  1
14393254539371598743
7 1 2 1 -1  1
14393443941083392121
7 0 7 3 -1  1
14393492617909406023
6 2 6 3 -1  1
14393539076673800542
3 2 2 0 -1  1
14393780361303189707
7 4 7 2 -1  1
14393937227109604547
4 3 3 1 -1  1
14394303501077954394
5 5 7 4 -1  1
14394389384415915731
3 7 2 6 -1  1
14394619691758818330
7 2 5 3 -1  1
14394636418471017029
7 6 6 6 -1  1
14394714859534226100
7 3 6 4 -1  1
14394814163228980140
6 4 5 3 -1  1
14394973219697364851
5 1 5 7 -1  1
14395025358519150173
6 3 5 2 -1  1
14395049465161048534
0 4 3 4 -1  1
14395115539120870819
4 2 5 1 -1  1
14395220165655691859
5 3 5 5 -1  1
14395266684553151362
6 4 1 4 -1  1
14395407640622081702
5 5 5 3 -1  1
14395574271463455298
1 3 1 0 -1  1
14395728354831266208
4 0 4 2 -1  1
14396295243821461745
4 7 3 7 -1  1
14396407614466115398
7 3 4 0 -1  1
14396475219365447711
7 5 6 4 -1  1
14396503306598309639
2 5 1 4 -1  1
14396575081809886093
7 3 6 2 -1  1
14396603076651412214
4 0 3 0 -1  2
14397057852771236352
2 3 6 3 -1  1
14397130990128703469
3 6 5 5 -1  1
14397160368946181884
7 2 6 2 -1  1
14397331056342227059
7 2 6 3 -1  1
14397522088438610896
4 6 4 5 -1  1
14397578275839440641
6 1 6 0 -1  1
14397730573553899619
3 2 4 4 -1  2
14397732291467030838
6 4 5 5 -1  1
14397763211951179634
7 4 6 3 -1  1
14397927415653960211
7 4 5 4 -1  1
14398145304084496990
7 0 7 4 -1  1
14398173611960529309
0 1 0 3 -1  2
14398244243425820779
7 7 7 4 -1  1
14398345133333507901
0 7 0 3 -1  1
14398394885416378677
5 2 4 3 -1  1
14398516093948530185
7 7 7 3 -1  1
14398709825540333870
3 2 3 4 -1  1
14399434687255879536
7 5 7 2 -1  1
14399590539336823820
4 4 3 4 -1  1
14399705312515741746
5 2 4 4 -1  1
14400143695362274439
6 3 7 3 -1  1
14400237006339804210
3 0 2 0 -1  1
14400527705193809123
3 0 6 0 -1  1
14400560344761822559
5 7 0 7 -1  1
14400650753601015899
6 4 5 4 -1  1
14400662424725611523
5 4 5 0 -1  1
14401085325012693288
4 7 3 7 -1  1
14401157057468996067
6 5 4 5 -1  1
14401165229595043896
5 7 6 6 -1  1
14401214382446658978
2 0 1 0 -1  1
14401452137655937416
5 2 4 2 -1  1
14401452703405185787
7 3 6 5 -1  2
14401472726939526236
6 4 7 5 -1  1
14401702275464552896
3 7 2 6 -1  1
14401702992381243504
7 6 7 7 -1  1
14402115827389762846
7 2 7 1 -1  1
14402124944454422173
7 5 7 0 -1  1
14402127612222260924
7 4 6 3 -1  1
14402418730601889579
5 4 4 3 -1  1
14402465730979275752
5 4 5 3 -1  1
14402956176705079372
6 1 4 1 -1  1
14403084114058061075
7 7 6 7 -1  1
14403472206033833120
5 2 4 4 -1  1
14403724233953425590
6 5 5 5 -1  1
14404037164891861899
7 3 6 3 -1  1
14404688767928975573
5 3 4 4 -1  1
14404770449456649376
6 5 5 3 -1  1
14404787874111150365
4 3 2 4 -1  1
14404935241656233631
3 5 5 6 -1  1
14405079325166601381
7 1 5 0 -1  1
7 4 7 6 -1  5
14405184100005229517
3 7 2 7 -1  1
14405203117209438988
7 5 1 5 -1  1
14405367929929887622
7 5 7 3 -1  1
14405499593484247453
6 2 6 1 -1  1
14405538855835745909
7 4 5 4 -1  1
14405791715363350152
6 1 7 2 -1  1
14405808106257499967
6 2 5 2 -1  1
14405870251277633738
3 4 4 2 -1  1
14405882992661209741
6 0 5 0 -1  1
14405905317060727452
6 7 7 7 -1  1
14405926726206052813
4 7 3 7 -1  1
14406085266064550134
3 1 2 2 -1  1
14406181688285985757
2 0 0 0 -1  1
14406337272963116988
6 3 4 4 -1  1
14406516838671667188
7 5 6 6 -1  1
14406651260661540670
3 2 2 2 -1  1
14407085105051879405
2 5 3 6 -1  1
14407119615401309745
7 1 5 1 -1  1
14407212674587856646
5 5 6 4 -1  1
14407333547728302564
6 6 5 6 -1  1
14407392671900685411
3 2 4 1 -1  1
14407657324084736034
2 7 7 2 -1  1
14407899710747592829
4 3 3 2 -1  1
4 5 3 4 -1  1
14407976163045790934
4 2 5 4 -1  1
14408014854506906581
6 4 5 2 -1  1
14408026815801192079
6 0 4 0 -1  1
14408268892942392542
7 5 6 5 -1  2
14408364787555210771
7 4 5 4 -1  1
14408551876195464397
7 0 6 0 -1  2
14408664691534533354
1 7 0 7 -1  1
14408666049027146389
2 0 2 1 -1  1
14408805992925035435
7 6 5 5 -1  2
14408840614097126160
2 1 2 0 -1  1
14408935087474635589
6 4 7 5 -1  1
14409015950697713426
4 7 2 5 -1  1
14409054983604805845
7 5 7 4 -1  1
14409273648191891063
5 2 3 4 -1  1
14409284822826969630
6 0 5 1 -1  1
14409318145199365872
7 6 5 5 -1  3
14409353725077620149
7 3 5 1 -1  1
14409458769352887578
5 2 4 2 -1  1
14409535785645482084
7 0 7 4 -1  1
14409705190807595093
7 1 5 2 -1  1
14409737818136230109
6 4 4 3 -1  1
14409838418758116222
7 4 3 4 -1  1
14409867098910788937
4 4 3 3 -1  1
14409955865883393141
5 5 4 5 -1  1
14409992266551316366
5 5 3 4 -1  1
14410366302991362237
4 2 3 2 -1  1
14410553437394086469
6 7 5 6 -1  1
14410658370500921202
7 3 6 3 -1  1
14410759608103915375
7 5 7 4 -1  1
14411149484776764484
6 1 5 1 -1  2
14411193127397094978
7 2 3 6 -1  1
14411553031575925072
4 4 4 6 -1  1
14411581279710607622
6 0 5 0 -1  1
14411595256254515478
6 1 4 1 -1  1
14411900791580704291
7 2 7 1 -1  1
14412081335455508467
7 2 6 3 -1  1
14412424566819534472
4 3 4 5 -1  1
14412594629327460828
6 4 5 3 -1  1
14412882267687034035
6 7 3 7 -1  1
14413121252916203378
6 2 2 2 -1  1
14413133961660832888
1 7 1 6 -1  1
14413321398063497921
2 4 4 4 -1  1
14413457859143058105
3 4 4 2 -1  1
14413463807426880677
7 4 7 6 -1  2
14413540558925446470
7 0 0 0 -1  1
14413563815489918420
7 1 7 0 -1  1
14413627717096273007
7 4 7 2 -1  1
14413628823673629083
4 2 3 2 -1  1
14413680289890816441
3 0 1 1 -1  1
14413690836002890712
7 1 5 2 -1  1
14413727347123235389
3 1 4 2 -1  1
14414073738762856950
4 1 6 3 -1  1
14414379723492578781
3 1 2 2 -1  1
14414824276168393102
5 2 6 4 -1  1
14415009422039792223
6 2 4 0 -1  1
14415228498949965665
4 2 1 2 -1  1
14415397524033678663
5 5 4 3 -1  1
14415609188121949541
6 1 4 1 -1  1
14415640575481995802
4 6 3 6 -1  1
14415668527389265654
3 0 2 1 -1  1
14415672362286371553
5 1 2 1 -1  1
14415852035715024032
5 1 6 0 -1  1
14415924812264659501
4 3 4 6 -1  1
14416028674033678913
5 5 4 3 -1  1
14416222264285279074
6 0 5 0 -1  1
14416360320259062798
4 3 5 5 -1  1
14416476390427124936
3 3 3 1 -1  1
14416524918808539999
4 0 6 2 -1  1
14416894713742151361
6 3 4 4 -1  1
14416961605762288827
7 6 6 5 -1  2
14417042671501370575
5 6 5 5 -1  1
14417166485571968975
2 5 5 5 -1  1
14417346210685085717
1 4 0 4 7  1
14417556889076033359
7 4 5 4 -1  1
14417825211169143148
7 5 6 4 -1  1
14418319107103899331
7 3 6 4 -1  1
14418336526555248341
4 3 3 5 -1  1
14418409941227985086
5 7 4 6 -1  1
14418470052976706932
5 0 6 1 -1  1
14418810455257101805
3 1 2 2 -1  1
14418871689151130040
7 1 6 3 -1  1
14418930179082098074
6 6 5 6 -1  1
14419483855792995721
7 4 7 3 -1  1
14419619977599928004
4 7 3 7 -1  1
14419624217926333145
7 4 5 3 -1  1
14419653166377566298
6 4 5 5 -1  1
14419783126677843284
5 7 4 6 -1  1
14419859384130802830
7 5 6 4 -1  1
14419869041423253449
7 0 7 5 -1  1
14419921786234127043
4 7 3 6 -1  1
14419938262579607915
4 1 3 2 -1  1
14420072998432346019
7 4 6 4 -1  1
14420167652549444540
4 6 3 6 -1  1
14420252748505421667
7 7 6 7 -1  1
14420261897858975239
6 6 5 6 -1  1
14420388359428105083
3 5 2 4 -1  1
14420440795790264456
6 4 5 4 -1  1
14420552673296025020
7 2 7 1 -1  1
14420620452352869892
5 5 3 4 -1  1
14420664440300309879
4 7 0 3 -1  1
14420843097983683186
7 4 7 5 -1  1
14420971940311384622
3 0 2 0 -1  1
14421170521660348860
3 2 2 3 -1  1
14421249388372727295
7 5 6 6 -1  2
14421295005986645937
5 2 1 2 -1  1
14421322953707654360
5 5 5 6 -1  1
14421346721101385173
6 1 5 2 -1  1
14421487235731994461
3 3 4 5 -1  1
14421541383260661547
4 2 3 2 -1  1
14421580738112806016
5 5 4 4 -1  1
14421585721786540382
6 1 5 1 -1  1
14421603681050612220
5 2 7 1 -1  1
14421639446117851841
6 1 4 1 -1  1
14421739874659345493
6 5 6 4 -1  1
14422101122470085872
0 4 3 1 -1  1
14422167821045968218
7 5 6 4 -1  1
14422198766192713467
4 4 3 4 -1  1
14422224932192792930
5 2 6 3 -1  1
14422350515330406562
6 6 5 5 -1  1
14422460789614304170
3 1 1 2 -1  1
14422480463072443695
5 5 7 4 -1  1
14422517860470644689
2 0 2 1 -1  1
14422605905189752460
7 6 5 5 -1  1
14422648899692767905
5 1 7 3 -1  1
14422649011939492392
6 6 4 4 -1  1
14422893647598288684
3 4 2 3 -1  1
14423023545761844189
5 2 6 4 -1  1
14423034735307285253
6 4 7 3 -1  1
14423168166870388888
3 0 1 2 -1  1
14423184360883409671
7 3 6 4 -1  1
14423310537777355704
5 6 3 4 -1  1
14423478301095715410
6 1 5 2 -1  1
14423622108325003462
7 2 5 4 -1  1
14423657841436249075
5 5 7 3 -1  1
14423868987416493713
4 7 3 6 -1  1
14423929068230687988
7 2 4 5 -1  1
14423950664368592822
7 2 5 4 -1  1
14423976818690377988
6 1 4 3 -1  2
14424271848845186921
0 4 2 6 -1  1
14424304082077279321
6 6 5 6 -1  3
14424758976792985491
2 4 2 0 -1  3
14424800099766318372
7 0 6 0 -1  1
14424857756909945235
5 4 6 5 -1  1
14424959358233745878
6 1 4 1 -1  1
14425079099853680106
1 0 1 4 -1  1
14425119870444497856
7 2 3 6 -1  1
14425405769322671216
2 1 1 3 -1  1
14425604315201521753
5 5 3 6 -1  1
14425671256918248398
5 5 7 4 -1  1
14425711111921448313
6 4 5 4 -1  1
14425843593395017249
4 4 3 5 -1  1
14425947184204552128
5 4 6 3 -1  1
14426027826567250896
7 4 7 5 -1  1
14426044758569415707
6 3 4 2 -1  1
14426155474171200410
7 4 5 3 -1  1
14426164186411580614
7 1 7 0 -1  1
14426360326230677693
5 5 4 3 -1  1
14426484615748121773
7 5 5 5 -1  1
14426561355311533973
3 1 1 3 -1  1
14426651160652255183
6 2 5 1 -1  1
14426861089060099983
7 4 7 1 -1  1
14427413461328696412
4 2 5 3 -1  1
14427416981670521719
6 5 4 5 -1  1
14427425235598687871
5 5 3 4 -1  1
14427507395749652710
7 4 7 6 -1  1
14427640076762216561
7 5 6 6 -1  2
14427667876453546133
7 6 7 5 -1  1
14427717800340155774
5 4 4 4 -1  1
14427807222576074986
4 4 3 6 -1  1
14427863894376166907
7 3 6 2 -1  2
14427943950791078214
5 4 4 4 -1  1
14428030479137311251
7 4 7 3 -1  1
14428082997700504083
2 7 0 5 -1  1
14428406913317586753
5 5 7 5 -1  1
14428418085771927894
5 5 3 4 -1  1
14428638007551207033
4 5 3 4 -1  1
14428736473064245920
3 6 1 6 -1  1
14428895993763277265
4 3 4 1 -1  1
14428937204238392724
7 4 5 6 -1  1
14428972084897922059
4 7 3 5 -1  1
14428975390406051278
6 1 4 1 -1  1
14429111312844316278
4 4 6 6 -1  1
14429327346445607076
5 4 7 4 -1  1
14429590383816260690
6 7 5 7 -1  2
14429650133946458636
6 6 7 5 -1  1
14429801431643695298
6 7 5 6 -1  1
14429950686256920300
6 5 5 4 -1  1
14430206896295912348
7 3 5 5 -1  3
14430531135535587350
6 3 5 5 -1  1
14430638464868184900
1 5 0 3 -1  1
14430801106260861655
7 0 7 1 -1  1
14430840668636636821
6 2 5 1 -1  1
14430860566385947331
6 4 7 5 -1  1
14430957082624876497
5 4 4 4 -1  1
14431180149189891072
6 6 3 3 -1  1
14431198013387445379
6 2 5 2 -1  1
14431345055496007247
6 5 5 5 -1  3
14431404251642313622
7 6 6 7 -1  1
14431523111706865658
5 3 5 4 -1  1
14431707297808853313
6 1 5 0 -1  1
14431768907309953536
5 6 4 6 -1  1
14431832286000931132
2 3 0 4 -1  1
14431929042341249783
7 6 4 6 -1  1
14432050836858092777
0 4 0 5 -1  1
14432115585132249202
7 1 7 5 -1  1
14432144333724245747
3 4 2 4 -1  1
14432161746365452397
4 2 3 2 -1  1
14432301413230965465
7 3 6 2 -1  2
14432342552360993134
6 3 6 4 -1  1
14432503247423535126
6 3 7 5 -1  1
14432572031717366867
5 5 7 4 -1  1
14432581438202532954
6 5 4 5 -1  1
14432812145748521920
7 3 6 4 -1  1
14432873041250638909
6 6 7 6 -1  1
14433012673389758551
4 5 3 6 -1  1
14433389399280995889
6 6 5 5 -1  1
14433420260553843196
5 0 3 1 -1  1
14433441301631706224
5 2 7 1 -1  1
14433451482487368753
7 3 4 0 -1  1
14433642349732990178
3 6 3 7 -1  1
14434050065866179448
7 4 6 2 -1  1
14434094752799507264
5 5 6 4 -1  1
14434285792917460070
6 2 7 1 -1  1
14434323649045080193
7 5 6 6 -1  1
14434325596328741768
1 1 3 1 -1  1
14434667451878505553
5 2 6 4 -1  1
14435268592047834213
7 2 6 2 -1  1
14435297172863960718
2 7 1 7 -1  1
14435388947928698870
3 3 2 3 -1  1
14435490397617194588
5 7 2 7 -1  1
14435496459021213836
6 7 4 7 -1  1
14435548715467623167
7 3 7 2 -1  1
14435657408913516021
7 1 6 3 -1  1
14435672981390284922
4 0 3 0 -1  1
14435824221111839469
5 2 4 2 -1  1
14436078622254666165
6 2 6 1 -1  2
14436317791095264572
5 3 6 5 -1  1
14436414731591431106
5 1 5 3 -1  1
14436760410096839179
4 6 3 5 -1  1
14436799500743798015
5 7 5 6 -1  1
14436879951720646346
7 6 6 5 -1  1
14437747062022634358
0 4 2 4 -1  1
14437860838789030317
7 4 7 5 -1  1
14437868188848351050
5 1 4 2 -1  1
14437960856323142532
7 3 5 3 -1  1
14438088349136522648
5 3 6 4 -1  1
14438805815014521700
5 5 4 4 -1  1
14438830092403925937
4 5 3 5 -1  1
14439048961965178257
4 0 3 1 -1  1
14439185349533366571
5 7 4 6 -1  1
14439222627716592280
7 5 6 6 -1  1
14439234178350998215
1 1 0 1 -1  1
14439352941589882240
5 7 6 5 -1  1
14439377977650098094
6 6 5 5 -1  1
14439506359207662546
3 6 2 7 -1  1
14439650032779071023
6 5 6 4 -1  1
14440293189154834430
5 4 3 5 -1  1
14440339908091367658
3 0 2 1 -1  1
14440413050904385724
4 5 3 4 -1  1
14440535369080100137
7 5 4 5 -1  1
14440539719488277153
6 4 4 5 -1  1
14440548497187065706
4 3 4 6 -1  1
14440565087049260430
7 5 7 3 -1  1
14440654431843996785
7 5 6 6 -1  1
14440665734503410480
5 4 5 3 -1  1
14440841306122063813
6 1 5 1 -1  1
14440852615771098680
7 7 3 7 -1  1
14440887299731277955
6 6 5 7 -1  2
7 5 7 4 -1  1
14440932999414825182
7 4 7 6 -1  1
14441149434539003649
2 7 1 7 -1  1
14441248325484399582
4 6 1 3 -1  1
14441549528585331410
2 3 0 1 -1  1
14441768045862850213
6 5 5 6 -1  1
14441892150404774404
4 3 5 5 -1  1
14441952502716977148
7 2 6 3 -1  1
14442025662692916174
7 0 7 4 -1  1
14442091764095225396
5 5 5 2 -1  1
14442184558916192330
7 6 6 5 -1  1
14442202551138000367
4 7 3 7 -1  1
14442218524101777879
6 4 4 2 -1  1
14442651470129028055
6 7 4 7 -1  1
14442737965222386360
7 1 6 3 -1  3
14443160444870487471
1 1 4 1 -1  1
14443235035043942889
6 5 4 5 -1  1
14443263126553766972
6 1 6 2 -1  1
14443362210370500448
7 2 6 1 -1  1
14443409781406285231
3 4 3 5 -1  1
14443616311623546716
7 0 4 3 -1  1
14443849546565416658
4 3 6 5 -1  1
14443881058721139009
7 1 7 3 -1  1
14443890833435800142
6 4 3 7 -1  1
14443907312524454859
7 3 3 7 -1  1
14443990181089298004
1 2 3 4 -1  1
14444008654762739505
7 1 6 3 -1  1
14444263155528063276
7 4 7 6 -1  1
14444319218205263562
4 4 3 5 -1  1
14444488117138592318
5 3 6 4 -1  1
14444596266019643479
5 2 4 2 -1  1
7 4 7 6 -1  1
14444689479512555343
1 7 7 7 -1  1
14444720379385490030
6 1 5 0 -1  1
14444947193706858590
6 1 6 3 -1  1
14444951530552684212
5 5 4 6 -1  1
14444966383698189929
4 5 4 2 -1  2
14445120345448030761
4 4 3 4 -1  1
14445201367012370302
4 2 3 2 -1  1
14445229735305560157
7 3 3 7 -1  2
14445308278440134780
7 0 7 2 -1  1
14445310880419129900
5 5 5 3 -1  1
14445338244817157757
4 7 4 6 -1  1
14445407055936583896
5 5 4 4 -1  1
14445517284013081565
1 7 0 7 -1  1
14445592560476766146
5 4 4 4 -1  1
14446006550544218090
5 2 3 1 -1  1
14446174519621065768
5 4 7 4 -1  1
14446219234981738050
6 5 5 4 -1  1
14446223773376258521
1 2 0 4 -1  1
14446433512755340305
1 1 1 5 -1  1
14446549990562567911
5 2 0 2 -1  2
14446775437806720258
3 6 2 5 -1  1
14446857747110832689
6 5 5 6 -1  1
14447001616052868030
7 6 7 5 -1  1
14447283075478209992
6 1 5 1 -1  1
14447517688896313934
7 0 7 4 -1  1
14447663333170633000
7 6 7 5 -1  1
14447829785155736394
4 6 3 6 -1  1
14447963569567424573
6 5 5 4 -1  1
14447997711902274734
6 7 5 7 -1  1
14448237925976496977
1 1 1 7 -1  1
14448427703215240388
6 3 7 2 -1  2
14448801162830580433
6 4 6 1 -1  1
14449283943301746605
5 2 4 2 -1  1
14449360437418567948
4 2 4 3 -1  1
14449509092222751957
7 1 5 2 -1  1
14449814337179954452
4 7 5 5 -1  1
14449907828577943111
6 4 5 5 -1  1
14450023892045954819
2 4 1 6 -1  2
14450136652522183176
6 5 5 6 -1  1
14450198531237191222
7 5 7 3 -1  1
14450199674105413000
4 4 3 5 -1  1
14450217054183837485
7 7 7 3 -1  1
14450327528834052385
6 3 2 3 -1  1
14450381933463996791
3 3 7 3 -1  1
14450424146462007487
5 5 4 7 -1  1
14450438965165026007
7 4 7 6 -1  3
14450449764221821727
6 4 5 4 -1  1
14450463539988671421
7 2 2 7 -1  1
14450689626132631625
4 1 3 1 -1  1
14450928137113288497
2 3 2 5 -1  1
14451107154066147991
6 1 4 1 -1  1
14451365139026316119
4 0 3 0 -1  1
14451426121074534825
5 0 4 0 -1  1
14451456968438341569
4 4 6 2 -1  1
14451519688691661935
2 2 1 3 -1  1
14451578959209699620
6 7 5 7 -1  1
14451734094271149727
6 3 5 5 -1  1
14451740802929624762
6 5 5 4 -1  1
14451987505687678317
1 5 1 7 -1  1
14452024808122929583
4 7 3 7 -1  1
14452140176576566968
4 7 6 6 -1  1
14452294988611958629
6 3 5 2 -1  1
14452403986784463009
7 3 7 5 -1  1
14452425330451491301
4 3 6 1 -1  1
14452516416644176785
5 4 4 3 -1  1
14453142250210022920
4 2 3 3 -1  1
14453290837212410248
4 3 4 5 -1  1
14453374632010651819
6 6 5 6 -1  4
14453399678323974640
4 6 3 6 -1  1
14453477225232613562
5 1 4 1 -1  1
14453585982030493151
4 2 6 0 -1  1
4 2 6 4 -1  2
14453648426619106502
5 5 7 3 -1  1
14453673130429299001
6 5 5 5 -1  1
14453723246536197710
5 4 4 3 -1  5
14453932934619088146
4 7 5 6 -1  1
14454257939432668606
7 5 6 5 -1  1
14454328005536045250
1 5 1 7 -1  1
14454529065538054733
5 2 4 3 -1  1
14454660322705848537
6 5 5 4 -1  1
14454689130402626114
1 5 2 5 -1  2
14454847472833033674
7 2 7 1 -1  1
14454927957286526990
2 3 2 4 -1  1
14455047454089174051
5 1 2 1 -1  1
14455505930915643018
3 4 2 5 -1  1
14455537418674897578
7 1 5 2 -1  1
14455725119324207760
4 5 4 4 -1  1
14455759590433087918
7 3 5 3 -1  1
14455792744279138041
6 6 1 1 -1  1
14455860373191235697
3 6 1 4 -1  1
14455925692045187663
5 4 7 3 -1  1
14456074118710303309
5 3 4 2 -1  1
14456107284334114117
3 6 2 4 -1  1
14456119988202071548
7 3 5 1 -1  1
14456285406771323142
2 1 1 1 -1  1
14456293491688625802
7 5 7 2 -1  2
14456653061507460041
7 5 7 1 -1  1
14456716578697101770
5 5 6 3 -1  1
14456955665817485591
5 5 3 4 -1  1
14457091948586810569
7 4 7 3 -1  1
14457116005000885769
5 4 4 4 -1  1
14457168643747450277
7 2 6 1 -1  1
14457313571697538099
4 6 5 5 -1  1
14457687587967878803
1 6 2 7 -1  1
14457805095669251588
7 3 5 1 -1  1
14458018889375219512
2 7 1 6 -1  1
14458055706288627725
6 4 7 6 -1  1
14458339984647356482
5 2 5 3 -1  1
14458454465411482353
6 4 5 5 -1  1
14458505522373717658
4 4 3 4 -1  1
14458571048821244035
5 5 6 6 -1  1
14458631498712601220
6 5 5 5 -1  1
14458689131541113823
7 0 7 1 -1  1
14458706066673989639
7 1 5 2 -1  1
14458829659843656040
7 6 7 5 -1  1
14458861632659908447
6 6 1 1 -1  1
14458905564964195762
5 4 4 3 -1  1
14458943955620550536
7 4 7 5 -1  2
14458994937800922722
4 4 3 6 -1  1
14459134634922762513
5 6 7 6 -1  1
14459142211617359665
7 2 4 5 -1  1
14459361669025669879
5 5 4 6 -1  3
14459414443792430673
6 6 5 6 -1  1
14459427135223921363
6 2 7 0 -1  1
14459445411216493678
4 6 3 6 -1  1
14459636431193762375
6 3 6 5 -1  2
14459647448681916928
0 5 2 3 -1  1
14459687647732247808
1 2 1 4 -1  1
14459690830728438027
5 5 7 3 -1  1
14459806114038400231
5 7 4 7 -1  1
14459808969983619087
4 4 3 5 -1  1
14459915438645445610
1 3 3 2 -1  1
14460055441782308921
5 1 4 0 -1  1
14460069747055370902
6 7 5 7 -1  1
