1645648931911735451
5 4 5 1 -1  1
1645822441329698882
2 6 1 6 -1  1
1645892925113883977
5 5 4 5 -1  1
1646146301009982563
7 5 7 6 -1  1
1646423376041379977
0 7 0 5 -1  1
1646806986070757579
5 5 7 4 -1  1
1646984259179239905
7 3 7 1 -1  1
1646999783169512043
7 3 7 5 -1  1
1647350728877034142
1 2 3 0 -1  1
1647520414797825347
6 2 4 4 -1  1
1647530602403968764
5 4 3 5 -1  1
1647569612032452086
6 3 6 4 -1  1
1647610016031199567
3 3 0 3 -1  1
1648326043577171964
3 2 2 3 -1  1
1648550825861503154
6 5 6 4 -1  1
1648676898520321010
6 3 7 5 -1  1
1648686800379433856
7 7 7 4 -1  1
1648762217846805043
7 2 2 7 -1  1
1648815571998062439
7 3 4 6 -1  1
1648841165619592413
6 2 6 1 -1  1
1648890541743410656
2 2 3 4 -1  1
1649054231514245244
7 5 6 5 -1  1
1649092612442276945
4 2 3 2 -1  1
1649273646778001001
7 3 6 2 -1  1
1649297053595941050
3 3 5 2 -1  1
1649497389595917700
5 0 4 0 -1  1
1649497575261927047
6 2 6 4 -1  1
1649664676145401649
7 1 3 1 -1  1
1650178120701508062
3 7 4 6 -1  1
1650401813687720061
6 6 1 1 -1  1
1650519661939851671
7 5 6 4 -1  1
1650548237022673224
4 4 4 3 -1  1
1650883645144990791
2 1 5 1 -1  1
1651032278287136418
7 3 6 3 -1  1
1651177229580296449
5 2 5 4 -1  1
1651191001528840632
7 4 7 2 -1  1
1651250470858906768
5 2 6 3 -1  1
1651352505716313950
6 5 6 6 -1  1
1651406258051979550
6 6 5 6 -1  1
1652021291385786120
6 2 3 2 -1  1
1652104809877161218
4 5 4 3 -1  1
1652136900412338461
4 0 4 7 -1  1
1652257514810766376
6 3 5 2 -1  1
1652521824364479475
3 2 2 2 -1  1
1652532098090809522
4 2 3 4 -1  1
1652751968724186125
5 5 4 7 -1  1
1652781420143414302
4 3 5 1 -1  1
1652879601745045949
4 1 5 2 -1  1
1653014607634634587
6 3 5 1 -1  3
1653243771892499325
7 0 7 4 -1  1
1653376800771731709
7 4 6 4 -1  1
1653660322647949669
4 1 3 2 -1  1
1653912982573246089
6 6 5 6 -1  1
1653958055268330437
6 1 7 2 -1  1
1654403742105213194
5 6 6 6 -1  1
1654581031637829172
3 0 1 1 -1  1
1654954296606285634
0 3 0 5 -1  1
1655132515149503654
6 4 4 6 -1  1
1655247647829492539
7 4 7 6 -1  1
1655407685962491059
6 3 3 0 -1  1
1655609568460328006
5 2 4 3 -1  1
1655816440056825269
7 3 7 2 -1  1
1655862530666184118
5 6 6 7 -1  1
1655909118585029477
5 3 3 3 -1  1
1656299256809695169
1 5 0 5 -1  1
1656506211662754286
5 4 4 4 -1  2
1656618728267219595
6 3 5 4 -1  1
1656884490272309147
4 5 4 6 -1  1
1657025294975567956
7 0 7 2 -1  1
1657092459994540252
6 2 4 2 -1  1
1657143753700311773
7 1 3 1 -1  1
1657271491536478668
5 4 5 5 -1  1
1657290583887362174
5 4 3 6 -1  1
1657373174157140890
2 4 1 5 -1  1
1657585278059628179
7 4 7 6 -1  1
1657678845725942376
4 2 5 2 -1  1
1657704302298087185
6 6 5 5 -1  1
1657786922429599230
2 5 4 3 -1  1
1658139914458239544
7 3 6 3 -1  1
1658351614395878097
7 2 6 1 -1  1
1658554205737297675
6 3 4 3 -1  1
1658799356541560330
7 2 6 2 -1  1
1659016742626775745
7 5 7 3 -1  1
1659501290287580985
7 1 7 0 -1  1
1659733969384572432
6 3 6 1 -1  1
1659808635948990699
5 6 4 5 -1  1
1659949997161511338
1 0 0 0 -1  1
1659967462062161191
3 1 0 4 -1  1
1660177557106851994
4 1 3 1 -1  1
1660480415762207565
1 5 2 3 -1  1
1660836752365437656
7 3 4 6 -1  1
1661229978297043340
6 2 7 3 -1  1
1661235134287226071
7 0 7 2 -1  1
1661334173173979776
7 6 6 5 -1  1
1661341344943970569
4 7 7 7 -1  1
1661593132943079232
3 2 2 4 -1  1
1661845651110604427
4 0 4 1 -1  1
1661875245646104047
6 5 5 3 -1  1
1661884014855352082
5 6 7 5 -1  1
1661943867371198505
4 7 5 6 -1  1
1662171744790091757
6 4 5 6 -1  1
1662403729179964498
6 0 5 1 -1  1
1662744451132781944
7 3 7 4 -1  1
1662867391223280536
6 6 5 5 -1  1
1663256169001029364
7 2 7 0 -1  1
1663361148670986202
4 6 3 4 -1  1
1663505341543005642
0 4 4 4 -1  1
1663585693956482148
1 6 1 2 -1  1
1663661708874339454
2 2 3 1 -1  1
1663798794243751703
5 4 4 5 -1  1
1663826964040609963
4 3 3 3 -1  1
1663865125814299498
7 3 5 5 -1  1
1663886779194633755
1 2 0 1 -1  1
1663982856123329274
2 2 3 2 -1  1
1664033900047409905
7 0 7 5 -1  1
1664192049632928709
6 6 5 6 -1  1
1664386178710322073
3 6 4 6 -1  1
1664518090078408071
5 2 4 0 -1  1
1664652576025394006
3 1 1 3 -1  1
1664815161861682896
0 2 3 2 -1  1
1665069799892109191
4 4 3 3 -1  1
1665712252163289475
6 2 4 2 -1  1
1666070703630863539
4 7 4 3 -1  1
1666300848892434609
7 3 0 3 -1  1
1666393381401114305
5 0 4 2 -1  1
1666645044859960417
3 3 2 3 -1  1
1666811492257358669
4 3 3 3 -1  1
1666814180773871272
2 6 4 5 -1  1
1667018194210091980
4 2 3 3 -1  1
1667031790398322249
6 3 5 5 -1  1
1667044859024172366
3 0 5 1 -1  1
1667167165380214358
6 4 5 4 -1  1
1667181775985812613
7 4 5 4 -1  1
1667244915724449571
6 1 5 2 -1  1
1667384708402059835
6 0 4 0 -1  1
1667427922796814091
7 7 7 0 -1  1
1667447834442532988
1 3 2 1 -1  1
1667643309303199796
6 7 5 7 -1  1
1668214487405346413
6 3 7 5 -1  1
1668338183341320133
6 6 5 5 -1  1
1668484463378497415
2 5 6 1 -1  1
1668514688396474478
6 5 4 5 -1  1
1668593904783645736
7 4 7 6 -1  1
1668755341231082387
2 3 2 7 -1  1
1668873355804311481
2 6 0 4 -1  1
1668929142076487353
7 1 5 2 -1  1
1669176004556177252
6 4 5 4 -1  1
1669355429254015713
6 7 5 7 -1  1
1669521719769086144
4 5 3 5 -1  1
1669584911746343214
6 4 4 4 -1  1
6 5 4 5 -1  1
7 3 5 3 -1  1
1669586115183288491
3 4 1 6 -1  1
1669791582328011473
6 6 4 6 -1  1
1669835914805622586
6 1 5 1 -1  1
1669853334030948954
5 5 6 4 -1  1
1669888686107539583
7 5 6 6 -1  5
1669987255500964284
6 4 5 5 -1  1
1670616632989962037
7 6 5 5 -1  1
1670724466191077694
3 4 1 5 -1  1
1670837576957625817
7 2 5 3 -1  1
1670843973450922542
4 5 3 5 -1  1
1671031008202296071
4 4 4 5 -1  1
1671045349523773834
6 3 6 4 -1  1
1671658569355104325
5 3 4 3 -1  1
1671771296974980919
4 4 5 4 -1  1
1671910779108901898
6 5 5 5 -1  1
1671967295604423059
2 1 5 1 -1  1
1671994556901084436
5 4 5 3 -1  1
1672166570832914268
1 3 0 3 -1  1
1672618966191329433
1 6 5 6 -1  1
1672630592491295483
4 2 3 1 -1  1
1672725574279092047
6 7 4 7 -1  1
1673037431659902557
0 5 0 1 -1  1
1673120738987837961
7 2 7 0 -1  1
1673364572435534802
5 5 4 7 -1  1
1673420812231888002
5 5 6 6 -1  1
1673444178079205797
4 6 3 6 -1  1
1673601250497575634
4 1 4 4 -1  1
1673669311506773532
7 5 6 4 -1  1
1673678461882015800
4 1 3 1 -1  1
1673702317624951188
4 2 4 3 -1  1
1673708549861887667
6 6 6 5 -1  1
1673771938570304634
4 2 3 3 -1  1
1673820331559109879
5 4 3 2 -1  1
1673937073377270325
5 5 3 4 -1  1
1674006361875475629
1 2 1 1 -1  1
1674046276557669673
5 3 3 4 -1  1
1674350871201107157
4 4 3 4 -1  1
1674377781497978466
5 5 4 5 -1  1
1674386969750874866
7 4 7 6 -1  1
1675047597743501105
3 6 2 6 -1  1
1675279351106941181
6 7 5 7 -1  1
1675441083729422595
5 0 4 0 -1  1
1676046012398348360
5 3 3 4 -1  1
1676319467494504408
6 7 5 7 -1  3
1676462393827577662
7 6 6 6 -1  1
1676597004301288359
7 5 7 2 -1  1
1676612763535388948
5 2 4 3 -1  1
7 4 7 6 -1  2
1676627430724726271
7 4 6 2 -1  1
1677001070951732685
5 5 4 7 -1  1
1677106409721710634
4 0 3 1 -1  1
1677243269644249345
3 1 6 4 -1  1
1677376574314001674
6 1 4 1 -1  1
1677545493926236509
7 0 7 2 -1  1
1677747661941963801
6 4 2 0 -1  1
1677772153093802591
3 7 4 7 -1  1
1677853021918706655
5 4 4 3 -1  1
1677905897995926477
4 2 4 3 -1  1
1677906010931981290
5 3 6 2 -1  1
1678069857589982101
2 4 2 5 -1  1
1678098886414971892
6 5 5 5 -1  1
1678384799811743849
7 2 1 2 -1  1
1678510171660841553
6 5 4 3 -1  1
1678653766494598144
7 6 7 5 -1  1
1678707191477191506
5 2 4 1 -1  1
1678751099555604536
6 5 5 5 -1  1
1678771043206475811
6 3 4 2 -1  1
1678902864835111370
7 1 6 2 -1  1
1679145193567674821
4 2 5 3 -1  1
1679258503645321329
7 2 6 2 -1  1
1679983992432470502
5 6 2 3 -1  1
1680072600937585013
6 3 6 1 -1  1
1680184819540974143
7 5 6 3 -1  1
1680287122901090208
4 0 3 1 -1  1
1680545546736696138
1 1 2 2 -1  1
1680762105399427622
7 5 7 1 -1  1
1680941365519029537
5 0 4 0 -1  1
1680971135572113047
7 2 1 2 -1  1
1681062775924525930
5 4 4 4 -1  1
1681090402595666137
6 4 7 5 -1  1
1681214082949276716
7 5 6 6 -1  3
1681354628234715620
5 7 4 7 -1  1
1681414368907778839
5 5 4 3 -1  1
1681590461537808594
7 6 7 7 -1  1
1681631647029541060
7 6 7 7 -1  1
1681661866184902425
5 3 4 4 -1  1
1681688375948501105
3 1 3 2 -1  1
1681740710018375897
7 5 4 5 -1  1
1681777762147379095
7 3 7 1 -1  1
1681893408320559020
7 1 0 1 -1  1
1682032068105990690
4 1 3 1 -1  1
1682170967921845055
4 3 2 4 -1  1
1682439908092593771
4 5 5 4 -1  1
1682922815023980975
5 2 5 0 -1  1
1683090842919416825
4 4 3 3 -1  1
1683154575693492106
2 2 1 3 -1  1
1683614515346963938
6 4 5 3 -1  1
1683631569571037730
7 0 3 0 -1  1
1683649633609030360
5 4 3 5 -1  1
1683763947407319230
6 3 6 2 -1  1
1683967691726057175
5 5 3 6 -1  1
1684056330475193252
5 3 4 4 -1  1
1684291391209663212
5 2 4 0 -1  1
1684296516540215167
6 4 4 6 -1  1
1684324296327990717
4 3 1 6 -1  1
1684754954562108857
5 3 5 0 -1  1
1684782819533987752
3 0 0 3 -1  1
1684857154354520304
4 5 2 3 -1  1
1684998620358688076
7 2 6 1 -1  1
1685065696440937665
7 1 6 3 -1  1
1685440085664908948
7 0 7 4 -1  1
1685638007275796344
6 5 4 5 -1  1
1685857884262222652
6 3 6 7 -1  1
1685917758531793241
5 7 6 5 -1  1
1685941052754471265
7 0 7 3 -1  1
1686107180335556959
6 3 5 1 -1  1
1686206502324624268
6 4 6 3 -1  1
1686400792463157872
3 0 2 0 -1  1
1686446028210254484
7 6 6 4 -1  1
1686576800214800988
4 2 3 3 -1  1
1686587739671840272
5 5 0 0 -1  1
1686651459802520721
6 3 4 1 -1  1
1686838956105261603
7 1 2 1 -1  1
1687181499250785093
5 5 4 3 -1  1
1687418786302643841
4 4 0 0 -1  1
1687466790647148809
4 2 5 4 -1  1
1687548834049614306
3 6 4 7 -1  1
1687597884044895161
7 2 2 2 -1  1
1687684749245145887
7 4 5 4 -1  1
1687824803463426976
6 0 5 0 -1  1
1687864037623131728
5 1 7 3 -1  1
1687891765911882297
3 5 3 3 -1  1
1688251555918956618
4 0 3 1 -1  1
1688444671814324526
3 6 1 5 -1  1
1688697637322330602
6 2 4 2 -1  1
1688769970146621973
4 5 3 4 -1  1
1689017319880482295
4 4 3 4 -1  1
1689023695978629723
7 5 6 4 -1  1
1689170794183767990
5 2 3 3 -1  1
1689319299181296405
6 6 2 2 -1  1
1689549233655749893
7 2 4 2 -1  1
1689565538125621479
5 0 4 0 -1  1
1689568393148449186
7 1 6 3 -1  1
1689601104178471671
7 0 7 2 -1  1
1689998549301922009
6 5 4 5 -1  1
1690219377391643733
7 0 6 2 -1  1
1690220655601132138
6 5 4 5 -1  1
1690680675915834733
0 5 2 7 -1  1
1690700563139267451
2 0 0 0 -1  1
1690716227990566755
7 1 6 3 -1  1
1690753231121956472
6 7 5 7 -1  1
1690772607696133095
7 3 5 5 -1  1
1690879536140731833
4 2 3 2 -1  1
1690933561367013710
4 7 3 7 -1  1
1690936488478218680
5 4 3 2 -1  1
1690996957744109947
7 5 3 1 -1  2
1691152493332261691
7 4 7 6 -1  1
1691225997204182326
2 4 1 4 -1  1
1691272272864244694
5 1 4 1 -1  1
1691396348920259398
4 3 5 1 -1  1
1691401562363474140
5 5 1 1 -1  1
1691442856888860926
6 6 5 7 -1  1
1691619134099778942
3 5 2 6 -1  1
1691703408674518440
4 5 3 4 -1  1
1691716839504388659
5 6 4 6 -1  1
1691838756672235983
4 5 6 3 -1  1
1691922807051644036
5 2 4 2 -1  1
1692050895341345259
6 4 7 3 -1  1
1692473584423095558
3 2 6 2 -1  1
1692716995161660843
6 3 5 5 -1  1
1692789224751041658
5 2 3 3 -1  1
1693062626530790598
7 0 6 0 -1  1
1693109820245027394
5 0 1 0 -1  1
1693294630148985075
6 5 5 5 -1  1
1693500338444736702
7 3 7 4 -1  1
1693685517855225544
4 4 3 4 -1  1
1693817743273959643
7 6 7 5 -1  1
1694056761213150128
1 7 1 5 -1  1
1694148383969747647
6 5 4 5 -1  1
1694681261430262590
6 5 6 2 -1  1
1694727781476530620
4 4 3 3 -1  1
1694830934673990145
5 2 4 2 -1  1
1695229155368278942
6 7 4 7 -1  1
1695562275779276780
6 5 4 5 -1  1
1695588359442989825
4 0 5 0 -1  1
1695691685855287945
6 6 5 7 -1  1
1695718882438250654
5 3 4 4 -1  1
1695803542772668296
6 6 7 6 -1  2
1696039960070627010
6 1 4 1 -1  1
1696165774582244991
4 5 2 3 -1  1
1696219039885586899
3 6 3 7 -1  1
1696364073096029846
5 1 7 1 -1  1
1696472141243565051
7 7 7 3 -1  1
1696499471258639790
5 0 5 1 -1  1
1696611756582300007
4 1 4 2 -1  1
1696649348446901561
7 5 6 6 -1  1
1697055533792840474
5 0 4 0 -1  1
1697080572691969104
6 1 4 1 -1  1
1697102233894135429
5 1 0 1 -1  1
1697229713681504086
5 5 4 3 -1  1
1697594107509737497
6 5 5 5 -1  1
1697738309974231973
4 3 4 2 -1  1
1697835272993015044
7 6 6 7 -1  1
1697925908226282809
3 7 6 4 -1  1
1697948537387838812
5 3 4 2 -1  1
1697999828864024738
3 5 5 7 -1  1
1698018811602395642
4 5 3 4 -1  1
1698071442454480348
7 2 3 6 -1  1
1698087102306293762
4 5 3 6 -1  1
1698305839581738963
6 4 4 2 -1  1
1698491099083318163
3 4 1 3 -1  1
1698503928722731110
2 0 3 0 -1  1
1698613719065112568
5 3 2 6 -1  1
1698726537614326168
3 0 3 1 -1  1
1698941140040525380
7 0 0 0 -1  1
1699046717652747373
6 4 4 4 -1  1
1699059435209596833
7 6 6 7 -1  1
1699142852471288581
6 2 5 3 -1  1
1699174816018564927
7 4 7 3 -1  1
1699250248711815853
7 5 7 1 -1  1
1699347168097336841
7 1 5 2 -1  1
1700278749858672004
7 2 6 2 -1  1
1700287089019484331
6 6 3 3 -1  1
1700646561452609648
6 6 3 3 -1  1
1700836044557168667
6 1 5 1 -1  1
1701018710123380588
3 3 2 5 -1  1
1701263809427269703
7 2 5 4 -1  1
1701685346412119848
3 5 2 6 -1  1
1701841684228656002
6 5 4 5 -1  1
1701878793887039057
7 3 7 2 -1  1
1702067790972806368
6 7 4 7 -1  1
1702175367560750277
6 4 4 4 -1  1
1702200402284198746
7 4 7 2 -1  1
1702338313410520924
7 4 7 3 -1  1
1702423879237440827
6 7 7 6 -1  1
1702510174556109127
6 5 5 5 -1  1
1702521728709001181
6 3 4 3 -1  2
6 3 5 3 -1  1
1702547494187661275
7 2 5 4 -1  3
7 5 6 4 -1  1
1702687369458304766
5 7 4 7 -1  1
1703098400385482089
2 0 0 0 -1  1
1703166761926698408
7 1 5 0 -1  1
1703416723267668045
4 6 3 5 -1  1
1703752823887067559
7 0 6 1 -1  1
1704030487860662787
5 6 4 6 -1  1
1704248575803365193
6 4 7 3 -1  2
1704280793677074731
6 4 5 2 -1  1
1704441557960931013
6 1 4 1 -1  1
1704650746704110935
3 4 4 5 -1  1
1704651270101927111
6 6 4 6 -1  1
1704785136908692578
7 3 5 5 -1  1
1705134043151165325
7 4 6 4 -1  1
1705187413553546563
6 1 5 2 -1  1
1705223501214980483
5 1 4 3 -1  1
1705303839876705776
7 4 7 2 -1  1
1705495471843685299
6 0 4 2 -1  1
1705562540095044570
5 4 5 6 -1  1
1705833284476435077
5 3 4 2 -1  1
1706127518318611161
5 2 3 0 -1  1
1706510067422530912
7 4 7 1 -1  1
1706517571302806021
6 4 6 1 -1  1
1706847725601193288
7 4 4 4 -1  1
1707023139384559949
7 5 1 5 -1  1
1707132466917779687
4 4 3 3 -1  1
1707157238826225588
4 0 0 4 -1  1
1707158945948215168
0 7 1 6 -1  1
1707217936915321595
0 1 5 1 -1  1
1707236291859218888
5 4 3 6 -1  1
1707396392049193138
5 2 6 4 -1  1
1707611320795531662
6 1 5 1 -1  1
1707640588652418378
5 5 3 4 -1  1
1707642277939951095
6 7 7 5 -1  1
1707664008228076329
7 3 6 3 -1  1
1707752155062115112
7 6 6 6 -1  1
1707807803667265004
4 1 3 1 -1  1
1707989861878025540
5 2 4 3 -1  1
1708025924696470259
7 1 5 2 -1  1
1708240102018781184
4 4 2 3 -1  1
1708989019219178220
7 2 6 2 -1  1
1709371021496861183
3 3 2 4 -1  1
1709450133703077577
5 3 4 4 -1  1
1709492026488829102
6 6 5 6 -1  1
1709556357765057170
3 3 1 5 -1  1
1709641941710606639
4 0 3 0 -1  1
1709962549340013223
2 3 1 3 -1  1
1710080637065808900
5 3 4 4 -1  1
1710175807203457698
7 1 5 2 -1  1
1710185298050350113
5 4 6 4 -1  1
1710247468341199573
6 3 4 3 -1  1
1710323968631639069
7 3 4 6 -1  1
1710893171816839045
4 5 7 5 -1  1
1711250155716684077
0 3 0 4 -1  1
1711345004039168312
7 6 7 5 -1  1
1711470208003977010
3 5 5 5 -1  1
1711532355330990769
6 6 5 6 -1  1
1711535158715596867
7 0 7 4 -1  1
1711540344510383475
7 4 6 4 -1  1
1711673038561587050
3 2 4 0 -1  1
1711682374572411861
4 4 5 6 -1  1
1711855417060028143
6 6 4 4 -1  1
1711967220825272022
1 2 1 1 -1  1
1712015375097037670
5 4 0 4 -1  1
1712027199960537251
5 1 4 2 -1  1
1712135097258649318
6 4 5 4 -1  1
1712202798210395361
4 3 6 3 -1  1
1712203738462543354
5 0 6 2 -1  1
1712278752300431142
4 2 4 7 -1  1
1712295568750684931
6 4 6 3 -1  1
1712345038223453806
7 0 4 0 -1  1
1712494701715113148
5 5 4 5 -1  1
1712514561315730339
5 0 6 2 -1  1
1712582746847193395
6 0 4 0 -1  1
1712883648906370449
6 7 5 7 -1  1
1713059834269216137
7 5 5 5 -1  1
1713264689187141048
4 5 6 3 -1  1
1713309224844480145
2 4 1 5 -1  1
1713551169125270526
5 3 4 3 -1  1
1714000592819930463
7 5 7 4 -1  1
1714321425572099771
7 2 5 2 -1  1
1714327114267556197
6 4 7 5 -1  1
1714390514438824213
3 4 2 4 -1  1
1714437714394843865
7 6 7 4 -1  1
1714598113056013146
6 5 5 5 -1  1
1715600954866745667
2 3 4 4 -1  2
1715709898619996914
7 1 7 2 -1  1
1715851778268596338
3 6 5 4 -1  1
1715875062818481537
6 5 5 4 -1  1
1715910235153525954
1 0 1 2 -1  1
1716008242563276403
7 6 6 7 -1  1
1716048664777819688
5 6 4 4 -1  1
1716138706625402500
6 5 4 5 -1  1
1716150810398341383
5 2 4 3 -1  1
1716185735636408827
7 3 7 2 -1  1
1716477204413554375
6 3 6 2 -1  1
1716516720247056574
4 5 3 6 -1  1
1716529078053309111
7 0 7 3 -1  1
1716851185948494484
6 0 5 0 -1  1
6 3 4 3 -1  3
6 3 5 3 -1  3
1716919616546710191
6 4 3 1 -1  1
1717005046641334546
6 3 5 2 -1  1
1717202490742617131
4 2 3 0 -1  1
1717239546576218218
6 7 5 7 -1  1
1717282943684280624
2 1 1 1 -1  1
1717699804646073216
3 5 4 6 -1  1
1717761742283226865
7 1 7 3 -1  1
1717832747491155557
7 0 5 0 -1  1
1718051825160391464
5 2 3 3 -1  1
1718174177895921773
6 5 4 5 -1  1
1718269648377853287
0 0 0 5 -1  1
1718401243534120189
7 6 7 7 -1  1
1718461613181763375
7 7 7 5 -1  1
1718500285751319603
7 6 7 7 -1  1
1718600893924226617
6 4 4 2 -1  1
1718738846210318282
7 0 7 2 -1  1
1718803087103305326
6 1 2 1 -1  1
1718859985967309801
5 4 3 2 -1  1
1719026496005586983
6 4 5 4 -1  1
1719033350855513813
6 6 3 3 -1  1
1719299022172293949
6 6 6 4 -1  1
1719380090474329209
7 2 3 6 -1  1
1719438214239616713
2 2 4 4 -1  1
1719585907052404620
4 4 3 4 -1  1
1719700948452508873
5 2 4 2 -1  1
1719793851217387816
7 5 6 6 -1  1
1719941483552777552
3 7 3 5 -1  1
1719998109084837803
5 7 6 5 -1  1
1720244724178487445
3 2 3 0 -1  1
1720346054717331259
6 3 6 0 -1  1
1720353821800284052
4 5 2 3 -1  1
1720391505110494390
2 6 1 7 -1  1
1720454339601637604
6 5 6 4 -1  1
1720498350003388929
5 7 4 7 -1  2
7 6 7 7 -1  1
1720931521253100001
1 1 1 0 -1  1
1720952284357156226
7 4 7 6 -1  1
1720969717428471005
6 5 4 5 -1  4
7 3 6 4 -1  1
1721099878532037217
7 6 6 6 -1  1
1721172874460114039
3 6 6 3 -1  1
1721316526017160349
3 4 4 6 -1  1
1721440282092029720
6 5 5 5 -1  1
1721497473451583587
6 1 6 3 -1  1
1721979179277269976
6 1 6 2 -1  1
1721981588941525786
2 4 1 5 -1  1
1721985797327902751
4 7 3 6 -1  1
1722517013251291004
7 3 3 7 -1  1
1722580846476776379
4 5 2 7 -1  1
1722606933798680776
6 3 5 1 -1  1
1722640604203540178
5 3 4 2 -1  1
1722807088831961669
6 3 7 4 -1  1
1723125354291727989
7 2 3 2 -1  1
1723130091103180983
4 4 4 2 -1  1
1723160669241752950
3 3 7 3 -1  1
1723201223631986696
5 4 3 5 -1  1
1723345727202916936
5 5 4 3 -1  1
1723453730890593230
3 0 2 1 -1  1
1723828604458249215
5 2 6 2 -1  1
1724115955947106359
4 1 3 2 -1  1
1724209799305669949
6 7 4 7 -1  1
1724214859345787264
4 3 5 1 -1  1
1724237011070897880
7 2 7 1 -1  1
1724373135168382007
6 1 4 1 -1  1
1724460447321407792
4 1 3 0 -1  1
1724534260067078777
4 4 3 4 -1  1
1724554129284780462
5 5 3 6 -1  1
1724742818676677797
2 6 2 5 -1  1
1724785352922758785
1 4 2 5 -1  1
1724834887695570226
4 2 1 2 -1  1
1725041307292659732
7 5 7 1 -1  1
1725068156819896509
3 1 3 3 -1  1
1725137332873228788
3 5 3 4 -1  1
1725274133864089655
7 6 7 7 -1  1
1725316025587026074
7 4 7 6 -1  3
1725385708219163459
7 6 6 6 -1  1
1725575422430533258
4 3 2 4 -1  1
1725990656738081345
5 5 4 5 -1  1
1726135198724349601
6 0 5 0 -1  7
6 2 4 2 -1  6
7 1 5 2 -1  5
7 2 6 3 -1  1
7 5 3 1 -1  2
1726212892381583953
6 7 4 6 -1  1
1726214347927811706
3 6 4 5 -1  1
1726393031534388730
6 6 5 5 -1  1
1726424698569832996
4 0 3 0 -1  1
1726459863861224611
2 1 5 4 -1  1
1726552690886362011
5 1 6 3 -1  1
1726781019094243270
4 0 2 0 -1  1
1727065326023766903
1 2 1 1 -1  1
1727137913475253902
7 6 6 5 -1  1
1727286556551192239
4 3 3 4 -1  1
1727486142234814125
5 0 6 1 -1  1
1727542281464399884
4 4 3 4 -1  1
1727595077655901551
7 6 6 6 -1  1
1727684547167888241
5 2 4 1 -1  1
1727779074036657596
7 1 1 1 -1  1
1727880036977671158
7 5 7 4 -1  1
1727965858312915818
1 2 7 2 -1  1
1727972026864610012
7 4 7 6 -1  1
1728173840588764167
4 4 5 5 -1  1
1728292794737659480
4 3 3 1 -1  1
1728333755799204326
5 5 6 6 -1  1
1728985744656311638
4 3 5 1 -1  1
1729007578367569009
7 3 4 0 -1  1
1729409621258818485
7 3 7 2 -1  1
1729458491387938366
4 2 3 3 -1  1
1729512422368096109
6 4 7 5 -1  1
1729603157747639902
7 4 7 6 -1  1
1729767270500341665
6 1 5 1 -1  1
1729820413387100392
6 4 7 2 -1  1
1729840875878975314
5 1 4 1 -1  1
1729944088437530051
6 1 5 1 -1  1
1730096320918979438
7 5 5 3 -1  1
1730197527670223831
7 2 6 3 -1  1
1730223766532496029
7 3 6 3 -1  1
1730369136421127970
5 4 4 6 -1  1
1730559975095544175
6 1 6 5 -1  1
1730691173579215344
7 5 6 6 -1  1
1730756752715767220
6 6 5 6 -1  1
1731057976240481989
6 7 5 6 -1  1
1731128658572507947
4 4 6 3 -1  1
1731264709819906959
6 7 5 7 -1  1
1731417253699391125
7 1 6 0 -1  1
1731460300411091988
6 5 4 5 -1  1
1731528029847094735
2 0 5 3 -1  1
1731717297291734988
6 5 6 4 -1  1
1731817816142870699
7 5 7 6 -1  1
1731884491053796839
6 5 5 5 -1  1
1731940393875629829
3 3 2 5 -1  1
1731941867072203673
7 0 5 0 -1  1
1731942813578300088
4 2 3 2 -1  1
1731959536901884932
6 0 5 0 -1  1
1732043545775453924
4 0 2 1 -1  1
1732269000061352314
7 2 7 3 -1  1
1732315698195532961
5 2 5 1 -1  1
1732339223934680926
4 7 3 7 -1  1
1732547121699753435
4 3 3 2 -1  1
1732894309312215488
4 1 3 1 -1  1
1732942737708829675
6 7 4 7 -1  1
1732972526509038097
5 5 4 4 -1  1
1733219005793667506
4 2 3 3 -1  1
1733383831857399554
7 2 1 2 -1  1
1733408659088045859
7 3 4 0 -1  1
1733600544616501347
4 0 3 0 -1  1
1733655162564842392
4 7 3 6 -1  1
1733745089073418742
5 2 4 0 -1  1
1733750191090336127
6 5 5 5 -1  1
1733936469036651655
5 5 4 3 -1  1
1733955257389749879
0 3 0 4 -1  1
1734321283735511193
3 6 5 4 -1  1
1734408793653008997
4 6 3 5 -1  1
1734430771301105570
7 3 4 6 -1  1
1734432878407591962
4 0 2 1 -1  1
1734497279537190153
5 2 4 4 -1  1
1734522887856806276
6 2 5 1 -1  1
1734653200339484876
4 3 3 4 -1  1
1734886974403766155
6 1 5 2 -1  1
1735107077414037818
5 4 6 3 -1  1
1735142401855739280
5 7 6 6 -1  1
1735173635961381369
6 6 5 5 -1  1
1735334519990337116
5 5 4 4 -1  1
1735623786051712144
6 6 7 7 -1  1
1735662295295762631
6 4 7 5 -1  1
1735844103748493155
6 5 5 5 -1  1
1735876258823693624
6 5 5 5 -1  1
1735994582826937113
6 4 4 6 -1  1
1736225844789293603
4 7 3 7 -1  1
1736298955457487869
6 3 5 2 -1  1
1736389721870598716
6 3 4 4 -1  1
1736551706484057498
6 3 5 3 -1  1
1736553151023273802
2 6 2 5 -1  1
1736794770565042935
6 1 7 2 -1  1
1736926294246581364
6 3 3 0 -1  1
1736951372405864321
7 1 5 2 -1  1
7 5 6 4 -1  8
1737435175152624794
6 7 5 7 -1  1
1737693700875919699
0 2 0 1 -1  1
1737762945603194622
3 6 3 3 -1  1
1737773131720443383
2 0 0 0 -1  1
1737914343425443766
6 4 4 6 -1  1
1738109830446032495
4 2 5 2 -1  1
4 3 3 2 -1  1
1738116901365177203
3 6 2 5 -1  1
6 2 5 3 -1  1
1738366485309141477
7 5 7 2 -1  1
1738502523489440912
7 0 7 3 -1  1
1738535280468579134
6 4 6 6 -1  1
1738804463021739915
4 2 3 2 -1  1
1739226858028315603
1 1 1 4 -1  1
1739230995363837938
5 5 2 5 -1  1
1739240331129459266
7 3 6 3 -1  1
1739434384089867404
5 2 4 2 -1  1
1739658621075231248
7 4 7 6 -1  1
1739713999866446082
2 1 1 1 -1  1
1739864290398111800
1 5 3 3 -1  1
1739907418752667640
5 4 4 3 -1  1
1739975317696206460
3 6 2 6 -1  1
1740014708475586859
6 5 4 5 -1  1
1740213682769681968
7 2 6 3 -1  1
1740311469167216140
4 2 3 3 -1  1
1740577973699129400
4 0 1 0 -1  1
1740747644967158312
4 1 3 0 -1  1
1740833824551781569
6 4 4 6 -1  1
1740897916837788258
4 1 7 1 -1  1
1740938107109967829
7 3 7 4 -1  1
1740947690223933764
5 2 3 2 -1  1
1741020528157565566
6 4 5 5 -1  1
1741123980934158425
6 3 0 3 -1  1
1741138988872200109
4 6 3 6 -1  1
1741801730363641257
6 3 3 3 -1  1
1742130964789969525
6 3 4 2 -1  1
1742245437578764669
4 3 3 3 -1  1
1742352452979445402
7 2 4 5 -1  1
1742565420388338634
7 4 7 3 -1  1
1742963082014055004
5 5 3 4 -1  2
1743218307425953816
5 0 4 1 -1  1
1743280398134390592
6 3 7 2 -1  1
1743367870519522326
7 3 6 3 -1  1
1743596381022981117
6 6 7 7 -1  1
1743703749096183062
4 2 2 2 -1  1
1743775537572066381
3 3 2 3 -1  1
1744071398490292668
7 5 7 2 -1  1
1744156969354996375
7 6 6 6 -1  1
1744444447703867772
7 4 7 6 -1  1
1744665774750817967
6 2 5 4 -1  1
1744735221936700430
4 4 3 3 -1  1
1745039738474398020
6 4 5 4 -1  1
1745291870720533791
6 6 4 6 -1  1
1745606475963856375
5 1 4 1 -1  1
1745714847226374247
4 5 2 3 -1  1
1745779434445803413
7 4 5 4 -1  1
1745908686954398930
3 3 5 5 -1  1
1746264310618645094
6 0 5 0 -1  1
1746541044069968423
7 3 6 2 -1  1
1746547342572948593
7 5 7 2 -1  1
1746776148383334728
6 6 4 6 -1  1
1747132803282560988
6 4 5 3 -1  1
1747343434814833467
7 6 7 7 -1  1
1747494021113176691
5 7 6 6 -1  1
1747619904242159488
4 4 6 3 -1  1
1747752373436993387
7 2 7 4 -1  1
1747990775957812715
7 4 7 6 -1  1
1748237676630474670
0 3 0 2 -1  1
1748375938389812942
5 4 7 2 -1  1
1748446716640580684
7 0 7 1 -1  1
1749108567163527011
6 3 7 5 -1  1
1749140000849958901
7 0 7 1 -1  1
1749333282357469065
1 5 1 2 -1  1
1749347712442062955
7 0 5 0 -1  1
1749413322659418495
4 6 3 6 -1  1
1749607541058733628
7 7 7 6 -1  1
1749631227755533952
4 4 3 5 -1  1
1749758646744241226
4 4 1 1 -1  1
1749945374808298336
1 1 1 4 -1  1
1750168277768606011
3 2 2 1 -1  1
1750361547128428189
7 3 7 2 -1  1
1750608337882279152
5 4 4 3 -1  3
1750669913117732465
6 0 4 0 -1  1
1750916883414064807
7 3 7 2 -1  1
1751003626414394926
6 7 7 7 -1  1
1751013215047185792
6 1 5 1 -1  1
1751256065423422492
4 1 3 1 -1  1
1751277441614503197
7 4 6 5 -1  1
1751302343542885421
7 4 1 4 -1  1
1751331274657965438
7 1 7 7 -1  1
1751390328716751740
2 3 4 2 -1  1
1751398679902726593
0 4 1 4 -1  1
1751505293766064012
5 4 6 4 -1  1
1751567783587007241
7 0 7 1 -1  1
1751589046550784908
6 4 7 5 -1  1
1752187474536329831
7 5 5 3 -1  1
1752211944833279667
7 3 6 3 -1  1
1752347642993700279
6 1 5 2 -1  1
1752532392682517171
6 4 5 4 -1  1
1752556473443028604
6 5 5 6 -1  1
1752829576347478376
6 0 7 0 -1  1
1752988262784496663
4 3 5 4 -1  1
1753436129293270386
4 5 3 6 -1  1
1753829938850334874
5 6 3 4 -1  1
1753846706714568238
7 7 6 6 -1  1
1753956901071855496
7 2 4 2 -1  1
1754100932607919649
5 4 5 5 -1  1
1754294340541444668
4 6 3 5 -1  1
1754472756780093565
7 5 6 6 -1  1
1754753446763746999
5 2 7 2 -1  1
1755022585560578495
5 2 3 3 -1  1
1755100501394354337
6 6 1 1 -1  1
1755303644842225587
6 6 5 5 -1  1
1755499310916558695
5 6 6 6 -1  1
1755568851813859548
6 2 5 1 -1  1
1755678052519980705
7 2 5 4 -1  1
1755764246333413020
5 3 4 4 -1  1
1755805701093606183
5 4 4 3 -1  1
1755982521440369654
6 2 5 2 -1  1
1756156455368342346
4 2 3 2 -1  1
1756215749080449610
6 4 6 1 -1  1
1756264422104177597
3 7 3 0 -1  1
1756320767767343103
5 2 6 3 -1  1
1756337736051761330
4 5 4 6 -1  1
1756355206921697796
6 0 4 0 -1  1
1756421559494329724
6 6 7 7 -1  1
1756451530442601779
6 3 4 4 -1  1
1756471116727172110
6 1 5 2 -1  1
1756549165175541047
1 5 2 4 -1  1
1756869982163766981
7 6 5 5 -1  1
1756896370108578527
6 4 5 5 -1  1
1757015150276334241
4 5 3 6 -1  1
1757063767768399377
3 3 3 1 -1  1
1757106885156177328
5 4 6 4 -1  1
1757127637488309791
6 4 7 3 -1  1
1757252155183565739
4 2 5 2 -1  1
1757527984407747139
4 4 3 3 -1  1
1757592845458368696
7 5 7 4 -1  1
1757662525687711512
7 4 3 0 -1  1
1757727636416638011
5 5 6 3 -1  1
1757874763866307383
6 1 5 2 -1  1
1758257011509102079
1 1 2 0 -1  1
1759038961829218862
7 0 7 2 -1  1
1759374867229929041
6 7 5 7 -1  1
1759402229122212656
6 2 4 2 -1  1
1759623265085525072
7 0 7 6 -1  1
1759764169219975203
4 1 7 4 -1  1
1759906499440758874
7 2 5 0 -1  1
1760356927942361643
1 4 1 0 -1  1
1760583179301274575
2 1 1 1 -1  1
1760895139765663240
2 6 4 5 -1  1
1760908663965863822
4 0 3 0 -1  1
1761064389403719500
6 3 3 0 -1  1
1761139364776888849
7 7 7 6 -1  1
1761310756923407489
5 6 4 5 -1  1
1761345051406994882
7 3 5 3 -1  1
1761383772468759657
6 1 3 4 -1  1
1761421586423924871
1 2 2 2 -1  1
1761739490196205134
7 0 1 0 -1  1
1761747561932348883
5 3 4 3 -1  1
1761877703975400510
2 5 2 4 -1  1
1761895272101061250
5 5 5 7 -1  1
1762004635451384974
5 4 6 4 -1  1
1762078765716370037
5 3 4 4 -1  1
1762220052130111615
6 4 5 2 -1  1
1762366347045076299
6 3 4 2 -1  1
1762551769573504218
0 3 0 4 -1  1
1762691545382955611
0 4 3 7 -1  1
1762719009025226736
7 2 6 3 -1  1
1762734340667453842
5 3 6 2 -1  1
1762972625586165819
6 3 5 4 -1  1
1763242942187820137
7 2 5 0 -1  1
1763378824877542447
7 4 5 4 -1  1
1763390763284566312
6 0 4 0 -1  1
1763427153277468062
6 4 7 3 -1  1
1763464715038013002
4 2 3 2 -1  1
1763777435388955403
6 2 5 2 -1  1
1763960257283334165
5 1 4 1 -1  1
1764115055881912645
5 1 6 0 -1  1
1764280061576274884
5 4 4 6 -1  1
1764300267918421043
4 5 2 3 -1  1
1764325283206237632
3 6 2 5 -1  1
1764703533944677031
1 0 4 0 -1  1
1764782707364846738
7 3 7 0 -1  1
1764820891440764612
4 5 4 2 -1  1
1764831413977038933
3 2 2 2 -1  1
1764859141456807804
0 1 1 1 -1  1
1764901037597557831
6 6 5 7 -1  1
1764904381985483763
7 6 6 6 -1  1
1765109083963096924
6 2 4 1 -1  1
1765195728496797393
5 1 6 1 -1  1
1765360187517737238
4 0 6 1 -1  1
1765466217517610243
5 4 5 6 -1  1
1765698024150256626
7 6 7 0 -1  1
1765819759329654095
7 5 2 0 -1  1
1766384017329382481
6 5 6 4 -1  1
1766427734692263735
6 3 5 4 -1  1
1766440157433115043
7 4 4 4 -1  1
1766576745266004508
5 5 4 7 -1  1
1766638183253659472
5 5 5 4 -1  1
1766698304183041812
6 6 7 5 -1  1
1766989872182319284
7 3 5 5 -1  1
1767074358080707414
7 3 7 4 -1  1
1767419834096751719
4 1 0 1 -1  1
1767422400047049864
3 0 2 1 -1  1
1767590853473495160
4 6 4 5 -1  1
1767636783434264234
3 0 6 0 -1  1
1767716413489084448
5 1 6 2 -1  1
1767787379457066055
7 2 7 0 -1  1
1767974085958250102
7 4 7 2 -1  1
1768105932940503050
5 3 3 5 -1  1
1768215555104715486
7 6 7 5 -1  1
1768242261089111112
0 6 5 6 -1  1
1768366718974990448
1 5 0 5 10  1
1768490509417802295
5 5 3 4 -1  1
1768812714590039675
6 0 5 0 -1  1
1768818143557971955
6 3 7 4 -1  1
1768994767635150760
4 2 3 2 -1  1
1769453804784254622
3 6 2 5 -1  1
1769493292963233720
2 7 4 6 -1  1
1769969831926868679
6 1 4 1 -1  1
1769986019061054392
6 2 5 3 -1  1
1770179310455782267
4 7 3 7 -1  1
1770225557934940520
4 3 3 3 -1  1
1770611901563739319
4 2 3 3 -1  1
1770659511900607590
5 5 4 5 -1  1
1771293391788965600
6 0 5 0 -1  1
1771344546802959306
0 3 3 3 -1  1
1771471468156167957
4 3 2 5 -1  1
1771725062633176992
5 2 6 3 -1  1
1771762738891733183
4 5 3 4 -1  1
1771840780739385476
3 3 3 1 -1  1
1771902093186752746
4 5 3 7 -1  1
1772058687381187109
7 4 3 4 -1  1
1772187832467763455
5 1 5 2 -1  1
1772252829508881828
3 1 3 3 -1  1
1772466891593652763
0 4 3 1 -1  1
1772472001951289091
7 1 5 2 -1  1
1772578526771657950
5 6 7 5 -1  1
1772605423184400742
1 7 3 7 -1  1
1772626347452334768
0 4 1 4 -1  1
1772659120854835079
6 5 4 5 -1  1
1772730662499599472
5 5 5 6 -1  1
1772739982653599090
5 5 4 6 -1  1
1773082696012089050
7 3 7 2 -1  1
1773096688959295803
7 1 3 1 -1  1
1773214685774318513
5 0 4 0 -1  2
5 3 4 3 -1  1
6 2 5 2 -1  1
7 5 6 6 -1  1
1773917532606726813
7 2 3 6 -1  1
1773942750070504498
6 1 5 2 -1  1
1774150044839664626
7 3 7 1 -1  1
1774338657371370822
2 0 2 7 -1  1
1774350041017553761
7 4 5 4 -1  1
1774486394251677926
5 6 6 5 -1  1
1774550441804729446
1 2 2 3 -1  1
1774580149498026560
4 2 3 3 -1  1
1774798175759304462
5 3 0 3 -1  1
1774815394194609741
4 4 5 5 -1  1
1774961616419178488
4 0 3 0 -1  1
1775019911357866797
0 2 1 2 -1  1
1775125565340914490
3 3 2 3 -1  1
1775239719692463116
4 7 3 7 -1  1
1775465751420143191
1 4 3 3 -1  1
1775468791929716570
4 3 5 1 -1  1
1775649926373876785
6 1 7 2 -1  1
1775652416183046324
7 0 5 2 -1  1
1775699753664953596
6 7 5 7 -1  1
1775855123372059979
7 6 6 7 -1  1
1775891319796942434
3 4 2 3 -1  1
1775893187909898665
5 6 4 6 -1  1
1775973891467862453
2 3 2 4 -1  1
1776014250854199564
4 0 3 0 -1  1
1776077202541283484
6 6 7 4 -1  1
1776113738622038600
1 1 2 1 -1  1
1776273229103498690
3 3 4 5 -1  1
1776305609664069067
7 3 6 3 -1  1
1776375104585267750
4 3 5 2 -1  1
1776375595689122379
6 3 7 4 -1  1
1776540008944254767
7 6 6 6 -1  1
1776560522973940477
0 6 0 4 -1  1
1776705566111138689
5 2 4 2 -1  1
1776886213970272488
6 1 5 1 -1  1
1777576036957938816
6 2 7 3 -1  1
1777665802802829992
7 2 6 1 -1  1
1777841222893124789
6 4 7 5 -1  1
1777875540514562020
4 5 3 3 -1  1
1777880572442634100
5 5 3 4 -1  1
1777886391211016360
4 1 3 1 -1  3
7 1 6 3 -1  6
1777963265859663046
5 7 6 5 -1  1
1778266011596983055
5 0 4 0 -1  5
1778469002168483473
7 1 6 2 -1  1
1778625504022711367
5 5 4 4 -1  1
1778781905140833863
2 0 1 0 -1  1
1779026043109939213
6 2 7 1 -1  1
1779050075890762382
7 4 6 4 -1  1
1779186791356141269
3 0 6 3 -1  1
1779323217487658993
0 3 0 0 -1  1
1779356289048579277
2 5 3 4 -1  1
1779357381937118949
2 3 5 6 -1  1
1779416906874186728
7 3 5 1 -1  1
1779465869708870021
7 0 0 0 -1  1
7 0 6 0 -1  1
1779942461989485336
4 4 5 4 -1  1
1780030260885618424
3 3 2 3 -1  1
1780244011117190861
4 6 5 7 -1  1
1780327609255809727
4 2 7 5 -1  1
1780502872527693528
4 0 3 0 -1  1
1780547294283723829
7 3 5 3 -1  1
1780565977778259847
7 1 5 2 -1  1
1780572821607112928
5 5 3 6 -1  1
1780930968391493305
4 1 3 1 -1  1
1781106415499219851
7 6 6 7 -1  1
1781181482366338501
6 3 6 2 -1  1
1781639778147063043
2 2 5 2 -1  1
1781684715123298323
4 2 5 2 -1  1
1782010954409262415
7 3 5 1 -1  1
1782041726059152825
6 0 5 0 -1  1
1782136689807949771
7 4 7 6 -1  2
1782165238097112087
7 5 7 6 -1  1
1782184022494392767
4 7 5 5 -1  1
1782391137279554412
7 2 6 3 -1  1
1782695734878027609
6 5 5 4 -1  1
1782997594062795943
7 5 6 5 -1  1
1783085913565935000
7 5 6 3 -1  1
1783405494383744519
3 4 4 6 -1  1
1783453955192588077
5 3 4 4 -1  1
1783615679319570019
4 0 4 2 -1  1
1783753017114402794
6 2 4 2 -1  1
1784126370018110989
4 1 3 2 -1  1
1784329589892703648
4 3 5 2 -1  1
1784342960633296918
6 1 5 1 -1  1
1784455885564791804
4 7 5 5 -1  1
1784555488898090989
6 6 5 6 -1  1
1784786175348830746
6 2 4 1 -1  1
1784905505020760127
7 0 7 3 -1  1
1785263500564488580
7 4 7 6 -1  2
1785307748396588531
7 5 7 4 -1  1
1785395731836062377
3 4 1 6 -1  1
1785500022258268923
7 4 7 6 -1  1
