2745595657488335150
6 6 7 6 -1  1
2745609357448669138
7 7 7 6 -1  1
2745632874763351654
6 0 5 1 -1  1
2745701174636410574
6 0 4 0 -1  1
2745742675626232313
6 0 6 3 -1  1
2745757854735226125
6 6 5 6 -1  1
2745925589948651885
5 5 7 4 -1  1
2745961346154847231
2 5 4 4 -1  1
2746151326896324058
7 4 5 4 -1  1
2746249180047924615
6 0 4 0 -1  1
2746324615067772043
5 1 4 0 -1  1
2746397522124594986
7 1 6 3 -1  1
2746436560376940312
3 7 4 5 -1  1
2746513443392988296
4 3 3 1 -1  1
2746536693530720729
4 6 6 4 -1  1
2746774958214956278
7 3 7 4 -1  1
2747136553173746733
5 0 6 1 -1  1
2747140214409861981
7 3 6 4 -1  1
2747175781333660485
6 3 5 1 -1  1
2747259164996325184
5 0 5 6 -1  1
2747297171729449233
5 5 6 3 -1  1
2747578682455567765
6 7 5 7 -1  1
2747621894402201425
7 3 2 3 -1  1
2747776330296737574
2 4 1 2 -1  1
2747924602232573477
7 0 7 2 -1  1
2747950635738544371
6 4 7 3 -1  1
2747969364017672768
1 6 1 0 -1  1
2748171537698558202
5 1 3 0 -1  1
2748223597618543077
7 4 7 6 -1  1
2748330840725433964
1 2 1 5 -1  1
2748463818382022778
6 3 5 5 -1  1
2748474107960048898
7 3 6 4 -1  1
2748634885012062241
6 4 7 4 -1  1
2748711386361056090
7 3 7 1 -1  1
2748729690845089053
3 4 5 3 -1  1
2748755284696688963
4 3 5 1 -1  2
2749197512224860210
4 6 3 6 -1  1
2749207809366970619
6 3 2 7 -1  1
2749230889746696309
7 6 6 6 -1  1
2749441337347498588
7 0 7 2 -1  1
2749491381780690032
4 3 6 2 -1  1
2749633115070946552
6 0 4 0 -1  1
2749800108921449597
5 6 4 4 -1  1
2749972144966413841
6 2 4 2 -1  3
6 3 4 3 -1  7
6 4 4 4 -1  2
6 6 5 6 -1  1
7 6 5 5 -1  3
2750002490933963329
7 4 5 6 -1  1
2750251345265726233
6 5 4 5 -1  1
2750298962237258616
7 6 7 7 -1  1
2750382887413074151
5 5 4 3 -1  1
2750392187952504056
6 4 5 4 -1  2
2750481125747505376
6 3 6 4 -1  1
2750523926094709565
7 3 6 3 -1  1
2750552065836901858
2 2 1 2 -1  1
2750589215447049542
6 4 4 4 -1  1
2750823479568610753
7 2 7 0 -1  1
2750833097506010743
4 7 3 5 -1  1
2750966554976495423
3 3 2 3 -1  1
2751549009133794151
6 0 4 0 -1  1
2751639276834611484
7 5 6 5 -1  1
2752077657235261686
6 6 7 6 -1  1
2752331910178268035
7 6 6 5 -1  1
2752623264816083562
5 5 6 4 -1  1
2752685582962977141
6 6 5 5 -1  1
2752727916499773887
5 2 4 2 -1  1
2752769524035946705
7 4 7 3 -1  1
2752957718462845653
6 3 5 4 -1  1
2753205664054710104
3 3 2 3 -1  1
2753427237685146167
6 7 4 7 -1  1
2753615628823423385
5 2 3 3 -1  1
2753763330018793090
7 2 7 1 -1  1
2754035498715132649
7 2 3 2 -1  1
2754154529926457834
7 5 7 3 -1  1
2754248547708820398
7 4 6 4 -1  1
2754315489677413894
7 6 7 7 -1  1
2754495700404219578
3 6 2 7 -1  1
2754530316457222561
7 4 3 4 -1  1
2754542466529358345
6 3 5 3 -1  1
2754644971200387217
4 1 1 1 -1  1
2754901835588242957
7 1 6 3 -1  1
2755072331152538253
5 5 4 5 -1  1
2755265585897631620
4 7 0 3 -1  1
2755347801279108017
6 6 5 6 -1  1
2755370096127212758
7 4 7 6 -1  1
2755459676469891582
3 1 3 3 -1  1
2755572079073152151
7 2 3 6 -1  1
2755655078522806564
2 6 1 5 -1  1
2755860165321340034
6 3 4 1 -1  1
2755951474023133533
5 5 6 3 -1  2
2756150990767296962
5 7 4 6 -1  1
2756154343838165465
6 3 5 5 -1  1
2756264381762593069
7 4 6 4 -1  1
2756272362616911885
1 4 3 4 -1  1
2756322278714326576
7 2 5 4 -1  1
2756455553654723731
4 4 3 5 -1  1
2756698480197621503
4 0 3 1 -1  1
2756746496872309064
5 3 5 4 -1  1
2756966025124140431
5 2 3 3 -1  1
2757078710410638931
5 3 2 3 -1  1
2757090429520537946
6 1 1 6 -1  1
2757548898199687121
7 7 5 7 -1  1
2757549530301932717
0 7 0 6 -1  1
2757605947469666901
6 7 4 7 -1  1
2757957508120948930
5 3 5 6 -1  1
2758072965593125149
6 6 5 4 -1  1
2758109247931777471
1 0 1 2 -1  1
2758720173993979996
6 3 4 5 -1  1
2758842247607499972
7 7 6 7 -1  1
2759039129455473930
4 5 2 3 -1  1
2759241884738866507
5 2 3 1 -1  1
2759340631269505085
4 4 4 1 -1  1
2759452566164288886
6 2 4 2 -1  1
2759511374373844618
6 7 5 7 -1  1
2759665804335636321
6 7 4 7 -1  1
2759738540150351529
3 5 2 7 -1  1
2760143075101862727
1 6 4 3 -1  1
2760389643803478135
5 6 6 6 -1  1
2760427238695066314
5 0 4 0 -1  1
2760781038284972873
5 5 7 5 -1  1
2760855268921781219
6 3 7 5 -1  1
2761025159911221777
6 4 5 5 -1  1
2761040310553178473
1 2 1 3 -1  1
2761180095782793681
2 3 3 5 -1  1
2761190337982502922
5 1 4 1 -1  1
2761225090742728028
5 7 4 7 -1  1
2761239751949663137
6 2 4 3 -1  1
2761384054737792353
7 5 6 4 -1  1
2761621568142365221
0 2 1 2 -1  1
2761645434737084004
1 1 1 0 -1  1
2761823338684665744
5 2 3 3 -1  1
2761989223975365484
4 2 3 3 -1  1
2762082943104993693
7 1 6 2 -1  1
2762436417026126003
5 1 5 3 -1  1
2762640876938261225
3 2 2 0 -1  1
2762665401725604001
6 0 5 0 -1  1
2762678868770251477
3 4 2 2 -1  1
2762709042229831529
6 3 6 5 -1  1
2762834400017530744
4 2 3 3 -1  1
2762912275443860962
4 4 2 6 -1  1
2763080837536051058
7 3 5 3 -1  1
2763131656954146603
6 5 5 4 -1  1
2763456656109643227
7 0 7 4 -1  1
2763641049306958664
5 6 4 7 -1  1
2763744236052088467
7 2 6 1 -1  1
2763918286243068571
4 0 7 3 -1  1
2763964600554987163
6 3 7 2 -1  1
2764025211231775618
7 4 7 5 -1  1
2764117865592932871
7 1 6 3 -1  1
2764129034666905721
5 1 6 2 -1  1
2764205036724294034
6 4 3 1 -1  1
2764292066798159264
6 7 5 6 -1  1
2764410936796378456
7 3 7 0 -1  1
2764567354188964045
6 3 4 4 -1  1
2764760881209394580
2 5 3 3 -1  1
2764788148619248714
7 6 7 2 -1  1
2764943671507529993
2 2 0 2 -1  1
2765211946995490769
6 5 4 5 -1  1
2765216304091973718
6 3 7 4 -1  1
2765566604882113081
5 0 4 2 -1  1
2765915677668595610
5 4 6 5 -1  1
2766511296136874405
4 4 3 5 -1  1
2766640430548768764
6 3 5 3 -1  1
2767036928761772029
7 5 7 4 -1  1
2767037860781822389
6 4 5 4 -1  1
2767157307484399860
2 6 0 4 -1  1
2767275759715571503
7 5 7 6 -1  1
2768004251955805934
6 5 5 4 -1  1
2768192096696793252
7 4 6 4 -1  1
2768212525439875972
7 2 5 4 -1  1
2768248204593665221
6 7 5 7 -1  1
2768890716602971393
6 4 7 3 -1  1
2768913131147002899
5 0 7 0 -1  1
2769087446579730493
6 3 7 2 -1  1
2769346646480986760
5 6 5 5 -1  1
2769575696978433736
7 3 7 5 -1  1
2769727646918730543
5 2 4 2 -1  1
2770099437919846704
7 1 4 4 -1  1
2770188028965550618
7 5 7 3 -1  1
2770398090337291065
3 3 4 2 -1  1
2770458986209383018
6 7 5 7 -1  1
2770510051435816751
7 0 7 3 -1  1
2770513218839452593
5 5 4 6 -1  1
2770676337560738406
4 3 3 1 -1  1
2770706977630231079
7 5 7 4 -1  1
2770878452892699084
6 2 5 2 -1  1
2770901763813246841
7 4 6 3 -1  1
2770941350236631034
7 5 7 4 -1  1
2771113651665943549
4 6 5 7 -1  1
2771148780126556143
7 7 7 3 -1  1
2771152683994155639
3 7 1 5 -1  1
2771523742412096432
1 3 0 4 -1  1
2771574440186786332
6 7 5 7 -1  1
2771854294361850106
2 7 1 6 -1  1
2771902563399233183
6 1 5 1 -1  1
2771904896289133523
6 4 5 4 -1  1
2771912241709502240
7 2 6 1 -1  1
2772408001380733929
7 2 7 1 -1  1
2772500085458903087
6 4 7 4 -1  1
2772543853285947169
6 1 4 1 -1  1
2772713226909826939
7 3 5 3 -1  2
2772860572942115848
2 2 4 1 -1  1
2772891226119686954
7 0 7 7 -1  1
2773002057337629972
5 2 4 3 -1  1
2773048106798692098
7 2 6 1 -1  1
2773054252148460141
6 1 4 1 -1  1
2773156597642709565
5 4 5 5 -1  1
2773503505608356795
6 4 1 4 -1  1
2773632606657099482
6 6 5 7 -1  1
2773789443973336447
6 4 5 4 -1  1
2773890308584936376
4 2 3 0 -1  1
2774094800155302426
5 1 4 1 -1  1
2774603928484304781
7 3 5 3 -1  1
2774643797699376049
5 5 3 4 -1  1
2774666271901615592
5 2 4 3 -1  1
2774674888044001776
4 4 5 2 -1  1
2774974323117210772
2 4 2 5 -1  1
2775010204456828417
5 7 4 6 -1  1
2775129841026115016
6 2 5 2 -1  1
2775131855717991955
5 5 3 4 -1  1
2775139738812092193
5 2 4 2 -1  1
2775205363225886334
7 3 7 2 -1  1
2775318711225326960
2 4 3 3 -1  1
2775359018894109719
6 7 5 7 -1  1
2775647157439491598
4 2 5 4 -1  1
2775712038867244726
4 3 3 4 -1  1
2775738148238052661
6 7 5 7 -1  1
2775814104077693640
6 1 5 0 -1  1
2775891556182990679
5 4 1 4 -1  1
2775900890895012839
6 5 5 5 -1  1
2776179487342228449
6 0 1 0 -1  1
2776473030094493933
7 6 7 7 -1  1
2776479552836478237
7 6 7 7 -1  1
2776531648781199006
1 6 2 5 -1  1
4 4 3 4 -1  1
2776677301108243302
3 1 2 0 -1  1
2776690180944142542
7 5 7 3 -1  1
2776867119648575491
6 1 5 1 -1  1
2777076935014716595
5 3 4 3 -1  1
2777235482143832159
4 2 5 3 -1  1
2777386982066924817
4 4 3 4 -1  1
2777660602547315389
7 5 7 4 -1  1
2777901856339165641
7 5 7 3 -1  1
2778059660222041626
2 5 3 6 -1  1
2778222527348123049
4 5 4 6 -1  1
2778277653883887307
5 5 5 6 -1  1
2778318816157417700
0 0 7 7 -1  1
2778366636021471721
6 2 4 2 -1  1
2778414754034076907
7 5 7 0 -1  1
2778497733407514311
1 3 3 3 -1  1
2778995639943813233
1 4 3 5 -1  1
2779112709432946508
2 6 1 5 -1  1
2779133641067076178
6 3 4 2 -1  1
2779621634628942556
6 1 5 1 -1  1
2779888567645634701
4 0 3 0 -1  1
2780096557296722403
0 4 0 3 -1  1
2780271477126427566
6 2 3 2 -1  1
2780306946229750907
7 5 5 5 -1  1
2780774163150202117
3 6 2 5 -1  1
2780808488405417668
6 4 4 4 -1  1
2781056328300256816
4 6 5 5 -1  1
2781127359958928260
4 2 3 3 -1  1
2781274805439503503
7 6 6 7 -1  1
2781427699576306181
6 4 5 4 -1  1
2781502656267401390
7 4 4 1 -1  1
2781608664131213295
7 4 7 6 -1  1
2781624407713628351
6 2 6 3 -1  1
2781640164023483737
7 6 7 0 -1  1
2781659979114214170
3 0 1 0 -1  1
2782116952440133624
6 4 5 3 -1  1
2782149099237490133
6 7 3 4 -1  1
2782721150271437941
6 5 5 5 -1  1
2782839064811182726
7 6 6 6 -1  1
2783100735344062801
0 5 0 4 -1  1
2783118780431847406
6 6 5 6 -1  1
2783447713048167099
5 2 4 0 -1  1
2783574522680563158
1 2 1 5 -1  1
2783695518260219999
7 5 6 6 -1  1
2783708843290127350
5 5 4 3 -1  1
2783923840454757567
7 2 7 1 -1  1
2784027758910868381
4 4 3 4 -1  1
2784128479785937558
7 3 6 4 -1  2
2784295075829438688
5 4 7 4 -1  1
2784390393130466351
2 0 4 1 -1  1
2784528024824568105
7 7 7 4 -1  1
2784742760702834398
7 2 5 0 -1  1
2784807325757145326
6 2 5 1 -1  1
2784830946356258917
5 4 4 3 -1  1
2784875767962049155
6 5 6 4 -1  1
2784883119476970753
6 4 4 3 -1  1
2784933923162656090
4 3 4 2 -1  1
2785085380822389875
4 3 0 3 -1  1
2785301670148239866
5 6 6 5 -1  1
2785305345416183986
5 5 4 5 -1  1
2785797571102722562
6 6 5 6 -1  1
2785904410110920480
7 3 6 3 -1  1
2786249511839867739
3 7 5 5 -1  1
2786307625148150314
5 2 7 2 -1  1
2786311438131223534
6 7 4 7 -1  1
2786367232531738504
4 0 6 1 -1  1
2786395256631765155
3 1 2 2 -1  1
2786417088158126624
4 5 3 5 -1  1
2786484693190339908
5 6 4 6 -1  1
2786650719720784749
7 4 7 3 -1  1
2786678518482744725
3 2 2 1 -1  1
2786748625278198567
6 7 5 6 -1  1
2786842719734514231
4 0 7 3 -1  1
2786882124255972257
7 7 0 7 -1  1
2787040659870100027
7 3 7 7 -1  1
2787069877552137728
4 4 5 2 -1  1
2787088720605498404
7 0 7 1 -1  1
2787143710353650631
6 3 0 3 -1  1
2787284187932097417
3 6 4 5 -1  1
2787312003206567097
5 0 4 2 -1  1
2787372135008388060
5 6 5 2 -1  1
2787426438422539528
6 4 6 3 -1  1
2787604325849025717
5 4 2 1 -1  1
2787938894895847045
4 0 3 1 -1  1
2787958907969865013
5 0 4 2 -1  1
2787968462654753327
6 3 6 2 -1  1
2788200811613446446
6 2 5 1 -1  1
2788410710459482404
5 2 4 2 -1  1
2788415995510559227
4 2 3 2 -1  1
2788593970167219784
6 1 5 2 -1  1
2788773167037936306
5 5 7 4 -1  1
2788808525844144231
6 4 3 1 -1  1
2788863355638810521
6 1 6 4 -1  1
2789485510934999501
6 5 5 4 -1  1
2789748706087033758
4 6 3 5 -1  1
2789783211698056069
7 3 6 3 -1  1
2789839977703714007
6 3 4 5 -1  1
2789884082950345232
4 2 2 1 -1  1
2789926122952024611
3 3 5 4 -1  1
2790046623858835465
3 3 1 1 -1  1
2790081062762876243
6 4 4 4 -1  1
2790208841194126487
7 4 7 5 -1  1
2790292889020399003
0 4 0 0 -1  1
2790522804936106927
5 2 7 1 -1  1
2790586051339047548
7 4 5 4 -1  1
2790595874900855934
5 1 3 2 -1  1
2790866650409670892
4 3 3 4 -1  1
2790995341652365860
5 1 4 1 -1  1
2791239709866312945
6 4 5 4 -1  1
2791251719275129034
7 3 6 2 -1  1
2791974815634739164
5 0 4 0 -1  1
2791983030045028400
3 5 4 4 -1  1
2792041348884649364
7 3 4 0 -1  1
2792521974502476837
5 4 6 2 -1  1
2792568572721999649
5 6 4 5 -1  1
2792653310841650010
3 2 4 3 -1  1
2792741042248396380
4 5 3 5 -1  1
2792752819384050489
4 4 4 2 -1  1
2792881557303079295
7 0 2 5 -1  1
2792984383820326351
7 2 6 1 -1  1
2793097572128972530
6 6 7 6 -1  1
2793407107929369051
7 1 5 2 -1  1
2793865287661611776
5 6 4 6 -1  1
2793888580194495887
7 2 5 2 -1  1
2794168799502086425
3 1 2 0 -1  1
2794262836355214807
4 3 4 0 -1  1
2794482730723154688
6 5 5 6 -1  1
2794534765868846598
1 0 1 2 -1  1
2794684163761879512
5 2 3 2 -1  1
2794736003487801082
4 2 6 2 -1  1
2794764134638197501
3 2 2 2 -1  1
2794866397039877555
4 3 3 4 -1  1
2795170963359450724
5 4 4 2 -1  1
2795479306068927947
2 0 5 3 -1  2
2795484000427410381
1 3 0 1 -1  1
2795586233979498256
5 3 4 3 -1  1
2795701144285650684
0 3 0 4 -1  1
2795749980102670797
7 3 5 2 -1  1
2795856341237434614
5 5 6 3 -1  1
2795951533821246596
6 2 5 2 -1  1
2795957714239706849
7 1 5 1 -1  1
2796155953741697496
5 6 3 5 -1  1
2796378456609556471
4 4 3 5 -1  1
2796406897779694266
6 3 4 2 -1  1
2796649704871779372
2 1 0 0 -1  1
2796819427167928213
2 3 2 6 -1  1
2796833883913094147
3 1 5 2 -1  1
2796986596479558135
6 7 5 7 -1  1
2797041135312912824
7 0 7 2 -1  1
2797098324614180348
4 5 3 4 -1  1
2797104123220292097
6 0 1 0 -1  1
2797115161488128535
2 2 4 0 -1  1
2797307148145549234
2 2 1 1 -1  1
2797320135799814866
4 5 2 3 -1  1
2797361740575602956
5 3 3 4 -1  1
2797531916781692675
5 1 6 2 -1  1
2797885453917343562
7 3 6 3 -1  1
2797905255535547813
6 4 4 4 -1  1
2797969733149393107
0 0 5 0 -1  1
2797995053059598586
7 6 6 5 -1  1
2798400803608081828
6 0 5 0 -1  1
2798412979184679311
6 4 7 4 -1  1
2798588154028397046
5 4 4 3 -1  1
2798747662293519878
7 0 7 4 -1  1
2798919580985266795
5 5 4 3 -1  1
2799230643107005536
6 1 5 1 -1  1
2799241822833442915
7 2 4 5 -1  1
2799259745048826313
4 4 4 3 -1  1
2799260674588482966
1 6 1 2 -1  1
2799560633814766151
6 5 5 4 -1  1
2799591814147186661
6 4 7 5 -1  1
2799616073796028985
6 3 5 3 -1  1
2799786036584708347
7 2 5 0 -1  1
2800110212026038999
7 5 7 4 -1  1
2800246996075715293
3 2 2 3 -1  1
2801060990995567497
6 5 5 6 -1  1
2801075808597246005
2 4 4 3 -1  1
2801134755705412377
7 2 2 2 -1  1
2801218592869992562
6 6 4 4 -1  1
2801255903085368423
5 0 4 0 -1  1
2801259434330123273
5 7 4 7 -1  1
2801304490279179912
7 6 7 7 -1  1
2801413218356360658
7 7 6 6 -1  1
2801803973666406608
6 4 5 4 -1  1
2801811490728946664
5 1 4 2 -1  1
2801914075595911093
7 4 7 6 -1  1
2802267411442246185
5 4 6 3 -1  1
2802477387856349706
4 4 3 5 -1  1
2802613511084432787
2 7 1 6 -1  1
2802723808358962551
7 4 7 6 -1  1
2802864353073419596
7 3 6 4 -1  1
2802865990992916641
4 3 4 0 -1  1
2802871186691195758
4 5 2 7 -1  1
2803070272724529986
5 2 2 5 -1  1
2803148274673585741
7 6 7 7 -1  1
2803475339809629461
7 0 7 4 -1  1
2803503774111043443
4 3 1 6 -1  1
2803680697950404578
4 4 3 4 -1  1
2803834185491823788
5 2 3 3 -1  1
2803922267692105351
6 5 5 4 -1  1
2804104138658776129
6 3 5 3 -1  1
7 2 6 1 -1  1
2804198168317648744
3 6 2 4 -1  1
2804228123051300016
4 1 1 1 -1  1
2804479232010076203
7 4 7 6 -1  1
2804556574593923035
5 5 7 4 -1  1
2804950861484080879
4 6 3 5 -1  1
2804982668448092391
6 7 4 7 -1  1
2805010530018837717
0 7 1 7 -1  1
2805201083606198346
6 4 7 5 -1  1
2805418596381607456
1 3 7 3 -1  1
2805802978808949796
5 4 2 1 -1  1
2805975410387317466
6 2 5 2 -1  1
2806031493744882600
6 6 4 6 -1  1
2806148890940294741
6 1 4 1 -1  3
2806387487966914625
6 5 5 5 -1  1
2806429108262954903
6 4 3 1 -1  1
7 5 6 6 -1  1
2806497971282260658
7 5 7 3 -1  1
2806563920695346144
7 3 6 4 -1  1
2806572869036151539
6 1 5 2 -1  1
2806715594123655484
6 2 5 1 -1  1
2806810410131611814
7 3 6 3 -1  1
2806990405061522454
3 6 1 4 -1  1
2806995548502936318
4 4 4 3 -1  1
2806997906682917925
5 0 4 0 -1  1
2807345918059622392
7 5 5 3 -1  1
2807346813275827208
6 2 5 2 -1  3
6 3 4 3 -1  9
6 7 5 7 -1  1
7 5 4 2 -1  1
2807389238095473497
5 5 6 5 -1  1
2807606838729461406
4 4 3 4 -1  1
2807647308810800831
4 3 3 3 -1  1
2807649437223217486
6 4 5 4 -1  1
2807786907512777583
7 6 6 4 -1  1
2807881775349792008
7 1 6 3 -1  1
2807915613219291626
4 4 2 5 -1  1
2808274609039031643
6 1 5 1 -1  1
2808422783855625829
3 0 2 1 -1  1
2808601307965888420
6 4 3 1 -1  1
2809142479162958060
4 2 6 0 -1  1
2809185481366417111
7 3 6 2 -1  1
2809594146534728817
3 4 4 2 -1  1
2809868665363631015
6 5 4 5 -1  1
2809983296385423017
4 0 3 0 -1  1
2810062056709602570
6 6 5 7 -1  1
2810208653045166205
7 6 6 7 -1  1
2810316158402772405
7 1 5 1 -1  1
2810764543540391898
5 4 4 3 -1  1
2810796951806402187
4 4 3 4 -1  1
2810812862652890231
5 4 4 3 -1  1
2810978225194217000
3 5 3 7 -1  1
2811118474505940405
4 1 3 0 -1  1
2811129048254974581
7 4 6 4 -1  1
2811149796227148582
4 3 1 0 -1  1
2811159899011295477
7 7 6 7 -1  1
2811614582160290430
5 5 4 3 -1  3
2811639148276241444
1 4 3 5 -1  1
2811639526731168104
4 1 3 1 -1  1
2811839623076676560
1 1 3 3 -1  1
2811840906795508117
6 6 7 5 -1  1
2811886863835980511
6 3 5 5 -1  1
2812001378520301905
3 0 2 0 -1  1
2812001661409654494
4 4 5 5 -1  1
2812026617448351933
4 2 3 2 -1  1
2812134452160975774
7 1 1 1 -1  1
2812272820305721183
6 6 5 6 -1  1
2812379944654277081
3 7 4 5 -1  2
2812503538762981643
7 3 4 3 -1  1
2812547632741256871
7 7 7 3 -1  1
2812593307439057725
7 6 6 7 -1  1
2812659981590139432
6 4 7 3 -1  1
2812660333442242278
7 2 5 2 -1  1
2813007140642968724
7 0 7 2 -1  1
2813094493764434795
6 5 5 5 -1  1
2813104695713192252
4 6 4 5 -1  1
2813207665632486344
4 4 3 2 -1  1
2813343317938713192
6 5 6 4 -1  1
2813446325429601203
4 5 4 7 -1  1
2813798249352924384
6 1 4 0 -1  1
2813811204428132805
4 4 3 3 -1  1
2813854698420030072
5 4 2 7 -1  1
2813932531792203113
6 0 4 0 -1  1
2814002922180228129
1 6 0 4 -1  1
2814167917848693801
7 2 5 4 -1  1
2814214959144208759
7 1 5 2 -1  2
2814267036616882560
6 3 5 5 -1  1
2814597975736868081
7 6 6 5 -1  1
2814656686976575709
7 5 6 6 -1  1
2814785932771000098
7 5 7 4 -1  1
2814849306406431492
6 3 5 3 -1  1
2814921020622790808
7 6 6 5 -1  1
2814954120144793006
3 7 3 2 -1  1
2814960134684184509
6 3 5 1 -1  1
2814965393719198087
5 1 1 1 -1  1
2814997627361823300
7 6 6 7 -1  1
2815011918605950718
7 6 1 6 -1  1
2815039030862650185
4 3 3 3 -1  1
2815085854478678713
5 3 5 1 -1  1
2815257049051982176
6 5 6 6 -1  1
2815290621444225262
6 2 5 3 -1  1
2815615639374536365
7 0 7 2 -1  1
2815629157560812118
5 0 4 0 -1  1
2815722394587302382
7 5 7 3 -1  1
2815843785697885380
6 6 5 6 -1  1
2816024579845186367
4 4 4 0 -1  1
2816264394578815418
7 4 7 3 -1  1
2816347132136262181
6 3 4 1 -1  1
2816621157277930435
5 2 4 2 -1  1
2816878103863925711
3 7 3 3 -1  1
2816890397139107279
3 2 3 1 -1  1
2816914998480859860
4 7 6 5 -1  1
2817096316222589575
5 2 4 1 -1  1
2817215221427642165
5 3 4 3 -1  1
2817236513888997082
7 5 7 2 -1  1
2817395817821104665
7 4 5 3 -1  1
2817503279537675400
7 2 6 3 -1  1
2817787353177158255
7 5 7 3 -1  1
2817963803893545097
6 2 5 2 -1  1
2818126461655275105
6 5 5 5 -1  1
2818255357622669451
5 2 3 4 -1  1
2818269447363539484
7 4 7 5 -1  1
2818301177242307825
7 5 6 6 -1  1
2818995407136171818
7 2 5 4 -1  1
2819049322148174545
6 3 5 4 -1  1
2819103176562996402
6 6 5 7 -1  1
2819452331176646999
7 1 6 3 -1  1
2819547968124396372
4 7 3 7 -1  1
2819582716634461153
4 1 3 1 -1  1
2819626820247558177
4 3 5 5 -1  1
2819685833889870212
6 1 4 1 -1  1
2820113286468004190
3 7 2 6 -1  1
2820277808876270879
6 1 3 4 -1  1
2820488665875508335
4 5 6 7 -1  1
2820521037104896860
2 1 0 1 -1  1
2820546593708771186
4 1 4 0 -1  1
2820668331997556780
6 0 1 5 -1  1
2820668556185112897
4 4 2 6 -1  1
2820767661411193209
7 5 6 4 -1  1
2820814724680039006
7 6 7 7 -1  1
2820952435484887484
7 3 7 0 -1  1
2820977041111379438
7 0 7 3 -1  1
2821089757490439770
7 0 7 2 -1  1
2821106952696418394
7 5 7 6 -1  1
2821151449890201247
3 4 3 1 -1  1
2821286431262822696
7 4 6 3 -1  1
2821303461340963188
6 7 5 7 -1  1
2821412635737733555
5 5 4 3 -1  1
2821457316880181127
5 4 4 4 -1  1
2821606733585345162
6 4 7 4 -1  1
2821657769479855517
4 7 5 5 -1  1
2822030484609350003
7 5 7 4 -1  1
2822080129862182238
5 5 3 5 -1  1
2822234879680938794
6 4 5 3 -1  1
2822245341484702545
5 6 5 4 -1  1
2822436640142572785
6 1 3 4 -1  4
2822804520246069767
4 3 5 1 -1  1
2822981640746958952
3 4 4 2 -1  1
2823452537139202387
5 4 3 2 -1  1
2823480323162670750
5 3 7 5 -1  1
2823883728948391784
7 2 7 4 -1  1
2824025939555443328
4 5 2 5 -1  1
2824117720758023856
4 2 5 1 -1  1
2824338455283053136
7 2 7 3 -1  1
2824627766686572605
4 5 3 6 -1  1
2824659419991441675
1 3 3 2 -1  1
2824699753517712864
1 0 1 6 -1  1
2824797734776385993
5 4 4 5 -1  1
2825004781488837545
3 1 2 2 -1  1
2825012126455070363
5 5 4 7 -1  1
2825492825974252434
7 3 5 2 -1  1
2825549371235176398
4 2 4 0 -1  1
2825609426136308027
7 2 5 2 -1  1
2825633659103052434
6 6 4 4 -1  1
2825820696923500266
7 5 4 2 -1  3
7 5 6 4 -1  6
2826112145390022696
5 3 4 4 -1  1
2826243666554834029
7 2 6 1 -1  1
2826460166399099839
7 5 6 5 -1  1
2826494322540342718
5 3 6 4 -1  1
2826571507551996081
7 0 7 2 -1  1
2826721881210746807
5 5 4 7 -1  1
2826722016487039454
1 0 6 5 -1  1
2826976670556405513
6 3 7 2 -1  1
2827066090665847782
6 3 4 4 -1  1
2827100208084665093
7 0 5 0 -1  1
2827174792589460356
5 4 4 3 -1  1
2827211559194178910
4 0 3 2 -1  1
2827338552267205387
3 7 2 7 -1  1
2827344076309125559
6 5 4 5 -1  1
6 6 5 6 -1  1
2827366606609041863
6 3 5 5 -1  1
2827391123380368153
7 1 7 3 -1  1
2827957632078430555
7 2 6 3 -1  1
2828492587645543489
6 2 5 1 -1  1
2828582898873587306
5 3 4 4 -1  1
2828623980976562172
6 2 4 2 -1  1
7 5 6 6 -1  26
2828893642071434115
6 5 4 5 -1  1
2828908831590457845
5 1 4 1 -1  1
2828999431987345682
6 1 5 1 -1  1
2829141991099838407
7 6 5 5 -1  1
2829293225778812833
5 1 6 2 -1  1
2829334797365499242
6 3 0 3 -1  1
2829440461387503953
7 1 2 1 -1  1
2829565936183623839
4 4 4 7 -1  1
2829614411594082596
3 0 1 1 -1  1
2829693587619774384
4 6 3 6 -1  1
2829719641760971500
6 5 4 7 -1  1
2829943318693145908
7 3 7 2 -1  1
2830004634504441043
7 1 0 1 -1  1
2830020009241235893
5 3 3 5 -1  1
2830059495687189572
6 1 6 2 -1  1
2830088428232421251
7 6 6 6 -1  1
2830172279176358066
1 1 1 0 -1  1
2830244342094775209
7 6 6 7 -1  1
2830352328433711545
5 2 3 1 -1  1
2830530378861705181
6 3 4 2 -1  1
2830785863617143770
5 0 4 1 -1  1
2830835177539239947
2 1 1 0 -1  1
2830913376474906476
5 2 3 1 -1  1
2831121362627014455
6 4 6 3 -1  1
2831187747976033592
2 7 3 7 -1  1
2831287665962171895
4 5 1 2 -1  1
2831288801345876862
7 6 5 5 -1  1
2831571326749865776
4 4 3 4 -1  1
2831757117166604171
6 2 4 0 -1  1
2832038369491111457
5 4 4 4 -1  1
2832158015427845022
5 2 3 1 -1  1
2832222217681203188
4 2 3 2 -1  1
2832256305944564842
6 1 5 1 -1  1
2832369692884787140
7 6 6 7 -1  1
2832524998007423116
6 6 5 5 -1  1
2832525648225438837
7 0 7 3 -1  1
2832627287942046051
4 0 2 1 -1  1
2832721377571397198
5 2 4 2 -1  1
2832824594150808899
6 4 1 4 -1  1
2832839996094240596
6 5 6 4 -1  1
2832855922900178595
7 0 5 0 -1  1
2833265153829453078
5 1 4 2 -1  1
2833311005554917127
5 2 5 4 -1  1
2833691863698506757
7 5 6 4 -1  1
2834090910471600965
6 1 4 3 -1  1
2834366447482849639
6 2 3 2 -1  1
2834411483770313819
4 0 1 0 -1  1
2834498132333205061
6 4 4 4 -1  3
6 4 5 4 -1  1
6 5 4 5 -1  1
7 2 4 5 -1  1
2834514308431755981
6 3 7 4 -1  1
2834718501762252308
7 2 6 1 -1  1
2834778840322944689
7 0 7 1 -1  1
2834970269698435264
1 7 1 5 -1  1
2834983031274704266
7 2 7 0 -1  1
2835335591047246418
7 5 6 4 -1  1
2835387635624053906
4 1 3 1 -1  1
7 2 5 0 -1  1
2835437493957698353
6 4 5 4 -1  1
2835570781567011437
4 1 3 1 -1  1
2835738820938909602
5 5 4 3 -1  1
2835891615802091528
1 4 1 1 -1  1
2836020850862832043
5 2 3 1 -1  1
2836088335434078128
7 5 7 4 -1  1
2836156888882219936
5 5 4 5 -1  1
2836231358196238354
7 4 6 3 -1  1
2836628440405136006
6 4 7 5 -1  1
2836637496105281548
4 2 3 3 -1  1
2836685483425583585
6 1 5 2 -1  1
2836787468120980462
6 6 5 6 -1  1
2836853028506354122
0 7 1 7 -1  1
2836954764136374785
4 4 3 6 -1  1
2836968095458695845
4 6 3 5 -1  1
2837261647374953974
7 6 6 6 -1  1
2837496201001258118
2 5 1 5 -1  1
2837515999198641514
5 2 3 4 -1  1
2837550844509525259
5 6 4 6 -1  1
2837591506163828699
1 6 1 7 -1  1
2837668485306441893
5 5 6 7 -1  1
2837677575133543199
7 1 5 0 -1  2
7 1 6 3 -1  1
2837803147732159178
6 5 6 4 -1  1
2837885949921540630
4 5 5 4 -1  1
2838063523770735397
7 1 6 3 -1  1
2838175573536614984
5 4 7 2 -1  1
2838280547844818991
5 5 4 5 -1  1
2838352628199616169
4 1 3 1 -1  1
2838613598827323136
6 4 7 3 -1  1
2838702001247644166
3 1 5 3 -1  1
2838744323757713555
7 1 5 2 -1  1
2839029546851119398
3 6 5 4 -1  1
2839108861404120994
7 5 6 4 -1  1
2839125858430490790
6 3 4 2 -1  1
2839341860763981738
5 1 0 1 -1  1
2839560430694397678
5 2 4 0 -1  1
2839777361170724857
6 4 5 4 -1  1
7 1 5 2 -1  1
2840102588304016605
7 0 7 2 -1  1
2840427140663878059
6 6 5 6 -1  1
2840439242299851651
5 6 4 6 -1  1
2840646454839932584
2 4 1 4 -1  1
2840806299518945743
6 3 5 4 -1  1
2840837143362593817
4 3 3 4 -1  1
2841011798145866996
6 3 4 2 -1  1
2841021558078961081
6 1 2 5 -1  1
2841273307070902655
4 1 3 1 -1  1
2841291225097989357
4 1 3 1 -1  3
2841444404843624374
3 5 1 5 -1  1
2841460866256836115
7 3 5 3 -1  1
2841507705787259111
6 6 4 4 -1  1
2841801271741274098
4 6 5 5 -1  1
2841839652912813231
7 6 6 6 -1  1
2841925777392345075
1 4 1 1 -1  1
2842246041175980777
3 2 3 3 -1  1
2842304953069334912
5 5 4 5 -1  1
2842386933103422515
4 5 3 5 -1  1
2842749452742320430
4 2 3 3 -1  1
2842779910220481809
7 1 6 3 -1  1
2842818411396675502
4 5 6 3 -1  1
2843113776412334173
2 5 1 5 -1  1
2843642088185702506
5 2 6 1 -1  1
2843667995170673175
4 1 3 0 -1  1
2843946895460871824
4 0 4 5 -1  1
2844007747813286801
7 5 5 3 -1  1
2844059363339819144
6 2 5 2 -1  1
2844301051747081604
7 7 7 4 -1  1
2844316030886488402
4 2 3 1 -1  1
2844334510613262856
4 6 3 5 -1  1
2844425749808165874
7 3 6 4 -1  1
2844457199213675776
5 5 3 4 -1  1
2844521814967677255
7 4 7 1 -1  1
2844576098848090745
5 5 3 4 -1  1
2844670254817773176
6 3 4 2 -1  1
2844745284863195685
7 5 7 3 -1  1
2844778995794775613
7 4 7 6 -1  1
2844854555269091567
5 3 5 1 -1  1
2845053380656231687
1 1 2 2 -1  1
2845213416962405843
6 2 5 2 -1  1
2845443971002467302
6 2 6 4 -1  1
2845549190998220730
3 2 2 2 -1  1
2846270262763865022
5 3 4 5 -1  1
2846323432840878755
6 7 4 7 -1  1
2846410217223762164
6 3 3 3 -1  1
2846465767479410056
7 4 7 3 -1  1
2846482132799630445
1 3 3 3 -1  1
2846560046761508154
5 4 4 3 -1  1
2846661390689213356
4 4 3 4 -1  1
2846667910920039217
7 4 6 4 -1  1
2846703289986577267
7 4 7 6 -1  1
2846996396667866419
6 1 3 4 -1  1
2847024639251537035
6 3 7 3 -1  1
2847159334645614975
5 5 4 7 -1  1
2847188630922754099
5 0 4 0 -1  1
2847295770378446503
6 6 5 5 -1  1
2847318142420595439
0 6 1 6 -1  1
2847622799330949577
4 2 3 3 -1  1
2847659671879101374
3 2 2 3 -1  1
2847771908274174599
6 1 4 1 -1  1
6 4 7 5 -1  4
2848402155151148534
7 4 7 3 -1  1
2848603356037993366
4 5 5 6 -1  1
2848606493796287564
2 6 2 1 -1  1
2848620392685911539
6 7 4 7 -1  1
2848656417855942963
7 0 7 2 -1  1
2848825120122607384
5 2 4 2 -1  1
2848864215592068677
5 5 6 3 -1  1
6 0 5 0 -1  1
2849095155820569033
6 2 5 2 -1  1
2849368119106905282
5 5 3 3 -1  1
2849464233938276883
6 1 7 2 -1  1
2849471126975458967
0 0 3 3 -1  1
2849543748681640091
7 0 7 3 -1  1
2849680484833903544
7 6 6 5 -1  1
2849809994735330349
6 3 1 3 -1  1
2849937878537387977
7 2 6 2 -1  1
2849990411281889688
5 3 2 3 -1  1
2849992043698560927
7 6 2 6 -1  1
2850275378280140915
7 1 5 2 -1  1
2850350035720894194
5 1 4 1 -1  1
2850420850412720708
4 6 3 6 -1  1
2850574188047654707
7 2 2 7 -1  1
2850759876502833142
5 2 2 5 -1  1
2850841833767728669
3 2 2 2 -1  1
2850909624992665756
4 1 1 1 -1  1
2851063761156553904
7 1 3 1 -1  1
2851382317586753396
5 4 7 4 -1  1
2851680041470349834
5 5 3 6 -1  1
2851841685250450538
3 2 2 2 -1  1
2851843593162782093
4 4 3 3 -1  1
2851918264866746913
2 2 3 0 -1  1
2852043982750678777
6 5 5 5 -1  1
2852089810811842686
5 2 4 0 -1  1
2852107139737655910
3 1 2 2 -1  1
2852294661056989642
7 4 5 3 -1  1
2852317935060366831
4 3 5 5 -1  1
2852347198032447659
7 4 3 4 -1  1
2852579312325827526
7 3 6 2 -1  1
2852581186201873629
1 3 3 2 -1  1
2852879378785204364
4 7 3 6 -1  1
2852966682668793205
5 1 4 1 -1  1
2853097284797908248
6 1 3 4 -1  1
2853575064213935412
5 1 4 0 -1  1
2853577670898383020
7 2 1 2 -1  1
2853639325179428277
4 3 6 1 -1  1
2853849369801912891
7 0 2 0 -1  1
2853874914673036692
7 5 6 6 -1  1
2853930531655748042
7 0 7 1 -1  1
2853985484062134897
4 5 7 2 -1  1
2854002654977070989
7 5 6 4 -1  1
2854283117129776993
6 2 5 2 -1  1
2854336741593974367
3 2 1 2 -1  1
2854337613072448613
4 3 6 3 -1  1
2854728398423676494
7 2 6 2 -1  1
2854841783640047266
3 1 2 0 -1  1
2854997748115377015
3 1 5 2 -1  1
2855063592029669383
6 4 7 5 -1  1
2855163025008917947
3 0 4 2 -1  1
2855268751697050599
3 1 4 1 -1  1
2855322334630151512
5 5 6 3 -1  1
2855440710010481295
5 4 5 6 -1  1
2855454503995086334
6 1 5 1 -1  1
2855512549292463041
3 1 2 2 -1  1
2855598006012694573
3 6 2 5 -1  1
2855605747719915483
4 7 3 6 -1  1
2856010888519044637
7 1 5 2 -1  1
2856359639578679588
6 6 5 7 -1  1
2856389371112039319
4 2 4 3 -1  1
2856646107554150601
6 7 7 6 -1  1
2856918468726204232
4 4 3 6 -1  1
2856945292721451184
5 0 4 1 -1  1
2857265083802958379
7 6 6 7 -1  1
2857438572103734103
7 3 6 3 -1  1
2857658724929086837
4 7 3 6 -1  1
2857718916996572230
6 3 7 5 -1  1
2857774119979098119
7 1 5 2 -1  1
2858075324289698019
5 4 6 4 -1  1
2858373763737526616
6 6 5 5 -1  1
2858458007197594386
3 6 3 5 -1  1
2858568365265453713
5 5 4 7 -1  1
2858578647455793738
7 3 5 3 -1  1
2858587874211054130
7 7 0 7 -1  1
2858619569906135355
4 7 5 6 -1  1
2858796900423138113
6 3 5 3 -1  1
2858873401807605811
3 3 2 4 -1  1
2858997141822718625
4 4 7 1 -1  1
2859183638631489228
7 5 5 7 -1  1
2859320463044540500
5 4 4 4 -1  1
2859460232725234776
6 4 4 5 -1  1
2859463342498288009
6 1 6 2 -1  1
2859546931491338718
6 3 5 4 -1  1
2859587815739763712
4 2 6 2 -1  1
2859872946659090830
5 2 4 2 -1  1
2859978496072893838
6 5 6 4 -1  1
2859983952882023215
4 6 4 5 -1  1
2859992744946152995
5 4 4 3 -1  1
2860395792156840735
4 7 3 6 -1  1
2860396873842648584
2 6 1 6 -1  1
2860480398012097975
5 3 4 4 -1  1
2860522700618120848
7 3 3 3 -1  1
2860793864742829566
4 2 6 4 -1  1
5 5 3 4 -1  1
2861049245670361871
6 2 5 2 -1  1
7 2 4 5 -1  1
2861233902871743835
7 4 6 4 -1  1
2861369814204960903
6 5 5 5 -1  1
2861405635301457435
7 2 5 4 -1  1
2861476126753644150
7 3 6 3 -1  1
2861589222098008852
3 6 2 4 -1  1
2862140268206499882
7 2 6 3 -1  1
2862200674984279958
3 2 2 1 -1  1
2862262197687844945
2 5 0 3 -1  1
2862528359994363062
5 5 4 7 -1  2
2862530198963619799
4 3 6 2 -1  1
2862627854171189255
7 0 6 0 -1  1
2862839989060440968
1 4 2 3 -1  1
2862970646413193749
6 3 7 2 -1  1
2863026022882847397
7 2 5 2 -1  1
2863121262626975714
7 3 7 2 -1  1
2863189636588509081
6 3 4 3 -1  1
6 3 5 3 -1  5
2863293268518628907
1 1 4 1 -1  1
2863407392765310707
4 4 1 4 -1  1
2863593288817065772
5 5 4 3 -1  1
2863701416108070542
5 0 4 0 -1  1
2863726458463319294
6 0 4 0 -1  1
2863743377457041721
4 5 5 4 -1  1
2863981111887771631
5 5 4 5 -1  1
2864120316516515144
4 5 3 4 -1  1
2864218865892295607
6 7 5 7 -1  1
2864401980292084063
7 4 6 3 -1  1
2864807779714377384
6 3 5 4 -1  1
2865016563741202178
4 4 3 3 -1  2
2865157439623677489
1 7 0 7 10  1
2865159457116975031
4 6 5 5 -1  2
2865181821772802632
2 0 3 1 -1  1
2865195658268358428
3 4 4 3 -1  1
2865249518213310399
7 4 5 6 -1  1
2865347171879203760
7 0 7 2 -1  1
2865663029287190479
6 7 5 7 -1  1
2865762437337569446
6 1 5 1 -1  1
2865834022431722351
6 4 5 4 -1  1
2865857414579840213
7 4 5 4 -1  1
2865861402280682461
5 2 7 4 -1  1
2865922549373448457
5 7 3 5 -1  1
2866097094827813174
7 0 7 2 -1  1
2866461305836466628
4 4 3 4 -1  1
2866535140643765454
7 5 7 0 -1  1
2866690235778512738
6 3 7 4 -1  1
2866908935231615291
5 2 6 4 -1  1
2866911239113793101
7 3 5 3 -1  1
2866937318269721764
5 7 4 6 -1  1
2866968921197348630
5 0 3 2 -1  1
2866988350061717059
1 2 1 6 -1  1
2867538146648846755
7 3 6 4 -1  1
2867754214974050858
4 6 5 6 -1  1
2868063349471486022
2 2 0 2 -1  1
2868084596189723758
3 2 4 4 -1  1
2868136246740835059
7 1 5 2 -1  1
2868386413208553998
6 4 5 3 -1  1
2868455112320077988
5 2 4 3 -1  1
2868520139933650742
6 3 5 5 -1  1
2868576921343705624
6 3 4 3 -1  1
2868620584195661506
5 3 5 4 -1  1
2868713011468042578
7 0 7 3 -1  1
2868718388324288618
6 6 6 5 -1  1
2869091514943762674
6 5 4 5 -1  1
2869421699312418474
7 4 4 7 -1  1
2869675892988295431
4 0 1 3 -1  1
2869814520903263998
5 0 1 0 -1  1
2869847800715593725
6 1 1 1 -1  1
2870148699014929843
4 5 6 4 -1  1
2870345122684294070
4 4 4 7 -1  1
2870431277426227306
5 0 6 2 -1  1
2870622410323837749
5 4 4 4 -1  1
2870688347984013314
2 4 5 1 -1  1
2870816002647798884
1 0 0 0 -1  1
2870995448682076714
5 5 4 7 -1  2
2871131136027526494
5 3 6 2 -1  1
2871775085289624225
2 4 4 3 -1  1
2871790837395025277
3 7 0 7 -1  1
2871901521748830412
7 3 5 1 -1  1
2872028501698284251
7 5 7 2 -1  1
2872061717190583119
5 4 5 5 -1  1
2872073693700243704
4 5 6 5 -1  1
2872175716297422705
0 1 0 3 -1  1
2872532008062331897
4 3 3 3 -1  1
2872605374315280131
7 1 6 3 -1  1
2872623359728637280
4 3 3 2 -1  1
2872790685431721981
1 1 1 0 -1  1
2872959282930392133
6 0 4 0 -1  1
2873035098791266843
6 1 4 1 -1  1
2873124251468306898
6 2 4 2 -1  1
2873162757099468989
4 2 5 1 -1  1
2873235990825377476
7 4 7 3 -1  1
2873596014186011268
5 5 4 3 -1  1
2873638907493984963
5 5 3 4 -1  1
2873733889765675819
4 2 3 3 -1  1
2873801115673116916
6 4 7 5 -1  1
2874050195855726041
7 6 6 5 -1  1
2874052416324417760
5 4 4 4 -1  1
2874095493970907117
2 5 3 4 -1  1
2874244517234809534
0 4 0 7 -1  1
2874295787702533290
5 4 4 3 -1  1
2874414621668678445
6 6 5 6 -1  2
2874457346454098217
3 6 4 5 -1  1
2874485077189864854
4 3 6 5 -1  1
2874837631993311871
4 3 3 2 -1  1
2874878789192109524
1 3 0 2 -1  1
2874956638854402618
6 3 3 0 -1  1
2875077103583756792
1 3 3 4 -1  1
2875143761836946500
5 4 4 4 -1  1
2875237868752256385
0 7 0 1 -1  1
2875247583534820456
3 4 6 4 -1  1
2875415761177846884
7 3 0 3 -1  1
2875545478451340008
5 1 4 1 -1  1
2875636586577907585
7 6 7 7 -1  1
2875722343735417370
5 0 0 0 -1  1
2875729497826102110
5 5 6 3 -1  1
