3010734641174717187
6 3 4 2 -1  1
3010886026763500542
1 6 1 2 -1  1
3011127856427748484
2 1 7 1 -1  1
3011143523415049177
5 2 5 4 -1  1
3011207525398047290
6 1 4 3 -1  1
3011614572185160439
6 2 7 2 -1  1
3012061284708901851
5 2 3 3 -1  1
3012198549809286414
4 5 5 4 -1  1
4 5 5 6 -1  1
3012227598444470738
7 3 6 2 -1  1
3012392462341439678
6 7 5 7 -1  1
3012396624810040757
3 4 1 5 -1  1
3012473145414924990
5 5 3 6 -1  1
3012475738016057657
5 5 6 5 -1  1
3012509980231200252
4 5 3 4 -1  1
3012592270042068821
7 3 6 2 -1  1
3012966385548159282
1 2 2 3 -1  1
3013515167079382482
3 5 2 3 -1  1
3013746333745772160
4 3 6 4 -1  1
3013767326107883331
4 6 1 6 -1  1
3013877354708754242
6 1 5 2 -1  1
3013996031361118682
4 2 5 3 -1  1
3014093554656500546
7 5 6 4 -1  1
3014161690964413508
7 6 7 5 -1  1
3014207034431248873
4 2 5 3 -1  1
3014410276126555859
7 6 7 7 -1  1
3014482394073868859
7 4 7 6 -1  1
3014577691632841169
4 3 3 3 -1  1
3014583122563295039
6 4 4 3 -1  1
3014612773817577438
7 7 6 7 -1  1
3014652112889496987
3 0 2 0 -1  1
3015077556579106944
5 1 4 2 -1  1
3015408963509866301
6 1 5 1 -1  1
3015464466066045565
6 6 7 5 -1  1
3015873245837436236
4 3 6 5 -1  1
3015964490600519327
6 2 3 2 -1  1
3015975992580240298
7 4 7 3 -1  1
3015997083148390051
1 6 1 0 -1  1
3016138948827062902
7 0 7 4 -1  1
3016194124261590685
7 6 6 4 -1  1
3016255594413165015
3 5 2 5 -1  1
3016299475789845965
4 1 3 1 -1  1
3016492470156077227
1 0 2 2 -1  1
3016699896443488963
7 2 5 0 -1  1
3017021126066364226
6 0 5 0 -1  1
3017235191123819158
6 0 5 0 -1  1
3017545162281084755
7 3 7 4 -1  1
3017601900302767533
7 5 7 4 -1  1
3017634685971755164
1 7 1 2 -1  1
3017706076982099462
7 5 7 3 -1  1
3018000689007491600
5 3 7 1 -1  1
3018321232355244950
5 5 4 7 -1  1
3018670293550268233
6 2 6 3 -1  1
3019110580323476960
6 4 5 4 -1  1
3019302829830293242
7 5 6 4 -1  1
3019370126063146780
7 1 5 2 -1  1
3019498670066827168
4 0 3 0 -1  1
3019896704696696663
5 1 4 1 -1  1
3019938522748225905
3 1 5 3 -1  1
3020036779674402636
4 4 3 4 -1  1
3020039617860615332
4 5 1 2 -1  1
3020124499996794776
3 3 0 3 -1  1
3020186945830548747
4 4 4 5 -1  1
3020188395409473451
6 6 5 6 -1  1
3020218230004545053
2 7 3 6 -1  1
3020367383130762930
7 3 4 3 -1  1
3020440718015014145
5 4 6 2 -1  1
3020444304223256776
3 4 2 2 -1  1
3020514722958131915
6 3 7 1 -1  1
3020522018655738824
7 4 7 6 -1  1
3020534490669650438
3 5 3 6 -1  1
3020641667229693318
6 1 4 1 -1  1
3020711572505735308
4 7 3 7 -1  1
3020821341690938461
5 1 4 2 -1  1
3020830477939402124
7 0 7 4 -1  1
3020840087145235919
7 2 6 3 -1  1
3020880515671427014
1 0 4 3 -1  1
3021040228559972431
7 3 6 1 -1  1
3021054390691185221
5 0 3 2 -1  1
3021143381794015827
3 1 2 3 -1  1
3021239165485596868
6 1 4 1 -1  1
3021432558963531941
3 1 2 0 -1  1
3021662511110900234
3 1 3 3 -1  1
3021786382179480378
4 4 4 5 -1  1
3021867552721361380
1 2 1 4 -1  1
3021885473122972263
7 2 6 1 -1  1
3021910866624694290
7 2 4 2 -1  1
3022061766623781931
5 4 7 4 -1  1
3022118349072692547
7 1 7 2 -1  1
3022144385970671917
6 2 4 0 -1  1
3022385509039680949
2 0 3 0 -1  1
3022447524098206751
6 4 4 4 -1  1
3022452262282241587
7 4 7 6 -1  4
3022457208520282581
7 2 6 3 -1  1
3022499972613499827
6 2 5 2 -1  1
3022518914875425521
7 1 5 2 -1  1
3022612438272369635
3 6 4 4 -1  1
3022633478640022178
4 4 3 4 -1  1
3022970740800985412
5 4 5 3 -1  1
3022979524220349770
5 5 5 1 -1  1
3023054459131714004
4 5 5 6 -1  1
3023094347677802521
5 7 6 6 -1  1
3023657372590290572
6 4 4 4 -1  1
3023785024087306709
3 5 5 6 -1  2
3023873303438489345
7 1 1 1 -1  1
3024046923970425388
7 2 3 6 -1  1
3024059992618614879
7 2 6 1 -1  1
3024140830436328442
2 4 1 4 -1  1
3024244254328583838
7 4 1 4 -1  1
3024274506589144855
1 4 0 4 -1  1
3024576420909708780
6 2 5 3 -1  1
3024601879336989048
5 5 3 6 -1  1
3024948407687167940
6 3 4 4 -1  1
3025049199299100090
6 0 4 0 -1  1
3025060602769199757
7 0 7 4 -1  1
3025152098630649070
5 2 3 1 -1  1
3025188139683091650
5 3 4 4 -1  1
3025210408723758746
3 2 3 7 -1  1
3025265027118670102
5 5 3 5 -1  1
3025311038106626044
5 4 3 2 -1  1
3025452652636730851
5 3 6 2 -1  1
3025749921060623212
3 3 2 5 -1  1
3025786372566397745
5 0 4 0 -1  1
3025895885969543578
1 6 3 6 -1  1
3025963135184871226
6 4 4 2 -1  13
3026004579587135515
6 5 5 4 -1  1
3026093582065644393
7 2 7 5 -1  1
3026101493376241751
6 1 5 1 -1  1
3026138260540070415
3 2 3 4 -1  1
3026146592799807523
6 3 5 3 -1  1
3026264846381871642
6 2 4 3 -1  1
3026650321979855771
4 3 3 4 -1  1
3026794830176422015
6 1 7 2 -1  1
3027182414068112273
7 0 7 4 -1  1
3027315688894436352
7 5 1 5 -1  1
3027516523957182960
6 6 4 6 -1  1
3027537387182185489
6 3 5 1 -1  1
3027861028223130038
7 1 6 2 -1  1
3027958051025309096
6 4 5 3 -1  1
3027961033096907801
6 0 4 0 -1  1
3028010262769963020
4 3 3 2 -1  1
3028196484216542367
3 2 4 2 -1  1
3028273026529325351
6 0 1 5 -1  1
3028319004638628752
3 4 5 3 -1  1
3028487148845992346
6 6 5 6 -1  1
3028571717572451870
6 0 4 0 -1  1
3028603251633424012
7 1 7 0 -1  1
3028609668294234374
7 3 7 4 -1  1
3028709732802418731
3 7 5 7 -1  1
3028946800192900646
7 3 6 3 -1  1
3028951782827660355
7 0 7 2 -1  1
3028986406822015377
5 0 4 0 -1  1
3029065357649096441
6 4 5 3 -1  1
3029230205679871092
6 3 5 5 -1  1
3029320380152173557
5 5 2 2 -1  1
3029991281595503850
6 4 5 3 -1  1
3030059167437530074
6 5 4 5 -1  1
3030353537040244912
7 5 7 4 -1  1
3030389172113152825
3 7 5 7 -1  1
3030390775089651020
0 2 0 5 -1  1
3030610190145263348
7 1 5 2 -1  1
3030745377348184617
7 4 7 5 -1  1
3030888927829707963
6 5 5 5 -1  1
3031259246261878197
5 7 3 7 -1  1
3031286639363718226
3 1 6 4 -1  1
3031292812721277140
3 3 3 2 -1  1
3031345101599117083
5 5 7 4 -1  1
3031639502031818783
5 7 4 5 -1  1
3031735437150832362
7 2 6 3 -1  1
3032190837608350161
4 3 5 2 -1  1
3032194066591641069
4 5 3 5 -1  1
3032424545239794882
7 3 5 1 -1  1
3032538928079759557
3 5 2 6 -1  1
3032610563742142627
7 3 5 1 -1  1
3032730202179233903
7 5 6 4 -1  1
3032767731043498034
4 3 5 1 -1  1
3032796558010034138
7 0 6 0 -1  1
3032806915047473472
6 3 5 2 -1  1
3032822681831847842
6 4 5 5 -1  1
3032961607232904414
5 0 4 0 -1  1
3033005284422836032
6 2 5 2 -1  1
3033099796746550411
5 3 4 2 -1  1
3033184394128540289
5 5 6 4 -1  1
3033317758849997764
6 4 4 6 -1  1
3033414165246991740
3 1 1 3 -1  1
3033943938364101444
5 5 2 5 -1  1
3034375054151469271
3 1 5 1 -1  1
3034422146191407874
6 0 4 0 -1  1
3034456479576683030
6 4 6 6 -1  1
3034459429139651227
6 6 7 5 -1  1
3034700559022345080
2 4 1 6 -1  1
3034761237227260359
7 2 6 1 -1  5
3034790612610727295
7 0 7 2 -1  1
3034883396189748520
3 2 4 2 -1  1
3035040540282238303
5 5 4 7 -1  1
3035331911985448252
6 1 5 2 -1  1
3035439603300063072
5 1 4 3 -1  1
3035537007219207318
6 5 5 4 -1  1
3035592416536835980
5 5 2 2 -1  1
3035676044442566389
7 1 5 1 -1  1
3035785208595386526
7 2 6 1 -1  1
3036101570086560702
2 0 1 0 -1  1
3036155496763719347
7 3 6 4 -1  1
3036339649924329142
5 1 4 2 -1  1
3036424645355836055
4 3 3 3 -1  1
3036495878746974343
6 1 1 6 -1  1
3036686357988041207
3 6 1 5 -1  1
3036706483878109840
6 2 5 1 -1  1
3036734420845927905
6 0 6 3 -1  1
3036956078265172882
7 5 5 4 -1  1
3037131604520037725
5 2 3 0 -1  1
3037394136008392114
7 2 1 2 -1  1
3037414629408668073
2 0 3 0 -1  1
3037467413860998897
7 4 6 3 -1  1
3037658717902193201
3 6 3 2 -1  1
3038015076155915135
3 5 2 4 -1  1
3038166620603344973
5 4 4 2 -1  1
3038257223475311363
4 6 3 7 -1  1
3038430167596603239
5 3 2 3 -1  1
3038884449555508168
6 2 4 2 -1  1
3038911228300739656
5 2 6 4 -1  1
3039041759425507530
6 6 6 3 -1  1
3039105754761312996
2 7 1 5 -1  1
3039508079120826380
5 5 4 4 -1  1
3039639546383352240
3 7 1 6 -1  1
3039665215808104342
3 0 4 2 -1  1
3039695110563802969
0 4 3 1 -1  1
3039764153449749029
6 7 5 7 -1  1
3040103423243978649
4 5 3 5 -1  1
3040426859210932687
5 5 6 6 -1  1
3040443171854276904
2 4 1 4 -1  1
3040687463719077460
6 5 6 4 -1  1
3040883011100581275
4 4 4 7 -1  1
3040952507707221394
4 6 3 6 -1  1
3041037852923830374
5 5 4 5 -1  1
3041130728080600111
4 7 3 6 -1  1
3041277247668830553
4 6 3 6 -1  1
3041353932939942919
6 3 4 4 -1  1
3041789893788189190
6 1 5 3 -1  1
3041908332106400288
7 3 6 2 -1  1
3041981506535025799
3 4 2 4 -1  1
3042149590829371088
4 4 7 1 -1  1
3042166853822438797
7 3 7 4 -1  1
3042370595919531869
7 2 6 3 -1  1
3042432192804494855
5 7 4 6 -1  1
3042489833643492277
7 1 4 1 -1  1
3042628184762313323
7 4 6 5 -1  1
3042637431350508688
7 0 5 0 -1  1
3042788162070601553
6 7 6 6 -1  1
3042834158414153342
4 4 3 3 -1  1
3042853830360253836
1 1 1 0 -1  1
3042870454691570183
3 1 2 0 -1  1
3042875548278246873
2 2 1 1 -1  1
3042894678819894539
7 3 6 3 -1  1
3043000418406193612
6 1 5 1 -1  2
7 1 6 3 -1  4
3043023836664354570
7 2 7 1 -1  1
3043107248291227156
7 4 7 3 -1  1
3043121903621211805
7 4 7 2 -1  1
3043499259557974391
3 6 6 3 -1  1
3043607514319343526
6 3 5 2 -1  1
3043834448405970959
6 5 4 5 -1  1
3044019896047441184
5 1 3 2 -1  1
3044035545948711796
4 2 2 2 -1  1
3044111527474637000
6 5 4 5 -1  1
3044111652557201792
7 3 6 4 -1  1
3044277852344600999
5 6 4 6 -1  1
3044286233671577056
5 1 4 1 -1  4
5 2 4 2 -1  2
3044573457889998095
7 4 7 5 -1  1
3044682981470879835
6 3 5 4 -1  1
3044823879257553429
5 5 6 4 -1  1
3045032081642062780
4 7 3 7 -1  1
3045133815124986853
7 4 5 2 -1  1
3045169899259508772
4 1 6 1 -1  1
3045345465170896549
7 0 7 2 -1  1
3045400655343928027
5 5 6 3 -1  1
3045520116635186790
6 7 4 7 -1  1
3045562648834099482
6 3 5 2 -1  1
3045707222434425981
7 2 5 4 -1  1
3045772428089112018
5 2 6 4 -1  1
7 2 5 4 -1  1
7 5 7 4 -1  1
3045794504502709980
7 3 7 4 -1  1
3045850150824724891
5 3 5 0 -1  1
3045871894074040913
6 1 7 2 -1  1
3046189585385045117
5 0 4 1 -1  1
3046227769672539462
7 1 6 3 -1  1
3046343718660584537
4 5 1 2 -1  1
3046402109192179638
7 2 7 3 -1  1
3046432699808766728
7 3 6 4 -1  1
3046607747697009347
5 0 6 0 -1  1
3046699559316646656
6 5 7 6 -1  1
3047063932202774363
5 3 1 7 -1  1
3047186922228938803
4 2 3 2 -1  1
3047208157698945423
0 7 0 5 -1  1
3047351241771612885
7 3 7 2 -1  1
3047681834332949843
4 7 6 6 -1  1
3047896910441173420
3 0 4 2 -1  1
3048037634821920280
6 3 5 3 -1  1
3048127006656728409
7 6 6 7 -1  1
3048175137537963519
6 3 5 3 -1  2
3048385307264085371
6 5 5 4 -1  1
3048788980374142769
3 6 2 5 -1  1
3048842642941862934
6 5 5 5 -1  1
3049106004810721423
7 3 6 3 -1  1
3049245624794433439
6 1 4 1 -1  1
3049272356399664014
4 3 5 1 -1  1
3049376740690244960
7 4 6 2 -1  1
3049485287950086161
6 4 5 2 -1  1
3049857694287640461
4 5 3 4 -1  1
3049958754985654212
4 4 3 4 -1  1
3050237025494075027
6 3 4 3 -1  1
6 3 5 3 -1  1
6 6 5 6 -1  1
3050313780244150125
6 2 5 2 -1  1
3050341197754522208
4 1 5 0 -1  1
3050380641919220876
6 3 4 1 -1  1
3050683307740150731
6 2 7 1 -1  1
3050970082731322035
4 3 3 2 -1  1
3051116613453572009
6 5 5 4 -1  1
3051137728113055337
7 7 7 6 -1  1
3051660637268257583
7 1 5 2 -1  1
3051792243914132164
2 7 7 2 -1  1
3051868179397343637
4 5 2 3 -1  1
3051888520119161268
7 5 6 6 -1  1
3052182726466966803
3 1 6 4 -1  1
3052290879434069832
5 6 3 5 -1  1
3052344709390440589
6 3 5 1 -1  1
3052393941972863739
5 2 4 4 -1  1
3052487363658723307
5 5 4 3 -1  1
3052830994415472061
3 5 4 4 -1  1
3052851326293636062
7 2 6 1 -1  1
3052911516357862236
5 6 4 5 -1  1
3053014198107574556
5 1 4 1 -1  1
3053171048329958118
6 1 4 1 -1  1
3053443779560151572
5 5 3 6 -1  1
7 2 5 4 -1  1
3053469367701724123
0 4 4 4 -1  1
3053561084873752465
6 5 7 5 -1  1
3053862007889265542
6 1 5 1 -1  1
3053910253765598483
3 0 1 0 -1  1
3053915074564996331
5 5 6 3 -1  1
3054538673570346224
7 2 0 2 -1  1
3054663763834997720
3 1 1 1 -1  1
3054666183882982662
4 2 6 3 -1  1
3054666498523930353
2 1 0 3 -1  1
3054855587924669956
2 1 1 1 -1  1
3054927531248840747
5 2 4 1 -1  1
3054996425223562820
5 2 1 2 -1  1
3055218257511689132
6 1 5 1 -1  1
3055256008102334463
7 3 6 4 -1  1
3055307664836221115
6 4 4 5 -1  1
3055530532619765951
3 4 4 6 -1  1
3055536822838069390
4 3 3 3 -1  1
3055923503946598946
6 7 6 6 -1  1
3055967936217332512
5 5 7 6 -1  1
3056077136205002122
7 1 2 1 -1  1
3056114746408242813
7 4 7 1 -1  1
3056155507949127833
3 6 5 5 -1  1
3057103062432244899
7 5 6 6 -1  1
3057254461525221331
7 5 6 5 -1  1
3057714395915167695
5 5 6 4 -1  1
3058008594630636000
6 2 5 1 -1  1
3058046761016996941
1 3 1 2 -1  1
3058166317708725949
4 2 3 0 -1  1
3058222377593115896
5 3 4 3 -1  1
3058240854258390661
6 4 5 4 -1  1
3058369437245883869
7 2 6 3 -1  1
3058879420990292828
7 2 7 6 -1  1
3058913652579312641
6 5 5 5 -1  1
3059020245131961809
7 1 5 0 -1  1
3059042734306595286
5 6 4 6 -1  1
3059072468959391834
2 2 3 0 -1  1
3059075197371051582
6 1 3 4 -1  1
3059103925811654590
6 4 5 5 -1  1
3059332021754721568
6 5 4 5 -1  1
3059349608326033969
6 2 2 2 -1  1
3059593432652701463
3 2 1 2 -1  1
3060041331725307618
5 5 1 5 -1  1
3060383033453684656
2 3 3 4 -1  1
3060458926173250832
4 0 0 0 -1  1
3060486544575200358
7 4 7 6 -1  1
3060486737959705648
7 4 7 0 -1  1
3060665811580949485
6 2 4 0 -1  1
3060801906743244709
7 1 3 1 -1  1
3060805492099506802
6 1 6 2 -1  1
3061157654194456797
2 2 4 2 -1  1
3061231985183410190
5 2 5 1 -1  1
3061337554182491860
2 4 1 5 -1  1
3061345588398334714
3 1 2 2 -1  1
3061759683190032659
6 2 5 2 -1  2
7 1 6 3 -1  1
7 4 7 6 -1  1
3062042432893020136
5 4 7 3 -1  1
3062417164270947615
6 2 5 2 -1  1
3062452251991188253
7 3 7 4 -1  1
3062467691489918246
7 5 4 2 -1  1
3062497097315637412
6 4 5 4 -1  1
3062948652789915933
7 4 7 6 -1  1
3063031122499670765
4 6 3 6 -1  1
3063513590954136237
7 7 6 6 -1  1
3063518923312868915
6 1 7 0 -1  1
3063546178560811283
6 1 5 1 -1  1
3063702580380771388
5 6 4 5 -1  1
3063734747529142143
7 6 7 7 -1  1
3063761943050914532
4 2 6 4 -1  1
3063954989533918965
7 5 5 4 -1  1
3063967721211815605
5 5 6 7 -1  1
3064198969348706398
5 5 6 3 -1  1
3064235960149001413
5 1 7 1 -1  1
3064266448718663346
0 6 0 5 -1  2
3064276809321707298
5 2 3 0 -1  1
3064476297554204095
6 4 5 4 -1  1
3064605029172909988
7 3 6 3 -1  1
3064678407238364682
5 7 4 7 -1  1
3064739077262035102
7 0 4 0 -1  1
3065034633741050118
2 5 1 7 -1  1
3065057907964812672
6 1 6 0 -1  1
3065059346965517376
5 7 5 3 -1  1
3065363712983530482
6 0 5 0 -1  1
3065583857546411797
3 3 4 4 -1  2
3065584098084623020
6 2 4 2 -1  1
3065702592172163344
6 2 2 2 -1  1
3065717940730750016
6 3 5 3 -1  2
6 7 5 7 -1  1
3065933426198271214
5 5 6 6 -1  1
3065944751914749072
5 1 4 0 -1  1
3065998819814308983
7 5 3 1 -1  1
3066058833795653902
2 2 1 4 -1  1
3066157872726325554
7 5 1 5 -1  1
3066177846739713261
3 1 1 3 -1  1
3066204545881329445
7 0 6 0 -1  1
3066252641521837275
5 4 6 3 -1  1
3066376556379182654
6 6 5 5 -1  1
3066456022724580641
3 3 1 3 -1  1
3066571478135938844
6 1 5 0 -1  1
3066576174401307990
7 5 6 6 -1  1
3066579248977510662
3 7 4 5 -1  1
3066682238443021479
5 6 3 5 -1  1
3066950304176453851
5 2 7 3 -1  1
3066975524936424812
6 1 4 1 -1  1
3067050317131509939
5 3 5 2 -1  1
3067241770610101763
6 5 5 5 -1  1
3067341540440231512
7 1 7 0 -1  1
3067625295147223965
4 6 3 6 -1  1
3067670256305335710
7 3 4 0 -1  1
3067807585719453191
7 1 7 3 -1  1
3068037497537029737
4 4 5 4 -1  1
3068041350480244620
4 2 3 3 -1  1
3068099095318701493
6 0 4 0 -1  1
3068181919815491312
6 5 5 5 -1  1
3068308628266420918
2 3 2 6 -1  1
3068407243489466200
7 3 5 5 -1  1
3068408659472771778
4 0 1 3 -1  1
3068429570468332614
1 1 3 2 -1  1
3068446367878490190
5 6 4 5 -1  1
3068586429772939652
7 2 6 3 -1  1
3068633860744993081
6 3 5 3 -1  1
3068638364389640535
6 4 5 4 -1  1
3068701166212930658
6 5 4 5 -1  1
3068816460988152298
7 6 6 6 -1  1
3068944049891240749
5 2 3 1 -1  1
3069093013218577609
7 1 6 1 -1  1
3069390556580313622
3 1 2 2 -1  1
3069461560116085529
4 2 3 4 -1  1
3069538595543158129
5 5 2 5 -1  1
3069603987575869589
4 7 3 5 -1  1
3069774539488475508
4 5 2 3 -1  1
3069845261828711655
3 6 2 6 -1  1
3069860375058699271
7 0 7 2 -1  1
3069970635366274877
4 3 2 4 -1  1
3070187186770093134
5 4 5 3 -1  1
3070386661975230665
2 4 0 3 -1  1
3070663664721283125
4 0 4 7 -1  1
3070678403119465989
6 1 4 1 -1  18
3070682184253179028
7 5 0 5 -1  1
3070851096827895808
7 5 7 6 -1  1
3070953290836975475
6 4 7 6 -1  1
3071181180991683717
6 4 6 2 -1  1
3071740344728020625
7 2 5 4 -1  1
3071929575446697437
5 1 6 2 -1  1
3072025639443009363
5 0 4 1 -1  1
3072351225019384104
6 0 5 0 -1  1
3072478465626577770
7 2 6 2 -1  1
3072917341567649611
4 4 2 3 -1  1
3073605846781394477
0 2 0 1 -1  1
3073626065331644225
6 3 5 5 -1  1
3073873989661673550
7 4 7 3 -1  1
3073928654275459117
6 0 5 0 -1  3
6 3 5 3 -1  284
6 4 5 4 -1  114
6 6 5 6 -1  9
7 1 5 2 -1  142
7 6 5 5 -1  1
3074038428582262786
7 3 5 3 -1  1
3074345407098805914
3 5 1 7 -1  1
3074405882639315645
4 3 4 0 -1  1
3074627251039749378
7 1 5 0 -1  1
3074761946070664559
5 6 5 1 -1  1
3074773885356394388
2 1 7 6 -1  1
3074841245848453020
3 0 0 0 -1  1
3075002992958498387
7 4 7 6 -1  1
3075588741733502856
3 6 4 7 -1  1
3075946661403542540
3 2 4 2 -1  1
3076016489808352717
1 3 1 2 -1  1
3076098361233782168
5 5 3 4 -1  1
3076105498514977680
5 3 3 1 -1  1
3076200548750662167
7 6 5 5 -1  1
3076303125547510702
7 4 6 4 -1  1
3076385580137396229
6 6 5 6 -1  1
3076447975157338641
6 1 4 1 -1  1
3076545380093009240
5 3 5 2 -1  1
3076886307763328860
4 6 3 5 -1  1
3077109834047329993
6 3 5 3 -1  2
3077136314734107486
2 2 1 3 -1  1
3077142671473471686
2 3 0 2 -1  1
3077212594124835746
4 4 5 2 -1  1
3077542637689370497
4 1 3 2 -1  1
3077589831275937198
6 5 5 5 -1  1
3077779606559209579
4 3 3 3 -1  1
3077838898029677014
4 1 5 2 -1  1
3077875985739827065
6 5 5 6 -1  1
3077908291675383988
5 3 4 2 -1  1
3077937375160055421
5 2 6 4 -1  1
3077965727235399245
4 0 3 0 -1  1
3078003980407301103
7 2 6 2 -1  1
3078168441417576490
6 1 5 1 -1  1
3078230578656904298
5 0 1 4 -1  1
3078269620137937568
6 6 7 7 -1  1
3078591933897069319
4 1 3 2 -1  1
3078702957539487761
6 4 5 5 -1  1
3078822392353216431
6 3 4 2 -1  1
3078950204769739566
7 0 7 1 -1  1
3078999119238265186
6 7 5 7 -1  1
3079147936709790732
4 7 5 5 -1  1
3079250565409602466
6 5 4 5 -1  1
3079259301507457180
6 2 5 3 -1  1
3079317706974133013
3 1 2 1 -1  1
3079378346589678544
6 5 5 5 -1  1
3079592610411422435
4 4 5 5 -1  1
3079608481734472226
7 2 6 2 -1  1
3079894326364245839
7 5 7 2 -1  1
3079979383722366813
4 3 3 4 -1  1
3080349613880279564
1 3 1 6 -1  1
3080825728864718406
7 1 4 4 -1  1
3081116261337044464
6 3 5 1 -1  1
3081462002656793041
7 5 6 3 -1  1
3081502703028498490
3 6 6 6 -1  1
3081727441259328701
7 4 7 3 -1  1
3081763047625138844
7 3 6 3 -1  1
3081876071786333899
4 4 4 1 -1  1
3082249212050359527
4 5 6 3 -1  1
3082294647960138694
5 5 4 4 -1  1
3082334580753853589
7 2 6 3 -1  1
3082452668970383056
4 0 3 0 -1  1
3082623841795467789
0 6 0 5 -1  1
3082674817032179059
7 0 7 1 -1  1
3082806022575330444
7 2 4 5 -1  1
3082915764864548583
6 3 5 3 -1  1
3083016536063814349
6 1 5 1 -1  1
3083153361874901694
3 2 2 1 -1  1
3083159447689477597
4 3 7 0 -1  1
3083282761430616703
5 5 4 4 -1  1
3083438847821662342
7 2 6 3 -1  1
3083550949399764297
2 6 3 6 -1  1
3083568648888580691
5 5 4 5 -1  1
3083612228696278430
4 1 3 1 -1  1
3083683058831296784
4 2 6 0 -1  2
3083785958724100920
4 0 3 0 -1  1
3083961404847754096
7 3 6 4 -1  1
3084499607095731880
7 5 7 2 -1  1
3084585020014899700
6 3 4 3 -1  1
3084659446700402456
6 3 7 4 -1  1
3084850360331229422
5 4 4 3 -1  1
3085168126190278697
3 1 2 2 -1  1
3085219091463117605
3 5 2 3 -1  1
3085325215037474053
7 4 7 5 -1  1
3085421961464730514
4 2 5 4 -1  1
3085455941446061899
7 5 6 7 -1  1
3085598656196722608
5 1 5 3 -1  1
3085637310932189190
4 7 3 7 -1  1
3085715252253249504
6 2 4 2 -1  1
3085986064556564312
6 0 5 0 -1  1
3086067237650915258
3 4 2 6 -1  1
3086137140381669439
1 3 1 0 -1  1
3086220769054668959
7 4 6 5 -1  1
3086608268395903437
7 2 6 1 -1  1
3086776795123158153
5 1 4 2 -1  1
3086789028790462169
6 3 5 1 -1  1
3087028667957955401
7 4 3 4 -1  1
3087365779710749113
7 5 6 6 -1  1
3087464776979625530
4 2 1 2 -1  1
3088693411940786406
6 7 6 6 -1  1
3088976297562728602
7 2 5 4 -1  1
3088993748930008272
5 4 4 3 -1  1
3089088362267737260
5 1 4 3 -1  1
3089146540257402190
6 2 4 2 -1  1
3089154602053746142
7 4 7 1 -1  1
3089411256955520742
3 4 2 5 -1  1
3089589064996242490
1 0 3 0 -1  1
3089676242062840354
3 3 1 5 -1  1
3089909573473564616
6 6 4 4 -1  1
3089940201987967872
6 4 1 4 -1  1
3090211298169658724
6 2 6 4 -1  1
3090466586885437814
7 6 6 4 -1  1
3090634598226626882
3 6 2 5 -1  1
3090816916889796290
3 3 2 2 -1  1
3091223414689505979
3 2 4 2 -1  1
3091376723845722640
2 1 5 1 -1  1
3091742688291785066
3 4 1 3 -1  1
3092400095200776671
3 3 2 2 -1  1
3092610802115048065
5 4 2 1 -1  1
3093045517168774627
7 2 6 1 -1  1
3093169331425124265
2 0 1 0 -1  1
3093209695761059327
4 7 5 5 -1  1
3093222713101327808
3 6 6 3 -1  1
3093306079494411987
2 3 4 5 -1  1
3093317472740624717
4 4 5 2 -1  1
3093325211903868291
5 4 4 4 -1  1
3093542416734916017
5 1 3 0 -1  1
3093626377483835160
5 3 5 4 -1  1
3093723985687102559
6 3 6 2 -1  1
3093730690966406789
6 1 5 0 -1  1
3093820961745122383
6 4 7 5 -1  1
3093821062920194657
6 2 5 2 -1  1
3093835027455699642
5 2 5 6 -1  1
3093906465027512441
6 5 5 5 -1  1
3093956411961302745
6 5 4 5 -1  1
3094162234803368623
7 5 7 3 -1  1
3094311930949258704
6 5 4 5 -1  1
3094391290423263033
2 6 2 5 -1  1
3094612728509832565
5 5 4 4 -1  1
3094647060733678999
7 3 5 5 -1  2
3095006436589419962
4 5 4 7 -1  1
3095067084819092936
6 0 5 0 -1  1
3095107586091557865
7 6 7 7 -1  1
3095117116354005890
4 3 2 2 -1  1
3095482714661298708
6 5 6 6 -1  1
3095704751578546526
5 7 4 7 -1  1
3095742295891547405
6 5 5 5 -1  1
3095920840626604508
6 2 7 2 -1  1
3095933862044886523
6 4 6 3 -1  1
3096250894260817205
4 5 3 5 -1  1
6 2 6 4 -1  1
3096259057600073792
7 3 5 1 -1  1
3096359341696624842
7 4 6 5 -1  1
3096512467328204158
5 3 6 2 -1  1
3096587197722953433
5 1 5 2 -1  1
3096953323854061115
7 3 6 4 -1  1
3097004710759608402
5 2 4 1 -1  1
3097016433696757838
5 6 4 6 -1  1
3097029167434201700
6 6 5 7 -1  1
3097486749318410097
4 0 4 2 -1  1
3097555522515344534
7 3 6 4 -1  1
3098478127064972651
5 1 6 2 -1  1
3098798593113500019
5 6 4 6 -1  1
3099158357425634049
7 6 6 6 -1  1
3099375348312363327
6 1 5 2 -1  1
3099450616174632309
6 3 5 2 -1  1
3099657074433454225
0 2 0 5 -1  1
3099749507626249387
7 4 7 6 -1  1
3099754968111828505
4 3 3 3 -1  1
3099858373298647691
7 4 7 5 -1  1
3100053951068725138
6 2 5 2 -1  1
3100134032384894730
5 3 4 3 -1  1
3100358813972386394
5 4 4 4 -1  1
3100691109084712685
5 6 4 6 -1  1
3100863105746592815
5 2 5 7 -1  1
3100885221986329009
7 2 6 1 -1  1
3101228870440737895
7 4 7 6 -1  1
3101401685100938162
7 5 4 2 -1  2
3101520788987588096
3 4 1 2 -1  1
3101652597765934071
7 6 6 5 -1  1
3101652765976017855
5 0 6 1 -1  8
3101782829313403695
6 7 5 7 -1  1
3101901345098478403
3 6 2 5 -1  1
3101987675023878383
5 2 4 4 -1  1
3102059196459577591
6 7 5 7 -1  1
3102188689062413546
5 2 3 3 -1  1
3102254830150603236
7 2 7 5 -1  1
3102435551379759541
7 5 6 6 -1  1
3102473795931185707
7 3 7 4 -1  1
3102623349385823045
4 2 3 3 -1  2
3102625264801957149
1 6 3 4 -1  1
3102663797327295663
6 4 5 4 -1  1
3102926259294685577
6 3 5 2 -1  1
3102944202484040343
7 6 6 4 -1  1
3103189519227387774
5 3 5 4 -1  1
3103228057798723161
6 3 6 1 -1  1
3103268980594509497
6 3 0 3 -1  1
3103335001084856936
5 7 5 6 -1  1
3103477433996393135
6 1 3 4 -1  1
3103568423570602932
3 3 2 3 -1  1
3103599746732178966
4 3 3 3 -1  1
3103665663200477312
6 6 5 6 -1  1
3103792978794790158
7 4 6 3 -1  1
3103926207828309635
4 3 3 3 -1  1
3104691766275222981
7 1 5 2 -1  1
3104779892058964422
6 5 5 5 -1  1
3104809584709531916
5 4 4 4 -1  1
3104879817415374419
5 4 4 4 -1  1
3104956222445147685
6 4 7 5 -1  1
3105175427920522726
4 2 6 4 -1  2
3105209942775600577
6 6 5 7 -1  1
3105296394474563064
6 0 5 0 -1  1
6 1 5 1 -1  1
3105978117689267591
6 7 5 6 -1  1
3106142284252494914
7 3 5 3 -1  1
3106249026139812638
3 6 4 5 -1  1
3106300272789261098
7 6 7 5 -1  1
3106356283969824663
2 4 1 3 -1  1
3106753439710092560
2 3 2 4 -1  1
3106791752092632845
3 7 2 7 -1  1
3106816584589295766
6 3 6 2 -1  1
3106852453825910397
7 1 3 1 -1  1
3107088505344177024
5 3 6 4 -1  1
3107100921440742942
5 5 4 3 -1  1
3107320990435622128
4 4 3 4 -1  1
3107495884561066427
7 2 2 2 -1  1
3107567284178577605
7 3 6 3 -1  1
3107590475958196753
3 3 2 3 -1  1
3107643574067909106
7 5 7 4 -1  1
3107952329368613688
4 4 5 4 -1  1
3108003474323403257
7 7 4 4 -1  1
3108302276620871616
7 0 7 4 -1  1
3108414890003791475
7 5 7 4 -1  1
3108475529168833570
4 4 3 4 -1  1
3108816253783095325
5 1 4 3 -1  1
3108875767218761285
7 3 4 0 -1  1
3109061502426384192
4 3 6 2 -1  1
3109106113626170592
6 3 5 3 -1  1
3109169524453370300
7 1 6 1 -1  1
3109174070210623323
7 4 6 2 -1  1
3109320818894788490
4 5 5 6 -1  1
3109347807674605981
6 2 4 2 -1  1
3109397407325805961
3 1 2 0 -1  1
3109943293747305873
6 3 4 3 -1  3
3110049434260505385
7 0 7 2 -1  1
3110691422131949458
6 5 6 4 -1  1
3110913865660204904
7 3 5 5 -1  1
3110944246428310999
7 3 7 2 -1  1
3111433931257383376
7 0 5 2 -1  1
3111568457388742235
5 1 3 2 -1  1
3111768919936158125
7 4 1 4 -1  1
3111781561565575832
5 4 4 3 -1  1
3111855147245275738
7 3 7 4 -1  1
3111943566570710042
7 2 6 1 -1  1
3112027930938947112
7 4 6 4 -1  1
3112140399714818760
6 7 5 7 -1  1
3112248852607461331
7 3 7 2 -1  1
3112370885656777899
6 0 2 4 -1  1
3112382779979903743
3 3 4 4 -1  1
3112566753514908445
6 3 5 4 -1  1
3112768848533052352
4 1 3 2 -1  1
3112795694415185498
7 3 6 3 -1  1
3113262927324583010
5 4 3 2 -1  1
3113315131165135503
5 5 5 7 -1  1
3113391160394992194
7 4 7 3 -1  1
3113633287320848381
7 5 3 1 -1  1
3113691891725395445
6 4 4 4 -1  1
7 6 5 5 -1  1
3114108282549601754
6 1 4 1 -1  1
3114486432427721390
3 3 2 3 -1  1
3114518496061888284
5 3 6 4 -1  1
3114770712467228929
6 0 4 0 -1  1
3114920839225818664
5 2 3 3 -1  1
3115101702960868519
6 4 3 7 -1  1
3115175252973324773
6 3 7 1 -1  1
3115317199198046899
7 5 5 5 -1  1
3115636178774130529
7 0 5 0 -1  1
3115677073601433017
6 3 6 4 -1  1
3115743680293311974
3 2 4 4 -1  1
3116136201806664078
4 4 2 6 -1  1
3116244064684014055
3 1 7 5 -1  1
3116325775245959026
6 4 5 4 -1  3
7 6 5 5 -1  151
3116375564839672127
6 4 5 4 -1  1
3116463916030608027
7 4 7 6 -1  1
3116546707086370719
5 5 4 3 -1  1
3116657401183848003
6 6 5 6 -1  1
7 2 3 6 -1  1
3116724131053007674
5 1 7 0 -1  1
3116928706307395273
6 3 5 1 -1  1
3116999562249958948
7 5 6 4 -1  1
3117334518476573009
6 6 3 3 -1  1
3117467121416433748
6 6 5 6 -1  1
3117603821012999225
7 7 6 6 -1  1
3117700424535681246
5 5 4 3 -1  1
3118313059063659116
3 7 7 7 -1  1
3118513877051953700
3 0 5 1 -1  1
3118873090156229376
4 4 5 6 -1  1
3118876147684033166
7 2 6 2 -1  1
3118939065832769959
6 3 4 1 -1  1
3118990668906879684
4 0 2 1 -1  1
3119045469733759864
6 0 5 1 -1  1
3119079787095950398
4 0 3 2 -1  1
3119151210893732749
4 1 3 1 -1  1
3119602808918440243
6 1 5 1 -1  1
3119706707578443256
4 6 3 5 -1  1
3119789017183394602
3 4 2 4 -1  1
3119920282941890543
7 2 6 4 -1  1
3120000874449637867
6 4 5 3 -1  1
3120297380890831555
6 5 6 6 -1  1
3120417978135360553
4 3 2 2 -1  1
3120690417215344050
5 5 4 7 -1  3
6 3 7 5 -1  1
6 7 5 7 -1  1
7 4 7 6 -1  2
3120786181560561644
3 1 2 1 -1  1
3121021365221416510
6 3 4 4 -1  1
3121171694888395713
6 4 4 4 -1  1
3121238089738847758
4 3 3 3 -1  1
3121324214498237900
5 5 4 6 -1  1
3121391501649068848
3 6 5 7 -1  1
3121398708655895489
3 4 0 4 -1  1
3121482174924971071
0 2 1 2 -1  1
3121556961534986845
7 5 3 1 -1  1
3121729957522089765
6 3 5 1 -1  1
3121794616460285399
7 4 7 6 -1  1
3121837500405465745
4 7 3 7 -1  1
3121999893376001715
4 2 1 5 -1  1
3122589072790493336
6 3 7 5 -1  1
3122761523240096518
7 3 6 3 -1  1
3123147719624102953
7 4 7 2 -1  1
3123293144568881538
7 0 7 4 -1  1
3123578219603182293
5 6 7 5 -1  1
3123618266595913283
5 4 5 5 -1  1
3123626253717400381
6 5 6 6 -1  1
3123988408535374142
7 3 6 4 -1  1
3124006344524136142
7 4 7 6 -1  1
3124146829291248399
6 5 7 6 -1  1
3124308509026869421
6 0 5 0 -1  1
3124336956063053114
7 0 7 1 -1  1
3124602294346838116
7 6 6 5 -1  1
3124942886849211157
5 4 4 4 -1  1
3125119961090083375
5 6 4 7 -1  1
3125602105645395741
5 2 5 4 -1  1
3125748481637632852
7 6 6 5 -1  1
3126191327843036679
4 5 3 6 -1  1
3126254955672904942
5 0 4 1 -1  1
3126372062958687428
6 1 4 3 -1  1
3126596408847232088
5 2 7 3 -1  1
3126630284446318865
6 5 5 4 -1  1
3126646616752368579
4 7 5 5 -1  1
3126796363767437350
4 5 1 2 -1  1
3126984280890487286
6 4 7 6 -1  1
3127041111677585301
5 7 4 7 -1  3
7 1 6 3 -1  1
7 2 6 1 -1  4
3127417145692487266
1 0 1 3 -1  1
3127466953421020903
5 5 4 3 -1  1
3127673057943284086
6 5 4 5 -1  1
3127789481546766820
7 3 6 3 -1  1
3127952410535727565
2 3 4 4 -1  1
3128097790778543667
1 3 3 1 -1  1
3128492114479284401
7 6 6 6 -1  1
3128511634266256923
3 4 5 3 -1  1
3128796916997749019
7 4 7 6 -1  1
3128888357735425755
4 4 2 5 -1  2
3128905052179930036
2 6 7 1 -1  1
3128960522496882062
5 4 4 3 -1  1
3129501952227642837
2 2 2 1 -1  1
3129610781991295666
3 4 1 6 -1  1
3129658613220587756
4 1 3 1 -1  1
3129665484705437493
7 2 7 3 -1  1
3129906393653093850
6 3 4 4 -1  1
3130060056335855973
6 6 6 7 -1  1
3130205149248624490
3 4 5 2 -1  1
3130563286478478863
7 0 7 3 -1  1
3130872051507252462
7 3 5 5 -1  1
3130885367272075290
7 4 6 3 -1  1
3131045938699029285
6 7 4 7 -1  1
3131052050869096125
7 3 4 3 -1  1
3131121233563246798
6 4 5 5 -1  1
3131294196950992166
7 5 7 1 -1  1
3131324489975435949
2 3 3 2 -1  1
3131377018874046744
7 5 7 3 -1  1
3131605452405692344
5 5 2 5 -1  1
3131714716072609995
5 2 6 2 -1  1
3131963240739823394
7 4 3 4 -1  1
3132002251830053800
4 6 6 5 -1  1
3132016867414309531
7 3 6 2 -1  1
3132360850324533187
5 4 2 7 -1  1
3132479369224616631
7 5 5 3 -1  1
3132725035271306351
5 6 4 5 -1  1
3132869655822992926
6 6 5 6 -1  1
3133045354011775357
7 2 4 5 -1  1
3133169547372741095
6 7 5 6 -1  1
3133191065640342441
6 5 5 5 -1  1
3133451942037650309
3 4 4 6 -1  1
3133632692029839206
6 4 5 3 -1  1
3133671821367676765
7 4 7 6 -1  1
3133821228083826675
7 3 4 0 -1  1
3133823615480793951
6 7 5 7 -1  1
3134045369815181693
4 2 3 2 -1  1
3134418780499647415
6 5 5 6 -1  1
3134512453293654800
4 4 2 5 -1  1
3134811117220875213
5 0 4 2 -1  1
3134908486811727618
6 3 5 2 -1  1
3135013947382511906
7 4 3 4 -1  1
3135327995647501978
7 5 6 5 -1  1
3135407292603938503
6 5 5 5 -1  1
3135863801410774074
4 1 3 1 -1  1
3136003940887737654
6 3 5 5 -1  1
3136009484787616265
6 2 4 0 -1  1
3136117270287754770
4 4 6 2 -1  1
3136131831425144272
4 2 3 2 -1  1
3136306598569327631
6 1 7 2 -1  1
3136459631996161398
6 2 6 3 -1  1
3136613690223547086
4 3 5 3 -1  1
3136698180407789929
5 3 3 5 -1  1
3136732051419253533
4 3 3 2 -1  1
3136908007629265374
4 0 3 0 -1  1
3136993057137114285
7 5 7 0 -1  1
3137194739640669158
7 0 7 2 -1  1
3137277660659799760
7 5 7 3 -1  1
3137714381291805635
3 3 5 5 -1  1
3137719143626355447
2 7 3 7 -1  1
3137876974522844662
5 0 6 1 -1  1
3137962276151196144
6 4 5 3 -1  1
3138053998712780993
6 1 5 1 -1  1
3138131299902088764
5 2 7 0 -1  1
3138132313951395687
7 5 6 4 -1  1
3138224918459532264
4 7 3 7 -1  1
3138279938350634118
7 2 1 2 -1  1
3138304899956991533
7 5 5 5 -1  1
3138315053469580519
4 7 3 6 -1  1
3138323852055082779
6 7 5 7 -1  1
3138444429985823369
6 7 5 7 -1  1
3138454487830312035
7 2 6 1 -1  1
3138464044358701862
6 2 4 3 -1  1
3138589369216874886
7 0 5 0 -1  1
3138636750478346897
6 6 5 6 -1  1
3138685419777222281
7 2 5 4 -1  1
3138692125406852001
2 2 0 1 -1  1
3138692261234834300
7 2 6 0 -1  1
3138954418479802852
6 4 5 4 -1  1
3139076565833372829
4 6 5 5 -1  1
3139110497025606410
5 1 2 1 -1  1
3139117360789200162
2 5 4 5 -1  1
3139144333655404617
4 5 6 4 -1  1
3139155015609930407
3 1 1 3 -1  1
3139186129895130719
7 3 3 7 -1  1
3139274545913431162
7 1 5 2 -1  1
7 4 7 6 -1  1
3139607322496754351
7 3 5 3 -1  1
3139933122669610539
7 4 4 7 -1  1
3140196911813360339
7 0 7 1 -1  1
3140426592541201465
5 1 4 1 -1  1
3140552688416866635
3 6 6 3 -1  1
3140814127612731777
7 0 6 0 -1  1
3140951242034010478
7 3 4 0 -1  1
3141079894363819859
5 5 4 3 -1  1
3141172123769943848
6 2 5 4 -1  1
3141194237384169487
7 2 6 2 -1  1
3141327153981903392
4 6 4 4 -1  1
3141526831636752854
6 6 5 5 -1  1
3141769706051621266
6 0 4 0 -1  1
3141848500397413306
7 2 6 1 -1  1
3141978068393392641
3 0 2 1 -1  1
3141991847854195552
7 6 7 5 -1  1
3142097143090771500
3 3 0 3 -1  1
3142354612763874885
4 2 3 2 -1  1
3142494333401034145
7 5 5 7 -1  1
3142580320280614023
3 2 5 0 -1  1
3142668762044442113
3 0 2 2 -1  1
3142815693115271954
4 5 3 6 -1  1
3142999882446022530
2 0 3 0 -1  1
3143054422770164004
7 0 7 3 -1  1
3143101627494965334
6 7 6 6 -1  1
3143381552591562084
5 2 4 2 -1  1
3143391268152107495
4 3 3 2 -1  1
3143396749262418603
6 7 5 7 -1  1
7 3 6 2 -1  1
7 3 7 2 -1  1
3143571947796473382
7 1 5 2 -1  1
3143727460374707462
4 0 3 1 -1  1
3143981570450305659
4 3 4 0 -1  1
3144167921976475283
4 6 7 3 -1  1
3144188195479081579
7 2 7 5 -1  1
3144293143678204127
7 6 6 5 -1  1
3144503992949684805
7 4 3 4 -1  1
3144686153664655829
6 7 7 6 -1  1
3144906531693562999
7 2 7 4 -1  1
3145270814073240289
7 2 6 1 -1  1
3145458125604573531
6 6 5 5 -1  1
3145485368037150278
5 3 0 3 -1  1
3145571306382269046
3 6 4 5 -1  1
3145716963252408825
7 0 7 4 -1  1
3145986319712935769
7 6 6 6 -1  1
3146055919749360686
4 4 3 4 -1  1
3146143644712334285
7 5 7 4 -1  1
3146343824773357873
3 4 1 3 -1  1
3146347402886494917
4 2 3 2 -1  1
3146473456685788083
7 2 5 4 -1  1
3146570678120395470
7 0 7 4 -1  1
3147019018890670914
5 4 4 2 -1  1
3147254164356023023
7 5 7 4 -1  1
3147635927743738883
7 4 7 6 -1  3
3147707495952358336
6 6 5 6 -1  1
3147762182241546474
6 4 6 3 -1  1
3148153628077280706
7 0 7 1 -1  1
3148496828466045146
6 0 5 0 -1  1
6 4 5 4 -1  3
7 6 5 5 -1  1
3148561400146168365
6 3 5 5 -1  1
3148755023878481794
7 5 6 6 -1  1
3149010597900749308
6 6 5 5 -1  1
3149098090935822149
1 7 5 3 -1  1
3149146261375070955
0 3 2 2 -1  1
3149327872975439505
7 4 5 3 -1  1
3149380378494243534
6 6 5 6 -1  1
3149457133752404417
7 1 3 1 -1  1
3149611323460834967
4 0 1 3 -1  1
3149677012150350411
7 4 1 4 -1  1
