8068036648611426709
7 4 6 4 -1  1
8068176603880012765
2 2 1 0 -1  1
8068291982177025630
7 6 6 6 -1  1
8068394062519797519
7 3 7 4 -1  1
8068396859123714991
4 1 4 7 -1  1
8068601570882669883
4 6 6 4 -1  1
8068714465546643757
6 0 5 0 -1  5
6 2 4 2 -1  8
8068751147293851951
7 5 2 5 -1  1
8068862717211679685
7 6 6 6 -1  1
8068888415976481933
7 5 6 4 -1  1
8069084606262654229
6 0 4 0 -1  1
8069280166150957320
7 1 5 2 -1  1
8069363905463724092
1 0 2 0 -1  1
8069938437237327514
5 0 7 1 -1  1
8070050679016903627
7 3 6 4 -1  1
8070254773048871571
7 2 4 2 -1  1
8070364532293302482
4 4 3 5 -1  1
8070534772371884512
5 2 6 4 -1  1
8070613219958732321
6 2 6 3 -1  1
8070671682125074591
5 4 5 6 -1  1
8070756015509786844
7 2 3 2 -1  1
8070784378950056245
5 5 2 2 -1  1
8070794312399971510
6 1 5 2 -1  1
8070810662638639155
5 5 4 3 -1  1
8070822263330271581
5 2 5 6 -1  1
8071096324668581296
6 4 4 6 -1  1
8071197696432989718
7 3 6 4 -1  1
8071283502476596453
4 3 4 6 -1  1
8071399720442508755
7 3 2 3 -1  1
8071616628823919344
4 3 1 3 -1  1
8071960452692154657
5 5 5 4 -1  1
8072072392427537604
7 7 7 1 -1  1
8072143038711075712
7 3 7 6 -1  1
8072302396613181038
2 2 1 1 -1  1
8072377463207808158
5 7 4 6 -1  1
8072399309273381146
4 2 3 3 -1  1
8072595203980497423
7 3 7 0 -1  1
8072661520092600294
4 5 4 4 -1  1
8072689828600406189
4 4 6 5 -1  1
8072748910304652602
7 0 7 3 -1  1
8072752389701148051
4 6 3 6 -1  1
8072882488644347294
3 5 6 2 -1  1
8073076956979823054
4 3 5 5 -1  1
8073278625633612405
7 7 3 3 -1  1
8073281525353082083
5 2 5 3 -1  1
8073483178326641894
7 5 6 4 -1  1
8073639829473996095
7 5 6 4 -1  1
8073992230628717958
3 4 2 4 -1  1
8074163089178955758
7 1 6 1 -1  1
8074227822826043857
7 1 5 2 -1  1
8074284392587115713
1 4 1 6 -1  1
8074415862521135631
7 7 7 6 -1  1
8074431219228864868
6 7 5 7 -1  1
8074461602626895207
7 2 6 1 -1  1
8074572583025890881
3 2 1 3 -1  1
8074600471470606228
5 5 4 3 -1  1
8074777342553143311
7 6 6 4 -1  1
8074871208254445683
6 4 0 4 -1  1
8075178863056326077
4 4 4 1 -1  1
8075289417171448099
7 3 6 4 -1  1
8075337390759693292
6 6 7 5 -1  1
8075339185145718360
7 4 5 2 -1  1
8075443267330629577
5 6 6 5 -1  1
8075582319255376255
7 3 7 5 -1  1
8075590643612361831
4 4 5 2 -1  1
8075887638756982487
5 4 6 3 -1  1
8076211511167517206
5 5 4 4 -1  1
8076252727798068648
5 4 6 3 -1  1
8076289888975919392
4 3 5 3 -1  1
8076298690718819134
6 2 5 1 -1  1
8076321603331060669
4 4 3 2 -1  1
8076390072313368469
7 6 5 5 -1  1
8076429136437915033
7 1 6 3 -1  1
8076523997981508696
3 7 4 6 -1  1
8076547258034178624
1 5 0 4 -1  1
8076685742737122736
6 6 6 7 -1  1
8076899549889927313
5 3 4 2 -1  1
8076928668804213604
4 0 3 1 -1  1
8076943065963170301
7 4 1 4 -1  1
8077072036373131960
4 0 3 0 -1  1
8077283210946241291
6 5 5 5 -1  1
8077323992675383476
5 1 6 0 -1  1
8077434473636982091
3 2 2 2 -1  1
8077688690138099570
7 4 6 4 -1  1
8077785229361975013
5 3 4 3 -1  1
8077910329227691359
6 1 4 1 -1  1
8078049647428038068
3 7 2 7 -1  1
8078049932932526065
6 5 7 5 -1  1
8078192828045296339
4 3 3 5 -1  1
8078318654741824447
4 2 1 2 -1  1
8078631850994018375
1 1 0 1 -1  1
8078987519374448703
7 5 3 1 -1  1
8079444131667596132
7 5 7 3 -1  1
8079616503116903717
7 3 6 3 -1  1
8079641877225511761
1 6 0 6 10  1
8079687545607487646
5 5 7 3 -1  1
8079828237673981773
7 2 7 0 -1  1
8079851731440191495
6 0 5 1 -1  1
8079972700959320246
6 6 5 7 -1  1
8080033745547326865
0 4 2 2 -1  1
8080142518846162831
7 3 5 1 -1  1
8080208988187820330
4 0 3 0 -1  1
8080456724396654749
5 7 3 5 -1  1
8080523612343318426
6 3 4 2 -1  1
8080545970690792159
7 1 7 6 -1  1
8080594477241006975
4 5 1 2 -1  1
8080836271856726118
5 5 4 7 -1  1
8080928888808307777
6 0 4 0 -1  1
8081107780208199031
7 5 7 4 -1  1
8081157616523705636
4 2 3 3 -1  1
8081214245440732605
6 5 4 5 -1  1
7 2 5 4 -1  1
8081328258763828301
7 5 7 4 -1  1
8081430076700216358
7 3 6 4 -1  1
8081595810171941264
7 5 4 2 -1  1
8081781926422874943
4 0 6 1 -1  1
8081927557384549455
6 6 7 6 -1  1
8082035429366758329
4 4 2 4 -1  1
8082125228899865617
6 2 6 5 -1  1
8082200953290757645
6 4 3 1 -1  1
8082360249974545440
5 2 5 5 -1  1
8082592727839767510
4 5 4 6 -1  1
8083013598600869699
6 4 4 6 -1  1
8083065328999992587
7 1 4 1 -1  1
8083226325784149303
3 4 2 2 -1  1
8083394023726847367
3 1 5 0 -1  1
8083580519690587872
7 1 7 3 -1  1
8083685640555198491
3 2 4 3 -1  1
8083705998774098072
7 4 3 4 -1  1
8083707730514953145
3 1 2 1 -1  1
8083723694548998693
6 1 4 1 -1  1
8083822231333989747
6 1 4 1 -1  1
8084059668578848485
3 6 1 4 -1  1
8084079137316838954
2 5 2 4 -1  1
8084083041773405720
7 0 7 4 -1  1
8084093676837023712
6 3 3 0 -1  1
8084102861617095914
3 1 5 2 -1  1
8084515159042628617
7 6 7 7 -1  1
8084752634836240735
7 6 7 7 -1  1
8084838851081903690
7 6 6 5 -1  1
8084928044726966617
4 2 3 1 -1  1
8085057587978687100
6 6 5 6 -1  1
8085247530182488038
7 4 7 6 -1  1
8085317201479422163
7 5 7 2 -1  1
8085707260324235335
5 7 7 7 -1  1
8086202428416670206
3 2 2 4 -1  1
8086337009203165922
7 6 6 6 -1  1
8086534202813113995
3 7 2 7 -1  1
8086996459409776066
6 2 4 0 -1  1
8087046842011895640
7 3 3 3 -1  2
8087184619378965382
2 7 1 7 -1  1
8087206330936787859
6 1 5 1 -1  1
8087273932064755267
6 7 4 7 -1  1
8087282009889253494
5 0 4 0 -1  1
8087282109258745342
6 3 7 5 -1  1
8087410973534088215
1 6 0 6 10  1
8087702009123295017
6 3 5 3 -1  1
7 2 6 1 -1  1
8087727870348723536
5 1 4 1 -1  1
8087982096338453916
7 1 7 3 -1  1
8088055672725792604
6 3 4 4 -1  1
8088212167804614222
3 2 3 1 -1  1
8088319601444852603
3 6 2 5 -1  1
8088360919279583846
7 3 6 2 -1  1
8088491411441649910
5 0 4 1 -1  1
8088641098195483553
3 5 0 2 -1  1
8088650839101262134
7 3 5 5 -1  1
8088664286820317481
6 7 7 7 -1  1
8088752509470942581
7 4 5 4 -1  1
8088790061708769269
6 3 5 5 -1  1
8088947859588439447
7 0 7 2 -1  1
8089202525827291444
7 2 7 4 -1  1
8089328704053123948
7 6 7 7 -1  1
8089369821877924983
5 2 6 4 -1  1
8089608329206863955
6 1 5 1 -1  2
8089755966305651241
4 0 0 0 -1  1
8089997063727026122
4 4 5 2 -1  1
8090506824298191496
7 0 7 3 -1  1
8090711281050653710
6 5 6 3 -1  1
8090861036537993843
7 3 5 1 -1  1
8091106450133356772
6 3 5 3 -1  1
8091123914215076142
7 0 7 2 -1  1
8091147847800529902
5 1 4 2 -1  1
8091537730969963179
7 5 7 6 -1  1
8091590808832457909
3 1 5 2 -1  1
8091658413087516153
5 7 4 7 -1  1
8091898104468264672
7 5 4 2 -1  1
8092057209413896027
7 4 7 5 -1  1
8092297850667142437
7 3 4 0 -1  1
8092367419098588561
6 1 3 4 -1  1
8092389726672935423
4 0 6 1 -1  1
8092409106846004392
7 6 6 5 -1  1
8092554265658934218
6 7 6 6 -1  1
8092779963994448314
6 4 4 4 -1  1
8093059084159508535
4 4 5 5 -1  1
8093196490322429351
6 4 7 5 -1  1
8093382855344292253
7 3 6 2 -1  1
8093437710443985027
5 7 4 6 -1  1
8093465059719067498
7 1 7 3 -1  1
8093583249181541183
7 3 6 2 -1  1
8093634023823808593
7 0 7 1 -1  1
8093990164532251081
7 6 7 7 -1  1
8094032444221208249
4 3 6 1 -1  1
8094105046277280739
5 3 7 4 -1  1
8094152097806411999
4 5 6 6 -1  1
8094155242080190003
0 3 4 7 -1  1
8094243899958438046
7 0 7 1 -1  1
8094272744645859474
6 0 5 0 -1  1
8094482477931531408
5 6 4 7 -1  1
8094516588581595114
7 1 5 2 -1  1
8094516771262094892
7 5 7 4 -1  1
8094524220125030142
7 5 6 4 -1  1
8094595867855312830
7 3 4 0 -1  1
8094615598982087093
7 0 7 3 -1  1
8094719308541909857
6 4 4 6 -1  1
8094847383997967985
3 4 4 3 -1  1
8094855984070283352
7 6 6 5 -1  1
8094955423388435668
6 3 5 4 -1  1
8095191976370862049
6 7 5 7 -1  1
8095299718533478902
5 0 3 1 -1  1
8095410856578607119
2 2 3 1 -1  1
8095480208423075105
0 7 0 2 -1  1
8095527637174766869
7 7 6 6 -1  1
8095731837624930114
6 6 4 4 -1  1
8096189363471925266
7 4 1 4 -1  1
8096604575759966927
4 4 6 4 -1  1
8096816512166730442
5 5 6 3 -1  1
8096892183445583355
7 5 6 4 -1  1
8096964285074378049
6 3 6 6 -1  1
8096973020371940355
6 3 5 4 -1  1
8097169575218305335
6 3 4 1 -1  1
8097500573052765509
7 1 5 2 -1  1
8097532913582344967
4 1 5 0 -1  1
8097627693615194692
6 4 7 5 -1  1
8098051582106713192
7 6 6 5 -1  1
8098428939442468390
6 4 5 5 -1  1
8098483148643113223
6 6 6 5 -1  1
8098732771989717323
3 1 2 0 -1  1
8098837322010660857
6 5 7 5 -1  1
8098883185317917141
4 2 3 4 -1  1
8099114640190442533
6 4 4 4 -1  6
8099116268336760628
3 3 2 3 -1  1
8099193198422661674
7 7 6 7 -1  1
8099240135878903529
7 6 6 6 -1  1
8099315774725239965
6 7 4 7 -1  1
8099497879713649920
6 4 5 3 -1  1
8099535526688457305
5 7 6 6 -1  1
8099541422700543983
6 1 5 0 -1  1
8099670943326456398
6 0 4 0 -1  1
8099679616998888084
5 3 4 3 -1  1
8099705518308888235
2 7 1 6 -1  1
8099853980488422433
0 1 1 1 -1  1
8100100564313448994
7 2 4 5 -1  1
8100332071111105144
6 7 4 7 -1  1
8100490069141042985
4 0 3 1 -1  1
8100508826564364902
7 0 5 0 -1  1
8100569914831908164
6 0 4 0 -1  1
8100643029075562553
7 3 6 4 -1  1
8100655650928779929
2 2 2 4 -1  1
8100772017826304514
6 0 5 0 -1  1
8100797324576582861
7 6 5 5 -1  1
8100901073328937617
5 5 6 4 -1  1
8101134689101224741
6 4 5 4 -1  1
8101161015047833605
6 2 5 2 -1  1
8101345086397051867
6 7 5 7 -1  1
8101590483597158961
7 3 7 4 -1  1
8101746194695384421
6 4 5 5 -1  1
8101861457621013643
6 4 4 4 -1  1
8101864686344600106
2 3 3 2 -1  1
8102004296567422441
5 2 4 0 -1  1
8102120684558380455
5 7 6 6 -1  1
8102143183204104552
5 5 1 5 -1  1
8102192349581288578
7 6 7 7 -1  1
8102237670709560093
5 0 4 0 -1  1
8102245617881054179
5 1 3 1 -1  1
8102312837244957042
3 3 2 5 -1  1
8102364790593547661
6 1 5 2 -1  1
8102373439746285398
7 3 7 0 -1  1
8102876614329653152
7 3 6 2 -1  1
8102961469493041914
7 4 5 4 -1  1
8103074310162316282
0 4 1 4 -1  1
8103183634263890658
5 3 4 5 -1  1
8103283415020900126
7 6 7 5 -1  1
8103500519633368606
5 1 6 2 -1  1
8103516564012220834
6 3 5 1 -1  1
8103532438800547788
2 4 4 3 -1  1
8103591104039635104
6 3 4 4 -1  1
8103724898058105939
6 6 5 6 -1  1
7 0 7 3 -1  2
8103784722537901646
7 2 6 1 -1  1
8103796426049822576
7 4 7 5 -1  1
8103994105888988346
5 0 2 3 -1  1
8104016212117256070
3 2 2 0 -1  1
8104020726253899058
7 1 5 2 -1  1
8104557493282951668
7 6 7 7 -1  1
8104627467031544396
7 2 7 5 -1  1
8104654067215024492
7 3 7 6 -1  1
8104713187091966827
6 3 4 2 -1  1
8105242572033289430
5 5 4 5 -1  1
8105519439387382614
6 6 7 5 -1  1
8105615793950981002
7 6 6 7 -1  1
8105741168446904850
4 5 3 5 -1  1
8105758446593860006
3 1 3 4 -1  1
8105920127965039793
7 7 7 6 -1  1
8105925284571107303
5 3 3 1 -1  1
8106078968904774040
6 6 5 5 -1  1
8106097109023835119
7 4 5 2 -1  1
8106205186019327769
5 6 3 5 -1  1
8106220033114254290
4 2 3 2 -1  1
8106279919190628758
2 5 2 3 -1  1
8106301022728260784
5 5 3 4 -1  1
8106352239468719918
7 4 7 3 -1  1
8106432509912415944
4 6 3 6 -1  1
8106506941412874197
6 2 3 5 -1  1
8106751629643017583
4 4 3 4 -1  1
8106848184398169444
6 4 5 3 -1  1
8106975279944860324
5 6 4 6 -1  1
8107081205966993993
7 6 6 5 -1  1
8107172750784949100
3 6 2 6 -1  1
8107177898522041739
7 5 6 6 -1  1
8107216833641214487
2 3 3 2 -1  1
8107232789366459459
2 0 1 0 -1  1
8107494961312603193
6 2 4 2 -1  1
8107657684589672986
5 7 3 7 -1  1
8108128626229335156
6 4 7 6 -1  1
8108246421514081913
4 6 5 5 -1  1
8108262737928815780
7 4 7 6 -1  1
8108282161887756045
7 0 5 0 -1  1
8108332232156713610
7 6 5 5 -1  1
8108337968721271890
3 4 1 3 -1  2
8108407605406897631
4 5 2 7 -1  1
8108409936313631131
7 3 6 3 -1  1
8108510896915570494
5 5 4 6 -1  1
8108698544649232275
7 0 7 2 -1  1
8108880596528352532
5 3 4 4 -1  1
8108974217439878696
6 3 4 4 -1  1
8109019532950060344
6 5 4 5 -1  1
8109054719025652856
3 3 3 1 -1  1
8109112902346876459
3 1 2 1 -1  1
8109142820528543827
7 2 6 3 -1  1
8109180544605688937
5 3 4 2 -1  1
8109350811747828470
5 2 3 4 -1  1
8109361830885946047
4 4 3 4 -1  1
8109389875333731238
5 5 7 5 -1  1
8109969689583884856
6 6 5 6 -1  1
8110215663392338805
7 0 7 2 -1  1
8110297414464871182
6 3 5 2 -1  1
8110325042226571300
5 3 5 4 -1  1
8110348402040503376
5 0 4 0 -1  1
8110394938206413965
7 2 6 2 -1  1
8110550823281007080
3 4 4 6 -1  1
8110672179453868022
6 1 5 2 -1  1
8110984569218967045
6 3 4 3 -1  1
8110998483746784069
4 0 3 0 -1  1
8111483067961172653
2 2 4 2 -1  1
8111549750352203142
3 3 5 3 -1  1
8111582549724502447
6 4 5 4 -1  1
8111753922164898007
6 4 5 5 -1  1
8112583429691282252
4 4 6 5 -1  1
8112616590598898166
7 2 6 3 -1  1
8112948807646130120
4 6 3 7 -1  1
8113011141618805759
1 2 3 2 -1  1
8113304194047498237
2 6 4 6 -1  1
8113594264549773315
7 0 6 0 -1  1
8113654866612012132
5 5 4 5 -1  1
8113735417338346389
6 1 5 1 -1  1
8113905053488750921
5 4 4 4 -1  1
8114231178709428020
7 3 7 4 -1  1
8114380793083407022
7 5 5 4 -1  1
8114550903801474896
4 6 3 6 -1  1
8114907795141031765
4 7 3 6 -1  1
8115265410629768220
7 2 4 2 -1  1
8115310549362924879
6 3 7 4 -1  1
8115671654166223754
6 3 4 4 -1  1
8115818347811936082
5 2 4 2 -1  1
8115904794227415468
5 4 4 5 -1  1
8116030178832078185
4 3 2 2 -1  1
8116148269962986272
2 4 3 3 -1  1
8116150953200420950
5 5 3 4 -1  1
8116239536165738394
7 5 7 2 -1  1
8116273849526738775
2 3 3 5 -1  1
8116586260658178461
7 3 6 2 -1  1
8116658735875841788
7 3 7 2 -1  1
8116758143472266736
4 1 3 2 -1  1
8117215107035018233
5 3 3 1 -1  1
8117242039827904122
5 6 5 7 -1  1
8117437053172143345
6 1 5 1 -1  1
8117748959930693932
7 3 5 3 -1  1
8117948256005430001
6 6 6 5 -1  1
8118123242437575865
7 5 7 3 -1  1
8118231895882869357
1 0 1 1 -1  1
8118612164740376087
6 3 4 2 -1  1
8118658878989574747
6 4 7 5 -1  1
8118721526743026705
3 4 2 2 -1  1
8118761956440809424
6 0 7 0 -1  1
8118969375728761995
5 5 3 6 -1  1
8119228809592133488
6 3 7 2 -1  1
8119244559972756023
7 2 6 1 -1  1
8119645591003537178
5 4 4 5 -1  1
8119680322370454418
7 5 7 3 -1  1
8119708440318281590
3 6 5 5 -1  1
8119776959747912421
5 5 4 3 -1  1
8119907040058422823
6 3 5 3 -1  1
8119935238838847937
4 5 3 5 -1  1
8120033202087709295
4 4 6 4 -1  1
8120052606786788002
6 6 5 6 -1  1
8120121420128804383
4 6 3 7 -1  1
8120418427762412780
7 0 7 1 -1  1
8120425875788122418
2 4 4 3 -1  1
8120470893031584864
5 2 7 1 -1  1
8120630776006678034
4 3 3 4 -1  1
8120644305826085506
6 5 5 6 -1  1
8120650351982978838
7 2 5 4 -1  1
8120690095244248300
6 3 4 2 -1  1
8120805633265295732
4 2 3 1 -1  1
8120972387214349567
6 6 5 6 -1  1
8120978953947972374
6 2 4 2 -1  1
6 7 5 7 -1  1
8121269179269429473
7 0 7 5 -1  1
8121355021450690599
5 6 4 6 -1  1
8121545805281243797
5 2 4 2 -1  1
8121872356186042741
3 4 1 5 -1  1
8122196632798956755
4 1 3 1 -1  1
8122725567932375977
6 7 4 7 -1  1
8122795272756998918
6 1 1 6 -1  1
8122831490538959226
7 3 3 3 -1  1
8122842274090484791
7 2 7 6 -1  1
8122884385089613309
6 2 4 0 -1  1
8123088897767307030
3 0 4 1 -1  1
8123445612376729787
3 4 1 3 -1  1
8123661604291256171
5 6 4 6 -1  1
8123702320239566112
5 6 4 6 -1  1
8123832401593905002
6 3 7 5 -1  1
8123974538855143399
7 6 7 3 -1  1
8124009150470060547
4 1 3 2 -1  1
8124139543295708121
3 6 5 5 -1  1
8124147607249359925
2 0 1 0 -1  1
8124453598021738676
1 7 7 1 -1  1
8124465446762574446
5 2 6 4 -1  1
8124526371553181059
6 6 6 7 -1  1
8124662255044348229
7 7 7 4 -1  1
8124978387658945935
0 2 2 1 -1  1
8125037931393641468
7 3 4 3 -1  1
8125038771887132710
1 3 2 1 -1  1
8125066279397927262
6 7 4 7 -1  1
8125174048887770544
3 6 2 5 -1  1
8125236143920198887
4 3 3 2 -1  1
7 2 5 4 -1  1
8125351316660629275
6 1 5 0 -1  1
8125685875092264383
6 4 5 2 -1  1
8126055740065300460
7 2 7 0 -1  1
8126065806477625773
6 4 5 2 -1  1
8126100228760606564
7 5 6 4 -1  1
8126133072750044679
2 7 7 7 -1  1
8126369927710705582
7 1 7 0 -1  1
8126531080116012294
6 6 5 7 -1  1
8126586491918838840
7 1 4 4 -1  1
8126634430431251265
6 4 7 5 -1  1
8126751061821163497
6 4 7 3 -1  1
8126845223192166413
4 5 3 6 -1  1
8126901589636301749
7 6 5 5 -1  1
8126918075214591788
4 1 5 2 -1  1
8127005612748268802
2 7 1 7 -1  1
8127238057536032284
5 2 4 2 -1  1
8127368170458193505
6 7 3 4 -1  1
8127437263025721496
3 1 1 2 -1  1
8127472515365514752
6 4 5 2 -1  1
8127624538670323717
4 6 3 5 -1  1
8127649648131556105
5 2 5 6 -1  1
8127771255467469546
6 3 4 3 -1  1
8127825208863604906
6 6 4 6 -1  1
8127901196745056391
6 0 6 4 -1  1
8127995088477638603
7 6 7 5 -1  1
8128081922678621400
1 4 1 2 -1  1
8128218077546129361
4 5 5 5 -1  1
8128538702721462251
2 0 1 1 -1  1
8128574445645151220
5 1 7 2 -1  1
8128678926593503590
1 6 1 1 -1  1
8128835496304685069
5 1 5 0 -1  1
8129086680548999962
6 5 4 5 -1  1
8129282209259854853
7 5 7 4 -1  1
8129299522742591088
5 4 4 5 -1  1
8129328188075248447
4 3 3 2 -1  1
8129682893251794688
6 1 4 1 -1  1
8129683999224966786
5 7 4 7 -1  1
8129721844469415073
6 0 6 2 -1  1
8129730838285381013
0 2 2 2 -1  1
8129774109973214477
6 0 4 0 -1  1
8129899389890443742
7 2 7 5 -1  1
8129958173735048074
7 5 5 6 -1  1
8130014910739392051
7 4 7 6 -1  1
8130023255055641248
2 5 1 5 -1  1
8130130077364327116
7 0 7 3 -1  1
8130246801651737346
7 3 7 4 -1  1
8130348962848191068
4 2 4 4 -1  1
8130450921610306812
6 1 4 1 -1  2
8130454603758319559
5 2 4 0 -1  2
8130906170265340633
6 4 7 3 -1  1
8131074526515721414
6 6 4 6 -1  1
8131222068507249225
6 1 5 1 -1  1
8131286059574158014
2 3 1 2 -1  1
8131741414284566953
3 4 5 5 -1  1
8131842862241069166
5 3 6 2 -1  1
8131878090151655969
7 6 5 5 -1  1
8132361629931331402
4 4 5 2 -1  1
8133066660797890071
7 6 7 5 -1  1
8133148021858537377
3 3 2 3 -1  1
8133226822390513953
5 2 3 2 -1  1
8133278255611705844
6 5 4 5 -1  1
8133494692975731656
5 3 3 1 -1  1
8133538326341927572
6 7 5 7 -1  1
8133545864946614500
6 3 4 1 -1  1
8133587850090379423
6 3 3 6 -1  1
8133623470049215463
5 1 3 2 -1  1
8133653657039978341
5 4 4 4 -1  1
8133665725036410664
4 1 3 1 -1  1
8133718518799923740
6 1 4 3 -1  1
8133809611977167754
5 3 4 3 -1  1
8133907063606452878
6 1 7 2 -1  1
8133932071327265687
5 2 4 0 -1  1
8134347607275048927
6 6 4 6 -1  1
8134518769156571250
5 3 3 2 -1  1
8134791120607437955
5 2 4 2 -1  1
8134960476855250448
4 1 3 2 -1  1
8135370017057485378
5 3 5 4 -1  1
8135450700092683359
5 5 4 3 -1  1
8135585959278412652
6 6 5 5 -1  1
8135692696343594663
7 3 3 3 -1  1
8135739981859933327
6 6 7 5 -1  1
8135987047842387901
5 1 4 0 -1  1
8136047877339685486
6 3 2 7 -1  1
8136059630307497594
7 4 6 6 -1  1
8136622093073203751
3 1 4 2 -1  1
8137025019895680087
7 6 5 5 -1  1
8137237443588912162
4 0 5 1 -1  1
8137376138567350764
5 2 3 4 -1  1
8137395119121330795
6 4 6 3 -1  1
8137517412096730814
4 0 3 0 -1  1
8137659688055665369
6 1 6 0 -1  1
8138233198183302700
6 4 7 4 -1  2
8138528423777705699
4 6 4 5 -1  1
8138628809718189677
6 2 4 2 -1  1
8138636785325154532
5 6 4 5 -1  1
8138689147946170023
4 3 3 5 -1  1
8138706366139478358
5 6 4 7 -1  1
8138973150339752374
6 7 7 5 -1  1
8139048238735116426
5 3 4 4 -1  1
8139351993884459080
3 0 4 0 -1  1
8139451193092815035
6 3 5 1 -1  1
8139781092731193030
5 0 4 0 -1  1
8140373656471903411
6 4 2 4 -1  1
8140424295479632787
7 7 3 7 -1  1
8140453906103962548
0 4 4 4 -1  1
8140750915506154409
3 3 3 5 -1  1
8140842361694284348
7 2 7 0 -1  1
8140882154750535412
4 2 7 2 -1  1
8140913881455456114
4 5 3 5 -1  1
8140936074134755508
7 6 6 6 -1  1
8141102229454815660
5 2 6 4 -1  1
8141376300639016286
7 2 7 1 -1  1
8141389876143375677
7 3 5 3 -1  1
8141471921627751480
5 3 3 3 -1  1
8141553562596874945
2 2 1 3 -1  1
8141606731840112479
6 3 5 2 -1  1
8141701326182139535
6 1 5 1 -1  1
8141706268637338372
7 4 6 5 -1  1
8141721004219237432
3 0 2 0 -1  1
8141745497142124367
7 0 7 2 -1  1
8141772641854290946
6 5 4 5 -1  1
8142026137958926785
6 1 6 3 -1  1
8142050757689064277
6 3 4 1 -1  1
8142297276759008700
4 3 3 1 -1  1
8142421534895562972
6 4 7 5 -1  1
8142738312315654035
1 6 5 6 -1  1
8142896055661977450
5 3 4 4 -1  1
8142924002831768518
4 0 3 0 -1  1
8142959522882134584
5 1 4 1 -1  1
8143013462546906737
5 6 4 7 -1  1
8143106947317699131
5 3 4 4 -1  1
8143178759457671535
7 3 6 3 -1  1
8143181422100619815
6 2 5 2 -1  1
8143219911516469619
7 5 6 6 -1  1
8143310606740839130
6 0 5 0 -1  1
8143489384014065659
4 2 6 0 -1  1
8143688738309334846
7 0 7 4 -1  1
8143711141920625509
7 6 6 7 -1  1
8143741092891260831
6 3 4 3 -1  1
8143749608164539204
6 3 5 1 -1  1
8143973048579682552
6 1 5 0 -1  1
8144127216620925843
6 4 4 6 -1  1
8144152751994343511
5 5 4 5 -1  1
8144217133852547138
3 7 5 7 -1  1
8144477746760267526
2 7 1 7 -1  1
8144520525949083321
3 1 2 1 -1  1
8144598939129414479
5 5 4 3 -1  1
8144621792388672625
5 3 4 4 -1  1
8144652016295495827
2 1 1 1 -1  1
8145017735460193485
5 1 4 3 -1  1
8145060390562127648
5 2 6 4 -1  1
8145179283286328132
4 2 3 1 -1  1
8145200735177167917
6 6 6 5 -1  1
8145215407027755055
4 6 3 6 -1  1
8145243227636161509
6 7 5 6 -1  1
8145287700173955915
3 2 2 3 -1  1
8145682556585440722
5 1 6 2 -1  1
8145982889289598085
3 2 2 2 -1  1
8146093594120452885
5 1 6 3 -1  1
8146216541028834615
1 7 1 3 -1  1
8146453453003400088
5 0 3 1 -1  1
8146495014312130842
5 6 4 6 -1  1
8146501692637034253
6 1 4 1 -1  1
7 5 7 4 -1  1
8146505255153054123
3 0 3 6 -1  1
8146634647807550373
6 0 5 0 -1  1
8146683116163597426
4 7 3 7 -1  1
8146702877940348138
1 3 2 2 -1  1
8146722076533623011
7 2 2 2 -1  1
8146781661383567166
6 2 6 4 -1  1
8146808138751543124
6 4 6 3 -1  1
8146881799456563229
6 3 7 5 -1  1
8146972716973849511
5 5 4 5 -1  1
8147167002177221345
5 5 3 4 -1  1
8147304297440931804
2 4 1 4 -1  1
8147457671696038921
5 4 3 3 -1  1
8147509753395806327
6 5 6 4 -1  1
8147673291728250574
5 4 6 3 -1  1
8148117460391701937
6 2 6 1 -1  1
8148122465601692903
2 2 0 4 -1  1
8148146363666201412
4 6 5 7 -1  1
8148391080916157199
5 6 4 6 -1  1
8148423207107625182
6 6 5 6 -1  1
8148589538910227618
5 0 4 1 -1  1
8148926561397289811
6 4 6 5 -1  1
8148974660282557429
6 1 7 0 -1  1
8149342133174207748
6 4 6 3 -1  1
8149726768117068602
6 3 4 3 -1  1
8149859577185729899
4 5 3 5 -1  1
8150288008455007159
5 5 3 5 -1  1
8150432626774305258
6 4 5 4 -1  1
8150668489246682386
5 2 4 2 -1  1
8151098661106283199
5 7 4 7 -1  1
8151370936324708171
4 2 3 3 -1  1
8151654016245834499
6 3 5 3 -1  1
8151688871629150403
7 4 7 3 -1  1
8151712426182525200
2 1 4 2 -1  1
8151851396689587103
5 3 6 4 -1  1
8151857747585494609
5 2 2 5 -1  1
8151869665013547357
5 2 4 2 -1  1
8151871823763558899
5 5 5 7 -1  1
8152020828544975087
6 1 4 1 -1  1
8152060502434979054
6 3 7 5 -1  1
8152148704602999628
7 1 6 3 -1  1
8152164597072358518
5 3 4 2 -1  1
8152184818370073781
6 5 5 5 -1  1
8152192507063040427
4 5 1 2 -1  1
8152202607034690238
6 6 7 5 -1  1
8152235321101715231
4 2 5 1 -1  1
8152325606967758636
4 0 3 2 -1  1
8152349648882761623
3 7 5 5 -1  1
8152503308618708487
3 1 4 2 -1  1
8152511823019386542
7 5 6 3 -1  1
8152588628945782423
6 6 6 7 -1  1
8152644369612820796
5 2 5 3 -1  1
8152705261525736523
5 5 4 5 -1  1
8153049515565559568
6 4 5 2 -1  1
8153051497393609962
4 0 3 0 -1  1
8153211809406395586
5 7 7 5 -1  1
8153226319127055842
6 2 6 1 -1  1
8153237133650433726
6 3 6 6 -1  1
8153268537923294554
4 1 3 2 -1  1
8153560187910756133
7 1 6 3 -1  1
8153763878510578239
6 5 5 6 -1  1
8153864383779918344
4 2 5 3 -1  1
8153986992154127717
5 6 4 7 -1  1
8154100647994989386
3 7 5 5 -1  1
8154312755756339572
6 2 4 3 -1  1
8154438847001951311
5 5 3 6 -1  1
8154564927146594379
4 0 4 2 -1  1
8154682542684128872
1 1 0 0 -1  1
8154755316702102005
4 5 0 5 -1  1
8154770831162637458
7 4 7 6 -1  1
8154831171789998372
6 1 5 1 -1  1
8154868378932230900
6 7 5 6 -1  1
8155105695265387859
4 4 3 3 -1  1
8155274928491217364
3 0 2 2 -1  1
8155345414932358144
4 5 5 3 -1  1
8155677216568725038
7 0 7 1 -1  2
8155836512539204868
6 7 7 6 -1  1
8156316574469825670
7 5 6 5 -1  1
8156479288692483786
7 3 4 3 -1  1
8156592951061195758
5 7 3 5 -1  1
8156867366793766586
2 3 4 4 -1  1
8156952734962817345
6 7 4 7 -1  1
8156960452951844365
7 1 6 2 -1  1
8157058441194092095
6 2 6 1 -1  1
8157091192283319929
5 4 4 5 -1  1
8157134394067174546
4 7 4 5 -1  1
8157224161218182105
6 7 5 6 -1  1
8157291384097788593
7 3 4 3 -1  1
8157522791875198148
4 4 5 5 -1  1
8157654432476263337
6 3 5 3 -1  1
6 6 4 6 -1  1
8157743983130895385
5 2 3 1 -1  1
8158111509220318179
4 0 5 0 -1  1
8158546156855976614
6 4 7 4 -1  1
8159142456951163880
1 7 2 7 -1  1
8159252119136792759
4 1 6 3 -1  1
4 7 3 7 -1  1
8159623412365858977
4 3 3 1 -1  1
8159663801766614223
6 3 4 3 -1  1
7 4 7 6 -1  1
8159697124853813569
5 1 6 1 -1  1
8159847341098219150
4 4 4 5 -1  1
8159850424191823439
7 7 7 6 -1  1
8160021560592522681
6 3 7 5 -1  1
8160143244184481643
6 7 7 7 -1  1
8160312012172853841
6 3 4 3 -1  1
8160547577704841465
6 5 7 4 -1  1
6 5 7 5 -1  1
8160646051463948474
6 6 5 7 -1  1
8160760308077528688
6 7 4 7 -1  1
8160819267527577436
6 4 5 4 -1  1
8160930396568025632
5 7 6 7 -1  1
8160944005443526975
5 2 4 4 -1  1
8160962707746285085
1 1 1 0 -1  1
8161140577965214706
7 6 5 5 -1  1
8161210487812102794
3 6 2 5 -1  1
8161269237071702339
6 3 4 2 -1  1
8161453117229303816
3 7 3 6 -1  1
8161663878531984619
7 2 7 0 -1  1
8161694938434817628
2 1 2 3 -1  1
8161902529281042809
6 3 3 0 -1  1
8162248834307632831
7 6 6 6 -1  1
8162358820170018451
4 2 4 6 -1  1
8162367962098575588
4 4 3 3 -1  1
8162385108438009871
5 5 6 3 -1  1
8162397286231005885
4 2 3 3 -1  2
8162516487393286553
4 2 6 4 -1  1
8162618224944654055
6 5 7 5 -1  1
8162857008863687554
5 5 4 3 -1  1
8162892403687677094
7 2 4 2 -1  1
8162913547528186588
6 6 1 1 -1  1
8162929126659033344
7 0 7 2 -1  1
8162931864898627090
7 5 7 1 -1  1
8163494228078020241
7 0 5 0 -1  1
8163593493510997801
5 1 4 1 -1  1
8163637781151742062
3 6 5 7 -1  1
8163637956761024459
6 7 3 4 -1  1
8163672932244187824
6 3 4 2 -1  1
8163684900223262383
7 4 7 6 -1  1
8163819499712419120
5 3 6 3 -1  1
8163841262438423129
1 3 4 6 -1  1
8164122486359604308
6 0 4 0 -1  1
8164123099445320170
7 2 3 6 -1  2
8164224260447101897
4 0 2 2 -1  1
8164414821977075377
6 6 4 6 -1  1
8165097072123652097
6 5 5 4 -1  1
8165103611055340003
7 5 6 6 -1  1
8165289675347083135
1 4 0 5 -1  1
8165461245825442802
5 3 4 4 -1  1
8165533799478362741
1 2 3 1 -1  1
8165675500965774072
6 3 5 5 -1  1
8165801737022245733
7 3 7 2 -1  1
8166073283543980141
6 7 5 7 -1  1
8166545367706540107
3 2 3 1 -1  1
8166716143372784037
5 5 5 3 -1  1
8166745473443788485
6 1 5 1 -1  1
8166848903615457204
5 1 2 1 -1  1
8167048277044517030
1 0 2 0 -1  1
8167059891927792917
6 5 5 6 -1  1
8167321864108323932
3 2 7 2 -1  1
8167326317262778179
1 1 1 4 -1  1
8167374521505940891
7 6 6 6 -1  1
8167467228496823966
6 7 5 7 -1  1
8167490464012359244
7 5 6 4 -1  1
8167720914904896559
5 5 6 6 -1  1
8167746466169945860
4 2 3 2 -1  1
8167799826727736986
6 3 5 1 -1  1
8167816212428885488
0 7 3 7 -1  1
8168340893525062338
6 3 7 5 -1  1
8168703305217513787
7 3 6 4 -1  1
8168780912858670430
6 6 3 3 -1  1
8168840488601074775
6 3 3 0 -1  1
8168890376017781096
5 4 3 2 -1  1
8169053597580272025
5 0 2 3 -1  1
8169193796362604575
7 6 7 7 -1  1
8169385855554497796
7 2 4 2 -1  1
8169579088049342481
5 2 4 4 -1  1
8169702850811996612
1 1 3 2 -1  1
8169788042524042782
4 1 3 1 -1  1
8170322367242224824
6 5 7 5 -1  1
8170389225072870419
7 6 7 7 -1  1
8170584629880721460
6 2 7 0 -1  1
8170776906779188203
6 0 7 1 -1  1
8170970358445003729
6 1 5 0 -1  1
8171226781343148252
7 3 6 4 -1  1
8171450953548784155
7 2 6 3 -1  1
8171718128382374562
7 1 6 3 -1  1
8171987885609637934
5 5 4 5 -1  1
8172264760439561511
3 1 2 1 -1  1
8172400593538186698
7 4 1 4 -1  1
8172441354036732511
7 4 6 4 -1  1
8172660943524405275
7 2 6 2 -1  1
8172738652886720126
6 1 4 1 -1  1
8172942200690343264
7 1 4 1 -1  1
8172982352100408846
3 6 2 6 -1  1
8172986759027496748
3 6 5 4 -1  1
8173093328194676320
4 4 2 6 -1  1
8173137350358177956
1 1 3 3 -1  1
8173270034438996960
7 5 5 6 -1  1
8173271535600925797
5 5 4 7 -1  1
8173320389736415569
7 6 6 6 -1  1
8173387591426365107
6 6 5 5 -1  1
8173600534903670691
3 1 4 0 -1  1
8173607794481178546
2 4 3 4 -1  1
8173887720841032128
4 2 3 2 -1  1
8173894513222262900
7 6 7 7 -1  1
8173912636881123356
5 2 3 3 -1  1
8174147318618563597
5 4 4 4 -1  1
8174409541388470840
4 7 3 5 -1  1
8174675238253814626
5 4 4 5 -1  1
8174752620530333461
7 1 6 3 -1  1
8175035795072935138
4 2 5 2 -1  1
8175039547363364207
7 2 6 1 -1  1
8175083072733967925
4 6 3 7 -1  1
8175362464500148440
4 5 2 5 -1  1
8175734868388075364
2 1 4 3 -1  1
8175766988363309473
6 7 4 7 -1  1
8176102678420757214
4 1 6 2 -1  1
8176609253991996177
7 4 6 2 -1  1
8176700063635913011
7 2 3 6 -1  1
8177058078920141612
7 1 6 3 -1  1
8177277102844792726
6 3 2 7 -1  1
8177289858926153466
7 0 7 3 -1  1
8177299889066669484
7 4 7 6 -1  1
8177386454540497197
5 4 4 4 -1  1
8177487096250031212
6 4 7 5 -1  1
8178181183540805613
6 5 5 5 -1  1
8178251765615951250
7 3 7 2 -1  1
8178261628042185153
7 1 4 4 -1  1
8178580646422773286
7 6 6 5 -1  1
8178646847785874443
4 5 3 4 -1  1
8178684809507102621
6 2 4 2 -1  1
8178780657007040909
5 5 4 5 -1  1
8178912968637642563
6 4 5 3 -1  1
8178934048109512232
5 5 4 3 -1  1
8178981898439971606
7 7 6 7 -1  1
8179007314891706350
3 2 5 3 -1  1
8179077818875515033
7 1 5 2 -1  1
8179128925133102993
7 3 7 2 -1  1
8179439936727015346
6 3 4 4 -1  1
8179602347535777120
7 0 7 1 -1  1
8179951235981150227
6 4 6 5 -1  1
8180040612591925723
4 2 2 3 -1  1
8180683680701368261
3 5 3 7 -1  1
8180871954826332658
4 3 3 4 -1  1
8181138847346559303
0 5 0 4 -1  1
8181149823839066876
2 7 1 7 -1  1
8181309557015079630
6 2 4 4 -1  1
8181371321990569144
6 3 5 3 -1  1
8181578537671764496
7 5 7 4 -1  1
8181859912435241469
4 0 6 2 -1  1
8182146315638287771
2 5 5 5 -1  1
8182291049990990259
6 1 7 2 -1  1
8182588382601930900
5 5 6 6 -1  1
8182768132315838450
7 3 5 3 -1  1
8182929414006388069
6 0 5 0 -1  1
8183014208842198972
6 7 5 7 -1  1
8183254975229335243
5 2 6 4 -1  1
8183272448175695323
7 3 5 1 -1  1
8183349578001219336
7 6 6 6 -1  1
8183372430720037211
7 0 7 1 -1  1
8183747625115117366
0 3 5 3 -1  1
8183992944192810398
7 4 7 6 -1  1
8184047830448286520
7 3 5 5 -1  1
8184073146384081218
6 4 2 4 -1  1
8184115785519451985
6 4 3 1 -1  1
8184160119712784975
5 5 3 7 -1  1
8184189710171174632
4 5 5 6 -1  1
8184196173761480688
2 3 3 4 -1  1
8184419312604853249
6 7 5 6 -1  1
8184425154470853550
4 2 3 3 -1  3
7 3 6 2 -1  2
7 4 7 5 -1  1
7 4 7 6 -1  1
8184440746706136400
5 2 4 1 -1  1
8184458266243542073
3 4 2 4 -1  1
8184480428621817071
5 5 3 4 -1  1
8184600908952295704
6 3 7 2 -1  1
8184738924658365087
6 3 7 4 -1  1
8184919125665881658
6 6 5 5 -1  1
8185073362435618961
5 2 4 4 -1  1
8185097992225574274
2 0 2 7 -1  1
8185178670991308589
6 0 5 0 -1  1
8185202275277475673
5 3 4 3 -1  1
8185288568979608206
6 1 5 2 -1  1
8185421645161974647
2 7 4 7 -1  1
8185687573136586516
5 2 3 3 -1  1
8185690577215165180
1 4 2 6 -1  1
8185762165964543841
4 4 5 5 -1  1
8185783688871579754
4 3 3 4 -1  1
8186108106559237773
1 0 2 0 -1  1
8186156916212700546
1 0 1 3 -1  1
8186505187757746872
4 2 3 3 -1  1
8186714061019479973
7 2 6 1 -1  1
8187071125233007313
7 3 6 4 -1  1
8187373304630410609
7 4 5 6 -1  1
8187470251537337631
3 4 2 6 -1  1
8187476326638926239
7 5 6 6 -1  1
8187702942535979196
6 3 6 2 -1  1
8187964453891541342
7 3 5 3 -1  1
8188224689676019308
7 4 7 5 -1  1
8188433234755159180
6 5 5 4 -1  1
8188601607975436477
5 2 6 4 -1  1
8188629391520219494
4 4 5 6 -1  1
8188658529370867156
4 6 3 5 -1  1
8188855988482091452
7 5 4 5 -1  1
8188931098055982734
7 6 5 5 -1  1
8188946429123384720
6 3 6 2 -1  1
8189174109875670163
6 7 5 7 -1  1
8189291649031849850
6 5 4 5 -1  1
8189374757655593381
6 4 5 3 -1  1
8189465117887162970
6 5 6 6 -1  1
8189492302541419150
4 3 3 3 -1  1
8189548946050264574
2 6 1 6 -1  1
8189593109240019338
3 0 1 1 -1  1
8189641137967221554
6 2 4 2 -1  1
8189653096118184067
3 5 2 5 -1  1
8189939165652969171
7 1 6 3 -1  1
8190114596657854996
7 5 7 6 -1  1
8190144556045884961
4 5 6 7 -1  1
8190442550344660918
4 0 4 2 -1  1
8190464575722588187
6 5 5 6 -1  1
8190767000676932959
5 3 4 5 -1  1
8190856733763278787
6 6 5 6 -1  1
8190968836506548175
6 3 6 2 -1  1
8190984956796352222
6 4 6 3 -1  1
8191068561696033002
2 4 1 3 -1  1
8191099255651368181
5 5 7 3 -1  1
8191205135796527179
6 5 5 4 -1  1
8191577442244844440
7 5 7 1 -1  1
8191627679052529501
4 0 6 2 -1  1
8191679046118551369
5 5 3 4 -1  1
8192018290745953299
1 7 1 3 -1  1
8192124695433558375
3 5 5 7 -1  1
8192167674025041692
5 4 7 2 -1  1
8192171048053245136
4 4 5 2 -1  1
8192405022422118085
5 7 4 7 -1  1
8192448127300669189
3 4 2 2 -1  1
8192495359915297910
5 2 4 4 -1  1
8192560897330167199
6 5 4 5 -1  1
8192675811729874158
7 2 6 3 -1  1
8193832469703745989
6 5 6 4 -1  1
8193854813602790056
6 5 5 6 -1  1
8193859916763420065
7 3 4 0 -1  1
8194113682592325263
5 3 5 2 -1  2
8194156004697459592
4 7 5 5 -1  1
8194672609905733566
6 0 5 1 -1  1
8194825189595401945
5 4 6 5 -1  1
8194854781986318420
4 1 3 1 -1  1
8195138604261317950
3 7 3 5 -1  1
8195222794554565669
5 1 4 3 -1  1
8195232721487943854
7 3 6 1 -1  1
8195427084805020258
5 1 3 1 -1  1
8195462004246921990
7 4 5 2 -1  1
8195488273243939023
7 0 7 1 -1  1
8195676936856311697
6 4 6 1 -1  1
8195905556680870075
1 2 1 1 -1  1
8195937748667257896
3 3 2 3 -1  1
8196170683824074906
5 0 4 0 -1  1
8196487842173237418
4 4 3 5 -1  1
8196642765921273241
7 5 6 4 -1  1
8196721275311834949
3 4 2 6 -1  1
8197318507993506871
2 7 1 7 -1  1
8197343095412733939
6 6 5 5 -1  1
8197380207619056640
4 4 3 5 -1  1
8197544354123442114
2 1 1 3 -1  1
8197662857661470367
6 5 6 4 -1  1
8197748938078363933
7 4 5 3 -1  1
8197811283694294954
6 6 5 6 -1  1
8197917518903069846
6 3 2 3 -1  1
8197973052551561879
5 1 6 2 -1  1
8198023766154624011
1 3 3 4 -1  1
8198025896334012306
5 6 4 6 -1  1
8198067189138696454
7 3 6 4 -1  1
8198382208916498533
6 1 4 3 -1  1
8198417335239834722
1 0 1 5 -1  1
8198617753143451701
6 0 5 0 -1  1
8198737878819965687
6 0 6 1 -1  1
8199009783568895119
4 6 3 6 -1  1
8199028502279016799
5 3 5 0 -1  1
8199150967277597154
6 5 5 5 -1  1
8199207024177198003
6 5 4 5 -1  1
8199376960875832030
3 6 1 6 -1  1
8199843300633144019
6 1 5 0 -1  1
8200035553825388578
3 6 4 4 -1  1
8200140538868532656
6 0 6 1 -1  1
8200350781364835123
5 1 3 3 -1  1
8200479684917042379
6 6 6 5 -1  1
8200499281760338868
6 6 6 5 -1  1
8200509690897761736
4 4 5 5 -1  1
8200804394203792488
7 5 7 4 -1  1
8201073837466980259
6 3 5 5 -1  1
8201169054438545558
5 5 6 3 -1  1
8201562150295469472
4 4 3 5 -1  1
8201808515761988966
3 5 2 5 -1  1
8201873080135023628
6 1 5 1 -1  1
