8332868760266567839
7 4 1 4 -1  1
8333143471902803887
0 1 0 5 -1  1
8333272982090586564
4 5 3 6 -1  1
8333380280787679145
5 4 4 4 -1  1
8333434444183914497
4 3 2 5 -1  1
8333647324557181746
3 2 0 5 -1  1
8333838807006512837
4 5 4 6 -1  1
8334033027773906334
7 3 7 0 -1  1
8334057535266271454
7 5 3 1 -1  1
8334169932808235083
6 4 6 6 -1  1
8334291390639356344
3 3 2 4 -1  1
8334297071879056452
6 6 5 7 -1  1
8334326173242351255
2 4 1 5 -1  1
8334770325526939619
7 3 1 3 -1  1
8334856576615366888
7 2 7 4 -1  1
8335060475991042629
7 0 7 1 -1  1
8335073192853241569
7 2 7 3 -1  1
8335195781183430237
2 4 6 4 -1  1
8335246765816510399
1 5 2 5 -1  1
8335510815989295714
5 2 4 1 -1  1
8335523728198780686
5 3 4 4 -1  1
8335541396350737204
5 4 6 2 -1  1
8335668986616734439
7 5 7 4 -1  1
8335744422336382080
4 5 4 2 -1  1
8335779654907954735
7 0 7 4 -1  1
8335858495975209893
2 3 1 5 -1  1
8335985815093673413
7 5 7 4 -1  1
8336030532815573072
5 5 6 4 -1  1
8336032795142256242
5 7 4 7 -1  1
8336122650626225864
6 7 4 7 -1  1
8336235804931804329
6 3 5 3 -1  1
8336311987411421322
5 1 4 0 -1  1
8336484646004634894
5 2 6 4 -1  1
8336535945574302554
6 2 5 2 -1  1
8336544278364693355
7 2 5 4 -1  1
8336553061078829017
7 5 5 3 -1  1
8336598955070853586
6 6 7 5 -1  1
8336700929087302328
6 7 7 7 -1  2
8336811512590013258
7 4 7 6 -1  1
8336836172833840906
7 3 5 1 -1  2
8337588872669332424
7 2 5 0 -1  1
8337862342709722678
7 5 7 2 -1  1
8337941580007102354
7 1 7 0 -1  1
8338309664398273579
7 2 4 2 -1  1
8338423525002834426
4 1 2 1 -1  1
8338531175791492119
7 4 6 5 -1  1
8338627514187151542
3 6 5 7 -1  1
8338731769409526625
7 3 6 2 -1  1
8338786577071036911
7 4 7 6 -1  1
8338813977971834893
6 1 5 1 -1  1
8339150487218390596
4 2 3 3 -1  1
8339253922183344967
7 4 7 6 -1  1
8339261754128191719
6 2 7 3 -1  1
8339339666176117873
4 3 3 3 -1  1
8339558632196504527
7 1 6 3 -1  1
8339576717543386443
4 2 2 2 -1  1
8339633069537242530
6 2 5 1 -1  1
8339768510043735793
4 2 3 2 -1  1
8339827517999152543
7 5 6 6 -1  1
8340210704769737813
6 3 7 4 -1  1
8340302394363495327
5 0 3 1 -1  1
8340388146327544705
7 6 6 6 -1  1
8340518761700722394
3 3 2 5 -1  1
8340724601141117145
5 6 4 5 -1  1
8340795112339030779
3 1 4 1 -1  1
8340916558684447403
1 1 0 3 -1  1
8341116900541520642
5 5 7 6 -1  1
8341625979857129993
7 0 7 2 -1  1
8341640468813890350
5 4 4 3 -1  1
8341904975630498165
5 4 4 3 -1  1
8341948160163483363
7 3 5 3 -1  1
8342078040783283400
5 5 6 4 -1  1
8342100630384305167
6 5 5 5 -1  1
8342243130427067950
3 1 4 0 -1  1
8342280862174040426
6 2 5 2 -1  1
8342289948548536943
5 6 4 5 -1  1
8342361280709452197
3 6 4 7 -1  1
8342448911619377147
6 4 5 4 -1  1
8342763820015415471
5 0 4 0 -1  1
8342778247800458466
6 3 4 2 -1  1
8342802265267809517
4 0 3 1 -1  1
8342857750203661568
4 4 3 3 -1  1
5 2 4 0 -1  2
6 7 5 7 -1  3
8342921618608898411
4 3 4 1 -1  1
8343049555590070677
3 6 2 5 -1  1
8343174254228296341
2 3 1 3 -1  1
8343196089558575140
4 0 3 0 -1  1
8343200119601154069
6 4 3 1 -1  1
8343236212220896865
0 6 1 6 -1  1
8343436366976683253
7 2 6 1 -1  1
8343470295498756909
7 5 5 3 -1  1
8343603749985204165
6 3 4 4 -1  1
8343675902958009880
6 6 6 5 -1  1
8343871166024532027
5 6 4 5 -1  1
8343956196909721178
4 5 3 4 -1  1
8344028547733595281
7 3 4 0 -1  1
8344060850041416548
7 2 6 3 -1  1
8344311827718753219
5 3 3 5 -1  1
8344341990193705682
4 4 6 5 -1  1
8344370411009419679
7 7 6 7 -1  1
8344426708314350423
7 0 7 4 -1  1
8344473578614940751
6 4 5 3 -1  1
8344594724102440645
4 2 3 2 -1  1
8344622911877898490
7 3 4 0 -1  1
8344848510110529379
4 2 4 3 -1  1
8344878501598457184
1 1 3 3 -1  1
8345421543628883832
6 3 5 5 -1  1
8345700475125321697
7 5 6 5 -1  1
8345787938700716895
3 6 4 6 -1  1
8345911839675648721
4 2 6 3 -1  1
8346488400049661187
6 0 5 0 -1  1
8347040762610314630
7 1 7 5 -1  1
8347074607149399273
3 5 1 7 -1  1
8347256843615737556
1 3 3 2 -1  1
8347337939661274690
6 7 5 7 -1  1
8347356578805715352
6 4 5 5 -1  1
8347435950047195106
5 4 4 3 -1  1
8347970596304739727
4 2 3 3 -1  1
8348247140329603369
6 7 4 6 -1  1
8348319000619683102
6 3 5 3 -1  1
8348422699201002934
3 3 5 4 -1  1
8348514339384872074
3 3 2 2 -1  1
8348566785918508482
6 4 3 4 -1  1
8348589679480543845
5 5 7 3 -1  1
8348790189794724913
0 2 1 2 -1  1
8349274544078229626
5 5 5 6 -1  1
8349605045256064630
6 7 5 7 -1  1
8349615060034214476
2 6 2 5 -1  1
8349790535314295666
2 3 3 4 -1  1
8350120641737721549
7 3 4 0 -1  1
8350121870569760412
5 3 4 3 -1  1
8350214075577071278
4 2 6 1 -1  1
8350811961659143869
3 7 7 3 -1  1
8350830395591014457
7 3 4 6 -1  1
8350831977674905858
7 4 7 2 -1  1
8351294520008668003
4 6 4 1 -1  1
8351335910988998448
4 7 3 7 -1  1
8351702583650274284
5 3 3 2 -1  1
8351720249488204265
6 6 6 7 -1  1
8351748977664680911
3 4 2 4 -1  1
8351777474480537871
6 0 5 0 -1  1
8351844395628205588
3 4 2 4 -1  1
8352170443912950219
5 5 5 1 -1  1
8352180586791637629
7 6 6 5 -1  1
8352304919244657527
6 4 5 4 -1  1
8352443442538267926
4 6 2 6 -1  1
8352549654312441541
4 0 5 1 -1  1
8352710615015236046
6 4 7 3 -1  1
8352724805174493604
7 1 5 2 -1  1
8352747343091275898
4 2 2 0 -1  1
8352747501012247164
4 0 5 1 -1  1
8352840677622954117
4 3 6 3 -1  1
8353017227764445960
7 5 7 1 -1  1
8353238084406431374
5 5 4 6 -1  1
8353345918421746161
7 6 6 6 -1  1
8353370172693701178
1 0 1 2 -1  1
8353393686477274156
7 2 7 1 -1  1
8353499237369855179
4 0 6 2 -1  1
8353513882448149843
6 4 5 5 -1  2
8353547908010389318
3 4 3 5 -1  1
8353557282016619279
7 2 5 0 -1  1
8353685848848324776
5 0 4 1 -1  1
8353750494138221617
6 7 4 7 -1  1
8353768312383725944
7 6 6 6 -1  1
8353840874168258128
7 6 5 5 -1  1
8353851740301957178
5 2 5 1 -1  1
8353921544625965798
4 2 3 3 -1  1
8354612974398115694
3 2 2 2 -1  1
8354638738203694397
5 3 3 5 -1  1
8354824807413591578
4 1 3 1 -1  1
8354953427263082054
6 1 5 2 -1  1
8354997223599501752
6 7 5 7 -1  1
8355019483034121457
2 4 3 2 -1  1
8355082650562395564
7 6 7 7 -1  1
8355432067607682186
4 3 3 3 -1  1
8355444600220204631
3 7 2 7 -1  1
8355474435266088132
7 5 7 4 -1  1
8355658043932378313
5 5 4 3 -1  3
8355678601592983121
5 2 4 0 -1  1
8355933202766865703
5 5 6 3 -1  1
8355948406676893334
5 1 4 1 -1  1
8356196097608015173
6 2 4 2 -1  1
8356227352478012374
4 6 1 3 -1  1
8356408891956997151
6 2 5 3 -1  1
8356473354173766674
3 2 2 3 -1  1
8356546286063819203
6 3 5 4 -1  1
8356888401052019261
5 2 4 2 -1  1
8356935274208868259
6 7 5 7 -1  1
8357138583511439946
5 2 7 3 -1  1
8357160765679754898
6 3 5 2 -1  1
8357185771510026358
7 4 7 5 -1  1
8357205329914698722
5 5 4 5 -1  1
8357604255971255419
6 0 5 0 -1  1
8357796053076170244
1 0 4 3 -1  1
8357957466153606720
3 6 4 5 -1  1
8358278804454767003
3 0 4 0 -1  1
8358282260641985062
6 3 5 5 -1  1
8358389512127643958
7 0 7 2 -1  1
8358518210079167196
3 0 6 3 -1  1
8358527631256183044
3 4 0 4 -1  1
8358542900859455832
7 0 7 4 -1  1
8358725761761008931
4 2 6 0 -1  1
8358742261168025942
7 4 7 6 -1  1
8358992902045469546
4 4 6 3 -1  1
8359248603323865645
7 3 7 2 -1  1
8359295251204570522
3 7 1 5 -1  1
8359376020238908536
4 1 6 2 -1  1
8359823812649791053
7 6 6 6 -1  1
8360218042779387306
7 3 5 3 -1  1
8360226203621474813
7 5 7 3 -1  1
8360227161430675379
6 7 4 7 -1  1
8360448003235223034
1 1 0 1 -1  1
8360593143210535168
6 7 5 6 -1  1
8360902799898908748
6 3 3 0 -1  1
8361030827980166787
6 1 5 1 -1  1
8361192910789816234
5 3 4 4 -1  1
8361201684664177923
6 1 5 2 -1  1
8361397060931644022
1 2 7 2 -1  1
8361408704228483781
7 1 5 0 -1  1
8361509566051377509
7 4 6 4 -1  1
8361543861176624611
4 1 3 1 -1  1
8361620220493003434
4 3 3 4 -1  1
8361642730006659477
4 2 5 2 -1  1
8361721936744340055
5 6 6 5 -1  1
8361731383740526247
0 0 0 4 -1  1
8361810064347959669
5 4 6 3 -1  1
8362266559212303794
4 6 3 6 -1  1
8362315413405554145
6 3 5 5 -1  1
8362336427849198480
7 1 6 3 -1  1
8362408306106911472
7 2 7 0 -1  1
8362531329108857287
6 3 7 5 -1  1
8362631872537963063
6 4 3 4 -1  1
8362693858751409669
6 7 5 7 -1  1
8362966663798819259
5 4 1 0 -1  1
8362977987115668472
6 2 4 2 -1  3
8362979115989503807
3 7 1 5 -1  1
8363102625927184261
6 7 4 7 -1  1
8363484507886220659
6 3 6 6 -1  1
8363506151962303761
7 2 7 0 -1  1
8363611561818977959
5 7 4 6 -1  1
8363670613187597316
6 3 4 2 -1  1
8363796894258064010
6 2 5 1 -1  1
8363862701958855832
5 3 6 2 -1  1
8363944260660580255
2 2 3 4 -1  1
8363970354760417491
6 3 6 0 -1  1
8364079772212917447
5 5 7 5 -1  1
8364240567308330141
7 4 7 6 -1  1
8364463256748044624
7 4 6 5 -1  1
8364571458772937990
6 5 5 5 -1  1
8364729442879292678
1 1 0 1 10  1
8364921984934599124
6 1 5 2 -1  1
8365298438450137846
7 2 6 1 -1  1
8365310756427106851
0 2 2 0 -1  1
8365317939243338609
4 5 2 7 -1  1
8365318414015512650
7 0 7 1 -1  1
8365343187649360837
7 3 6 2 -1  1
8365392287522759501
5 1 4 1 -1  1
8365452847309372059
2 4 3 6 -1  1
5 4 4 4 -1  1
8365455335240869374
7 4 6 2 -1  1
8365512437209177211
7 2 4 5 -1  1
8365749086745971385
7 4 7 3 -1  1
8365818387757312790
7 0 7 1 -1  1
8365961222834205431
5 1 4 3 -1  1
8365993808316114177
4 6 3 7 -1  1
8366532959269261204
5 5 6 4 -1  1
8366558536100323630
3 3 3 6 -1  1
8366597744559635546
7 5 7 3 -1  1
8366965294131587550
5 2 5 1 -1  1
8367197480790404010
7 4 4 4 -1  1
8367538980643013513
0 3 1 5 -1  1
8367609511283527662
6 6 5 6 -1  1
8367917901247652540
6 5 5 4 -1  1
8368374788527948485
7 6 7 7 -1  1
8368708969229064781
7 5 7 2 -1  1
8368869230582263831
6 7 2 3 -1  3
8369039009887920623
4 7 3 7 -1  1
8369141576010391308
7 1 6 3 -1  1
8369183539725213640
6 4 3 7 -1  1
8369197677719343262
4 2 5 1 -1  1
8369211557778788686
4 5 3 5 -1  1
8369269168150685766
5 2 4 2 -1  1
8369823135165065542
7 3 1 3 -1  1
8369901342417388655
4 4 3 4 -1  1
8369971463737375687
5 3 4 4 -1  1
8370002970417241897
6 7 6 6 -1  1
8370086984533586512
2 1 4 2 -1  1
8370125130361823165
1 2 1 1 -1  1
8370229282331109428
7 2 6 1 -1  1
8370334328175511618
6 6 5 6 -1  1
8370391644606741118
3 3 4 4 -1  1
8370399989232280848
6 3 5 1 -1  1
8370539994876854324
4 0 2 1 -1  1
8370755771908448640
6 3 7 2 -1  1
8370805339028644042
7 1 5 1 -1  1
8371144089087141148
5 2 4 2 -1  1
8371161980582157394
5 0 0 5 -1  1
8371197414545324744
4 1 4 0 -1  1
8371378765248230902
7 0 7 2 -1  1
8371392196007140536
0 1 0 5 -1  1
8371396915510772148
7 2 6 3 -1  1
8371429564593742291
6 3 7 4 -1  1
8371452239381343598
6 6 5 6 -1  1
8371701133354512214
7 2 7 1 -1  1
8372020867144951853
3 3 2 2 -1  1
8372023205766465466
6 3 4 3 -1  1
8372122090172319830
5 1 6 2 -1  1
8372233780785057560
4 7 0 3 -1  1
6 5 4 6 -1  1
8372419506432438630
5 5 4 7 -1  1
8372430558029583754
7 0 7 1 -1  1
8372503384724835722
0 5 1 4 -1  1
8372563170492006400
7 2 5 4 -1  1
8372624816887832162
6 5 6 6 -1  1
8372630648655668590
7 4 7 6 -1  1
8372701938685899425
7 0 7 4 -1  1
8372749346418056921
1 1 1 0 -1  1
8373209354813779788
4 7 5 6 -1  1
8373441258257660978
6 6 5 6 -1  1
8373524259072841154
6 0 5 0 -1  1
8373534727623175129
7 4 6 4 -1  2
8373536443818386965
1 1 1 6 -1  1
8373666064769479049
2 5 2 2 -1  1
8373694374793968575
7 5 7 4 -1  1
8374304199215336640
7 2 7 1 -1  1
8374430380244581150
6 2 7 2 -1  1
8374757187824048459
3 5 4 6 -1  1
8374993786168500171
7 4 7 6 -1  1
8374998477015511748
6 3 5 3 -1  1
8375149975024121011
3 3 2 3 -1  1
8375169531539791253
4 6 3 6 -1  1
8375178797734053009
3 2 1 1 -1  1
8375269062787192858
4 3 5 2 -1  1
8375339083223521356
3 7 2 7 -1  1
8375365729578616755
4 1 3 1 -1  1
8375555177849275511
6 1 5 1 -1  1
8375587358715049105
4 2 3 1 -1  1
8375788155044748960
5 5 4 6 -1  1
8375889261988099295
7 5 6 5 -1  1
8375944852809225924
5 5 6 3 -1  1
8375997197983516540
1 2 0 3 -1  1
8376035834155430633
5 1 3 3 -1  1
8376341705190476019
1 3 3 3 -1  1
8376658456720796812
1 3 2 3 -1  1
8377027607092283647
4 6 3 7 -1  1
8377027989487137878
7 2 7 3 -1  1
8377174220739465404
4 3 1 6 -1  1
8377501997979217179
7 0 1 0 -1  1
8377542992463956476
6 4 5 5 -1  1
8377778071090517331
4 5 4 4 -1  1
8377805680434489612
6 3 5 5 -1  1
8377866221429667636
6 3 5 2 -1  1
8377895159802297654
6 4 7 5 -1  1
8377908818689232964
7 6 7 7 -1  1
8378234410798459532
7 3 4 0 -1  1
8378382094813673484
6 3 5 3 -1  1
8378776642534694751
6 6 5 6 -1  2
8378821532044389760
4 7 3 7 -1  1
8378886404972032485
6 3 4 4 -1  1
8378984066374459032
5 3 4 3 -1  1
8379020863780284150
4 3 5 4 -1  1
8379115383581727114
6 3 5 2 -1  1
8379184392906042550
6 6 5 6 -1  2
8379188097425786422
5 0 7 0 -1  1
8379189345913423673
7 7 6 7 -1  1
8379220373323956559
4 4 3 5 -1  1
8379268569614514504
0 5 1 4 -1  1
8379283461183442433
7 4 7 6 -1  2
8379521086467384222
7 3 6 4 -1  1
8379585507940062463
7 1 6 3 -1  1
8379800235133019642
3 7 2 7 -1  1
8379899929633512470
5 0 4 1 -1  1
8380001037446814704
5 5 4 7 -1  1
8380275774752905341
5 7 4 6 -1  1
8380471990798511589
5 1 4 2 -1  1
8380780524577902583
7 5 6 5 -1  1
8381016349957222913
3 3 2 3 -1  1
8381195067774293518
7 5 3 5 -1  1
8381419804358963027
7 3 5 1 -1  1
8381581890415792360
6 2 5 2 -1  1
8381931619598708876
7 2 5 0 -1  1
8382004798481069691
6 2 6 4 -1  1
8382233244544846773
7 5 4 2 -1  1
8382245658898910840
0 1 3 1 -1  1
8382537481108103749
5 2 7 3 -1  1
8382617268756771105
5 2 5 1 -1  1
8382698908334388166
7 3 7 4 -1  1
8382906087513203699
6 3 4 2 -1  1
8382933643027253818
6 3 5 4 -1  1
8383208209222397977
5 5 4 5 -1  1
8383367783857291508
7 4 7 6 -1  2
8383686511843126894
4 1 3 0 -1  1
8383716148409622315
1 3 1 2 -1  1
8383889739930753046
6 0 7 1 -1  1
8384040616640977857
3 4 2 4 -1  1
8384073258854650096
7 0 7 2 -1  1
8384170520168659154
6 7 5 7 -1  1
8384271442217602961
4 4 6 3 -1  1
8384316093955182866
5 7 4 7 -1  1
8384404649352544937
3 0 4 1 -1  1
8384525980017345981
7 3 5 1 -1  1
8385029492775521704
3 5 3 2 -1  1
8385035770906323845
7 0 7 2 -1  1
8385315944415686928
1 6 2 6 -1  1
8385323973822823729
6 6 5 6 -1  1
8385522739112321759
6 2 6 3 -1  1
8385572034538415497
2 4 1 5 -1  1
8385739249836066457
7 0 7 5 -1  1
8385822725605861464
6 1 7 1 -1  1
8385970767818844267
4 0 2 1 -1  1
8386042535067875804
7 4 7 3 -1  1
8386066456374109063
5 4 4 3 -1  3
8386173510711860595
6 5 5 5 -1  1
8386318596295036693
7 3 6 2 -1  1
8386998754053195399
5 3 7 5 -1  1
8387086265144220581
7 3 6 4 -1  1
8387434090439862819
7 1 6 3 -1  1
8387509225955514918
6 4 7 4 -1  1
8387594072455864957
2 5 1 4 -1  1
8387697613887239343
7 4 7 2 -1  1
8387780201998001771
4 3 5 1 -1  1
8387913770342685809
6 0 5 0 -1  2
8387978562022133486
7 6 6 6 -1  1
8388112605870400065
6 6 5 6 -1  1
8388407020078349451
5 1 3 0 -1  1
8388498673442182964
7 6 7 5 -1  1
8388779458300901857
2 3 4 4 -1  1
8388787869270404867
1 5 2 4 -1  1
8388854715433325558
7 2 6 1 -1  1
8389016566046086219
1 2 2 3 -1  1
8389217220064774447
7 1 6 1 -1  1
8389460994067543812
7 5 6 4 -1  1
8389467907594795686
3 7 2 6 -1  1
8389677959337480106
6 4 5 5 -1  1
8389693051700436177
7 3 5 1 -1  1
8389757461406086571
5 0 4 1 -1  1
8389884971229244849
5 1 4 1 -1  1
8389885154548513171
7 0 6 0 -1  1
8389956574308450305
6 4 6 2 -1  1
8389963122829891607
6 7 6 4 -1  1
8390109214931796782
5 7 3 7 -1  1
8390343130476750403
4 1 3 2 -1  1
8390415822418270092
5 2 6 4 -1  1
8390516279822394569
6 4 4 2 -1  1
8390516953011069044
4 2 6 1 -1  1
8390723596553834553
4 2 3 4 -1  1
8390751669963198283
5 5 4 5 -1  1
8390808927171419882
6 5 6 2 -1  1
8391063558054257172
7 4 7 6 -1  1
8391088524309059803
2 7 2 6 -1  1
8391293478130776496
4 5 4 4 -1  1
8391317824948771836
6 5 7 5 -1  1
8391358096564623792
7 0 7 5 -1  1
8391469660593278825
5 0 4 0 -1  1
8391470209522582636
6 7 5 7 -1  1
8391676608023456726
3 6 6 3 -1  1
8391726080865486373
5 0 5 2 -1  1
8391728153362961479
4 7 5 5 -1  1
8392012526890071177
5 5 5 3 -1  1
8392041543540062440
5 5 6 6 -1  1
8392108298658028733
7 6 6 6 -1  1
8392232406358179011
4 5 3 6 -1  1
8392534992196575372
7 2 5 0 -1  1
8392700369195091384
5 3 4 4 -1  1
8393197285891960461
5 7 4 7 -1  1
8393199659632135878
4 4 3 4 -1  1
8393229206453755514
7 5 5 6 -1  1
8393388975728755755
6 5 5 5 -1  1
8393406161864402552
6 2 6 7 -1  1
8393430723725378773
7 5 6 6 -1  1
8393432921451106442
7 4 6 3 -1  1
8393566889059562587
4 3 3 1 -1  1
8393786822016636178
6 4 7 5 -1  1
8393853067380876499
4 4 3 2 -1  1
8393981313750484455
4 2 3 2 -1  1
8394036967501661008
6 2 5 2 -1  1
8394163111187481851
7 3 6 3 -1  1
8394318748627837116
5 4 4 2 -1  1
8394393058864749078
3 7 3 4 -1  1
8394715033068344774
5 6 4 7 -1  1
8394848649948425200
6 0 4 0 -1  1
8394876227143645006
4 1 2 0 -1  1
8395004495005451409
5 6 5 7 -1  1
8395032119428911360
3 3 2 3 -1  1
8395064608627647462
7 3 6 4 -1  1
8395177554757968371
6 4 5 6 -1  1
8395209154574919029
7 4 7 6 -1  1
8395678046601275920
4 2 7 2 -1  1
8395966186999005834
2 6 2 4 -1  1
8395995965600010211
6 3 5 1 -1  1
8396070672623534767
6 3 4 4 -1  1
8396178692143812929
5 5 4 6 -1  1
8396348993061055836
7 4 6 3 -1  1
8396417821408264720
4 7 5 6 -1  1
8396526081248822030
5 2 3 1 -1  1
8396641084767243495
4 0 6 2 -1  1
8397024353380752510
6 2 6 4 -1  1
8397140538739627489
4 7 3 7 -1  1
8397227617140248234
4 2 5 4 -1  1
8397321766010069870
3 2 6 2 -1  1
8397683063404529437
7 4 7 6 -1  1
8397754879139546110
5 5 4 3 -1  1
8397846016815541390
5 5 3 3 -1  1
8397986799440534423
3 0 2 1 -1  1
8398219657094753951
6 3 5 5 -1  1
8398225715627095983
5 5 7 3 -1  1
8398409936142474073
5 4 6 4 -1  1
8398411334174170828
7 2 7 7 -1  1
8398587059069857589
4 2 5 1 -1  1
8398723211101834780
7 0 7 3 -1  1
8398759189392239434
2 4 1 5 -1  1
8399004267031353504
7 1 5 2 -1  1
8399171183174912012
7 4 4 4 -1  1
8399190651414224888
4 2 3 2 -1  1
8399393890973282948
3 2 5 0 -1  1
8399436855862177949
6 1 5 1 -1  1
8399602784965893490
3 5 4 5 -1  1
8399883466888053547
5 5 4 3 -1  1
8399884555302207156
4 7 3 6 -1  1
8399904116786001983
7 1 5 2 -1  1
8399975133398890999
4 7 3 6 -1  1
8400054099923542261
6 5 5 4 -1  1
8400262939021815820
6 1 5 1 -1  1
8400494172518561639
3 6 2 6 -1  1
8400595472018911514
7 5 6 6 -1  1
8400686861608575574
6 2 4 4 -1  1
8400917150963326763
7 4 7 6 -1  1
8401079683630255208
7 3 6 4 -1  1
8401500046753709112
5 3 4 4 -1  1
8401500810723668973
5 7 4 7 -1  1
8401522390132973665
6 5 5 5 -1  1
8401837253719996907
4 5 3 4 -1  1
8402220791365595786
6 4 5 6 -1  1
8402536268751154826
6 3 5 3 -1  1
8402605139801197155
6 4 5 3 -1  1
8402794598355465376
5 6 4 6 -1  1
8402836861117053957
5 0 6 1 -1  1
8402950932050326263
5 4 4 2 -1  1
8402958545270785271
4 0 4 4 -1  1
8402978682705279091
5 4 4 3 -1  1
8403067311101034318
6 0 0 0 -1  1
8403400025564002806
5 7 4 6 -1  1
8403466503200872499
2 6 1 6 -1  1
8403701009963677982
3 4 6 1 -1  1
8403702957383305488
5 5 2 5 -1  1
8403826593280606016
6 7 1 2 -1  1
8404164026672747527
6 3 5 1 -1  1
8404193069536096775
6 5 5 5 -1  1
8404226029331854120
5 2 4 2 -1  1
8405279961210329288
7 4 7 6 -1  1
8405736765221567194
5 4 4 4 -1  1
8405843361057201528
1 0 1 3 -1  1
8405942373395388343
3 4 4 5 -1  1
8406001603051466049
7 0 7 3 -1  1
8406020241781167819
7 3 7 1 -1  1
8406153357958888722
1 0 3 0 -1  1
8406229119329844977
6 4 7 2 -1  1
8406433037872993980
0 5 2 6 -1  1
8406543183936285765
5 3 4 3 -1  1
8406868386279494768
7 0 7 1 -1  1
8406984285524025747
4 5 3 4 -1  1
8407035747144632115
6 6 5 6 -1  1
8407211109506501885
4 5 3 4 -1  1
8407462551078208440
7 6 6 6 -1  1
8407658477543609286
6 4 4 2 -1  1
8407834913031953701
6 7 5 7 -1  1
8407865522457084470
3 0 0 0 -1  1
8408082829880453652
5 6 4 6 -1  1
8408108538995967299
5 2 4 3 -1  1
8408229746353259333
7 1 5 0 -1  1
8408369184571130986
7 5 6 5 -1  1
8408409946969297144
5 5 7 5 -1  1
8408509114300129994
5 5 7 4 -1  1
8408523094155466077
3 6 5 4 -1  1
8408823609564446225
7 2 7 3 -1  1
8408885421385182928
7 5 6 4 -1  1
8408998531500808413
6 7 5 6 -1  1
8409149682051770223
6 6 5 6 -1  2
8409171343727986272
3 6 2 5 -1  1
8409259115400927072
7 6 7 7 -1  1
8409602658506815327
6 1 1 6 -1  1
8409686650851244001
6 7 5 7 -1  1
8409830361996560884
6 6 7 5 -1  1
8410024159058567073
7 1 7 3 -1  1
8410128909102155581
2 0 4 0 -1  1
8410351387843384870
5 6 7 5 -1  1
8410644399628686891
0 1 0 2 -1  1
8410794463394942287
7 3 4 3 -1  1
8410798760867817447
7 3 7 4 -1  1
8411158313463518450
7 4 7 6 -1  1
8411251112962284968
4 3 3 5 -1  1
8411392224586020754
3 4 2 2 -1  1
8411581736956825529
7 1 7 3 -1  1
8411584515330336603
7 4 7 6 -1  1
8411618114214111274
5 1 4 0 -1  1
8411734409978184106
6 4 5 4 -1  1
8412370249821764853
1 3 7 3 -1  1
8412444776661292508
5 4 4 3 -1  1
8412488648838857287
6 3 7 3 -1  1
8412548498524378634
6 3 7 3 -1  1
8412634383083893698
7 3 6 3 -1  1
8413056441102307216
4 4 4 3 -1  1
8413230038404728069
7 2 7 1 -1  1
8413390179466407749
6 5 5 5 -1  1
8413501710319969709
2 2 1 2 -1  1
8413531270060737037
4 4 3 5 -1  1
8413592315850252054
5 6 4 6 -1  1
8413715156766189033
6 4 3 7 -1  1
8413792848960866194
7 3 7 5 -1  1
8413914788632082358
5 1 2 4 -1  1
8414016640776095073
5 5 4 5 -1  1
8414047948370878911
3 1 1 1 -1  1
8414217016759805721
4 0 3 0 -1  1
8414369186632895043
5 4 6 5 -1  1
8414410840549525608
5 6 5 5 -1  1
8414559668498294231
5 1 3 2 -1  1
8414581194942233408
7 6 7 5 -1  1
8415064472836210164
0 3 4 3 -1  1
8415328859638305168
6 7 4 7 -1  1
8415560674552749349
7 4 5 2 -1  1
8415703809176656921
7 7 5 7 -1  1
8415761773233412011
5 1 4 1 -1  1
8415785030637348728
5 4 6 5 -1  1
8415862139876211685
4 4 2 3 -1  1
8416228319391651364
6 0 7 0 -1  1
8416292797002717861
4 7 5 6 -1  1
8416329425551135462
5 2 7 4 -1  1
8416392917632377750
6 0 4 0 -1  1
8416652698153748028
5 4 3 4 -1  1
8417432076989788658
7 2 0 2 -1  1
8417726612312319575
3 1 3 5 -1  1
8417784901937377957
7 1 7 0 -1  1
8417898534730898851
4 4 5 2 -1  1
8418154312538861037
4 7 3 6 -1  1
8418198453636319681
6 3 4 1 -1  1
8418303210117215327
7 1 6 1 -1  1
8418437677827145112
7 3 4 3 -1  1
8418468457635753134
6 2 4 2 -1  2
8418509873012245470
4 5 3 4 -1  1
8418680915317640733
3 0 2 1 -1  2
8418688358218994441
7 0 7 1 -1  1
8418764718492958735
5 1 2 1 -1  1
8418790031769385042
4 4 3 6 -1  1
8418899690170235554
4 3 3 1 -1  1
8418946788103401545
6 2 6 0 -1  1
8419036099456802152
5 5 4 6 -1  1
8419099402498677529
2 1 4 1 -1  1
8419300704719166435
7 1 4 1 -1  1
8419615645011298586
5 1 4 1 -1  1
8419763710996792647
6 2 5 3 -1  1
8419888460288384506
7 6 7 7 -1  1
8419915426394426048
6 2 5 3 -1  1
8420004554006112966
4 3 3 2 -1  1
8420568844064431771
4 5 3 3 -1  1
8420885385014257622
5 1 5 2 -1  1
8421145624941423837
0 0 0 4 -1  1
8421307114990701256
7 4 6 3 -1  1
8421366226409556383
5 3 4 1 -1  1
8421446035053339212
4 6 3 4 -1  1
8421512116179071900
0 2 0 5 -1  1
8421697489318323603
7 3 5 3 -1  1
8421743247732375888
7 2 7 0 -1  1
8421770176200658955
4 3 6 2 -1  1
8421908207836411983
5 4 4 3 -1  1
8422018576156133379
6 7 5 7 -1  1
8422024786035245619
3 0 1 1 -1  1
8422092803859596976
5 2 4 2 -1  1
8422098415701896642
5 1 4 2 -1  1
8422171498108082350
5 2 4 3 -1  1
8422426994051406644
5 2 6 2 -1  1
8423253402224398330
7 3 7 2 -1  1
8423476603524468283
5 3 6 2 -1  1
8423529467435226331
6 2 4 2 -1  1
8423638951329670060
7 2 6 3 -1  1
8423741983848500407
7 5 5 7 -1  1
8423773921668627050
7 2 5 4 -1  1
8423983307159354572
7 4 7 6 -1  1
8424065402989140622
4 6 3 5 -1  1
8424114183001126887
4 6 3 6 -1  1
8424122778233848054
6 4 5 5 -1  1
8424212798325614653
4 1 3 1 -1  1
8424414598201571990
5 7 5 5 -1  1
8424699213045679445
4 5 3 5 -1  1
8424749492162958058
4 2 3 1 -1  1
8424994213961487423
6 3 5 5 -1  1
8425018505232916228
2 4 2 3 -1  1
8425097216007376781
2 0 7 5 -1  1
8425278428909043228
7 5 5 4 -1  1
8425398812689451097
4 2 5 4 -1  1
8425541701253147335
6 4 4 4 -1  1
8425986723154346562
7 4 5 6 -1  1
8426536360960205984
6 4 4 4 -1  1
8426600347775427452
4 0 5 1 -1  1
8426674905326433476
7 4 6 5 -1  1
8426786522852158371
3 1 2 0 -1  1
8427203580512617424
5 1 4 3 -1  1
8427299351711970827
4 3 3 4 -1  1
8427964940606399758
1 1 5 5 -1  1
8428004605144195150
0 3 2 3 -1  1
8428078290670276621
6 0 5 0 -1  1
7 2 6 3 -1  1
8428110357238316043
2 6 4 5 -1  1
8428153844172716148
3 2 2 2 -1  1
8428160790811212162
0 7 0 1 -1  1
8428346579128833933
6 5 4 5 -1  1
8428614717951906533
7 3 7 5 -1  1
8428681837392370126
7 2 0 2 -1  1
8428822532399909338
7 5 7 2 -1  1
8428958178657766509
2 2 5 5 -1  1
8429134965651561864
5 5 6 4 -1  1
8429200292596786600
7 2 6 3 -1  1
8429296800768335887
4 2 3 2 -1  1
8429385514385884341
7 6 7 7 -1  6
8429446884578269882
7 5 7 4 -1  1
8429528011340842946
6 5 5 3 -1  1
8429761679092024525
0 3 1 3 -1  1
8429837000662960960
4 7 6 5 -1  1
8429851400996787072
7 5 7 6 -1  1
8430002518856557431
6 7 5 7 -1  1
8430063061982389230
5 5 4 5 -1  1
8430102790434169986
2 5 1 6 -1  1
8430150575869694166
3 6 2 6 -1  1
8430357911370971234
4 3 3 2 -1  1
8430363224698176469
5 5 6 3 -1  1
8430380246365719087
6 0 5 2 -1  1
8430583144797442621
6 3 4 1 -1  1
8430634376427987718
6 4 5 5 -1  1
8430688380111154623
7 6 6 7 -1  1
8430743861450152237
5 5 3 6 -1  1
8430763903568222615
6 5 3 5 -1  1
8430834598010675939
7 2 6 2 -1  1
8430869445588785986
7 3 6 2 -1  1
8430981639897898512
7 0 7 2 -1  1
8431096375431778897
7 2 0 2 -1  1
8431307817523982765
5 5 6 3 -1  1
8431340261722798575
7 1 7 5 -1  1
8431485232617142657
3 3 3 2 -1  1
8431502239956079370
6 4 4 4 -1  1
8431597882599540042
6 5 7 5 -1  1
8431612071922610289
7 0 5 0 -1  1
8431753214252998533
7 5 5 6 -1  1
8431881326460783699
3 0 2 2 -1  1
8431886421666853053
5 4 4 4 -1  1
8432027157055823051
5 6 4 7 -1  1
8432063229495581591
4 3 6 4 -1  1
8432194829090957949
5 1 4 0 -1  1
8432254123803553879
6 4 3 1 -1  1
8432259848184512922
6 6 5 5 -1  1
8432365837784573798
7 6 7 7 -1  1
8432791911722502833
3 0 6 0 -1  1
8432905335535081870
7 3 6 3 -1  1
8432936779201430377
7 6 6 6 -1  1
8432995279778809447
6 6 7 7 -1  1
8433005864953419285
6 1 5 2 -1  1
8433343424894454622
7 4 5 5 -1  1
8433414603066894619
7 1 5 2 -1  1
8433565954447653225
7 3 6 2 -1  1
8433593298802417938
6 4 5 3 -1  1
8433682012357544654
7 1 5 2 -1  1
8433846110548439220
7 5 4 2 -1  1
8434111862469657919
6 1 5 2 -1  1
8434320513692107842
4 1 1 1 -1  1
8434544031050867168
7 2 5 4 -1  1
7 6 7 7 -1  1
8434556746753513864
6 0 5 0 -1  1
8434565835593495646
4 2 3 2 -1  1
8434760743196095369
4 5 4 4 -1  1
8434965596914184023
3 0 3 1 -1  1
8435042861193392482
3 0 2 0 -1  1
8435117059822669142
3 0 2 0 -1  1
8435516858971059457
6 5 5 4 -1  1
8435685695614259899
4 1 3 1 -1  1
8435751548622703734
5 3 4 4 -1  1
8435808712166450317
7 6 6 7 -1  1
8435967681152135756
6 1 5 2 -1  1
8435985118801017248
7 2 7 1 -1  1
8436315765427842926
7 4 6 4 -1  1
8436446127852821257
6 3 4 2 -1  1
8436568293396190253
4 0 3 0 -1  1
8436679230526945502
6 5 4 5 -1  1
8436709567310148224
6 1 1 6 -1  1
8436779520215223828
6 4 7 3 -1  1
8436990405198035292
6 0 5 0 -1  1
8437010324093210416
4 4 5 6 -1  1
8437027551558281807
6 1 6 0 -1  1
8437030770785745073
5 2 5 3 -1  1
8437063967531844756
7 5 6 4 -1  1
8437065907482070634
7 6 7 7 -1  1
8437383828496870811
3 0 2 0 -1  1
8437400382729203139
6 6 5 5 -1  1
8437430609823674938
5 5 4 5 -1  1
8437438843570732736
6 1 5 1 -1  1
8437635204324354218
3 5 3 3 -1  1
8437676931680042576
6 1 5 1 -1  1
8437783167685330651
7 2 5 4 -1  1
8437814641988339243
7 2 7 3 -1  1
8438027629483983555
4 7 3 7 -1  1
8438129779513422838
6 7 5 6 -1  1
8438217017400221673
4 7 4 4 -1  1
8438287888321261549
5 7 4 7 -1  1
8438471645855674829
5 1 7 1 -1  1
8438524064343835545
5 5 7 4 -1  1
8439239224570053931
4 1 5 2 -1  1
8439250440545630678
6 0 5 0 -1  1
8439273243092838889
5 2 3 1 -1  1
8439296287854596387
5 7 1 3 -1  1
8439317448366439680
4 1 5 3 -1  1
8439345392479861317
7 0 7 2 -1  1
8439530096083282081
6 0 4 0 -1  1
8439563479068401765
5 2 3 1 -1  1
8439629655061973611
7 1 5 2 -1  1
8439659542547213307
7 7 7 6 -1  1
8439667314541198125
0 3 0 5 -1  1
8439676587010948175
4 4 2 6 -1  1
8439748436996093684
0 5 1 5 -1  1
8440421641916262226
7 3 6 3 -1  1
8440510633896962516
7 6 7 5 -1  1
8440550010258527220
6 5 6 4 -1  1
8440573089673004476
6 1 4 1 -1  1
8440641190274711917
3 6 2 5 -1  1
8440644504438512533
3 4 2 4 -1  1
8440656437095325231
7 4 7 6 -1  3
8440932585565488291
6 5 6 4 -1  1
8441038357178909103
7 4 7 6 -1  1
8441251262376950075
5 0 4 0 -1  1
8441307754584896880
7 1 5 2 -1  1
8441345242429517560
7 2 3 6 -1  1
8441483878110453636
5 4 1 0 -1  1
8441536688187528000
7 6 7 5 -1  1
8441681237842188665
4 1 1 1 -1  1
8441721238612257005
4 6 2 5 -1  1
8441772958727863807
6 4 6 3 -1  1
8441922735996303067
6 2 4 2 -1  3
6 2 5 2 -1  1
7 2 3 6 -1  2
7 2 4 5 -1  2
7 6 5 5 -1  1
8441945671532352386
7 4 6 4 -1  1
8442002865416993659
7 2 6 3 -1  1
8442175493280360846
4 1 3 0 -1  1
8442313930257490333
4 3 3 3 -1  1
8442537511487165263
6 3 5 3 -1  1
8442568157921632874
7 0 7 7 -1  1
8442635906625767595
7 5 4 2 -1  1
8442701276012176190
6 5 5 5 -1  1
8442705882049105450
4 2 5 3 -1  1
8442912826922427055
7 1 6 3 -1  1
8443066450422281263
3 2 3 0 -1  1
8443129789474580797
7 3 7 4 -1  1
8443233529040059051
7 4 6 4 -1  1
8443307612847719736
7 5 7 4 -1  1
8443515128265099464
3 4 4 5 -1  1
8443532847723691646
1 6 4 6 -1  1
8443619304909116821
7 2 5 2 -1  1
8443884236995568541
5 5 3 6 -1  1
8444161441729974486
6 1 5 1 -1  4
8444221690378747318
6 2 7 1 -1  1
8444246149056066408
6 7 4 7 -1  1
8444550744486952325
6 7 4 7 -1  1
8444594757698350788
5 1 6 2 -1  1
8444713749621116874
6 4 5 6 -1  1
8444798325643837267
0 2 1 1 -1  1
8445046726709995212
6 7 7 6 -1  1
8445136230957129769
4 3 2 5 -1  1
8445722051996566382
6 2 5 1 -1  1
8446057365301099005
7 3 6 3 -1  1
8446141920065044036
3 5 1 6 -1  1
8446356641549474882
6 6 5 6 -1  1
8446489077819517237
7 2 6 2 -1  1
8446594348309899209
5 6 4 6 -1  1
8446637484658294899
5 0 4 1 -1  1
8446659220782741845
2 6 3 5 -1  1
8447183176900015586
6 7 5 7 -1  1
8447244806818248568
7 5 6 6 -1  1
8447271973682699599
7 6 6 6 -1  1
8447412011097972194
5 3 4 2 -1  1
8447465618596053479
5 3 6 3 -1  1
8447641556701423590
6 1 6 2 -1  1
8447773602536553187
7 0 6 0 -1  1
8447797501009705109
6 4 4 6 -1  1
8447861468575160803
3 7 1 5 -1  1
8447863743371741331
5 4 5 3 -1  1
8447864942578136539
4 3 4 6 -1  1
8447983950257969267
6 6 6 7 -1  1
8448420936857960501
5 5 7 4 -1  1
8448490462144188032
4 4 3 4 -1  1
8448949615838085067
5 2 6 3 -1  1
8449077020970550138
5 7 3 7 -1  1
8449607582864794184
5 3 4 3 -1  1
8449626485958356295
6 3 4 1 -1  1
8449775303692666135
7 6 7 2 -1  1
8449783743321269248
2 0 1 0 -1  1
8449837537403725675
6 3 5 2 -1  1
8449883638281094738
3 1 0 1 -1  1
8450001218404055532
7 5 7 6 -1  1
8450217984601799693
2 0 1 0 -1  1
8450330045600278961
3 1 4 0 -1  1
8450335468913862009
7 5 7 0 -1  1
8450368231762922553
3 6 5 6 -1  1
8450447435197952508
6 4 5 4 -1  1
8450847851612814936
5 2 4 0 -1  1
7 0 7 1 -1  1
8451149950533639111
4 2 3 3 -1  1
8451160841412157290
6 3 5 5 -1  1
8451180383004873402
3 4 4 2 -1  1
8451208581649784297
3 4 2 5 -1  1
8451438498148190935
4 4 5 4 -1  1
8451515285136699981
3 6 3 2 -1  1
8451704191763288915
5 3 4 3 -1  1
8451759593452537946
7 2 6 1 -1  1
8451903079413059385
2 3 3 1 -1  1
8452298245691970302
7 4 7 2 -1  1
8452498409882188936
3 1 2 2 -1  1
8452582563305347193
5 1 6 1 -1  1
8452785457613306381
7 6 6 7 -1  1
8453024369495411947
6 6 5 5 -1  1
8453419008607749598
5 1 2 1 -1  1
8453427977321678209
5 4 6 5 -1  1
8453452422712190674
4 0 3 1 -1  1
8453558946928642725
5 3 6 2 -1  1
8453896626734472027
5 5 6 3 -1  1
8454182556290228889
4 2 5 3 -1  1
8454189224253759913
6 1 5 2 -1  1
8454236567881981718
6 1 4 1 -1  1
8454294001622489344
5 2 4 4 -1  1
8454610951943397004
5 4 4 5 -1  1
8454615535295343168
7 5 7 3 -1  3
8455008146789478092
3 5 5 3 -1  1
8455119178568928909
6 2 4 2 -1  1
8455234032747201857
5 4 4 4 -1  1
8455310720851182902
7 3 4 0 -1  1
8455465646281069192
7 0 7 4 -1  1
8455537631974293223
5 4 4 4 -1  1
8455571283128067888
4 4 3 6 -1  1
8455712407952888043
5 2 4 3 -1  1
8455713027243348148
4 5 6 4 -1  1
8455766243053459738
7 1 5 2 -1  1
8456260322597201060
5 1 4 0 -1  1
8456295241285964647
6 6 5 7 -1  1
8456496717689966526
5 2 6 2 -1  1
8456586453268219520
4 2 3 4 -1  1
8456594186682000791
4 6 4 5 -1  1
8456688980853453834
3 6 1 4 -1  1
8456809256618069424
7 0 7 3 -1  1
8456818558852961651
3 2 1 2 -1  1
8456843820626925541
4 0 3 0 -1  1
8456883446432397569
5 4 5 2 -1  1
8456984748244186695
3 0 2 0 -1  1
8457031557407302123
4 0 2 2 -1  1
8457142996722456921
4 4 3 2 -1  1
8457261046307170656
2 7 0 7 -1  1
8457261596236566782
5 0 4 1 -1  1
8457379108458412508
6 3 5 5 -1  1
8457477414643922390
5 2 6 4 -1  1
8457590807005033062
4 3 4 4 -1  1
8457693182191444656
7 3 7 2 -1  1
8457972785092506190
6 2 5 2 -1  1
8458242867591260639
4 2 6 3 -1  1
8458263595740447796
5 1 1 1 -1  1
8458442494560987606
6 1 4 3 -1  1
8458504460778095137
4 6 3 4 -1  1
8458741129087888143
6 7 5 7 -1  1
8458777138857611084
6 0 4 0 -1  1
6 0 5 0 -1  1
8458909612701991459
0 5 2 3 -1  1
8459073345335167273
5 2 4 4 -1  1
8459320845007583369
7 4 5 3 -1  1
8459419648929037534
5 5 6 6 -1  1
8459582939707196666
7 5 7 4 -1  1
8459751972718272554
6 3 0 3 -1  1
8459952070137055256
6 4 5 5 -1  1
8460105624808832188
6 2 5 3 -1  1
8460140773220622147
7 5 7 6 -1  1
8460163021753748005
4 4 3 3 -1  1
8460167801029116547
7 6 5 6 -1  1
8460445338383297344
6 1 5 1 -1  1
8460507109671203596
4 6 0 6 -1  1
8460825602726135489
6 6 5 5 -1  1
8460827130376036224
5 5 6 3 -1  1
8461207539224214263
6 2 4 2 -1  1
8461353521150870505
6 3 5 5 -1  1
8461401433801939498
6 4 7 5 -1  1
8461646716676908422
7 5 7 2 -1  1
8461675186707708973
5 2 6 1 -1  1
8461700757975684155
5 5 5 4 -1  1
8461808754527908656
3 5 5 6 -1  1
8462132661927226463
7 2 6 3 -1  1
8462341599351370978
6 3 5 3 -1  1
8462423269929241309
7 2 6 1 -1  1
8462727521981640597
5 4 4 2 -1  1
8462867597731026689
7 3 5 3 -1  1
8462923010332341602
5 1 4 3 -1  1
8463015820864920387
1 5 3 5 -1  1
8463198370060064790
7 5 6 5 -1  1
8463248075506671360
3 3 4 5 -1  1
8463325539782438967
7 6 6 6 -1  1
8463569886003458611
3 0 4 1 -1  1
8463811140600244019
7 3 6 3 -1  1
8463842196333232460
5 4 6 5 -1  1
8464430997470767188
6 3 4 4 -1  1
8464476922319506695
7 2 6 3 -1  1
8464483206815702236
6 5 6 3 -1  1
8464624581995332954
7 0 7 6 -1  1
8464824978742095823
3 1 5 1 -1  1
8464844108539816799
3 4 4 6 -1  1
8464960230752070310
4 2 5 1 -1  1
