8592906640160946034
7 3 7 2 -1  1
8592925501061208332
7 4 7 2 -1  1
8593126804544510894
7 1 7 0 -1  1
8593328619419801103
7 2 7 4 -1  1
8593575739224710159
5 5 4 3 -1  1
8593587072515689273
4 6 4 2 -1  1
8593659765603287288
7 3 5 1 -1  1
8593802373584568373
4 5 3 5 -1  1
8594112959797426918
4 2 3 2 -1  1
8594279629178754431
0 4 0 5 -1  1
8594380210307447366
7 0 5 0 -1  1
8594566407227101469
6 2 4 2 -1  1
8594687751098233434
5 2 3 3 -1  1
8594730089241326331
5 5 2 2 -1  1
8594902144938763985
6 7 7 6 -1  1
8595388443794968057
6 2 5 2 -1  1
8595426944213310597
5 1 4 3 -1  1
8595437966206751975
7 4 6 5 -1  1
8595455152884593744
4 3 1 6 -1  1
8595620728660694830
7 2 2 7 -1  1
8595783267561611070
2 0 1 0 -1  1
8595889663768094000
5 5 4 6 -1  1
8595992514391158718
7 4 6 4 -1  1
8596020501611054248
7 4 7 2 -1  1
8596052880898280246
7 1 6 3 -1  1
8596056127196658875
6 2 3 5 -1  1
8596130718215065913
7 4 5 3 -1  1
8596347837527721868
6 3 4 4 -1  1
8596380493430975916
3 1 4 3 -1  1
8596401550735696150
4 1 3 2 -1  1
8596468473781855161
0 1 2 1 -1  1
8596558563331894393
5 2 3 1 -1  1
8596734365938128943
7 0 7 3 -1  1
8596773996846863196
6 3 4 4 -1  1
8596875697036764330
6 4 5 5 -1  1
8596956277356228720
5 5 4 4 -1  1
8597125928102102513
6 5 4 5 -1  1
8597149688644615661
6 6 5 7 -1  1
8597304687780962865
5 2 7 4 -1  1
8597362063849522589
7 5 6 6 -1  1
8597368431058947239
6 3 5 3 -1  1
6 6 5 6 -1  1
8597402452619521615
6 0 7 1 -1  1
8597936805627379475
7 1 5 2 -1  1
8598322357021120551
5 0 3 2 -1  1
8598415979986582637
7 2 5 2 -1  1
8598417547542834471
4 5 3 6 -1  1
8598652037579389339
2 4 1 6 -1  1
8598930457010702311
5 5 5 6 -1  1
8598950069240332281
6 3 7 5 -1  1
8599299270044402522
5 1 4 1 -1  1
8599472945469414313
7 1 5 2 -1  1
8599524529925221048
5 0 4 0 -1  1
8599561313736961914
6 2 5 3 -1  1
8599626676188710479
7 2 6 2 -1  1
8599968841860880110
4 2 3 3 -1  1
8600094523454433785
7 2 6 3 -1  1
8600187054420014089
7 3 5 5 -1  1
8600688969258897036
5 3 2 6 -1  1
8601131609211445652
5 0 5 7 -1  1
8601153397559000673
4 3 3 2 -1  1
8601225504992871500
5 2 3 3 -1  1
8601404592157324605
6 3 5 5 -1  1
8601445789552834142
4 1 3 2 -1  1
8601473012779891178
6 1 4 1 -1  1
8601482419283098674
5 6 4 7 -1  1
8601635851361331283
4 1 3 1 -1  1
8601810106630927302
6 3 6 4 -1  1
8601912594841311470
3 4 1 4 -1  1
8601989841205084930
5 6 4 6 -1  1
8602161686610624124
3 4 2 3 -1  1
8602175372196254631
7 5 6 5 -1  1
8602299005116108121
6 2 5 3 -1  1
8602317697807541044
7 5 7 2 -1  1
8602383307163085008
6 2 5 2 -1  1
8602547817182443460
1 4 3 4 -1  1
8602611444990922524
0 2 1 2 -1  1
8602863515609532042
2 7 1 7 -1  1
8603008272166127544
5 7 4 6 -1  1
8603034574109692215
6 0 7 0 -1  1
8603256760622779552
6 7 5 7 -1  1
8603411829557967868
3 6 3 5 -1  1
8603505221573620885
6 0 4 2 -1  1
8603606507540432727
5 6 6 6 -1  1
8603676327428820561
7 6 7 1 -1  1
8603705414845549998
6 3 3 6 -1  1
8603769364294412527
6 6 5 5 -1  1
8603850383800244996
3 7 4 6 -1  1
8603950138651770664
7 7 7 6 -1  1
8604080583342511211
5 2 4 2 -1  1
8604082951050203501
5 7 1 7 -1  1
8604455660553863188
6 5 7 3 -1  1
8604574210008798655
7 1 0 1 -1  1
8604627386731569305
0 1 0 4 -1  1
8604633403752619843
5 6 4 5 -1  1
8604983161605368765
2 0 7 5 -1  1
8605714322863029612
4 1 3 2 -1  1
8605918586797763356
6 4 5 3 -1  1
8605938663766649503
6 2 4 2 -1  1
8606009737266631625
0 2 3 2 -1  1
8606098947304464686
6 6 5 6 -1  1
8606621560356153762
5 7 4 7 -1  1
8606755183036219704
7 4 7 6 -1  1
8606881382440968947
6 0 6 3 -1  1
8607198550366615818
6 7 5 7 -1  1
8607324245515838111
5 5 4 6 -1  1
8607425592129465279
6 5 5 5 -1  1
8607498916685532604
7 4 5 4 -1  1
8607687297646504992
1 1 3 0 -1  1
8607699909670692192
3 6 2 5 -1  1
8607702049577983339
4 4 3 5 -1  1
8608228811420140513
6 7 4 7 -1  1
8608231900642357047
4 4 2 5 -1  1
8608459712438416416
6 6 3 3 -1  1
8608820734567253168
6 2 6 4 -1  1
8609048505716578604
6 2 6 1 -1  1
8609301912595232919
7 2 5 0 -1  1
8609311830422911598
6 4 4 4 -1  1
8609398566025440846
3 0 3 4 -1  1
8609485540347019612
5 4 4 4 -1  1
8609661325534581637
7 7 4 7 -1  1
8609711763304022366
6 6 6 5 -1  1
8609767791294937267
7 2 7 0 -1  1
8609811846247182432
6 6 5 7 -1  1
8609816254378151188
3 0 2 0 -1  1
8609962279335995488
7 3 7 4 -1  1
8610089596374194617
5 4 5 3 -1  1
8610153980226896511
4 5 6 4 -1  1
6 7 4 7 -1  7
7 5 6 4 -1  2
8610161262239955535
4 4 3 3 -1  1
8610337261162036968
7 0 4 0 -1  1
8610378053055605738
2 5 1 4 -1  1
8610519787797360222
3 2 2 1 -1  1
8610571079802788991
5 0 4 1 -1  1
8610656763510933867
4 5 5 4 -1  1
8611363104148109995
5 5 6 4 -1  1
8611424917236038059
6 3 4 3 -1  1
7 5 6 6 -1  1
8611526276262044827
4 7 3 7 -1  1
8611548650181776643
5 2 4 2 -1  1
8611694545888525746
6 3 7 3 -1  1
8611837701579406590
0 7 0 4 -1  1
8611884647761182075
5 4 4 3 -1  1
8612062946978246475
5 7 5 5 -1  1
8612126597871672703
6 5 5 3 -1  1
8612174852299734570
4 4 3 3 -1  1
8612192464548051853
7 3 5 3 -1  1
8612488854110793009
5 5 4 6 -1  1
8612995967520905769
4 6 2 4 -1  1
8613036454642388163
3 3 2 3 -1  1
8613050788445967541
3 5 2 7 -1  1
8613131547308933079
4 0 3 0 -1  1
8613151046612446707
3 6 0 6 -1  1
8613154452262088682
2 7 4 7 -1  1
8613547022103208029
6 1 4 1 -1  1
8613622526810605777
4 3 2 4 -1  1
8613650950162637091
2 1 1 1 -1  1
8613766996530940584
6 1 5 1 -1  1
8613815716632555229
7 4 7 6 -1  1
8613947546795356892
3 2 2 4 -1  1
8614095573804409560
6 3 7 2 -1  1
8614338019181529721
4 3 5 3 -1  1
8614380686308388324
5 5 4 5 -1  1
8614404649802230616
7 5 6 4 -1  1
8614410158963829046
4 2 3 2 -1  1
8614413727925476237
4 1 2 1 -1  1
8614414016922876683
4 4 2 5 -1  1
8614500040611774931
6 7 7 7 -1  1
8614611586844005330
5 3 5 4 -1  1
8614614909753010588
6 1 4 1 -1  1
8614628011490076760
3 4 3 5 -1  1
8614899331139572827
5 7 4 7 -1  1
8614917961496295257
6 6 5 5 -1  1
8615186844287721245
4 4 3 6 -1  1
8615382310469920492
6 3 5 3 -1  1
8615457934708024740
4 4 3 3 -1  1
8615548495154558363
4 3 3 5 -1  1
8615902646552017473
1 1 0 0 -1  1
8616108089472149086
2 6 1 6 -1  1
8616193880749436795
7 4 7 3 -1  1
8616619058618887161
6 6 2 2 -1  1
8616713876719122856
5 0 6 1 -1  1
8616960840600233569
5 1 4 3 -1  1
8617042796377055689
7 6 7 7 -1  1
8617069475398461851
4 6 3 6 -1  1
8617224140861449281
7 3 7 4 -1  1
8617381914008576809
5 3 6 2 -1  1
8617686463362334026
7 6 6 4 -1  1
8617758185054335312
5 6 5 4 -1  1
8617836223748404996
7 5 6 4 -1  1
8617922987670713862
7 3 4 3 -1  1
8617939241923633359
6 5 4 5 -1  1
8617988868265284039
3 5 3 4 -1  1
8618139618422334765
6 5 5 5 -1  1
8618663208902735252
7 6 5 5 -1  1
8618663790825471620
4 2 3 3 -1  1
8619030943783526393
4 5 3 5 -1  1
8619124408138484153
6 0 5 0 -1  1
6 3 5 1 -1  1
8619313281602364715
3 1 2 1 -1  1
8619452588328576038
3 6 4 5 -1  1
8619461788463834510
4 7 2 6 -1  1
8619563923661497384
7 7 7 5 -1  1
8619585000258536916
7 2 7 3 -1  1
8619601911151325132
6 1 7 2 -1  1
8619834272110942445
6 1 4 1 -1  1
8620180282648808079
7 2 7 1 -1  1
8620749976172904662
6 6 5 7 -1  1
8620820963450245402
5 5 6 3 -1  1
8620961283080421366
7 2 4 2 -1  1
8621275962269937318
7 5 6 4 -1  1
8621298354707365934
7 3 7 5 -1  1
8621412101336046079
5 2 6 1 -1  1
8621609932992827255
7 6 6 6 -1  1
8621624245929142789
2 1 6 5 -1  1
8621883536779532157
7 4 7 5 -1  1
8621942198696457619
2 1 2 3 -1  1
8621972671068519618
6 0 5 0 -1  1
8622008220173566306
7 5 6 4 -1  2
8622309796106670991
4 5 3 6 -1  1
8622392617564050806
6 7 5 7 -1  1
7 4 7 2 -1  1
8622459019628092945
5 6 6 7 -1  1
8622596817846918670
0 0 2 1 -1  1
8622734878479764121
3 1 2 2 -1  1
8622776248306508724
6 7 4 7 -1  1
8622994138043778976
5 2 7 3 -1  1
8623148796855922501
2 0 4 1 -1  1
8623394382738752848
5 7 4 6 -1  1
8623422012407936132
7 6 5 7 -1  1
8623526768689589771
4 0 5 2 -1  1
8623662126833290951
5 0 4 1 -1  1
8623718643641773218
4 6 5 6 -1  1
8623807358745710452
4 3 3 2 -1  1
8623858778471838484
6 0 4 0 -1  1
8623862999638788792
7 2 4 5 -1  1
8623867630435571416
7 4 7 6 -1  1
8624168698303747698
2 2 1 2 -1  1
8624174130923798310
6 7 5 7 -1  1
8624184712079573678
5 1 4 3 -1  1
8624290919451379174
7 3 3 7 -1  1
8624410278214102300
7 3 5 1 -1  1
8624419468350284051
3 1 1 2 -1  1
8624440172254790801
1 7 1 1 -1  1
8624571553453302517
2 5 3 4 -1  1
8624621903689879720
4 6 5 5 -1  1
8624989574738416041
7 2 6 1 -1  1
8625033640838026218
5 2 4 3 -1  1
8625116382418740816
3 1 2 2 -1  1
8625302427041099821
5 3 7 5 -1  1
8625446203171069510
7 6 7 7 -1  1
8625449059131844467
6 4 5 4 -1  1
8625569137221863083
4 3 5 1 -1  2
8625605358014627326
7 6 5 5 -1  1
8625621033222167761
4 5 3 4 -1  1
8625850316434987342
3 4 3 0 -1  1
8625895710225210386
6 3 0 3 -1  1
8626001199128350269
7 1 2 1 -1  1
8626178493663422454
7 4 7 5 -1  1
8626645699337400423
6 7 5 7 -1  1
8627358293446681245
4 3 3 3 -1  1
8627382442328159127
5 5 4 4 -1  1
8627400775497959160
5 5 3 4 -1  1
8627611172142329144
7 3 5 1 -1  1
8627643249074796814
3 4 1 4 -1  1
8627723135593368437
6 3 7 2 -1  1
8628456719135414000
4 4 6 6 -1  1
8628612987950135577
7 0 7 2 -1  1
8628689392965684176
6 4 7 3 -1  1
8628691439452542879
5 2 4 2 -1  1
8628727528637341368
7 1 4 1 -1  1
8628907163968602195
4 3 3 3 -1  1
8628963018376704696
7 4 7 6 -1  3
8629116018153850988
5 7 4 5 -1  1
8629285245928233735
7 4 4 1 -1  1
8629530910988771879
7 1 6 2 -1  1
8629660959334551190
6 6 5 6 -1  1
8629666021293361231
6 2 5 2 -1  1
8629918494570560991
3 0 6 3 -1  1
8629976455449970327
6 5 5 4 -1  1
8630029570949263872
4 2 3 2 -1  1
8630342438523599151
5 1 7 2 -1  1
8630666263396535811
2 3 2 5 -1  1
8630899346889358381
7 0 7 2 -1  1
8630923479629191615
4 5 3 6 -1  1
8631317239383849656
4 6 4 5 -1  1
8631449104843245375
4 2 3 3 -1  1
8631471917660068487
7 3 4 3 -1  1
8631477997409238480
5 3 6 4 -1  1
8631680661950745029
3 2 4 2 -1  1
8631991108523645373
7 4 7 3 -1  1
8632218891593808447
6 0 6 1 -1  1
8632263286219696857
4 3 2 3 -1  1
8632314303595765442
6 4 7 5 -1  1
8632316146847842792
7 5 6 5 -1  1
8632331800973434959
4 4 3 5 -1  1
8632404081003105782
6 0 4 0 -1  1
8632774224366447822
4 3 6 3 -1  1
8632917893748296164
5 5 3 6 -1  1
8633152794857607019
5 2 4 2 -1  1
8633334565778164531
3 2 4 4 -1  1
8633388049927515169
7 1 6 3 -1  1
8633390362100055765
3 0 3 5 -1  1
8633608349923495029
3 6 1 6 -1  1
8633735066899033212
7 6 6 7 -1  1
8633812140450500878
5 6 6 6 -1  2
8634047335510614882
7 2 6 1 -1  1
8634087994449615174
6 0 5 0 -1  1
8634180481952549823
6 2 5 1 -1  1
8634296199925119538
7 3 7 2 -1  1
8634298764485564655
5 1 5 3 -1  1
8634311361002429476
7 6 7 7 -1  1
8634381740845862517
6 6 5 6 -1  1
8634468390807822108
6 0 5 0 -1  1
8634727942342986262
2 2 1 2 -1  1
8634949570621721521
7 3 7 4 -1  3
8635218274395487369
6 2 5 2 -1  2
7 1 5 2 -1  1
8635274991974143548
6 4 4 5 -1  1
8635278110998958553
7 6 6 5 -1  1
8635283592517175848
5 4 6 3 -1  1
8635290887493639724
3 6 4 7 -1  1
8635466817362902247
4 0 3 1 -1  1
8635759110208630629
2 2 1 1 -1  1
8635860875482802743
4 5 4 3 -1  1
8635916899773474320
7 5 6 6 -1  1
8636137592983497442
6 1 5 2 -1  1
8636239304134800205
6 4 5 4 -1  2
7 2 3 6 -1  1
8636290020286998408
1 0 2 0 -1  1
8636347758430445053
3 4 1 4 -1  1
8636459835677400381
3 1 6 4 -1  1
8636522776924928407
3 2 2 2 -1  1
8636657735047055004
7 5 6 6 -1  1
8636735559358439973
2 5 3 3 -1  1
8636796723737478368
4 2 3 1 -1  1
8636835892541753288
4 2 3 3 -1  1
8637026473700651905
7 2 1 2 -1  1
8637519289156301470
5 1 6 1 -1  1
8637665299537367039
2 3 1 2 -1  1
8637739007810634378
4 3 3 4 -1  1
8638388612072271749
7 6 6 6 -1  1
8638745728226712538
3 0 7 0 -1  1
8639154977567951573
6 4 5 3 -1  1
8639249487535463839
2 5 6 1 -1  1
8639255088965687933
6 6 5 5 -1  1
8639437378135807758
6 5 0 5 -1  1
8639479900512713060
6 3 6 5 -1  1
8639519437000560744
5 3 4 2 -1  1
8639930306426292497
7 5 6 7 -1  1
8640142599638108031
3 1 5 2 -1  1
8640567657679098128
4 5 5 3 -1  1
8640617226301602740
7 2 6 3 -1  1
8640625682649667236
2 7 2 2 -1  1
8640747122712523842
3 0 7 4 -1  1
8640820271189636970
1 0 1 3 -1  1
8641041168649452525
7 5 5 3 -1  1
7 5 6 4 -1  1
8641044751077912719
7 4 7 6 -1  1
8641083940787078457
1 7 1 5 -1  1
8641899034072864387
7 0 7 1 -1  1
8642342309168343694
7 3 5 1 -1  1
8642521821080734390
5 5 7 6 -1  1
8642601572325669238
7 1 5 2 -1  2
7 6 5 5 -1  1
8643060336848624357
1 1 0 1 -1  1
8643142229752210993
7 2 5 4 -1  1
8643200093948330107
6 5 5 3 -1  1
8643429452031070203
6 5 5 5 -1  1
8643753850334515863
5 1 4 1 -1  1
8643860405475900280
2 4 0 2 -1  1
8644160529444662312
7 1 6 2 -1  1
8644665424941841845
4 6 3 7 -1  1
8644817115694654486
7 2 4 5 -1  1
8644922258256704903
6 4 4 3 -1  1
8645211266242190989
4 0 5 1 -1  1
8645272939106044053
5 4 6 3 -1  1
8645581622004029594
2 4 1 5 -1  1
8645893023978475548
6 5 4 5 -1  1
8646024323582897220
6 5 5 5 -1  1
8646189389026732048
7 1 7 3 -1  1
8646431639474824980
4 4 1 1 -1  1
8646461938832857795
6 0 1 0 -1  1
8646533010421255190
6 3 4 3 -1  1
8646859251204530615
7 6 6 6 -1  1
8646884444827532604
1 3 2 3 -1  1
8646888672356078654
7 6 7 7 -1  1
8647128273267530207
4 2 3 2 -1  1
8647225359975325438
3 6 3 2 -1  1
8647465023642751815
6 0 0 0 -1  1
8647890209386594728
5 2 5 1 -1  1
8647972369505905591
7 3 7 0 -1  1
8648001891713322234
7 2 7 4 -1  1
8648120668768886055
1 3 3 2 -1  1
8648366708213048260
4 2 3 4 -1  1
8648448109095555686
6 2 5 2 -1  1
8648891730103850524
7 3 0 3 -1  1
8648937786247806443
4 3 3 3 -1  1
8649494060727049172
6 6 5 5 -1  1
8649827910128546572
3 3 4 2 -1  1
8650060310340983214
6 3 5 1 -1  1
8650064664030192005
7 6 6 5 -1  1
8650140960760837335
2 3 3 5 -1  1
8650241928203807071
6 7 5 6 -1  1
8650383045603525119
6 2 4 0 -1  1
8650719364603056213
5 4 4 3 -1  1
8650776898143792669
6 1 4 1 -1  1
8650784429699090933
6 7 5 7 -1  1
8650807774653680087
6 1 4 3 -1  1
8651042151406608036
4 1 3 1 -1  1
8651155612472733393
7 2 6 1 -1  2
7 3 6 2 -1  2
8651288787943319447
7 6 6 5 -1  1
8651310729959118069
6 3 6 4 -1  1
8651318822610835258
6 1 3 1 -1  1
8651552034102725635
4 5 3 5 -1  1
8651552256586579533
4 3 1 6 -1  1
8652095312013555885
6 2 6 3 -1  1
8652406472207537320
7 1 7 2 -1  1
8652415290999168564
7 4 7 3 -1  1
8652457489046117372
5 4 6 2 -1  1
8652670307503127097
3 3 6 3 -1  1
8652817757958385709
3 2 5 1 -1  1
8652853712198789856
7 1 5 2 -1  1
8652895010244520653
7 7 6 7 -1  1
8653104045002967892
6 1 3 4 -1  1
8653489595385261074
7 4 6 4 -1  1
8653679188147133838
4 0 3 1 -1  1
8653775648600900807
6 4 5 5 -1  1
8654030991556537466
5 6 3 4 -1  1
8654107554176497630
6 1 5 1 -1  1
8654337386596623167
2 2 5 2 -1  1
8654728829255787764
5 5 3 6 -1  1
8654787553235990411
6 3 4 4 -1  1
8654792862045858836
6 4 4 3 -1  1
8655153813382892000
6 3 7 2 -1  1
8655237742886775455
5 5 5 1 -1  1
8655527109015405698
4 3 3 3 -1  1
8655540373035964100
5 4 4 5 -1  1
8655581585949145596
7 0 0 0 -1  1
8655741455158861960
7 6 5 5 -1  1
8655785797959172047
7 2 5 4 -1  1
8655866915788648228
7 2 4 5 -1  1
8656029114919429613
7 4 7 6 -1  1
8656127593361188753
4 6 3 6 -1  1
8656388129622921734
6 0 4 0 -1  1
6 3 4 2 -1  1
8656400985759948894
3 1 1 2 -1  1
8656683032541203978
4 5 2 3 -1  1
8656911191819164409
6 3 4 4 -1  1
8657550900091873570
4 4 6 4 -1  1
8657609419163121795
7 3 6 3 -1  1
8657632048648410131
4 3 3 3 -1  1
8657753468744765874
6 5 5 4 -1  1
8658081693569603866
4 2 6 1 -1  1
8658309234938035640
1 5 0 5 -1  1
8658319758478996214
0 1 0 3 -1  1
8658672488410698546
4 3 7 3 -1  1
8658686037051647185
7 3 6 3 -1  1
8658727124841755634
4 5 5 6 -1  1
8658747721560538620
6 5 4 5 -1  1
8658775237689953972
5 5 4 4 -1  1
8658994063210098530
2 7 1 7 -1  1
8659011172245670941
6 3 3 6 -1  1
8659179843295895559
7 6 6 6 -1  1
8659400824763481946
3 4 5 5 -1  1
8659903545727516603
7 4 7 2 -1  1
8659918673434371071
4 0 3 1 -1  1
8659936623038073778
7 3 5 3 -1  1
8660205703874918553
7 7 6 6 -1  1
8660383701611390485
7 2 6 3 -1  1
8661158385856723568
6 3 3 0 -1  1
8661196489243153342
3 0 4 1 -1  1
8661356460356557527
3 1 5 3 -1  1
8661356488402692113
6 5 5 5 -1  1
8661890464720830042
0 1 1 1 -1  1
8662147287638273121
7 0 7 4 -1  1
8662351536486148235
5 2 3 2 -1  1
8662448398915375677
6 3 3 0 -1  1
8662542303138901287
7 5 2 5 -1  1
8662553488192589672
6 3 6 2 -1  1
8662666399901036343
6 3 7 5 -1  1
8662747357657510346
5 4 4 4 -1  1
8662796217189279228
5 4 6 4 -1  1
8663123090076661209
6 3 4 2 -1  1
8663137278745965175
7 7 7 6 -1  1
8663220291681500568
7 1 6 3 -1  1
8663310014764105294
3 4 5 5 -1  1
8663473498645241220
4 2 5 1 -1  1
8663595011943462782
1 0 2 0 -1  1
8663835661007771908
5 2 6 2 -1  1
8663836203681668418
7 2 5 2 -1  1
8664028620238357340
2 3 1 1 -1  1
8664182735561415848
3 6 2 5 -1  1
8664329177757738478
6 4 5 4 -1  1
8664383367959154614
7 5 6 5 -1  1
8664435296842242678
4 3 3 2 -1  1
8664478700367411321
5 3 2 0 -1  1
8664547061455548414
5 4 5 5 -1  1
8665078143706379565
5 5 6 5 -1  1
8665671459032496919
5 3 3 1 -1  1
8665728802987502678
4 6 4 5 -1  1
8665741649042670628
4 3 3 3 -1  1
8665773947309164178
2 6 3 5 -1  1
8665802069870779648
4 0 3 0 -1  1
8665832897989787526
7 2 6 3 -1  1
8665869131918623378
7 5 6 6 -1  1
8666217918489533989
4 2 3 3 -1  1
8666237573481227233
6 3 5 2 -1  1
8666332675808047202
6 3 5 5 -1  1
8666515052748164062
3 1 4 2 -1  1
8666677059022725886
5 4 4 5 -1  1
8666691210472589675
5 2 3 3 -1  1
8666848605145552580
6 1 6 4 -1  1
8666942531960868752
7 4 2 4 -1  1
8667041642103848824
6 4 7 5 -1  1
8667146844463833850
6 0 5 0 -1  7
7 5 6 4 -1  4
8667168768248911805
4 4 3 5 -1  1
8667289207660430186
3 4 2 2 -1  1
8667371143565712058
5 7 4 6 -1  1
8667521230158648879
5 4 6 3 -1  1
8667633173492927471
7 2 5 4 -1  1
8667731015817407617
5 4 3 5 -1  1
8667753501381159927
7 1 4 1 -1  1
8667787832924012713
3 0 1 1 -1  1
8667873108772918176
7 5 7 2 -1  1
8667897233585936518
6 1 4 1 -1  1
8668060201872171275
6 2 4 2 -1  1
8668313365847085406
7 5 6 5 -1  1
8668408800799409807
7 6 6 6 -1  1
8668539260116360573
7 5 6 4 -1  1
8668557818951058344
6 5 5 6 -1  1
8669216431645520115
2 5 1 6 -1  1
8669636039734426528
3 1 2 1 -1  1
8669661024328448453
4 4 6 6 -1  1
8669678358394492344
5 0 5 3 -1  1
8670013063530976788
6 2 6 1 -1  1
8670286486042979807
2 6 2 2 -1  1
8670367132502365761
6 6 5 5 -1  1
8670738101454207786
3 1 3 2 -1  1
8670972336328461346
5 0 4 0 -1  2
7 2 3 6 -1  1
8670973763685571045
6 1 3 4 -1  1
8670991744423779096
3 6 6 6 -1  1
8670996427406773539
6 3 2 7 -1  1
8671067249729772402
7 7 7 6 -1  1
8671200047063638751
2 4 1 6 -1  1
2 4 3 2 -1  1
8671289745373729982
6 1 4 1 -1  1
8671568242791107053
7 0 6 1 -1  1
8671727159623900771
6 2 5 2 -1  1
8671773736439147160
4 2 5 1 -1  1
8671878039164608522
2 3 1 4 -1  1
8672100054625559280
7 4 7 3 -1  1
8672266133736089942
6 1 0 1 -1  1
8672620432630365444
4 0 7 3 -1  1
8672692732953381839
7 3 6 3 -1  1
8672798478661939196
0 4 0 6 -1  1
8672859511718595261
6 3 7 5 -1  1
8672963198505727248
4 1 1 4 -1  1
8673128173628555999
6 5 5 5 -1  1
8673142613026448612
6 4 4 4 -1  1
8673152392982154797
4 2 6 1 -1  1
8673232040281492123
5 0 1 0 -1  1
8673399234353496532
4 7 3 5 -1  1
8673443494527930531
5 3 6 4 -1  1
8673456139002206020
3 3 2 3 -1  1
8673490605498543882
6 4 4 3 -1  1
8673530349967305193
7 0 7 1 -1  2
8673640580103986839
5 0 4 0 -1  1
8673643112768411627
7 3 7 1 -1  1
8674023717825604828
3 6 2 5 -1  1
8674513069333366784
5 0 6 0 -1  1
8674988192159492706
5 7 4 7 -1  1
8674998981466560389
6 6 5 6 -1  1
8675108812076343160
3 2 5 0 -1  1
8675479918264496157
7 0 7 2 -1  1
8675494165854638979
4 2 7 2 -1  1
8675619750917624173
1 3 1 4 -1  1
8675737504868817909
7 4 7 2 -1  1
8675876863820715809
4 4 5 4 -1  1
8675896654658591638
6 3 6 2 -1  1
8676120365155866020
7 5 5 5 -1  1
8676241652368882727
3 5 2 6 -1  1
8676621575659956161
6 7 4 7 -1  1
8676650576662673383
6 2 3 5 -1  1
8676856661984791009
5 6 4 4 -1  1
8676878006553566733
7 6 5 7 -1  1
8676897862116444762
5 2 4 4 -1  1
8677137087323113023
5 3 5 4 -1  1
8677271787628290730
5 4 4 4 -1  1
8677306168213851636
4 5 3 4 -1  1
8677414014319773096
4 2 4 0 -1  1
8677551307413149769
7 1 6 1 -1  1
8677664061041806494
3 4 2 5 -1  1
8678000187560376181
5 5 4 6 -1  1
8678063545435579573
7 1 5 2 -1  1
8678150245378980665
4 5 3 5 -1  1
8678219838755004238
7 4 7 6 -1  5
8678475315319062193
2 3 1 3 -1  1
8678689984252516818
7 5 7 2 -1  1
8678700633143383447
7 3 6 3 -1  1
8678812274312350789
6 6 5 5 -1  1
8678859019045388430
6 2 7 2 -1  1
8678871517336035711
7 1 6 2 -1  1
8678967759509022777
7 3 7 6 -1  1
8679088604749218894
1 0 1 1 -1  1
8679116063769873660
7 5 6 4 -1  1
8679123888650712122
3 7 5 7 -1  1
8679148540362293951
6 2 4 0 -1  1
8679368781264590498
7 6 6 7 -1  1
8679479550285083718
4 4 6 2 -1  1
8679653959638391655
5 4 6 5 -1  1
8680284070242011252
2 7 5 4 -1  1
8680423278237956257
5 7 6 5 -1  1
8680553188484680197
4 5 3 4 -1  1
8680754002922573233
4 5 5 7 -1  1
8680781014987414186
6 1 5 1 -1  1
8680820794817920260
7 1 5 2 -1  1
8680897915773384025
6 0 4 0 -1  1
8680905660080096787
4 2 3 3 -1  4
8680969468846971922
5 4 4 3 -1  1
8680998246904284809
4 2 3 2 -1  1
8681043884533722741
5 1 3 2 -1  1
8681217964140856157
3 7 1 6 -1  1
8681249746060582525
5 0 4 1 -1  1
8681683477456898194
7 5 7 4 -1  1
8681833160078701164
6 2 5 3 -1  1
8681904254164329443
3 6 2 6 -1  1
8682017353516622950
3 3 2 2 -1  1
8682041799949968262
0 1 2 1 -1  1
8682140133405255345
7 3 5 3 -1  1
8682363835983707435
4 7 2 5 -1  1
8682457754242909723
1 6 3 5 -1  1
8682458170952394099
2 1 0 3 -1  1
8682563608057165914
7 0 7 7 -1  1
8682708005075232110
6 7 5 7 -1  1
8682711823953621073
7 5 7 2 -1  1
8682883879425062549
0 4 6 4 -1  1
8682908681300217629
7 5 7 3 -1  1
8682999967241890302
6 4 7 3 -1  1
8683092883691182515
7 5 6 5 -1  1
8683191360393608054
6 5 7 5 -1  1
8683299790332736570
6 1 5 1 -1  1
8683599069740530164
6 3 7 4 -1  1
8683646314113518565
5 6 7 5 -1  1
8684082680631063671
7 2 6 3 -1  1
8684638855225670446
0 0 1 0 -1  1
8684817021022922603
5 1 6 2 -1  1
8685188496367235212
5 1 4 2 -1  1
8685244343340794210
5 7 5 6 -1  1
8685264807194836080
6 0 5 0 -1  1
8685289829836994525
7 1 6 2 -1  1
8685575022648134279
3 2 2 2 -1  1
8685647423868209287
3 1 2 0 -1  1
8685782558470736834
6 3 4 4 -1  1
8685823547496326352
6 1 5 1 -1  1
8686132098659034201
4 7 2 5 -1  1
8686143365021740833
7 4 6 5 -1  1
8686327552614982764
2 2 3 3 -1  1
8686341475372057281
7 5 6 4 -1  2
8686599061341634625
6 6 5 6 -1  1
8686673743445408832
6 3 5 2 -1  1
8686675268125778357
1 0 2 0 -1  1
8686762653849602153
4 3 2 2 -1  1
8686771381365953424
6 6 5 7 -1  1
8686884869446080298
6 3 7 5 -1  1
8686908348626422451
6 1 4 1 -1  1
8686997153147600306
5 1 4 0 -1  1
8687048069893711559
7 4 7 3 -1  1
8687048462149383839
4 3 3 4 -1  1
8687062410639973063
1 2 0 2 -1  1
8687252768694315501
7 3 5 5 -1  1
8687297574651299414
6 4 4 2 -1  1
8687394325256099530
4 4 2 3 -1  1
8687440588694275367
1 0 0 1 -1  1
8687806796675136635
1 1 4 1 -1  1
8687895114883036003
6 6 5 5 -1  1
8688119562416689002
7 0 5 0 -1  1
8688144915723569545
3 4 1 3 -1  1
8688251812875756010
2 7 4 7 -1  1
8688322802766216385
5 4 4 4 -1  1
8688527631781456938
6 7 5 6 -1  1
8688566002986910126
3 1 4 3 -1  1
8688645703065932933
7 5 6 7 -1  1
8688654617965051985
6 6 5 6 -1  1
8688752213662358272
6 0 5 0 -1  1
8688892990245070224
3 7 3 6 -1  1
8689058411708404653
7 4 6 4 -1  1
8689295933260926767
6 6 5 7 -1  1
8689303411587501804
7 0 5 0 -1  1
8689431414085356418
7 2 7 1 -1  1
8689920945798177516
7 5 6 5 -1  1
8689922906950995905
7 2 6 1 -1  1
8690092320641796642
3 6 4 7 -1  1
8690168562528181864
7 5 6 5 -1  1
8690425511013494311
6 5 4 5 -1  1
8690446789628316116
6 6 5 6 -1  1
8690981678558919032
7 6 7 7 -1  1
8691016759312825534
6 1 5 1 -1  1
8691349161322060485
7 3 6 2 -1  1
8691454498010251680
5 5 3 4 -1  1
8691542368910287786
7 3 2 3 -1  1
8691662864359989272
7 6 5 5 -1  1
8691768911844594664
3 6 2 5 -1  1
8691851389336216250
3 1 4 2 -1  1
8691881216331428667
7 3 6 3 -1  1
8691980956081682349
6 7 7 7 -1  1
8692085095356834974
3 2 5 1 -1  1
8692096125417171192
7 3 7 4 -1  1
8692246232085253328
5 0 4 1 -1  1
8692464407486608819
5 0 3 2 -1  1
8692644937576412499
6 1 4 1 -1  2
8692835988617456610
7 1 6 3 -1  1
8692849128009594852
7 5 7 2 -1  1
8692954959827067100
3 4 7 4 -1  1
8692966292509620641
4 2 2 2 -1  1
8693383887828382171
5 2 3 3 -1  1
8693442925233023290
5 6 3 7 -1  1
8693593332795863032
7 2 6 1 -1  1
8693648059323187357
7 0 7 2 -1  1
8693702399896213807
1 2 5 6 -1  1
8693811925459697601
6 1 3 4 -1  1
8694058779263302088
6 7 7 7 -1  1
8694073152341057895
4 7 5 5 -1  1
8694232908560161510
6 0 5 0 -1  1
8694374587163549318
5 5 6 3 -1  1
8694436460072567362
4 3 3 4 -1  1
8694604594572582783
6 4 4 6 -1  1
8694779455989229620
7 0 7 4 -1  1
8694854156168086484
3 1 5 2 -1  1
8694939544614587370
4 2 3 0 -1  1
8694999743487387332
7 0 3 4 -1  1
8695121094464687351
3 6 2 7 -1  1
8695314595015620323
3 7 5 5 -1  1
8695358907748865435
7 0 7 1 -1  1
8695404422654951805
6 6 4 6 -1  1
8695408995780203516
5 3 3 1 -1  1
8695426309565555082
7 0 2 0 -1  1
8695479239170540804
6 4 7 5 -1  1
8695660768324496359
6 0 5 0 -1  2
7 5 5 3 -1  1
8695711290911083393
6 1 5 2 -1  1
8695867052591492176
6 3 7 3 -1  1
8695983875690682013
3 1 4 0 -1  1
8696082564772552867
4 4 3 3 -1  1
8696183468342875252
7 4 5 3 -1  1
8696216340688221100
7 6 5 5 -1  11
8696264343543892727
7 4 7 6 -1  1
8696266824321780684
5 6 4 5 -1  1
8696414538876560641
4 2 2 4 -1  1
8696415942911038397
3 3 3 4 -1  1
8696721450956180338
7 4 7 3 -1  1
8696800108418027802
4 1 1 4 -1  1
8696819391807840565
3 1 2 2 -1  1
8696913014072500234
4 5 3 5 -1  1
8696931319823820686
7 2 7 3 -1  1
8697015048490788276
7 6 7 5 -1  1
8697090183476183359
3 2 5 3 -1  1
8697267047173171047
3 0 1 1 -1  1
8697274274200828968
7 5 4 2 -1  1
8697539568231620553
3 7 2 6 -1  1
8697716943209781689
6 7 5 6 -1  1
8697784290599064513
6 5 5 5 -1  1
8697983767144760030
7 4 1 4 -1  1
8698270396075285510
2 1 4 3 -1  1
8698393737909481238
5 2 4 4 -1  1
8698446448537758048
6 7 5 7 -1  1
8698492102434319001
1 3 2 4 -1  1
4 3 6 1 -1  1
8698690180854266677
3 4 2 3 -1  1
8698816926369615053
7 1 4 1 -1  1
8698892694024966736
4 2 7 2 -1  1
8698929080223166597
2 3 2 0 -1  1
8698963704610278858
7 3 3 7 -1  1
8698987707353941996
4 4 7 4 -1  1
8699166011635409427
6 3 7 2 -1  1
8699192498315972312
6 1 5 1 -1  1
8699523660912191903
6 4 7 3 -1  1
8699589053114199781
0 4 0 1 -1  1
8699708195377595406
2 4 1 4 -1  1
8699742135974364757
5 6 4 4 -1  1
8699742207482295594
6 1 5 1 -1  1
8700100578828373012
7 3 3 3 -1  1
8700270097434929111
5 4 5 3 -1  1
8700425284278136965
5 3 4 3 -1  1
8700656803739815389
7 3 7 6 -1  1
8700797996385704358
7 5 7 4 -1  1
8700845369693659323
4 4 1 4 -1  1
8700921604085630909
0 3 6 3 -1  1
8700955190544437339
0 0 4 0 -1  1
8701288534067516388
0 1 2 1 -1  1
8701590774102188335
6 0 4 0 -1  1
8701775959926835962
5 2 4 3 -1  1
8701839946150232955
4 7 3 7 -1  1
8701986880843994858
7 5 6 4 -1  1
8702571506723317674
0 1 1 1 -1  1
8702580017165537455
6 6 5 7 -1  1
8703089599507362377
7 2 7 0 -1  1
8703339498979905972
4 2 3 3 -1  1
8703358494630506781
7 6 6 6 -1  1
8703403435184807367
5 5 3 7 -1  1
8703500450758544129
5 2 1 2 -1  1
8703549772146304788
5 1 2 4 -1  1
8703741576017468879
4 2 4 6 -1  1
8703762734140195007
6 5 7 5 -1  1
8703877671510501585
1 7 0 7 -1  1
8703976265314131018
5 5 6 4 -1  1
8704008057000662872
4 3 3 3 -1  1
8704057972761859199
0 2 2 0 -1  1
8704139674581308027
4 5 3 4 -1  1
8704444050045105925
5 5 2 2 -1  1
8704611764493888988
6 7 5 7 -1  1
8704855530455036982
7 3 7 0 -1  1
8704984323595706234
6 0 6 1 -1  1
8705233930531676581
6 0 5 1 -1  1
8705745198941977704
3 1 1 1 -1  1
8705746614155728884
7 7 6 7 -1  1
8705749060959666979
7 4 7 3 -1  1
8705844804469788650
6 3 5 1 -1  1
8706281155795173812
2 1 1 1 -1  1
8706436956635523230
6 1 5 2 -1  1
8706444093001014949
4 5 4 4 -1  1
8706526481382795596
7 4 7 6 -1  1
8706585212954473437
0 3 0 1 -1  1
8706823952469285569
6 3 5 1 -1  1
8706846965440920473
6 5 5 6 -1  1
8707220917725423727
5 5 5 6 -1  1
8707231934077065994
7 0 6 0 -1  1
8707963051596852199
5 4 4 3 -1  1
8708525710012669295
6 0 4 0 -1  1
8708740056041633959
2 2 1 0 -1  1
8708937701457749748
6 3 5 3 -1  1
8709037278973759729
2 2 4 2 -1  1
8709064585264100892
6 4 4 3 -1  1
8709077110098111280
6 0 5 1 -1  1
8709264753380782468
6 6 4 6 -1  1
8709417713738609224
6 3 5 3 -1  1
8709637465790428792
3 4 6 1 -1  1
8709678801054538478
5 5 6 4 -1  1
8709851351481331696
5 3 4 3 -1  1
6 7 5 7 -1  3
8710026786270947051
5 7 5 6 -1  1
8710073354409742281
6 4 7 2 -1  1
8710099206728739480
4 4 4 2 -1  1
8710335911361637274
5 5 4 5 -1  1
8710572554783018444
5 4 4 4 -1  1
8710606336465979837
6 1 6 0 -1  1
8711068979515538509
6 1 6 0 -1  1
8711075686470207954
6 3 4 2 -1  1
8711400103947500237
6 4 4 4 -1  1
8711427596051181738
7 3 7 4 -1  1
8711677818314616843
5 4 5 5 -1  1
8711692768225786347
6 6 5 6 -1  1
8711749855427791703
3 0 2 1 -1  1
8711752926161124649
5 5 6 3 -1  1
8712018932686773186
6 2 5 1 -1  1
8712257565245151649
5 3 4 3 -1  1
8712269456582345722
7 4 2 4 -1  1
8712533613191680537
5 4 6 3 -1  1
8712690356104983877
6 4 5 6 -1  3
8712692834384934553
3 6 2 5 -1  1
7 5 5 3 -1  1
8712917393269253371
1 7 5 3 -1  1
8713049336139054664
5 5 3 6 -1  1
8713065579876045626
6 1 5 1 -1  1
8713191302735562708
5 6 4 6 -1  1
8713265106132513531
5 3 4 3 -1  1
8713510153421419212
6 0 5 0 -1  1
7 3 5 1 -1  1
8713793739994728602
5 7 4 6 -1  1
8714000040258724076
7 2 7 4 -1  1
8714228735859655722
5 0 3 2 -1  1
8714240172373238826
6 6 7 6 -1  1
8714318474873920002
7 4 7 6 -1  1
8714668683382903499
3 5 0 5 -1  1
8714820975365534081
2 0 0 0 -1  1
8714896202677332176
0 4 4 4 -1  1
8714923566365643484
2 5 2 2 -1  1
8715084109784992706
5 2 6 4 -1  1
8715154647122000266
6 4 7 5 -1  1
8715701581648890707
7 3 5 5 -1  1
8715761063959377199
5 2 4 0 -1  1
8715808337929380487
7 5 6 4 -1  1
8715862295378271739
7 2 6 3 -1  1
8715882540663560603
4 2 5 1 -1  1
8715905241209138592
4 3 5 4 -1  1
8715958923680490903
4 1 2 0 -1  1
8716609517667412251
7 5 5 3 -1  1
8716719302764556213
3 7 2 7 -1  1
8717002674206322649
6 2 4 0 -1  1
8717249580855431686
6 6 5 6 -1  1
8717322847087435153
2 2 2 4 -1  1
8717352119454633250
6 4 4 4 -1  1
8717601785640254869
6 3 4 5 -1  1
8717854342786024704
7 6 7 7 -1  1
8717998213409905963
6 2 6 3 -1  1
8718060305030971344
5 2 4 3 -1  1
8718214574743119270
7 2 7 3 -1  1
8718234596152559443
3 7 6 4 -1  1
8718479047061644045
6 7 5 7 -1  1
8718577158334389791
7 1 6 3 -1  10
8718590950528591322
6 3 6 6 -1  1
8718744688706295159
7 2 6 3 -1  1
8718795897535777935
3 6 4 7 -1  1
8719086124752151771
6 3 5 4 -1  1
8719181576793083051
7 2 6 1 -1  1
8719219410350458236
3 1 2 1 -1  1
8719258123891875294
6 2 2 2 -1  1
8719364415654905965
2 4 1 4 -1  1
8719399486912052536
3 1 0 4 -1  1
8719442153807793123
3 5 2 6 -1  1
8719630530329674857
5 1 4 3 -1  1
8720221270979687467
7 0 7 2 -1  1
8720241065585729207
4 0 3 2 -1  1
8720402071727953006
6 3 4 1 -1  1
8720411325670717395
7 3 7 4 -1  1
8720576398662133933
3 5 1 6 -1  1
8720642679879132384
3 1 2 1 -1  1
8720680121912154054
4 2 3 3 -1  1
8720688637052830321
4 6 3 6 -1  1
8720833123369063668
6 3 6 5 -1  1
8720950680806873071
7 2 6 1 -1  1
8721323515175501894
6 3 5 3 -1  1
8721378951013352656
4 2 3 3 -1  2
8721625161325804753
7 1 6 3 -1  1
8721764351952162559
4 4 3 4 -1  1
8721775379372288690
4 2 3 3 -1  1
8721808239426744878
6 2 4 2 -1  1
8721897115990090532
4 3 3 2 -1  1
8721949029820623271
4 3 3 4 -1  1
8722243951792195664
1 1 2 0 -1  1
8722292388736690157
3 1 2 3 -1  1
8722320436328747278
5 6 5 5 -1  1
8722431541132942651
7 3 5 1 -1  1
8722544392556433499
5 7 4 7 -1  1
8722593483233513943
5 3 6 4 -1  1
8722688412115077765
7 0 7 1 -1  1
8722747550680677897
6 5 6 6 -1  1
8723306395763245661
7 3 4 0 -1  1
8723689065820484788
3 6 4 7 -1  1
8724048007745965196
6 0 5 0 -1  1
8724283396805520091
4 2 3 2 -1  1
8724481126462110519
2 6 1 5 -1  1
8724599029878121244
4 2 4 3 -1  1
8724689626911017221
5 2 4 4 -1  1
8724723210363113651
4 4 3 3 -1  32
8724732629678190959
0 7 4 7 -1  1
8724970795954920487
6 1 7 0 -1  1
8724986626209267432
2 1 1 1 -1  1
8725072843346985136
5 0 4 0 -1  1
8725162911718477055
6 3 6 0 -1  1
8725163284816775614
6 3 4 3 -1  1
8725662560123046523
3 2 2 2 -1  1
8725729006110793282
3 6 5 4 -1  1
8725865510150271803
6 3 4 5 -1  1
8725915447056529150
5 2 4 2 -1  1
8726045253779272647
5 2 4 3 -1  1
8726058389410380458
5 6 5 5 -1  1
8726094559059742630
5 5 3 4 -1  1
8726530081791554220
3 3 4 2 -1  1
8726603158253796992
7 4 5 4 -1  1
8726808185173301556
6 4 2 0 -1  1
8726961381287727789
0 3 2 5 -1  1
8727376945415146112
0 4 0 1 -1  1
8727405986914386722
6 4 6 2 -1  1
8727776627259206760
6 2 4 2 -1  1
8727846458086964351
5 5 6 3 -1  1
8727908367165000330
7 0 7 1 -1  1
8727940281048062455
7 6 7 7 -1  1
8728238979674497821
4 7 0 7 -1  1
8728733789263765569
4 4 6 5 -1  1
8728766210367219323
6 2 4 1 -1  1
8728846001669091327
5 4 2 1 -1  1
8728855077346301782
6 5 5 4 -1  1
8728939521049784356
7 2 4 5 -1  1
8729298445510174519
3 4 5 6 -1  1
8729606795201454638
5 5 4 7 -1  1
8729633892475770480
6 3 4 3 -1  5
6 3 5 3 -1  1
7 5 6 4 -1  2
8729727979739796172
7 3 6 3 -1  1
8729751361747283918
5 6 4 7 -1  1
8729876936279080679
6 1 4 1 -1  1
8730031963420774252
6 7 4 7 -1  1
8730230275181174965
7 2 5 4 -1  1
8730470952212702794
1 5 0 5 -1  1
8730521322652662196
1 3 1 5 -1  1
8730537381084651216
4 0 4 3 -1  1
8730636326111487389
5 5 6 3 -1  1
8730724284570813105
7 5 6 4 -1  1
8730762292601433440
5 4 4 4 -1  1
8730763148482459914
6 2 5 3 -1  1
8731022236713292572
6 4 5 3 -1  1
8731080586904506180
5 3 4 3 -1  1
8731237062618281544
4 2 3 4 -1  1
8731488450828887198
0 4 7 4 -1  1
8731523286482263939
4 0 3 2 -1  1
8731887492426606608
1 1 2 1 -1  1
8731891859957182813
5 4 2 4 -1  1
8732058957194742498
4 0 4 1 -1  1
8732070355902480546
5 1 3 3 -1  1
8732108440665103921
3 1 2 1 -1  1
8732111819865329146
6 1 5 2 -1  1
8732375999262480956
5 2 4 2 -1  1
8732480067023774874
4 2 3 2 -1  1
8732552343047884813
7 2 7 3 -1  1
8732720664791200319
7 1 4 4 -1  1
8732739307694421013
6 6 5 5 -1  1
8732803992200857043
6 7 4 7 -1  1
