8871153631234331307
4 0 3 0 -1  1
8871293572873375129
1 3 0 2 10  1
8871468888624081583
7 5 7 4 -1  1
8871520230815036319
7 3 7 0 -1  1
8871680609418134193
4 1 3 2 -1  1
8871822779148211013
4 2 3 2 -1  1
8872017249394484893
5 5 6 3 -1  1
8872018715199452086
7 6 7 7 -1  1
8872140330943688277
7 1 5 1 -1  1
8872215370421625738
4 0 2 1 -1  1
8872368192119597773
4 5 3 5 -1  1
8872444129494703758
7 5 6 4 -1  1
8872798387809736370
5 5 4 7 -1  1
8872802602179934118
6 3 4 2 -1  1
8872920157692238752
7 1 7 0 -1  2
8873163090604670313
3 1 1 2 -1  1
8873164242748154883
7 5 7 3 -1  1
8873186070018648852
7 3 7 4 -1  1
8873232963458540908
6 4 5 4 -1  1
8873275742134966767
7 2 3 6 -1  1
8873438030459586436
6 3 5 3 -1  1
8873596398096036645
6 0 4 0 -1  1
8873723951715545583
5 4 6 5 -1  1
8874090431199554822
6 5 5 5 -1  1
8874180523043680672
7 1 6 1 -1  1
8874449434036714966
5 4 4 5 -1  1
8874706396639608181
5 4 4 4 -1  2
8874855915399452172
5 1 4 1 -1  1
8874890389290390475
4 4 5 4 -1  1
8875634878756429828
3 2 4 4 -1  1
8875781518178025539
6 4 5 4 -1  1
8876101879733474377
6 5 5 5 -1  1
8876149738793051844
4 4 3 4 -1  1
8876209830077575824
1 2 2 2 -1  1
8876236701743064170
6 5 5 6 -1  1
8876249704028448316
5 3 4 5 -1  1
8876270337372780112
4 4 4 3 -1  1
8876528016076253066
5 5 3 6 -1  1
8876587017560054980
0 3 0 4 -1  1
8876695854586851259
4 5 3 5 -1  1
8876843339863924220
6 4 3 4 -1  1
8876874781889507631
6 7 5 7 -1  1
8877280398222500937
7 5 7 4 -1  1
8877356077927480747
7 0 7 3 -1  1
8877542052038186612
7 5 7 4 -1  1
8877565426486454283
6 7 5 7 -1  1
8877669430751983429
4 7 5 5 -1  1
8877726926940422051
7 0 7 2 -1  1
8877785821580527561
7 0 7 2 -1  1
8877852010947987362
6 4 4 6 -1  1
8877918449077099009
1 5 4 2 -1  1
8877960927870971290
4 4 1 1 -1  1
8878140920942215596
6 1 5 1 -1  1
8878179493721733863
5 5 6 3 -1  1
8878220666338849455
7 4 7 2 -1  1
8878241448514145609
4 7 3 7 -1  1
8878290103038274484
5 6 2 6 -1  1
8878377821167973791
7 1 6 3 -1  1
8878434045263831326
4 3 5 1 -1  1
8878434920745984503
2 2 1 2 -1  1
8878517678676070167
5 4 4 3 -1  1
8878654496340875037
0 2 3 5 -1  1
8878654687001514923
3 5 2 7 -1  1
8878701323260995400
7 6 6 6 -1  1
8878915005849839354
6 7 5 7 -1  1
8879050937887438510
7 6 5 5 -1  1
8879095230303422354
7 6 6 7 -1  1
8879282105522826227
5 2 4 4 -1  1
8879522356449845051
5 7 4 7 -1  1
8879611618550183756
1 0 0 1 -1  1
8879979852843103201
5 3 4 2 -1  1
8880073635570420000
6 5 4 4 -1  1
8880183250323640643
4 1 4 0 -1  1
8880237295750937044
4 5 3 6 -1  1
8880280307644534804
7 0 7 1 -1  1
8880356195584796381
7 3 6 3 -1  1
8880453851984513102
6 1 5 2 -1  1
8880564791592359023
6 1 5 0 -1  1
8880747733745627706
7 0 7 2 -1  1
8880753860637364455
7 3 4 0 -1  1
8880832682131148696
7 2 6 2 -1  1
8881060585125324709
4 2 3 4 -1  1
8881334320876232432
7 2 6 1 -1  1
8881356492712233655
7 2 6 3 -1  1
8881612500474967997
4 3 5 3 -1  2
8881817333323177425
6 1 6 2 -1  1
8881820519112600233
7 2 6 3 -1  1
8881862707951030471
3 2 1 0 -1  1
8881935137906243852
6 2 5 3 -1  1
8882053794362695216
7 6 6 6 -1  1
8882065448451674411
6 0 4 0 -1  1
8882080486612614997
7 1 7 3 -1  1
8882518434609470867
6 4 4 3 -1  1
8882520495435041879
5 4 4 3 -1  2
8882529890184647897
4 5 2 3 -1  1
8882701784403846296
7 5 7 4 -1  1
8882851549211678478
5 6 3 7 -1  1
8883032772413034966
6 5 7 7 -1  1
8883169156658001880
5 6 5 7 -1  1
8883313878901935831
4 7 5 5 -1  1
8883515063094246781
6 1 7 0 -1  1
8883565037515196161
7 5 7 1 -1  1
8883745633447629183
4 4 3 4 -1  1
8883829934974101528
6 0 5 0 -1  7
7 1 6 3 -1  54
8883946800009311946
7 3 7 2 -1  1
8884018476299363024
4 2 3 2 -1  1
8884314272499936825
6 2 5 3 -1  1
8884541120431945178
7 2 7 3 -1  1
8884616612415164728
7 6 7 5 -1  1
8884815641234350237
7 4 4 4 -1  1
8884865731391292707
4 2 5 1 -1  1
8884993675517771364
3 0 4 1 -1  1
8885409593979546304
6 1 6 3 -1  1
8886101774119948687
6 2 4 2 -1  1
8886131609589836440
2 1 1 1 -1  1
8886323717449852669
5 2 3 1 -1  1
8886325640198595816
6 6 6 7 -1  1
8886356851747636329
5 4 3 6 -1  1
8886359587365854532
6 3 5 5 -1  1
8886903853579603030
7 3 4 0 -1  1
8886938426943990825
4 3 5 4 -1  1
8887115944091368706
3 6 5 4 -1  1
8887417696937147047
4 2 5 3 -1  1
8887610620362363802
6 5 6 4 -1  1
8887701382623909242
7 5 7 4 -1  1
8887895214244227648
4 4 3 4 -1  1
8887973683358270957
7 4 7 5 -1  1
8888267579804044919
4 3 3 4 -1  1
8888570711285937190
7 0 7 1 -1  1
8888579294197295882
4 4 3 5 -1  1
8888788872013927344
6 4 4 5 -1  1
8888891766592610233
4 3 6 3 -1  1
8888966857117011349
2 0 4 0 -1  1
8888983983295796776
3 4 4 6 -1  1
8889101800873418521
6 5 4 5 -1  1
8889180888067684500
6 5 1 5 -1  1
8889331088794977123
2 0 1 0 -1  2
8889345451205749247
4 3 3 4 -1  1
8889359489953048417
6 5 5 5 -1  1
8889665782144988404
5 4 4 3 -1  9
8889677823357180898
6 6 4 6 -1  1
8890179650363650952
7 1 6 3 -1  1
8890447149149313941
2 7 1 7 -1  1
8890591264777761081
5 6 6 5 -1  1
8890613847602082470
4 6 3 5 -1  1
8890680360221715586
4 6 5 6 -1  1
8890926310897810497
7 0 7 1 -1  1
8891076858395482125
7 0 7 6 -1  1
8891109894654763530
6 4 3 1 -1  1
8891234437181662235
4 1 1 4 -1  1
8891324072149193654
2 1 1 1 -1  1
8891655230643629049
7 6 5 5 -1  1
8891683131922744780
7 4 7 6 -1  1
8891950137056653732
6 7 4 7 -1  1
8892060929723887243
1 4 0 3 -1  1
8892416973681967532
7 1 5 3 -1  1
8892495162053889280
6 2 5 1 -1  1
8892587652740250920
6 0 4 0 -1  1
8892846645284849764
4 5 4 3 -1  1
8892876665944494315
6 3 4 1 -1  1
8892891115914596658
7 6 0 6 -1  1
8892953724023667957
5 7 6 6 -1  1
8892958268387265255
4 2 6 3 -1  1
8892967562370603285
5 6 4 6 -1  1
8893014488123247798
5 5 7 4 -1  1
8893061749699744904
7 2 7 4 -1  1
8893211300174520473
7 3 0 3 -1  1
8893214440015325601
7 5 6 4 -1  1
8893799942914007591
6 4 7 6 -1  1
8893807373925025352
3 0 2 1 -1  1
8893817668963708513
6 6 7 4 -1  1
8893827888275118853
5 3 3 1 -1  1
8894234499925669357
4 3 3 4 -1  1
8894482654253231418
7 5 6 5 -1  1
8894834953097436924
7 5 5 4 -1  1
8895150307918705565
5 1 2 4 -1  1
8895168329221250542
3 5 2 5 -1  1
8895395262056324405
4 2 3 2 -1  1
8895423705879894370
3 6 2 6 -1  1
8895439885831526628
4 1 3 1 -1  1
8895547655304486733
7 3 5 1 -1  1
8895586221193167693
2 5 1 6 -1  1
8895687346507584523
5 7 5 5 -1  1
8895899098447860625
7 3 7 0 -1  1
8896077482308243820
6 1 3 4 -1  1
8896198353957987595
3 1 6 4 -1  1
8896207460430991745
6 5 3 5 -1  1
8896615282895042725
5 5 6 4 -1  1
8896880140203813654
5 6 6 4 -1  1
8897031234203026441
4 4 3 3 -1  1
8897154326272010390
3 3 2 2 -1  1
8897265119488003130
3 4 2 2 -1  3
8898018017534668747
4 7 4 3 -1  1
8898071322933853696
1 5 3 7 -1  1
8898258740475011331
5 6 6 4 -1  1
8898481576627995193
4 6 3 6 -1  1
8898490234642952910
6 2 5 3 -1  1
8898518200496378021
3 6 4 7 -1  1
8898740958770346744
5 4 4 5 -1  1
8898992609045820312
7 4 7 2 -1  1
8899035669564658582
7 0 7 1 -1  1
8899141252465419556
5 3 4 4 -1  1
8899466295632343958
6 5 5 4 -1  1
8899602128049539538
7 4 7 6 -1  1
8900075970382156674
6 2 5 3 -1  1
8900215787383730795
5 2 5 1 -1  1
8900341057162762904
7 3 7 4 -1  1
8900405461985675433
4 4 0 0 -1  1
8900703753305965203
6 3 4 3 -1  1
8900740557550623460
3 5 2 5 -1  1
8900892555411774152
6 3 4 5 -1  1
8900972926667189344
2 3 4 2 -1  1
8901005809518410419
7 3 3 7 -1  1
8901264883434716360
5 2 4 2 -1  1
8901532129496604068
4 3 3 2 -1  1
8901627544529579718
7 2 6 2 -1  1
8901649870561420877
6 0 7 1 -1  1
8902025269408568990
4 1 3 1 -1  1
8902027044391153484
5 4 4 4 -1  1
8902197351369163493
4 6 2 7 -1  1
8902370291313428697
5 7 4 7 -1  1
8902388811061786780
4 3 5 5 -1  1
8902401315747248942
6 0 6 1 -1  1
8902691773150925840
6 1 4 3 -1  1
8902850190468008950
0 0 0 7 -1  1
8902923183500885491
0 0 1 2 -1  1
8902941813249176838
5 7 4 7 -1  1
8902998121599188020
7 3 6 4 -1  1
8903043870963115783
6 6 4 6 -1  1
8903080638734895009
6 5 4 5 -1  1
8903138942447576860
2 0 2 1 -1  1
8903189002653419480
6 2 6 3 -1  1
8903206131921186617
6 0 7 0 -1  1
8903208029811778333
4 3 3 2 -1  1
8903211327792198641
3 2 2 2 -1  1
8903403388601452733
4 3 5 2 -1  1
8903554532335249437
5 0 4 1 -1  1
8903722596164021624
0 3 3 6 -1  1
8904138538395557253
6 4 7 4 -1  1
8904243081006453371
7 4 5 4 -1  1
8904246540543281388
7 1 5 1 -1  1
8904277794081871358
5 5 6 5 -1  1
8904344796003379706
4 2 3 3 -1  1
8904633748843251593
3 4 4 2 -1  1
8904835038881220942
6 2 7 2 -1  1
8904907589295326937
6 0 5 0 -1  1
8905109735086294098
6 0 1 0 -1  1
8905312755192782826
6 7 4 7 -1  1
8905326557928389919
5 7 4 7 -1  1
8905351126684752263
4 6 5 5 -1  1
8905383463255955256
5 5 4 7 -1  1
8905406743894392834
4 2 3 3 -1  1
8905412840731924221
5 4 7 3 -1  1
8905467877085217824
6 3 4 4 -1  1
8905550853829957948
4 1 3 1 -1  1
8905551587210901982
6 5 6 3 -1  1
8905593637092544115
0 3 3 6 -1  1
8905629396422886872
7 6 4 6 -1  1
8905669801967252738
6 3 5 4 -1  1
8905716669573816302
5 5 3 4 -1  1
8906178387268324724
7 0 3 0 -1  1
8906195461862547225
1 2 0 2 -1  1
8906489337494978204
7 5 3 1 -1  1
8906594972164715767
6 1 5 0 -1  1
8906651499395095341
7 4 7 5 -1  1
8906664439790416464
6 2 5 2 -1  1
8906825658934123243
5 3 4 2 -1  1
8906876865573268125
7 4 7 6 -1  1
8906897316612158434
7 0 7 3 -1  1
8906997570066056933
6 1 4 1 -1  1
8907203654585673719
6 1 5 0 -1  1
8907559981117840449
3 1 6 4 -1  1
8907615165289254719
5 5 6 4 -1  1
8907615674732234523
6 1 4 1 -1  1
8908241145853026796
3 0 3 3 -1  1
8908448065494502493
7 3 5 4 -1  1
8908682380355760300
5 2 4 2 -1  1
8908933553649377656
7 1 7 3 -1  1
8908949772393910421
6 0 4 0 -1  1
8909059844726508404
4 7 5 5 -1  1
8909069484396663472
2 4 3 6 -1  1
8909136347650551262
2 5 1 5 -1  1
8909438832441443750
7 3 6 3 -1  1
8909438859767604117
2 3 1 4 -1  1
8909653139840004795
5 1 7 1 -1  1
8909797604561623811
6 4 6 5 -1  1
8909853711312919979
7 6 6 5 -1  1
8910101447761630940
0 5 0 6 -1  1
8910254949225925853
1 4 2 4 -1  1
8910351207602387296
6 3 2 7 -1  1
8910384273717893558
4 5 4 6 -1  1
8910644975614908787
4 5 3 4 -1  1
8910664843452647893
1 3 2 3 -1  1
8910774932126395825
5 0 4 0 -1  1
8910860907971520311
4 2 3 2 -1  1
8910915476387424855
5 3 4 4 -1  1
8911327758413801841
5 2 4 3 -1  1
8911544300066427575
6 2 6 1 -1  1
8911680123080816982
7 6 5 5 -1  1
8911744161887084800
7 5 3 5 -1  1
8911815966407287655
5 7 4 7 -1  1
8912094038671721056
5 1 6 0 -1  1
8912251701806584729
1 6 4 3 -1  1
8912344186490563235
7 4 7 0 -1  1
8912344230068697530
6 7 7 5 -1  1
8912720631524114638
6 0 5 0 -1  1
8912844996750519033
6 4 5 4 -1  1
8912989145492065732
6 4 3 1 -1  1
8913238937185040492
1 2 6 2 -1  1
8913440733092120441
7 3 6 3 -1  2
8913492677100267262
6 7 7 7 -1  1
8913645650269194841
7 4 7 6 -1  1
8913785452721057219
7 5 6 4 -1  16
8913911183497530439
4 3 2 1 -1  1
8914008684528939927
0 4 1 4 -1  1
8914114439312360567
7 5 7 2 -1  1
8914125272977664234
3 5 5 4 -1  1
8914488539061402692
5 5 4 6 -1  1
8914791989464803927
7 5 3 1 -1  1
8914837226926136311
5 7 7 5 -1  1
8914839411683750359
7 3 6 4 -1  1
8914899448419509688
1 1 4 1 -1  1
8915164278068352850
4 4 5 6 -1  1
8915267489156065293
5 5 4 3 -1  1
8915268148833875603
7 1 7 5 -1  1
8915486725838575691
7 3 5 1 -1  1
8915576712514624303
7 4 7 6 -1  2
8916076495596864009
6 1 1 6 -1  1
8916155895228362601
7 3 6 3 -1  1
8916314693056859145
4 2 3 0 -1  1
8916422561519341321
0 0 2 0 -1  1
8916462580571460529
6 4 6 0 -1  1
8916520763593756020
6 0 5 0 -1  1
8916527616867818116
5 5 4 3 -1  1
8916867676930243146
6 6 3 3 -1  1
8916909421410152801
2 1 5 1 -1  1
8917070064249092776
7 1 6 0 -1  1
8917137519800284485
7 6 5 5 -1  1
8917286935116015914
3 0 6 3 -1  1
8917308039670996927
7 2 4 5 -1  1
8917639368871776119
6 7 4 7 -1  1
8918022542660376913
4 6 3 6 -1  1
8918370942762531777
3 4 5 2 -1  1
8918454169688075690
6 5 5 4 -1  1
8918486698029702395
4 1 3 1 -1  1
8918577158552819858
0 4 0 0 -1  1
8918648587342393822
7 6 6 7 -1  1
8918680963591157389
2 0 2 2 -1  1
8919013296830355810
5 0 4 2 -1  1
8919067189765407157
4 0 3 2 -1  1
8919272431391590328
3 1 4 0 -1  1
8919441494286958653
5 6 4 5 -1  1
8919573470088279354
7 6 6 7 -1  1
8919593026634317160
7 2 5 2 -1  1
8919814093018907693
3 2 4 4 -1  1
8919908356863074054
3 4 2 4 -1  1
8919932016948671225
6 7 5 7 -1  1
8919973847718399144
7 7 7 2 -1  1
8920354785302860593
7 3 4 0 -1  1
8920506265690497068
7 1 5 2 -1  1
8920782732031063826
7 4 7 6 -1  1
8920849477443607841
7 1 5 1 -1  1
8920907418508041432
4 7 3 5 -1  1
8921446387554478806
6 1 5 1 -1  1
8921551019459632761
7 4 7 7 -1  1
8921558231460435041
7 1 6 3 -1  1
8921627994062693769
1 1 0 2 -1  1
8921721963957382988
4 1 1 4 -1  1
8921817019193691940
4 3 6 4 -1  1
8921928670337031747
6 3 4 3 -1  1
8921930418573737888
7 2 7 3 -1  1
8921956394925208124
5 4 4 4 -1  1
8922077814572501690
6 4 4 2 -1  1
8922138280573521030
4 1 6 0 -1  1
8922213131625073287
6 0 4 0 -1  1
8922238768755198922
5 5 7 6 -1  1
8922490622504008542
4 4 3 4 -1  1
8922492314027622115
5 3 3 1 -1  1
8922801429640871891
4 4 1 1 -1  1
8922811821757521413
5 5 4 5 -1  1
8923271768040395584
4 3 5 1 -1  3
8923419611669490838
5 2 3 3 -1  1
8923534267684693005
7 6 6 7 -1  1
8923574654843090276
5 4 4 5 -1  1
8923696684962999840
5 4 3 6 -1  1
8923752619837049643
6 1 5 2 -1  1
8923977926457114416
7 7 6 6 -1  1
8924214315162761812
6 1 7 2 -1  1
8924594052481318006
5 3 4 3 -1  1
8924735161361339521
7 6 7 5 -1  1
8925362773109650931
6 6 4 4 -1  1
8925386615828899862
6 4 5 5 -1  1
8925450864514180859
6 1 4 1 -1  1
8925456134093506426
7 4 7 5 -1  1
8925640426185443178
7 1 6 3 -1  1
8925755190388872850
6 4 5 3 -1  1
8925896968082395037
6 5 5 5 -1  1
8925979082771017208
6 2 6 4 -1  1
8926401704059590178
7 2 5 3 -1  1
8926482099070618003
7 0 7 2 -1  1
8926740378299676507
6 5 5 4 -1  1
8926902248030162404
6 1 5 1 -1  1
8927154663423579255
4 5 3 7 -1  1
8927385748542538306
7 1 6 1 -1  1
8927388724495674373
6 7 5 6 -1  1
8927604170678472207
1 0 7 0 -1  1
8927926147645054986
7 5 7 4 -1  1
8927941708135042269
5 7 3 5 -1  1
8927968653251982422
7 3 3 7 -1  1
8928113671510161488
3 3 1 4 -1  1
8928168108871402535
5 2 6 4 -1  1
8928284054154820211
3 6 2 4 -1  1
8928333072874551167
6 5 5 5 -1  1
8928421623255895764
7 1 6 3 -1  4
8928491106105584989
7 5 7 4 -1  1
8928628393016175239
6 5 4 5 -1  1
8928634986162292326
6 5 5 4 -1  3
8928708339522499438
4 7 5 6 -1  1
8929059960823391965
4 6 5 4 -1  1
8929067255303375838
3 3 2 2 -1  1
8929192510651330247
5 1 4 1 -1  1
8929243130748656505
7 4 7 6 -1  1
8929312778894307367
7 2 5 0 -1  2
8929332810269143309
3 1 2 1 -1  1
8929356272740973259
7 6 7 5 -1  1
8929392280451739546
3 4 2 4 -1  1
8929394192076509962
7 1 7 2 -1  1
8929439990103867187
6 5 6 4 -1  1
8929850879155142504
5 4 3 2 -1  1
8930077050023530178
3 3 1 1 -1  1
8930079900147294785
3 1 2 2 -1  1
8930094543021807570
7 3 2 3 -1  1
8930191355390102348
4 4 3 5 -1  1
8930376206815174993
6 5 4 3 -1  1
8930470898467820654
5 1 6 2 -1  1
8930695967372784610
3 1 5 3 -1  1
8930710114987504116
7 4 7 3 -1  1
8930766927939889737
3 2 1 3 -1  1
8930816682396784387
2 2 1 2 -1  1
8930828167723391519
5 3 6 4 -1  1
8930837184628719506
6 3 7 4 -1  1
8930910073701174029
4 3 3 3 -1  1
8930957541576229694
5 3 4 4 -1  1
8931038757503568765
6 7 5 7 -1  1
8931088303222305201
5 2 4 2 -1  1
8931235737004551090
7 0 7 3 -1  1
8931411698040944503
7 4 7 6 -1  1
8931494940274781930
7 3 7 0 -1  1
8931546137011034578
6 5 4 5 -1  1
8931556528461321882
5 5 4 4 -1  1
8931570625205249939
7 5 4 5 -1  1
8931819486719518446
7 6 7 7 -1  1
8931826059489787418
2 5 1 3 -1  1
8932041861662148898
6 7 5 6 -1  1
8932649458568107433
7 5 6 4 -1  1
8932816923512908023
4 4 3 4 -1  1
8932903949869909799
3 1 0 1 -1  1
8933049863205508706
1 4 3 6 -1  1
8933911860730246952
0 0 4 0 -1  1
8933934415410130467
2 5 2 1 -1  1
8934047485512446817
5 5 4 6 -1  1
8934080608537060124
6 6 7 5 -1  1
8934172974606658733
7 1 6 2 -1  1
8934403598687121141
2 1 7 1 -1  1
8934440267432119219
4 7 3 7 -1  1
8934505643514216240
7 2 6 2 -1  1
8934547766962293052
6 7 1 7 -1  1
8934912256253743642
7 3 5 4 -1  1
8935052437697361322
5 6 3 4 -1  1
8935142508119253919
7 4 6 4 -1  1
8935337754397701450
7 0 7 2 -1  6
8935433924731252059
5 5 3 4 -1  1
8935500859584025024
6 6 5 6 -1  1
8935642205613494807
1 6 2 7 -1  1
8936114074789422004
6 5 7 6 -1  1
8936675000233151711
6 7 0 7 -1  1
8936915461634770139
7 5 6 6 -1  1
8936941755349329122
5 6 6 7 -1  1
8937052714305548183
3 4 5 3 -1  1
8937119826197222037
7 5 7 0 -1  1
8937134120457868941
7 3 6 2 -1  1
8937708920683791652
4 5 3 5 -1  1
8937741811514366588
6 4 4 4 -1  1
8937774285086273637
6 6 5 6 -1  1
8937791877334589917
1 1 1 2 -1  1
8938258362606938425
7 4 4 7 -1  1
8938285358568831016
6 4 5 3 -1  1
8938359855057426556
1 4 1 5 -1  1
8938651020544577276
7 0 7 2 -1  1
8938677527743489290
4 0 3 1 -1  1
8938707641084322848
5 0 4 1 -1  1
8938901235008016286
7 0 7 2 -1  1
8938901446324273891
6 4 6 3 -1  1
8938939225139015876
0 0 0 4 -1  1
8939304845815043691
6 4 6 2 -1  1
8939437007533050251
6 3 5 3 -1  1
8939637490924307988
4 4 5 6 -1  1
8939685170874428367
6 6 6 5 -1  1
8939805789482003085
6 3 4 2 -1  1
8939806102845521572
0 3 3 0 -1  1
8939833123105566539
6 6 6 5 -1  1
8940003292722881801
6 1 5 1 -1  1
8940006135910523298
7 4 7 6 -1  1
8940177125471625511
4 4 3 2 -1  1
8940448230528514957
2 4 4 6 -1  1
8940508512686356909
7 5 0 5 -1  1
8940549441760609843
7 2 6 3 -1  1
8940719029519074164
6 6 7 6 -1  1
8941014567812292154
6 6 1 1 -1  1
8941156299726104073
3 2 4 1 -1  1
8941216334357733634
5 1 5 3 -1  1
8941248157152477592
7 2 7 3 -1  1
8941315039884749723
4 4 3 2 -1  1
8941515437694297000
7 2 6 2 -1  1
8941587549752937209
2 0 4 2 -1  1
8941607858782921169
3 1 6 4 -1  1
8941721775147139463
6 6 7 5 -1  1
8941728414265759743
7 3 4 3 -1  2
8941801553136406756
5 3 4 1 -1  1
8942041874137190353
6 2 5 2 -1  1
6 7 5 7 -1  1
8942169251196515905
7 0 7 1 -1  1
8942238774037989337
4 3 4 4 -1  1
8942246888799993395
6 0 4 0 -1  1
8942370853349682781
4 2 3 2 -1  1
8942731011807605538
0 0 0 7 -1  1
8943012397366708969
7 4 5 2 -1  1
8943174290365160450
2 4 1 4 -1  1
8943195684931601548
5 1 3 0 -1  1
8943214410672516622
4 3 2 4 -1  1
8943235621416643098
7 0 7 2 -1  1
8943557328867305875
6 3 3 0 -1  1
8944192727897253197
3 0 5 2 -1  1
8944299039869106903
6 2 6 3 -1  1
8944472547547298286
7 1 5 2 -1  1
8944896308849489591
2 7 1 5 -1  1
8944964420727727909
4 6 3 5 -1  1
8944991240774493915
4 3 5 4 -1  1
8945144088854166593
5 5 6 6 -1  1
8945433876812356315
6 3 5 5 -1  1
8945495628967449912
5 4 4 4 -1  1
8945534443224409726
6 5 5 5 -1  1
8945642580023668224
5 7 4 6 -1  5
8945718784386478903
4 5 6 4 -1  1
8945724584481531505
4 4 3 4 -1  1
8945744205858778446
6 5 2 5 -1  1
8945754010758642257
7 5 6 6 -1  1
8945760393254628576
7 3 7 1 -1  2
8945909006485353976
3 4 2 3 -1  1
8946334608854776919
7 3 5 1 -1  1
8946481409539536805
6 0 4 2 -1  1
8946600595067131105
5 4 4 2 -1  1
8946679221617951051
4 2 3 3 -1  1
8946770279068739847
4 4 5 4 -1  1
8946800251693770301
5 4 4 3 -1  1
8946960641240308085
1 3 3 3 -1  1
8947270033725533558
4 4 3 3 -1  1
8947353748389049819
7 5 6 4 -1  2
8947469811976654962
5 3 4 4 -1  1
8947534224853076449
6 3 6 7 -1  1
8947592929741442954
7 2 7 1 -1  1
8947843497901872471
2 4 3 4 -1  1
8948100676781146364
5 6 3 5 -1  1
8948643998413699394
5 5 4 6 -1  1
8948671554914230111
7 0 0 0 -1  1
8948759223844561967
7 5 7 4 -1  1
8948858535683091399
4 5 3 5 -1  1
8949547569147632452
7 5 6 4 -1  2
8949606916205361120
6 1 4 3 -1  1
8949712624845311961
7 6 7 5 -1  1
8949739429381524219
1 2 0 1 -1  1
8950282994266343522
3 6 2 7 -1  1
8950314547866493342
7 4 7 6 -1  1
8950438156492527920
6 2 5 2 -1  1
8950464903480900523
7 4 7 6 -1  1
8950583578148104251
6 1 5 2 -1  1
8950830807342123404
6 3 5 3 -1  1
8951110061621390955
6 1 5 1 -1  1
8951176140625643441
6 4 7 3 -1  1
8951277163714815505
6 2 4 0 -1  1
8951332655993402522
5 2 3 3 -1  1
8951636781728313692
6 4 7 3 -1  1
8952135210319747183
6 1 5 1 -1  1
8952248345571061646
5 5 6 7 -1  1
8952273204485593862
7 4 6 4 -1  1
8952327522559505297
4 5 3 7 -1  1
8952714309024901948
7 5 5 3 -1  1
8952882882528295821
3 4 1 3 -1  1
8953237423451636484
4 5 3 5 -1  1
8953353295390506593
4 2 3 3 -1  1
8953491788640162410
7 2 4 5 -1  1
8953628479559199303
6 3 5 1 -1  1
8953680911972099505
7 2 6 1 -1  1
8953829308081758261
4 2 3 3 -1  1
8953985366837500741
3 0 1 0 -1  1
8954315109700615743
7 5 3 1 -1  1
8954379982494169856
5 0 4 0 -1  1
8954504385351275236
4 6 3 6 -1  1
8954564723726527042
6 7 5 6 -1  1
8954622884392731688
7 0 7 4 -1  1
8954838794839917009
7 0 7 1 -1  1
8954875171730678084
7 4 7 6 -1  1
8954923578078352759
5 0 1 4 -1  1
8954984785226784599
7 3 6 5 -1  1
8955490044661128014
6 5 5 4 -1  1
8955758820069306104
6 2 5 2 -1  2
8955766360469024477
7 3 5 1 -1  1
8955932082558477026
4 4 3 3 -1  1
8955992312157156412
7 5 5 3 -1  1
8956110448173315875
4 3 3 5 -1  1
8956350766919530374
3 1 5 3 -1  1
8956378798814480676
6 4 6 2 -1  1
8956394985419423663
7 4 7 6 -1  31
8956567412392942755
6 2 4 3 -1  1
8956787305100147823
6 3 7 4 -1  1
8957157108093756403
5 4 4 3 -1  1
8957165068494485615
7 2 5 0 -1  1
8957265258000120167
7 4 7 6 -1  1
8957284014328973136
3 1 6 1 -1  1
8957987352281332601
7 7 6 7 -1  1
8958048110561538921
7 1 6 3 -1  1
8958093743998094927
7 0 4 0 -1  1
8958227337623202369
4 1 3 1 -1  1
8958617697940937262
7 4 7 7 -1  1
8958635290250416550
3 1 3 0 -1  1
8958837450493988704
5 1 4 3 -1  1
8958960006493342044
5 4 6 3 -1  1
8959148532414044540
5 5 6 3 -1  1
8959201055057842812
6 0 6 1 -1  1
8959248546841395808
6 5 5 5 -1  1
8959258914655190306
1 2 4 2 -1  1
8959357103242496363
7 3 4 3 -1  1
8959513295826329827
3 5 5 4 -1  1
8959556618655773414
7 1 6 3 -1  1
8959578063669841419
6 2 5 2 -1  1
7 5 6 4 -1  1
8959707338809056440
4 7 0 3 -1  1
8959726122663368131
7 5 6 5 -1  1
8959737727985708854
0 3 4 3 -1  1
8959769534896560991
6 4 5 3 -1  1
8959816903460066155
6 7 4 7 -1  1
8959911533043709484
5 2 5 4 -1  1
8959966115941565493
5 0 5 2 -1  1
8960314726943097123
1 1 1 0 -1  1
8960578051796624030
7 6 7 5 -1  1
8960597113367230705
4 2 3 2 -1  1
8960774324129697435
7 6 6 7 -1  1
8960838155732028130
4 5 3 4 -1  1
8960860151300062669
7 0 3 0 -1  1
8960972800820544854
5 5 3 5 -1  1
8961001436939457398
0 1 1 2 -1  1
8961306737409340841
7 3 0 3 -1  1
8961389254791113458
7 0 7 2 -1  1
8961403223192967708
5 6 4 7 -1  1
8961580709721737758
5 3 1 3 -1  1
8962183696687606636
5 3 4 4 -1  1
8962263408241518366
6 5 5 5 -1  1
8962312186317643445
6 1 5 1 -1  1
8962933626031665855
5 5 4 7 -1  1
8962959029029413775
5 1 4 3 -1  1
8963032834179820823
5 3 4 3 -1  1
8963163547878261875
6 3 3 0 -1  1
8963248801055783790
7 4 7 3 -1  1
8963285686347668339
6 2 5 2 -1  1
8963431923528383777
6 4 4 4 -1  1
8963615692692216712
4 2 4 6 -1  1
8963687005551903979
3 5 2 6 -1  1
8963780803257983362
7 3 6 3 -1  1
8963887880687943519
5 5 4 7 -1  1
8963952845927051648
3 3 2 2 -1  1
8964149791621239486
7 4 6 3 -1  1
8964353869211918532
6 3 5 1 -1  1
8964586042216857829
6 7 5 5 -1  1
8964811199418002399
7 1 7 2 -1  1
8965126158916121649
7 4 4 4 -1  1
8965302959664487661
7 6 6 4 -1  1
8966026797096166475
7 6 7 7 -1  1
8966050225393777116
2 3 1 3 -1  1
8966244626372792400
6 4 5 5 -1  1
8966247293675944997
7 3 2 3 -1  1
8966290411704122619
3 6 4 4 -1  1
8966367990291513216
5 1 6 1 -1  1
8966413579849792671
0 4 1 4 -1  1
8966552751744696412
6 2 6 6 -1  1
8966719198114332781
7 5 7 4 -1  1
8966815629168709414
5 5 5 4 -1  1
8966872275106206305
4 0 5 1 -1  1
8966877701086518047
7 0 6 0 -1  1
8967012130575927856
3 7 4 6 -1  1
8967098278909060366
6 3 5 5 -1  1
8967126932107103368
5 3 4 2 -1  1
8967164551921138686
6 5 5 5 -1  1
8967281197070088112
5 6 4 7 -1  1
8967376832888927178
7 5 7 3 -1  1
8967672817003292315
7 2 3 2 -1  1
8967882610198179349
7 5 6 6 -1  1
8967961150869797774
3 1 2 0 -1  3
8967991328709302287
7 3 6 3 -1  1
8968293384701244478
1 6 2 6 -1  1
8968350097221266710
7 5 7 7 -1  1
8968454342086147624
6 3 7 5 -1  1
8968504769929285222
6 3 4 1 -1  1
8968609410517556318
1 3 1 1 -1  1
8968871973224922363
4 0 3 2 -1  1
8968952519858550038
5 2 3 0 -1  1
8968961786304006977
6 7 5 7 -1  1
8969005279926700669
3 3 2 3 -1  1
8969334981140747774
4 1 5 0 -1  1
8970068319338072592
3 5 2 3 -1  1
8970182124840498394
5 1 4 1 -1  1
8970460970211290799
5 4 5 3 -1  1
8970525722183917935
7 5 7 2 -1  1
8970580904484336686
3 0 1 0 -1  1
8970590803938608635
7 2 5 0 -1  1
8970617310080215158
3 1 4 2 -1  1
8970706071758160255
6 6 0 0 -1  1
8970792546042820264
7 1 5 2 -1  1
8970879755734543690
7 6 7 0 -1  1
8971444359917315921
7 3 6 2 -1  1
8971481797163715688
7 2 4 2 -1  1
8971517978813346382
3 0 2 0 -1  1
8971593955732524393
5 2 3 0 -1  1
8971873652406868265
7 0 6 0 -1  1
8972236998797549390
3 2 2 2 -1  1
8972348865669435973
4 5 1 2 -1  1
8972459545585764981
6 2 3 2 -1  1
8972461335517359771
3 5 2 6 -1  1
8972565116053768577
6 4 5 3 -1  1
8972591966436684193
6 3 5 1 -1  1
8972718469759053346
6 5 4 5 -1  1
8972725049613994822
3 5 2 3 -1  1
8972999766352502185
6 3 5 5 -1  1
8973099472457522356
6 3 7 3 -1  1
8973321190772332366
7 6 4 6 -1  1
8973339655154651302
5 0 4 1 -1  1
8973416753106960860
6 3 4 1 -1  1
8973459753726055625
6 3 5 2 -1  1
8973636224970965425
7 3 7 5 -1  1
8973811080965932218
6 6 4 6 -1  1
8974206193304374586
3 2 3 3 -1  1
8974264596571679311
7 6 5 6 -1  1
8974559904705945287
7 2 6 1 -1  1
8974614571359489141
7 3 5 3 -1  1
8974666664397436804
7 4 7 6 -1  1
8974700173124294621
7 5 6 6 -1  1
8974828286050253501
5 2 4 2 -1  1
8974921317171877494
4 7 3 7 -1  1
8974974705100488250
6 6 5 5 -1  1
8975248101324779794
6 7 5 7 -1  1
8975618345761166477
5 5 6 3 -1  1
8975634593513568879
3 0 3 3 -1  1
8975760858762883347
7 5 7 2 -1  1
8975828313458148678
5 0 4 0 -1  1
8975921970787699194
3 7 2 7 -1  1
8976000466174692140
7 4 7 6 -1  1
8976099153916274969
2 3 2 2 -1  1
8976563324641619617
6 4 5 3 -1  1
8976563656347775230
7 5 6 4 -1  1
8976587509661243151
6 5 4 5 -1  1
8976665830684698397
2 3 5 3 -1  1
8976839903098719126
7 3 7 1 -1  1
8977059114827787295
7 0 7 1 -1  1
8977124629376933557
5 3 5 4 -1  1
8977132145870569165
7 0 7 3 -1  1
8977279445448141008
6 2 5 2 -1  1
8977470060278727778
4 4 5 4 -1  1
8977678971633426494
7 2 4 2 -1  1
8977752902055550425
6 4 7 4 -1  1
8978266126568032448
7 3 7 2 -1  1
8978342610882064825
6 4 5 6 -1  2
8978498268824645600
4 4 3 2 -1  1
8978580288812368633
6 5 4 5 -1  1
8978749607731771155
4 0 4 1 -1  1
8979104132973883828
4 0 4 2 -1  1
8979570719680448260
5 7 4 6 -1  1
8979626559089079981
5 6 4 5 -1  1
8979677014849201071
4 4 3 4 -1  1
8979755159236861793
0 1 3 1 -1  1
8979798721210412333
6 3 5 1 -1  1
8980055870124782281
7 6 7 7 -1  1
8980106167771135445
7 2 0 2 -1  1
8980151877118604567
7 1 6 1 -1  1
8980282287187246334
3 7 2 7 -1  1
8980552513201045368
6 6 5 6 -1  1
8980557184544265284
4 6 3 6 -1  1
8981158346342074874
3 1 6 4 -1  1
8981442252501224818
7 1 4 1 -1  1
8981610850076254482
4 7 3 7 -1  1
8981680783984379005
6 3 5 3 -1  1
8981712068487840823
5 2 4 2 -1  1
8981868849555217573
7 1 7 2 -1  1
8982004276714234698
5 5 6 3 -1  1
8982074815399206697
4 0 4 2 -1  1
8982077216342109189
7 1 6 3 -1  1
8982269492952767139
2 2 4 1 -1  1
8982395858062851197
4 5 4 7 -1  1
8982558610486187193
7 1 6 3 -1  1
8982558876126775338
6 2 5 3 -1  1
8982781027905552756
6 3 6 5 -1  1
8982902324944715481
3 5 1 5 -1  1
8982945138681867774
6 4 5 5 -1  2
8983269087547154826
3 5 3 1 -1  1
8983529596252191539
6 6 2 2 -1  1
8983904413834875403
3 4 2 4 -1  1
8983915209666036405
2 2 2 5 -1  1
8983951153010794145
6 6 7 7 -1  1
8984173036625637928
7 1 2 1 -1  1
8984202189205409325
4 6 3 6 -1  1
8984236016597126004
3 3 6 0 -1  1
8984397157664368246
7 5 6 4 -1  1
8984518567155942765
7 2 0 2 -1  1
8984553087311400630
3 2 0 5 -1  1
8984619765606955620
7 4 3 4 -1  1
8984780451196245382
5 7 4 6 -1  1
8985077791303833020
2 5 3 3 -1  1
8985346201332787429
5 5 3 4 -1  1
8985451262718875363
7 4 7 6 -1  1
8985703998029117604
6 6 4 7 -1  1
8985760164927445629
0 1 1 1 -1  1
8985764306155074725
3 4 3 5 -1  1
8985884821884531097
5 1 7 2 -1  1
8985947502885039429
6 6 7 5 -1  1
8986132114599156746
7 3 7 4 -1  1
8986749329009331370
6 6 7 6 -1  1
8986866304595159732
5 7 7 5 -1  1
8986876478928236407
5 2 3 3 -1  1
8986916687791086657
4 3 5 5 -1  1
8987291308260514472
7 7 6 6 -1  1
8987558758630607716
4 4 3 5 -1  1
8987933172913803366
7 1 7 3 -1  1
8987964232889078759
5 5 6 7 -1  1
8988113760735195991
5 2 4 3 -1  1
8988203074521467038
7 5 6 4 -1  1
8988295663305231715
3 1 4 2 -1  1
8988619555050568442
7 3 4 3 -1  1
8988670177602848156
6 6 2 2 -1  1
8988675216066497523
6 6 5 5 -1  1
8988979645958756117
7 5 6 6 -1  4
8988998951141739805
7 2 6 2 -1  1
8989395614156107507
5 2 4 3 -1  1
8989542538449349192
6 5 4 5 -1  1
8989589923574437352
7 2 7 1 -1  1
8989660669740467623
7 4 6 3 -1  1
8989793709416520238
7 0 2 0 -1  1
8990446933459390260
7 3 1 3 -1  1
8990540672340958376
4 0 5 2 -1  1
8990969756574727736
7 6 6 5 -1  1
8990973502423908355
6 6 5 6 -1  1
8991025274142749933
6 4 5 4 -1  1
8991169988552538003
4 3 0 3 -1  1
8991461827328630426
7 5 7 4 -1  1
8991654909235839218
6 2 5 2 -1  1
8991808655007979927
6 6 5 5 -1  1
8992072288225118664
7 5 2 5 -1  1
8992419980257027436
7 2 5 2 -1  1
8992427274352378137
7 1 2 1 -1  1
8992482119913835547
4 1 3 1 -1  1
8992506956667306714
0 3 0 2 -1  1
8992874847538003294
6 4 4 4 -1  1
8992995711452260870
7 4 5 4 -1  1
8993116255326106755
1 0 1 3 -1  1
8993404174704478166
7 3 7 4 -1  1
8993688360146757497
4 0 4 3 -1  1
8993699551824243251
5 2 3 0 -1  1
8993736595921171251
5 0 4 0 -1  1
8994209002936946157
7 3 5 3 -1  1
8994269402918404282
1 5 1 4 -1  1
8994294457497588870
4 4 6 2 -1  1
8994720704114267636
6 3 4 5 -1  1
8995032665920093664
6 7 5 7 -1  1
8995104779136247069
2 0 3 1 -1  1
8995260422463012674
5 4 4 4 -1  1
8995315910903579588
7 4 0 4 -1  1
8995322654517856599
7 3 6 2 -1  1
8995375223408096157
5 4 5 5 -1  1
8995377923307330865
6 2 5 2 -1  1
8995975284914244794
3 2 2 2 -1  1
8996346059241732833
7 6 6 5 -1  1
8996564509903860744
7 2 0 2 -1  1
8996888822745221148
7 4 7 6 -1  1
8997037160684348435
3 2 0 2 -1  1
8997091457956156090
7 4 5 4 -1  1
8997110709019490402
6 2 7 3 -1  1
8997188850420801528
3 0 0 0 -1  1
8997385991068492635
6 3 4 4 -1  1
8997393260546980049
3 1 2 1 -1  1
8997449850015598154
6 2 6 6 -1  1
8997697116442310233
6 4 5 3 -1  1
8998369484429950955
4 6 5 5 -1  1
8998437995003383975
7 5 7 4 -1  1
8998618798294613868
5 6 4 6 -1  1
8998654280667282135
7 0 7 5 -1  1
8998714579151966577
6 3 6 4 -1  1
8998784922892217286
2 0 1 0 -1  1
8998885425303790917
6 1 5 1 -1  1
8998967432283831210
6 3 7 3 -1  1
8999032001058310571
7 4 7 6 -1  1
8999098197712696352
7 6 6 5 -1  1
8999256070465969065
5 7 4 7 -1  1
8999869995470767703
5 5 5 6 -1  1
8999957818508188298
4 1 3 1 -1  1
8999965724298058231
4 6 3 6 -1  1
9000123328950311212
6 4 5 3 -1  1
9000155876573160385
5 5 4 6 -1  1
9000385812391977067
6 3 4 5 -1  1
9000398485371223796
4 4 3 3 -1  1
9000418378561366900
7 4 7 6 -1  1
9000605847999068374
6 3 4 2 -1  1
9000659422636043038
2 2 1 0 -1  1
9000676083324108978
6 6 5 6 -1  1
9000926712998740198
7 5 5 4 -1  1
9000968830428804116
6 2 4 2 -1  1
9001158137099229870
3 0 1 2 -1  1
9001160309513525835
4 4 2 3 -1  1
9001430385045180429
6 1 5 1 -1  1
9001491687647130749
6 2 4 2 -1  1
9001558599016133586
4 3 3 1 -1  1
9001606365234177985
6 3 4 3 -1  1
9001709598111645373
5 5 4 4 -1  1
9001804481307031546
3 2 4 4 -1  1
9001943734176662308
6 3 6 2 -1  1
9002017066939710199
6 7 7 6 -1  1
9002127744958018442
6 4 5 4 -1  1
9002241798212636086
7 4 7 6 -1  1
9002368978496017291
6 4 7 3 -1  1
9002541805232420795
5 2 4 3 -1  1
9002556216889828739
7 3 6 3 -1  1
9002707721795040450
5 4 3 5 -1  1
9002763225167100702
7 0 7 1 -1  1
9002800474201071581
5 4 4 4 -1  1
9002838626340556134
5 4 6 6 -1  1
9002863493410665807
4 4 3 2 -1  1
9002949832910213715
7 4 6 4 -1  1
9003098008767953097
5 5 4 5 -1  1
9003100200585701793
5 2 4 4 -1  1
9003469109233206326
5 3 5 2 -1  1
9003508199106609028
4 2 6 3 -1  1
9003566607590356626
5 6 7 6 -1  1
9003755238871279227
5 2 4 3 -1  1
9003885347372347509
6 3 5 2 -1  1
9004554931673070453
4 0 0 0 -1  1
9004564848218523212
6 2 5 2 -1  1
9004578075528417562
6 1 2 1 -1  1
9004645428405077370
6 5 5 5 -1  1
9004773297973848017
7 2 5 4 -1  1
9004907117282476068
7 5 6 6 -1  1
9004920570870837490
6 4 7 5 -1  1
9005057134819878133
6 4 6 0 -1  1
9005290507761190208
7 2 6 3 -1  1
9005302050032014634
5 6 4 6 -1  1
9005457601195693760
7 5 6 6 -1  1
9006045444039386097
5 4 4 4 -1  1
9006272786511403669
5 5 6 6 -1  1
9006477776739829763
0 0 0 7 -1  1
9006530370282386347
6 7 5 7 -1  1
9006806667413001042
7 1 6 3 -1  1
9006851313624931787
6 7 4 7 -1  1
9006874699211363980
4 5 2 3 -1  1
9007024482201176797
2 5 2 4 -1  1
9007184211175575791
6 7 5 7 -1  1
9007555774397984701
7 1 5 2 -1  1
9007855490593844080
3 4 1 2 -1  1
9007920510989222823
6 3 4 4 -1  1
9008329071058696363
2 2 3 1 -1  1
9008343938225193346
5 2 6 3 -1  1
9008783037462412093
6 2 2 6 -1  1
9008806260271247259
6 3 5 1 -1  1
9008887990636142689
3 1 2 1 -1  1
9008936427504881439
4 4 3 4 -1  1
9008950513002114168
4 2 5 3 -1  1
9009107321750149944
4 0 2 0 -1  1
9009247038451261854
7 6 5 5 -1  1
9009400734152521604
4 2 7 5 -1  1
9009480847052076969
7 3 5 1 -1  1
9009915157240714289
7 3 4 3 -1  1
9010008862127031653
6 5 4 5 -1  1
9010053271220627066
7 2 5 0 -1  1
9010067295600513979
4 4 3 3 -1  1
9010496600343279737
7 3 6 4 -1  1
9010803260852022723
1 4 2 2 -1  1
9010870742180519845
7 5 7 4 -1  1
9011288282236392136
5 3 4 4 -1  1
9011345633072897580
7 6 5 5 -1  1
9011661039734177147
3 6 2 7 -1  1
9011911606117375054
6 6 5 6 -1  2
9012033938099720348
6 1 4 1 -1  1
9012133977714883369
7 2 4 5 -1  1
9012156637714781000
6 5 6 4 -1  1
9012168775378634410
1 1 2 0 -1  1
9012301746316420377
5 6 4 7 -1  1
9012677706124725335
5 3 3 2 -1  1
9012863639855047402
6 3 5 5 -1  1
9012864415526044377
7 3 7 2 -1  1
9012874327786695734
7 4 7 6 -1  1
9012916769236912266
6 5 4 3 -1  1
9012947305148322601
4 3 6 3 -1  1
9013206337944794394
6 3 2 7 -1  1
9013255626356367413
5 7 5 5 -1  1
9013377242747033325
7 7 3 7 -1  1
9013378401727967528
7 4 7 6 -1  1
9013425893486315239
6 6 5 5 -1  1
