9013468585620694756
7 0 3 0 -1  1
9013705503795301501
6 5 6 6 -1  1
9013738952943664553
6 2 6 1 -1  1
9014230586987917230
6 0 5 0 -1  2
9014231071673605693
7 2 6 3 -1  1
9014252267088635050
0 1 0 0 -1  1
9014294361786824706
6 4 5 3 -1  1
9014336695638854858
3 7 2 7 -1  1
9014539691113148578
6 3 5 3 -1  1
7 6 5 5 -1  1
9014556512992522130
7 0 7 2 -1  1
9014593152812146809
7 4 7 6 -1  1
9014617528914614717
7 5 3 1 -1  1
9014718019527861787
5 4 4 3 -1  1
9014946246154498374
3 6 2 6 -1  1
9014998292779372004
7 4 7 6 -1  1
9015012462846503458
7 2 5 3 -1  1
9015133885746343822
7 0 7 2 -1  1
9015192808743069164
7 6 6 4 -1  1
9015210048716316610
6 2 6 1 -1  1
9015224041395257181
7 1 3 1 -1  1
9015280892655792967
4 4 3 3 -1  1
9015346979652752986
7 0 7 3 -1  1
9015348280134476359
6 7 4 7 -1  1
9015416172632547400
7 1 6 3 -1  1
9015430119559035604
4 2 3 3 -1  1
9015493079547860231
5 5 4 3 -1  1
9015559021191201977
7 0 7 6 -1  1
9015596459368380099
6 5 3 2 -1  1
9015717212670622165
7 5 6 6 -1  1
9016085848031035352
5 3 5 2 -1  1
9016120246517397553
7 0 7 1 -1  1
9016245399688338353
5 6 6 7 -1  1
9016357287597688187
7 7 7 5 -1  1
9016483580688084560
4 6 5 6 -1  1
9016504627207788353
7 5 7 4 -1  1
9016550425532725822
6 4 5 3 -1  1
9016585241805409404
6 3 7 4 -1  1
9016682523479675138
6 1 5 2 -1  1
9016795221637512320
7 0 7 2 -1  1
9016812868235201637
7 6 6 4 -1  1
9016904813494278864
5 7 2 4 -1  1
9016955499081578131
2 3 2 4 -1  1
9017094201763616366
6 4 5 4 -1  3
9017245144098495599
7 3 4 0 -1  1
9017350430368053502
3 0 2 0 -1  1
9017680040340451790
7 2 7 4 -1  1
9017906100224695049
7 3 6 4 -1  1
9017979850715597787
2 0 5 3 -1  1
9018317810246540040
6 6 7 5 -1  1
9018356287884091636
7 3 6 2 -1  1
9018428539617878688
5 5 4 3 -1  1
9018499122960313991
6 1 5 1 -1  1
9018505529302981469
6 4 4 4 -1  1
9018519087971404226
5 1 6 0 -1  2
9018619377533805527
7 2 5 4 -1  1
9018752507298630324
5 2 3 0 -1  1
9019076008629910800
5 2 4 0 -1  1
6 4 7 5 -1  2
7 0 7 1 -1  1
7 2 6 3 -1  2
9019108959110370038
7 4 7 6 -1  1
9019428642003042294
2 7 1 7 -1  1
9019738106656096035
1 0 1 4 -1  1
9019784036112835045
7 3 7 6 -1  1
9019923489862403855
6 1 5 2 -1  1
9020214665532822168
7 4 7 6 -1  1
9020259532008606027
7 3 1 3 -1  1
9020301709111975879
4 7 3 6 -1  1
9020312256623040122
6 3 4 2 -1  1
9020402335763447905
5 2 4 1 -1  1
9020439337298032725
5 3 4 2 -1  1
9020580961389750193
7 6 5 5 -1  1
9020697029691724754
5 4 4 4 -1  1
9020727324549819851
7 1 7 4 -1  1
9020807630984313458
5 5 3 3 -1  1
9020845992935808962
5 5 6 7 -1  1
9020852208485160884
7 3 5 1 -1  1
9020877818126647298
5 1 6 2 -1  1
9020891441516977169
2 2 5 5 -1  1
9020938704186377819
6 2 4 2 -1  1
9020973614548475580
2 3 2 2 -1  1
9021202101283284226
6 1 5 1 -1  1
9021585863058121795
5 2 4 0 -1  1
9021931617145485160
4 2 2 3 -1  1
9022083441994272899
3 6 1 5 -1  1
9022267265259466529
6 1 5 1 -1  1
9022291886101195249
7 6 6 7 -1  1
9022298802075919405
2 3 2 7 -1  1
9022411759838312489
5 5 4 5 -1  1
9022652097529943821
6 0 5 0 -1  1
9022921684118841855
5 4 6 5 -1  1
9022943716801887385
5 2 4 2 -1  2
9022972758876861465
7 3 6 3 -1  1
9023064805643347639
6 4 7 5 -1  1
9023580543861526517
5 5 4 4 -1  1
9024033768415847869
7 3 6 4 -1  1
9024271965516555381
5 5 4 7 -1  2
9024319390131789884
5 5 6 5 -1  1
9024433594037119802
6 1 7 0 -1  1
9024509578260857719
7 0 7 1 -1  1
9024588801535214177
3 1 0 4 -1  1
9024832552458328560
7 3 5 3 -1  1
9024887595188348941
7 7 6 7 -1  1
9025117143885500397
6 4 7 5 -1  1
9025391237650564870
4 3 3 2 -1  1
9025413422757862601
4 4 3 4 -1  1
9025474997485520300
4 2 3 2 -1  1
9025521273486376717
4 2 3 3 -1  1
9025815888158956885
5 2 4 3 -1  1
9025998844007177969
4 3 3 5 -1  1
9026048432873208779
4 7 2 7 -1  1
9026080394953718459
7 1 5 2 -1  1
9026314727268508895
5 5 3 6 -1  1
9026393609122649596
7 2 3 2 -1  1
9026426838334478014
3 3 3 0 -1  1
9026440857562433400
5 1 4 1 -1  1
9026669350872698243
6 7 5 7 -1  1
9026712759590453572
6 7 6 6 -1  1
9027026323892823848
6 1 6 5 -1  2
9027220663805306962
5 7 4 6 -1  1
9027231654347525473
2 4 7 4 -1  1
9027282421320258883
7 5 6 6 -1  1
9027353466745690444
7 6 7 7 -1  1
9027634245073136625
3 1 2 0 -1  1
9028077303397667817
5 2 6 4 -1  1
9028403014057200274
7 6 6 6 -1  1
9028579272212496431
6 4 6 5 -1  1
9028693277339697305
6 2 5 3 -1  1
9029108433917777227
6 5 6 6 -1  1
9029115181177422577
6 1 4 1 -1  1
9029261223668192867
6 5 6 4 -1  1
9029395753946334817
1 0 0 1 -1  1
9029521641879167086
7 1 6 3 -1  1
9029558046375811933
6 3 4 2 -1  1
9029786622040302965
5 3 6 2 -1  1
9029831705736969813
7 0 7 2 -1  1
9029903884100046000
5 6 3 6 -1  1
9030191782622331395
6 5 6 4 -1  1
9030433257815165189
6 6 5 5 -1  1
9030541736848000627
7 5 7 4 -1  1
9030661781806941727
6 3 7 5 -1  1
9030699289858042865
4 4 2 3 -1  1
9030946969295242928
6 6 4 5 -1  1
9031031166141677743
6 3 5 3 -1  1
9031458730945856283
4 3 7 0 -1  1
9031497936990674519
6 3 4 2 -1  1
9031557523382629886
7 3 6 3 -1  1
9031639680600045429
7 5 7 3 -1  1
9031907458827587417
4 0 3 1 -1  1
9032018134793806229
4 0 3 1 -1  1
9032470873866031740
7 3 6 3 -1  1
9032502648189343724
7 3 6 4 -1  1
9032538314598289557
4 4 5 3 -1  1
9032546425319227349
5 2 4 3 -1  1
9032605279690476771
5 3 4 4 -1  1
9032745755517060406
4 0 3 0 -1  1
9032837550771629837
4 3 3 4 -1  1
9033187724525754897
7 0 7 4 -1  1
9033211241576168112
5 5 6 5 -1  1
9033720906298257804
3 3 2 4 -1  1
9033773138250934645
4 0 3 0 -1  1
9033789371713271260
5 2 4 4 -1  1
9033867787894124856
6 2 5 1 -1  1
9033893061158366463
7 2 4 2 -1  1
9034413230555051063
5 2 4 3 -1  1
9034441771422227162
5 6 2 3 -1  1
9034553890158448212
3 4 2 5 -1  1
9034772907384465477
7 3 4 0 -1  1
9034823162840787499
4 2 3 3 -1  1
9034970260017093118
5 7 2 4 -1  1
9035047977845345852
4 3 2 2 -1  1
9035121539718013045
0 0 3 0 -1  1
9035628639408028350
7 6 6 5 -1  1
9035659421519125191
5 5 3 7 -1  1
9035700450589699128
4 5 3 7 -1  1
9035730970708233043
3 4 2 2 -1  1
9035772807895420785
7 4 7 6 -1  1
9035837545764835107
2 5 1 5 -1  1
9036094544987274005
6 4 6 2 -1  1
9036313582609369370
5 6 4 7 -1  1
9036345899831355252
6 2 5 3 -1  1
9036581555181126508
2 1 6 1 -1  1
9036826308095818478
6 4 5 4 -1  1
9036861523033644448
5 4 4 3 -1  1
9037014992109878119
7 3 3 3 -1  1
9037121747843159893
5 3 4 3 -1  1
9037712468798407177
5 3 4 3 -1  1
9037945958977400672
3 0 2 0 -1  1
9038122215053742825
6 4 4 3 -1  1
9038154608591035297
7 2 6 2 -1  1
9038342361431190529
6 3 5 4 -1  1
9038680520511238811
5 7 4 7 -1  1
9038986741027211554
6 3 5 3 -1  1
9039000817597728426
5 4 1 0 -1  1
9039039165369283873
4 2 5 0 -1  1
9039164805878583719
4 0 5 1 -1  1
9039394316832769730
7 2 5 4 -1  1
9039459035348249251
7 2 6 3 -1  1
9039586761316210829
5 0 4 0 -1  1
9039765876867569560
7 3 7 1 -1  1
9039872209837655221
4 7 3 7 -1  1
9039970389099044466
6 3 7 5 -1  1
9040007963869822891
2 1 4 1 -1  1
9040100929630453505
5 5 4 5 -1  1
9040368714397876236
6 4 5 3 -1  1
9040715098488863937
7 5 3 5 -1  1
9040745752031061973
5 4 5 5 -1  1
9040984455689753492
7 1 5 1 -1  1
9041018121150334100
2 1 0 2 -1  1
9041102980301968734
6 2 4 2 -1  1
9041379378298555185
7 5 7 2 -1  1
9041395441743375788
5 2 4 2 -1  1
9041435621243582541
5 4 4 5 -1  1
9041638859040608899
1 1 1 3 -1  1
9041707013804331154
7 6 6 6 -1  1
9041999617162161355
4 4 3 4 -1  1
9042005324990699690
5 3 3 2 -1  1
9042268060491322993
6 3 5 5 -1  1
9042300836974502823
3 3 2 2 -1  1
9042361434583408246
6 5 4 5 -1  1
9042486893714592857
6 1 5 1 -1  1
9042560574235828749
7 2 3 6 -1  5
9042739156344800512
1 0 7 0 -1  1
9043018770589798009
6 7 5 7 -1  1
9043244465565946564
0 0 7 0 -1  1
9043264229326378372
7 5 3 5 -1  1
9043331231070153299
5 2 4 4 -1  1
9043703631724028118
7 3 5 3 -1  1
9043767455966821527
3 6 7 2 -1  1
9043879276701178025
7 5 7 2 -1  1
9044023275748183105
5 4 5 5 -1  1
9044094147916372471
4 5 3 6 -1  1
9044500697103853137
3 1 4 3 -1  1
9044511580064054693
4 4 3 3 -1  1
9044690588850920194
3 0 2 1 -1  1
9044801639216032650
6 4 5 5 -1  1
9044883696873300221
4 6 2 6 -1  1
9045181524044460422
7 3 4 3 -1  1
9045186173460025210
7 3 7 5 -1  1
9045713266647976087
7 0 7 2 -1  1
9045950447419240790
6 5 5 4 -1  1
9045965047435835845
6 6 6 7 -1  1
9045967068675436994
7 5 4 5 -1  1
9046089403916848847
5 7 4 6 -1  1
9046313477136527127
1 5 0 5 -1  1
9046384472077897113
3 5 5 6 -1  1
9046459249601651548
2 7 1 7 -1  1
9046735004330686751
6 6 4 6 -1  1
9046835138090336979
4 3 3 4 -1  1
9047090955470029996
7 2 6 2 -1  1
9047171617914332439
5 5 4 4 -1  1
9047468341633683310
5 5 4 5 -1  1
9047764353710605660
7 6 6 6 -1  1
9047876290511554720
4 0 3 0 -1  1
9048045586834632085
7 4 5 3 -1  1
9048147119834364162
4 2 4 1 -1  1
9048851347797306063
6 5 2 5 -1  1
9048978439014383146
5 6 6 5 -1  1
9049130733762673689
6 3 5 1 -1  1
9049434293081034480
3 1 5 3 -1  1
9049674641053385870
5 5 6 3 -1  1
9049683913194609191
7 4 7 6 -1  1
9049851458953952386
7 4 6 4 -1  1
9049930676184504736
4 7 3 5 -1  1
9050007555826067585
5 5 3 4 -1  1
9050069363201766745
4 3 3 3 -1  1
9050166698663268544
7 6 5 5 -1  1
9050236770610503147
7 0 6 0 -1  1
9050293749554354055
7 4 7 0 -1  1
9050309737771462082
7 5 6 4 -1  1
9050495042711534271
5 3 2 0 -1  1
9050698066288319870
2 1 4 2 -1  1
9050768538675023049
6 4 5 4 -1  1
9050902120348490651
6 5 6 4 -1  1
9051045720782728050
5 3 4 3 -1  1
9051067786862977332
4 0 3 1 -1  1
9051076798213105278
6 5 6 4 -1  1
9051226282844778287
7 0 7 1 -1  1
9051274231221465529
6 3 7 4 -1  1
9051363805158126686
3 1 4 2 -1  1
9051543649390658384
7 1 5 2 -1  1
9051612697061840491
6 4 5 6 -1  1
9051736210089846572
5 3 5 2 -1  1
9052131364235100490
4 2 3 4 -1  1
9052316882256532425
5 5 4 3 -1  1
9052318105368955781
2 0 1 0 -1  1
9052322480259670217
5 5 4 6 -1  1
9052332616535181474
0 1 1 1 -1  1
9052396303727888517
6 3 4 3 -1  1
9052426328363403383
6 1 3 4 -1  1
9052481808705189766
4 0 3 0 -1  1
9052581882292720493
3 1 2 1 -1  1
9052783981353698458
2 3 0 1 -1  1
9052815871418998380
7 0 7 5 -1  1
9053101887539574335
2 2 3 4 -1  1
9053420232111818356
7 3 7 2 -1  1
9053525912081382606
5 7 7 7 -1  1
9053635443989583568
6 5 6 6 -1  1
9053661613471182649
6 6 5 7 -1  1
9053681718620274386
2 4 2 3 -1  1
9053695992715624768
3 1 2 2 -1  1
9053759603121856118
6 3 5 3 -1  1
9054418132118787481
7 5 7 3 -1  1
9054524574558616662
1 0 1 2 -1  1
9054843617527042257
6 3 3 0 -1  1
9054851728568745609
7 6 6 4 -1  1
9054871525150090837
4 4 0 0 -1  1
9054942926004116596
4 1 6 2 -1  1
9055272359928613041
7 6 7 5 -1  1
9055427888935733903
4 7 5 6 -1  1
9055606079736536432
6 4 7 3 -1  1
9055726028091505880
2 1 5 4 -1  1
5 7 4 7 -1  1
9055809799389899098
3 0 3 2 -1  1
9055919358004663002
5 4 6 5 -1  1
9056015081861406028
7 3 4 0 -1  1
9056064377733184879
4 2 3 1 -1  1
9056174944099090658
6 5 5 5 -1  1
9056576064591509418
3 3 2 4 -1  1
9056699285947910665
7 3 4 3 -1  1
9056922283598241446
2 0 5 0 -1  1
9057131216445105622
7 5 3 1 -1  6
9057426757469764065
5 2 4 3 -1  1
9057507339879752053
7 0 7 4 -1  1
9058223925411480755
6 3 4 2 -1  1
9058259064818500545
4 6 3 5 -1  1
9058334018404607405
5 5 4 3 -1  1
9058392820787355056
7 7 5 7 -1  1
9058682039838309291
5 2 4 0 -1  1
9058779974312584580
3 4 5 5 -1  1
6 3 5 5 -1  1
9058887877243244133
7 1 5 2 -1  4
7 3 7 2 -1  2
9059034544888963980
6 3 6 2 -1  1
9059046638430090848
4 4 3 3 -1  1
9059123713830356424
3 5 3 4 -1  1
9059140413984397729
7 1 5 2 -1  2
9059200919813083355
7 1 5 2 -1  1
9059344278385706286
7 5 7 2 -1  1
9059428673364379842
6 2 5 1 -1  1
9059519003097498707
7 4 7 6 -1  1
9059800653293857609
6 1 4 1 -1  1
9060514784021396062
4 4 2 5 -1  1
9060915554752862779
3 1 2 3 -1  1
9061023617622880498
6 4 5 4 -1  1
9061132046099911419
5 7 5 5 -1  1
9061151130526473313
5 7 4 7 -1  1
9061257133101692309
6 4 4 5 -1  1
9061323440696768726
5 3 4 4 -1  1
9061554588095370988
7 6 5 5 -1  1
9062033878369127886
7 5 7 4 -1  1
9062114142228976192
7 6 7 3 -1  1
9062179515779922495
4 3 3 3 -1  1
9062183380506070790
4 7 3 6 -1  1
9062355164245654138
7 2 5 0 -1  1
9062395543182400078
2 1 1 1 -1  1
9062711540143414925
6 1 2 5 -1  1
9062717571791799109
5 4 4 3 -1  1
9062812500287891953
2 2 1 2 -1  1
9063103404222647137
3 2 2 1 -1  1
9063209857752948817
4 5 3 4 -1  1
9063314371280217894
4 3 6 4 -1  1
9063965279501186766
2 4 3 3 -1  1
9064234120778994002
4 3 3 3 -1  1
9064318051069825034
5 6 4 6 -1  1
9064363199631037160
7 6 5 5 -1  1
9064459534157598918
4 3 3 2 -1  1
9064577713271510396
5 1 2 1 -1  1
9064738242634785081
4 2 3 1 -1  1
9064879428773543183
4 5 2 4 -1  1
9065031129380298375
6 3 5 1 -1  1
9065178023309903776
6 3 4 1 -1  1
9065252056808551604
3 4 2 4 -1  1
9065339979238132505
4 1 3 0 -1  1
9065369851399202552
4 0 3 0 -1  1
9065600334577378050
6 4 6 1 -1  1
9065736276671923886
6 4 7 5 -1  1
9065785420798820154
5 0 5 2 -1  1
9066088617948760412
4 6 5 6 -1  1
9066321982232386469
4 7 4 6 -1  1
9066481462109932183
5 4 6 4 -1  1
9066745998510590492
4 0 3 0 -1  1
9066802344905020463
6 5 5 4 -1  1
9066838144446692357
3 4 4 4 -1  1
9067181045238172900
5 6 4 6 -1  1
9067372347516756551
5 0 4 1 -1  1
9067429218452558790
6 4 6 5 -1  1
9067689310129404439
1 6 3 5 -1  1
9068121355198295274
7 6 6 7 -1  1
9068140289883261445
6 6 5 5 -1  1
9068536546874763647
3 3 2 3 -1  1
9068568209033402769
2 1 1 0 -1  1
9068820964569968979
7 6 6 7 -1  1
9068858481191615390
5 2 6 4 -1  1
9068924229205916618
1 6 5 6 -1  1
9069056251922853820
6 2 5 1 -1  1
9069442403530307810
6 2 3 2 -1  1
9069549142446872769
7 5 7 3 -1  1
9069605362210249400
7 5 4 2 -1  1
9069629404205357178
5 5 4 6 -1  1
9069704563587724409
5 3 6 1 -1  1
9069732086243817694
5 5 5 4 -1  1
9069809893021004677
7 5 6 6 -1  1
9069870029997763190
5 4 7 2 -1  1
9069975700558940830
5 1 4 1 -1  1
9070537346599957777
4 2 3 3 -1  1
9070719767681415419
4 2 3 2 -1  1
9070897325881915837
5 0 3 2 -1  1
9071374657758421060
6 2 5 2 -1  1
9071477600951878879
7 5 6 5 -1  1
9071478627903979642
7 5 7 6 -1  1
9072153229103235623
5 5 6 3 -1  1
9072448233218029563
6 6 5 6 -1  1
9072570588012586598
5 4 4 4 -1  1
9072575467033643610
1 6 2 5 -1  1
9072694378714722248
6 1 5 1 -1  1
9073011570053814025
6 1 5 1 -1  1
9073016677808399593
5 6 4 6 -1  1
9073026046151542536
6 5 5 7 -1  1
9073132487460058230
7 6 6 6 -1  1
9073165505332130898
2 7 1 5 -1  1
9073450646103868670
5 4 4 3 -1  1
9073598321916691836
2 1 3 0 -1  1
9073654777463001208
0 4 0 5 -1  1
9073992633626808204
6 4 6 3 -1  1
9074159729888073931
5 2 4 0 -1  1
7 3 6 2 -1  1
9074271712353419397
7 4 7 6 -1  1
9074734582294703145
4 5 5 3 -1  1
9074906565620667831
5 2 2 5 -1  1
9075032045573175294
3 4 1 3 -1  1
9075429612527311642
6 2 4 2 -1  1
9075607679844139358
1 5 0 5 -1  1
9075742648100494758
7 7 7 6 -1  1
9075778126967992043
6 0 4 0 -1  1
9075994790678857593
7 4 7 6 -1  5
9076020581927516061
7 2 7 1 -1  1
9076804877215138539
7 6 4 6 -1  1
9076903581430009275
3 3 3 4 -1  1
9076934787387266490
6 4 5 4 -1  8
7 1 5 2 -1  3
9076942130471049743
3 7 0 7 -1  1
9076958961824121622
4 3 6 5 -1  1
9077034333658226848
2 2 4 1 -1  1
9077043604431108135
4 4 3 5 -1  1
9077256266457834286
6 2 7 3 -1  1
9077366032511204952
7 3 6 3 -1  1
9077389171559183688
6 1 4 1 -1  1
9077583266472527188
4 4 3 4 -1  1
9077692040994618412
4 2 3 3 -1  1
9077792853671450403
3 3 2 4 -1  1
9077821490125482222
7 4 7 6 -1  1
9077832540967959364
3 4 6 4 -1  1
9077899921540067165
5 5 7 4 -1  1
9078074358531418984
7 0 5 0 -1  1
9078123978791733322
4 0 3 1 -1  1
9078166608986119894
5 7 5 6 -1  1
9078291668175002916
7 5 7 4 -1  1
9078472749329898361
5 3 4 2 -1  1
9078489253965990328
7 0 7 1 -1  1
9078886746798558481
6 2 0 2 -1  1
9078960913509841723
6 1 3 4 -1  1
9079121985001616360
2 0 1 1 -1  1
9079152858879561929
7 2 6 3 -1  1
9079193696081374609
6 7 4 7 -1  1
9079215972079590433
7 0 6 0 -1  1
9079522519404344427
4 3 3 4 -1  1
9079734837655446924
1 7 0 7 -1  1
9079951465807785394
6 0 4 0 -1  1
9080088385923241256
4 4 3 4 -1  1
9080107378740939573
7 1 5 2 -1  1
9080334261543522169
4 4 3 3 -1  1
9080443288999491313
4 2 3 1 -1  1
9080563746661941781
7 1 6 3 -1  1
9080574756248836066
7 5 6 4 -1  1
9080600728750513889
6 1 5 1 -1  2
9080646626230501040
6 4 5 3 -1  1
9081018628682314365
7 3 3 3 -1  1
9081201466287407554
4 0 3 2 -1  1
9081506654383806851
6 4 5 6 -1  1
9081828257376199884
6 3 5 3 -1  88
7 4 7 6 -1  4
9082195183344922077
3 2 1 3 -1  1
9082523724970965622
7 2 4 5 -1  2
9082792947131635119
6 3 7 5 -1  1
9083016681282615780
5 3 4 3 -1  1
9083159711300292186
6 5 5 4 -1  1
9083403235285058998
7 6 7 5 -1  1
9083758156439302284
7 4 5 4 -1  1
9083772209759710197
6 5 4 7 -1  1
9083816679798660622
4 2 3 3 -1  1
9083846230411665831
5 3 5 1 -1  1
9083859005551773800
6 6 7 7 -1  1
9083982573366412512
4 2 3 3 -1  1
9084061659278625328
4 3 3 2 -1  1
9084172957459843011
5 4 4 4 -1  1
9084546221523546112
4 3 5 5 -1  1
9084628154894213971
6 2 4 3 -1  1
9084790690637220543
7 2 4 5 -1  1
9084856419655049174
5 6 4 5 -1  1
9084913759313899373
4 6 3 6 -1  1
9084965216976732087
4 3 7 0 -1  1
9085334341995788726
6 6 5 5 -1  1
9085424889886805645
6 0 4 0 -1  1
9085445169191761059
2 3 3 2 -1  1
9085624673547445627
7 2 5 4 -1  1
9085627921008973209
7 5 7 3 -1  1
9085678507340553476
6 3 5 1 -1  1
9085891963435843713
1 2 1 0 -1  1
9085929854357791859
5 2 6 4 -1  1
9085953337869181939
7 5 4 2 -1  1
7 5 6 4 -1  1
9085984331037905994
3 4 5 3 -1  1
9086292600833725626
1 2 1 4 -1  1
9086529903245522256
2 2 6 2 -1  1
9086665267972647905
4 3 3 4 -1  1
9086977545511348869
6 7 4 7 -1  1
9087002102995245955
6 2 4 2 -1  1
9087123137060544905
7 0 7 4 -1  1
9087145349029837456
5 2 3 1 -1  1
9087296996276907477
7 5 6 4 -1  1
9087318289847309776
7 2 6 2 -1  1
9087467445569456587
6 3 6 4 -1  1
9087698160208037017
4 1 3 1 -1  1
9087852080006620619
7 4 6 3 -1  1
9087870780498197032
7 5 5 3 -1  1
9087969120343567434
5 5 6 3 -1  1
9088254220532451450
4 4 4 6 -1  1
9088398089088404908
6 1 4 0 -1  1
9088470320837667767
5 1 5 2 -1  1
9088483939480523495
7 3 7 0 -1  1
9088576049342416524
7 6 7 5 -1  1
9088806000410321103
6 2 5 1 -1  1
9088810348703974427
5 5 3 4 -1  1
9088831036268372660
7 3 4 3 -1  1
9088833598485753865
4 0 3 1 -1  1
9089185914828272015
5 1 4 1 -1  1
9089260543509432933
7 3 7 4 -1  1
9089309583226242909
7 5 6 4 -1  1
9089539773040066399
4 5 5 6 -1  1
9089601009995466878
5 0 4 1 -1  1
9089627313606001305
6 3 7 1 -1  1
9089694572675680106
7 5 5 7 -1  1
9090117478008627368
4 1 1 1 -1  1
9090156569065527821
6 5 6 4 -1  1
9090454459622950304
7 3 6 3 -1  1
9091010822261328639
7 3 7 1 -1  1
9091234587063338895
5 1 4 0 -1  1
9091293594426035397
7 1 6 2 -1  1
9091309076190525420
7 3 7 5 -1  1
9091468321441792469
7 5 7 3 -1  1
9091924765555073918
7 1 7 5 -1  1
9092130041040820376
7 3 5 3 -1  1
9092171785453136035
7 4 5 3 -1  1
9092178449541505318
5 1 4 0 -1  1
9093004598262153790
6 4 4 4 -1  1
9093057195870550013
5 5 5 4 -1  1
9093478367888203659
5 6 5 5 -1  1
9093602173664864448
4 0 5 1 -1  1
9093693917857351647
4 4 3 4 -1  1
9093707794129851011
5 5 4 3 -1  1
9093738695344778125
2 1 1 1 -1  1
9093835628732348911
7 2 6 3 -1  1
9094258750666471298
1 5 2 6 -1  1
9095337241301703195
7 2 7 3 -1  1
9095661672453507557
3 1 6 4 -1  1
9095766875458565483
4 4 4 3 -1  1
9096056413334752954
6 2 5 4 -1  1
9096064113995881837
4 2 5 4 -1  1
9096134370174598707
7 6 6 7 -1  1
9096189743794606212
4 6 3 6 -1  1
9096273180087714211
6 0 4 1 -1  1
9096572169973018963
4 2 3 1 -1  1
9096615796986701708
4 4 5 3 -1  1
9096810306307847165
6 3 4 2 -1  1
9096984563357885312
4 6 5 4 -1  1
9097039413559660750
7 2 1 2 -1  1
9097044842174425859
4 4 3 5 -1  1
9097138161092604985
6 6 5 5 -1  1
9097165748566172435
7 6 7 5 -1  1
9097404525773735214
6 2 5 3 -1  1
9097587307397626118
3 1 4 3 -1  1
9097745999003775353
5 5 3 6 -1  1
9097897268813803469
6 3 5 2 -1  1
9097950649027244647
6 5 5 4 -1  1
9098035988972321509
7 3 5 3 -1  1
9098175295480091104
5 4 5 3 -1  1
9098342349012628664
6 2 2 2 -1  1
9098388207189575526
5 0 4 0 -1  1
9098641489048500514
4 1 3 1 -1  1
9098735410985148982
3 7 2 6 -1  1
9099272634284879393
4 4 3 5 -1  1
9099282873852554176
7 0 7 5 -1  1
9099444662934714618
4 2 4 0 -1  1
9099653343692147685
7 3 6 3 -1  1
9099684634844452839
5 5 3 4 -1  1
9099802215826476674
7 6 6 4 -1  1
9099876006560700425
6 4 5 3 -1  1
9100001240403480527
5 4 4 3 -1  1
9100401835930318044
5 3 1 3 -1  1
9100467088354677124
6 2 4 3 -1  1
9100845310154621996
6 4 4 5 -1  1
9101200531815539767
7 7 6 7 -1  2
9101219698486512442
7 1 5 1 -1  1
9101298787254221162
5 4 6 4 -1  1
9101565051858772362
5 7 3 5 -1  1
9101961052426011207
6 0 3 3 -1  1
9102236898125599017
4 1 3 1 -1  1
9102278872922413623
5 0 7 2 -1  1
9102287589753395029
0 2 5 2 -1  1
9102296211629056098
5 6 4 6 -1  1
9102321337772718465
7 4 7 6 -1  1
9102603019373594631
4 3 4 7 -1  1
9102606274879050792
4 3 5 3 -1  1
9102886062940167436
5 5 4 6 -1  1
9102972661227290603
5 2 4 2 -1  1
9103057447593824184
7 0 2 0 -1  1
9103138948867363958
7 5 6 4 -1  1
9103206695807696245
7 3 5 1 -1  1
9103341973559772216
6 7 5 7 -1  1
9103480939386280773
7 3 5 5 -1  1
9103492642648449945
6 3 7 5 -1  1
9103595500738677784
7 4 7 6 -1  1
9103857279835546390
7 0 4 0 -1  1
9103948095790013164
5 0 5 5 -1  1
9104007425316991775
7 5 7 4 -1  1
9104132182250542115
6 4 5 5 -1  1
9104347469701759821
6 6 1 1 -1  1
9104454529935040602
3 3 5 3 -1  1
9104869860794084642
5 2 6 4 -1  1
9105005418718032696
7 6 7 7 -1  1
9105071909683330930
6 4 3 1 -1  1
9105177642672655264
4 0 3 1 -1  1
9105469463772766262
4 6 4 3 -1  1
9105604842956246462
6 6 5 6 -1  1
9105678428061028025
5 1 4 2 -1  1
9105781629815048328
5 4 4 5 -1  1
9105912988923396371
0 5 1 3 -1  1
9106034242202012332
1 2 1 0 -1  1
9106144616551534908
7 3 6 2 -1  1
9106183430514805615
6 0 4 0 -1  1
9106285605360919412
7 6 7 5 -1  1
9106351887372636739
6 4 4 3 -1  1
9106504570266770387
7 1 5 2 -1  1
9106586841548513695
7 4 4 4 -1  1
9106650160983728467
5 2 3 1 -1  1
9106720689813441802
4 2 4 1 -1  1
9106763878583671037
3 3 4 2 -1  1
9106970751825132194
6 1 7 2 -1  1
9107003334444928568
6 4 7 5 -1  1
9107468402077963188
4 5 6 7 -1  1
9107629709571755153
6 5 5 5 -1  1
9107782925338759310
3 7 2 7 -1  1
9107895110584991475
2 2 2 4 -1  1
9107917443313487755
7 4 6 4 -1  1
9107975841033295560
7 5 7 4 -1  1
9108029257607926111
2 6 1 5 -1  1
9108161696129571046
6 3 4 3 -1  1
9108250920444711633
7 4 6 4 -1  1
9108389930250409636
7 0 1 0 -1  1
9108441076847387986
6 4 5 4 -1  1
9108452906492780462
4 6 5 5 -1  1
9108603273791057636
5 4 6 5 -1  1
9108718569395805651
2 7 4 5 -1  1
9109003062503494811
5 5 6 3 -1  1
9109004957412842128
4 2 4 1 -1  1
9109059834786511582
3 3 1 2 -1  1
9109232824860323431
4 2 0 2 -1  1
9109295054658806435
3 6 6 3 -1  1
9109341836880713043
6 0 5 0 -1  1
9109475223036679870
5 3 6 2 -1  1
9109747086240673124
5 2 6 4 -1  1
9109841754848533649
5 7 4 7 -1  1
9110008393085956302
6 4 7 5 -1  1
9110427831392793357
7 2 3 6 -1  1
9110447135519221058
5 0 6 0 -1  1
9110464888935606607
7 3 5 3 -1  1
9110731135879084578
5 6 2 3 -1  1
9110847040878412841
6 3 5 3 -1  40
6 7 5 7 -1  2
9110859714758641492
4 4 3 4 -1  1
9110870645918120832
4 6 3 6 -1  1
9110959132085783845
7 6 7 1 -1  1
9111058843054439224
6 3 6 5 -1  1
9111321356600911078
7 3 4 6 -1  1
9111456140335512852
6 7 5 7 -1  1
9111813440354281918
3 1 4 3 -1  1
9112097042477266757
3 0 1 2 -1  1
9112216016062777581
6 3 5 4 -1  1
9112242187025872750
5 5 4 3 -1  5
9112373342961001240
5 4 2 1 -1  1
9112515675819079508
5 5 5 4 -1  1
9112560072892490029
1 1 4 1 -1  1
9112787207623040312
4 5 2 3 -1  1
9112915504336039556
6 4 5 4 -1  1
9112978264151356913
7 5 5 7 -1  1
9113273820101962610
6 3 5 4 -1  1
9113277790761582941
3 7 3 2 -1  1
9113429066446690972
4 4 3 4 -1  1
9113514975846202762
6 6 7 5 -1  1
9113678113926531407
7 4 6 4 -1  1
9114216824589032945
4 7 4 1 -1  1
9114254589689055538
2 6 1 6 -1  1
9114343519510847392
3 3 4 4 -1  1
9114406073069183756
5 1 6 3 -1  1
9114443382495040941
0 4 0 7 -1  1
9114789649634309731
7 1 7 0 -1  1
9114819229952817311
7 7 6 7 -1  1
9114869319487999648
4 1 2 1 -1  1
9115178819158236664
6 2 5 2 -1  1
9115340137993235746
2 4 6 4 -1  1
9115362594775304135
5 5 3 4 -1  1
9115415552267560018
6 5 4 5 -1  1
9115692229261326872
6 4 5 5 -1  1
6 5 6 6 -1  1
9115791769592947242
4 2 1 2 -1  1
9115844193311367003
3 1 2 2 -1  1
9115880517149473160
6 3 4 4 -1  2
9115945927273511494
5 1 1 1 -1  1
9116200891160428872
7 3 4 3 -1  1
9116213198676423161
5 5 5 6 -1  1
9116237502152177955
5 6 4 7 -1  1
9116466273113150466
0 6 0 2 -1  1
9116663143960270068
5 2 4 4 -1  1
9116665273646251814
5 0 4 1 -1  1
9116702708335965568
3 3 4 4 -1  1
9116941756593994261
6 0 5 0 -1  1
9117166203479909489
6 7 4 7 -1  1
9117200296789257634
7 5 6 5 -1  1
9117290246295193615
7 4 7 2 -1  1
9117577726202828617
7 5 7 2 -1  1
9117773368620174846
5 0 6 2 -1  1
9117850607867728407
4 2 3 2 -1  1
9117851566314188812
7 1 7 5 -1  1
9117979406311646502
4 1 3 2 -1  1
9118188143637719962
6 0 5 0 -1  1
9118445856554628801
5 5 5 6 -1  1
9118520896431776512
6 4 5 3 -1  1
9118753308937777789
4 5 3 5 -1  1
9118853473374634790
1 4 1 6 -1  1
9119010455335346465
5 1 3 3 -1  1
9119218993919972377
4 3 5 3 -1  1
9119300658712642790
6 6 3 6 -1  1
9119653520239037803
5 2 3 3 -1  1
9119666446330579152
6 7 7 6 -1  1
9119855251686281336
5 5 4 4 -1  1
9119911148931250947
3 1 2 0 -1  1
9119975623950014346
6 5 4 5 -1  1
9119986009371991431
7 6 7 7 -1  1
9120148391826874039
7 2 6 1 -1  1
9120285580006141755
4 5 5 6 -1  1
9120408578422651650
2 2 1 4 -1  1
9120417452134377341
5 6 5 5 -1  1
9120507308823421317
1 2 1 3 -1  1
9120621795803883715
6 7 5 7 -1  1
9120760930625705020
5 6 4 6 -1  1
9120823694605826837
7 0 7 3 -1  1
9120830021599983575
6 0 5 0 -1  1
9120875432607144010
0 7 0 5 -1  1
9121047586428479897
5 3 4 3 -1  1
9121115547711075513
4 7 2 6 -1  1
9121177280065524346
7 3 4 3 -1  1
9121226552092347722
5 2 4 0 -1  1
9121321143733985041
4 7 5 6 -1  1
9121500723707618592
5 5 6 4 -1  1
9121605339733424128
3 1 5 2 -1  1
9121660536212098176
6 4 5 5 -1  1
9121706686688297711
5 3 6 4 -1  1
9121742591415071945
5 6 7 5 -1  1
9122014723849483066
6 4 5 6 -1  1
9122019684035794841
4 1 5 0 -1  1
9122171078900280787
5 4 4 3 -1  1
9122255334892757822
4 4 5 3 -1  1
9122362771295801577
5 0 4 1 -1  1
9122365415047078149
5 6 3 5 -1  1
9122686902917552778
2 2 1 2 -1  1
9122837157581203035
5 4 6 5 -1  1
9122867417325422544
3 6 2 5 -1  1
9123128915469294913
2 1 1 0 -1  1
9123157814507699763
7 4 5 5 -1  1
9123255364385931068
6 3 6 2 -1  1
9123324303703186343
6 3 4 5 -1  1
9123515400591214363
5 4 0 4 -1  1
9123565808562456825
5 0 4 1 -1  1
9123758722102153224
4 0 4 1 -1  1
9123851974495963055
4 7 5 5 -1  1
9124020667446194212
7 5 7 1 -1  1
9124157641371626936
7 5 7 3 -1  1
9124196146822867730
7 0 4 0 -1  1
9124372548219948422
7 0 7 3 -1  1
9124426508920209020
4 2 6 3 -1  1
9124713735575242801
1 0 2 1 -1  1
9124868371399057949
2 7 0 5 -1  1
9124927461966196153
5 1 6 1 -1  1
9124962732805676616
5 3 4 4 -1  1
9125035270077681849
4 3 2 4 -1  1
9125308011806028555
5 6 2 6 -1  1
9125393303855614528
6 2 7 3 -1  1
9125896664626036862
3 4 2 4 -1  1
9125957899123198910
6 1 5 1 -1  1
9126351701779978925
3 5 5 6 -1  1
9126571860826833977
4 0 7 3 -1  1
9126632440633525587
1 4 1 5 -1  1
9126634527009233867
5 6 3 5 -1  1
9126640452434201804
3 4 3 5 -1  1
9126716463113892317
5 7 3 5 -1  1
9126755333846292898
6 6 7 5 -1  1
9126794417599668491
7 6 6 5 -1  1
9127419415522806419
0 4 1 4 -1  1
9127522691378927967
6 3 5 2 -1  1
9127534753197829847
7 5 7 7 -1  1
9127821005505507515
3 4 2 2 -1  1
9127824127546815518
6 1 5 0 -1  1
9127919135111571281
3 2 2 3 -1  1
9128013094746394044
4 1 3 1 -1  1
9128095704270038652
7 3 6 1 -1  1
9128305831349360986
4 4 3 4 -1  1
9128462800288814749
6 2 4 2 -1  1
6 4 4 4 -1  1
6 5 4 5 -1  1
9128655136608131125
5 0 5 2 -1  1
9128673978880853106
4 7 3 6 -1  1
9128805189317621007
1 4 1 3 -1  1
9128856266242813316
5 2 5 1 -1  1
9129022491299351478
7 4 7 6 -1  1
9129153600067669898
6 4 5 4 -1  3
9129255449428112931
2 3 0 5 -1  1
9129287312897653789
7 5 7 2 -1  1
9129425601213569200
6 3 4 2 -1  1
9129722311487467846
5 5 6 3 -1  1
9129738084826643493
3 5 6 5 -1  1
9129913826726245011
5 5 6 6 -1  1
9129950475215011279
7 3 5 3 -1  1
9130029617362680483
4 5 5 6 -1  1
9130236928320462944
2 3 3 3 -1  1
9130436393703206136
4 0 3 0 -1  1
9130731319934801090
4 3 3 3 -1  1
9130854495477792138
7 2 5 4 -1  1
9130865148776389396
4 3 3 2 -1  1
9130950813822122438
6 1 7 3 -1  1
9130984663561442938
7 6 2 6 -1  1
9131014670194442042
4 2 3 2 -1  1
9131231805442015193
5 1 7 1 -1  1
9131374039791398498
6 4 5 5 -1  1
9131978422181222487
5 5 4 5 -1  1
9132004616656674627
5 5 6 4 -1  1
9132105394878156887
7 6 7 7 -1  1
9132269495993437568
5 6 5 4 -1  1
9132503479711586855
5 5 4 5 -1  1
9132677372130315009
2 1 1 0 -1  1
9132772480717253311
2 7 5 4 -1  1
9132836673034104535
1 4 2 2 -1  1
9132860880761619032
5 2 5 3 -1  1
9132939836346395427
6 0 5 0 -1  1
9133005794079306594
0 3 1 5 -1  1
9133039452970090567
4 0 5 2 -1  1
9133427195140047763
3 1 1 3 -1  1
9133544850013452731
5 6 3 5 -1  1
9133562283830276904
6 5 7 6 -1  1
9134031037975840408
6 0 6 3 -1  1
9134200945924762481
7 1 6 3 -1  2
7 4 7 6 -1  1
9134427375888900775
5 4 4 3 -1  1
9134437997848264857
6 6 4 4 -1  1
9134451075948132298
5 2 4 3 -1  1
9134465571727161227
5 4 0 4 -1  1
9134584093008394576
6 3 5 3 -1  1
9134604637872184104
1 7 5 3 -1  1
9134613078890621940
6 6 7 5 -1  1
9134735053262599817
5 3 3 4 -1  1
9134963773835406726
5 2 4 2 -1  1
9135072388172536789
3 5 4 3 -1  1
9135263251706607229
4 3 3 2 -1  2
9135339598531860621
3 6 6 3 -1  1
5 2 4 0 -1  3
9135480799803411732
4 7 5 6 -1  1
9135514505573643278
5 5 3 4 -1  1
9135612202894260965
6 0 0 0 -1  1
9135674178109766872
7 6 6 7 -1  1
9135723147625937870
6 4 5 5 -1  1
9135923019459572853
4 3 5 2 -1  1
9136007555069467481
5 6 4 5 -1  1
9136105385324802172
6 0 4 0 -1  1
9136224468701296460
5 4 4 6 -1  1
9136342898111232240
4 5 3 4 -1  1
9136383995923355341
6 6 5 7 -1  1
9136547551268812663
7 2 0 2 -1  1
9136567173430017744
6 3 4 3 -1  1
9136966221000824799
5 4 4 3 -1  1
9137166455197929945
4 1 4 0 -1  1
9137310821021211924
5 5 4 6 -1  1
9137500365057452432
2 6 3 4 -1  1
9137671701772725135
4 2 3 2 -1  1
9137710272070439036
7 6 7 5 -1  1
9137820636644277088
7 4 7 6 -1  1
9137929486377729265
0 5 0 4 -1  1
9138032771703329779
6 3 5 2 -1  1
9138375805852690968
3 2 2 3 -1  1
9138776585303012338
4 4 3 4 -1  1
9138828780466350648
7 4 7 5 -1  1
9139333899244484764
5 5 4 4 -1  1
9139392326880229856
4 4 4 3 -1  1
9139838278412638145
3 1 1 1 -1  1
9140478793744289881
4 3 3 3 -1  1
9140652616530219780
5 2 6 4 -1  1
9140838002092633691
5 4 6 3 -1  1
9140890879084513406
6 5 6 4 -1  1
9141073180069837183
7 3 6 4 -1  1
9141190669132251138
2 4 2 2 -1  1
9141249412014339550
6 4 4 4 -1  1
9141266561258821775
0 7 4 3 -1  1
9141269886756133377
5 5 5 3 -1  1
9141405508589888251
4 4 3 4 -1  1
9141572528885991221
4 7 2 7 -1  1
9141600604847465614
7 0 7 5 -1  1
9141616187447923112
7 1 6 3 -1  1
9141936159053272562
5 0 1 4 -1  1
9141952053684378108
5 4 4 4 -1  1
9141968074596527344
4 2 3 3 -1  1
9141981986633837234
3 1 1 0 -1  1
9142200449257414736
6 4 5 5 -1  1
9142375191358262813
6 2 6 3 -1  1
9142383350085581368
4 2 3 3 -1  1
9142588088794720342
6 7 5 6 -1  1
9142679153728043721
7 5 7 2 -1  1
9142741362778420095
4 0 2 0 -1  1
9142759671833713712
3 2 3 6 -1  1
9143048814501756891
6 0 6 1 -1  1
9143070659447166137
7 5 5 3 -1  1
9143078265992154811
4 3 6 5 -1  1
9143195883570874643
6 5 7 7 -1  1
9143222668319255971
7 6 6 6 -1  1
9143269713112222195
7 3 7 4 -1  1
9143400095477833442
6 6 5 6 -1  1
9143472356582766394
6 1 5 1 -1  1
9143530096227533990
1 0 1 4 -1  1
9143540781655407356
5 4 4 4 -1  1
9143641173281248009
5 4 6 4 -1  1
9143845847808688848
6 1 5 1 -1  1
9144379681831600592
3 7 6 4 -1  1
9144498051654061165
7 2 6 3 -1  1
9144799082598531100
7 3 1 3 -1  1
9145030702029390056
2 1 1 1 -1  1
9145142947911106840
3 7 0 7 -1  1
9145257715946852064
5 4 3 2 -1  1
9145352766575947819
4 4 3 6 -1  1
9145644877623336453
5 0 3 1 -1  1
9145791909167297690
7 4 7 6 -1  1
9146438068337887307
6 5 7 4 -1  1
9146505971237671731
6 6 3 3 -1  1
9146731553741946502
6 3 5 3 -1  1
9146752810120705541
7 0 7 3 -1  1
9147305547204325016
7 2 2 2 -1  1
9147854682301215399
1 7 0 6 -1  1
9148041017424788871
5 4 4 3 -1  1
9148545185560593181
5 0 4 0 -1  1
9148564393421479039
5 1 5 0 -1  1
9148633661049470677
7 6 6 5 -1  1
9148730710694771450
7 2 2 2 -1  1
9148849101839365954
6 5 7 4 -1  1
9148883188546208640
6 6 7 5 -1  1
9149383678620244050
3 3 1 4 -1  1
9149579986345504708
4 4 5 6 -1  1
9150302704092640670
4 2 3 1 -1  1
9150421651856295860
6 2 3 5 -1  1
9150453369544764947
5 1 6 3 -1  1
9150668590929229442
0 4 4 4 -1  1
9150911060092783397
7 3 6 2 -1  2
7 5 3 1 -1  3
9151000265720868960
5 3 6 4 -1  1
9151222392418442145
4 3 7 3 -1  1
9151384208217670070
6 3 4 2 -1  1
9151550593380674758
5 2 4 3 -1  1
9151916723727981849
0 1 1 1 -1  1
9151964426058466376
7 5 7 4 -1  1
9152100805735485150
3 1 5 1 -1  1
9152292739175739978
6 5 4 5 -1  1
9152483060068226624
7 0 7 1 -1  1
9152491951262348492
7 2 7 1 -1  1
9152556376991378616
7 1 7 0 -1  1
9152587706911391872
7 2 7 1 -1  1
9152714283564246149
5 5 4 4 -1  1
9152750503127848632
4 4 2 5 -1  1
9153340100006782055
4 1 3 1 -1  1
9153663911423134363
4 1 3 0 -1  2
9153814834437117379
3 6 5 6 -1  1
9153984895149563202
6 6 5 5 -1  1
9154130185828136426
7 3 4 3 -1  1
9154221384880593794
5 6 4 6 -1  1
9154432144005860317
7 5 7 4 -1  1
9154620446055360507
7 2 6 2 -1  1
9154666553462121764
3 6 4 4 -1  1
9154970069877777469
3 3 2 2 -1  1
9155020833088007974
6 5 4 5 -1  1
9155109531724655426
4 7 5 6 -1  1
9155277608247681157
2 3 1 4 -1  1
9155285495281846572
2 5 0 5 -1  1
9155463507768672728
4 1 3 1 -1  1
9155578173257951000
4 3 2 1 -1  1
9155665375740353853
1 2 6 2 -1  1
9155690693782913522
3 2 2 2 -1  1
9155934751061992127
6 5 7 5 -1  1
9155990994790543097
5 3 4 2 -1  1
9156005420795345171
5 1 4 0 -1  1
9156044096521212253
4 4 3 4 -1  2
9156050988577496665
6 3 5 3 -1  1
9156435711680876430
5 5 4 6 -1  1
9156461370405642091
4 0 6 2 -1  1
9156586422467643147
7 5 4 2 -1  1
