10632347885615255333
3 1 5 2 -1  1
10632408135656976273
2 3 3 2 -1  1
10632646049145188717
5 2 5 4 -1  1
10632769408857895277
6 1 5 2 -1  1
10632771410578471263
6 7 5 7 -1  1
10632917118958931886
6 1 5 2 -1  1
10632928442965651972
7 0 4 0 -1  1
10632949790497935883
7 1 3 5 -1  1
10633326750287737128
4 7 5 6 -1  1
10633435505818824132
4 7 3 5 -1  1
10633657274695192994
6 5 4 5 -1  1
10633661110575148682
5 1 4 3 -1  1
10633673519287399013
6 5 5 4 -1  1
10634232277455456092
6 3 5 5 -1  1
10634365520012214771
7 6 6 7 -1  1
10634374832060829841
3 5 4 3 -1  1
10634445014088534144
4 4 3 4 -1  2
10634455094049449766
6 4 5 5 -1  1
10634457981711181225
2 5 2 1 -1  1
10634665042879485764
7 6 6 4 -1  1
10634782681703269877
6 3 5 1 -1  1
10635259461397011788
7 1 6 3 -1  3
7 2 4 5 -1  21
7 6 5 5 -1  5
10635633977317137947
0 2 3 2 -1  1
10635663014914745312
7 5 7 4 -1  1
10635700984989333388
7 0 7 4 -1  1
10635710491428161924
5 4 3 3 -1  1
10635734346222304275
6 4 6 6 -1  1
10635761000446926017
7 4 3 4 -1  1
10636019576714859992
7 1 6 3 -1  1
10636060451168563494
7 2 6 1 -1  1
10636226221739569164
6 2 7 4 -1  1
10636662655766559511
4 2 3 0 -1  1
10636817156665127127
2 3 3 5 -1  1
10636887031208926943
5 5 6 3 -1  1
10636913666090863586
5 2 4 4 -1  2
10637141716109464716
6 4 4 3 -1  1
10637156139364329376
7 3 6 4 -1  1
10637439810709940213
6 6 2 2 -1  1
10637524242015369668
0 3 3 0 -1  1
10637540403322340029
5 6 6 7 -1  1
10637665196870426157
6 1 5 1 -1  1
10637694986948212012
7 4 7 6 -1  1
10637769284846656985
7 4 0 4 -1  1
10637927082179004791
6 6 5 6 -1  1
10638038330320796795
5 5 3 7 -1  1
10638140799433061466
7 5 7 4 -1  1
10638222656575598432
7 0 7 2 -1  1
10638321699095544401
6 4 5 6 -1  1
10638386730202395491
6 5 7 5 -1  1
10638470493611006757
6 3 5 5 -1  1
10638822499270324472
2 5 1 5 -1  1
10638889755452029669
6 5 5 5 -1  1
10638899657922908784
6 2 4 2 -1  1
10638911015359272126
0 4 0 2 -1  1
10639070698829389563
5 7 4 7 -1  1
10639209485640883863
7 2 7 5 -1  1
10639216014601798715
3 1 2 3 -1  1
10639372385377885958
5 1 4 2 -1  1
10639672445846809251
5 7 6 6 -1  1
10639675337816165615
3 4 2 6 -1  1
10639710988871010022
2 2 4 2 -1  1
10640093266343995616
4 3 3 3 -1  1
10640120656581334919
5 4 4 3 -1  1
10640486744818564074
1 2 0 2 10  1
10640683081895700790
6 3 4 4 -1  1
10640798796867265815
7 5 6 7 -1  1
10640989060521953707
7 2 7 5 -1  1
10641387180320634354
6 3 6 1 -1  1
10641495285553058017
3 2 4 0 -1  1
10641694548977111206
7 6 7 7 -1  1
10641719385859018143
6 4 4 4 -1  1
10641775344153539094
7 4 7 6 -1  1
10641788668940752603
6 4 5 4 -1  1
10641903219916956335
7 4 7 2 -1  1
10642212874090392268
6 4 4 5 -1  1
10642992190628760073
7 0 7 3 -1  1
10643011310223362063
5 5 4 6 -1  1
10643138808694071712
5 3 4 4 -1  1
10643221166909085542
7 3 4 6 -1  1
10643265325378821686
6 5 4 5 -1  1
10643399026783689284
7 5 6 4 -1  1
10643767398445970058
7 2 4 5 -1  1
10643804065645238441
5 0 4 0 -1  1
10643921875351554527
5 2 4 3 -1  1
10643975044907404217
4 3 3 3 -1  1
10644342874841242079
5 4 6 4 -1  1
10644359668881608011
5 5 6 4 -1  1
10644488415189386771
4 5 3 5 -1  1
10644688607673592714
7 5 7 4 -1  1
10644805056632328659
6 1 4 1 -1  1
10644827306018804114
5 5 7 4 -1  1
10644971544123915386
7 6 6 5 -1  1
10645235502426396236
2 2 1 2 -1  1
10645609541084676406
6 3 5 3 -1  1
10645668540758588357
2 3 3 1 -1  1
10645711461837155996
7 4 7 2 -1  1
10645773138516601773
5 4 4 4 -1  1
10646021057122180604
7 0 7 3 -1  1
10646113481311511442
2 1 5 1 -1  1
10646411754561342269
7 5 7 3 -1  1
10646557934208489640
4 4 5 4 -1  1
10646693620792745278
7 5 7 1 -1  1
10647098339901659722
4 5 3 5 -1  1
10647153851523455034
7 3 5 1 -1  1
10647416209557550012
5 3 4 3 -1  1
10647516732783824630
7 4 7 6 -1  3
10647520665864522661
7 4 7 6 -1  1
10647768292278759584
0 7 0 2 -1  1
10648070297927973429
3 2 2 3 -1  1
10648332645725578824
7 3 5 1 -1  1
10648451611265259586
4 6 3 5 -1  1
10648916909744802331
7 5 7 6 -1  1
10648953590469925255
4 2 5 1 -1  1
10649131858610105457
3 5 2 5 -1  1
10649151061482569380
5 2 3 3 -1  1
10649180483799654267
7 1 7 0 -1  1
10649312305253739194
3 5 2 4 -1  1
10649428581661167352
6 3 3 0 -1  1
10649786641312062601
3 6 2 5 -1  1
10650046133298555517
4 2 3 0 -1  1
10650186684598405285
3 6 1 5 -1  1
10650374709239349096
7 3 6 2 -1  1
10650467316411740188
2 6 4 5 -1  1
10650479248826357418
6 1 5 2 -1  1
10650875978981978771
7 1 5 1 -1  1
10650880865262249231
5 4 5 3 -1  1
10650931343300013469
5 7 2 4 -1  1
10650964847857568796
3 0 2 0 -1  1
10651160569215357747
6 6 5 6 -1  1
10651479022748036786
1 3 2 3 -1  1
10651557426298816031
5 3 4 4 -1  1
10652024225110826572
6 0 5 0 -1  1
10652266548506450019
5 4 4 5 -1  1
10652278590831495775
7 4 6 4 -1  1
10652282039984842316
5 2 0 2 -1  1
10652347587589960237
6 3 4 3 -1  1
6 6 5 6 -1  1
7 5 4 2 -1  3
7 6 5 5 -1  4
10652404824501810048
7 0 6 0 -1  1
10652408219177923934
4 2 3 2 -1  1
10652501814365299751
7 5 6 6 -1  1
10652531565164194989
5 1 6 1 -1  1
10652729173981482295
5 1 4 2 -1  1
10652781906736283358
7 3 7 1 -1  1
10653231678823320344
4 6 4 7 -1  1
10653256186001438937
5 1 6 1 -1  1
10653397739732724828
6 3 4 4 -1  1
10653718697892893982
7 2 6 1 -1  1
10653888266191692979
4 7 3 6 -1  1
10653993647850870597
6 4 3 7 -1  1
10654202733208561106
7 6 6 7 -1  1
10654222547784557501
3 2 5 3 -1  1
10654318462625358800
5 0 6 1 -1  1
10654401945056842689
6 4 5 4 -1  1
10654482734841566112
6 7 5 7 -1  1
10654534716965513692
5 6 7 7 -1  1
10654593976539672780
7 5 5 4 -1  1
10654757786196024456
6 0 5 1 -1  1
10655329094961216812
7 4 7 6 -1  1
10655343859304293648
3 3 0 6 -1  1
10655435919945565294
4 2 5 1 -1  1
10655720519901538954
6 1 4 1 -1  1
10655720611057464552
6 2 5 2 -1  1
10655800335421410286
0 0 0 5 -1  1
10656436328056029863
5 1 4 1 -1  1
10656737488480965604
7 1 6 2 -1  1
10656844775584999266
5 6 3 5 -1  1
10656870394567923277
4 6 5 5 -1  1
10657292660964811424
7 3 4 3 -1  1
10657425643095481863
6 7 5 6 -1  8
10657591240561806248
7 0 7 2 -1  1
10657758318496352151
6 5 5 5 -1  1
10657826277933263450
7 3 7 4 -1  1
10657998093513835734
5 6 4 6 -1  1
10658026384255278523
3 3 3 6 -1  1
10658068336076481955
3 3 1 5 -1  1
10658155755840004599
7 6 5 4 -1  1
10658218615527822591
5 7 6 6 -1  1
10658242375234864176
7 0 5 0 -1  1
10658541308143763918
6 3 5 5 -1  1
10658562196682354535
7 4 7 6 -1  1
10658624439236879574
3 6 2 7 -1  1
10658629177840304610
6 6 5 5 -1  1
10658666058893402553
5 0 4 0 -1  1
10658849794133283704
5 3 6 4 -1  1
10658916555786348087
6 1 5 2 -1  1
10659306046709496295
5 6 4 6 -1  1
10659599673055763353
3 7 2 7 -1  1
10659824704691596287
7 4 7 6 -1  1
10659921245136269915
7 6 5 6 -1  1
10660489878173808120
6 7 6 6 -1  1
10660574976534822203
6 2 5 2 -1  1
10660797351607688382
6 1 4 1 -1  1
10660943323506143061
0 4 0 6 -1  1
10660944744209948987
6 6 7 5 -1  1
10661281925185338783
3 3 5 3 -1  1
10661566020323401428
7 5 6 4 -1  1
10661624199333443758
6 5 6 6 -1  1
10661628121162988380
7 2 5 4 -1  1
10661701054731528111
6 1 5 2 -1  1
10662249867110981520
3 2 2 2 -1  1
10662329000060825623
4 3 3 4 -1  1
10662366411620266884
6 3 4 5 -1  1
10662541261639888696
3 5 5 3 -1  1
10662835137424346759
6 3 6 5 -1  1
10663118148840689852
5 5 4 6 -1  1
10663171841645155000
5 3 6 4 -1  2
10663261807412801828
5 0 4 0 -1  1
10663480292308500201
5 6 7 5 -1  1
10663642803798984414
2 3 3 3 -1  1
10663643421620243191
7 1 5 2 -1  1
10663717271940654065
7 2 7 1 -1  1
10663763039296261018
7 5 3 1 -1  1
10663937292031891085
7 3 5 4 -1  1
10664200778858375189
7 5 6 6 -1  1
10664253408596041344
5 7 1 7 -1  1
10664386539258041932
7 7 7 3 -1  1
10664417470734676253
6 4 4 5 -1  1
10664483457259663658
5 2 3 3 -1  1
10664491676601487794
6 5 4 4 -1  1
10664500802357860490
6 6 3 3 -1  1
10664609987518598115
7 2 4 5 -1  1
10664900812397500740
7 4 7 1 -1  1
10665270737355560470
5 5 3 4 -1  1
10665290374214453482
7 0 7 2 -1  1
10665535179432519192
4 4 3 4 -1  1
10665808868235914798
6 6 5 6 -1  1
10666285532506015478
6 0 5 0 -1  1
10666318351577943314
6 0 7 0 -1  1
10666385695230899912
0 3 1 2 -1  1
10666655739519798719
6 1 0 1 -1  1
10666982731420193961
7 5 6 5 -1  1
10667018599477208949
6 3 7 5 -1  1
10667179266241298854
6 6 7 5 -1  1
10667322947793232494
6 2 5 2 -1  1
10667398478683915006
1 2 2 2 -1  1
10667497138100297658
3 0 1 2 -1  1
10667523041538546394
5 6 2 6 -1  1
10667571186009741245
7 5 7 6 -1  1
10667658068542500718
7 7 7 1 -1  1
10667686558483543582
4 2 4 4 -1  1
10667714635586297109
3 1 2 2 -1  1
10667786396779010145
4 0 5 2 -1  1
10667960599508991914
6 2 6 1 -1  1
10668260564262282699
4 4 3 4 -1  1
10668364597167380923
7 2 4 5 -1  1
10668412132353260481
4 1 3 2 -1  1
10668444676287052351
3 1 3 6 -1  1
10668722739667579905
5 4 4 4 -1  1
10668951649276691985
6 7 5 7 -1  3
10668957089419677651
6 2 5 2 -1  1
10669035419590529683
7 5 6 5 -1  1
10669140056275230979
7 1 4 1 -1  1
10669281675825035841
5 4 2 4 -1  1
10669533594231545026
6 2 5 4 -1  1
10669702263467569229
7 3 5 4 -1  1
10669776866641727212
6 3 3 6 -1  1
10670631223645323079
4 5 6 6 -1  1
10670651032824037450
5 6 4 6 -1  1
10670705191447894193
5 4 4 3 -1  1
10670781048719818048
4 5 3 5 -1  1
10670851294813556777
3 1 2 2 -1  2
10671318988421625017
6 3 5 3 -1  1
10671432302467795800
2 5 3 6 -1  1
10671469017741142060
7 6 6 5 -1  1
10671527115089409155
2 3 1 3 -1  1
10671794658646992603
4 2 6 3 -1  1
10671802832976019378
7 2 6 3 -1  1
10671986429961861511
7 4 7 6 -1  1
10672007611247697333
3 1 6 4 -1  1
10672059499185410869
6 7 5 7 -1  1
10672430488737959367
1 3 5 7 -1  1
10672528449705372641
7 0 7 1 -1  1
10672685338712439034
3 4 5 5 -1  1
10672690326187354952
5 6 4 7 -1  1
10672755648211054980
3 2 3 1 -1  1
10672768723941221770
5 1 3 3 -1  1
10672775066404822797
6 1 4 1 -1  1
10672972625968654809
3 5 2 6 -1  1
10673055842058310077
6 4 5 6 -1  1
10673092482057351423
4 7 3 5 -1  1
10673098192196070555
5 0 7 2 -1  1
10673133689415473099
7 5 7 4 -1  1
10673194297884026133
5 5 4 6 -1  1
10673198351178377222
4 1 3 1 -1  1
10673299683785852081
7 3 4 3 -1  1
10673352411623007754
4 6 3 4 -1  1
10673468411918458606
4 1 3 1 -1  1
10673525245289298790
6 3 5 5 -1  1
10673533031541254786
5 4 4 3 -1  1
10673679560524445595
6 1 4 1 -1  1
10673845733691321280
7 1 7 3 -1  1
10673864808399117241
4 2 3 3 -1  1
10673891767892516395
5 4 6 4 -1  1
10674107702609435483
7 3 6 2 -1  1
10674182869254517266
5 2 5 3 -1  1
10674209566187058685
3 4 4 6 -1  1
10674313072249644817
7 3 7 2 -1  1
10674397962992721572
7 0 7 1 -1  1
10674478023223330491
6 4 5 4 -1  1
10674496494505893242
7 1 6 3 -1  1
10674736832877700583
6 4 6 3 -1  1
10674788552668445832
7 7 7 5 -1  1
10675091139378696507
4 1 3 1 -1  1
10675120588243097219
4 4 3 2 -1  1
10675214790776255402
4 2 6 0 -1  1
10675287967271695202
4 5 2 4 -1  1
10675545440711020112
4 5 4 6 -1  1
10675573109102015775
3 3 1 2 -1  1
10675850682722469414
5 5 6 3 -1  1
10675883260444652010
4 6 0 2 -1  1
6 5 4 5 -1  1
10675908445807531164
6 7 5 7 -1  1
10676071969815315298
6 6 5 5 -1  1
10676355981836696870
6 4 5 3 -1  1
10677063971009577831
4 5 3 6 -1  1
10677231831108929427
6 3 5 5 -1  1
10677265249930310739
7 3 5 1 -1  1
10677352345525188093
5 2 3 3 -1  1
10677354598004580425
6 6 2 2 -1  1
10677403793359346722
7 3 0 3 -1  1
10677429773904478191
5 0 1 4 -1  1
10677471296705116857
7 3 7 7 -1  1
10677522455162418549
4 5 3 6 -1  1
10677633651552830119
5 6 4 4 -1  1
10677783980714278911
5 2 4 4 -1  1
10677795236810712063
5 1 4 1 -1  1
10677840277150675040
3 6 3 1 -1  1
10677953541359796562
7 3 7 2 -1  1
10677959653704188378
6 3 2 7 -1  1
10678336659425273305
5 3 4 1 -1  1
10678394928286102304
7 2 5 4 -1  1
10678421252766181003
6 0 4 0 -1  1
10678548995257239783
6 0 4 0 -1  1
10678752431827746362
4 4 3 4 -1  1
10678960908990016736
7 0 7 3 -1  1
10679060960656886174
3 6 2 6 -1  1
10679247440461060239
4 4 5 3 -1  1
10679742929772861067
7 1 6 0 -1  1
10679895246361561533
6 4 5 2 -1  1
10680038951340478026
5 6 6 6 -1  1
10680226995966390836
7 3 6 3 -1  1
10680482545538082414
6 7 4 7 -1  1
10680485753456718439
7 6 6 5 -1  1
10680492544956564617
7 0 7 2 -1  1
10680624245385249484
5 5 6 4 -1  1
10680784432171906307
6 5 6 7 -1  1
10680914491837565878
6 0 5 0 -1  1
7 4 7 6 -1  1
10680986090766442081
7 6 6 6 -1  1
10681008268363420421
4 5 5 6 -1  1
10681013449304073211
7 3 0 3 -1  1
10681145345169170477
3 4 3 7 -1  1
10681156516327215889
5 5 6 4 -1  1
10681169079759535704
4 2 7 5 -1  1
10681260471689264396
6 0 5 0 -1  1
10681287966434113222
5 1 4 0 -1  1
10681479455413919291
7 5 6 4 -1  5
10681567761741351801
4 6 4 3 -1  1
10681844249913206752
6 5 7 6 -1  1
10681942389477915793
6 6 5 6 -1  3
10682085382941886379
5 5 7 3 -1  1
10682122113219565011
7 6 6 6 -1  1
10682172002182093497
4 5 3 5 -1  1
10682191605967065236
4 5 3 5 -1  1
10682231533179216939
7 4 6 2 -1  1
10682525891390662018
3 0 5 1 -1  1
10682568478309132390
6 0 4 0 -1  1
10682586079231263150
7 5 6 5 -1  1
10682776290626911831
4 6 2 4 -1  1
10682882422990003823
5 3 4 3 -1  1
10682894492926502457
7 4 5 2 -1  1
10683113197083277101
6 6 5 6 -1  1
10683232181289866116
6 2 5 2 -1  1
10683265678638708238
3 3 2 3 -1  1
10683308895017100910
7 4 7 2 -1  1
10683330093462150312
4 1 6 1 -1  1
10683343725358178505
7 0 7 4 -1  1
10683370164149307943
7 6 6 5 -1  1
10683376608431057693
5 3 4 4 -1  1
10683449516471968411
5 6 6 5 -1  1
10683455758600034260
6 6 4 5 -1  1
10683590638392965547
6 5 6 2 -1  1
10683793284748833508
7 0 7 3 -1  1
10683798290017213080
5 2 5 3 -1  1
10683906113976002596
7 2 4 5 -1  1
10684237492324565364
6 6 5 6 -1  1
10684407080398375795
3 1 4 3 -1  1
10684833233491273946
6 1 5 2 -1  1
10684970470555489915
5 1 6 3 -1  1
10685127284624648254
3 3 2 3 -1  1
10685279503620780031
3 3 3 6 -1  1
10685349309714700288
2 3 2 4 -1  1
10685395623166126214
6 2 6 3 -1  1
10685653466228232816
6 3 4 2 -1  1
10685841819473306292
3 4 2 5 -1  1
10686005401650953992
7 4 6 3 -1  1
10686169659133200095
7 7 6 7 -1  1
10686353024601874188
7 5 7 3 -1  1
10686578292169423688
7 6 2 6 -1  1
10686598264595942111
3 1 2 1 -1  1
10686631528829965532
7 4 6 2 -1  1
10686742418405067893
7 6 7 7 -1  1
10686754509674950243
3 2 2 2 -1  1
10686936839321409923
0 4 0 3 -1  1
10687028036257193982
6 1 5 1 -1  1
10687127744647441321
7 5 7 2 -1  1
10687156994586645064
4 2 3 3 -1  1
10687265691257557851
4 0 3 0 -1  1
10687328647647095905
7 6 3 6 -1  1
10687372377056925439
7 5 7 4 -1  1
10687433005903355556
5 7 4 7 -1  1
10687469965571759798
3 0 4 1 -1  1
10687543851671889501
3 1 6 4 -1  1
10687631650402175384
5 4 5 5 -1  1
10687789367649990862
4 4 3 5 -1  1
10687842529890022009
7 5 6 4 -1  1
10688427635022140725
4 6 3 6 -1  1
10688463990297356781
7 4 3 4 -1  1
10688695881153183105
5 5 4 4 -1  1
10688717132180882879
7 6 6 4 -1  1
10689093042447981265
6 3 5 4 -1  1
10689295026977343246
5 2 4 1 -1  1
10689312836374234943
5 5 4 3 -1  1
10689487429211185657
7 2 5 0 -1  1
10689531292247200775
5 2 4 0 -1  1
10689753838997823585
3 4 2 3 -1  1
10690007193915614214
7 0 7 1 -1  1
10690029062382466489
7 6 6 7 -1  1
10690329049982358582
7 5 6 4 -1  1
10690484012386395776
4 2 3 4 -1  1
10690593911507215983
1 0 2 2 -1  1
10690855606480182752
1 4 0 5 -1  1
10690925669326650534
3 2 2 2 -1  1
10691169171084783735
7 2 6 3 -1  1
10691265846837681615
4 0 7 3 -1  1
10691347524828514964
7 3 7 1 -1  1
10691577488805073834
6 4 4 4 -1  1
10692281304436168840
3 0 2 0 -1  1
10692378929275197051
6 7 5 7 -1  1
10692448419743604209
5 6 6 4 -1  1
10692471990569721991
6 4 5 3 -1  1
10692506510306894089
4 5 2 3 -1  1
10692595013560767664
6 7 5 6 -1  1
10692857018459723316
6 2 4 2 -1  1
10693325181800608181
4 6 3 6 -1  1
10693339331626072398
3 2 5 2 -1  1
10693373329697252776
7 2 7 3 -1  1
10693419737304120666
4 7 3 7 -1  1
10693608152330179024
6 0 4 0 -1  1
10693687993152116385
6 5 5 5 -1  1
10693744357375130500
1 1 1 0 -1  1
10693821696412946148
6 4 5 4 -1  1
10693916245111000947
6 3 4 2 -1  1
10693960626522796111
7 2 7 4 -1  1
10694151582210902519
6 5 4 5 -1  1
10694204121716462743
7 7 0 7 -1  1
10694209848526176472
7 4 6 3 -1  1
10694373171501248167
7 5 6 5 -1  1
10694392961632723585
7 2 5 2 -1  1
10694473592201776183
1 2 1 7 -1  1
10694498708093857157
2 3 3 4 -1  1
10694664523019090476
5 5 6 3 -1  1
10694968549166395724
5 1 7 3 -1  1
10695057500532079469
7 4 7 6 -1  1
10695173313454712582
7 0 7 1 -1  1
10695300377170569429
7 2 7 4 -1  1
10695424944887696621
5 1 3 3 -1  1
10695446035620794833
5 5 4 3 -1  1
10695590880222134430
3 6 6 3 -1  1
10695731492815362964
1 0 1 4 -1  1
10695978424706135660
6 5 3 5 -1  1
10696037973756300282
7 3 7 1 -1  1
10696168105188414924
6 5 5 5 -1  1
10696209054909139130
5 4 0 4 -1  1
10696307026930631547
7 3 6 3 -1  1
10696749840605420649
5 1 1 5 -1  1
10696769315841117432
7 4 7 6 -1  1
10697054403309086603
7 3 5 1 -1  1
10697154396139054580
7 4 7 3 -1  1
10697230433735421212
4 3 5 4 -1  1
10697478013463426848
0 0 3 3 -1  1
10697496422319947345
5 7 4 7 -1  1
10697502250181479343
4 5 3 5 -1  1
10697564168314501736
7 0 7 3 -1  1
10697680952366782596
3 6 4 7 -1  1
10697696253732594544
5 1 4 1 -1  1
10697879096238217894
7 0 7 2 -1  1
10697952255895350880
6 3 4 2 -1  1
10698032178803715942
7 4 6 4 -1  1
10698077923753176736
5 0 4 0 -1  1
10698530892862479305
5 5 4 4 -1  1
10698712934036879379
5 0 4 0 -1  1
10698764302827743264
0 2 1 2 -1  1
10699027453128250365
5 1 3 2 -1  1
10699200905964811593
6 2 3 5 -1  1
10699209099124913483
7 4 7 3 -1  1
10699308475073362673
5 5 4 3 -1  1
10699829461755550905
0 5 0 6 -1  1
10700029705249020750
6 2 5 2 -1  1
10700284821247116766
6 2 4 0 -1  1
10700381023566411996
7 6 5 5 -1  1
10700494555650126652
6 1 5 2 -1  1
10700661463145852727
7 3 4 0 -1  1
10700678490603182691
6 3 7 4 -1  1
10700864650217464744
6 7 5 7 -1  1
10701106252547262899
1 3 1 1 -1  1
10701226590732606657
7 6 7 7 -1  1
10701238335084549386
7 3 4 3 -1  1
10701246021625966011
6 2 5 1 -1  1
10701340958297513038
7 5 7 2 -1  1
10701352492354737989
6 7 5 7 -1  1
10701596296985287044
7 6 6 6 -1  1
10701645078263063324
7 2 5 0 -1  1
10701722314939369727
7 2 7 1 -1  1
10701853094927123682
7 3 6 2 -1  1
10701885578816625317
7 0 7 2 -1  1
10701942780860468946
6 7 4 6 -1  1
10701986624661429749
7 6 6 7 -1  1
10702076359638510419
3 7 3 4 -1  1
10702098257383482796
7 4 3 0 -1  1
10702318704420922609
7 1 2 1 -1  1
10702493419383694392
7 3 6 2 -1  1
10702997602934148732
7 3 6 2 -1  1
10703199731962327764
7 6 6 6 -1  1
10703453621915317346
7 4 7 0 -1  1
10703498109447013360
5 7 6 7 -1  1
10703598935473931161
6 1 4 1 -1  1
10703852320393869952
1 2 0 3 -1  1
10703893529725191409
5 4 4 3 -1  1
10704226856175099394
3 4 2 2 -1  1
10704299833259588024
7 1 4 1 -1  1
10704327369023115722
5 3 4 3 -1  1
10704509575742515666
3 5 2 5 -1  1
10704597208709592826
5 7 4 7 -1  1
10705182665306145389
5 3 4 4 -1  1
10705208380071258610
4 0 3 0 -1  1
10705225559274019686
5 3 4 4 -1  1
10705481111488257955
4 4 3 5 -1  1
10705489085814268782
7 1 6 3 -1  1
10705526246646579413
5 6 5 7 -1  1
10705599849376921592
6 5 5 6 -1  1
10705783588997491366
5 3 4 2 -1  1
10705906982384993386
6 0 5 0 -1  1
10705991164262938231
7 6 6 6 -1  1
10706083725223688716
6 3 5 5 -1  1
10706090729846572454
6 3 6 4 -1  1
10706167953778068675
1 5 4 2 -1  1
10706663699996851257
3 6 4 4 -1  1
10707047867189867769
3 1 0 4 -1  1
10707127810758502724
5 4 4 3 -1  1
10707331476477856515
1 1 1 4 -1  1
10707358390409245223
5 0 3 1 -1  1
10707716904562999070
2 3 3 2 -1  1
10707731597854629281
7 5 7 4 -1  2
10707756714879586415
5 3 2 0 -1  1
5 3 4 2 -1  1
10707757388741269267
7 2 6 3 -1  1
10707980244533315933
7 4 7 6 -1  2
10707993323856003505
5 3 5 4 -1  1
10708125620950147950
4 2 3 1 -1  1
10708144307434050058
4 6 3 6 -1  1
10708654054251659643
6 2 7 1 -1  1
10708686261426321904
7 4 7 6 -1  1
10709153326009954826
3 2 2 2 -1  1
10709467037864461043
6 7 7 6 -1  1
10709637131621146373
3 2 2 3 -1  1
10709807900896575831
4 0 2 1 -1  1
10710016478644260576
7 0 7 3 -1  1
10710067224892875064
5 5 5 6 -1  1
10710073927609412205
4 3 5 3 -1  1
10710181783657429240
3 7 2 5 -1  1
10710412804467660845
6 4 5 6 -1  1
10710492625602133449
4 2 3 2 -1  1
10710713236712774127
7 4 6 3 -1  1
10710763784084884870
1 0 2 0 -1  1
10711349901364140562
4 7 3 6 -1  1
10711418783918198078
6 5 4 5 -1  1
10711474542769403907
7 5 6 4 -1  1
10711493522452508100
5 1 5 0 -1  1
10711539202499777130
7 1 5 2 -1  1
10711575077559782988
5 2 4 2 -1  1
10711765649136714879
4 4 3 3 -1  1
10711835528412481726
7 6 5 5 -1  1
10711960601265424515
3 2 2 0 -1  1
10712397792324161363
6 2 5 2 -1  1
10712624321587243720
4 4 0 4 -1  1
10712901466421010296
7 6 6 6 -1  1
10713086094774502505
5 5 4 5 -1  1
10713113540008596742
7 6 7 7 -1  1
10713119627312213494
7 5 6 6 -1  1
10713185548660334012
4 7 3 7 -1  1
10713211397054426879
6 4 5 5 -1  1
10713236187252881099
6 5 4 7 -1  1
10713339718990462685
7 2 6 1 -1  1
10713633480915881178
3 5 2 7 -1  1
10713781613752319788
3 4 2 5 -1  1
10713985805174915231
3 1 2 2 -1  1
10714097767155212051
5 2 3 1 -1  1
10714144402809942149
4 0 3 0 -1  1
10714316757033738395
5 1 4 1 -1  1
10714342639118945889
7 1 6 3 -1  1
10714397480565196616
7 0 6 0 -1  1
10714533273214646350
2 1 2 3 -1  1
10714620666772853691
6 0 5 0 -1  1
7 5 6 6 -1  2
10715071640023892268
4 2 3 2 -1  1
10715209096820867677
6 2 4 4 -1  1
10715270585204513539
5 6 4 6 -1  1
10715286491220597556
7 3 6 4 -1  1
10715537771102407232
0 6 0 7 -1  1
10715602176893022655
7 4 7 6 -1  2
10715833118568140132
7 2 0 2 -1  1
10716027097118273344
7 3 6 2 -1  1
10716027664919959206
4 1 3 2 -1  1
10716219615507920137
6 0 4 0 -1  1
10716290886431730669
5 5 4 4 -1  1
10716416960321828807
5 4 4 6 -1  1
10716430806829669401
5 2 6 4 -1  1
10716534637855104175
7 2 7 0 -1  1
10716647102632370954
7 4 7 2 -1  1
10716938963190249308
4 3 3 3 -1  1
10717003464411160989
4 0 5 2 -1  1
10717040207616257845
3 1 6 4 -1  1
10717247906194478656
7 5 7 4 -1  1
10717297433886012104
6 1 5 1 -1  1
10717708599178122614
7 5 7 4 -1  1
10717949872205946986
7 5 7 4 -1  1
10718026541995393912
7 3 3 3 -1  2
10718315386119754631
5 6 5 4 -1  1
10718331518330075169
7 7 7 3 -1  1
10718369553172274732
7 5 5 3 -1  1
10718433259697694649
6 3 5 4 -1  1
10718597127720465825
5 1 2 4 -1  1
10718869624300196657
5 5 6 4 -1  1
10718912782278884958
5 3 4 3 -1  1
10718931772117914792
5 5 7 3 -1  1
10718982403468415196
3 4 3 5 -1  1
10719198568657549362
6 0 4 0 -1  1
10719290701726011252
7 2 3 6 -1  1
10719495257108048808
7 0 4 3 -1  1
10719914999631145707
4 1 3 1 -1  1
10719966593903424572
5 4 4 3 -1  1
10720017050998171482
6 7 5 6 -1  1
10720020979682209960
5 7 4 6 -1  1
10720049104531523379
6 3 5 4 -1  1
10720054639317008253
1 0 1 5 -1  1
10720159372469640418
5 6 4 6 -1  1
10720471612512652816
3 4 0 7 -1  1
10720520091326542831
4 7 5 6 -1  1
10720565095665126382
5 5 4 3 -1  1
10720777647543607699
5 3 5 2 -1  1
10720818483914084279
2 3 2 2 -1  1
10721246433866153347
3 2 0 5 -1  1
10721421923607958662
7 1 6 1 -1  1
10721470435201347995
4 1 4 2 -1  1
10721732547162577792
3 1 2 2 -1  1
10721755104727367531
5 5 6 5 -1  1
10721775900600907954
5 5 1 5 -1  1
10721814041157354792
3 1 5 2 -1  1
10721978729749005439
3 6 1 4 -1  1
10722303769340656471
4 4 2 2 -1  1
10722395293712181517
5 3 4 4 -1  1
10722514158041384129
7 4 7 6 -1  1
10722553715546090859
4 2 1 5 -1  1
10722780782858633846
6 6 5 5 -1  1
10722969197411702097
5 2 7 4 -1  1
10723074110516061598
7 4 7 6 -1  1
10723336031299151792
4 6 3 6 -1  1
10723447246726460339
5 3 4 2 -1  1
10723547694823573771
6 2 3 2 -1  1
10724021870351690981
6 5 5 4 -1  1
10724142156295856251
7 2 6 3 -1  1
10724408880688423763
3 3 3 2 -1  1
10724500797076229104
3 7 2 6 -1  1
10724576322801446948
5 4 4 4 -1  1
10724810130292948793
4 3 3 3 -1  1
10724871322546206033
7 5 6 4 -1  1
10725298867943016044
6 7 5 7 -1  1
10725420750503470866
7 2 4 2 -1  1
10725597354182088538
5 2 4 2 -1  1
10725827950524799456
6 2 3 2 -1  1
10725937289049883262
5 6 4 6 -1  1
10725951274686586474
6 2 5 2 -1  1
10726092782560501124
4 4 3 3 -1  1
10726132262560042636
7 6 7 3 -1  1
10726219343732207250
3 6 3 7 -1  1
10726859667140475040
6 1 5 0 -1  1
10726947139343759123
4 6 3 5 -1  1
10727281010014949348
5 2 3 1 -1  1
10727381088842465300
5 4 7 3 -1  1
10727557211433573541
7 2 7 1 -1  1
10727582047533807602
7 6 5 6 -1  1
10727715923328672002
7 6 6 7 -1  1
10728299722707219299
2 7 4 7 -1  1
10728343758257211151
6 6 7 5 -1  1
10728416483957581435
6 3 5 5 -1  1
10728609069253789836
7 5 6 4 -1  1
10728620902637403939
6 1 5 2 -1  1
10728642031155772346
4 4 3 3 -1  1
10728657004001203975
5 7 1 3 -1  1
10728685796583489117
3 7 0 7 -1  1
10728685873001723978
7 6 5 5 -1  7
10728780322778385453
4 4 3 4 -1  1
10728938385306509854
6 1 4 1 -1  1
10728948801174447578
6 3 5 3 -1  1
7 6 6 4 -1  1
10729082864934403591
4 2 6 0 -1  1
10729317615596169650
3 4 2 6 -1  1
10729318641671283373
4 2 3 2 -1  1
10729395684171603519
5 4 6 3 -1  1
10729528112946500787
6 4 5 2 -1  1
10729573666145927056
6 1 5 2 -1  1
10729642715645007282
6 5 5 7 -1  1
10729960311663475215
5 3 4 3 -1  1
7 3 6 3 -1  2
10730196701828363811
7 1 6 1 -1  1
10731184085740454779
1 7 4 4 -1  1
10731290706284223156
6 4 2 0 -1  1
10731688632556599593
5 1 4 2 -1  1
10732051821381213784
1 1 0 1 -1  1
1 1 1 0 -1  1
10732256514024559649
7 1 6 3 -1  1
10732370567781858876
3 7 6 4 -1  1
10732466962557524701
4 2 5 1 -1  1
10732616181838935455
4 0 3 2 -1  1
10732791345756822657
7 6 7 5 -1  1
10732902522042792970
7 7 7 4 -1  1
10733005014916801080
6 4 7 3 -1  1
10733152112713643229
5 6 6 4 -1  1
10733279521959624999
7 4 7 6 -1  2
10733330086002158095
5 5 4 5 -1  1
10733501013634177608
7 0 7 1 -1  1
10733633353033333694
3 2 6 2 -1  1
10734027970634355642
6 1 7 3 -1  1
10734178119985663110
5 2 3 3 -1  1
10734231487620391935
5 0 4 1 -1  1
10734277622965272616
7 3 2 3 -1  1
10734454682203719904
4 1 3 1 -1  1
10734455808452053069
7 3 5 3 -1  1
10734520042055846883
6 3 5 3 -1  1
10734576011942918540
4 6 7 3 -1  1
10734726874401388361
6 5 4 5 -1  1
10734904403972577552
7 0 7 4 -1  1
10735232677948873016
7 7 6 6 -1  1
10735307868447429209
6 3 5 4 -1  1
10735414669583817708
6 5 7 5 -1  1
10735606697666353696
5 2 6 4 -1  1
10735927105025812295
5 1 4 1 -1  1
10736292504659467379
4 0 3 0 -1  1
10736638983528559631
5 5 5 4 -1  1
10736890827339476906
4 5 5 5 -1  1
10736897027033218373
6 5 1 5 -1  1
10737017724412221821
7 5 6 5 -1  1
10737235747505691392
6 5 5 6 -1  1
10737328538398135881
6 7 4 7 -1  1
10737333149175343662
6 7 5 7 -1  1
10737426188505140055
6 4 2 4 -1  1
10737449581852643462
3 4 4 3 -1  1
10737603590948928228
5 0 4 0 -1  1
10737619940298578434
6 0 4 0 -1  1
10737734042355542266
5 6 4 7 -1  1
10737907841793094402
4 2 5 3 -1  1
10737967827933174742
7 3 5 1 -1  1
10738089241292747412
6 5 7 4 -1  1
10738091087673913541
4 6 3 6 -1  1
10738238790873558914
3 2 2 0 -1  1
10738244657035806193
6 2 5 3 -1  1
10738257072509770684
0 1 5 1 -1  1
10738267370012065625
6 5 5 5 -1  1
10738345426431220232
5 5 4 4 -1  1
10738421823968891538
4 5 3 4 -1  1
10738442634405268590
7 4 7 6 -1  1
10738498293041487853
4 3 3 4 -1  1
10738553552993476122
4 1 3 2 -1  1
10738585744156994966
7 4 5 5 -1  1
10738659218414162806
4 5 3 4 -1  1
10738723449532012930
7 2 7 4 -1  1
10738808848880084143
6 6 5 5 -1  1
10738873549034133689
4 7 5 5 -1  1
10739227276254133553
4 3 3 5 -1  1
10739270210545249727
7 3 7 5 -1  1
10739355386904443685
0 3 0 7 -1  1
10739377017548585654
7 5 7 3 -1  1
10739480485445048313
4 0 3 0 -1  1
10739548589448677923
4 1 3 1 -1  1
10739647151025432757
3 1 7 5 -1  1
10739982014232974728
0 4 2 2 -1  1
10740157789744826875
5 5 6 4 -1  1
10740220530811381482
6 3 4 4 -1  1
10740261434021567991
6 4 5 4 -1  1
10740427179893247320
7 5 7 3 -1  1
10740443005771277706
5 6 6 6 -1  1
10740993372824768392
7 5 7 4 -1  1
10741135773024588764
5 5 4 4 -1  1
10741220899783667902
6 3 5 1 -1  1
10741315358476531828
7 3 6 3 -1  1
10741374364121174996
7 4 7 6 -1  1
10741433568311008987
7 7 6 6 -1  1
10741601711077052106
5 5 6 7 -1  1
10741736859652121042
5 2 6 4 -1  1
10741777673929661016
5 5 6 6 -1  1
10741972215829483662
5 4 7 2 -1  1
10742145059486887625
2 4 1 4 -1  1
10742180327752028678
7 6 7 5 -1  1
10742495664354911905
1 2 0 0 -1  1
10742602252052723315
0 6 0 3 -1  1
10742607308341647354
2 2 4 4 -1  1
10743132273340895477
6 3 6 4 -1  1
10743239523130921719
7 4 3 0 -1  1
10743506070429559520
5 2 4 2 -1  1
10743564467735215068
0 5 3 5 -1  1
10743639039544400528
3 7 6 4 -1  1
10743718322226609428
7 1 7 2 -1  1
10743845316016694624
7 5 7 4 -1  1
10743903750526951761
5 4 3 5 -1  1
10744085655793233415
5 6 6 4 -1  1
10744389687356450248
7 5 5 3 -1  1
10744604170048626516
5 3 7 1 -1  1
10744683885799878428
6 6 4 6 -1  1
10744901384974931107
2 4 3 3 -1  1
10745218817010941015
7 2 3 6 -1  1
10745236821303350144
6 6 5 7 -1  1
10745380544376922666
5 3 4 4 -1  1
10745459804269145901
6 4 6 5 -1  1
10745653226401871755
6 5 6 4 -1  2
10745800855530593833
6 6 5 6 -1  1
10745893108379860184
5 3 6 2 -1  1
10745927675396836371
6 3 5 3 -1  1
10746436115905990918
7 4 6 5 -1  1
10746596277592965420
4 1 3 1 -1  1
10746745720389583804
7 3 7 4 -1  1
10747050593840660013
5 2 4 3 -1  1
10747061918914677165
6 5 5 4 -1  1
10747120039027445660
0 6 0 4 -1  1
10747131882310239376
0 3 0 6 -1  1
10747135948287072664
5 3 6 3 -1  1
10747195190374514033
7 0 7 1 -1  1
10747385371595519416
4 4 3 3 -1  1
10747630551385153270
6 1 5 1 -1  1
10747700146505297107
4 5 3 7 -1  1
10747731425217406334
5 5 6 3 -1  1
10747771906337209259
4 2 2 1 -1  1
10747783079736206018
5 4 4 3 -1  1
10747976893325070673
6 7 6 6 -1  1
10748065750680065544
4 4 3 3 -1  1
10748157349945179649
6 4 5 5 -1  1
10748232281772262267
5 1 5 2 -1  1
10748285550259390782
5 6 4 5 -1  1
10748404569783144655
4 5 3 4 -1  1
10748429194562989788
1 5 3 7 -1  1
10748676750753701426
6 7 5 7 -1  1
10748700626975308233
6 3 5 1 -1  1
10748909850835522793
5 4 6 3 -1  1
10749178967859592284
5 2 4 0 -1  1
10749275756870296961
4 5 5 6 -1  1
10749386700451780536
5 2 3 3 -1  1
10749416750190143599
7 6 6 6 -1  1
10750039682041657322
5 3 4 4 -1  1
10750236491718650002
5 0 4 0 -1  2
10750360333826357404
5 1 6 3 -1  1
10750678959793377693
7 5 6 5 -1  1
10751081614084425240
6 5 5 6 -1  1
10751407904172124790
5 6 4 4 -1  1
10751418095125308252
2 3 5 6 -1  1
10751627664649901788
6 4 5 4 -1  1
10751972316441534155
5 4 7 6 -1  1
10752134454444688273
3 3 2 3 -1  1
10752183383286919488
3 3 4 4 -1  1
10752303963098692255
6 4 7 6 -1  1
10752333202867492402
7 2 5 3 -1  1
10752407882097854629
6 5 4 5 -1  1
10752435079562001358
3 6 6 3 -1  1
10752533894306731606
6 2 5 2 -1  10
10752581086289906278
5 7 6 6 -1  1
10752932918654141128
6 6 5 6 -1  1
10752960847871876312
7 2 3 6 -1  1
10753516964931492250
5 2 7 0 -1  1
10753608873273082527
7 3 0 3 -1  1
10753870362330302979
7 1 5 2 -1  1
10753893669955163766
6 5 4 5 -1  1
10753911097039310485
5 3 4 4 -1  1
10753915811259226146
6 4 7 3 -1  2
10753945470035722396
6 1 6 5 -1  1
10754074358223103388
5 2 4 3 -1  1
10754095747011630446
6 6 5 6 -1  1
10754110361919513333
7 6 7 1 -1  1
10754141351403631946
7 5 7 2 -1  1
10754202974387807640
0 1 1 3 -1  1
10754207912303178686
3 6 4 5 -1  1
10754339484704269608
7 2 5 4 -1  1
10754347642710070574
7 6 7 5 -1  1
10754496851976420039
5 5 4 7 -1  1
10754626676772089631
7 7 0 7 -1  1
10754783182664215972
5 0 4 0 -1  1
10754962197909943210
4 1 3 1 -1  1
10755103848120128292
6 7 4 7 -1  1
10755165383516317346
5 4 4 4 -1  1
10755316733583477126
5 5 4 3 -1  1
10755334397187283293
4 1 3 2 -1  1
10755796766496594440
7 6 6 6 -1  1
10756032472499683153
5 4 4 3 -1  1
10756124232075419905
7 1 6 1 -1  1
10756226426486651041
5 6 4 5 -1  1
10756260672886926941
6 2 1 2 -1  1
10756283844507427505
5 5 3 7 -1  1
10756479060330202701
5 4 4 3 -1  1
10756827901134892862
5 2 4 4 -1  1
10756831781535272438
3 1 4 3 -1  1
10756871003144677272
5 5 6 4 -1  1
10756885926891103458
7 0 7 2 -1  1
10756928710982261017
5 5 4 3 -1  1
10756981616344575339
6 6 5 6 -1  1
7 1 5 2 -1  2
10757269284762024439
6 2 7 2 -1  1
10757504204182586887
3 4 4 2 -1  1
10757508478396956828
7 4 7 6 -1  1
10757707471497572091
5 7 0 2 -1  1
10757869688781281297
7 0 1 0 -1  1
10757941912275247809
2 3 4 2 -1  1
10758008599913855082
6 3 4 2 -1  1
10758209376488116873
6 3 5 2 -1  1
10758256421202798424
7 1 7 3 -1  1
10758441989833808146
7 6 6 6 -1  1
10758500503170979322
6 1 5 0 -1  2
10758796792323534281
7 1 6 3 -1  1
10759097806804567463
7 2 5 4 -1  1
10759228097467635345
7 6 6 7 -1  1
10759454636288857469
5 0 4 2 -1  1
10759923993735436745
6 1 5 3 -1  1
10760237726333406838
1 7 0 6 -1  1
10760250282908725119
4 1 3 1 -1  1
10760378624284008804
7 0 7 2 -1  1
10760392947764939538
7 5 7 6 -1  1
10760532418710817667
3 1 4 2 -1  1
10760909520178525245
7 6 6 6 -1  1
10760945144287668756
5 0 2 0 -1  1
10761011097199980840
7 2 4 5 -1  1
10761019419816420213
4 4 3 5 -1  1
10761045235554895862
7 5 6 4 -1  1
10761143627003292515
4 5 2 3 -1  1
10761201751200172007
1 4 2 3 -1  1
10761341833638252036
6 4 5 3 -1  1
10761890503172828851
5 6 6 5 -1  1
10761916672890741469
3 0 3 6 -1  1
10762045825910035652
5 4 7 2 -1  1
10762047440787375731
6 5 4 5 -1  1
10762183010537432457
6 6 7 5 -1  1
10762279327035365863
6 6 5 6 -1  1
10762484452078919704
7 7 7 6 -1  1
10762488435537656886
4 7 5 6 -1  1
10762667524971303789
6 7 4 7 -1  1
10762770622124512791
7 5 7 4 -1  1
10762811865719357439
5 6 4 6 -1  1
10762856898101216887
5 7 4 6 -1  1
10763068535141612124
6 6 5 6 -1  1
10763105001460616649
5 4 4 4 -1  1
10763297791119581762
4 4 3 4 -1  1
10763447170949144567
6 6 5 6 -1  5
7 1 6 3 -1  1
7 2 4 5 -1  1
10763454713942097747
5 3 4 4 -1  1
10763574234267495105
7 1 7 7 -1  1
10763916557854767055
1 3 0 5 -1  1
10764118022354771922
5 5 4 6 -1  1
10764423463904000722
6 5 7 5 -1  1
10764616804108545747
4 7 5 5 -1  1
10765123530024710215
4 4 5 2 -1  1
10765225778760347245
6 6 5 6 -1  1
10765299668885531514
6 5 4 5 -1  1
10765337710331343783
6 4 4 2 -1  1
10765341275823630737
6 2 4 2 -1  1
10765368550970469035
4 1 5 2 -1  1
10765493359252823767
5 3 5 2 -1  1
10765640876247486308
7 5 6 4 -1  1
10765751070946203274
5 1 5 3 -1  1
10765776032365451057
7 3 7 1 -1  1
10765786749591702061
7 3 6 3 -1  1
10765974897125412289
1 2 3 2 -1  1
10766017011104768240
4 0 3 1 -1  1
10766066813045827767
4 1 3 1 -1  1
10766274135448645445
1 6 2 6 -1  1
10766285377410099959
4 4 5 4 -1  1
10766287667876299032
7 6 6 6 -1  1
10766378215390961644
7 3 4 0 -1  1
10766789520576675547
7 5 7 3 -1  1
10767061136909374697
7 6 7 7 -1  1
10767165317390433762
7 0 7 4 -1  1
10767236514576301337
4 5 6 6 -1  1
10767279585520776981
5 3 5 4 -1  1
10767372120137372573
7 5 5 3 -1  1
10767502282969524501
3 7 5 5 -1  1
10767544042831702393
7 0 4 3 -1  1
10767702005291981155
6 3 6 4 -1  1
10767864510864410972
6 1 4 1 -1  1
10767982252564897485
1 5 1 4 -1  1
10767996249698863428
5 5 5 6 -1  1
10768005309591313942
6 1 7 0 -1  1
10768010567895323693
5 6 4 6 -1  1
10768038105836062156
4 4 2 3 -1  1
10768091301226612502
3 6 2 4 -1  1
10768315468899239425
6 0 4 0 -1  1
10768390671716970968
4 5 3 5 -1  1
10768468974407874076
7 4 7 6 -1  3
10768537525630284983
7 6 6 7 -1  1
