10911489052366122469
5 6 4 5 -1  1
10911555142804273228
5 0 5 1 -1  1
10911558977593234652
5 4 5 2 -1  1
10911606993370293902
6 4 4 2 -1  1
10911634239139486690
7 1 5 0 -1  1
10911674917740186806
5 4 4 6 -1  1
10911844198131572329
7 7 7 6 -1  1
10913306714121128508
5 1 6 3 -1  1
10913380393621801552
4 2 5 4 -1  1
10913394072168625467
7 5 7 4 -1  1
10913486670320289320
1 2 1 0 -1  1
10913701805330414371
5 2 4 0 -1  1
10913909969761634188
4 4 3 5 -1  1
10913987174025860916
3 0 2 0 -1  1
10914198275229203821
6 3 4 2 -1  1
10914261828538033937
7 3 3 3 -1  1
10914293816196497062
4 3 3 2 -1  1
10914360581126820393
4 1 3 1 -1  1
10914372870203323654
3 7 3 5 -1  1
10914401471031793439
7 1 7 2 -1  1
10914669291698508848
7 4 7 6 -1  1
10914674493336465905
6 1 5 1 -1  1
10914706693761164383
4 5 3 7 -1  1
10914816670828814164
7 5 7 3 -1  1
10914970915929842933
4 4 6 4 -1  1
10915072605584631605
7 5 3 5 -1  1
10915082126587567326
2 3 1 3 -1  1
10915127903980880363
4 0 3 0 -1  1
10915138864783873027
0 7 0 6 -1  1
10915214714667658721
3 2 1 2 -1  1
3 2 4 2 -1  1
10915226629341231527
3 4 1 3 -1  1
10915345870770303753
7 0 7 3 -1  2
10915433552718487445
7 3 6 3 -1  1
10915457764442420475
4 1 3 1 -1  1
10915584176824745438
6 7 7 6 -1  1
10915658472701475597
7 3 6 3 -1  1
10915663778928560348
5 0 7 1 -1  1
10916032270302154301
6 5 4 5 -1  1
10916088556418961596
1 4 2 5 -1  1
10916188807835109426
7 6 7 5 -1  1
10916328211828060021
5 4 4 4 -1  1
10916333295756851413
6 6 5 6 -1  1
10916345815889382532
7 4 7 6 -1  1
10916465145252108562
3 1 2 1 -1  1
10916760313063747204
4 1 3 1 -1  1
10917050919803285781
5 4 6 2 -1  1
10917071490315393799
5 1 4 2 -1  1
10917086358286439124
4 4 3 2 -1  1
10917180090135194240
7 5 7 4 -1  1
10917194013708123344
6 7 4 7 -1  1
10917325794452007337
7 3 6 4 -1  1
10917502723006147443
4 5 3 6 -1  1
10917606385047324709
7 5 6 6 -1  1
10917773780795600625
3 4 5 5 -1  1
10917865486340467523
5 1 5 4 -1  1
10917885681782179346
6 7 5 7 -1  1
10917909182895056701
2 2 4 0 -1  1
10917910626705229180
0 7 3 7 -1  1
10917942804429184381
7 2 7 1 -1  1
10918006348474162846
7 0 1 0 -1  1
10918049424181252550
4 2 5 4 -1  1
10918260928654516228
5 4 4 3 -1  1
10918274826213840311
1 0 2 0 -1  1
10918344280487850955
7 7 2 7 -1  1
10918574412050085925
7 5 6 6 -1  1
10918777783988060418
7 3 7 6 -1  1
10918859047626602054
5 5 4 5 -1  1
10919041468638987999
7 2 3 2 -1  1
10919479808246343074
5 5 6 3 -1  1
10919812100233136722
2 0 1 1 -1  1
10919896517448342400
5 0 4 1 -1  1
10920125916332340574
4 6 5 4 -1  1
10920208457343204100
6 1 5 1 -1  1
10920404138640925547
2 0 4 2 -1  1
10920447191837015439
6 3 4 4 -1  1
10920786810568298601
7 3 4 3 -1  1
10920977469789562698
5 6 6 7 -1  1
10920980463276939662
5 4 4 3 -1  1
10921032641850610942
6 0 5 0 -1  1
6 4 5 4 -1  2
10921275294621852667
4 1 2 0 -1  1
10921499774419784266
7 0 7 2 -1  1
10921757531309237341
7 3 6 3 -1  1
10921833564667334466
7 5 7 3 -1  1
10921876974168675810
3 6 4 7 -1  1
10921886870962560454
7 7 7 6 -1  1
10921938183240897975
6 5 5 5 -1  1
10922021114552039034
3 1 4 2 -1  1
10922125176238018721
5 0 4 0 -1  1
10922152826681715204
2 2 5 5 -1  1
10922157610539989687
6 5 4 5 -1  1
10922207323605804436
7 0 6 0 -1  1
10922239368114351351
6 2 1 2 -1  1
10922464895985034533
7 6 7 7 -1  1
10922506495975364740
6 5 7 4 -1  1
10922684364448222125
2 6 5 3 -1  1
10922692109022564627
2 4 1 4 -1  1
10923019681894598659
6 3 4 2 -1  1
10923051477784709274
5 4 2 7 -1  1
10923085029606650731
7 0 7 3 -1  1
10923116911580560255
1 5 2 5 -1  1
4 5 2 5 -1  1
10923414915304680326
5 1 1 5 -1  1
10923415180011889892
7 0 7 5 -1  1
10923560946373742044
2 3 2 1 -1  1
10923716704876561152
4 2 6 3 -1  1
10923790861614400357
6 1 5 1 -1  1
10923975049299120252
7 0 7 2 -1  1
10924069485240365951
4 1 4 2 -1  1
10924224580056662793
6 4 5 4 -1  1
10924250048836181632
7 2 6 3 -1  1
10924334457028517247
3 1 1 2 -1  1
10924335904719902029
7 6 6 7 -1  1
10924422746500348147
7 2 6 3 -1  2
10924925112459635741
6 2 3 5 -1  1
10925234810607931915
7 4 7 6 -1  1
10925253348729825555
7 5 7 0 -1  1
10925827215188882385
0 5 1 5 -1  1
10925829223924825853
7 1 6 3 -1  1
10926233850766036944
5 2 3 2 -1  1
10926562447062537998
5 7 4 6 -1  1
10926649971453068937
4 1 3 1 -1  1
10926817492171865421
6 1 5 1 -1  1
10927045383540833479
4 5 3 6 -1  1
10927068235541391367
2 4 1 4 -1  1
10927211547374653034
4 0 3 0 -1  1
10927340273853318369
3 4 4 4 -1  1
10927345052931353995
7 0 6 0 -1  1
10927354630735972042
4 0 3 0 -1  1
10927464280351200070
7 5 7 3 -1  1
10927592535518002029
4 0 2 1 -1  1
10927638041360785846
7 4 7 6 -1  1
10927674563860199626
7 5 7 4 -1  1
10927683806686297946
6 3 5 1 -1  1
10927744581899317757
7 5 5 3 -1  1
10928092256623948287
7 3 0 3 -1  1
10928146643796667179
5 3 7 4 -1  1
10928281001054170258
5 5 3 6 -1  1
10928485193524747308
7 6 5 5 -1  1
10928989687257279651
5 5 5 4 -1  1
10929301628796747581
5 1 7 3 -1  1
10929384840744729556
3 3 0 6 -1  1
10929577558575932421
7 6 6 6 -1  1
10930411793693075353
6 2 5 3 -1  1
10930443738982330629
6 5 4 5 -1  1
10930473826007010519
4 2 1 5 -1  1
10930580480595491162
2 1 5 4 -1  1
10930909149796147423
6 6 7 5 -1  1
10930920789591023182
2 3 6 3 -1  1
10931208920447161499
6 6 4 4 -1  1
10931356196937604333
4 0 1 0 -1  1
10931387934350130955
6 0 4 0 -1  1
10931405947342112376
7 4 7 3 -1  1
10931407871632463514
7 5 7 4 -1  1
10931468236020426337
5 2 4 0 -1  1
10931735312101087217
4 3 2 4 -1  1
10931993345842624489
7 2 4 5 -1  1
10931997992847775858
7 5 5 3 -1  1
10932027042673591269
7 2 7 5 -1  1
10932160555775982432
7 3 6 2 -1  1
10932486481651485144
3 5 5 6 -1  1
10932588120031606541
5 4 4 4 -1  1
10932669832958378291
3 4 2 3 -1  1
10932744979215626457
7 1 1 1 -1  1
10932783752559377045
7 2 6 3 -1  1
10932822972779886900
7 6 6 7 -1  1
10932871544400692503
2 4 1 4 -1  1
10933084940119754171
6 6 5 6 -1  1
10933097856740047092
7 3 5 1 -1  1
10933637491387441305
6 2 6 5 -1  1
10933968345478584295
4 6 3 4 -1  1
10934091058097020964
3 1 4 2 -1  1
10934140134728380805
5 3 3 5 -1  1
10934316878657344017
5 0 4 1 -1  1
10934395419897220181
6 0 5 2 -1  1
10934594485453322258
7 2 7 0 -1  1
10934757387873772811
7 2 6 1 -1  1
10934798995505581011
0 5 0 1 -1  1
10934956575812643663
6 0 7 0 -1  1
10935866975044770644
6 4 5 3 -1  1
10936042304312686027
7 4 7 5 -1  1
10936097654613399945
7 0 7 4 -1  1
10936287423884081985
6 6 7 7 -1  1
10936419988190236488
5 5 3 4 -1  1
10936793436972129880
5 2 3 0 -1  1
10937378189258404905
7 5 6 4 -1  1
10938274785281169256
4 6 3 5 -1  1
10938539214257797400
1 2 2 4 -1  1
10938700137690422501
5 5 3 6 -1  1
10938780020409861856
7 2 5 4 -1  1
10938847616654435328
5 2 4 3 -1  1
10938881625776620628
7 5 6 6 -1  1
10938946582728959967
4 2 5 3 -1  1
10938957299513188055
4 1 3 1 -1  1
10939110793992757744
7 3 3 7 -1  1
10939146038530466759
7 3 5 1 -1  1
10939287053795440697
6 0 6 4 -1  1
10939338250277583319
5 2 6 2 -1  1
10939415084388109604
3 0 0 0 -1  1
10939441698967358953
6 5 5 5 -1  1
10939683349543417703
7 2 6 2 -1  1
10939690865261610661
6 5 5 6 -1  1
10939910898014552033
4 2 3 2 -1  1
10939925009909014421
7 1 6 3 -1  2
10940261134281166930
6 5 5 5 -1  1
10940521088739306279
6 6 5 7 -1  1
10940658144142223055
4 5 3 4 -1  1
10940673374378714152
4 5 3 5 -1  1
10940673950086754629
7 7 4 7 -1  1
10940745183867257498
5 4 4 4 -1  1
10940871278167409765
5 6 2 3 -1  1
10940902269733831807
5 7 6 7 -1  1
10941211843519866252
5 0 2 3 -1  1
10941234333126364377
6 3 4 4 -1  1
10941379561402894703
6 4 4 5 -1  1
10941918228082296292
7 5 7 4 -1  1
10942197860988111854
7 6 6 7 -1  1
10942520684173149023
6 6 5 6 -1  1
10942615321622709483
5 0 1 0 -1  1
10942924873778106355
7 4 5 2 -1  1
10942949985853345401
5 6 4 5 -1  1
10943011555792435521
4 4 3 3 -1  1
10943273292862433056
7 5 5 7 -1  1
10943285211298464998
6 2 4 2 -1  1
7 2 5 4 -1  1
10943320221884240289
5 4 4 4 -1  1
10943343976889939314
5 4 6 5 -1  1
10943520698600154682
4 3 2 2 -1  1
4 3 5 1 -1  3
10943608435732383608
6 5 4 5 -1  1
10943679884427026977
4 3 5 1 -1  1
10943751842634651206
7 4 7 3 -1  1
10943903837292235456
5 4 6 5 -1  1
10944071869952487712
6 5 6 4 -1  1
10944255500249180990
7 5 5 7 -1  1
10944428190320121564
5 1 4 1 -1  1
10944649614825998696
4 2 3 0 -1  2
10944666548270640175
7 4 7 6 -1  1
10944730748459866237
0 6 0 7 -1  1
10944762514410159067
5 3 3 2 -1  1
10944814511426839427
2 5 0 3 -1  1
10944864172753462371
2 7 1 7 -1  1
10945025324399117957
7 4 0 4 -1  1
10945043731863458491
3 6 3 7 -1  1
10945699377966750712
5 1 3 0 -1  1
10945779199023350704
3 4 4 2 -1  1
10945901879596063643
5 3 4 2 -1  1
10946053380167151515
5 2 4 0 -1  1
10946352253900640934
6 5 7 4 -1  1
10946356057505428013
3 2 2 2 -1  1
10946590043160833715
6 3 5 1 -1  1
10946772841431832373
5 2 4 2 -1  1
10947057474664319357
2 2 0 3 -1  1
10947262717007409619
5 5 6 4 -1  1
10947320597309044965
7 2 1 2 -1  1
10947321157691812868
2 2 2 1 -1  1
10947342835875554771
5 3 4 4 -1  1
10947536345289401132
5 2 4 3 -1  1
10947721882448126558
4 5 4 0 -1  1
10947726795132487575
5 6 5 7 -1  1
10947812874888605373
6 1 5 2 -1  1
10948538929034318826
7 5 6 6 -1  1
10948953036279601813
7 7 6 6 -1  1
10949298864231739043
5 2 4 4 -1  1
10949391343918092496
6 2 5 2 -1  1
10949534113061402297
0 3 6 3 -1  1
10949569272673341261
6 3 5 5 -1  1
10949625892252221309
6 2 4 2 -1  1
10949790652608844076
6 5 5 5 -1  2
10950060510307020181
2 2 4 3 -1  1
10950284045997968530
5 4 2 1 -1  1
10950320563046057364
7 3 6 2 -1  1
10950363134288360969
5 5 4 6 -1  1
10950591837838467902
5 2 4 0 -1  1
10950603848683156237
5 5 5 6 -1  1
10951021239517780953
7 5 7 4 -1  1
10951210677345616040
7 6 6 6 -1  1
10951314131374893649
7 4 5 5 -1  1
10951362727901842238
6 0 4 0 -1  1
10951374158870809162
6 2 5 2 -1  1
10951414409077252312
7 1 6 3 -1  1
10951520073675208044
7 2 3 2 -1  1
10951557115476881667
3 4 1 3 -1  1
10951712915455662949
5 6 5 5 -1  1
10951770846002492002
7 0 7 2 -1  1
10952101423152163879
7 5 2 5 -1  1
10952123976250890201
4 5 3 4 -1  1
10952388304119032411
7 3 5 1 -1  1
10952683252611385281
4 6 3 6 -1  1
10952697075654179790
0 2 4 6 -1  1
10952945966090856889
4 7 3 7 -1  1
10953238889689669930
6 1 5 1 -1  1
10953834993593337921
5 3 4 3 -1  1
10953861728209447791
7 2 3 6 -1  1
10954139929840669895
0 2 3 2 -1  1
10954357066267315577
6 3 3 3 -1  1
10954500849717686474
7 3 5 3 -1  1
10954651998348377472
5 6 1 6 -1  1
10954721743199478229
7 3 4 3 -1  1
10954777754908488114
3 4 1 3 -1  1
10954785050923469448
7 3 4 0 -1  1
10954892609943191980
1 3 2 3 -1  1
10955217914031837743
6 6 5 6 -1  1
10955234664894979639
7 0 7 3 -1  1
10955386026994998884
3 4 2 4 -1  1
10955408582251682474
4 2 3 3 -1  1
10955462150669324751
3 4 2 2 -1  1
10955847181325188034
6 4 5 4 -1  1
10955907305617883099
5 1 4 0 -1  1
10955957545768525941
7 2 6 3 -1  1
10956097253849372983
3 4 5 3 -1  1
10956110920871805773
7 5 5 3 -1  4
10956190992256082807
5 7 4 5 -1  1
10956504800247251877
7 6 7 5 -1  1
10956798321052674631
4 4 3 3 -1  1
10956827958555869472
7 5 6 6 -1  1
10956854836158810839
5 1 3 2 -1  1
10956855430583411117
6 3 6 5 -1  1
10956856456013097819
6 0 4 0 -1  1
10957073912548433170
4 7 5 6 -1  1
10957193735703829284
7 2 5 1 -1  2
10957294743982506118
6 4 7 4 -1  1
10957518890471256273
7 5 7 4 -1  1
10957525025247235302
4 2 3 2 -1  1
10957637882917506182
5 3 5 2 -1  1
10957964192637038710
7 0 7 1 -1  1
10958104277608958470
7 0 6 0 -1  1
10958220180580280416
7 5 7 4 -1  1
10958230985150748554
7 4 7 6 -1  1
10958362292545511245
7 7 7 2 -1  1
10958470845942943748
6 6 5 6 -1  1
10958553761382974544
4 6 3 6 -1  1
10958738584586381213
6 1 2 5 -1  1
10958789690334334874
7 5 7 6 -1  1
10958793578074752046
7 6 5 5 -1  1
10959116604302667916
6 7 5 7 -1  1
10959216180604850396
1 2 1 6 -1  1
10959267566338298242
4 4 3 5 -1  1
10959394406697754915
7 1 5 2 -1  1
10959470450963574815
5 5 5 4 -1  1
10959575070049684117
4 1 3 1 -1  1
10959607280113791704
7 5 1 5 -1  1
10959863622851552943
2 2 4 3 -1  1
10960076194470384806
6 4 4 4 -1  1
10960277651003214746
7 3 7 6 -1  1
10960290157734039123
7 4 2 4 -1  1
10960864081641892702
6 1 5 2 -1  1
10961321905354252581
6 7 5 7 -1  1
10961622675957662252
7 1 4 1 -1  1
10961632624825202442
3 0 2 0 -1  1
10961830186638291007
7 0 7 1 -1  1
10961951673741085678
2 0 5 3 -1  1
10961966037596150986
6 5 4 5 -1  1
10962136237935482992
7 1 7 3 -1  1
10962182620479297017
1 1 1 0 -1  1
10962212210388140612
6 1 3 4 -1  1
10962383724882281599
3 4 1 3 -1  1
10962509563898241611
6 6 4 6 -1  1
10962578299873486029
6 7 5 7 -1  1
10962579720906228965
6 4 5 4 -1  3
7 1 6 3 -1  2
10962583941465484708
6 6 5 6 -1  1
10962645379398423199
7 4 7 6 -1  1
10962780140291812236
7 5 6 4 -1  1
10962915841616570679
6 2 2 2 -1  1
10962957986829601951
3 2 4 0 -1  1
10962989213378600853
6 3 5 3 -1  1
10963340945103165085
7 5 6 5 -1  1
10963625796121293180
3 1 2 1 -1  1
10963649599091158073
2 5 7 5 -1  1
10963751704003226541
6 7 4 7 -1  1
10964179010664907347
7 5 6 4 -1  1
10964597135612929029
7 6 6 6 -1  1
10964740417966309251
2 4 2 1 -1  1
10964752711865823234
6 3 6 4 -1  1
10964812967378825930
2 3 4 2 -1  1
10965155681467177186
6 3 1 3 -1  1
10965258913018331126
3 5 2 4 -1  1
10965318483220043955
7 2 6 2 -1  1
10965358817427646794
5 0 4 1 -1  1
10965418137533255970
4 0 3 2 -1  1
10965442734968609559
6 1 5 2 -1  1
10965538812936865943
3 5 4 5 -1  1
10965582173660346156
5 0 4 1 -1  1
10965755932250935823
5 1 3 2 -1  1
10965765937552253127
4 1 3 1 -1  2
10966223355644013723
5 2 5 3 -1  1
10966286127979437436
7 6 7 7 -1  1
10966319802212184956
6 0 4 0 -1  1
10966325301844791100
5 4 6 3 -1  1
10966340168997533058
4 4 3 3 -1  1
10966528654764707027
5 5 4 7 -1  1
10966844104412543258
3 3 1 3 -1  1
10966916496416361784
7 6 7 7 -1  1
10966966079469883568
7 4 7 2 -1  1
10967354161527712234
6 6 5 6 -1  1
10967369782820086599
7 4 6 4 -1  1
10967532095554944554
4 7 3 7 -1  1
10967766823794548135
0 4 4 0 -1  1
10967852810914401492
3 0 4 1 -1  1
10967870791820926941
7 0 7 3 -1  1
10967918266952785220
6 7 5 7 -1  1
10968245063073968480
4 1 3 1 -1  1
10968257666441425159
4 3 3 3 -1  1
10968266839020341626
7 3 5 5 -1  1
10968288371341639152
4 1 6 1 -1  1
10968535152641255365
4 0 3 1 -1  1
10968582492994611633
5 4 4 3 -1  19
5 5 4 3 -1  6
10968613752624608324
3 2 2 3 -1  1
10968836437340240925
2 0 2 1 -1  1
10968916634538969024
2 0 5 3 -1  1
10968990825818295631
7 2 3 6 -1  1
10969289311418252435
6 1 7 3 -1  1
10969574566896699769
6 4 5 3 -1  1
10969733368826537651
1 2 2 3 -1  1
10969804445937120693
6 5 4 5 -1  1
10969956521692203015
6 3 5 1 -1  1
10970036573536650788
7 6 6 6 -1  1
10970126942468204848
7 1 5 1 -1  1
10970173008623378275
7 2 5 4 -1  1
10970265311517304927
7 4 7 6 -1  1
10970453747064518437
6 6 5 6 -1  1
10970482890710944347
4 4 3 6 -1  1
10970651822818873343
4 4 3 4 -1  1
10970727483352139599
5 4 6 3 -1  1
10970946209709298707
6 1 4 1 -1  3
6 1 5 1 -1  2
6 2 4 2 -1  4
6 3 4 3 -1  18
6 4 5 4 -1  1
6 6 5 6 -1  10
10970963957512823152
5 2 4 3 -1  1
10971250903630133381
7 2 5 2 -1  1
10971260900280676893
7 3 6 2 -1  1
10971375915309102443
7 2 6 3 -1  1
10971434176974763958
5 2 4 2 -1  1
10971500606644663766
7 0 7 1 -1  1
10971895429308848856
7 2 5 4 -1  1
10971916588202467992
4 5 6 6 -1  1
10971945321864909635
7 5 7 1 -1  1
10971950503794456872
3 4 5 3 -1  1
10972147010092965069
1 2 3 3 -1  1
10972155104329040770
6 5 7 6 -1  1
10972479008966270328
7 0 7 2 -1  1
10972618831616423685
5 3 3 3 -1  1
10972722274581981609
5 2 4 2 -1  1
10972854265627252374
7 0 5 0 -1  1
10973050345803560248
5 5 5 4 -1  1
10973224722978518487
7 6 5 5 -1  1
10973338993735303237
6 4 5 5 -1  3
10973447213769831158
6 5 7 5 -1  1
10973484553470637793
7 1 6 1 -1  1
10973767455323604617
5 0 4 0 -1  1
10974007168145628823
6 2 4 2 -1  1
10974103181235873914
5 4 4 4 -1  1
10974344849385197755
2 3 0 5 -1  1
10974354866771815999
4 0 3 1 -1  1
10974552869571218937
3 1 4 1 -1  1
10974681582391978302
5 3 6 5 -1  1
10974897481525323222
7 4 0 4 -1  1
10974905136552070185
7 5 7 6 -1  1
10975167797850155619
7 6 3 6 -1  1
10975170485581238389
7 0 7 1 -1  1
10975372958312415237
2 3 5 0 -1  1
10975429508050825102
3 1 2 2 -1  3
3 1 6 4 -1  2
10975509828013081654
0 1 2 1 -1  1
10975538818614718539
7 7 6 6 -1  1
10975805489342996830
7 6 7 7 -1  1
10975851703853774776
7 7 7 3 -1  1
10976002069708887824
6 3 7 2 -1  1
10976028991724641794
2 7 5 4 -1  1
10976272492764688446
4 2 3 3 -1  1
10976298593045868643
4 2 4 5 -1  1
10976366940956031497
5 6 4 6 -1  1
10976367050212582609
6 1 5 2 -1  1
10977016464908469659
6 7 7 7 -1  1
10977066572870887464
3 4 3 3 -1  1
10977133848845392159
4 3 1 6 -1  1
10977181365108968995
4 4 4 3 -1  1
10977290766229161241
4 0 3 2 -1  1
10977389795217049103
6 3 7 2 -1  1
10977637771181969875
4 5 4 4 -1  1
10977848336740053595
4 1 3 1 -1  1
10977907248325146826
7 2 7 1 -1  1
10977992729016121957
5 5 4 4 -1  1
10977996667383876003
3 3 1 5 -1  1
10978067445554557052
7 4 7 6 -1  1
10978168666865169286
4 4 6 3 -1  1
10978208572404791672
6 2 6 4 -1  1
10978230022251304103
6 7 4 7 -1  1
10978265937600160645
5 0 4 0 -1  1
10978562023240491571
7 1 7 0 -1  1
10978592783165710693
0 4 0 0 -1  1
10978854040110528747
5 6 4 4 -1  1
10978997304415501450
6 2 6 1 -1  1
10979004255725108704
7 6 7 5 -1  1
10979117905335052445
6 3 5 4 -1  1
10979184794040686717
3 3 2 3 -1  1
10979286020768795351
3 3 1 4 -1  1
10979471890613708580
4 7 3 7 -1  1
10979516040418354056
5 4 3 5 -1  1
10979522562175352627
6 5 4 5 -1  1
10980487635134716411
4 0 3 1 -1  1
10980888533077805555
5 5 7 4 -1  2
10980971968529031235
5 5 1 1 -1  1
10980976680999968479
4 1 3 1 -1  1
10981087870086564236
7 6 6 5 -1  2
10981100242268073461
6 2 5 2 -1  1
10981171162976532103
6 3 7 3 -1  1
10981300380037625281
5 2 5 3 -1  1
10981562076791912143
0 2 0 3 -1  1
10981566099272190051
7 4 5 4 -1  1
10981784288213508572
4 0 4 4 -1  1
10981838109880954708
7 1 5 2 -1  1
10981930289239061495
4 4 3 4 -1  1
10982164296278196927
5 0 6 0 -1  1
10982209506662549778
6 0 4 0 -1  1
10982288682022123620
1 3 2 3 -1  1
10982339120822833933
7 6 6 7 -1  1
10982633077648146836
6 4 5 4 -1  1
10982684594189547320
6 4 6 3 -1  1
10982736533690089912
7 1 5 2 -1  1
10982904274433747283
5 1 4 3 -1  1
10983090895551392410
7 5 7 4 -1  1
10983195818545115253
6 7 5 7 -1  1
10983241125216757313
3 2 3 1 -1  1
10983304835661191133
0 6 6 0 -1  1
10983377699393111534
7 3 7 0 -1  1
10983393545045855311
5 1 6 3 -1  1
10983444683461804327
6 0 5 0 -1  1
10983802325783188322
5 1 6 1 -1  1
10984460742261564714
6 5 5 5 -1  1
10984480110853739247
6 4 5 4 -1  2
10984533024001493709
3 6 2 5 -1  1
10984543940478269189
7 4 7 1 -1  1
10984681438833708611
5 3 3 2 -1  1
10985087453032639128
5 2 6 4 -1  1
10985226964175837616
6 3 5 3 -1  1
10985260626359980280
7 3 4 3 -1  1
10985431049852222948
6 4 5 4 -1  1
10985435031813692030
6 0 4 0 -1  1
10985452845443171560
5 6 5 7 -1  1
10985470169400859835
7 3 7 2 -1  1
10985513257257881244
6 3 4 2 -1  1
10985595193774658771
5 4 4 3 -1  1
10985706565855490484
5 1 4 3 -1  1
10985708891411914367
7 6 5 5 -1  1
10986077154682522576
6 0 4 0 -1  1
10986147598310384700
3 5 4 4 -1  1
10986371187721234864
0 0 0 7 -1  1
10986634669699210854
7 0 7 1 -1  1
10986749416881486346
4 7 3 6 -1  1
10986818931772460261
1 1 2 0 -1  1
10987160772244544816
5 6 5 5 -1  1
10987415564141720851
6 3 7 4 -1  1
10987758680833890802
3 0 3 4 -1  1
10987852282510400552
4 7 5 6 -1  1
10987991760949007898
6 5 2 1 -1  1
10988121164811088390
4 4 3 3 -1  1
10988182026244843132
6 6 5 6 -1  1
10988226938815376986
6 1 4 1 -1  1
10988808953544775615
7 4 7 3 -1  1
10988829904152973705
6 7 5 7 -1  1
10988887192778531727
7 3 6 4 -1  1
10989032060129907507
5 4 6 5 -1  1
10989345286168275399
6 0 4 0 -1  1
10989350184873131782
3 4 2 4 -1  1
10989428077065449989
7 6 7 5 -1  1
10989927139003871786
5 5 6 6 -1  1
10990000237998745592
5 0 5 1 -1  1
10990058837574813177
6 6 5 5 -1  1
10990100607504873500
6 3 7 5 -1  1
10990152967169772988
5 3 4 3 -1  1
10990275353967441475
5 2 4 4 -1  1
10990575598737142336
5 0 4 0 -1  1
10990886372228652483
2 3 0 4 -1  1
10991187147987585933
4 2 3 2 -1  1
10991220882938431326
3 6 5 4 -1  1
10991280043217179717
2 0 3 0 -1  1
10991286574461386190
2 2 0 4 -1  1
10991331095894361290
5 5 6 6 -1  1
10991441287257950698
7 3 3 3 -1  1
10991527563881314001
4 0 3 0 -1  1
10991611183308980974
7 3 5 1 -1  1
10991805733299303547
7 1 5 2 -1  1
10991858567549082868
1 2 2 2 -1  1
10992133744997394298
4 4 5 2 -1  2
10992159272558097913
6 4 7 4 -1  1
10992264605764178374
6 1 1 6 -1  1
10992350520635397089
5 0 4 1 -1  1
10992473215975295514
4 4 4 5 -1  1
10992847276227072071
4 3 4 2 -1  1
10992865840257479416
6 3 3 0 -1  1
10993191804374236545
7 2 5 4 -1  1
10993561484942007828
7 5 6 6 -1  1
10993750305275633148
4 5 3 6 -1  1
10993767831101159637
6 2 5 2 -1  12
6 3 4 3 -1  2
7 4 7 6 -1  1
10993843168497810403
7 5 6 5 -1  1
10993850796675980727
6 6 5 5 -1  1
10994026204326470717
7 6 5 5 -1  1
10994036497346616698
5 2 5 1 -1  1
10994127983432900102
4 4 5 4 -1  1
10994265851347479114
5 4 4 4 -1  1
10994342846456261636
6 6 1 1 -1  1
10994620721118987625
4 0 7 3 -1  1
10994683152313940679
7 5 7 3 -1  1
10994724673382416126
7 1 6 3 -1  1
10994981758114406821
5 5 4 3 -1  2
10995162565201678645
4 4 3 4 -1  1
10995354358693023738
4 3 3 4 -1  1
10995426379048073129
7 5 7 1 -1  1
10995430206127522273
6 5 5 6 -1  1
10995719125113141601
7 1 0 1 -1  1
10995766952353020915
5 6 4 6 -1  1
10995815250901149928
5 1 7 1 -1  1
10995849624462083730
5 5 1 5 -1  1
10995911018011044522
6 5 5 4 -1  1
10996093224631995100
6 4 7 5 -1  1
10996124782248553383
0 4 1 5 -1  1
10996245789078619993
5 4 4 4 -1  1
10996249144792312924
4 1 3 1 -1  1
10996422399684050685
7 2 5 4 -1  1
10996483581361141744
7 4 7 6 -1  1
10996734064785420554
5 0 4 1 -1  1
10996826422454622254
2 5 1 6 -1  1
10996994707675640596
1 3 5 3 -1  1
10997176468071217348
7 5 6 6 -1  1
10997311186787844429
7 2 1 2 -1  1
10997455194149875553
6 0 3 3 -1  1
10997500544953676894
7 2 7 4 -1  1
10997561293432434799
7 2 3 6 -1  1
10997588898169282191
4 4 3 4 -1  1
10997613401290906446
3 5 5 7 -1  1
10997817562481770816
7 5 7 4 -1  1
10997842735724996826
7 4 7 6 -1  1
10997990075666377180
6 4 6 6 -1  1
10998034065079191180
5 1 2 4 -1  1
10998242830896998445
2 2 1 3 -1  1
10998267450414016792
7 1 6 3 -1  1
10998291474085490192
6 3 7 5 -1  1
10998337955073235485
6 5 5 4 -1  1
10998423023355704714
5 0 4 0 -1  1
10998506542872850956
2 3 2 4 -1  1
10998765865286156033
3 7 3 6 -1  1
10998815256204143522
3 6 4 7 -1  2
10998909978788329664
4 5 3 4 -1  1
10998913483862201002
6 5 7 6 -1  1
10998919287659794471
5 6 4 4 -1  1
10999084487741717849
3 4 4 3 -1  1
10999138599276209975
5 1 4 1 -1  1
10999171690889992154
7 6 6 4 -1  1
10999275042980965142
0 2 0 3 -1  1
10999394379159321511
6 3 4 2 -1  1
10999789700858616043
4 4 3 3 -1  1
10999969444507311280
5 2 3 3 -1  1
11000120129521790349
2 1 3 3 -1  1
11000433333550434397
7 7 7 2 -1  1
11000841446484455544
4 5 3 5 -1  1
11000849272680975711
0 5 6 5 -1  1
11000860446487404403
5 3 4 3 -1  1
11000970924131445578
7 6 7 7 -1  1
11000971819427249083
6 2 5 2 -1  1
11001159289452364934
7 3 4 0 -1  1
11001501625820348233
4 1 6 1 -1  1
11001535473989787436
2 2 3 3 -1  1
11001585528986147551
5 4 6 5 -1  1
11002066600578307698
5 5 4 4 -1  1
11002145188926068758
6 2 0 2 -1  1
11002479623463944380
6 4 4 4 -1  1
11002519791841118321
7 4 7 6 -1  1
11002529612162853196
7 6 7 7 -1  1
11002542192691668709
4 5 4 3 -1  1
11003010409875053899
2 0 4 0 -1  1
11003033079313972519
5 3 4 2 -1  1
11003050452845363663
5 1 4 3 -1  1
11003062266444153154
5 7 0 7 -1  1
11003169880661132441
3 3 2 2 -1  1
11003413829208430453
3 7 0 7 -1  1
11003630051233379301
5 5 6 4 -1  1
11003777555608403422
5 3 4 4 -1  1
11003795243664628045
6 1 5 2 -1  9
11004237170069537854
5 4 6 5 -1  1
11004457272964824486
6 6 5 6 -1  1
11004680289061299097
6 6 5 6 -1  1
11004704658327846021
1 7 2 7 -1  1
11004948444001890335
5 4 4 5 -1  1
11004968026406890323
7 3 4 3 -1  1
11005410507601483339
3 4 2 3 -1  1
11005701142498940629
6 2 7 2 -1  1
11005997398571914884
6 3 4 4 -1  1
11006035326794670368
1 0 0 0 -1  1
11006052651199309154
5 2 5 1 -1  1
6 2 5 1 -1  1
11006113556442664923
3 2 2 3 -1  1
11006136785907215662
7 5 6 6 -1  1
11006169189393899990
1 3 1 0 -1  1
11006290094286162366
3 3 5 2 -1  1
11006413342734720499
6 3 3 3 -1  1
11006487006452801871
6 6 5 6 -1  1
11006617116221464997
5 3 4 3 -1  1
11006642088578812640
5 5 3 6 -1  1
11006693666559526254
5 1 5 2 -1  1
11006700146894437343
7 1 7 2 -1  1
11006716833701967714
6 4 5 5 -1  1
11006833409634359341
7 3 5 3 -1  1
11006981466146320148
5 7 5 6 -1  1
11007018903206402981
7 4 7 6 -1  1
11007065705931859715
3 4 4 4 -1  1
11007406873942331087
6 7 4 7 -1  1
11007594527166134943
4 3 5 1 -1  2
7 4 7 6 -1  1
11007599494860437849
4 1 2 1 -1  1
11007854709982280839
0 6 1 6 -1  1
11008631767013723389
6 7 4 7 -1  1
11008834369206015973
3 1 6 4 -1  1
11009156527667853268
4 4 3 4 -1  1
11009315500084802373
6 2 5 4 -1  1
11009379981802940888
5 5 7 6 -1  1
11009507185907862230
7 3 6 3 -1  1
11009561807092282864
6 7 7 6 -1  2
11009763750826564893
7 6 7 3 -1  1
11010136043701037347
7 4 7 6 -1  1
11010202275625651420
7 6 5 5 -1  1
11010345665728007015
6 1 4 3 -1  1
11010456745482331975
3 5 6 5 -1  1
11010543690963866834
7 4 4 4 -1  1
11010590339835248520
4 2 3 2 -1  1
11010740633335429697
3 6 2 5 -1  1
11010761648247962421
4 2 3 3 -1  1
11010961615491517410
6 6 5 6 -1  1
11010973880869813480
4 4 3 4 -1  1
11010995190423652588
4 7 3 7 -1  1
11011039377349677005
6 0 5 0 -1  1
11011824785024269990
5 2 4 4 -1  1
11012036362211534843
0 0 0 2 -1  1
11012088293715892001
5 2 6 1 -1  1
11012106870330920245
5 1 4 1 -1  1
11012161437178831371
4 5 4 7 -1  1
11012197529828922948
6 4 4 6 -1  1
11012279764565712567
4 5 3 6 -1  1
11012292328949309545
5 2 3 3 -1  1
11012343439679388287
5 6 4 6 -1  1
11012916456529953409
3 0 2 1 -1  1
11012925894658341068
1 0 2 0 -1  1
11013072881859215308
1 6 2 4 -1  1
11013094571554867733
4 4 4 3 -1  1
11013215986528931344
2 6 2 3 -1  1
11013252008278369492
7 3 7 4 -1  1
11013315779713903207
5 3 4 3 -1  1
11013523328527028790
5 2 4 2 -1  1
11013819092809761286
4 3 1 0 -1  1
11014020325056074595
6 0 4 0 -1  1
11014428660113418574
7 0 6 0 -1  1
11014534102600718517
5 0 4 0 -1  1
11014746693211838185
6 5 7 5 -1  1
11014834332903546034
3 0 2 0 -1  1
11014930777724065568
5 6 5 2 -1  1
11015122374046381226
1 4 1 3 -1  1
11015253799749672331
6 3 7 5 -1  1
11015304910529901541
5 4 4 3 -1  1
11015486975747033677
6 0 4 0 -1  1
11015542197748910053
6 6 4 4 -1  1
11015599782112954480
7 0 7 4 -1  1
11015771523567704172
5 2 4 1 -1  1
11015830511546256146
7 4 1 4 -1  1
11015866313924365999
3 6 2 7 -1  1
11015950748630531045
6 3 4 2 -1  1
11016345434529281641
4 2 3 3 -1  1
11016394672882043199
4 1 3 2 -1  1
11016459766582449221
6 7 5 6 -1  1
11016697548021944925
7 3 6 2 -1  1
11016774547333691890
7 0 7 4 -1  1
11017530196739710423
4 4 3 4 -1  1
11017837391168842861
6 7 5 7 -1  1
11017899687810749324
6 3 6 5 -1  1
11017978783462379941
6 1 5 1 -1  1
11017979032693698662
7 4 7 2 -1  1
11017996331132331756
5 4 4 4 -1  1
11018009497467867866
6 2 5 1 -1  1
11018177973198914866
6 5 5 4 -1  1
11018275510980734144
7 5 6 6 -1  1
11018450138701547077
4 0 5 2 -1  1
11018713381231088530
1 5 2 5 -1  1
11018895669980332694
7 1 7 0 -1  1
11018928848083889401
3 4 5 3 -1  1
11018970363123579545
7 1 5 2 -1  1
11019236534656301637
5 5 4 6 -1  1
11019310084896272066
6 5 4 5 -1  1
11019344866718697213
4 1 3 0 -1  1
11019505115211153156
5 5 4 3 -1  1
11019624034628105316
7 3 7 2 -1  1
11019932937665682502
7 0 7 4 -1  1
11020167241897881746
3 3 4 4 -1  1
11020447819420016377
7 6 6 4 -1  1
11020595730694394073
4 2 0 2 -1  1
11020653955720381793
7 1 6 3 -1  1
11020723476102207883
5 3 4 4 -1  1
11020821434684393180
1 0 1 1 -1  1
11021031158439098738
4 2 6 3 -1  1
11021323855627303412
0 4 6 4 -1  1
11021513431971063962
7 5 7 4 -1  1
11021658712736163817
7 3 7 2 -1  1
11021843378043477162
6 0 4 0 -1  1
11022141208079042475
7 3 6 2 -1  1
11022295847461784503
5 5 4 7 -1  1
11022328450769712193
4 2 3 2 -1  1
11023457008223399816
6 2 4 2 -1  1
11023483145512834288
6 2 2 2 -1  1
11023600213945184737
7 2 4 5 -1  1
11023828590726160664
6 3 7 3 -1  1
11023835759363235376
3 6 2 7 -1  1
11024175623479697544
4 5 2 7 -1  1
11024297782874714732
1 4 2 2 -1  1
11024540486384963295
3 1 2 0 -1  1
11024548756276875709
3 7 2 7 -1  1
11024596910565894815
5 5 6 3 -1  1
11024684288073599811
5 5 3 6 -1  1
11024762559533626877
6 7 5 7 -1  1
11024936874894881469
4 2 6 4 -1  1
11025126621909653537
4 7 5 5 -1  1
11025166055806596704
7 0 1 0 -1  1
11025212644082870130
4 4 3 3 -1  1
11025359859858855236
2 6 1 6 -1  1
11025380813071109790
5 2 4 0 -1  1
11025482601421714021
3 3 2 4 -1  1
11025832341512037755
4 1 4 4 -1  1
11025902136880726110
7 2 7 3 -1  1
11025976402492351034
4 6 3 7 -1  1
11026050203588934191
7 0 7 2 -1  1
11026356353946946235
7 4 7 6 -1  1
11026445508762459881
6 4 5 5 -1  1
11026518875166914322
1 5 5 1 -1  1
11026580797421946589
3 7 2 6 -1  1
11026722233364442095
6 0 4 0 -1  1
11026758519261118223
7 6 6 7 -1  1
11026854119220463258
6 6 7 5 -1  1
11027099042084483595
5 5 4 5 -1  1
11027177159988679025
6 1 5 2 -1  1
11027228170598095129
7 4 7 2 -1  1
11027286215750448816
5 1 6 2 -1  1
11027509410935677253
6 3 5 5 -1  1
11027558461504991475
5 5 4 3 -1  1
11027599946477681696
0 2 1 0 -1  1
11027779592345787375
6 4 0 4 -1  1
11027958488528202852
7 4 6 2 -1  1
11028238932215234068
6 1 5 1 -1  1
11028494595582461904
7 2 6 3 -1  1
11028506948767404173
6 1 4 1 -1  1
11028526969137574239
6 7 5 7 -1  1
11028644064429399834
6 1 5 2 -1  1
11028949625814719874
5 3 6 4 -1  1
11029073013671570039
5 4 4 4 -1  1
11029123204674718494
7 0 7 3 -1  1
11029435409179342053
6 7 5 7 -1  1
11029441690568834411
5 5 6 3 -1  1
11029442008299960118
7 2 6 3 -1  12
11029537538072796323
3 4 3 5 -1  1
11030064878036174511
6 5 3 2 -1  1
11030467303458711458
7 0 7 1 -1  1
11030613523696721476
4 0 3 1 -1  1
11030933167312004486
6 6 5 5 -1  1
11031075377607959835
4 2 3 3 -1  1
11031187434816433202
7 0 7 1 -1  1
11031191519185138967
7 3 4 0 -1  1
11031352959896817734
7 5 6 4 -1  1
11031355306226380805
7 0 1 0 -1  1
11031379084803533149
3 6 2 5 -1  1
11031474466131751469
6 2 4 2 -1  1
11031500992272482146
4 3 6 2 -1  1
11031792246759275878
6 3 2 3 -1  1
11031817165516915791
4 6 2 6 -1  1
11031830034549935835
5 2 4 3 -1  1
11032286274395291853
3 6 3 4 -1  1
11032706418285902128
7 6 7 7 -1  1
11032744610721408755
7 2 4 5 -1  1
11032820379996877590
7 0 7 1 -1  1
11033056286932200631
4 1 2 2 -1  1
11033082847497547727
7 6 6 5 -1  1
11033131531134907777
7 1 5 2 -1  1
11033158503448816346
7 2 7 1 -1  1
11033341959088782991
5 5 6 7 -1  1
11033564854148622856
6 6 7 5 -1  1
11033565912015222228
5 3 4 3 -1  1
11033583602193155510
5 7 6 6 -1  1
11033623090999576452
6 4 7 3 -1  1
11034002287985910478
5 5 4 3 -1  1
11034002916004302226
7 4 6 2 -1  1
11034132332585629568
3 2 4 0 -1  1
11034157504440688107
5 7 4 6 -1  1
11034390588974604013
1 3 1 2 -1  1
11034521728254543288
5 2 4 2 -1  1
11034749396601184830
5 4 4 4 -1  1
11034980804756161894
4 0 4 5 -1  1
11035035881402357367
5 2 5 4 -1  1
11035088754846216638
7 0 7 2 -1  1
11035167270259079939
7 5 6 5 -1  1
11035396339804520640
5 3 4 3 -1  1
11035571344580076128
7 4 7 3 -1  1
11035755099996896561
4 3 3 2 -1  1
6 4 5 4 -1  1
11035756058866842517
1 3 3 5 -1  1
11035862496178486225
3 1 6 4 -1  1
11035882296839249786
7 1 1 1 -1  1
11036039023048241412
4 1 1 4 -1  1
11036131281897743870
7 5 6 6 -1  8
7 6 5 5 -1  5
11036236890793984267
5 3 4 4 -1  1
11036316695967872819
5 5 3 4 -1  1
11037141877255653248
7 6 6 6 -1  1
11037178484677213194
5 4 6 4 -1  2
11037207333527553795
5 6 5 5 -1  1
11037242768744625371
6 2 5 0 -1  1
11037264074494567199
4 1 3 0 -1  1
11037398454418616006
3 5 4 3 -1  1
3 6 2 5 -1  1
11037450754545005330
6 3 5 4 -1  1
11037550397451579866
3 3 4 2 -1  1
11037702587928911260
4 4 5 2 -1  1
11037768271946233369
3 5 3 3 -1  1
11037990048748644759
5 2 4 0 -1  1
11038135024434373379
2 6 0 6 -1  1
11038205757121681593
5 0 4 2 -1  1
11038436103473125721
7 7 6 7 -1  1
11038480707651031786
7 3 6 4 -1  1
11038762266906914171
7 5 7 4 -1  1
11038822823773162314
3 1 2 3 -1  1
11039097050202238193
4 2 6 0 -1  1
11039302461370643168
3 6 2 4 -1  1
11039623121992087380
4 2 3 3 -1  1
11039694653774815582
4 4 3 2 -1  1
11039733713032447039
7 7 6 6 -1  1
11039745111005674664
6 0 0 0 -1  1
11039842716103755077
5 1 4 1 -1  1
11039844932405987123
7 7 7 2 -1  1
11039998561289026317
5 4 7 4 -1  1
11040427470051652313
7 4 1 4 -1  1
11040546879974358054
6 4 7 3 -1  1
11040567508098234727
5 5 6 4 -1  1
11040789664672367745
7 3 7 4 -1  1
11040944757255324030
6 6 5 6 -1  1
11040977347641932150
4 5 3 5 -1  1
11041051836123040041
4 7 3 7 -1  1
11041074425746749421
6 4 5 4 -1  1
11041106861614411944
7 3 6 2 -1  1
11041182361376672667
5 2 5 6 -1  1
11041280640994087547
4 5 7 2 -1  1
11041283017992357293
3 7 1 7 -1  1
11041579024244440100
7 1 7 2 -1  1
11041813018755831988
6 2 4 1 -1  1
11041843381168402318
7 0 7 2 -1  1
11041928457875557133
4 2 3 3 -1  1
11042012318141726792
5 6 4 6 -1  1
11042030374150642198
7 1 7 3 -1  1
11042224204743055151
2 6 2 0 -1  1
11042424234669362525
3 5 2 7 -1  1
11042820775641226847
7 2 4 5 -1  1
11043373073321917412
3 3 3 1 -1  1
11043442740476887749
6 6 3 3 -1  1
11043589896287111358
5 4 4 5 -1  1
11043626514156554237
7 4 7 6 -1  1
11043667003220680429
6 1 5 1 -1  1
11044104253854758091
5 0 5 2 -1  1
11044126109454173867
3 3 3 6 -1  1
11044224441112502631
7 2 1 2 -1  1
11044230989383658539
5 5 6 3 -1  1
11044274853133232666
1 1 2 1 -1  1
11044323861376513007
6 6 4 5 -1  1
11044385065130757022
3 4 2 5 -1  1
11044681548403336019
6 3 6 2 -1  1
11044706774748913720
7 5 6 6 -1  1
11045086537048406722
1 0 1 3 -1  1
11045426411449991539
7 4 4 4 -1  1
11045793123235401345
4 4 5 6 -1  1
11046129039884622418
6 6 5 6 -1  1
11046336888859321618
7 0 1 0 -1  1
11046353860402190570
5 2 5 5 -1  1
11046401402535151541
6 4 5 4 -1  2
11046470458026658222
7 3 7 0 -1  1
11046481111001590110
4 5 6 3 -1  1
11046517629557034542
5 7 4 7 -1  1
11046788193331865006
7 7 7 6 -1  1
11046841768866449196
5 1 4 3 -1  1
11046896475046764137
4 4 3 5 -1  1
11046951596016498161
2 0 4 0 -1  1
11047018303406532066
4 3 4 6 -1  1
11047139156694744218
4 6 3 6 -1  1
11047234133907628725
7 5 6 6 -1  1
11047234155832140365
7 5 6 6 -1  1
11047313844174032589
4 3 5 3 -1  1
11047860621440285867
7 5 3 1 -1  2
11048047916901973554
7 2 6 1 -1  1
11048123381118949195
5 1 4 2 -1  1
11048140698585562561
1 3 3 4 -1  1
11048193793439084712
3 6 5 4 -1  1
11048309776642105876
4 4 3 4 -1  1
11048548851009595862
1 3 3 5 -1  1
11048609449391281598
1 7 6 7 -1  1
11048658347722669645
4 4 3 4 -1  1
11048699483483068721
7 3 6 4 -1  1
11049693635121519751
5 4 4 3 -1  1
11049797843952007264
6 3 4 2 -1  1
11049820008848830529
4 3 2 4 -1  1
11050121998225960420
5 2 7 0 -1  1
11050187737181160550
2 5 6 5 -1  1
11050398957626179469
7 3 6 3 -1  1
11050688852950079866
3 5 4 3 -1  1
