11458482727768470396
6 0 5 0 -1  1
11458535568469114970
6 1 1 6 -1  1
11459375966083786761
6 3 4 3 -1  1
7 4 7 6 -1  2
11459517814789015384
6 3 4 3 -1  1
11459641153550467252
7 6 7 5 -1  1
11459648309055117356
5 4 5 0 -1  1
11459811206159026016
5 3 3 1 -1  1
11459836540973822539
0 2 1 1 -1  1
11459929449505596258
1 5 3 6 -1  1
11460063937175784201
6 5 5 5 -1  1
11460094224175996666
6 7 5 6 -1  1
11460121565435892485
6 0 4 0 -1  1
11460170999573201312
5 6 3 7 -1  1
11460356733141778213
6 5 5 5 -1  1
11460431889769318242
7 2 7 3 -1  1
11460524601060074554
2 6 3 7 -1  1
11460644791095617205
7 6 7 5 -1  1
11460683682304311751
7 2 3 6 -1  1
11460929259091294011
6 4 5 3 -1  1
11460935820941620103
2 3 3 3 -1  1
11460994522720740037
6 5 5 5 -1  1
11460996552228080471
5 7 4 7 -1  1
11461158425377630749
7 0 7 2 -1  1
11461303071386603253
6 1 4 1 -1  1
11461517455390095840
5 2 3 1 -1  1
11461663711181952694
5 4 4 4 -1  1
11461951213582435664
7 5 7 6 -1  1
11462000385867070912
6 3 4 2 -1  1
11462165989938561544
4 4 5 4 -1  1
11462218815268074191
7 2 7 0 -1  1
11462370987124058172
4 2 3 0 -1  1
11462381935760946963
4 6 3 5 -1  1
11462458012612658978
6 7 7 6 -1  1
11462494782436473030
6 7 6 6 -1  1
11462541570812972605
1 3 0 4 -1  1
11462542603116585337
5 5 2 5 -1  1
11462649722275835511
6 4 5 4 -1  2
11462688565477896560
7 5 7 4 -1  1
11462730102769097454
7 4 6 4 -1  1
11462972074669814360
5 5 3 4 -1  1
11463196429465229253
5 2 7 3 -1  1
11463293921222996254
6 1 5 2 -1  1
11463342182061125038
7 0 7 4 -1  1
11463556318027891811
7 6 6 5 -1  1
11463762768052162518
7 0 6 0 -1  1
11463911811537603417
5 5 4 5 -1  1
11463960132146408081
4 0 3 1 -1  1
11464023674939760890
4 1 3 2 -1  1
11464168688512129349
6 1 4 1 -1  1
11464625004543786847
5 5 7 3 -1  1
11464780654502135018
7 3 5 5 -1  1
11464841595996051698
3 5 3 6 -1  1
11464849956969113216
5 0 4 1 -1  1
11464928991526442118
3 2 2 3 -1  1
11465082935141044169
3 6 4 6 -1  1
11465153293225546055
5 6 6 7 -1  1
11465188201057195603
5 1 3 2 -1  1
11465291139736792992
5 5 6 4 -1  1
11465403786374659852
7 0 7 1 -1  1
11465503304514938915
7 3 6 4 -1  1
11465612337869267795
6 4 5 5 -1  1
11465712424201619003
7 4 7 6 -1  1
11465728563264880509
5 5 6 7 -1  1
11465803977001634763
6 1 5 1 -1  1
11465813477996842293
7 4 5 4 -1  1
11465944603873304303
3 1 2 2 -1  1
11465959790163430395
7 2 6 4 -1  1
11466187785934838252
7 1 5 0 -1  1
11466270872791506517
2 2 5 2 -1  1
11466432338380584116
7 6 6 7 -1  1
11466442602729016510
7 0 7 3 -1  1
11466786385890227821
1 3 2 4 -1  1
11466846861156191243
7 5 5 3 -1  1
11466904207508231216
2 1 1 1 -1  1
11466977300671586728
3 1 4 0 -1  1
11467264481542778703
4 3 3 4 -1  1
11467365677281975102
6 5 4 7 -1  1
11467380711202501861
0 6 1 6 -1  1
11467533665129378531
4 4 5 5 -1  1
11467590479451411858
2 1 3 2 -1  1
11467634193635395869
5 3 4 3 -1  1
11467779741579701721
5 7 0 7 -1  1
11467924573134604144
0 5 1 4 -1  1
11468047427402842150
7 5 6 6 -1  1
11468054402368891312
5 5 4 7 -1  1
11468223138934976124
2 5 2 4 -1  1
11468235599147793596
4 0 3 1 -1  1
11468327801013663768
4 7 3 5 -1  1
11468376381947506799
5 5 4 6 -1  1
11468455057620418636
7 3 6 4 -1  1
11468460029306996962
7 4 7 2 -1  1
11468933004785917926
7 6 6 7 -1  1
11469076729416989032
0 4 0 5 -1  1
11469323556761865916
7 4 7 3 -1  1
11469543612943682872
4 2 5 2 -1  1
11469604846451034578
5 5 6 3 -1  1
11469913632667847133
5 1 4 1 -1  1
11470013429813553817
5 1 3 2 -1  1
11470093054521179557
3 3 2 4 -1  1
11470225628165636657
7 0 7 3 -1  1
11470455483433349701
4 2 3 3 -1  1
11470506764818889430
7 2 7 3 -1  1
11470569882739160196
5 2 3 3 -1  1
6 3 5 3 -1  2
11470632338193676818
7 1 5 1 -1  1
11470696077875791429
6 7 5 7 -1  1
11470705545651120631
6 1 5 2 -1  1
11470875678559295311
7 5 7 3 -1  1
11471055319347093789
5 3 4 4 -1  1
11471173988074728810
4 4 5 5 -1  1
11471241173594047752
4 2 3 3 -1  1
11471653927368322141
3 1 3 3 -1  1
11471804541663215998
5 2 4 0 -1  1
11471816875055449155
7 2 3 6 -1  1
11471918952945209662
2 4 1 5 -1  1
11471941249185575633
1 3 0 2 -1  1
11471984572562155825
4 3 3 1 -1  1
11471999782383350568
7 2 5 4 -1  1
11472132577695643270
4 2 3 2 -1  1
11472132777759724179
6 3 5 3 -1  1
11472308523168179685
6 5 4 5 -1  1
11472384046727471790
4 3 3 3 -1  1
11472386883098699202
6 3 7 5 -1  1
11472431534818454087
6 0 5 0 -1  1
11472563920392633491
2 2 0 4 -1  1
11472616805576412860
5 4 4 4 -1  1
11472727682113917279
6 1 6 4 -1  1
11472888785802578807
3 3 2 5 -1  1
11473044438526499742
4 4 3 5 -1  1
11473048005107236325
7 4 7 6 -1  1
11473244726813780493
5 2 3 3 -1  1
11473336034286149396
7 7 2 2 -1  1
11473387098236776418
5 6 4 6 -1  1
11473507573831650466
3 1 2 1 -1  1
11473513663698155761
6 0 5 1 -1  1
11473699724611546634
5 6 0 1 -1  1
11474096760885296842
7 4 6 3 -1  1
11474251193053584252
4 2 3 1 -1  1
11474511110310536996
3 5 2 5 -1  1
11474655994928260234
6 2 4 2 -1  1
11474787886194326066
7 4 7 6 -1  2
11474867106930050819
7 2 4 5 -1  1
11474922609028321606
5 1 4 2 -1  1
11475146550967008719
6 5 5 5 -1  1
11475468018182787505
1 2 1 0 -1  1
11475488243283428487
5 5 3 4 -1  1
11475497180345527174
6 7 4 7 -1  1
11475500693865470838
5 5 5 0 -1  1
11475612205731783609
6 1 5 1 -1  1
11475756479932831561
6 5 4 5 -1  1
11475811909650653219
7 3 6 4 -1  1
11475878059900005012
7 7 7 3 -1  1
11475879362190495033
6 2 4 2 -1  1
11475968345044703099
3 3 4 3 -1  1
11476387761791079321
6 4 4 6 -1  1
11476401581488315417
7 6 5 5 -1  1
11476464783057393460
4 0 3 0 -1  1
11476676784795178092
7 0 7 5 -1  1
11476742295184661595
7 5 7 4 -1  1
11476847950593568951
5 1 4 1 -1  1
11477053772164118223
6 6 5 5 -1  1
11477538246189824377
6 7 4 7 -1  1
11477583509964689960
7 1 7 0 -1  1
11477654911038487402
3 2 2 3 -1  1
11477958446770778776
4 4 2 3 -1  1
11477970879577375662
5 2 5 3 -1  1
11478096581892746854
6 7 5 6 -1  1
11478363294779165774
4 4 3 5 -1  1
11478444050697491270
3 5 2 3 -1  1
11478459164700918931
5 6 4 7 -1  1
11478467359622438879
4 7 5 7 -1  1
11478513625551961987
7 3 7 1 -1  1
11478620973778989252
4 5 4 6 -1  1
11478763372781555952
3 7 3 6 -1  1
11478879096002143124
4 2 3 2 -1  1
11478881706393404473
4 3 3 3 -1  1
11479144600957387779
6 2 5 2 -1  1
6 3 4 3 -1  2
6 4 2 0 -1  1
11479214817547503130
7 5 6 4 -1  1
11479293039537777071
7 2 7 3 -1  1
11479363745679200343
3 6 4 5 -1  1
11479935281604594896
5 7 4 6 -1  1
11479967582939924827
4 3 3 5 -1  1
11480167191285329816
1 0 0 0 10  1
11480187794952728606
6 4 6 6 -1  1
11480254939079527847
3 4 5 5 -1  1
11480405946544639071
4 1 6 3 -1  1
11480444923081081780
6 4 6 3 -1  2
11480611791930681825
7 6 7 7 -1  1
11480701716641097470
6 4 5 4 -1  32
11480917669912469754
6 2 5 2 -1  2
11480963967092533615
5 1 6 3 -1  1
11480967245461267302
1 5 2 3 -1  1
11481074183721446040
5 2 3 3 -1  1
11481146513951612199
4 2 4 7 -1  1
11481215571096983185
7 5 5 4 -1  1
11481293240511753196
6 2 6 0 -1  1
11481482747532320341
4 4 3 4 -1  1
11481506884529194485
6 3 2 7 -1  1
11481556918992337821
5 0 3 2 -1  1
11481625410355123255
6 4 5 4 -1  1
11481828495979389218
6 1 6 5 -1  1
11481888930793094749
7 1 7 7 -1  1
11481900675175121328
7 1 6 2 -1  1
11481993332210576371
6 6 5 5 -1  1
11482127038376318755
6 3 6 6 -1  1
11482336565660596912
6 5 7 6 -1  1
11482347148109345710
5 3 4 3 -1  1
11482434662818396644
5 6 4 6 -1  1
11482703799193626625
6 4 6 3 -1  1
11482740288948118824
4 5 4 1 -1  1
11482785867244553536
7 3 3 3 -1  1
11482799978771389319
5 5 4 3 -1  1
11482904441176105402
6 4 4 5 -1  1
11482987524276596529
6 5 5 6 -1  1
11483244443845860288
6 5 5 6 -1  1
11483260271082079880
5 5 1 1 -1  1
11483374557379033562
5 3 4 4 -1  1
11483497244632055592
7 7 6 6 -1  1
11483639950797119645
5 3 4 4 -1  1
11483645809671777936
5 2 7 1 -1  1
11483681686700100733
6 3 5 4 -1  1
11483734498487116638
6 6 6 7 -1  1
11483828039346649341
3 2 2 1 -1  1
11483859713266041917
7 2 4 5 -1  1
11483975779026499044
6 5 5 6 -1  1
11484324062590632790
6 3 4 2 -1  1
11484334342461902581
7 1 6 3 -1  1
11484353321030416630
5 4 4 5 -1  1
11484408021596847985
7 5 7 4 -1  1
11484713822023933574
3 5 2 6 -1  1
11484825774006405100
5 3 4 4 -1  1
11484854530135945337
5 0 6 2 -1  1
11484856499428367548
6 0 4 0 -1  1
11484875930532734570
1 6 7 0 -1  1
11485198185227607713
6 5 5 5 -1  1
11485292917194322538
7 5 0 5 -1  1
11485607884279542374
5 1 4 1 -1  1
11485645803769271833
4 3 4 1 -1  1
11485665303402879759
7 4 3 4 -1  1
11485676367585774133
6 4 7 5 -1  1
11485763405826241490
5 5 4 5 -1  1
11486041760550725327
5 2 4 4 -1  1
11486176072981578161
7 0 7 3 -1  1
11486179102935829902
7 6 6 6 -1  1
11486292728626688002
7 6 5 5 -1  1
11486442682167822712
4 0 3 0 -1  1
11486483370061330635
6 3 7 3 -1  1
11486508154451408739
6 4 5 4 -1  1
11486709272018434593
7 5 4 2 -1  1
11486879277230442703
6 5 7 5 -1  1
11486918333696087732
3 2 3 6 -1  1
11486954812429305698
5 6 5 7 -1  1
11487232942314119835
6 7 4 7 -1  1
11487282853565978307
4 5 5 6 -1  1
11487466714125490840
3 4 5 6 -1  1
11487639238947119380
0 1 1 2 -1  1
11487641280231074197
3 0 1 0 -1  1
11487891568293093950
6 2 4 4 -1  1
11488033402321327531
6 3 5 1 -1  1
11488102033217302074
4 2 2 1 -1  1
11488140345368460329
6 0 5 0 -1  1
6 6 5 6 -1  3
11488310602257951257
6 6 7 5 -1  1
11488613705672430468
5 2 4 2 -1  1
11488646116515818614
7 0 7 3 -1  1
11488766291059859903
7 3 5 1 -1  1
11488841601998505203
7 2 6 1 -1  1
11488950050242209249
4 7 5 5 -1  1
11489112507258783853
7 3 6 4 -1  1
11489128690537909357
3 4 5 3 -1  1
11489184818713899700
3 1 2 0 -1  1
11489188787861686995
5 2 7 1 -1  1
11489326412562593556
7 5 6 6 -1  1
11489337028880295111
1 3 2 2 -1  1
11489343663569485744
4 0 5 0 -1  1
11489424069924650253
7 3 4 3 -1  1
11489519136686919756
7 4 7 6 -1  1
11489706131230526749
2 2 2 6 -1  1
11489760970258173863
5 6 4 6 -1  1
11489913082930654788
7 5 7 4 -1  1
11490024456625291764
1 4 1 7 -1  1
11490297529220788685
1 5 1 6 -1  1
11490413096466952200
3 4 5 3 -1  1
11490607971274539327
7 4 4 7 -1  1
11490678393357745419
7 6 6 5 -1  1
11490759423282361567
5 0 4 1 -1  1
11491064444129222454
3 4 1 5 -1  1
11491256883817984621
5 3 5 6 -1  1
11491289599507568917
6 3 4 1 -1  1
11491698245328126677
5 4 4 4 -1  1
11491746458781240468
6 4 5 5 -1  1
11491829726896254349
5 4 5 5 -1  1
11491906982891676770
7 5 6 3 -1  1
11491929606991296385
6 6 5 6 -1  1
11492220968100340401
6 7 5 7 -1  1
11492456940568619170
5 3 4 3 -1  1
11492621559480327454
1 7 0 6 -1  1
11492658778001674409
7 4 7 6 -1  1
11492670377929056628
6 1 6 2 -1  1
11492708815917261648
2 2 3 2 -1  1
11493074664777180426
4 6 3 5 -1  1
11493095809460365168
4 2 0 2 -1  1
11493169751041412253
6 2 5 3 -1  1
11493677497844611522
6 5 5 5 -1  1
11493748456836193766
5 1 6 2 -1  1
11493765098002449261
7 3 4 3 -1  1
11494200718615837122
4 4 2 3 -1  1
11494337641049005583
5 6 6 5 -1  1
11494987999121432263
7 4 4 4 -1  1
11495261650589283787
2 2 4 3 -1  1
11495879368457399896
3 2 2 2 -1  1
11495888336631432094
7 0 7 1 -1  1
11495974780389437608
7 5 6 4 -1  1
11496082173312042480
6 3 4 3 -1  11
6 3 5 3 -1  5
11496456082885755168
0 0 1 0 -1  1
11496504565059153715
7 7 6 6 -1  1
11496573241459119900
6 5 6 4 -1  1
11496718691427255541
4 4 3 5 -1  1
11496986508568837530
5 0 7 2 -1  1
11497084596199617314
5 5 6 3 -1  1
11497171271145748738
6 7 5 7 -1  1
11497360817510913649
6 6 5 5 -1  1
11497447325995312310
6 6 7 5 -1  1
11497545922088682139
4 4 5 4 -1  1
11497663996872143855
5 5 3 4 -1  1
11497762133128745743
7 3 6 3 -1  1
11497776185163976207
6 4 7 3 -1  1
11497844018494274158
7 3 1 3 -1  1
11497914712334092025
6 7 5 7 -1  1
11497973691534144439
5 2 4 2 -1  1
11498023264125637960
3 1 4 2 -1  1
11498221540546781838
7 5 2 5 -1  1
11498402230218913787
6 1 5 0 -1  1
11498612183284470542
6 3 5 3 -1  1
11498980009084811564
7 4 7 6 -1  1
11499262567704709330
7 3 3 3 -1  1
11499387780736912791
7 4 7 5 -1  1
11499472709820152339
6 3 5 2 -1  1
11499747303807402169
3 5 1 4 -1  1
11499766392342315320
5 3 4 2 -1  1
11499770664321846560
7 4 4 4 -1  1
11500144814190321469
3 4 1 3 -1  1
11500302328635480807
7 4 7 5 -1  2
11500479496116220139
7 4 7 3 -1  1
11500668892072505133
4 6 3 5 -1  1
11500681876272942991
1 4 2 2 -1  1
11500755385141413337
2 3 1 5 -1  1
11501518541901351902
5 2 4 4 -1  1
11501552424885916975
3 0 4 0 -1  1
11501615112445938526
6 4 7 4 -1  1
11501936187754637497
6 4 5 4 -1  1
11502255950696178707
7 1 7 2 -1  1
11502378587954493380
6 5 4 3 -1  1
11502550160123053303
6 4 5 3 -1  1
11502660191099446872
5 1 6 0 -1  1
11502666422433820300
5 2 3 3 -1  1
11502759056276582233
6 7 5 7 -1  1
11502985143775901504
7 5 4 2 -1  1
11503457849975978838
2 1 2 3 -1  1
11503827283040949165
7 1 6 2 -1  1
11503849008726028665
1 2 0 4 -1  1
11503965296827943256
5 2 4 2 -1  1
11504075604910978048
4 2 5 1 -1  2
11504123063692094365
1 1 2 0 -1  1
11504575267943873802
7 3 5 3 -1  1
11504821990050886104
6 2 4 2 -1  1
11504880211919691159
7 2 7 6 -1  1
11505104276201845817
7 2 6 3 -1  1
11505131341801665872
7 6 7 7 -1  1
11505239529662223894
7 0 7 2 -1  1
11505521669345264412
7 5 7 2 -1  1
11505559428277325643
5 3 4 5 -1  1
11505611717005727832
6 0 4 0 -1  1
11505626929412294854
7 1 7 2 -1  1
11505721427716416140
3 3 2 2 -1  1
11505722871523574849
5 3 4 4 -1  1
11505739288809316377
5 5 4 4 -1  1
11505785964984174960
5 5 4 4 -1  1
11505814864124142442
4 2 5 0 -1  1
11506147285820027389
7 2 6 1 -1  1
11506586634720306197
6 5 5 6 -1  1
11506706288050273680
7 0 7 2 -1  1
11507009997284247318
7 6 6 6 -1  1
11507104098673620316
3 7 0 4 -1  1
11507146219425010838
3 4 0 7 -1  1
11507485802220276010
4 4 5 2 -1  1
11507490880255596316
3 2 5 3 -1  1
11507783314187238721
4 5 3 4 -1  1
11507947705076445256
4 5 6 3 -1  1
11507979277740987302
5 1 7 3 -1  1
11507992564598111297
4 2 3 1 -1  1
11508159769749347145
6 5 7 6 -1  1
11508289546178582434
6 2 5 1 -1  1
11508487564280698889
7 1 6 0 -1  1
11508495888213140756
7 2 5 4 -1  1
11508686911004367903
7 3 6 4 -1  1
11508832748723907266
5 3 5 4 -1  1
11508851634844523498
7 2 3 6 -1  1
11508970355759295508
1 1 1 0 -1  1
11509039904029179881
6 3 6 1 -1  1
11509250125120320922
7 0 7 2 -1  1
11509371248351936826
6 6 5 6 -1  1
11509507092257692640
2 6 1 6 -1  1
11509621132102781063
5 7 6 6 -1  1
11509780882613752270
5 3 4 4 -1  1
11509781101407117569
7 5 7 4 -1  1
11509892434045651049
6 6 2 2 -1  1
11509911712984136051
6 5 4 5 -1  1
11509940364354748267
5 2 2 5 -1  1
11510273853609552333
6 2 6 4 -1  1
11510385599259103725
5 2 4 0 -1  1
11510440880436009853
5 2 3 1 -1  1
11510449998983069251
6 3 4 2 -1  1
11510750746803471663
7 6 4 6 -1  1
11510801068228811732
7 6 7 7 -1  1
11510898585553459543
4 7 4 6 -1  1
11510899616602316061
7 1 5 2 -1  1
11511001044558816604
7 2 5 4 -1  2
11511044585277414633
4 0 3 0 -1  1
11511085729524426516
5 2 4 3 -1  1
11511141900490505064
1 5 3 3 -1  1
11511478896322092792
5 6 7 6 -1  1
11511639218528661500
6 7 7 7 -1  1
11511658247695964391
3 2 2 3 -1  1
11511672274602198932
4 6 3 6 -1  1
11511903914777982765
4 6 4 7 -1  1
11511922863044995701
5 6 1 2 -1  1
11512010780828350841
6 7 4 7 -1  1
11512094603631837546
6 4 5 4 -1  1
11512120041684824090
3 4 2 4 -1  1
11512190039153719358
5 2 4 2 -1  1
11512325713422347810
5 6 4 6 -1  1
11512418466483814307
3 7 2 7 -1  1
11512571878241689512
7 1 6 0 -1  1
11512922627096280170
5 1 5 5 -1  1
11513095177905921862
3 1 4 0 -1  1
11513095679941730214
5 4 3 6 -1  1
11513163193661295482
6 4 4 3 -1  1
11513200123512237378
7 6 6 6 -1  1
11513240334868862675
4 0 3 1 -1  1
11513343809461895644
4 2 2 4 -1  1
11513433731436510961
5 5 7 3 -1  1
11513548258984516523
7 6 6 5 -1  1
11513629919362763505
4 7 5 5 -1  1
11513776994053871393
6 2 5 2 -1  1
11513778257614435616
2 4 3 4 -1  1
11513824404012013428
4 7 3 5 -1  1
11513826583887033974
5 5 5 6 -1  1
11513829592725204304
7 1 5 1 -1  1
11513962629663699924
7 3 6 4 -1  1
11514083053406196355
7 6 5 5 -1  1
11514169420824601997
7 2 7 3 -1  1
11514361053486749500
3 3 7 3 -1  1
11514486265693259305
1 0 1 5 -1  1
11514614907164240238
7 3 4 3 -1  1
11514872321954717090
3 5 2 3 -1  1
11515003701490443094
5 1 5 2 -1  1
11515079599500097895
4 1 3 1 -1  1
11515083761658082055
7 5 7 4 -1  1
11515187500913608924
6 7 5 6 -1  1
11515254157162041300
7 5 7 6 -1  1
11515283364428513881
4 3 3 2 -1  1
11515334185279605525
4 7 3 7 -1  1
11515336622571794590
7 0 7 3 -1  1
11515401122478046918
5 6 4 6 -1  1
11515483662712035491
6 6 4 4 -1  1
11515822475645265777
6 3 6 6 -1  1
11515884663350656737
4 0 3 2 -1  1
11515908076904357316
6 2 4 2 -1  1
11515932772111209948
5 5 4 5 -1  1
11515999402683888025
6 6 6 4 -1  1
11516029547885889056
7 3 5 5 -1  1
11516296414752928343
4 0 0 0 -1  1
4 0 0 4 -1  1
11516520852612950417
7 4 6 5 -1  1
11516595871122814126
4 5 3 4 -1  1
11516616712305723456
2 0 0 2 -1  1
11516637156193356973
4 4 3 4 -1  1
11516751295597624097
3 3 5 3 -1  1
11516899516856084331
6 7 5 7 -1  1
11516907139074635440
2 0 1 0 -1  1
11516945702338979053
1 5 2 5 -1  1
11516954027705374128
4 2 3 2 -1  1
11517263302876301746
1 7 4 7 -1  1
11517324301928307248
5 3 4 3 -1  1
11517707955987214912
4 7 3 5 -1  1
11517876031596810498
2 0 3 1 -1  1
11517953604945679648
4 2 3 2 -1  1
11518003749251826516
6 6 4 6 -1  1
11518272852032505116
7 1 7 3 -1  1
11518531519259118647
7 7 7 6 -1  1
11518582605377695386
6 2 4 2 -1  1
6 3 4 3 -1  2
7 4 7 6 -1  5
11518647444812274581
5 3 4 3 -1  1
11518790918937999092
7 0 7 2 -1  1
11518950575192188276
7 3 6 5 -1  1
11519202591615810087
7 0 7 1 -1  1
11519238346151066000
7 6 6 6 -1  1
11519444586158181234
3 0 3 2 -1  1
11519564545648070371
4 6 4 7 -1  1
11519632194444884654
6 6 5 6 -1  1
11519716151215513422
4 5 5 6 -1  1
11519897420427476281
6 4 4 5 -1  1
11519917737928169387
4 3 3 2 -1  1
11520239849084475317
3 1 5 3 -1  1
11520310580082699999
6 7 7 7 -1  1
11520809611540224998
5 7 4 7 -1  1
11520861128006272670
6 5 6 4 -1  1
11520901207170729909
3 1 1 0 -1  1
11521077139615395131
5 4 2 7 -1  1
11521192295315808811
2 4 3 4 -1  1
11521243025961951267
6 3 4 4 -1  1
11521302697387125640
5 6 5 7 -1  1
11521309284459209108
7 0 7 6 -1  1
11521433950280992955
5 6 4 6 -1  1
11521455226906081296
4 2 3 2 -1  1
11521685478226516341
5 2 5 0 -1  1
11522151117843531937
4 0 2 1 -1  1
11522183003837292893
5 1 3 2 -1  1
11522214045727125935
7 4 7 0 -1  1
11522521638504207555
3 4 4 4 -1  1
11522758108886697152
7 3 5 3 -1  1
11522842834542062573
6 1 6 2 -1  1
11522880677357837532
6 5 5 6 -1  1
11523226948596949432
5 6 6 4 -1  1
11523365475420801117
6 4 7 3 -1  1
11523577444631301484
6 0 4 0 -1  1
11523770378385655927
6 1 5 2 -1  1
11523812124933578494
3 5 2 6 -1  1
11524107777321230885
4 6 3 6 -1  1
11524187989822437669
7 4 7 2 -1  1
11524246690013994827
6 7 6 6 -1  1
11524288395254545726
4 1 3 0 -1  1
11524298358959023369
6 4 7 5 -1  1
11524858057763289754
4 2 3 2 -1  1
11525045880346263839
7 3 6 3 -1  1
11525121010189167484
7 1 1 1 -1  1
11525197762271466602
7 2 6 3 -1  1
11525405662004775149
5 3 5 2 -1  1
11525433576664772777
0 4 2 6 -1  1
11525595204816447977
4 4 4 5 -1  1
11525810735292746999
6 5 5 5 -1  1
11526180421647712665
4 7 3 7 -1  1
11526199656744417955
7 2 5 4 -1  1
11526312833537861409
6 7 5 7 -1  1
11526363761768840965
6 3 5 5 -1  1
11526387648816211450
7 5 7 2 -1  1
11526416432715875209
4 4 3 3 -1  1
11526660697326211271
6 7 7 6 -1  1
11526792560758824562
5 5 4 6 -1  1
11527070678451431132
7 4 7 5 -1  1
11527117086905776697
6 6 5 7 -1  1
11527199103188834324
6 5 4 5 -1  1
11527286187907509434
6 6 5 7 -1  1
11527299966777006980
5 6 4 6 -1  1
11527504038816485727
4 6 3 5 -1  1
11527588750225755351
6 3 2 3 -1  1
11527785945229949130
6 5 5 5 -1  1
11527814542341795952
6 3 3 6 -1  1
11527825677833445333
5 2 5 1 -1  1
11528072473398746759
1 6 1 3 -1  1
11528283568564087527
3 5 4 3 -1  1
11528715895868812851
6 0 4 0 -1  1
11528829771288299389
4 4 4 2 -1  1
11528857560569106122
3 4 6 4 -1  1
11529131242209770232
5 4 5 7 -1  1
11529308255300708940
6 4 4 4 -1  3
6 6 5 6 -1  1
11529433992699591407
2 4 4 6 -1  1
11529497679882621916
4 2 4 3 -1  1
11529539207419465474
4 1 3 1 -1  1
11529806797791588212
6 4 5 3 -1  1
11529875229450692357
5 4 4 4 -1  1
11529942071644109223
5 1 6 1 -1  1
11530029537987498956
3 1 3 0 -1  1
11530060274577054286
5 3 4 3 -1  1
11530369999096584849
6 7 7 6 -1  1
11530681262131690788
7 6 5 5 -1  1
11530708263383179661
7 2 7 1 -1  1
11530809786870770045
5 5 3 4 -1  1
11530831577901876824
4 2 3 2 -1  1
11530928616057973230
7 3 0 3 -1  1
11530937763893886764
5 1 7 3 -1  1
11530943096247301629
7 4 4 4 -1  1
11530992997870942109
4 2 3 2 -1  1
11531016604013371961
5 6 3 4 -1  1
11531187472117048650
6 6 5 6 -1  1
11531221590082724348
7 3 5 1 -1  1
11531226036995791831
5 6 4 7 -1  1
11531356126170950522
7 2 7 1 -1  1
11531662422299265439
4 6 4 5 -1  1
11531955105137169068
6 7 5 7 -1  1
11532123488722539732
5 4 4 3 -1  1
11532180950790689287
6 2 5 2 -1  12
7 1 5 2 -1  1
7 3 7 4 -1  3
11532293235635310201
5 4 7 5 -1  1
11532439510696479052
4 6 3 6 -1  1
11532522753890754979
5 6 3 5 -1  1
11532572685427518351
5 5 4 5 -1  1
11532762110043079943
0 7 1 7 -1  1
11532846526415820957
6 6 5 5 -1  1
11532934823712223045
5 4 4 4 -1  1
11533008999724101182
4 4 3 4 -1  1
11533332977826021611
5 2 3 0 -1  1
11533363986981880060
6 2 5 2 -1  1
11533444472112511388
5 7 4 6 -1  1
11533470650507289374
6 6 5 7 -1  1
11533744634424954521
7 2 5 4 -1  1
11533770270388739265
7 5 7 3 -1  1
11533882306581286735
5 2 4 0 -1  1
11534429602573687468
5 7 4 7 -1  1
11534584813871200670
6 3 5 5 -1  1
11534684459634672289
6 4 5 4 -1  1
11535197888522664645
1 4 1 2 -1  1
11535264564546032321
3 1 3 2 -1  1
11535379732105797055
6 1 5 0 -1  1
11535997556086711600
5 2 4 0 -1  1
11536025294410367128
7 0 7 3 -1  1
11536257177339693394
4 0 3 1 -1  1
11536327768388953682
5 5 4 6 -1  1
11536330075225573520
7 2 6 1 -1  1
11536377204773533759
7 1 5 2 -1  1
11536495207482029694
6 0 4 0 -1  1
11536505135036958682
7 5 3 1 -1  1
11536591928233053521
7 6 7 5 -1  1
11536782747902854534
6 6 7 5 -1  1
11537018376257724161
4 4 3 3 -1  1
11537102696486751444
6 3 5 5 -1  1
11537105643817240830
4 4 3 4 -1  1
11537241183560023139
1 5 3 4 -1  1
11537252300184412556
7 5 6 5 -1  1
11537329133452827786
3 3 2 4 -1  1
11537365775034379952
7 5 1 5 -1  1
11538029059372776156
0 0 4 4 -1  1
11538700241268018339
7 2 4 5 -1  1
11538726982056464942
7 5 7 2 -1  1
11538958917949649652
4 2 7 5 -1  1
11538971039958138355
2 3 2 2 -1  1
11539231019534463928
3 0 2 0 -1  1
11539356614254134193
3 1 1 1 -1  1
11539625658365628077
6 3 5 3 -1  1
11539701055367233768
7 2 4 2 -1  1
11539868535868841206
3 3 2 3 -1  1
11540037284213439477
6 2 6 1 -1  1
11540059098569950168
5 5 6 3 -1  1
11540266975615504242
2 2 0 2 -1  1
11540292519786622171
7 3 6 3 -1  1
11541091057825868961
4 4 3 3 -1  1
11541335443379440802
7 0 7 4 -1  1
11541493410386886848
3 1 2 2 -1  1
11541642887850066576
5 4 3 2 -1  1
11541663739079915958
4 2 3 4 -1  1
11541997457390792434
3 4 2 4 -1  1
11542128065890847149
7 0 5 0 -1  1
11542204113310168613
6 7 5 6 -1  1
11542207903090443670
3 6 4 7 -1  1
11542457627277910500
5 5 3 3 -1  1
11542644885035383017
7 5 7 7 -1  1
11542740259902421406
7 5 7 3 -1  1
11543025517636974307
5 4 4 2 -1  1
11543036955126288604
5 2 6 4 -1  1
11543145973925250847
5 5 6 3 -1  1
11543173519916960169
7 7 6 7 -1  1
11543323048027915750
0 0 2 0 -1  1
11543458354459300756
6 4 7 3 -1  2
11543908715986928343
5 4 4 5 -1  1
11544311489867300553
7 3 7 2 -1  1
11544316914245284533
7 6 5 5 -1  1
11544346653609961456
2 1 3 2 -1  1
11544487983698434593
7 1 6 3 -1  1
11544498656287854454
7 5 6 7 -1  1
11544512484257591148
5 6 5 0 -1  1
11544672432243808741
6 4 7 5 -1  1
11544806843542825282
5 2 4 4 -1  1
11544835002810982960
4 0 3 2 -1  1
11544886963909687242
3 0 2 0 -1  1
11545014761915712299
6 2 5 2 -1  1
11545138468530608848
7 4 3 4 -1  1
11545295322362860023
4 0 3 1 -1  1
11545372047415264202
7 4 7 6 -1  1
11545500470028960546
4 0 3 0 -1  1
11545587817967928121
4 6 4 5 -1  1
11545912717188469138
4 1 3 1 -1  1
11545992352443211489
4 5 3 5 -1  1
11545997894954666127
7 3 7 1 -1  1
11546030178674609533
4 3 5 4 -1  1
11546336645770643558
7 4 5 5 -1  1
11546461609657657000
5 1 4 2 -1  1
11546678572257904817
3 4 2 2 -1  1
11546768319880696528
4 6 5 5 -1  1
11546871042919829399
7 3 4 0 -1  1
11546885453795618841
4 0 3 0 -1  1
11546889519149050441
7 3 6 2 -1  1
11546940201690103456
4 0 3 2 -1  1
11547205277650525861
4 4 4 7 -1  1
11547245315301364468
7 3 1 3 -1  1
11547252233076778427
1 6 3 4 -1  1
11547306329988074428
7 6 6 6 -1  1
11547341752974861464
3 5 1 4 -1  1
11547429733932840298
6 3 7 5 -1  1
11547608697732563033
3 7 5 5 -1  1
11547651429467121168
7 6 6 6 -1  1
11547680143560932260
6 4 5 3 -1  1
11547683595159685802
7 3 7 2 -1  1
11547792021594202470
7 4 6 4 -1  1
11547812829746173613
3 4 4 3 -1  1
11547842770957169845
7 3 7 4 -1  1
11548022323896028429
7 2 6 3 -1  1
11548089421006101218
7 3 7 4 -1  1
11548096242285804424
5 5 5 6 -1  1
11548172079995807083
7 4 2 4 -1  1
11548257283967663208
7 4 7 3 -1  1
11548359959361431106
4 0 3 0 -1  1
11548389069439199242
7 4 5 5 -1  1
11548415328683425674
6 6 5 7 -1  1
11548675419072816198
6 5 4 5 -1  1
11548752857332976701
6 0 4 0 -1  1
11549143870159359797
0 3 1 3 -1  1
11549351226108049666
6 1 6 2 -1  1
11549500608099080356
6 6 5 5 -1  1
11549566377254154969
5 2 4 2 -1  1
11549636191741986704
5 0 5 5 -1  1
11549779525101029172
5 5 6 5 -1  1
11549879030963493234
4 6 3 7 -1  1
11550255642362332988
5 6 4 5 -1  1
11550322696377610333
6 5 5 4 -1  1
11550397809965878007
4 5 2 4 -1  1
11550811595681301966
6 7 5 7 -1  2
7 6 6 4 -1  1
11550882763660153731
3 4 2 6 -1  1
11551214812402561110
5 0 4 0 -1  1
11551464496996760152
5 5 6 3 -1  1
11551545846050310061
3 4 2 4 -1  1
11551741143779384539
7 2 5 2 -1  1
11552335786343056397
5 7 6 7 -1  1
11552384452526957179
3 6 5 4 -1  1
11552469069433728844
7 4 5 3 -1  1
11552743837082200792
7 2 5 4 -1  1
11552764905224888054
7 6 6 6 -1  1
11552883824092685791
4 1 3 1 -1  1
11552967580841051790
5 6 6 4 -1  1
11553012498742181672
4 3 5 1 -1  1
11553329762057408950
4 2 3 2 -1  1
11553453212150181233
6 6 5 4 -1  1
11553470607084067214
7 3 5 5 -1  1
11553546523250852999
7 3 6 2 -1  1
11553581231107095153
7 3 6 4 -1  2
11554134993640096027
5 1 4 2 -1  1
11554141086703900885
4 1 3 0 -1  1
11554179358612370725
3 4 4 3 -1  1
11554290434316399730
6 5 4 5 -1  1
11554803437355836507
7 3 5 1 -1  1
11554852200923740736
6 4 5 3 -1  1
11554975202691430232
6 1 7 1 -1  1
11555646284531345635
2 2 2 3 -1  1
11555713925117098180
5 7 5 6 -1  1
11555742402428847661
6 0 6 2 -1  1
11555760833127112659
6 3 4 3 -1  1
11556024370951294390
7 7 7 6 -1  1
11556140034742304391
1 1 2 1 -1  1
11556577824698373067
5 5 4 4 -1  1
11556660257941670750
5 5 3 4 -1  1
11556704736054818540
4 3 3 3 -1  1
11556951951937684799
7 5 7 4 -1  1
11557170552829541529
7 5 6 5 -1  1
11557239901202729795
7 4 7 3 -1  1
11557338344243744751
7 2 6 1 -1  1
11557593152055954776
6 4 5 6 -1  1
11557716297893741572
4 1 4 2 -1  1
11557902003108366816
7 2 6 2 -1  1
11557945217459739547
1 1 2 1 -1  1
11558111892570760304
5 4 4 4 -1  1
11558137018579858319
5 4 5 3 -1  1
11558157761286231887
6 2 5 3 -1  1
11558246669788360250
4 2 6 4 -1  1
6 7 5 7 -1  1
11558577261837465968
7 4 6 6 -1  1
11558580255879033176
6 6 7 5 -1  1
11558637859791125702
7 3 6 4 -1  1
11558777712462312983
6 5 4 5 -1  1
11558784298570151903
6 7 4 7 -1  1
11559150665489159725
5 4 4 3 -1  1
11559375498571197174
3 2 5 4 -1  1
11559681004395602202
5 2 6 4 -1  1
11559824508951576831
2 4 4 5 -1  1
11559838195459811370
3 1 3 3 -1  1
11559847847621629216
7 0 7 2 -1  1
11560075862699777595
4 4 3 6 -1  1
11560107207866641059
3 7 2 7 -1  1
11560370433072751964
7 7 7 6 -1  1
11560375336728656657
5 3 6 2 -1  1
11560693498188490366
6 4 7 5 -1  1
11561090770347692364
6 4 5 5 -1  1
11561259548900777968
5 5 6 6 -1  1
11561329638351429817
7 5 6 6 -1  1
11561487049903962282
7 2 7 3 -1  1
11561487192244766308
6 0 4 0 -1  1
11561625334130818681
7 3 4 0 -1  1
11561693606503789681
4 5 1 2 -1  1
11561751096812122221
5 3 5 1 -1  1
11561788749907082225
5 0 4 0 -1  1
11561845624884111154
3 4 2 3 -1  1
11562069320747710314
5 5 4 7 -1  1
11562358817615469231
7 4 7 3 -1  1
11562434584368511829
6 6 5 5 -1  1
11562438472627711395
7 2 6 3 -1  1
11562669476608355859
6 2 4 2 -1  1
11562837502411213510
2 2 3 2 -1  1
11563246619670077656
4 6 4 4 -1  1
11563302353891954237
7 3 5 1 -1  1
11563505500497751842
5 5 6 3 -1  1
11563593091516251736
4 4 3 4 -1  1
11563703965215410803
4 5 2 4 -1  1
11563712797480016079
6 3 4 2 -1  1
11563725696626227057
3 3 2 4 -1  1
11563817071228679967
5 2 4 3 -1  1
11564023728021661930
2 1 7 1 -1  1
11564057646469568971
7 5 6 6 -1  1
11564106506003249053
5 5 2 2 -1  1
11564380839970044956
6 3 5 1 -1  1
11564538698270330734
2 7 1 6 -1  1
11564950178700225168
6 3 5 1 -1  1
11565099255890719641
7 2 3 6 -1  1
11565270435708338406
5 2 2 5 -1  1
11565417835367707343
2 7 4 7 -1  2
7 4 5 4 -1  1
11565878634204930711
6 4 5 4 -1  1
11565881621348698723
5 7 4 7 -1  1
11566186101803899291
6 4 5 5 -1  1
11566230738821221865
6 4 5 4 -1  1
11566259533899692422
6 1 2 5 -1  1
11566320040931089898
6 7 5 7 -1  1
11566499615882554780
7 3 6 2 -1  1
11566567318830675313
5 6 6 6 -1  1
11566859326026066674
6 4 7 2 -1  1
11566956666306433615
4 3 2 2 -1  1
11567008809895040783
5 3 5 6 -1  1
11567090865531412743
5 1 5 2 -1  1
11567264497111977906
6 4 5 5 -1  1
11567453765125018802
7 6 7 7 -1  1
11567479677444830621
4 4 3 4 -1  1
11567545101456886549
6 5 5 6 -1  1
11567694603603799048
6 3 7 5 -1  1
11567851746247037500
6 1 5 0 -1  1
11567893228680127311
6 3 5 1 -1  1
11568218488402003360
2 4 2 6 -1  1
11568220672282102424
5 5 5 6 -1  1
11568351533433460975
2 3 7 3 -1  1
11568369176831201431
4 1 3 1 -1  1
11568592113891594769
6 5 4 5 -1  1
11568665399622123894
4 5 5 4 -1  1
11568728950452480275
7 5 6 4 -1  1
11568877166731074555
7 6 6 5 -1  1
11569736475095729181
7 4 7 5 -1  1
11569853201362538299
5 6 5 5 -1  1
11569963354202897472
0 0 6 0 -1  1
11570336267114242644
6 3 4 3 -1  1
11570384153874878775
6 5 5 5 -1  1
11570462228593807267
3 7 6 4 -1  1
11570540994343984923
4 3 6 3 -1  1
11570779477329891438
7 0 7 4 -1  1
11570915151272436040
3 6 2 5 -1  1
11571002660240549961
5 5 3 3 -1  1
11571100743241073919
5 1 1 1 -1  1
11571232067887592693
6 1 5 2 -1  1
11571287196778920045
3 3 0 3 -1  2
11571326043376481516
4 1 3 1 -1  1
11571496776619260332
1 1 6 6 -1  1
11571556124098924123
6 6 5 6 -1  1
11571637891141798128
6 4 5 4 -1  2
7 1 6 3 -1  1
11571774765104939002
6 3 6 2 -1  1
11571799285214564775
4 4 3 3 -1  1
11571997329446626212
6 5 5 4 -1  1
11572159671456244322
3 4 1 3 -1  1
11572331346157809449
7 0 7 4 -1  1
11572561248478188890
7 1 7 6 -1  1
11572570372284377087
6 1 5 2 -1  1
11572758346938761186
2 5 4 5 -1  1
11572807246487854935
0 3 2 1 -1  1
11572897813357389236
5 5 6 3 -1  1
11573045309728697059
5 5 6 7 -1  1
11573346886670157655
6 4 5 4 -1  1
11573453400261344018
6 2 4 4 -1  1
11573475999307337087
5 1 5 5 -1  1
11573510597291197287
4 4 5 4 -1  1
11573785249582740206
6 7 5 7 -1  1
11574126059277084823
5 5 4 7 -1  1
11574767949569676870
6 0 5 1 -1  1
11574771147781484986
0 5 1 5 -1  1
11574777861951260071
1 6 1 0 -1  1
11574950140302309778
6 4 4 6 -1  1
11574961742657960981
0 7 2 7 -1  1
11575079043787268953
6 3 6 5 -1  1
11575561290697633224
5 2 4 3 -1  1
11575594373287909142
7 4 6 4 -1  1
11575817172300626082
5 0 7 1 -1  1
11575877345145812803
6 7 5 7 -1  1
11575895326340257748
4 2 2 2 -1  1
11576036641725223327
4 6 3 6 -1  1
11576293710600422207
5 4 4 3 -1  1
11576501145408809144
6 0 5 0 -1  1
11576515516534839153
4 5 2 4 -1  1
11576609134226898221
6 3 4 3 -1  1
7 1 5 2 -1  1
7 4 7 6 -1  2
11576705540167061523
6 1 5 1 -1  1
11576718142485412692
6 4 4 5 -1  1
11576756181222830239
7 3 6 2 -1  1
11576811089061783281
6 0 5 0 -1  1
11576977896013693178
7 0 7 2 -1  1
11577128659358858165
5 3 7 1 -1  1
11577222964427815657
7 2 7 4 -1  1
11577235617564853089
6 4 4 5 -1  1
11577446506264416011
7 6 6 4 -1  1
11577455659680921827
6 3 5 1 -1  1
11577678511952267616
7 5 6 4 -1  1
11577689398722621335
6 6 4 4 -1  1
11578098325648995816
7 3 3 3 -1  1
11578191102992156214
5 2 4 3 -1  1
11578467718408991892
7 7 7 5 -1  1
11579014980089714409
3 0 2 0 -1  1
11579095111577828472
6 7 7 7 -1  1
11579353228978481924
6 3 4 3 -1  1
11579353594744159227
7 0 7 2 -1  1
11579360629573001652
7 6 7 7 -1  2
11579400676171070048
2 3 1 2 -1  1
11579553701834598235
6 0 4 0 -1  1
11579653715463783255
4 1 3 1 -1  1
11579733695585308847
0 4 7 4 -1  1
11579823456527976110
3 5 2 5 -1  1
11579859438214807362
6 5 5 5 -1  1
11579977936392534115
5 5 7 4 -1  1
11580378412703899858
6 2 4 2 -1  1
11580399866070888444
5 5 6 3 -1  1
11580447826346218136
4 6 3 5 -1  1
11580672848720281008
5 1 4 1 -1  1
11580800343639490879
5 3 6 1 -1  1
11580814919671154533
7 2 6 1 -1  1
11580884339609711600
2 5 3 4 -1  1
11581012463218418512
3 3 6 3 -1  1
11581131824556370432
0 6 0 4 -1  1
11581305399715342874
3 0 2 0 -1  1
11581461737140168036
6 1 4 1 -1  1
11581708381036631290
7 3 1 3 -1  1
11581953900790019239
5 2 3 3 -1  1
11582120461638093585
5 3 4 4 -1  1
11582550754722071274
7 0 7 1 -1  1
11582575273266135218
7 6 6 6 -1  1
11582772836009654894
2 5 1 6 -1  1
11582787284790091878
6 6 5 6 -1  1
11582989197517695504
6 6 7 5 -1  1
11583025758932106673
6 7 5 7 -1  1
11583077875795854521
5 1 2 4 -1  1
11583279034412400227
7 0 7 2 -1  1
11583297877133485840
6 5 6 3 -1  1
11583447542100911949
1 5 2 5 -1  1
11583647663071985502
7 1 4 1 -1  1
11583668559089028700
4 2 3 3 -1  1
11583870167824232718
6 5 6 6 -1  1
11583901323229897625
3 4 4 6 -1  1
11584095909065096729
4 2 3 3 -1  1
11584184048488853575
7 4 4 4 -1  1
11584269145057767240
4 5 5 4 -1  1
11584294805670552747
7 2 5 4 -1  1
11584340466335191984
6 2 6 4 -1  1
11584468648684842080
6 1 6 0 -1  1
11584574268410362738
6 1 6 2 -1  1
11584762079204062404
7 1 7 4 -1  1
11584852007780326261
0 1 0 7 -1  1
11584939273891217691
4 5 4 2 -1  1
11585107331856616680
6 1 5 1 -1  1
11585193076711752274
5 5 5 1 -1  1
11585205956145664354
7 2 6 1 -1  1
11585233332782157227
6 7 5 7 -1  1
11585283151311920467
4 5 5 4 -1  1
11585301406848308010
6 7 7 7 -1  1
11585516532213569035
3 4 2 2 -1  2
11586003477079054732
5 3 4 5 -1  1
11586012809552977380
7 2 7 4 -1  1
11586142286647086100
3 7 1 5 -1  1
11586164336974520693
3 5 3 4 -1  1
11586349679321890059
7 6 7 5 -1  1
11586374686396139019
6 4 5 5 -1  1
11586481568352567771
4 2 3 3 -1  1
11586514865712745267
7 3 6 3 -1  1
11586617951993497335
6 0 6 6 -1  1
11586637193017756237
5 5 3 4 -1  1
11586815898246695432
7 2 5 2 -1  1
11587092527671300858
2 3 2 1 -1  1
11587427711575888411
6 5 4 5 -1  1
11587526449025519340
6 3 3 0 -1  1
11587559167368694335
2 3 3 4 -1  1
11587604337406571616
3 3 2 3 -1  1
11587614856839349146
5 5 4 4 -1  1
11587662528652247474
4 1 3 2 -1  1
11587756083119774336
7 0 7 3 -1  1
11587930584782554631
3 4 5 2 -1  1
11587976351161223043
6 5 6 6 -1  1
11588183510187893368
6 4 5 4 -1  5
11588464309180552010
7 3 7 2 -1  1
11588686817195437464
6 7 4 7 -1  1
11588775672993644220
3 3 0 3 -1  1
11588814520729190161
2 0 2 1 -1  1
