11998148858148612771
2 6 1 6 -1  1
11998154291879997191
5 1 4 2 -1  1
11998185678409845946
7 4 7 6 -1  1
11998315405790115663
6 2 6 3 -1  1
11998367840571878276
7 3 6 4 -1  1
11998639066200476927
7 1 5 2 -1  1
11998648311580189879
2 3 1 2 -1  1
11998686803039813391
3 5 0 2 -1  1
11998823957246060374
7 6 6 5 -1  1
11998959749475401318
7 3 3 7 -1  1
11998966870858502657
7 0 6 2 -1  1
11999046495809506102
1 4 2 5 -1  1
11999114795030311153
5 1 3 2 -1  1
11999629621013037801
4 5 6 5 -1  1
11999813810887854482
6 3 4 2 -1  1
11999822567403605448
7 4 7 6 -1  1
11999828904270888273
7 5 5 3 -1  1
11999912507482195272
3 2 5 3 -1  1
12000027322981032098
6 6 7 7 -1  1
12000085343224624576
4 0 3 0 -1  1
12000137664398629459
7 5 1 5 -1  1
12000348315499770136
4 2 6 0 -1  1
12000368667465038461
6 1 5 2 -1  1
12000419016313323234
4 3 3 5 -1  1
12000423330704039796
6 6 6 5 -1  1
12000468264050339935
4 4 3 3 -1  1
12000479666789745628
7 6 6 7 -1  1
12000699988241631046
6 6 6 7 -1  1
12000741711103119621
6 6 2 2 -1  1
12000790672750439390
3 6 2 6 -1  1
12000863374794235375
7 2 6 3 -1  1
12000881726637939193
6 5 5 5 -1  1
12000997427954675451
2 4 4 6 -1  1
12001047194404055539
4 2 5 2 -1  1
12001251475403512763
5 4 4 4 -1  1
12001353303933573438
7 3 4 3 -1  1
12001372535263110048
6 4 5 4 -1  1
12001395501113592283
7 3 6 3 -1  1
12001461593438426779
6 3 6 6 -1  1
12001739830354878824
4 4 6 3 -1  1
12001777991722473687
4 5 1 2 -1  1
12002204418736604099
5 7 4 7 -1  1
12002211208013985140
3 7 5 5 -1  1
12002400831671566011
5 5 4 5 -1  1
12002415290844118205
4 0 3 1 -1  1
12003541035359579432
6 1 5 2 -1  1
12003699674465296852
7 4 4 7 -1  1
12003770180706109146
5 7 5 6 -1  1
12003780526415742059
7 2 7 3 -1  1
12003788954942577694
7 5 6 4 -1  1
12003875980800107394
4 1 3 1 -1  1
12004313995283497673
4 3 5 5 -1  1
12004405827079821033
6 6 6 2 -1  1
12004502256612212276
3 3 2 3 -1  1
12004630597086233645
6 5 4 5 -1  1
7 2 6 1 -1  3
12004784803521230340
6 6 4 6 -1  1
12004920850227153416
2 3 3 3 -1  1
12005504668371907689
7 2 5 4 -1  1
12005595428079765436
7 1 4 1 -1  1
12005606879876803718
6 5 5 6 -1  1
12005845390568569490
3 4 2 6 -1  1
12006128360101234036
5 6 3 7 -1  1
12006267437408967501
7 5 7 3 -1  1
12006510162247397171
6 4 4 2 -1  1
12006573930908098240
7 5 7 3 -1  1
12006604071575135896
4 2 5 3 -1  1
12006997352480226253
3 7 1 6 -1  1
12007351557847499600
6 3 7 5 -1  1
12007583352777313661
2 1 1 1 -1  1
12007701181511206494
2 6 2 2 -1  1
12007816182656042510
6 4 6 2 -1  1
12007878842767710209
6 2 3 2 -1  1
12007995547975236070
5 0 4 0 -1  1
12008194803620808187
7 2 3 2 -1  1
12008468100136997980
0 1 0 4 -1  1
12008493947596248194
4 4 2 5 -1  1
12008531243629867961
7 5 5 3 -1  1
12008627787746035906
3 0 0 0 -1  1
12008654337231934391
6 5 5 5 -1  1
12008821452981322969
7 0 7 3 -1  1
12008933502823691547
5 4 4 4 -1  1
12008937263330061620
7 2 6 1 -1  1
12009063680880187549
6 0 6 5 -1  1
12009257361885153773
7 5 7 4 -1  1
12009638905925532324
5 1 7 2 -1  1
12009699278207698128
0 5 0 1 -1  1
12009731148643319592
3 7 2 7 -1  1
12010226388736860660
5 5 4 3 -1  1
12010351590111628960
5 2 4 4 -1  1
12010352620756292262
4 2 2 3 -1  1
12010401465398853278
7 4 7 6 -1  1
12010519494237618093
5 4 4 3 -1  1
12010723409309483041
6 6 5 5 -1  1
12010859638681694667
0 4 5 4 -1  1
12010960934680583292
7 5 6 6 -1  2
12011017352973518932
5 7 4 7 -1  1
12011081981527832281
7 2 6 1 -1  1
12011449469315683070
7 2 7 4 -1  1
12011665557322802649
7 0 7 2 -1  1
12011977518736062205
5 5 4 7 -1  2
12011988653859762196
7 5 7 4 -1  1
12012110074709527976
3 0 4 1 -1  1
12012182457642932413
6 1 6 3 -1  1
12012410510960370685
7 4 5 4 -1  1
12012557797651656441
1 6 1 1 -1  1
12012652600708593469
3 3 3 5 -1  1
12012903986864450628
5 5 4 5 -1  1
12012995617479716765
5 5 4 6 -1  1
12013008808800213363
7 5 7 3 -1  1
12013184303321989180
1 2 2 3 -1  1
12013250892019490110
7 3 4 6 -1  1
12013309673555547176
3 2 1 0 -1  1
12013371928255192491
5 7 2 4 -1  1
12013393276384565160
3 4 3 2 -1  1
12013508682159321436
6 4 6 3 -1  1
12013557779033278184
6 6 4 6 -1  1
12013558864705531832
6 3 5 3 -1  1
12013558868225203052
4 5 3 5 -1  1
12013589879708545315
7 0 1 0 -1  1
12014059695267484677
6 3 5 3 -1  1
12014275543607457348
7 4 6 5 -1  1
12014774889672850039
4 2 3 1 -1  1
12016032650104437218
3 1 2 2 -1  1
12016133126679423734
5 2 4 2 -1  1
12016172680162207414
7 6 7 5 -1  1
12016409903956359935
3 1 2 1 -1  1
12016428260588354741
5 3 4 3 -1  1
12016521189335501290
5 2 3 1 -1  1
12016734188584077719
5 6 4 6 -1  1
12016830119407777413
5 7 6 6 -1  1
12016894247579107945
6 7 5 7 -1  1
12017106615834178185
7 6 6 6 -1  1
12017339154491543651
4 0 3 0 -1  1
12017483503652076066
3 6 2 5 -1  1
12017812432383815095
2 1 7 1 -1  1
12017865017815517164
6 1 4 2 -1  1
12018031146870102612
5 5 4 3 -1  1
12018032162808145339
4 6 5 5 -1  1
12018415450926082449
7 3 3 7 -1  1
12018537372937093806
7 5 6 5 -1  1
12018566317411195537
7 2 6 3 -1  1
12018696418420141228
1 2 3 4 -1  1
12018746438138404619
7 5 6 4 -1  1
12018832183064665147
6 2 4 2 -1  1
12019091444232931053
5 6 6 5 -1  1
12019330519683080501
6 7 7 6 -1  1
12019660848905737553
6 4 7 4 -1  1
12019967256992423552
6 3 5 3 -1  1
12020011320307614119
7 5 4 2 -1  1
12020255948352164299
3 6 2 7 -1  1
12020276896248812642
6 4 2 0 -1  1
12020330527370745401
4 4 3 3 -1  1
12020405393826024205
6 1 5 2 -1  1
12020510185426206746
7 1 7 2 -1  1
12020760607824609996
6 1 4 1 -1  1
12020888439522199351
4 2 3 0 -1  1
12020888486834039581
7 5 5 6 -1  1
12020920871788605730
4 3 2 4 -1  1
12020983061347652094
6 4 4 5 -1  1
12021224070794843590
7 4 4 4 -1  1
12021269798864525750
4 0 6 2 -1  1
12021603293817196146
6 4 4 4 -1  1
12021861594354919852
6 2 4 2 -1  1
12021930152623638238
5 1 6 1 -1  1
12022301968007889520
6 6 5 5 -1  1
12022521976344213790
7 4 6 2 -1  1
12022584837458514181
6 2 5 3 -1  1
12022984153090352484
7 6 7 5 -1  1
12023106587101485990
2 6 1 5 -1  1
12023381703712387787
6 4 5 4 -1  1
12023573214816390144
6 3 3 6 -1  4
12024044621964268576
6 3 4 1 -1  1
12024417823903392564
5 7 4 7 -1  1
12024491024496751813
6 3 5 4 -1  1
12024593085069959980
6 6 6 5 -1  1
12025195750229583351
7 3 4 3 -1  1
12025217658412399152
7 5 7 4 -1  1
12025231524454049584
3 1 2 2 -1  1
12025843440378935716
5 0 3 0 -1  1
12026145668797481124
2 3 3 2 -1  1
12026374983953383415
3 3 5 4 -1  1
12026393240241150384
3 3 4 4 -1  1
12026523295786660346
7 2 6 1 -1  1
12026776751729623230
6 2 4 2 -1  1
6 3 4 3 -1  1
12026900533925496424
5 7 6 5 -1  1
12026902076885249030
6 1 4 1 -1  1
12026914172393970915
5 1 4 1 -1  1
12027235043859562781
6 3 6 5 -1  1
12027335206702101602
6 7 5 7 -1  1
12027604023300897549
3 6 4 7 -1  1
12027609906584616231
4 5 3 4 -1  1
12027710833998247716
6 5 5 5 -1  1
12027881850298298397
7 1 7 2 -1  1
12027888926273362516
6 4 4 4 -1  1
12027908442447997643
3 6 2 5 -1  1
12028139851223309077
7 0 5 0 -1  1
12028761980662841318
1 7 5 7 -1  1
12029374240511442840
6 1 6 3 -1  1
12029429773601543760
6 7 5 7 -1  1
12029736454137591800
5 1 6 2 -1  1
12029816689358612743
5 0 6 2 -1  1
12029898235492513460
6 3 3 6 -1  1
12030003109466902532
5 6 4 6 -1  1
12030098888003514249
5 5 7 4 -1  1
12030106136931097202
6 2 5 2 -1  1
12030250072889022246
4 0 4 1 -1  1
12030555883666070835
7 0 7 1 -1  1
12030810974586814461
4 3 1 3 -1  1
12030937940477703643
7 4 7 2 -1  1
12031192161153506371
4 2 3 2 -1  1
12031204044596450061
2 1 1 1 -1  1
12031359345909613709
7 4 7 1 -1  1
12031377926893671835
5 0 4 0 -1  1
12031630807996060631
6 1 5 2 -1  1
12031788141115074351
5 2 3 1 -1  1
12031795846894383561
5 5 3 4 -1  1
12032140723610803465
5 0 1 4 -1  2
12032275237189038630
7 2 5 4 -1  1
12032397110504446916
7 0 1 0 -1  1
12032429848527818918
5 4 4 3 -1  1
12032688475181536693
4 3 3 4 -1  1
12032820530922504066
0 1 0 0 -1  1
12032857058033089868
5 2 4 2 -1  1
12032859670313704849
6 3 7 5 -1  1
12034122758434120783
3 2 5 3 -1  1
12034125449666562157
6 2 6 4 -1  1
12034176749767255602
3 7 1 5 -1  1
12034180585211343576
5 4 4 3 -1  1
12034241982131645474
7 3 5 3 -1  1
12034321159420237866
5 1 5 2 -1  1
12034434473947171574
7 2 7 1 -1  1
12034449095500088966
5 4 5 6 -1  1
12034514461211986709
4 7 3 7 -1  1
12034688248479003271
7 0 7 1 -1  1
12034688591380031701
4 7 3 6 -1  1
12034753960002842627
7 6 6 5 -1  1
12034871593902544488
4 3 0 3 -1  1
12034971332483823025
6 2 4 4 -1  1
12035064680466327787
6 6 7 5 -1  1
12035132256083553094
5 4 4 3 -1  1
12035367823118281931
5 6 4 6 -1  1
12035425237791056696
6 7 4 7 -1  1
12035554111114522652
6 5 4 5 -1  1
12035616868523541599
4 3 3 4 -1  1
12035864208812551354
3 1 4 2 -1  1
12036199173802154182
5 2 4 4 -1  1
12036494673898175238
3 7 2 6 -1  1
12036642402436664394
4 7 5 5 -1  1
12036682996715433094
4 7 4 5 -1  1
12036845752800382566
6 6 5 5 -1  1
12037094688715910703
6 7 7 6 -1  1
12037203269900861452
4 3 3 3 -1  1
12037208758097723237
7 0 6 0 -1  1
12037424342289296792
6 4 5 5 -1  2
12037596048485216280
6 4 4 3 -1  2
12037629816354054864
1 4 1 6 -1  1
12037718548014399635
7 3 4 3 -1  1
12037812954542678557
6 1 5 1 -1  1
12038149802432673711
7 0 7 2 -1  1
12038197887971882622
7 1 5 0 -1  1
12038260844088638035
6 5 4 5 -1  1
12038379265803698617
6 0 5 0 -1  1
12038394600098080348
5 4 3 6 -1  1
12038555019429620741
4 3 2 5 -1  1
12038572727809773917
6 4 5 3 -1  1
12038879868873764182
6 0 4 0 -1  1
12039363837707878820
7 3 7 4 -1  1
12039404672412512187
5 7 4 6 -1  1
12039405308638209639
2 2 1 2 -1  1
12039554510311770561
5 1 4 0 -1  1
12039697802088684608
6 3 5 1 -1  1
12040043900867323543
4 6 0 6 -1  1
12040275812583197279
5 4 4 5 -1  1
12040330483635652012
6 3 7 5 -1  1
12040506071875061633
5 2 4 2 -1  1
12040565400372610234
3 6 1 7 -1  1
12040948523318206890
4 2 5 2 -1  1
12041078781947327991
5 0 4 0 -1  1
12041163560116737561
5 4 4 2 -1  1
12041197207424081648
7 4 5 3 -1  1
12041233710494560567
3 6 4 7 -1  1
12041432670707406568
4 5 7 2 -1  1
12041897144839497119
6 3 5 2 -1  1
12041976111972330937
7 3 5 4 -1  1
12042235810672487695
7 2 3 6 -1  1
12042279421044844140
3 5 2 7 -1  1
12042307775021120809
3 2 2 1 -1  1
12042320306587443354
7 4 6 4 -1  1
12042390418964192833
6 2 6 4 -1  1
12042597058207432455
7 4 7 6 -1  1
12042738501226166026
7 2 6 3 -1  1
12043000818936904502
1 4 0 4 -1  1
12043042200804428154
6 2 6 3 -1  1
12043307291997212161
6 3 5 1 -1  1
12043457744755782875
6 3 4 4 -1  1
12043642397491591722
5 5 4 6 -1  1
12043726637942492110
6 3 4 2 -1  1
12043739076122924319
6 5 5 4 -1  1
12043845855275315263
5 3 2 0 -1  1
12043877884445543296
6 3 4 3 -1  2
12043880357722410448
6 4 6 3 -1  1
12044029715296743431
6 5 5 7 -1  1
12044306232167701536
5 3 5 7 -1  1
12044417763113317446
4 6 5 7 -1  1
12044486421706782879
5 5 3 6 -1  1
12044552790201592133
7 0 7 2 -1  1
12044641693152059498
7 3 7 4 -1  1
12044816881491892422
0 0 6 0 -1  1
12044859800735201622
5 4 4 6 -1  1
12045009068528003670
7 1 6 3 -1  1
12045127326287921995
4 5 3 5 -1  1
12045148519689885166
5 3 5 0 -1  1
12045537222748671772
5 6 4 6 -1  1
12045831457071034669
6 4 5 5 -1  1
12045892357510166649
3 6 4 7 -1  1
12046211757112900453
2 0 4 0 -1  1
12046223640598021244
6 3 4 3 -1  1
12046510251263962228
4 0 3 1 -1  1
12046539696431900128
5 3 4 4 -1  1
12046576959495050280
7 4 7 6 -1  1
12047031039574517002
4 1 3 0 -1  1
12047343112955950815
7 3 3 7 -1  1
12047644129037333277
7 3 7 2 -1  1
12047681455848475425
7 5 6 6 -1  1
12047696590465061294
7 3 0 3 -1  1
12047935678983806812
6 4 7 5 -1  1
12048079877179776271
7 5 6 6 -1  1
12048297863470540732
5 1 3 2 -1  1
12048497754784967570
0 5 0 2 -1  1
12048625465861374878
6 3 5 5 -1  1
12048629277443997360
4 5 3 5 -1  1
12048631617717527462
7 4 7 6 -1  1
12048714709317027568
6 3 7 3 -1  1
12048846608737600639
7 1 7 0 -1  1
12048901203738178237
7 3 5 1 -1  1
12049160464245154866
4 2 3 2 -1  1
12049389618282164660
7 5 6 6 -1  1
12049472369720824197
6 1 4 1 -1  1
12049885265567902960
4 5 3 5 -1  1
12049906425753742204
6 2 7 3 -1  1
12050364243321393530
6 2 4 2 -1  1
7 1 5 0 -1  2
7 1 5 2 -1  2
12050491228635569212
4 6 3 6 -1  1
12050681875034568743
6 3 5 4 -1  1
12050786414196918331
7 4 7 5 -1  1
12050900143536698650
0 1 0 5 -1  1
12051321604797395722
5 4 4 4 -1  1
12051524113124839736
4 2 4 4 -1  1
12051601315468026530
7 5 7 4 -1  1
12051851439727875681
7 3 6 2 -1  1
12051960851136861276
3 1 2 2 -1  1
12052138367181431028
6 2 6 1 -1  1
12052469927583273691
5 4 3 3 -1  1
12052708312726232702
7 5 7 6 -1  1
12052718537596822250
6 4 5 4 -1  1
12052793696063870001
4 2 3 2 -1  1
12053006814050065155
4 0 1 3 -1  1
12053036514045438102
6 7 4 7 -1  1
12053984827529271597
0 3 0 7 -1  1
12053985184670134649
6 4 5 3 -1  1
12054405609113931686
2 7 2 6 -1  1
12054447016734869512
6 3 5 5 -1  1
12054460227273144718
5 5 4 5 -1  1
12054464013272920414
6 1 6 2 -1  1
12054515292696428514
5 4 4 3 -1  1
12054601350849500844
7 4 7 5 -1  1
12054610984144955475
1 1 2 2 -1  1
12054617801538991156
3 4 2 3 -1  1
12054955631336980560
4 0 4 7 -1  1
12055136090758832174
4 1 3 2 -1  1
12055181464874924971
5 5 3 4 -1  1
12055206526072120827
2 0 1 0 -1  1
12055230718410041861
4 0 3 1 -1  1
12055253781652154772
4 5 4 6 -1  1
12055327913914813319
6 5 4 5 -1  1
12055394578375374198
4 1 3 2 -1  1
12055518916614407796
7 0 7 1 -1  1
12055546189158455840
6 5 6 2 -1  1
12055601029756532744
4 3 3 5 -1  1
12055790968092333492
7 3 5 1 -1  1
12055846892226679023
6 0 4 0 -1  1
12055990808866564151
5 0 3 1 -1  1
12056041636152788391
5 2 3 1 -1  1
12056045004928017065
5 3 4 4 -1  1
12056254800957265511
6 5 7 6 -1  1
12056474997529070463
5 1 4 2 -1  1
12056588995244499136
7 0 7 2 -1  1
12056636765544045321
5 5 7 4 -1  1
12056697596020141419
5 6 4 6 -1  1
12056705847976018260
5 5 4 5 -1  1
12056853077517149750
7 3 6 2 -1  1
12056912495588609729
5 5 3 4 -1  1
12056923195226443924
7 6 7 5 -1  1
12057034729278785370
6 0 4 0 -1  1
12057175680483760557
4 2 3 4 -1  1
12057655551798482247
7 3 5 5 -1  1
12057741080503294705
4 5 5 4 -1  1
12058105383973671146
4 3 3 2 -1  2
12058112185110748076
7 4 7 3 -1  1
12058162539637985179
7 1 5 2 -1  1
12058180548877381415
3 0 4 2 -1  1
12058251336067089768
6 4 3 1 -1  1
12058734002063927856
4 5 2 5 -1  1
12058828282460205752
6 2 7 3 -1  1
12058925920496562580
7 4 7 6 -1  1
12058948886693928874
7 0 7 2 -1  1
12058988083799998076
4 3 3 5 -1  1
12059080918317420695
7 5 6 5 -1  1
12059190853941092803
6 5 5 5 -1  1
12059315140091451191
6 4 6 2 -1  1
12059628228063183893
5 2 4 4 -1  1
12059979893288484444
4 5 3 5 -1  1
12060024313942633151
4 1 3 0 -1  1
12060089078991228378
5 3 3 5 -1  1
12060183846601817393
3 4 1 6 -1  1
12060299697773522235
5 0 4 0 -1  1
12060367549988456359
7 5 7 4 -1  1
12060722692716209600
3 6 3 0 -1  1
12060831745987741457
7 7 7 5 -1  1
12060867813777952149
5 5 6 5 -1  1
12060880936277805978
3 6 2 7 -1  1
12060988644863311949
7 6 6 5 -1  1
12061628235833230929
7 1 5 2 -1  1
12061914839421605661
7 6 7 7 -1  1
12062096194536769048
6 3 4 2 -1  1
12062280694454757387
7 1 5 2 -1  1
12062291181304146169
5 4 4 3 -1  1
12062304118360427769
5 4 4 3 -1  1
12062333846936477960
6 3 4 3 -1  1
12062491637587067963
3 1 1 1 -1  1
12062504626779338132
6 7 5 5 -1  1
12062696105810889529
5 6 4 5 -1  1
12062899996093225368
7 3 7 1 -1  1
12063174351176679296
7 5 6 5 -1  1
12063355504662567385
6 1 4 1 -1  1
12063655945534355743
6 6 5 5 -1  1
12063686775301817631
6 0 6 5 -1  1
12063786057295351193
6 3 5 1 -1  1
12063930189752112218
6 5 5 5 -1  1
12064066151755351431
7 0 7 2 -1  1
12064233795567588353
5 3 5 2 -1  1
12064266966138202051
2 3 3 4 -1  1
12064311418347995173
6 3 7 2 -1  1
12064432142386043539
5 4 5 0 -1  1
12064558672058426942
6 2 7 1 -1  1
12065052644154561605
7 6 6 6 -1  1
12065131547201632266
6 2 4 2 -1  1
12065360788105990545
6 0 5 0 -1  1
12065424253036458070
6 5 7 5 -1  1
12065617172517367547
6 5 4 5 -1  4
12065925220522015970
7 1 3 5 -1  1
12066554613649165110
4 2 1 2 -1  1
12066640499177493275
7 1 7 0 -1  1
12066838795308755872
2 2 5 5 -1  2
12066841880978822177
7 6 6 5 -1  1
12066883545133892289
5 4 4 4 -1  1
12066970434508945567
3 2 3 1 -1  1
12067061233466469203
2 2 1 2 -1  1
12067745510977529133
7 5 6 4 -1  1
12067895528035003977
7 0 7 4 -1  1
12068105447592389662
4 0 3 0 -1  2
12068113919580819673
6 6 5 6 -1  1
12068233319439895281
5 5 5 4 -1  1
12068265386165118620
6 4 5 4 -1  1
12068282710056510742
5 1 4 1 -1  1
12068389131359665463
5 5 4 5 -1  1
12068457435368833398
2 1 0 1 -1  1
12069543734566227959
6 3 5 5 -1  1
12069900831645140826
6 4 5 5 -1  1
12070142029065992626
7 3 4 6 -1  1
12070421304932827146
6 2 5 2 -1  1
12070441724951748968
5 2 7 1 -1  1
12070512290722504592
2 3 3 1 -1  1
12070813944755753191
4 0 5 2 -1  1
12071069373996552760
1 3 2 1 -1  1
12071105237322707608
6 2 5 3 -1  1
12071184240334212029
4 7 3 6 -1  1
12071422438828448932
7 0 7 1 -1  1
12071452162552875787
2 2 2 0 -1  1
12071453948025510347
0 3 3 6 -1  1
12071928346255486788
5 2 6 1 -1  1
12071978920314402996
3 2 1 2 -1  1
12072010233414849456
5 7 4 7 -1  1
12072118724831845541
7 5 6 6 -1  1
12072120692618061017
6 1 4 1 -1  1
12072177649284639703
3 2 2 1 -1  1
12072329879763338940
0 7 2 5 -1  1
12072443331583112820
5 6 4 6 -1  1
12072458975526318847
3 4 3 5 -1  1
12072610533219435969
6 5 4 5 -1  1
12072768487626265379
7 4 0 4 -1  1
12073018637179366237
7 0 7 2 -1  1
12073048165515548114
6 0 4 0 -1  1
12073120343456597455
6 2 5 2 -1  1
7 0 7 1 -1  1
12073144527758882192
4 2 5 3 -1  1
12073260404286642720
6 2 5 2 -1  1
12073340381109924277
5 1 7 3 -1  1
12073444939148210808
3 0 3 6 -1  1
12073492780490782971
2 1 4 1 -1  1
12073569986522972695
2 5 1 4 -1  1
12073605022666979884
6 7 4 7 -1  1
12073736167111331180
6 5 5 7 -1  1
12073849318285289659
6 3 5 3 -1  1
12073896207400195394
4 6 7 3 -1  1
12073933766076377994
5 5 3 3 -1  1
12073956423826064355
7 2 4 5 -1  1
12074395227382004762
6 5 5 5 -1  1
12074447657096789396
7 4 7 6 -1  1
12074459552731776630
4 6 1 3 -1  1
12074513855324658035
7 2 6 2 -1  1
12074531334196333132
7 4 7 6 -1  1
12074586142882754381
6 5 5 5 -1  1
12074758001892581474
1 2 1 0 -1  1
12074979895799024852
5 5 4 7 -1  1
12075087795638439603
4 0 5 2 -1  1
12075172260678233013
4 3 4 4 -1  1
12075173680514272139
6 5 5 5 -1  1
12075453165976882022
5 5 4 3 -1  1
12075556868653909358
5 3 4 2 -1  1
12075763936722213894
2 3 3 5 -1  1
12075849258374550337
4 4 3 3 -1  1
12076182514541154257
7 4 6 4 -1  1
12076397032585667320
7 3 7 5 -1  1
12076496165814030266
6 3 4 2 -1  1
12076569699051468495
6 4 7 3 -1  1
12076768747425622727
7 6 7 5 -1  1
12076776040513155676
4 7 3 5 -1  1
12076912341995803335
2 4 2 5 -1  1
12077224763034478647
7 7 6 7 -1  1
12077256995391657201
6 3 5 4 -1  1
12077362561703018270
6 1 5 1 -1  1
12077433892953765945
5 1 7 3 -1  1
12077554610234939789
7 6 6 5 -1  1
12077830416041823129
4 2 3 4 -1  1
12077923703582067688
4 0 4 7 -1  1
12078088097202305047
4 6 3 6 -1  1
12078150149408264928
3 5 3 7 -1  1
12078319580795157191
6 4 5 4 -1  1
12078543659283280638
3 4 4 5 -1  1
12078615592040529456
7 1 5 1 -1  1
12078730320714920072
3 2 7 2 -1  1
12078986913186147441
7 1 5 2 -1  1
12079006592392511242
7 5 7 3 -1  1
12079184104881189239
4 1 3 1 -1  1
12079324885147227967
6 3 5 2 -1  1
6 3 7 4 -1  1
12079377321957811168
4 6 3 5 -1  1
12079406657422208137
6 3 4 4 -1  1
12079607865543521617
6 7 5 7 -1  1
12079732676150657839
5 7 0 2 -1  1
12079824157331402557
5 4 4 3 -1  1
12080090295256208938
5 0 6 2 -1  1
12080158600576825404
6 3 5 3 -1  1
12080166999198285990
4 3 3 1 -1  1
12080270688799448703
6 4 7 6 -1  1
12080305824625549136
6 6 4 6 -1  1
12081007539703758814
7 1 6 1 -1  1
12081234598380627434
6 4 5 3 -1  1
12081286683780453245
5 0 4 0 -1  1
12081328466757596063
1 1 3 0 -1  1
12081445930393587987
6 3 5 1 -1  1
12081861901436950859
7 4 5 2 -1  1
12081878481767535050
4 4 6 5 -1  1
12082295783993558019
2 1 1 3 -1  1
12082329354823324818
4 4 2 3 -1  1
12082372504782767422
7 4 7 5 -1  1
12082743391499090139
7 7 7 4 -1  1
12082877518766196196
5 5 4 6 -1  1
12082935236549820465
7 2 5 2 -1  1
12082989888187879047
6 3 4 3 -1  1
12083003957994443795
1 3 0 2 -1  1
12083306510371348320
3 1 7 5 -1  1
12083402623176853378
4 7 3 5 -1  1
12083556951060714893
7 2 4 2 -1  1
12083563739337322297
7 4 7 3 -1  1
12083631703886360224
6 7 5 7 -1  1
12083695893441323182
3 6 2 4 -1  1
12083763332412924101
3 2 2 3 -1  1
12083982556144525099
6 7 7 6 -1  1
12084221935219582877
4 7 2 5 -1  1
12084288224606088703
6 4 6 1 -1  1
12084509486157571240
7 4 7 3 -1  1
12084661597486689475
0 3 6 3 -1  1
12084750249395136315
7 6 6 7 -1  1
12084815254857959313
6 2 6 3 -1  1
12084873120691970762
2 0 2 5 -1  1
12084949157554606021
4 4 4 5 -1  1
12084974085372887064
7 0 7 2 -1  1
12084976401112316220
7 2 7 3 -1  1
12085016594129966221
4 5 5 6 -1  1
12085039372234456935
7 6 7 7 -1  1
12085088350597894184
6 3 7 5 -1  1
12085195341264801066
7 0 7 2 -1  1
12085232150183975710
7 2 7 4 -1  1
12085265766226985256
3 0 3 2 -1  1
12085266437911423119
7 5 7 7 -1  1
12085610849860814813
4 2 6 0 -1  1
7 3 7 1 -1  3
12085686389593239153
5 5 3 4 -1  1
12085697460525963589
5 5 4 3 -1  1
12085697975971284979
5 3 5 7 -1  1
12085802110820002491
5 4 7 4 -1  1
12085834968779643452
4 1 3 1 -1  1
12085855519076331397
7 2 6 3 -1  1
12086068026060116515
4 5 3 6 -1  1
12086181425879960475
4 4 3 3 -1  1
12086188437264635626
5 1 7 3 -1  1
12086309541748150285
6 5 5 5 -1  1
12086762739219192864
6 5 4 5 -1  1
12086796749553364861
7 3 0 3 -1  1
12086798480300736106
1 4 6 4 -1  1
12087009767140406233
6 6 5 5 -1  1
12087366884950143818
7 2 7 4 -1  1
12087526676037828414
2 1 3 1 -1  1
12087609825570750745
6 6 5 6 -1  1
12087669483562901062
6 2 5 3 -1  1
12087745848749189063
5 4 4 3 -1  1
12088311980471696091
7 6 5 4 -1  1
12088325304704975629
4 4 2 5 -1  1
12088480064951681210
4 2 3 3 -1  1
12088527719522157915
7 4 5 3 -1  1
12088707324033822352
4 3 4 4 -1  1
12088749071631846191
7 6 6 6 -1  1
12088770777950017463
5 5 4 7 -1  1
7 2 5 4 -1  1
12088856637087726040
4 2 3 3 -1  1
12088935198787471640
6 6 7 6 -1  1
12089022343103824776
5 3 6 2 -1  1
12089283192900705192
5 5 3 6 -1  1
12089308123045886447
6 4 7 2 -1  1
12089322039844599847
6 0 4 0 -1  1
12089376315113483721
7 6 6 6 -1  1
12089446041588964963
7 6 5 5 -1  1
12089531313672647161
6 3 6 2 -1  1
12089553710861185214
5 6 4 7 -1  1
12089598474594574057
7 6 7 5 -1  1
12089602514458990197
5 5 7 6 -1  1
12089684667028863686
6 6 5 5 -1  1
12089889465259565116
6 7 6 6 -1  1
12089935443119978594
7 6 6 5 -1  1
12089977407064382240
6 6 5 6 -1  1
12090164031413711040
5 2 3 3 -1  1
12090294432221081655
5 5 4 3 -1  1
12090551758805733007
7 1 4 4 -1  1
12090571808295539325
7 4 7 2 -1  1
12090715677296230893
4 4 3 4 -1  1
12090748986680995857
6 6 5 6 -1  1
12091104504886874827
5 2 6 4 -1  1
12091142235734167627
5 0 4 0 -1  1
12091169501083806480
4 7 5 5 -1  1
12091261368555715565
6 6 7 6 -1  1
12091605575420471383
6 5 7 6 -1  1
12091654029225186383
6 2 5 2 -1  1
12091792524182943976
5 3 1 3 -1  1
12091828018987067180
3 3 0 3 -1  1
12091871340723146092
0 2 1 2 -1  1
12092088601843315165
4 2 3 2 -1  1
12092237918016889488
5 1 4 1 -1  1
12092238364623477764
7 3 7 2 -1  1
12092392601579272080
6 1 5 1 -1  1
12092442190898893397
5 4 4 4 -1  1
12092861408124179836
7 2 6 1 -1  1
12092950933357395648
7 1 6 3 -1  1
12093055502094552274
5 3 5 4 -1  1
12093093109527191593
7 2 5 4 -1  1
12093108648560411440
7 4 5 5 -1  1
12093166171975059693
7 2 6 1 -1  1
12093471102419092215
6 3 5 3 -1  1
12093608698293917936
6 6 5 5 -1  1
12093896169589007792
1 0 1 5 -1  1
12094303385546485700
7 2 3 6 -1  1
12094323431452963860
4 6 4 7 -1  1
12094351386228168446
7 4 6 3 -1  1
12094370796858088915
4 4 6 5 -1  1
12094416123575360937
7 1 5 0 -1  1
12094488691091083409
6 1 5 2 -1  1
12094773061664939234
2 6 3 5 -1  1
12094966397981172151
5 1 4 1 -1  1
12095233410049343589
3 6 4 5 -1  1
12095364404992708533
3 3 3 2 -1  1
12095495825234333647
5 4 4 4 -1  1
12095668201612709987
4 1 5 2 -1  1
12095743381728524472
5 5 4 5 -1  1
12095888425999713518
5 3 6 4 -1  1
12095891387878206137
6 6 4 6 -1  1
12096166893515616749
7 3 0 3 -1  3
12096168971724155962
7 0 1 0 -1  1
12096333738889621032
7 6 6 6 -1  1
12096484228653776780
7 6 7 5 -1  1
12096486569460447636
6 3 6 2 -1  1
12096593362593831228
6 2 5 2 -1  1
12096625331382952445
6 4 5 3 -1  1
12096655966606562998
5 5 4 7 -1  1
12096670491819484869
5 4 4 4 -1  1
12096872829774136652
7 4 6 3 -1  1
12096976963741989646
7 4 7 6 -1  1
12097050131305433383
5 1 4 2 -1  1
12097157688183443618
7 5 6 6 -1  1
12097185984527632006
6 7 7 5 -1  1
12097312044429670658
6 6 4 4 -1  1
6 6 7 5 -1  1
12097956004704052970
6 1 4 1 -1  1
12097967159766713606
5 5 4 5 -1  1
12097977088892953213
4 2 3 3 -1  1
12098173811460471889
7 2 5 4 -1  1
12098199518946609866
2 7 1 5 -1  1
12098247501394576938
6 1 5 0 -1  1
12098552395892031720
1 2 0 2 -1  1
12099000703288606195
7 3 5 3 -1  1
12099108410661575481
5 2 4 2 -1  1
12099142065910480160
4 0 4 3 -1  1
12099359624414995126
7 5 6 4 -1  1
12099515622327583947
6 2 0 2 -1  1
12099583607491024716
4 7 3 7 -1  1
12099642626362456985
6 2 4 2 -1  1
12099698716134809303
2 1 0 3 -1  1
12099766604322394929
1 2 4 2 -1  1
12099867734771855330
7 2 7 3 -1  1
12099922728348525991
5 0 4 1 -1  1
12099997429815024192
6 7 5 7 -1  1
12100073825133010173
5 4 4 5 -1  1
12100075235547703507
4 5 1 5 -1  1
12100126028932456846
4 7 3 7 -1  1
12100141544026313243
6 5 4 5 -1  1
12100218364101879672
5 1 4 2 -1  1
12100279070519697877
6 4 4 5 -1  1
12100281976891008532
6 5 4 5 -1  1
12100492983501156615
7 5 6 4 -1  1
12100554410449580522
6 3 7 5 -1  1
12100842616482769375
5 1 6 1 -1  1
12101067780695313017
7 5 7 2 -1  1
12101212534125544706
6 5 4 5 -1  1
12101220484167251548
6 1 5 1 -1  1
12101240289725499719
4 2 2 2 -1  1
12101313030673022202
7 0 7 1 -1  1
12101315325746724472
3 2 1 1 -1  1
12101345056389463498
5 2 3 3 -1  1
12101646982717810017
7 3 0 3 -1  1
12101967079143481275
5 4 4 3 -1  1
12102098212047912399
7 2 4 2 -1  1
12102379589413188257
0 5 1 7 -1  1
12102399514854112724
5 3 3 2 -1  1
12102412858135529846
7 4 6 4 -1  1
12102587346125259055
6 6 5 5 -1  1
12102607955686023291
1 0 1 4 -1  1
12102752984880505088
7 5 6 6 -1  1
12102983212591720119
7 2 6 1 -1  1
12103241401047704687
4 6 5 7 -1  1
12103812702090309965
7 0 7 2 -1  1
12103915538694579837
5 4 6 3 -1  1
12104274126512747602
7 4 7 6 -1  1
12104718947839372537
7 5 6 4 -1  1
12105090232217030167
3 7 2 6 -1  1
12105162070271084071
6 1 4 1 -1  1
7 5 6 4 -1  1
12105215976557492851
6 5 5 5 -1  1
12105271044474504889
3 1 2 1 -1  1
12105314577739627282
3 5 4 5 -1  1
12105497930094400392
5 6 4 7 -1  1
12105576817449241240
0 1 3 1 -1  1
12105836538518719757
7 3 7 4 -1  1
12106107927715177597
5 5 5 6 -1  1
12106130135030897728
6 6 6 5 -1  1
12106550450056674954
6 3 4 4 -1  1
12106719473907755711
4 0 3 0 -1  1
12106808802463973969
6 3 2 3 -1  1
12107326289063686458
7 4 5 5 -1  1
12107381197327582863
0 1 7 1 -1  1
12107746417346454529
7 5 5 3 -1  1
12107973094950086927
4 2 3 4 -1  1
12108066268852365761
5 4 4 3 -1  4
12108173683928575344
6 5 7 4 -1  1
12108888844540286146
1 3 3 1 -1  1
12108999480035733445
7 5 6 6 -1  1
12109137381225979951
6 4 4 6 -1  1
12109183105245425436
5 1 4 0 -1  1
12109228201637331769
7 0 1 0 -1  1
12109333883438324969
5 7 4 7 -1  1
12109776255723043779
5 6 4 5 -1  1
12109856973039673066
2 3 4 4 -1  1
12109899091445176559
4 0 5 2 -1  1
12110156861000329565
5 3 4 4 -1  1
12110219422674908933
5 4 3 6 -1  1
12110382564529476605
4 3 3 3 -1  1
12110459484553230446
5 0 3 0 -1  1
12110503275646724801
4 0 5 1 -1  1
12110531721760774169
5 2 6 4 -1  1
12110701937605878432
7 6 5 5 -1  2
12110721919034306702
7 6 6 4 -1  1
12110883316648661792
1 1 5 5 -1  1
12110914016301504038
6 4 7 3 -1  1
12111109955937505320
6 7 5 7 -1  1
12111260232225419274
7 2 5 0 -1  1
12111340847603175143
7 2 3 6 -1  1
12111430999179745962
4 4 3 4 -1  1
12111538605766006163
3 4 3 2 -1  1
12111606992847366367
2 7 1 7 -1  1
12111661328594547399
2 5 3 6 -1  1
12111753614129716826
3 2 2 2 -1  1
12111873300543228345
3 1 4 2 -1  1
12112179832982787458
3 5 4 4 -1  1
12112360498862511600
7 3 6 3 -1  1
12112390784856339886
6 3 4 3 -1  1
12112404476367715734
6 7 5 7 -1  1
12112477562318504718
6 5 4 5 -1  1
12112586743396062485
4 7 4 5 -1  1
12112655882906025825
1 3 1 2 -1  1
12112779705241702819
5 4 4 3 -1  1
12112816277314653242
6 2 5 2 -1  1
12112948821497481387
7 3 6 3 -1  1
12113000647657055091
5 5 4 6 -1  1
12113116398947027716
7 4 7 6 -1  1
12113336451495393692
2 6 4 5 -1  1
12113348451965237006
4 2 5 1 -1  1
12113374402359271008
7 6 7 3 -1  1
12113433477691829332
2 4 1 3 -1  1
12113516256098043970
4 0 7 0 -1  1
12113735893497400275
5 6 6 4 -1  1
12114085368058814046
7 1 1 1 -1  1
12114174852181913511
4 5 5 6 -1  1
5 2 4 2 -1  12
6 7 5 7 -1  1
7 1 6 3 -1  9
7 6 6 4 -1  7
12114265100224462983
7 2 6 1 -1  1
12114311482732299387
7 2 6 2 -1  1
12114352704738463564
7 3 6 3 -1  1
12114396146428265043
6 4 4 3 -1  1
12114539571811279904
6 4 5 5 -1  1
12114557499695298061
5 5 3 4 -1  1
12114595144739438544
2 2 3 3 -1  1
12114673569471067218
6 3 5 2 -1  1
12114738204409478209
2 3 0 3 -1  1
12114738694658846800
7 0 7 3 -1  1
12114759548753029873
5 4 3 2 -1  1
12114875267223178112
6 3 4 4 -1  1
12114983453425850768
5 5 3 6 -1  1
12115122862622002408
4 2 3 3 -1  1
12115164245679313183
3 1 6 4 -1  1
12115393385142470220
3 4 1 4 -1  1
12115443911661272812
4 4 5 4 -1  1
12115481072489898169
5 2 4 2 -1  1
12115554126775358697
6 4 4 6 -1  1
12115642818731989301
6 0 5 0 -1  1
12115705199621370166
5 2 7 1 -1  1
12115828346725216474
7 5 6 6 -1  1
12116011804976688662
7 5 7 4 -1  1
12116268374334905107
5 5 4 4 -1  1
12116313123571549327
7 3 4 0 -1  1
12116440015026359706
7 0 0 0 -1  1
12116461740763022747
7 5 6 4 -1  1
12116552180855481185
5 5 3 4 -1  1
12116617978373542817
2 1 1 1 -1  1
12116691494345207025
3 1 1 3 -1  1
12116743761832820113
3 0 3 1 -1  1
12116789404650326631
4 5 6 7 -1  1
12116824087628705048
5 0 4 0 -1  1
12116984956354058151
6 3 5 1 -1  1
12117265829532192321
4 2 3 2 -1  1
12117477865892626830
7 4 7 5 -1  1
12117553952773405138
6 3 4 2 -1  1
12118201982986208248
7 5 7 7 -1  1
12118281950642968593
7 6 6 5 -1  1
12118399328105922191
3 3 4 5 -1  1
12118516801914323696
6 2 4 1 -1  1
12118543735577356192
3 3 0 3 -1  1
12118585837920156812
5 4 3 2 -1  1
12118792705862281278
3 3 2 3 -1  1
12118796746956137523
3 2 2 2 -1  1
12118873432359189703
7 4 6 4 -1  1
12118938211212844523
7 4 6 4 -1  1
12118961146545792135
7 6 7 5 -1  1
12119095372442652897
5 3 3 4 -1  1
12119108016547924489
0 2 0 6 -1  1
12119296201184309660
6 4 3 1 -1  1
12119384076339543520
7 5 6 4 -1  1
12119460056170230775
7 3 6 4 -1  1
12119549361214257861
7 5 5 5 -1  1
12119589797915845279
5 5 7 6 -1  1
12119749871801210688
5 0 4 1 -1  1
12119808995164971010
7 5 7 2 -1  1
12120262383513043811
5 1 4 1 -1  1
12120340675636199927
7 2 6 1 -1  1
12120341435126283666
7 0 7 1 -1  1
12120371595880192147
5 1 3 2 -1  1
12120425908557173520
6 6 5 5 -1  1
12120587347270987434
4 5 5 3 -1  1
12120635047044304039
1 4 3 3 -1  1
12120651926682968307
6 1 7 2 -1  1
12120782052585539108
6 5 5 6 -1  1
12120885266547153005
4 5 3 4 -1  1
12120920368528978439
6 6 7 6 -1  1
12121325957338392271
7 3 0 3 -1  1
12121514700590909006
7 4 7 6 -1  1
12121652171373651749
6 7 5 7 -1  1
12121664606099842786
4 2 3 1 -1  1
12121688887969330562
7 5 6 6 -1  1
12121999523446503280
6 6 0 0 -1  1
12122072202426028555
5 2 4 3 -1  1
12122160620435581307
4 2 3 1 -1  1
12122177132986862435
5 5 3 6 -1  1
12122178352193933694
5 5 5 4 -1  1
12122238390947206424
3 7 3 6 -1  1
12122383953979413734
6 4 5 4 -1  1
12122390063508488929
7 3 1 3 -1  1
12122516077289795180
4 2 1 2 -1  1
12122551644289328858
5 4 6 4 -1  1
12122623303519887631
3 3 2 4 -1  1
12122842272172508408
5 5 4 4 -1  1
12122895379257269539
7 5 7 4 -1  1
12123127067476924208
7 0 7 7 -1  1
12123339600253093216
4 3 6 1 -1  1
12123425320389751349
3 1 2 2 -1  1
12123503682050673596
6 3 4 5 -1  1
12123532623725357870
7 2 7 3 -1  1
12123873195638898262
7 2 5 0 -1  1
12123926745249641087
7 0 7 3 -1  1
12124295260689354291
7 3 6 4 -1  1
12124324314286872706
4 0 5 1 -1  1
12124357356290729167
4 7 3 6 -1  1
12124436749298924414
6 4 5 4 -1  3
7 2 4 5 -1  2
12124501097678269728
6 2 5 2 -1  1
12124546566521975795
5 5 3 3 -1  1
12125115091692171373
0 1 1 2 -1  1
12125163632658348053
5 2 3 3 -1  1
12125193009739185531
4 2 7 5 -1  1
12125198579506872815
3 0 2 0 -1  1
12125932638577686655
7 5 5 6 -1  1
12126009683453348468
5 2 6 2 -1  1
12126009988931082603
6 1 3 1 -1  1
12126039714712605601
4 1 3 1 -1  3
7 4 7 6 -1  1
12126068839332606483
7 7 1 7 -1  1
12126187091515447199
7 1 1 1 -1  1
12126294582106874071
3 3 1 4 -1  1
12126400788830493276
7 2 7 3 -1  1
12126420296186050881
6 3 3 6 -1  1
12126424908223852424
4 4 3 3 -1  1
12126449227815484111
6 5 5 4 -1  1
12126456752053418445
2 5 4 3 -1  1
12126474383090104132
7 3 7 1 -1  1
12126657351924211248
6 2 1 2 -1  1
12126893625227465475
5 4 4 4 -1  1
12127012127706494977
6 6 5 7 -1  1
12127093306954333394
7 2 6 2 -1  1
12127237805813676894
6 3 5 1 -1  1
12127314081778282046
5 4 4 3 -1  1
12127467500845993477
5 4 3 2 -1  1
12127586932669571560
6 1 4 1 -1  1
12127616578909211970
6 3 4 4 -1  1
12127864028298534156
6 2 5 3 -1  1
12127931114868022254
6 5 4 5 -1  1
12127992901499793317
6 7 5 7 -1  1
12128024741880621741
6 4 5 5 -1  1
12128067159448761197
4 1 5 0 -1  1
12128203559850130077
7 7 7 6 -1  1
12128336126296778140
6 4 4 5 -1  1
12128352180004813329
5 2 4 3 -1  1
12128447682222655303
7 6 7 7 -1  1
12128569228389788527
5 2 5 5 -1  1
12128576656616126714
4 7 3 6 -1  1
12128591044234073815
7 1 5 2 -1  1
12129006058019112518
6 3 7 4 -1  1
12129054854431974012
5 1 4 1 -1  1
12129276603683274744
5 2 3 0 -1  1
12129342000137399727
7 6 6 6 -1  1
12129467764960210645
4 7 3 7 -1  1
12129548186208839962
7 0 7 5 -1  1
12129549424376044482
4 3 3 5 -1  1
12129677265596564110
5 7 4 7 -1  1
12129783581346032609
7 5 7 4 -1  1
12129832174403559752
3 7 2 7 -1  1
12129858063020442228
4 3 5 5 -1  1
12130085357576190980
6 7 7 7 -1  1
12130282850265824905
5 0 4 0 -1  1
12130301118887288110
5 5 7 3 -1  1
12130313333563359769
2 4 4 3 -1  1
12130315523838356146
3 1 3 2 -1  1
12130320960836398773
2 5 1 6 -1  1
12130594317455645691
4 3 3 2 -1  1
12130753968266703213
7 1 6 3 -1  1
12131029259082207674
7 1 5 2 -1  1
12131142518648643364
5 5 7 3 -1  1
12131254365378787582
7 3 5 3 -1  1
12131307837872926734
1 3 1 4 -1  1
12131653383949766996
7 4 7 1 -1  1
12131710544350644363
7 0 7 3 -1  1
12131898132932903515
5 2 4 3 -1  1
12132500209152478939
4 2 3 4 -1  1
12132662724590350112
6 3 0 3 -1  1
12133297894867427715
5 5 6 3 -1  1
12133409888425801659
6 7 5 7 -1  1
12133729172210382290
7 3 7 2 -1  1
12133975597716339473
5 4 5 6 -1  1
12134234013215886924
3 7 5 6 -1  1
12134318899189387900
2 2 1 2 -1  1
12134459869986328800
5 4 7 2 -1  1
12134550302962030353
3 0 5 2 -1  1
12134560838960429248
6 1 4 1 -1  2
7 1 5 2 -1  3
12134627893941391933
6 3 6 6 -1  1
12134869274537502700
6 4 5 5 -1  1
12135021441994824683
3 7 4 7 -1  1
12135137950773907994
5 4 4 3 -1  1
