13215534616643806468
4 6 3 6 -1  1
13215897061436517089
5 3 5 5 -1  1
13216044687273278526
4 1 6 3 -1  1
13216190661164267761
7 4 7 6 -1  1
13216222291102122243
3 3 6 6 -1  1
13216360949748239454
3 2 5 2 -1  1
13216398749696598892
3 6 1 7 -1  1
13216418419463279430
6 3 4 3 -1  1
13216456499466082729
5 7 2 4 -1  1
13216586835410414869
4 7 3 6 -1  1
13216650103420901767
4 7 3 7 -1  1
13216658312496373203
7 1 5 2 -1  1
13216675322962429294
5 1 7 3 -1  1
13216763074136634828
6 0 4 0 -1  1
13216833640077998463
7 4 7 3 -1  1
13216975157014553225
7 3 4 6 -1  1
13217306207460585924
7 5 5 4 -1  1
13217354438797353619
5 0 4 1 -1  1
13217370063727211496
3 1 2 1 -1  1
13217576172512771293
3 6 2 7 -1  1
13217621860828628121
7 5 7 6 -1  1
13217841166403441670
6 5 5 5 -1  1
13217893829640290036
5 2 4 0 -1  1
13217900783079299902
5 2 4 0 -1  1
13217982730249063802
4 4 2 3 -1  1
13218086610782949579
2 0 2 5 -1  1
13218122317914977515
7 5 7 3 -1  1
13218130229360453294
7 1 6 3 -1  1
13218380279527918193
7 2 6 1 -1  1
13218475801807738108
2 2 0 2 -1  1
13218802496970502198
3 1 2 0 -1  1
13218829259777906388
7 2 7 4 -1  1
13219036506293505821
6 2 7 3 -1  1
13219063372322969676
7 4 7 0 -1  1
13219236493577322693
5 5 4 4 -1  1
13219259924843423880
6 5 5 5 -1  1
13219496133958235980
5 2 6 3 -1  1
13219542825492602827
5 5 6 7 -1  1
13219601426202129734
7 0 7 2 -1  1
13219616912427640712
6 4 5 3 -1  1
13219634077559768938
5 4 7 6 -1  1
13219724531641413334
5 0 4 1 -1  1
13220172970506476720
2 5 4 4 -1  1
13220458723210866906
5 5 4 7 -1  1
13220623419272726424
1 1 2 2 -1  1
13220680874735091642
1 2 2 2 -1  1
13220797044496405360
7 1 2 1 -1  1
13220867853650013716
6 2 5 2 -1  1
13220958179532281533
2 2 0 2 -1  1
13220958697592986519
4 3 2 4 -1  1
13220980506043633679
5 5 3 6 -1  1
13221025852826736785
5 5 4 3 -1  2
13221137959637758521
7 2 5 4 -1  1
13221177457721352831
6 5 5 4 -1  1
13221278736933466060
6 3 5 3 -1  4
6 4 5 4 -1  2
6 6 5 6 -1  5
13221778108924970769
6 1 7 1 -1  1
13222054532595390006
6 6 4 6 -1  1
13222080012227153147
5 4 6 4 -1  1
13222278067006887657
4 3 2 3 -1  1
13222345580934723901
6 2 5 2 -1  1
13222569087279455474
4 0 6 1 -1  1
13222636251573129625
4 7 1 4 -1  1
13222662799987780952
0 2 1 2 -1  1
13222923767215518671
6 6 4 6 -1  1
13223172053093957244
6 7 5 6 -1  1
13223256730791713387
7 1 7 0 -1  1
13223408576960398801
3 7 3 6 -1  1
13223610157330801827
3 6 2 5 -1  1
13223694681450889254
1 3 4 0 -1  1
13223715380015056182
7 3 7 4 -1  1
13223869399000812965
2 0 2 7 -1  1
13223873115475561520
5 2 4 0 -1  1
13223930214693645103
4 5 4 7 -1  1
13224170909695921823
5 5 3 4 -1  1
13224305810030515170
7 3 6 3 -1  1
13224551202166713733
3 2 2 2 -1  1
13224659811087335547
7 3 5 3 -1  1
13224754630358071172
2 1 2 2 -1  1
13224792312931523160
7 4 4 1 -1  1
13224844799755870255
3 6 1 5 -1  1
13225036418206208449
5 6 5 4 -1  1
13225175353682934011
6 0 5 1 -1  1
13225179998585403552
5 5 3 6 -1  2
13225355783301465357
7 3 7 2 -1  1
13225545255248818247
3 2 2 1 -1  1
13225635952291438781
7 7 4 4 -1  1
13225794781628464106
7 2 5 2 -1  1
13226087562372789060
2 7 1 7 -1  1
13226197543435327604
7 2 7 3 -1  1
13226750857675429532
4 1 3 1 -1  1
13227111582257277198
4 5 3 5 -1  1
13227200342431013001
7 2 7 1 -1  1
13227251123136127095
6 7 5 7 -1  2
13227314660188389015
7 5 4 2 -1  1
13227649663215082475
7 1 5 2 -1  1
13227735560297432216
7 4 2 4 -1  1
13227808589503422719
5 3 1 7 -1  1
13227831659182079638
7 5 7 3 -1  1
13227863262082934104
7 3 7 1 -1  1
13227912812720178008
6 5 5 4 -1  1
13228106660772638028
2 7 4 5 -1  1
13228440452738831215
3 5 2 5 -1  1
13228444905494425683
6 0 4 0 -1  1
13228534002841861292
7 5 7 3 -1  1
13228663728261287384
5 2 4 2 -1  1
13228807771520437722
4 1 3 2 -1  1
13228814095307446203
5 5 4 4 -1  1
13228914785117953390
6 3 5 3 -1  1
7 5 7 3 -1  4
13228965863479955674
7 0 7 2 -1  1
13229071321355295610
6 5 5 5 -1  1
6 7 4 7 -1  1
13229253010225900264
6 4 6 2 -1  1
13229315694104723063
2 1 1 1 -1  1
13229365260979799964
6 2 5 2 -1  1
13229552306568492648
6 5 1 5 -1  1
13229570212267450907
1 1 3 3 -1  1
13229750539861681880
4 1 3 2 -1  1
13230170149630611614
7 5 7 4 -1  1
13230307711980108711
7 6 5 5 -1  2
13230385756620672919
2 5 2 4 -1  1
13230482623092597883
4 6 3 6 -1  1
13230783632391843399
5 5 6 7 -1  1
13230877126829894413
7 0 7 2 -1  1
13231063047746912567
5 5 3 4 -1  1
13231083897977982336
4 6 7 3 -1  1
13231165768330399709
5 3 4 3 -1  1
13231249072149998884
3 6 4 7 -1  1
7 5 6 4 -1  1
13231249695749553222
6 3 6 7 -1  1
13231397826678091736
5 0 4 0 -1  1
13231469257115360838
5 1 4 3 -1  1
13231490214040771656
4 6 3 6 -1  1
13231597128690234156
4 4 3 4 -1  1
13231805990676946657
4 2 3 3 -1  2
4 4 3 4 -1  2
13232327161468216440
6 0 4 0 -1  1
13232458787169908684
7 3 7 4 -1  1
13232522825967922765
6 5 5 6 -1  1
13232643442712763428
7 3 6 3 -1  1
13232663004857708098
5 3 5 2 -1  1
13232734910624527494
5 2 4 0 -1  3
5 5 6 3 -1  1
7 3 6 3 -1  7
13232744009398656377
2 1 3 2 -1  1
13232972277658277513
7 0 7 4 -1  1
13233036843829985725
4 6 5 5 -1  1
13233236267707875771
6 1 5 2 -1  1
13233246002473760985
6 1 5 1 -1  1
13233332237637659772
6 4 5 6 -1  1
13233390524275641669
7 5 6 4 -1  1
13233444052284883695
7 6 6 7 -1  1
13233551406461906389
4 4 3 3 -1  1
13233708464236168958
7 3 5 1 -1  1
13233755326683842077
5 6 0 1 -1  1
13233985396236765143
3 4 2 6 -1  1
13234095741033621720
7 4 7 6 -1  1
13234446092205136123
4 0 6 2 -1  1
13234529087749001173
7 4 6 3 -1  1
13234777919091497642
7 3 7 2 -1  1
13235009008673564673
6 7 5 7 -1  1
13235125152685027884
7 6 6 7 -1  1
13235246324243706515
4 1 3 1 -1  1
13235375575993146577
3 4 2 2 -1  1
13235472319052700572
6 0 4 0 -1  1
13235498736883750460
5 3 5 2 -1  1
13235662076047245355
5 0 4 0 -1  1
13235943729302933049
3 0 2 0 -1  1
13236033354000679709
5 2 6 1 -1  1
13236063276607832951
7 5 6 4 -1  1
13236507666152749261
5 5 6 3 -1  1
13236609073080501361
5 5 4 3 -1  1
13236706455875013773
5 5 3 6 -1  1
13236880683730416482
7 2 7 1 -1  1
13236896444149009454
5 6 4 5 -1  1
13236994587092959249
4 2 3 2 -1  1
13237160199617548095
1 2 1 0 -1  1
13237462167442633415
2 5 1 3 -1  1
13237688818818546745
5 5 3 6 -1  1
13237844050360958486
6 6 5 6 -1  1
13237989333400905244
2 3 4 4 -1  1
13238001364225617202
5 5 3 6 -1  1
13238188528069540655
7 2 7 1 -1  1
13238212896805290455
2 4 3 2 -1  1
13238236066751041118
7 0 7 1 -1  1
13238329220582491013
3 1 2 3 -1  1
13238748086057283194
5 3 6 4 -1  1
13238983723237484160
7 1 6 3 -1  1
13239007435437569754
7 7 7 6 -1  1
13239028833829479377
7 4 7 5 -1  1
13239365649878184550
7 4 7 3 -1  1
13239478260631823205
7 3 3 3 -1  1
13239533086939513575
7 0 7 2 -1  1
13239581238759960387
3 2 4 3 -1  1
13239614759639950408
5 4 3 6 -1  1
13239687033113679042
0 1 1 1 -1  1
13239786017541911153
7 3 6 2 -1  1
13240028673638949423
3 1 2 1 -1  1
13240110138934363310
6 6 7 7 -1  1
13240594489955355226
5 6 4 6 -1  1
13240698607205142877
1 5 1 2 -1  1
13240747524093625420
7 3 6 4 -1  1
13240912633402340964
4 3 3 2 -1  1
13240973665285357658
7 7 6 6 -1  1
13241044886547431844
1 1 2 2 -1  1
13241237465282340614
5 3 4 4 -1  1
13241581284269534064
7 3 5 2 -1  1
13241617049746208043
6 7 4 7 -1  1
13241638646909134501
7 3 1 3 -1  1
13241843159666465507
7 5 5 5 -1  1
13241969280516700166
7 2 6 3 -1  1
13242063184235890919
5 4 4 4 -1  1
13242088875150990537
1 3 0 3 -1  1
13242184359262673179
6 4 5 5 -1  1
13242240027851851548
6 6 7 5 -1  1
13242512292708315272
7 1 7 3 -1  1
13242549866229788940
7 5 4 5 -1  1
13242779134621463252
6 7 2 3 -1  1
13243032511884856624
4 7 3 7 -1  1
13243063494066890932
5 2 4 3 -1  1
13243163250496382335
5 2 4 1 -1  1
13243482088220076225
5 6 6 6 -1  1
13243692816129195952
6 3 4 4 -1  1
13243740715262025182
5 4 4 3 -1  1
13243741804567732546
6 3 5 5 -1  1
13243746935749756973
3 1 2 2 -1  1
13243882160149798274
6 3 7 1 -1  1
13244287167908665040
5 1 3 3 -1  1
13244539812398601225
4 7 5 5 -1  1
13244610162313270803
7 5 6 4 -1  1
13244698352857217759
6 3 6 2 -1  1
13245253857059293733
7 0 7 1 -1  1
13245479350531788933
5 4 3 4 -1  1
13245557853976536687
3 7 4 5 -1  1
13245561198581959636
7 2 6 3 -1  3
13245587290783358300
6 3 4 3 -1  1
13245592944538705933
0 2 1 3 -1  1
13245696255892729719
5 1 4 0 -1  1
13245820575177100621
3 5 4 3 -1  1
13245938052810246504
4 1 3 1 -1  1
13245972983598827329
5 2 3 3 -1  1
13246397369921066820
7 4 7 6 -1  1
13246793155774216915
7 4 4 4 -1  1
13246992575692667891
6 6 6 5 -1  1
13247005571691240112
7 3 2 3 -1  1
13247020320236119204
3 3 3 5 -1  1
13247079821255693711
7 2 3 6 -1  1
13247121895989271904
5 5 4 4 -1  1
13247331858840846323
7 6 7 7 -1  1
13247360170219896255
2 0 1 1 -1  1
13247586436212942456
7 0 7 2 -1  1
13247744440730192431
4 2 4 1 -1  1
13247799738893720354
6 2 6 3 -1  1
13248019773934914452
4 4 6 3 -1  1
13248190404790571753
5 3 4 2 -1  1
13248321639580372661
0 2 1 3 -1  1
13248370663326715248
7 3 6 3 -1  1
13248382308612046501
1 0 2 0 -1  1
13248387833260670594
2 5 1 5 -1  1
13248445429798859865
6 5 5 5 -1  1
13248494074535913571
3 1 3 4 -1  1
13248545864229292459
1 5 1 4 -1  1
13248754908908354855
5 7 5 0 -1  1
13248792330382257950
7 2 7 1 -1  1
13248799964531331854
4 0 2 1 -1  1
13249186934521314472
5 2 3 3 -1  1
13249240920309364995
6 4 2 0 -1  1
13249257242013038575
5 2 4 4 -1  1
13249325083237322769
5 4 4 5 -1  1
13249336041315346962
4 6 5 4 -1  1
13249407603411943991
3 1 2 2 -1  1
13249539155833736157
6 5 5 4 -1  1
13249659145537569095
6 3 5 4 -1  1
13249672568911054452
5 5 6 3 -1  1
13249744265394885550
2 0 3 1 -1  1
13249789786311811997
6 3 5 1 -1  1
13249833687554081664
3 6 1 4 -1  1
13250278779740198075
4 7 3 6 -1  1
13250521705091054047
7 6 7 7 -1  1
13250682649236074470
5 5 4 7 -1  1
13250790613936126464
2 0 2 1 -1  1
13250959993188453374
4 0 0 0 -1  1
13251120468156832891
2 4 3 5 -1  2
13251249166362307809
5 2 4 0 -1  1
13251834011682552771
6 1 7 2 -1  1
13251974092310452933
5 2 5 1 -1  1
13252090726571294037
5 3 4 4 -1  1
13252113679784257747
3 7 0 7 -1  1
13252347555585048144
5 5 3 4 -1  1
13252612940759160194
5 4 4 4 -1  1
13252784027824223186
6 0 5 0 -1  1
13252860258850907843
7 3 6 3 -1  1
13252901790868875805
3 4 4 2 -1  1
13252960401913843650
6 2 3 2 -1  1
13253002641366243572
7 4 6 4 -1  1
13253016170370550888
7 4 6 4 -1  1
13253508942535603041
7 1 4 1 -1  1
13253720705094824591
7 4 7 6 -1  1
13253843014892211154
7 0 7 3 -1  1
13254093329744859532
7 6 6 4 -1  1
13254141117437647090
6 4 4 5 -1  1
13254209294179594131
3 1 2 3 -1  1
13254219449376606612
4 1 3 1 -1  1
13254349910839806381
7 0 7 1 -1  1
13254393769132601584
7 5 6 5 -1  1
13254434854883612788
7 2 5 4 -1  1
13254521781509733038
6 1 3 4 -1  1
13254603022622865882
5 4 7 6 -1  1
13254611649341027603
6 5 2 1 -1  1
13254697959211176588
5 4 4 4 -1  1
13254751204475806081
2 4 3 5 -1  1
13254851277919491805
7 5 5 5 -1  1
13254910357769336859
4 2 6 1 -1  1
13254975560943184713
6 5 5 6 -1  1
13254991333043834104
7 4 7 6 -1  1
13255204811147165686
7 3 7 2 -1  1
13255313528075213958
4 2 1 2 -1  1
13255415604537282725
5 2 5 3 -1  1
13255514756130397617
6 2 4 2 -1  1
13255570440757190616
4 2 2 3 -1  1
13256406607941596731
3 1 2 2 -1  1
13256476897076359414
5 5 4 4 -1  1
13256648697246628250
7 5 3 5 -1  1
13256798769330491047
6 2 5 2 -1  1
13256899915780742153
7 5 7 4 -1  1
13256960349640756288
3 0 0 3 -1  1
13257025230801222848
7 5 6 6 -1  5
13257084254520053506
7 3 6 2 -1  2
13257100156112246520
6 4 5 5 -1  1
13257145291799564783
2 1 3 0 -1  1
13257218013354224602
5 7 4 7 -1  1
13257251144641876888
7 0 7 2 -1  1
13257463466145558003
5 5 4 4 -1  1
13257479238484451702
7 4 7 3 -1  1
13257518915156686383
6 1 2 5 -1  1
13257631599792809668
4 5 5 5 -1  1
13257819133741703698
7 4 0 4 -1  1
13257922628128132584
6 2 5 4 -1  1
13258001029806118210
6 2 5 4 -1  1
13258222196800103005
6 5 4 5 -1  1
13258355532111923317
6 4 5 6 -1  1
13258509099794919808
3 2 2 4 -1  1
13258536220289819892
7 7 7 0 -1  1
13258642892515241054
4 3 2 2 -1  1
13258771862772944170
4 3 3 4 -1  1
13258817043852990878
5 6 4 6 -1  1
13258842091270469534
7 5 5 5 -1  1
13259452010857969566
2 4 0 5 -1  1
13259536136571106495
7 4 7 6 -1  1
13259603448906314091
5 5 6 3 -1  1
13259860428375326621
7 4 7 5 -1  1
13259888191840589798
3 2 6 2 -1  1
13259964785982746290
7 0 5 0 -1  1
13260009755938198147
7 6 7 7 -1  1
13260222530095494882
6 3 4 2 -1  1
13260256124393967116
6 7 5 7 -1  1
13260280933400509743
6 6 5 5 -1  1
13260381582623250394
7 7 6 6 -1  1
13260391930382033422
6 1 5 2 -1  1
13260456996257316388
7 6 6 7 -1  1
13260562287825041877
4 3 3 1 -1  1
13260971025664972079
7 5 5 4 -1  1
13260979687549183213
5 2 4 3 -1  1
13261041168212477463
7 1 7 2 -1  1
13261168253667977129
7 7 7 6 -1  1
13261189225880749994
4 4 4 5 -1  1
13261386425410086999
0 3 4 7 -1  1
13261506221307283263
4 3 6 3 -1  1
13261612777430951112
7 0 1 0 -1  1
13261637771074418828
6 5 5 5 -1  1
13261751657403216207
7 6 6 5 -1  1
13261779593773269468
4 1 3 1 -1  1
13261798242791096445
6 5 5 4 -1  1
13261900509143149392
3 1 2 2 -1  1
13261939368999450838
7 2 6 3 -1  1
13262062347935551630
5 5 3 3 -1  1
13262593628630833366
7 1 6 2 -1  1
13262624387051585513
3 1 5 3 -1  1
13262853227091469723
6 5 5 4 -1  1
13262870592854676802
6 1 4 1 -1  1
13262889259837426484
4 7 5 6 -1  1
13263007112180615321
5 1 4 1 -1  1
13263034379374755900
6 2 5 2 -1  1
13263174493377233066
6 2 5 2 -1  1
13263438727611663558
4 4 5 5 -1  1
13263969529415738793
5 3 4 4 -1  1
13264093121172239538
5 4 5 5 -1  1
13264159431150962371
6 6 5 5 -1  1
13264256072375656415
5 5 6 3 -1  1
13264342689398569445
5 6 4 7 -1  1
13264385057209369619
5 5 2 2 -1  1
13264613640419306602
5 2 5 3 -1  1
13264702763381127894
6 3 7 4 -1  1
13264763588194690460
7 5 6 6 -1  1
13264943071060995408
6 6 2 6 -1  1
13264970458123796975
4 4 3 5 -1  1
13264986202077141864
6 3 5 3 -1  2
13265279978346325447
3 6 2 5 -1  1
13265298225636407008
6 6 5 6 -1  1
13265328496259696632
3 4 1 6 -1  1
13265420942239261528
5 3 2 0 -1  1
13265629192400175460
6 6 5 6 -1  1
13266002973505534750
4 6 2 4 -1  1
13266025671181044494
6 6 4 6 -1  1
13266435776901694203
7 3 6 3 -1  1
13266472548371066405
4 1 6 3 -1  1
13266635696532740635
5 1 4 2 -1  1
13266698852146069334
4 6 3 6 -1  1
13266942057449612099
7 5 1 5 -1  1
13267081945501620245
7 7 6 5 -1  1
13267221733516630193
4 4 4 5 -1  1
13267295194755241874
7 3 5 2 -1  1
13267296973626242192
6 2 6 0 -1  1
13267389080175085384
1 1 0 2 -1  1
13267397145424295325
6 4 5 3 -1  1
13268140872691826199
2 6 5 3 -1  1
13268292647405579707
6 2 4 2 -1  1
13268433953463540878
7 2 3 6 -1  1
13268790448527980216
7 6 5 6 -1  1
13268833766466750217
7 4 7 6 -1  1
13268986828680117338
7 3 6 5 -1  1
13269265124507403269
7 7 7 4 -1  1
13269269761135861983
6 5 5 5 -1  1
13269830001231899045
6 3 6 4 -1  1
13269878779086584005
0 3 0 5 -1  1
13269884120005212544
6 6 5 6 -1  1
13269928122059186209
5 3 4 2 -1  1
13269964121172163415
7 3 7 2 -1  1
13270131491390333124
5 0 4 0 -1  1
13270588320134094319
5 7 4 7 -1  1
13271048921232169851
3 6 6 3 -1  1
13271073165818413711
6 7 5 7 -1  2
13271663941207390548
6 1 7 2 -1  1
13271687757066428789
4 6 3 6 -1  1
13272081012331928769
5 0 4 1 -1  1
13272330287430670233
2 2 0 4 -1  1
13272740366396335217
5 5 4 3 -1  1
13272742156485844754
4 1 3 1 -1  1
13272994275181201606
3 6 1 6 -1  1
13273135751082280300
5 5 6 4 -1  1
13273480354743238923
3 5 2 7 -1  1
13273600249516153245
1 5 2 3 -1  1
13273925221102044523
6 2 5 2 -1  1
13274127920780190308
6 4 7 4 -1  1
13274292774068794266
4 7 5 6 -1  1
13274321338674123338
6 2 5 1 -1  1
13274383361893879346
3 3 2 2 -1  1
13274404073055456517
5 0 4 0 -1  1
13274477015347946153
6 3 4 2 -1  1
13274561793089502660
3 2 5 3 -1  1
13274571979185635234
7 2 7 4 -1  1
13274765874946108152
5 3 3 2 -1  1
13274996927183703165
4 6 4 7 -1  1
13275210046974430247
7 0 7 3 -1  1
13275237187525853994
2 3 2 6 -1  1
13275315213578056217
4 0 6 1 -1  1
13275802898095772819
6 3 5 3 -1  1
13275822692951525330
7 3 5 3 -1  1
13275980150194017487
2 2 3 3 -1  1
13276644417058085806
5 7 4 7 -1  1
13276932286228196211
6 5 4 5 -1  1
13277098247543692638
7 6 6 6 -1  1
13277375321668249345
7 2 6 1 -1  1
13277507331605690336
5 5 7 3 -1  1
13277600456914272160
3 0 5 1 -1  1
13277782432385186449
6 4 4 4 -1  1
13277833406749628436
7 7 6 7 -1  1
13277844427859385372
7 6 7 5 -1  1
13277862465698762184
4 1 3 1 -1  1
13277978723478540150
6 3 4 1 -1  1
13278118462881465959
5 1 4 0 -1  1
13278193585253381271
3 4 5 4 -1  1
13278292700687939571
3 2 2 2 -1  1
13278299423335865903
7 2 6 3 -1  1
13278352926726175101
7 4 7 6 -1  1
13278538946327747716
4 2 3 4 -1  1
13278658276399531805
7 5 5 6 -1  1
13278903784773102010
7 2 6 0 -1  1
13279065906534852832
4 5 3 5 -1  1
13279174657768393784
6 5 6 0 -1  1
13279267846793335918
4 3 0 3 -1  2
13279268294704700191
4 0 6 0 -1  1
13279594662756186261
4 0 6 1 -1  1
13279718772163490838
1 1 2 2 -1  1
13279766632074286149
7 5 5 5 -1  1
13279937514963557957
4 3 2 2 -1  1
13280008565098679372
4 0 3 1 -1  1
13280049660760596365
5 5 6 3 -1  1
13280054562484646160
7 2 6 1 -1  1
13280148102654381028
3 3 2 5 -1  1
13280242364778764327
5 5 3 6 -1  1
13280804071336244069
2 6 2 7 -1  1
13280909741600823949
5 6 5 2 -1  1
13280953650259380852
4 2 3 4 -1  1
5 1 5 2 -1  1
13281015351330821722
7 5 7 4 -1  1
13281058914250987711
2 3 5 3 -1  1
13281157952187029589
6 4 5 3 -1  1
13281479290715734929
6 3 7 5 -1  1
13281614195520303144
2 1 0 1 -1  1
13281841211917236786
5 5 4 7 -1  1
13281968231337512387
4 5 2 6 -1  1
13282007960324736418
3 6 3 3 -1  1
13282158149244945673
4 7 3 6 -1  1
13282197948912506866
2 6 2 1 -1  1
2 6 2 5 -1  1
13282340349940483594
7 3 6 4 -1  1
13282414498116889883
7 4 5 3 -1  1
13282424962986262879
4 5 3 4 -1  1
13282587382585294778
1 1 7 1 -1  1
13282604397269007740
5 5 4 3 -1  1
13282623257601160230
5 3 4 2 -1  1
13282806236641941470
1 1 3 2 -1  1
13282958027168550928
6 4 5 2 -1  1
13282983766781943826
7 4 7 3 -1  1
13283136812506443182
6 0 5 0 -1  1
13283544923573349537
4 2 3 2 -1  1
13284123019740178728
6 5 4 5 -1  1
13284447807556409231
7 2 3 2 -1  1
13284641305716345764
7 2 6 1 -1  1
13284671778415931078
7 2 7 3 -1  1
13284778175795777767
5 6 3 7 -1  1
13284817345487972785
2 7 2 1 -1  1
13284978352403166889
7 2 5 2 -1  1
13284986707835595562
6 4 5 4 -1  1
13285077181855169965
5 5 3 4 -1  1
13285196741301963765
6 4 5 4 -1  1
13285312255931645360
5 5 6 6 -1  1
13285520305326312894
7 3 6 4 -1  1
13285633965203794245
7 2 0 2 -1  1
13285919246574363793
7 3 7 4 -1  1
13286011203886331411
2 4 3 5 -1  1
13286105476080370287
4 2 3 3 -1  3
13286108246890277520
6 5 7 4 -1  1
13286123613155528969
4 3 3 4 -1  1
13286240760991819795
7 0 7 1 -1  1
13286323888990465973
7 6 6 5 -1  1
13286624297351367072
5 6 4 5 -1  1
13286703683536717087
6 3 4 4 -1  1
13286731577985275126
4 6 5 5 -1  1
13286805895469283928
6 7 5 7 -1  1
13286909364721323758
6 2 4 2 -1  1
13287101701697026820
5 5 4 7 -1  1
13287166245827901664
7 1 7 4 -1  1
13287299321939584346
4 2 3 2 -1  1
13287349885700502841
7 0 7 6 -1  1
13287535551265009207
5 1 3 3 -1  1
13287700271610770146
4 2 3 2 -1  1
13287746234923829968
6 7 5 6 -1  1
13287911507814490011
5 4 4 3 -1  1
13288277115384625905
4 5 3 4 -1  1
13288320724593371604
5 3 3 5 -1  1
13288357440859913926
6 0 5 0 -1  1
13288377354693502967
6 3 2 3 -1  1
13288421624873203297
6 2 5 3 -1  1
13288499437595805648
5 3 4 4 -1  1
13288552828246728813
5 5 6 3 -1  1
13288593968999697912
6 6 7 6 -1  1
13288685526375254986
1 4 1 0 -1  1
13288769837751845499
4 4 3 5 -1  1
13288896577232724602
4 2 6 3 -1  1
13289070085386301728
5 6 4 6 -1  1
13289133817635392514
6 1 5 2 -1  1
13289198243295039992
6 2 5 1 -1  1
13289266132885926969
4 2 6 2 -1  1
13289315490758776114
7 3 6 2 -1  1
13289420246588478473
6 7 5 7 -1  1
13289442154033776513
6 4 5 5 -1  1
13289707722352199436
3 2 2 2 -1  1
13289767829795849017
7 4 7 6 -1  1
13289809147367445882
1 3 1 5 -1  1
13289887309542262364
7 5 7 6 -1  1
13290102527250098037
7 6 7 5 -1  1
13290185554728624565
1 2 1 1 -1  1
13290285783911855130
6 4 5 3 -1  1
13290433223879241442
7 6 6 7 -1  1
13290474869631370877
6 1 5 1 -1  1
13290575789971599052
3 3 1 5 -1  1
13290974149849870591
3 6 6 6 -1  1
13291064498105369956
7 6 7 3 -1  1
13291095369447414072
6 4 5 2 -1  1
13291151774540842649
4 3 3 3 -1  1
13291195513300005202
6 2 6 3 -1  1
13291386813210494825
3 5 2 4 -1  1
13291414318955723402
6 5 7 6 -1  1
13291566302956998365
5 7 7 7 -1  1
13291632676330516444
7 4 7 5 -1  1
13291807329441800150
4 2 3 3 -1  1
13292116034125691235
4 6 3 6 -1  1
13292437421512529880
6 3 5 3 -1  1
13292492400772415724
5 5 3 4 -1  1
13292554942469664115
4 1 3 1 -1  1
13292558203788385577
6 7 5 6 -1  1
13292605271655987382
4 1 3 1 -1  1
13293002394221540631
6 5 5 5 -1  1
13293103880994171767
7 5 3 1 -1  1
13293465838507420510
0 3 2 3 -1  1
13293674990235504199
1 4 4 7 -1  1
13293683518183229642
4 5 3 6 -1  1
13293696212813583198
5 6 4 6 -1  1
13293859969615350705
7 6 7 7 -1  1
13293919923286560080
6 0 5 0 -1  1
13294025466292304265
3 7 2 7 -1  1
13294384469129042034
4 2 5 3 -1  1
13294412533007427010
3 2 5 3 -1  2
13294556924888774048
6 1 5 1 -1  1
13294643888361319391
6 3 5 3 -1  1
7 6 5 5 -1  25
13294661890471512632
7 1 6 1 -1  1
13294946507198861479
3 6 5 5 -1  1
13295163001070931427
6 6 7 7 -1  1
13295164486992366321
5 5 7 4 -1  1
13295235435039396451
5 2 4 4 -1  1
13295339272204493573
4 0 5 2 -1  1
13295349704502524329
7 1 5 2 -1  1
13295393278861736154
7 0 3 0 -1  1
13295609175303992969
6 0 5 1 -1  1
13295744445419504585
7 5 2 5 -1  1
13295747380493826826
6 5 4 7 -1  1
13296228091951990348
7 1 6 3 -1  1
13296270855728420560
5 6 4 6 -1  1
13296610356954418897
4 1 4 7 -1  1
13296823729415229676
3 7 2 7 -1  1
13296955508127366959
7 6 6 7 -1  1
13297198117803762506
6 5 4 5 -1  1
13297255564741387522
3 1 2 2 -1  1
13297260475549768880
3 3 0 0 -1  1
13297422025224035202
2 7 0 7 -1  1
13297528139641191872
5 5 7 4 -1  1
13297536622360646162
3 6 3 7 -1  1
13297574413174032045
6 3 5 2 -1  2
13297589211025267012
7 1 5 2 -1  1
13297681369565638685
6 2 5 2 -1  1
13297816693750730080
5 0 4 1 -1  1
13297821849596897760
6 5 6 4 -1  1
13298109659445875775
3 5 2 4 -1  1
13298323852948965310
5 2 4 1 -1  1
13298349188460981054
6 4 5 5 -1  1
13298963508699546852
5 6 4 6 -1  1
13298993578611780772
4 5 3 5 -1  1
13299094057397719104
6 3 5 3 -1  1
13299268194167162957
3 4 2 5 -1  1
13299340125135433102
7 1 6 1 -1  1
13299420363758587889
6 5 4 5 -1  1
13299435289919113286
5 5 3 4 -1  1
13299523312853966833
4 2 3 3 -1  1
6 1 5 1 -1  1
7 1 5 2 -1  1
13299546077836111710
6 7 0 1 -1  1
13299657258712356252
5 4 4 5 -1  1
13299918133760015402
7 4 6 4 -1  1
13300234343500632408
1 6 5 2 -1  1
13300342418168225625
6 7 5 7 -1  1
13300363657304754941
7 6 6 6 -1  1
13300531329025150925
7 3 7 4 -1  1
13300535504205644571
3 1 6 4 -1  1
13300610753271433432
3 1 4 2 -1  1
13300984506218462850
6 4 4 6 -1  1
13301141179502707657
4 4 2 3 -1  1
13301241149055571256
6 5 6 4 -1  1
13301259013518090360
6 6 5 6 -1  1
13301304363729032955
6 5 7 4 -1  1
13301502013057003799
4 2 3 2 -1  1
13301805563400790510
3 1 1 3 -1  1
3 1 6 4 -1  1
6 0 4 0 -1  1
13301839144428820641
4 1 3 0 -1  1
13302084162196114626
6 5 4 5 -1  1
13302123151825484710
7 0 7 3 -1  1
13302133778516009694
7 1 5 1 -1  1
13302195279830237609
4 4 5 3 -1  1
13302250225199454203
7 4 7 7 -1  1
13302445088421879998
5 4 5 3 -1  1
13302485865156728766
6 3 5 3 -1  1
13302566656002477730
5 0 7 2 -1  1
13302784523226932119
4 3 3 3 -1  1
13302803591098071187
4 2 5 1 -1  4
13302823894207919242
4 7 3 6 -1  1
13303226375711299247
5 2 0 7 -1  1
13303327960694718513
6 2 5 1 -1  1
13303418931272470627
7 6 7 0 -1  1
13303537639724174825
4 6 5 5 -1  1
13303608199050508250
7 2 4 5 -1  1
13303803365181547684
5 4 3 6 -1  1
13303975031682737027
3 7 1 5 -1  1
13304113246513196123
7 2 4 5 -1  1
13304116257379666942
2 4 3 3 -1  1
13304280570438860179
7 5 6 4 -1  1
13304467372778108834
6 1 2 5 -1  1
13304680822134283401
6 3 5 3 -1  3
7 6 5 5 -1  2
13304813209071251716
7 2 7 0 -1  1
13305109716381013986
6 6 5 5 -1  1
13305189446250780466
5 5 4 3 -1  1
13305273790057551409
3 2 6 2 -1  1
13305310730615272122
3 6 4 4 -1  1
13305514541357593830
4 4 6 2 -1  1
13305525437970954486
5 5 6 3 -1  1
13305646982022692582
4 0 1 0 -1  1
13305869799662713041
3 1 4 1 -1  1
13305870181727794590
1 0 2 0 -1  1
13305928100529014857
4 4 6 3 -1  1
13306017713982502459
1 0 0 0 -1  1
13306293943196205385
6 2 3 2 -1  1
13306320550444760937
1 0 3 0 -1  1
13306431494106852118
6 4 5 4 -1  1
13306549741982454314
6 6 5 5 -1  1
13306631340879805634
7 3 7 2 -1  1
13306763927943461879
6 5 4 5 -1  1
13306787151742808210
6 2 4 4 -1  1
13306791847900554690
4 1 3 1 -1  1
13306876514548733263
6 6 4 4 -1  1
13307186136982564497
6 0 5 0 -1  1
13307502298883111458
6 5 4 5 -1  1
13307514074668872030
7 5 6 6 -1  1
13307633709995164006
6 3 6 4 -1  1
13308078986469614335
3 3 5 2 -1  1
13308139628505628507
1 3 1 5 -1  1
13308142023703133081
6 6 4 4 -1  1
13308404832360517128
6 5 5 4 -1  1
13308783015665679045
4 0 3 0 -1  1
13308887613841443786
5 5 7 4 -1  1
13308913432715280296
5 1 5 2 -1  1
13309009416422039387
4 6 5 5 -1  1
13309119415333696587
6 4 7 3 -1  1
13309323136131763222
7 5 5 5 -1  1
13309519339494594804
7 5 7 1 -1  1
13309628130927369207
7 2 3 6 -1  1
13309911728405197327
6 3 6 2 -1  1
13309954860993452541
3 1 2 3 -1  1
13310050753546826331
7 4 6 3 -1  1
13310335201919974469
6 4 6 3 -1  1
13310339913109932228
7 5 5 3 -1  1
13310468699889030195
6 1 5 2 -1  1
13310501368661711010
6 3 7 1 -1  1
13310841960484947845
7 4 7 2 -1  1
13311051498375108186
5 2 3 1 -1  1
13311192905977068266
5 5 6 4 -1  1
13311274399043244846
3 0 1 2 -1  1
13311379525487238588
7 6 6 7 -1  1
13311418378612506695
4 0 3 0 -1  1
13311490842339408796
6 5 4 5 -1  1
13311520857904434264
6 0 6 4 -1  1
13311755351603324296
6 4 5 2 -1  1
13312115230588157407
6 5 6 0 -1  1
13312146364772030688
7 3 6 2 -1  1
13312233027765327207
7 6 7 5 -1  1
13312418029013306820
4 5 3 5 -1  1
13312472650297307803
7 2 3 6 -1  1
13312685716916232613
3 1 2 1 -1  1
13313037871589818126
7 7 7 6 -1  1
13313137598375231583
5 4 4 4 -1  1
13313201973534219853
3 4 4 2 -1  1
13313292755247334917
6 4 5 4 -1  1
13313464598052135473
6 5 4 5 -1  1
7 2 5 4 -1  2
7 5 7 4 -1  1
13313470488725486137
7 5 7 4 -1  1
13313541570148693739
1 5 5 5 -1  1
13313554538860160649
6 1 5 1 -1  1
13313769911155833833
5 5 6 4 -1  1
13313780149485048898
7 3 7 5 -1  1
13313921842023460873
6 6 5 6 -1  1
13313991574340693330
7 1 6 3 -1  1
13314289417454466885
4 4 4 5 -1  1
13314442638830343587
7 2 7 1 -1  1
13314547763552938446
7 2 5 3 -1  1
13314768417310432989
4 4 0 4 -1  1
13314917518745907161
6 4 5 5 -1  1
13314930974520444634
5 3 4 2 -1  1
13315175443742634465
3 1 6 4 -1  1
13315600348127572183
4 6 3 6 -1  1
13315879283501851887
1 2 0 3 -1  1
13315912502213831402
7 1 5 2 -1  1
13315965543049539426
4 7 3 6 -1  1
13316008862175850193
5 3 4 3 -1  1
13316209300055977271
6 7 5 7 -1  2
13316325357775643275
3 5 2 6 -1  1
13316333960662930628
6 7 4 7 -1  1
13316518864165691679
4 3 3 4 -1  1
13316544906860439553
7 3 6 3 -1  1
13316597588389847408
6 6 7 5 -1  1
13316684092495342099
5 5 6 4 -1  1
13316781791652225262
5 5 4 7 -1  1
13316902789759471146
5 6 4 6 -1  1
13316914387146571457
7 4 6 4 -1  1
13317021405951649434
6 6 5 6 -1  1
13317180974354590467
4 1 7 4 -1  1
13317342660344764334
6 7 4 6 -1  1
13317513183696986873
7 5 6 6 -1  1
13317718952998934038
7 5 6 4 -1  1
13317730002345029896
7 5 7 4 -1  1
13317914854655751323
5 7 4 6 -1  1
13317959685648740452
2 5 3 3 -1  1
13318070105065779180
5 3 4 3 -1  1
13318204628140040194
6 5 5 5 -1  1
13318656457425725360
5 4 2 7 -1  1
13318991855114537919
4 0 3 0 -1  1
13319067999127013782
7 2 7 1 -1  1
13319322420553845040
5 4 3 6 -1  1
13319595911121746846
7 2 6 3 -1  1
13319789811367898908
3 1 2 0 -1  1
13320210372968180478
6 4 5 5 -1  1
13320289150184103584
7 0 7 2 -1  1
13320379922458559927
4 1 3 1 -1  1
13320457835628956888
2 5 4 5 -1  1
13320563467701689467
4 5 3 4 -1  1
13320651960163195887
0 5 0 4 -1  1
13320769103931531613
5 2 3 4 -1  1
13321118054320694223
4 0 5 0 -1  1
13321286632503399151
6 2 4 1 -1  1
13321301564138445364
5 3 4 3 -1  1
13321487653078675009
4 1 2 2 -1  1
13321646270936155621
5 4 4 4 -1  1
13321754889983902347
6 6 4 6 -1  1
13322220683860566833
5 4 3 6 -1  1
13322281530936767492
5 6 3 6 -1  1
13322437498510991154
3 0 2 0 -1  1
13322888711060495136
1 0 1 4 -1  1
13322917475434959202
5 4 4 5 -1  1
13323047666426250227
7 7 6 7 -1  1
13323080331685114424
2 3 1 2 -1  1
13323238381813035355
5 6 4 6 -1  1
13323263800015032011
2 7 2 6 -1  1
13323299244381786327
7 2 4 5 -1  1
13323658813240650599
5 1 4 1 -1  1
13324020397028120750
2 0 4 0 -1  1
13324175086435411740
5 6 4 7 -1  1
13324193275950895367
7 4 1 4 -1  1
13324333261239148728
6 0 6 1 -1  1
13324359387137789623
0 5 2 7 -1  1
13324361382110421468
7 3 5 5 -1  1
13324456097977892698
6 0 4 0 -1  1
13324588168804406250
7 5 7 7 -1  1
13324708108681141206
7 1 5 1 -1  1
13324765138442241728
4 6 2 7 -1  1
13324804780427793567
7 0 7 3 -1  1
13324830194532904452
4 2 6 3 -1  1
13324857129983357159
4 2 2 1 -1  1
13324959695275854846
6 3 6 7 -1  1
7 7 7 6 -1  1
13325081933154865315
7 2 4 2 -1  1
13325129945251932526
7 5 7 3 -1  1
13325213260649743527
6 3 6 0 -1  1
13325267813353175479
7 4 6 4 -1  1
13325334124115312665
7 7 7 6 -1  1
13325342477145951966
4 2 6 3 -1  1
13325697458420051192
7 1 5 0 -1  1
13325793163536099648
4 2 3 3 -1  4
13325860247143984616
6 3 7 5 -1  1
13325905997072420621
5 4 5 1 -1  1
13325911903990173564
5 4 7 3 -1  1
13326099833322033394
7 2 6 1 -1  1
13326748747133487344
6 4 5 5 -1  1
13326768532638298067
5 6 4 6 -1  1
13326981221436334426
4 0 3 0 -1  1
13326988112709734784
4 4 3 3 -1  1
13327013218386954934
6 0 4 0 -1  1
13327370671832471121
0 5 4 1 -1  1
13327388607528526932
7 5 4 5 -1  1
13327505719383740829
4 4 2 6 -1  1
13327612347109748084
6 6 5 6 -1  1
13327716164246443510
3 6 2 5 -1  1
13328021715116265814
5 4 6 4 -1  1
13328027373329440668
5 1 3 2 -1  1
13328263888071751346
5 7 4 6 -1  1
13328505990611362032
7 5 5 5 -1  1
13328743965194326569
3 6 0 6 -1  1
13328816563496166426
5 1 5 5 -1  1
13328871235567744919
7 1 7 4 -1  1
13328920444017930224
6 4 2 0 -1  1
13328926164021175344
7 7 6 7 -1  1
13328962156956523690
5 5 6 3 -1  1
13329028426161938595
5 3 3 1 -1  1
13329107664626976476
4 5 5 5 -1  1
13329248293687895030
2 5 1 5 -1  1
13329365576892203845
7 0 4 0 -1  1
13329450904384271803
4 6 4 4 -1  1
13329534767735982452
5 1 6 3 -1  1
13329589430964354653
3 4 2 2 -1  1
13329682053953977576
6 3 5 2 -1  1
13329757765632965630
5 6 0 6 -1  1
13329776334328619771
5 2 4 3 -1  1
13329784009029017770
6 5 4 5 -1  1
13329846874975196864
7 4 6 3 -1  1
13330270557860799566
6 3 5 2 -1  1
13330711658306722601
2 7 3 7 -1  1
13331262643258592462
2 5 3 5 -1  1
13331303714177151903
7 5 6 6 -1  1
13331422867191230060
0 5 0 7 -1  1
13331695524742179489
7 6 6 6 -1  1
13331718067478866529
4 6 3 5 -1  1
13331822068789928052
6 1 4 1 -1  1
13331949028668077142
4 6 3 7 -1  1
13331949068517931128
5 6 4 6 -1  1
13331951181080210222
6 1 5 2 -1  1
13332015462209066811
3 4 2 5 -1  1
13332039383458224264
6 3 4 4 -1  1
13332979534951799910
7 2 3 2 -1  1
13333065226366935922
6 1 5 2 -1  1
13333307960969309862
7 1 5 2 -1  1
13333748146334417113
7 4 7 6 -1  1
13333752427931658967
7 0 7 2 -1  1
13334394289392638739
3 3 2 3 -1  1
13334409527558715724
4 0 3 0 -1  1
13334656032560397684
6 1 6 0 -1  1
13334807867064671673
4 4 1 4 -1  1
13334864811081975569
5 4 3 2 -1  1
13335044725587327941
5 2 4 2 -1  1
13335073286804454737
5 2 3 1 -1  1
13335087474944926431
7 6 6 5 -1  1
13335123915093326720
7 2 5 0 -1  1
13335166289270805886
4 0 2 0 -1  1
13335309843904595434
7 2 7 5 -1  1
13335641359872536681
2 0 3 2 -1  1
13335663484301606500
5 6 5 4 -1  1
13335800706179422907
7 3 3 3 -1  1
13335801785706616088
7 5 5 3 -1  1
13336498305320575512
5 5 6 6 -1  1
13336506141266915199
3 1 2 3 -1  1
13336678107281526069
5 5 7 4 -1  1
13336780986520212065
6 3 7 3 -1  1
13336889631612438334
7 6 6 7 -1  1
13337084907945101187
7 6 6 5 -1  1
13337349050005252391
4 3 4 4 -1  1
13337359110093711972
5 1 6 3 -1  1
13337631538337256991
5 4 5 6 -1  1
13337669203961387479
6 7 4 7 -1  1
13337746789516806561
2 0 4 0 -1  1
13337747217267179873
5 4 4 5 -1  1
13337846806492286272
5 4 5 6 -1  1
6 7 7 7 -1  1
13337942980902709356
6 6 7 7 -1  1
13338112217617782428
7 4 7 6 -1  1
13338195747497132223
0 6 1 6 -1  1
13338360467236539255
5 1 7 1 -1  1
13338376565233980795
7 6 7 7 -1  1
13338455495618271906
6 5 4 5 -1  1
13338690945544735513
7 3 7 1 -1  1
13338795419650615542
7 0 7 4 -1  1
13338810960617101886
6 7 5 7 -1  1
13338818654330451774
5 5 3 4 -1  1
13338819118137392235
6 7 5 6 -1  1
13338852055855675574
3 3 3 6 -1  1
13339024271319995469
7 4 7 6 -1  5
13339121301699760913
5 5 3 4 -1  1
13339383340529367171
4 4 3 3 -1  1
13339404646984859302
6 6 5 7 -1  1
13339667841521248287
5 1 4 0 -1  1
13339727613258276769
6 0 5 0 -1  1
13339828160782898072
6 5 5 5 -1  1
13340084413734455859
7 1 6 3 -1  1
13340132853284770884
6 5 4 5 -1  1
13340181635400583267
6 3 7 4 -1  1
13340252643006972076
5 2 4 4 -1  1
13340344890154851384
5 5 7 3 -1  1
13340408183625701396
7 3 4 0 -1  1
13340408409889024461
5 5 3 4 -1  1
13340432113696230749
7 5 6 4 -1  1
13340447984030738520
3 0 6 3 -1  1
13340766527002363172
6 5 4 4 -1  1
13340835444979942570
4 0 3 0 -1  1
13341121441726547098
7 5 6 4 -1  1
13341166701261411234
4 3 5 1 -1  1
13341361444224313903
2 2 0 1 -1  1
13341423223577320497
7 5 6 6 -1  1
13341577616438551838
7 1 7 2 -1  1
13341605227224863264
4 6 5 6 -1  1
13341945810259045009
2 7 4 7 -1  1
13342009825619727644
7 3 0 3 -1  1
13342126813758801797
6 4 6 3 -1  1
13342375048170800001
7 0 5 0 -1  1
13342375646872831680
6 1 5 1 -1  1
13342412889031650969
0 7 4 3 -1  1
13342440816232981908
5 3 4 1 -1  1
13342557552104231573
6 3 3 0 -1  1
13342576931216561316
2 3 0 2 -1  1
13342884310334637698
3 5 2 4 -1  1
13343010930429893121
6 1 5 1 -1  1
13343072721855320649
7 5 7 3 -1  1
13343177188239860470
5 5 7 3 -1  1
13343193085337360336
5 4 3 2 -1  1
13343195795372542801
3 3 2 2 -1  1
13343343204370390549
4 0 3 0 -1  1
7 2 5 4 -1  1
13343482475790279496
7 3 7 7 -1  1
13343593340987425680
5 2 3 3 -1  1
13343654308977279401
5 2 4 2 -1  1
13343733849030476833
4 5 5 5 -1  1
13343849086976548931
6 4 6 3 -1  1
13343952450578255465
4 7 2 5 -1  1
13343989760671834742
6 7 5 7 -1  1
13344268976261497197
4 4 2 4 -1  1
13344513323867676601
7 0 7 1 -1  1
13344575497503516975
6 3 7 5 -1  1
13344761623025381283
7 1 6 3 -1  1
13344819284195582177
6 4 4 6 -1  1
13344925228952941695
6 6 5 6 -1  1
13345004181434092455
7 5 7 2 -1  1
13345040957546277577
6 1 5 1 -1  1
13345120541929869028
5 2 7 2 -1  1
13345235938483489218
6 0 4 0 -1  1
13345337597529604346
6 4 5 5 -1  1
13346231854036354715
5 4 7 2 -1  1
13346415557567002010
5 2 7 3 -1  1
13346479586552636265
5 4 4 3 -1  1
13346933910767103393
6 4 5 4 -1  1
13347303979247341215
6 3 5 4 -1  1
13347700092229885363
4 2 5 3 -1  1
