13347738676996273286
5 2 6 4 -1  1
13347808309918523972
5 1 4 1 -1  1
13347950388441678651
6 6 2 2 -1  1
13348388170188566781
6 7 5 6 -1  1
13348478169311292465
5 1 3 2 -1  1
13349204040549294462
7 6 6 7 -1  1
13349547058562828444
3 5 3 7 -1  1
13349567015266536598
4 5 3 6 -1  1
13349650771334087029
3 2 5 2 -1  1
13349727297364037813
2 0 1 0 -1  1
13349727877276230643
5 3 7 3 -1  1
13349838431996530555
7 5 7 6 -1  1
13349924426464107620
6 7 4 7 -1  1
13349928211933400363
6 4 3 1 -1  1
13349950717833830252
6 6 4 6 -1  1
13350219791779149697
5 4 4 4 -1  1
13350260651256406797
6 6 7 6 -1  1
13350341140834326405
7 1 5 2 -1  1
13350598425220312196
5 5 4 7 -1  1
13350698846854368767
4 3 3 4 -1  1
13350701864684330367
5 3 4 2 -1  1
13350846088370407414
7 3 7 4 -1  1
13350873014836847001
6 0 5 0 -1  1
13351153320363016800
7 3 6 3 -1  1
13351180850384751122
2 4 0 5 -1  1
13351346999241808191
6 7 4 7 -1  1
13351356828268434788
7 5 5 5 -1  1
13351555887597170431
3 4 4 5 -1  1
13351556576600191082
1 5 0 6 -1  1
13351694133460818637
6 2 5 2 -1  1
7 3 7 2 -1  1
13351753972696621667
6 6 4 6 -1  1
13351763544460190640
5 3 7 4 -1  1
13351820777129091605
6 4 6 2 -1  1
13351860282799664050
5 1 4 2 -1  1
13352041457038154267
7 1 5 2 -1  1
13352282221925418739
1 1 0 3 -1  1
13352436271794003269
7 2 6 1 -1  1
13352452047823087116
6 2 7 2 -1  1
13352578299858055484
1 0 0 0 -1  1
13352648802199119875
6 6 5 7 -1  1
13352711574472392503
5 3 5 4 -1  1
13352775443960102198
6 5 4 5 -1  1
13353016221127576121
4 3 3 3 -1  1
13353232458615889326
5 2 1 6 -1  1
13353248970852879893
6 5 5 5 -1  1
13353348676205690870
6 7 5 7 -1  1
13353433121236874787
4 2 3 2 -1  1
13353620574975997665
6 4 4 5 -1  1
13353652106973066326
5 6 6 7 -1  1
13353864963050521169
4 0 2 2 -1  1
13354283878104280732
5 6 4 6 -1  1
13354445766150219801
4 1 4 3 -1  1
13354686218383826651
7 3 6 3 -1  1
13354769186308333969
7 1 5 0 -1  1
13354819317708668017
7 3 6 3 -1  1
13354846273303943786
4 6 3 6 -1  1
13354895418344445371
6 6 4 6 -1  1
13355063557801696500
6 4 5 4 -1  1
13355075532953203444
4 4 3 4 -1  1
13355176164586273246
6 2 5 3 -1  1
13355314642738229747
7 6 6 6 -1  1
13355314739853918294
7 7 7 6 -1  1
13355432849115632257
1 0 1 2 -1  1
13355862143817883349
6 6 5 5 -1  1
13355915403418258455
5 1 3 0 -1  1
13355925115757383371
7 5 7 6 -1  1
13355990945660098037
5 1 4 1 -1  1
13356191428448450537
6 0 5 1 -1  1
13356207232607968363
6 4 5 3 -1  1
13356343872009353530
6 4 5 3 -1  1
13356689147103142459
7 3 4 3 -1  1
13356769912700087091
6 7 1 7 -1  1
13356932768320868563
7 2 7 1 -1  1
13357024371149854013
6 4 3 1 -1  1
13357028026573577563
6 2 4 2 -1  1
13357273677037310534
7 6 6 7 -1  1
13357590959229749155
5 7 4 6 -1  1
13357716202650170107
1 1 1 0 -1  1
13357985149548901764
4 6 7 3 -1  1
13358237346892467447
6 5 5 4 -1  1
13358255400023383273
6 4 4 5 -1  1
13358260828383744172
5 5 3 6 -1  1
13358358696927212136
4 5 5 4 -1  1
13358424097584388270
3 1 2 1 -1  1
13358578192356957648
6 4 5 4 -1  1
13358663210259868892
3 4 2 2 -1  1
13358704614123020833
6 1 5 0 -1  1
13358722233060292498
2 2 0 4 -1  1
13358811807795756715
4 5 3 4 -1  1
13358854920521017130
7 3 5 3 -1  1
13358970955642422383
7 6 7 1 -1  1
13359011987294879863
6 5 6 6 -1  1
13359288031729521582
4 2 6 4 -1  1
13359293108292674597
7 6 6 6 -1  1
13359384941898037884
7 3 7 4 -1  1
13359450618098602572
0 6 0 0 -1  1
13359615474108353107
5 2 4 2 -1  1
13359631431211506611
5 3 4 2 -1  1
13359875147438833681
6 4 5 4 -1  1
13360023049155124447
2 7 5 7 -1  1
13360122271256001038
4 0 5 1 -1  1
13360188409427950775
3 4 1 4 -1  1
13360366663260040140
6 5 7 5 -1  1
13360383112258365906
6 1 4 1 -1  1
13360428655166343100
5 2 7 1 -1  1
13360550547502130885
7 3 5 3 -1  1
13360567951947507061
7 3 6 4 -1  1
13360588228153191541
7 6 6 7 -1  1
13360761376698634383
1 7 1 6 -1  1
13360831916046906192
5 0 4 1 -1  1
13360867934816806850
5 6 4 5 -1  1
13361108465103244913
6 1 0 1 -1  1
13361306688072904514
7 5 4 2 -1  1
13361495189926938614
3 1 2 1 -1  1
13361503810311670765
6 2 7 2 -1  1
13361506825307399994
6 5 5 5 -1  1
13361507534505547714
4 3 4 2 -1  1
13361523728672536882
6 4 3 1 -1  1
13361739130813655657
6 6 5 7 -1  1
13362079095079530930
4 2 1 5 -1  1
13362086510753254323
4 7 3 7 -1  1
13362491416535821437
5 5 6 7 -1  1
13362641745186147211
6 6 5 6 -1  1
13363120923055564277
7 6 5 5 -1  1
13363239580523127549
4 0 1 0 -1  1
13363384145878717319
6 2 4 2 -1  1
13363489152652248007
4 5 3 4 -1  1
13363649342625158140
4 6 4 1 -1  1
13363652409982951260
7 4 7 1 -1  1
13363701562552838243
5 1 5 2 -1  1
13363841864081659083
4 0 2 2 -1  1
13364264361397246527
7 0 7 3 -1  1
13364327850575382613
6 7 4 7 -1  1
13364389108429436439
4 3 2 1 -1  1
13364397167933407419
5 0 3 2 -1  1
13364584147071597131
7 3 4 0 -1  1
13364672082286132257
7 3 6 4 -1  1
13364831331441187257
6 2 4 2 -1  1
13364942147461964459
1 1 0 2 -1  2
13364993282867657257
2 7 1 6 -1  1
13365036158984701445
4 3 3 2 -1  1
13365101582999539944
7 4 2 4 -1  1
13365362414042436728
3 7 5 5 -1  1
13365379977729744381
6 5 5 6 -1  1
13365561712792039933
5 7 4 6 -1  1
13365617438061357474
7 5 7 4 -1  1
13365658261880998256
7 3 0 3 -1  1
13365685489744856088
6 6 5 6 -1  1
13365758382931072469
7 3 6 4 -1  1
13365814516328163469
4 4 3 4 -1  1
13365823660486777563
6 5 4 5 -1  1
13365866805131481160
7 3 7 6 -1  1
13365891366957080701
6 2 5 4 -1  1
13365935976190614176
3 5 5 3 -1  1
13366548972081040318
2 3 3 4 -1  1
13366761243434106773
4 2 4 1 -1  1
13367094023618991137
4 7 3 5 -1  1
13367244013087933766
6 2 5 4 -1  1
13367346507531542091
5 4 4 4 -1  1
13367676487439685854
5 0 4 0 -1  1
13367972671006316278
6 2 4 2 -1  1
13368148959772734416
7 7 7 4 -1  1
13368724831291412225
4 4 3 5 -1  1
13369327422259361514
3 2 1 1 -1  1
13369536917968654366
2 3 1 4 -1  1
13369627639787391863
4 2 3 3 -1  1
4 3 2 2 -1  1
13369665104841121988
5 5 4 4 -1  1
13369762438196426345
7 0 7 3 -1  1
13369856048363893303
6 6 5 7 -1  1
13369953676953319543
5 1 7 3 -1  1
13369996228362648554
6 7 5 6 -1  1
13370031635652081924
5 5 4 7 -1  1
13370103115526811144
5 5 6 7 -1  1
13370194032453194942
7 2 6 3 -1  1
13370346179028287898
6 6 5 5 -1  1
13371036052936318587
7 4 5 4 -1  1
13371057833580158324
5 3 4 4 -1  1
13371490493524992461
5 3 4 2 -1  1
13372066488037580245
6 3 3 0 -1  1
13372082203945048052
4 3 3 4 -1  1
13372225971973356607
7 2 6 3 -1  1
13372246771249936962
7 5 6 4 -1  1
13372320810491424728
3 1 2 2 -1  1
13372369908395725630
4 4 2 6 -1  1
13372442087635526864
5 1 3 2 -1  1
13372720286718065587
7 6 7 5 -1  1
13372946527401600464
2 0 2 2 -1  1
13373243632409690022
6 1 5 1 -1  1
13373272869816960922
7 1 2 1 -1  1
13373335875199287393
7 4 0 4 -1  1
13373428383284239755
7 7 7 0 -1  1
13373477678107234937
3 7 2 7 -1  1
13373680127947190790
1 0 1 2 -1  1
13373680972244133056
6 5 4 5 -1  1
13373705627308706899
3 6 2 5 -1  1
13373874431650611316
5 2 3 1 -1  1
13373909722069957282
6 0 5 0 -1  1
7 4 7 6 -1  3
13374037924746276672
2 2 2 5 -1  1
13374503306207204192
5 5 5 6 -1  1
13374504536237095561
7 5 6 4 -1  1
13374520279248760651
5 2 3 3 -1  1
13375083496807683672
1 3 1 1 -1  1
13375191017657564815
6 6 5 7 -1  1
13375201325784182761
6 6 7 5 -1  1
13375303100204519705
5 7 2 4 -1  1
13375498303185618694
6 2 5 2 -1  2
7 1 5 2 -1  1
13375613850151885412
7 4 7 6 -1  1
13375818797024212766
5 7 5 5 -1  1
13375845764178953228
5 5 4 7 -1  1
13375876739217616899
6 0 5 0 -1  1
13376022931068149559
6 1 5 1 -1  1
13376176958417688837
7 3 7 2 -1  1
13376328283517743312
7 2 6 3 -1  1
13376604665062032872
4 0 2 1 -1  1
13376819086150434941
3 4 0 7 -1  1
13377018921907677529
7 3 4 0 -1  1
13377150546625167630
6 5 5 5 -1  1
13377155036951674807
7 5 5 4 -1  1
13377156223437970678
6 7 5 7 -1  1
13377200221439174631
3 4 7 4 -1  1
13377254883606629844
3 2 2 2 -1  1
13377311031672659717
4 5 3 5 -1  1
13377781565522006553
6 0 5 0 -1  1
13377796368173469602
3 1 2 2 -1  1
13377851691387783636
6 1 5 2 -1  1
13377890319161036775
7 3 5 5 -1  1
13377966065368103248
5 5 6 4 -1  1
13378072678056121838
7 7 7 6 -1  1
13378253938898795449
7 2 3 6 -1  1
13378462872671503853
0 0 4 4 -1  1
13378497662363732355
2 5 1 3 -1  1
13378500578761613010
4 7 5 5 -1  1
13378581640379962296
2 2 3 4 -1  1
13378648263329632891
6 1 5 2 -1  1
13378658748488628007
6 5 5 6 -1  1
13378667028736121630
3 4 2 5 -1  1
13378707104525837126
5 2 6 2 -1  1
13378766775258773995
6 0 4 0 -1  1
13378799623465590724
3 3 2 3 -1  1
13378822138779367638
7 5 6 6 -1  1
13378861742562452132
7 1 6 3 -1  1
13379036287126037939
4 6 2 7 -1  1
13379057651061646125
3 4 7 4 -1  1
13379271478424400570
3 5 2 6 -1  1
13379817842166069400
0 5 5 0 -1  1
13379877359073207663
0 5 1 4 -1  1
13380051076549976157
7 6 6 6 -1  1
13380111381878253943
6 4 4 4 -1  1
13380126076726084438
7 6 7 5 -1  1
13380345020968599081
3 0 6 3 -1  1
13380422053449630073
7 5 5 3 -1  1
13380445797321943269
7 3 7 4 -1  1
13380523490339924728
1 4 1 7 -1  1
13380537596285123669
5 1 4 0 -1  1
13380626825720703000
0 2 0 1 -1  1
13380841204977687276
5 2 4 2 -1  1
13380904614568840965
7 5 5 3 -1  1
13380928678515588492
3 0 6 3 -1  1
13381262344188931018
7 1 5 2 -1  1
13381321649898006821
6 0 7 1 -1  1
13381353747235895011
7 2 5 2 -1  1
13381444774570699641
7 0 7 4 -1  1
13381517054728382709
7 0 7 3 -1  1
13381621054402185081
3 6 2 5 -1  1
13382174823209570385
5 3 4 1 -1  1
13382181067400232786
7 6 7 7 -1  1
13382250790301480874
5 7 4 7 -1  1
13382362434808873087
4 5 2 6 -1  1
13382510270024684861
6 6 6 7 -1  1
13382681071789731456
5 4 4 4 -1  1
13382967257905804105
4 4 3 6 -1  1
13383284084436858009
7 7 5 7 -1  1
13383370903480767806
3 0 0 0 -1  1
13383460039586037506
6 4 5 6 -1  1
13383582679198730773
5 5 4 3 -1  1
13383656423825792416
7 3 7 1 -1  1
13383807336893837253
4 3 3 3 -1  1
13383882001672441442
1 2 1 0 -1  1
13384407115888375559
7 6 6 7 -1  1
13384415608141668715
5 3 6 3 -1  1
13384510014410363275
6 5 4 5 -1  1
13384915272166037350
3 1 3 3 -1  1
13384973103853642342
0 4 1 5 -1  1
13385758680449706356
7 4 7 6 -1  1
13385845336989707768
5 0 4 0 -1  1
13386012494189396198
5 5 4 3 -1  1
13386363383697642402
4 0 3 0 -1  1
13386571934426860178
6 3 4 3 -1  1
13386623929627424888
7 1 7 0 -1  1
13387253223587820941
7 5 6 6 -1  1
13387259547990965882
4 5 4 4 -1  1
13387324074066781354
3 5 2 6 -1  1
13387404403877213711
5 6 4 6 -1  1
13387500856920440838
5 2 3 3 -1  2
13387551550860381456
6 5 5 4 -1  1
13387627385795288850
7 5 7 7 -1  1
13387693789435578710
1 2 0 3 -1  1
13388012197262726003
6 1 5 2 -1  1
13388079628274115096
4 4 4 0 -1  1
13388215592860481057
5 5 2 2 -1  1
13388404212257829742
7 2 6 2 -1  1
13388789316066166805
7 3 6 4 -1  2
13388802531236950450
6 4 4 2 -1  1
13388885601653421258
7 7 7 6 -1  1
13388943586023592067
7 3 6 3 -1  1
13389536447556119041
5 5 5 4 -1  1
13389546924245409499
6 3 5 4 -1  1
13389847841060592139
7 5 6 5 -1  1
13389896577381049383
4 0 3 0 -1  1
13389968226628304351
6 2 7 1 -1  1
13389970487929932343
6 1 5 1 -1  1
13390235761187674510
7 4 5 4 -1  1
13390309993572322906
6 2 5 3 -1  1
13390478053437151968
3 1 2 1 -1  1
13390488477139043237
7 3 6 2 -1  1
13390585170846699489
1 7 1 6 -1  1
13390645171780200977
4 3 3 5 -1  1
13391151719254043079
5 5 3 4 -1  1
13391464151105119494
1 2 4 2 -1  1
13392328339777277141
3 7 4 5 -1  1
13392422377273472597
4 5 4 6 -1  1
13392497964072149760
2 0 1 1 -1  1
13392726564125958406
7 3 6 2 -1  1
13392734315883475553
7 5 7 4 -1  1
13392751781591772900
5 1 6 3 -1  1
13392821392426079855
5 0 3 1 -1  1
13392857503984146396
7 1 5 2 -1  1
13393087134053484172
4 5 3 4 -1  1
13393609306800319344
6 4 6 0 -1  1
13393678624408201636
4 7 3 7 -1  1
13393748424533597602
7 0 7 4 -1  1
13393823172253189083
3 6 6 3 -1  1
13393837662974159751
7 0 7 1 -1  1
13394246707505802157
7 5 6 6 -1  1
13394283927396525190
6 4 2 4 -1  1
13394430726192033230
1 4 2 2 -1  1
13394439222475497531
7 5 6 6 -1  1
13394481203284308256
6 4 4 3 -1  1
13394521378971793144
7 3 2 3 -1  1
13394647513857693599
4 3 5 5 -1  1
13394863028956642036
5 4 4 5 -1  1
13394924317131157234
5 5 3 7 -1  1
13394933434667286482
6 3 2 3 -1  1
13395527295368554389
6 4 7 3 -1  1
13395834205946399244
6 2 5 3 -1  1
13395970902233426315
4 2 3 2 -1  1
13396075058724975491
4 4 7 4 -1  1
13396143858756079170
7 5 7 4 -1  1
13396224601356042276
3 6 2 7 -1  1
13396237452459666699
6 1 4 1 -1  5
13396284792473151507
5 2 4 2 -1  1
13396288050754348932
0 4 2 4 -1  1
13396334189193020025
6 7 4 7 -1  1
13396464625889389969
1 4 2 3 -1  1
13396473629571121175
7 5 4 2 -1  1
13397573164300725855
7 4 0 4 -1  1
13397579685083649105
3 4 1 2 -1  1
13397743915889612677
5 1 4 1 -1  1
13397979301076608859
7 5 7 6 -1  1
13398189082829494589
5 3 4 4 -1  1
13398552004278771198
2 2 4 0 -1  1
13398574564958409926
5 3 4 3 -1  1
13398641907444015651
1 7 3 6 -1  1
13398729193620825479
4 6 3 6 -1  1
13398933466452468930
4 2 4 5 -1  1
13398960657820503776
5 3 5 7 -1  1
13399084401696103635
7 2 4 2 -1  1
13399127477619417585
6 3 5 3 -1  1
13399250682280671664
5 2 3 1 -1  1
13399298946647037318
6 0 5 0 -1  1
13399443779340362342
7 7 7 5 -1  1
13399757021158259110
4 2 6 3 -1  1
13400071011827207786
4 4 3 4 -1  1
13400413101715256263
4 3 6 1 -1  1
13400505636787851229
4 5 2 4 -1  1
13400514150546494028
7 6 7 5 -1  1
13400531073175043468
6 6 5 6 -1  1
13401146856563279349
5 5 6 7 -1  1
13401266178763753569
6 6 5 7 -1  1
13401722371073830636
6 1 5 0 -1  1
13401726825725536336
3 7 2 6 -1  1
13401801157221721524
4 1 5 0 -1  1
13402098107573767288
2 1 4 0 -1  1
13402151425969419353
5 0 4 1 -1  1
13402221612983356209
4 7 5 6 -1  1
13402343174320248367
5 4 5 2 -1  1
13402353774065313594
4 1 3 1 -1  1
13402415731091316435
6 6 5 7 -1  1
13402470840666941080
5 5 4 5 -1  1
13402533429452795810
7 6 7 7 -1  1
13402698944582310084
6 1 5 2 -1  1
13402815204827482589
5 0 4 0 -1  1
13403049183632901197
4 2 5 4 -1  1
13403251013999911789
5 2 4 2 -1  1
13403311082832644522
2 2 4 1 -1  1
13403368038628345248
4 1 3 1 -1  1
13403413280391996696
5 3 6 4 -1  1
13403470399362973488
6 7 5 7 -1  1
13403672216905950353
3 3 2 2 -1  1
13404123488549607765
4 7 5 5 -1  1
13404421466029358735
6 2 5 2 -1  1
13404511407257209925
7 2 7 3 -1  1
13404597831898986713
6 4 4 2 -1  1
13404833068761266413
7 5 6 4 -1  1
13404877612699728216
6 3 5 1 -1  1
13404996109458994649
6 1 4 1 -1  1
13404997367624989353
6 4 5 5 -1  1
13405356294841466219
7 0 7 4 -1  1
13405501142479897893
5 5 3 4 -1  3
13405606320949827196
5 6 4 6 -1  1
13405738101148723416
7 3 2 3 -1  1
13405760620868493065
6 7 5 7 -1  1
13405829637073082118
5 4 2 1 -1  1
13405841882931304567
7 3 6 4 -1  1
13406077071825264322
7 4 7 5 -1  1
13406145787663976017
7 2 5 4 -1  1
13406311513741075742
6 4 5 5 -1  1
13406500476065884237
3 6 4 5 -1  1
13406996474925830183
6 4 6 3 -1  1
13407032770236594591
7 6 6 5 -1  1
13407055716855801370
6 4 6 5 -1  1
13407465261920080074
2 5 1 6 -1  1
13407465644624751578
6 3 4 2 -1  1
13407523516435964472
4 3 0 3 -1  1
13407638936475044716
6 5 5 4 -1  1
13407660661805830588
7 1 6 3 -1  1
13407760952083954159
3 0 2 0 -1  1
13407768322454271283
5 5 7 4 -1  1
13407896159909638740
5 5 4 3 -1  1
13408071625008307698
7 4 6 4 -1  1
13408120959082647938
6 6 6 7 -1  1
13408123201605762901
7 3 0 3 -1  1
13408155014029207581
7 5 6 4 -1  2
13408255032524444197
6 0 6 2 -1  1
13408259044591695162
5 4 2 7 -1  1
13408265607286128969
7 4 7 0 -1  1
13408281906924284812
6 6 5 6 -1  1
13408789993388177968
3 4 5 2 -1  1
13409061811230950976
4 7 5 6 -1  1
13409317569496094189
5 5 5 3 -1  1
13409820320570368452
0 2 0 4 -1  1
13409821843973493971
6 3 4 2 -1  1
13409884703812473704
7 6 6 7 -1  1
13410078143322256487
6 5 5 5 -1  1
13410129080363132028
7 1 5 2 -1  1
13410396121433289594
7 6 6 6 -1  1
13410494601465862702
6 2 5 3 -1  1
13410605493748566324
5 6 1 6 -1  1
13410718512741632174
1 2 0 2 -1  2
13410861516737222192
7 0 7 3 -1  1
13411014242621800980
7 5 7 6 -1  1
13411235984737187391
7 3 6 4 -1  1
13411368418340477231
1 4 0 6 -1  1
13411457599792017701
6 2 5 1 -1  1
13411584565274609610
7 1 5 2 -1  1
13411684981521204876
6 5 5 5 -1  1
13411710864393322553
5 2 4 2 -1  1
13411833231954456730
6 5 4 5 -1  1
13411841982707517883
6 6 4 4 -1  1
13412518512991893973
6 3 5 1 -1  1
13412567103240630918
7 3 3 7 -1  7
13412699328641282989
7 3 5 5 -1  1
13412745662476004900
1 7 1 6 -1  1
13412810141214431899
6 2 5 3 -1  1
13413607916026085648
5 5 4 3 -1  1
13413641496982024074
6 1 5 0 -1  1
13413756803762207154
6 4 6 3 -1  1
13413798200180640721
7 3 0 3 -1  1
13413954018814533320
5 4 6 5 -1  1
13413978117284002194
6 4 6 3 -1  1
13414063245768818015
2 0 1 1 -1  1
13414375230984233779
7 2 6 1 -1  1
13414580383694989890
7 6 6 5 -1  1
13414587501619466380
7 2 5 4 -1  1
13414627125251718062
5 3 4 5 -1  1
13414650263244120691
4 5 5 3 -1  1
13414722171203222653
4 0 4 1 -1  1
13414815724998285455
5 3 4 3 -1  1
13414877359578677233
7 5 6 6 -1  1
13414882256179994666
4 5 2 3 -1  1
13414899359946543842
4 0 3 0 -1  1
13415217400479679031
7 2 4 5 -1  1
13415295597579704910
4 7 5 5 -1  1
13415307093847412750
3 4 3 2 -1  1
13415545730600740359
3 5 5 3 -1  1
13415595627164043696
3 3 3 4 -1  1
13415687912701211615
7 3 5 3 -1  1
13415882119694483606
3 7 3 5 -1  1
13416163818438661578
7 7 6 7 -1  1
13416364046032484030
5 6 3 5 -1  1
13416788526971885654
5 7 6 5 -1  1
13416948113033202694
5 2 4 2 -1  1
13417389268453502321
6 7 5 7 -1  1
13417778498342411849
0 0 2 0 -1  1
13418054332043158599
7 4 7 3 -1  1
13418436584740303280
7 5 1 5 -1  1
13418550967355927099
5 5 4 5 -1  1
13418652541583433225
4 2 3 3 -1  1
13418763446747824194
7 5 6 6 -1  1
13418919101730489064
6 6 5 6 -1  1
13419249459987236976
3 3 7 3 -1  1
13419374419090054585
7 5 7 6 -1  1
13419735893536964531
7 4 7 6 -1  1
13419863984318973211
7 6 7 5 -1  1
13419933154069124751
7 3 6 3 -1  1
13420042554313047476
5 5 4 6 -1  1
13420144887873754229
7 2 6 3 -1  1
13420347166484936502
7 5 5 7 -1  1
13420367158167344213
3 3 4 2 -1  1
13420435930239185353
5 2 4 3 -1  1
13420489732022630613
4 3 3 3 -1  1
13420573170976805247
6 3 5 2 -1  1
13420597593297786389
2 3 4 5 -1  1
13420766005213247701
4 1 3 1 -1  1
13420871547216711010
4 2 5 4 -1  1
13420897768897027409
7 7 7 0 -1  1
13420913297517708471
5 5 5 4 -1  1
13420962645030645018
7 1 6 3 -1  4
7 4 7 6 -1  4
13421229194581370677
7 6 6 7 -1  1
13421273026162579546
5 3 4 2 -1  1
13421435108031789875
6 3 7 5 -1  1
13421449250940281680
7 2 6 1 -1  1
13421683637197118645
6 4 4 5 -1  1
13421760715986557819
4 4 3 4 -1  1
13422080269159950914
6 3 4 2 -1  1
7 5 6 4 -1  1
13422084507617147100
2 2 3 4 -1  1
13422299278430932859
7 2 5 2 -1  1
13422312856066917814
4 0 2 1 -1  1
13422368612574575891
6 3 5 4 -1  1
13422368758758093541
3 0 2 1 -1  1
13422386005315167514
4 0 5 1 -1  1
13422393486302978611
3 6 2 5 -1  2
13422585567331491677
6 4 7 5 -1  1
13422970179381478297
6 4 6 3 -1  1
13423044041860453140
3 6 2 6 -1  1
13423164897342337514
2 4 6 0 -1  1
13423250688391566522
4 3 3 3 -1  1
13423586631726005883
6 2 3 5 -1  1
13423681344508267760
7 2 5 4 -1  1
13423682169134244183
4 4 6 5 -1  1
13423926920937291120
6 6 5 6 -1  1
13424326108657929096
6 5 4 5 -1  1
13424413151366526126
7 2 7 1 -1  1
7 5 7 4 -1  1
13424935540342509887
6 4 4 4 -1  1
13425025182738127591
4 2 5 4 -1  1
13425042434863886922
6 0 5 1 -1  1
13425246239827005790
5 6 7 5 -1  1
13425289159160523622
0 5 2 3 -1  1
13425501011574803861
5 5 3 4 -1  1
13425519390280313604
5 3 4 3 -1  1
13425577193558154534
6 4 5 5 -1  1
13425736409619881458
6 6 7 5 -1  1
13425885494221820491
5 0 4 1 -1  1
13425888808315583336
1 2 0 2 -1  1
13426150854596248069
7 4 7 3 -1  1
13426287456316320989
6 1 5 1 -1  1
13426573128359720170
6 1 4 1 -1  1
13426592957230102650
6 3 4 4 -1  1
13426816908444311314
6 4 5 2 -1  1
13426909881589928491
5 5 4 4 -1  1
13426976023663229902
6 5 6 1 -1  1
13427011078142257532
4 3 5 1 -1  1
13427042051443342176
6 1 4 1 -1  1
13427151741980389295
5 2 4 0 -1  1
13427231750938746983
2 0 1 0 -1  1
13427316816619036781
6 3 5 4 -1  1
13427393573915808441
6 5 5 6 -1  1
13427431919701291375
6 6 7 5 -1  1
13427631800009681472
5 5 4 3 -1  1
13427754739100886016
4 2 3 3 -1  1
13427763289840435293
7 5 7 1 -1  1
13428017778291689138
3 1 3 2 -1  1
13428021796301237898
6 1 4 1 -1  1
13428245805335363239
3 1 2 0 -1  1
13428714486940750798
3 5 2 4 -1  1
13428763816221458883
5 5 3 6 -1  1
13428926378632096482
1 0 1 1 -1  1
13429019806363821215
7 5 7 2 -1  1
13429418746140305755
7 2 3 6 -1  1
13429576475674391069
3 5 2 5 -1  1
13429690717358278156
6 5 5 5 -1  1
13429862948242075685
1 7 2 6 -1  1
13430089533159821872
2 6 1 6 -1  1
13430138662638909311
3 6 1 4 -1  1
13430142462541978680
6 3 5 5 -1  1
13430178387740601723
2 7 5 4 -1  1
13430194205728644603
5 6 6 6 -1  1
5 6 6 7 -1  1
13430505123308120151
6 5 6 7 -1  1
13430581355369635727
7 2 7 1 -1  1
13430617325545326329
7 3 4 0 -1  1
13430631313365278665
4 4 6 3 -1  1
13430770433994355207
7 6 6 7 -1  1
13431151609248983832
4 4 3 3 -1  1
13431283459919900797
7 3 5 5 -1  1
13431305797043698661
4 5 1 2 -1  1
13431468500719076792
7 2 6 3 -1  1
13431514480544499979
7 5 6 5 -1  1
13431568340716400257
6 1 5 1 -1  1
13431583008123022192
7 3 4 6 -1  1
13431601374851054766
2 0 2 2 -1  1
13431693228037832500
5 5 4 7 -1  1
13431739462735706668
7 6 7 7 -1  1
13432273824063290946
7 3 6 3 -1  1
13432442353602922862
5 5 6 3 -1  1
13432587207671887173
7 0 0 0 -1  1
13432590854400286597
5 3 4 3 -1  1
13432599595347750127
5 4 4 3 -1  1
13432646020050837215
7 6 5 7 -1  1
13432769617235418189
7 0 7 2 -1  1
13432816033464624471
6 3 4 3 -1  1
13433004634776419538
4 7 6 6 -1  1
13433099840182218842
5 0 4 2 -1  1
13433215888054330417
5 2 4 4 -1  1
13433421134384921538
6 2 7 2 -1  1
13433587555159710706
4 3 3 4 -1  1
13433722244732411176
7 2 7 5 -1  1
13434048721340159807
1 0 0 0 -1  1
13434132474723505007
2 3 3 4 -1  1
13434179506727823723
6 4 5 3 -1  1
13434205365773170639
7 2 6 2 -1  1
13434233162578200593
5 5 6 3 -1  1
13434236266319454295
5 6 4 5 -1  1
13434367130305063692
5 5 6 6 -1  1
13434412346040948105
7 0 7 1 -1  1
13434435976172953782
6 6 5 6 -1  1
13434513979501174755
6 5 4 5 -1  1
13434562676032763896
7 3 6 2 -1  1
13434942968585932456
7 6 7 7 -1  1
13434977144575874411
7 4 7 3 -1  1
13435127121420290879
5 3 6 2 -1  1
13435216993685997951
4 1 3 1 -1  1
13435298130734704729
6 7 5 6 -1  1
13435368237602915672
7 2 2 2 -1  1
13435481344790225361
1 0 0 0 -1  1
13436071719422805710
4 0 7 3 -1  1
13436082772749677734
6 4 5 3 -1  1
13436089399322868688
4 4 3 4 -1  1
13436164911786518150
4 0 7 3 -1  1
13436246120718553124
6 3 5 3 -1  1
13436345940927791578
6 3 4 3 -1  1
13436577356926844544
5 5 3 4 -1  1
13436611561818507163
2 4 3 6 -1  1
13436627088406941752
7 5 6 4 -1  1
13436896901470822692
7 4 7 0 -1  1
13437049255633517679
6 1 5 1 -1  1
13437515110952342756
5 4 4 4 -1  1
13437854176036951195
3 3 4 4 -1  1
13437891920754426808
4 5 3 5 -1  1
13438135748771776191
6 1 7 0 -1  1
13438239420284627596
7 4 7 5 -1  1
13438467006945838984
7 4 5 4 -1  1
13438553223754701542
6 5 6 4 -1  1
13438636459044213279
5 0 6 2 -1  1
5 2 4 2 -1  1
13438719607936612118
6 3 5 4 -1  1
13438723168777259244
5 2 4 2 -1  1
13438912063752313149
6 4 5 4 -1  1
13438928050706334983
4 0 3 1 -1  1
13439017887703142166
4 4 2 3 -1  1
13439441899024974058
3 1 2 2 -1  1
13439600154615762735
5 3 4 3 -1  1
13439619756004126096
6 7 5 7 -1  1
13439705861766553868
4 1 3 1 -1  1
13439796656293946555
6 4 5 4 -1  1
13439820580253610380
7 2 6 3 -1  1
13440049482872790741
5 5 5 7 -1  1
13440084981545379675
6 4 7 5 -1  1
13440124895587509161
6 4 5 3 -1  1
13440200114931828818
4 0 4 2 -1  1
13440389781134451632
6 2 6 4 -1  1
13440751603309166944
3 1 1 3 -1  1
13441019204864136720
2 4 4 5 -1  1
13441289843823137286
5 4 4 5 -1  1
13441368372948593448
4 5 3 7 -1  1
13441441870370292802
6 6 2 2 -1  1
13441564991467971851
3 4 2 2 -1  1
13441622842337199215
7 2 6 3 -1  1
13441646362921478883
5 7 4 6 -1  1
13441808538074737816
4 4 3 3 -1  1
13441998570763875011
7 2 6 2 -1  1
13442256222019501956
1 1 1 4 -1  1
13442295768374568184
3 1 2 0 -1  1
13442643476004335841
4 3 6 5 -1  1
13442791727407865713
3 2 5 1 -1  1
13442890266185778472
6 0 5 1 -1  1
13443146236457434286
7 4 7 2 -1  1
13443244502671252377
6 7 5 7 -1  1
13443382979088366631
7 4 7 6 -1  1
13443530060979195314
5 6 4 5 -1  1
13443555867647295457
7 5 7 4 -1  1
13443707243615770309
7 5 4 2 -1  3
13443712453457479777
7 2 6 3 -1  1
13443956573561218202
4 3 3 3 -1  1
13443994122454707756
4 1 5 3 -1  1
13444014148534858705
7 6 6 7 -1  1
13444164345075088560
7 6 7 5 -1  1
13444411264788355707
3 7 2 7 -1  1
13444664365170576709
6 1 5 2 -1  1
13445008897342878102
5 0 4 1 -1  1
13445017149003440161
6 6 5 7 -1  1
13445198400887161914
1 4 1 5 -1  1
13445611627725704979
6 6 7 6 -1  1
13445658766029100756
6 6 4 6 -1  1
13445706796322322397
5 2 2 5 -1  1
13445895698027411510
7 6 6 6 -1  1
13445963963407898264
7 7 7 0 -1  1
13446191358616038202
5 5 3 4 -1  1
13446200691038683839
7 2 5 2 -1  1
13446385451520886468
7 0 7 1 -1  1
13446580357775312220
2 5 3 6 -1  1
13446660660394660874
4 1 3 1 -1  1
13446684731166461424
6 1 5 0 -1  1
13446723877839370497
5 6 4 6 -1  1
13446851837779496825
3 4 1 6 -1  1
13447020136628864721
7 2 4 5 -1  1
13447293590711553082
6 3 4 2 -1  1
13447463618320198721
3 2 2 1 -1  1
7 4 7 6 -1  1
13448152819115391580
7 7 7 2 -1  1
13448201464212492053
3 0 2 1 -1  1
13448250269175430498
7 1 5 2 -1  1
13448254446383313095
6 2 6 4 -1  1
13448263317547184629
2 2 0 2 -1  1
13448512381402198335
5 6 4 6 -1  1
13448609306003382240
3 7 6 4 -1  1
13448717809205740268
5 5 5 6 -1  1
13448926341631741728
7 1 6 3 -1  1
13448976569465188854
2 3 4 5 -1  1
13449003644517234325
2 2 1 3 -1  1
13449058147048374329
5 5 6 3 -1  1
13449297014345255612
7 4 5 4 -1  1
13449495321177358331
7 6 7 5 -1  1
13449517620670320257
4 4 3 2 -1  1
13449569852727000180
4 2 3 3 -1  1
7 1 5 2 -1  3
13449582436115557115
7 5 3 1 -1  1
13449886770361816850
7 3 6 2 -1  1
13449975284708316370
7 7 7 6 -1  1
13450052144060146795
3 4 5 3 -1  1
13450074175577665827
7 0 1 0 -1  1
13450110088243205709
5 6 4 6 -1  1
13450423522020077899
5 0 4 2 -1  1
13450741963402661137
6 3 5 1 -1  1
13450883741043271039
7 1 5 2 -1  1
13451016907852107694
6 7 5 6 -1  1
13451159692975068281
5 1 6 2 -1  1
13451164143888664225
6 2 4 2 -1  1
13451234367424610659
5 5 4 4 -1  1
13451363061400199788
6 3 7 1 -1  1
13451582372923715769
4 1 3 0 -1  1
13451616939010293633
6 2 7 3 -1  1
13451640810084593056
6 2 4 0 -1  1
13452050137257963178
3 6 4 5 -1  1
13452141904065068046
2 3 2 1 -1  1
13452633700775044093
6 5 4 5 -1  1
13452760600425221562
7 0 6 0 -1  1
13452819770102914623
5 2 4 0 -1  1
13452995151998714660
6 4 5 5 -1  1
13453179399876218479
3 3 3 0 -1  1
13453241560170680435
6 7 5 7 -1  1
13453279520106828647
7 3 7 4 -1  1
13453332423593868684
6 0 5 0 -1  2
13453427573843436366
6 0 5 0 -1  1
13453990867927009055
4 3 5 1 -1  1
13454043107868914314
6 4 5 4 -1  1
13454067379121988509
3 5 2 7 -1  1
13454317436984717758
3 2 1 2 -1  1
13454356123237622300
5 5 4 4 -1  1
13454519815058377355
4 5 3 5 -1  1
13455025881735154806
0 3 5 3 -1  1
13455048412312419580
5 1 6 3 -1  1
13455373537236739461
5 5 6 4 -1  1
13455408614092128302
5 3 6 4 -1  1
13455477805683517620
4 4 3 5 -1  1
13455521670520417100
6 1 7 2 -1  1
13455552473837008566
5 0 4 0 -1  2
7 0 7 1 -1  1
7 4 7 6 -1  4
13455649004991072794
6 6 4 6 -1  1
13456140995743077095
7 1 5 1 -1  1
13456374997073730781
7 0 2 0 -1  1
13456516973954876698
7 5 6 6 -1  1
13456764665332693023
3 1 4 0 -1  1
13456919409042593206
7 0 5 0 -1  1
13456970395941454631
5 1 4 3 -1  1
13457709787305789764
6 4 4 2 -1  1
13458059569030546507
7 0 7 3 -1  1
13458081921293549573
4 7 7 4 -1  1
13458247714729764858
2 7 3 7 -1  1
13458461687567926268
2 5 1 6 -1  1
13458484913881258719
7 4 6 5 -1  1
13458733484018645971
6 6 5 6 -1  1
13459087525006766397
1 0 3 0 -1  1
13459326032650779451
5 4 2 7 -1  1
13459423461715620150
1 2 5 2 -1  1
13459558227048267929
3 2 2 2 -1  1
13459688284210065072
5 5 4 5 -1  1
13459722332802562216
5 4 4 4 -1  1
13460143917334924587
6 5 6 6 -1  1
13460291846306024479
7 3 6 3 -1  1
13460853684296245172
5 5 7 7 -1  1
13461283691963076549
5 1 7 1 -1  1
13461286249681343535
6 6 5 6 -1  1
13461715348109577969
6 5 7 6 -1  1
13461885930826722384
4 2 3 4 -1  1
13461887616336872537
7 5 7 4 -1  1
13461943379239723775
5 2 4 1 -1  1
13462273716111158397
6 3 4 2 -1  1
13462404329061403072
7 3 0 3 -1  1
13462406335149107767
4 5 3 5 -1  1
13462653178180949183
4 1 3 0 -1  1
13462919341121492504
1 2 1 5 -1  1
13462942834501874160
5 3 4 4 -1  1
13462989876850951149
6 7 5 6 -1  1
13463189512661002246
6 7 5 7 -1  1
7 4 7 2 -1  1
13463266075028766521
4 5 5 6 -1  1
13463675158180604601
7 5 5 3 -1  1
13463719972392558938
6 4 0 4 -1  1
13463828284848663661
6 6 5 6 -1  1
13464000427029505284
7 5 6 4 -1  1
13464058278533388935
1 2 3 3 -1  1
13464089706346282364
5 1 6 2 -1  1
13464347670845332642
7 7 5 7 -1  1
13464358658610837987
6 2 5 1 -1  1
13464579148325564122
6 2 4 0 -1  1
13464640484408341200
5 0 4 0 -1  1
13464909159277078863
7 3 2 3 -1  1
13465272779162722258
7 3 7 6 -1  1
13465316998667689816
6 5 4 5 -1  1
13465322252255874349
6 4 5 2 -1  1
13465458144050170448
4 4 4 1 -1  1
13465464817021988080
7 4 7 6 -1  1
13465697148579878399
7 3 4 0 -1  1
13465717649065233403
3 6 5 7 -1  1
13465831935797210103
3 6 2 4 -1  1
13465871021738993137
3 7 2 7 -1  1
13466022819005843013
4 1 3 0 -1  1
13466395185388999002
6 7 5 7 -1  16
13466428603516497862
0 3 4 7 -1  1
13466497922917539608
5 4 4 5 -1  1
13466952931914562927
7 5 7 4 -1  1
13467028767623592146
7 3 4 0 -1  1
13467106678229087526
7 0 7 3 -1  1
13467449113858963671
5 0 0 5 -1  1
13467646237375280210
7 5 3 1 -1  1
13468094896103935615
6 1 5 2 -1  1
13468211752392342705
3 0 6 3 -1  1
13468351839467568655
5 3 6 2 -1  1
13468541477578821666
6 6 5 6 -1  1
13468684637853557196
4 3 3 3 -1  1
13468930754058992720
5 2 3 3 -1  1
13468950164252308938
5 3 4 4 -1  1
13469119640696741520
7 3 6 2 -1  1
13469135410263110548
6 5 5 4 -1  1
13469160270087424836
7 3 4 0 -1  1
13469274820883777502
7 6 6 5 -1  1
13469330776168386963
1 1 1 4 -1  1
13469800787198285403
7 1 7 0 -1  1
13469912787593091165
3 4 4 2 -1  1
13470039420323056662
5 4 4 3 -1  1
13470053679565159723
5 0 4 1 -1  1
13470093538280126765
4 6 2 4 -1  1
13470262642973457017
7 5 6 5 -1  1
13470279621003465275
6 4 4 2 -1  1
13470349663587029375
7 5 6 4 -1  1
13470532451662535405
4 6 2 5 -1  1
13470638940625157166
6 5 4 5 -1  1
13470705905356326904
5 2 6 4 -1  1
13470856050581152485
5 3 4 2 -1  1
13471137825164582700
6 4 6 5 -1  1
13471175861177440924
6 2 5 2 -1  1
13471346503785284667
7 1 7 3 -1  1
13471351162768058271
6 1 5 2 -1  1
13471435035170429786
6 1 4 1 -1  1
13471493098109641701
6 6 7 5 -1  1
13471934241060355833
6 4 5 4 -1  28
7 1 6 3 -1  3
13472470114964950442
5 1 4 3 -1  1
13472492376577333478
6 5 4 5 -1  1
13472548503524617779
7 4 7 1 -1  1
13472744671348194857
7 2 6 3 -1  1
13472764965604802879
7 2 7 3 -1  1
13472942485737460460
7 4 7 2 -1  1
13473098252536120455
6 4 6 5 -1  1
13473265618736892238
7 2 5 4 -1  1
13473314617753593926
4 3 2 5 -1  1
13473382527014361285
5 4 4 5 -1  1
13473601700604728709
7 6 7 3 -1  1
13473640412062843852
5 3 2 6 -1  1
13473717511392118730
6 2 7 1 -1  1
13473846783409026634
4 7 3 7 -1  1
13473873501556124053
7 5 7 4 -1  1
13473878406520556233
6 6 5 6 -1  1
13473944002204473610
5 5 4 3 -1  1
13474260292161494704
6 3 4 3 -1  1
13474344267958780448
6 1 5 2 -1  1
13474406843238160887
5 3 3 3 -1  1
13474563626877489777
5 3 6 2 -1  1
13474871897603630659
6 2 4 2 -1  1
13474963786762480853
3 0 2 0 -1  1
13475310667012271566
6 4 6 5 -1  1
13475323296803332802
5 5 3 4 -1  1
13475366747469121528
5 1 7 2 -1  1
13475532972303738590
3 4 4 4 -1  1
13475813304157215262
6 3 5 2 -1  1
13475822342067147570
5 2 4 2 -1  1
13475862561955268364
5 5 4 7 -1  1
13475990949235693395
6 3 5 5 -1  1
13476169540540523150
6 4 4 4 -1  1
13476398217158669819
5 2 4 0 -1  1
13476527923456820017
6 2 6 5 -1  1
13477194977209201775
7 0 7 6 -1  1
13477217315263740623
0 5 2 5 -1  1
13477329029223162182
7 3 5 3 -1  1
13477425652312767224
6 5 4 5 -1  1
13477473584531690871
7 2 7 6 -1  1
13477651229646649771
7 6 6 6 -1  1
13477759898491228173
7 2 5 4 -1  1
13477833662656853974
5 0 4 1 -1  1
13477856577045533666
5 2 4 2 -1  1
13478198599918818757
7 6 5 5 -1  1
13478284128458915396
2 1 3 2 -1  1
13478459057119639032
6 4 5 4 -1  1
13478506981049247496
6 2 5 1 -1  1
13478593854469073928
6 6 4 6 -1  1
13478676116616441717
3 2 1 3 -1  1
13478849405373391804
3 4 5 3 -1  1
13478875572266696908
6 4 7 3 -1  1
13479055091994512980
3 1 4 3 -1  1
13479186351864033881
0 1 0 7 -1  1
13479214325932215387
4 4 3 5 -1  1
13479233210336684793
6 1 4 1 -1  1
13479265178329694975
5 1 4 3 -1  1
13479281104042706110
4 0 5 2 -1  1
13479284444483940911
6 3 4 4 -1  1
13479449451926056787
3 3 4 5 -1  1
13479546977320499949
4 1 3 1 -1  1
13479654631584171870
7 3 7 0 -1  1
13479785292389987751
7 1 6 3 -1  1
13479801412763632280
3 0 5 2 -1  1
13479988202497844022
4 3 3 2 -1  4
13480035042714128678
6 7 5 7 -1  1
13480147289207337910
5 4 6 3 -1  1
13480525406054902126
3 1 2 2 -1  1
13480566267570073863
3 2 0 5 -1  1
13480748941176752303
0 1 0 5 -1  1
13480771081328569043
5 3 6 4 -1  1
13481110900932825612
6 3 4 3 -1  1
13481203916040332806
5 1 4 3 -1  1
13481211466317058050
6 6 4 6 -1  1
13481241694564700639
4 5 4 4 -1  1
13481305551604788922
6 1 7 2 -1  1
13481381261936150679
3 6 1 4 -1  1
13481441734406495217
6 6 4 6 -1  1
13481620860688766926
3 1 2 2 -1  1
13481662766066639590
6 0 7 0 -1  1
13482136237534160421
3 5 4 5 -1  1
13482144804036527001
5 2 3 3 -1  2
13482166187275092844
5 5 4 4 -1  1
13482247429480051149
6 5 5 4 -1  1
13482430177930369650
7 6 6 6 -1  1
13482517142597579617
4 1 3 1 -1  1
13482898088096311172
6 6 5 5 -1  1
13482898740806003504
3 0 7 4 -1  1
13483069938259197202
7 0 7 1 -1  1
13483184488279222932
1 0 7 0 -1  1
13483189957126901316
1 2 2 4 -1  1
13483368494521772430
6 6 5 6 -1  1
13483593270798544050
6 3 4 3 -1  1
13483610535015918577
7 2 6 3 -1  1
13483626900619719371
4 0 4 1 -1  1
13483854510098241727
6 6 5 6 -1  1
13483859970713711251
7 7 1 1 -1  1
13483930085110113594
4 2 3 2 -1  1
13484000057144404319
6 5 5 5 -1  1
13484001617874794151
6 5 4 5 -1  1
13484132552890185615
3 1 4 2 -1  1
13484342109580769456
5 2 4 3 -1  1
13484439779858600046
7 6 6 6 -1  1
13484452989861251366
7 5 7 3 -1  1
13484516425100231680
4 3 4 1 -1  1
13484607490643737831
4 7 5 6 -1  1
13484617951424676586
6 3 5 4 -1  1
13484658786996947581
6 0 5 0 -1  1
13484685703937519947
7 5 7 2 -1  1
13485163405540737411
4 5 5 6 -1  1
13485195185880415487
4 2 3 2 -1  1
13485220479187758684
5 3 4 3 -1  1
13485304261885856018
5 0 4 0 -1  1
13485337741224355122
6 4 5 5 -1  1
13485657518342798604
6 3 5 4 -1  1
13485723895961176276
3 5 1 6 -1  1
13485974018589573335
7 5 6 4 -1  1
13486026736094635111
6 1 5 2 -1  1
13486149753343382982
3 0 2 1 -1  1
13486221883492106868
5 6 7 6 -1  1
13486364126603832495
3 6 2 4 -1  2
13486377301323175713
5 3 4 2 -1  1
13486393846080456960
5 2 6 4 -1  1
