14031088652335334579
3 4 5 3 -1  1
14031250268055692797
6 1 6 0 -1  1
14031416555208410038
2 2 4 2 -1  1
14031757823554788291
6 3 4 4 -1  1
14031764253628757621
4 6 5 5 -1  1
14031838196832700585
6 4 5 4 -1  1
14032170767212881001
6 5 2 5 -1  1
14032227838879057917
7 4 5 4 -1  1
14032430331840731244
7 7 7 6 -1  1
14032527742981596547
6 6 2 2 -1  1
14032555981807824206
5 2 7 3 -1  1
14032558532841148761
6 2 7 3 -1  1
14032574418184165647
7 6 7 5 -1  1
14032872829210159795
7 0 1 0 -1  1
14032906000646236043
5 1 4 1 -1  1
14033028592432494887
7 0 7 2 -1  1
14033045663149557938
2 0 3 0 -1  1
14033103056427829905
6 4 5 4 -1  1
14033110645117197820
5 4 3 5 -1  1
14033173967398857730
4 4 2 5 -1  1
14033209103715147352
3 1 2 2 -1  1
14033789076268318463
5 3 4 1 -1  1
14033812517091465832
2 5 1 5 -1  1
14034390332041735563
6 4 5 2 -1  1
14034581115385258080
6 4 5 4 -1  1
14034725930391331769
7 5 5 7 -1  1
14034833214046250340
3 3 4 5 -1  1
14034909450853830906
4 0 3 0 -1  1
7 3 6 2 -1  1
14035242914277492961
1 2 3 2 -1  1
14035303052926160289
7 5 6 4 -1  1
14035391046181074940
7 3 7 5 -1  1
14035428033105654694
6 7 5 7 -1  1
14035799428097016729
4 4 5 2 -1  1
14036374324391872277
6 4 5 4 -1  1
14036575903851325739
5 3 4 3 -1  1
14036584054905705738
4 2 3 4 -1  1
14036658752564648399
3 6 3 7 -1  1
14036900424890318908
5 0 4 2 -1  1
14037045399643546078
5 5 6 3 -1  1
5 5 7 4 -1  1
14037051272130005252
7 1 6 3 -1  2
14037130169972526724
7 6 6 6 -1  1
14037193254279629164
4 3 3 5 -1  1
14037201949538094966
6 4 5 3 -1  1
14037284899302706057
7 4 6 4 -1  1
14037490545953106267
0 3 0 5 -1  1
14037621455072218455
4 7 3 7 -1  1
14037641122968546305
7 1 5 1 -1  1
14037858368321029221
3 4 4 3 -1  1
14037939718051463952
7 0 7 1 -1  1
14037967119082667418
5 1 5 3 -1  1
14037978206583590177
6 2 4 2 -1  1
14037997134224961226
2 5 2 7 -1  1
14038019794731007270
5 2 7 3 -1  1
14038247684987671222
7 6 6 7 -1  1
14038398663153577448
7 2 6 1 -1  1
14038451580072174343
4 3 3 4 -1  1
14038489992012803136
3 7 2 7 -1  1
14038620175549575929
6 6 7 5 -1  1
14038746628470046926
5 1 3 0 -1  1
14038919941089366501
7 5 7 0 -1  1
14039007184313154521
7 0 7 1 -1  1
14039123556762151613
4 3 2 2 -1  1
14039137625778928144
7 1 1 1 -1  1
14039168589075596512
4 0 3 0 -1  1
14039476660147536215
5 7 4 7 -1  1
14039483193083406423
4 1 4 0 -1  1
14039592345224341481
4 0 5 2 -1  1
14039637968374250707
5 4 3 2 -1  1
14039774475344153341
6 5 5 6 -1  1
14040131954456916054
6 6 5 5 -1  1
14040301889159797277
3 2 2 2 -1  1
14040506528512568842
7 6 6 4 -1  1
14040554209935815268
5 5 5 6 -1  1
14040765376223609810
6 6 5 5 -1  1
14040766704172841594
6 2 7 2 -1  1
14040968057772097647
6 3 5 1 -1  1
14041188656415428317
5 1 4 1 -1  1
14041674719455429438
1 0 2 0 -1  1
14042135742320908896
6 4 5 4 -1  1
14042138969509332704
5 2 6 1 -1  1
14042376602943516204
7 6 6 7 -1  1
14042528236871032394
5 2 4 3 -1  1
14042540262190302074
3 0 1 0 -1  1
14042586588993215197
4 5 3 4 -1  1
14042625190399755152
5 7 4 7 -1  1
14042891168230776603
7 6 6 7 -1  1
14043108093450079044
7 4 5 3 -1  1
14043253452747358169
3 4 0 1 -1  1
14043307751538117020
6 7 6 6 -1  1
14043426423024114634
7 6 6 6 -1  1
14043746947902882965
7 5 4 2 -1  1
14043842279276373775
3 0 3 3 -1  1
14043891271254693708
6 1 6 2 -1  1
14043918340426550779
5 5 6 3 -1  1
14044044002610715854
5 6 4 5 -1  1
14044153473671098387
7 4 7 6 -1  1
14044549866910687416
5 5 3 4 -1  1
14044781250770536504
0 7 0 0 -1  1
14044988122571677231
5 6 4 6 -1  1
14045185428819676217
7 5 7 2 -1  1
14045234925537295208
6 4 5 5 -1  1
14045587301222318596
4 3 3 5 -1  1
14045857582474813163
7 3 5 3 -1  1
14046006755974041768
6 6 4 6 -1  1
14046074205481643595
5 2 6 0 -1  1
14046233571024187055
7 6 7 7 -1  1
14046539750809914408
6 5 5 3 -1  1
14046594204230488276
6 4 4 3 -1  1
14046708712364443588
6 3 5 4 -1  1
14046711256044904180
7 4 7 2 -1  1
14046715933646495087
6 3 5 5 -1  1
14046867113014202974
4 6 3 6 -1  1
14046949271319327699
4 4 4 2 -1  1
14047474317839523253
5 6 4 7 -1  1
14047474795729011420
4 0 4 2 -1  1
14047589887465890350
6 7 4 7 -1  1
14047852092449448137
0 0 0 1 -1  1
14047858375351556613
6 0 5 0 -1  1
14047903195171489163
6 2 5 3 -1  1
14048128207083240203
6 0 4 0 -1  1
14048250975603289559
7 4 6 4 -1  1
14048311640557268631
7 3 4 0 -1  1
14048656755845763030
6 5 5 5 -1  1
14048753399012892295
6 4 6 3 -1  1
14048913606415039566
6 3 4 2 -1  1
14049112371926962466
6 0 4 0 -1  1
14049211020853137734
7 0 7 2 -1  1
14049221687527773649
4 5 6 5 -1  1
14049429813850752842
5 3 4 3 -1  1
14049508802156617601
7 5 6 4 -1  1
14049616440145505790
3 5 3 6 -1  1
14049682886602010884
6 4 7 5 -1  1
14049705442675963650
3 3 2 2 -1  1
14049743782224200745
6 4 4 6 -1  1
14049938894635582399
7 0 7 3 -1  1
14049947449519295542
5 0 4 0 -1  1
14050015879581937303
6 7 4 7 -1  1
14050392932537626232
5 2 6 3 -1  1
14050500998535200148
5 2 3 3 -1  1
14050646119481762595
5 0 4 0 -1  1
14050691737152402354
6 1 4 3 -1  1
14050839800693367223
6 2 5 1 -1  1
14050861267380765403
4 5 4 7 -1  1
14050863391943138255
7 5 7 1 -1  1
14050919276751569546
7 3 7 4 -1  1
14051056335280085660
6 1 0 1 -1  1
14051095058085543191
5 2 4 4 -1  1
14051136817904638352
7 5 6 5 -1  1
14051190945767847539
4 7 3 7 -1  1
14051225449555998452
5 5 3 6 -1  1
14051243450141324054
6 0 4 0 -1  1
14051257872632211655
5 3 4 2 -1  1
14051269829363843592
2 5 3 5 -1  1
14051348377965386618
0 4 1 5 -1  1
14051350212518498943
4 2 6 4 -1  1
14051382075514541667
7 2 6 3 -1  1
14051409239210024026
4 0 4 7 -1  1
14051460232458443905
6 1 5 1 -1  1
14051528794538054815
3 4 2 4 -1  1
14051561645956021734
7 2 5 4 -1  1
14051629713929144882
5 3 4 2 -1  1
14051651058686450241
5 4 3 4 -1  1
14051735326454287768
5 4 4 4 -1  1
14052033306879005550
7 5 7 4 -1  1
14052250734886043923
7 2 7 1 -1  1
14052277001975182283
7 3 6 4 -1  1
14052779908764681042
7 7 7 4 -1  1
14052805850958250193
5 1 6 3 -1  1
14053159421730030353
6 7 5 6 -1  1
14053271591114301204
5 4 4 5 -1  1
14053275036547264031
4 1 3 0 -1  1
14053277898100463729
6 5 5 4 -1  1
14053351836889086249
1 2 5 6 -1  1
14053533961054351639
5 1 6 2 -1  1
14053551783043692487
7 6 6 5 -1  1
14053592889594146024
7 7 6 7 -1  1
14053720069691967797
6 4 4 2 -1  1
14053858118445857598
5 7 4 6 -1  1
14053975592670960613
6 6 5 7 -1  1
14054036845040366540
4 0 3 1 -1  1
14054114769675884891
6 2 1 7 -1  1
14054170721192061509
7 5 3 1 -1  1
14054218109403620715
6 5 5 5 -1  1
14054394570617919792
6 3 5 5 -1  1
14054621741017750223
4 5 3 5 -1  1
14054741744688087799
4 3 3 2 -1  1
14054903738487731100
6 3 5 2 -1  1
14054955632121648059
5 4 6 5 -1  1
14054978362473278910
5 3 4 5 -1  1
14055089182477563483
4 2 3 3 -1  1
14055111472748716230
6 0 1 0 -1  1
14055115210567744137
6 3 5 3 -1  1
14055313420750485119
1 0 1 1 -1  1
14055403002487287988
5 4 7 2 -1  1
14055684026517065519
6 5 4 5 -1  1
14055758265689980617
6 3 5 5 -1  1
14056032626862001827
5 5 3 6 -1  1
14056094185103276167
5 6 4 6 -1  1
14056247486093956210
6 4 5 4 -1  1
14056307401884010054
6 3 6 2 -1  1
14056313480085755502
7 4 7 3 -1  1
14056313692165632760
5 2 4 4 -1  1
14056460221741193534
7 3 7 4 -1  1
14056513621501610561
1 1 1 0 -1  1
14056694864589145501
5 5 3 4 -1  1
14056739474679720475
4 3 3 5 -1  1
14056798595402681417
1 0 0 0 -1  1
14056884108046383763
4 3 1 0 -1  1
14056947865610122488
5 3 6 3 -1  1
14056968265865248371
4 4 3 3 -1  1
14057002863155527872
7 4 7 3 -1  1
14057148179358122497
5 6 3 5 -1  1
14057415774570078408
6 6 5 6 -1  1
14057458988196611104
7 3 4 0 -1  1
14057505953546321363
7 1 5 2 -1  1
14057519078894274271
3 6 2 5 -1  1
14057692371393363788
6 3 4 2 -1  1
14057766893429282345
5 2 6 4 -1  1
14057917285616022709
3 4 3 1 -1  1
14058067277513043816
3 2 3 4 -1  1
14058135567220014262
3 1 2 2 -1  1
14058143983353626312
6 3 5 4 -1  1
14058310177645404414
3 0 6 3 -1  1
14058728086633893092
6 1 5 2 -1  1
14058981216974821959
7 3 7 2 -1  1
14059261349826840489
5 7 6 7 -1  1
14059403470574170721
7 5 6 4 -1  1
14059546345192490984
5 5 3 4 -1  1
6 2 5 2 -1  4
14059690043778605074
6 5 6 3 -1  1
14059706654744168620
4 7 2 6 -1  1
14060052130671381735
3 2 1 2 -1  1
14060174744808860234
4 2 3 4 -1  1
14060401483622438196
6 6 5 6 -1  1
14060423226849484545
2 7 1 7 -1  1
14060749731766342266
4 4 3 4 -1  1
14061104946299213233
2 0 0 0 -1  1
14061130104385414589
4 3 3 2 -1  1
14061173248100006263
3 4 2 5 -1  1
14061196872775891122
6 1 6 0 -1  1
14061329709701489794
3 4 2 4 -1  1
14061483929739620806
6 6 7 6 -1  1
14061538395049307879
7 0 7 3 -1  1
14061641186810766157
2 2 1 3 -1  1
14061749481764803724
3 6 2 5 -1  1
14061771363008364766
7 5 5 6 -1  1
14061816469765961560
4 2 2 4 -1  1
14061838487253926947
5 0 4 0 -1  1
14061929002592608963
6 6 4 6 -1  1
14062034486813887406
7 2 6 2 -1  1
14062121936416959198
5 2 4 3 -1  1
14062194518789571507
6 6 3 3 -1  1
14062440223705520827
4 3 6 5 -1  1
14062642598458056105
6 4 4 4 -1  1
14063215266392605219
6 1 5 1 -1  1
14063242818169636926
7 2 6 1 -1  1
14063503777252856399
5 6 5 7 -1  1
14063594091617125349
7 2 7 3 -1  1
14063660224554012309
4 5 5 4 -1  1
14063676460888831213
2 3 0 2 -1  1
14063684060143788246
7 2 7 4 -1  1
14063856230828076939
7 4 7 2 -1  1
14064114520147112737
6 5 5 3 -1  1
14064169101895669978
5 2 5 3 -1  1
14064412306885496890
2 3 3 3 -1  1
14064854889673542540
7 2 7 1 -1  1
14064946964204522668
6 3 5 4 -1  1
14064947154133595649
5 2 3 3 -1  1
6 7 5 7 -1  1
14065030635992229288
7 7 7 6 -1  1
14065043764243529608
1 2 0 3 -1  1
14065051185330009185
3 6 4 6 -1  1
14065315402611988250
7 4 7 5 -1  1
14065437304319306619
3 4 0 4 -1  1
14065535647130936999
7 5 6 6 -1  1
14065544821358357378
4 1 5 2 -1  1
14065640052120715951
3 1 2 1 -1  1
14066273054142104101
2 4 3 3 -1  1
14066347281164176177
7 0 7 6 -1  1
14066395028693622420
5 6 4 5 -1  1
14066694246942001174
4 7 3 7 -1  1
14066806820715626680
6 4 5 3 -1  1
14066891425249023887
4 5 4 3 -1  1
14066960983767762411
6 6 5 5 -1  1
14067065094009389484
5 1 4 2 -1  1
14067108370313013440
4 4 4 7 -1  1
14067204649507993496
5 3 1 7 -1  1
14067516788310949691
6 1 5 2 -1  1
14067617916785339285
6 5 7 5 -1  1
14067714389768299268
5 2 4 4 -1  1
14067747567620090464
5 1 4 1 -1  1
14067977924384624094
1 0 6 5 -1  1
14068105153687908419
2 2 1 0 -1  1
14068178095868509433
1 1 0 1 -1  1
14068677959555413940
6 7 4 7 -1  1
14068846455863658886
5 6 5 5 -1  1
14068873138043059359
3 0 3 4 -1  1
14069024593008140243
7 2 7 1 -1  1
14069223255228990947
7 1 7 2 -1  1
14069483403056085694
7 4 7 6 -1  1
14069586284334922821
6 1 4 1 -1  1
14069710328915256722
7 6 6 7 -1  1
14069826567635781755
2 1 7 1 -1  1
14069855083483280501
6 3 6 1 -1  1
14069857305566751783
7 4 7 6 -1  1
14069954925213668674
2 1 3 2 -1  1
14070164915758321964
7 5 7 7 -1  1
14070239671097522000
4 5 5 6 -1  1
14070316310729243004
4 7 3 7 -1  1
14070476706653451788
7 1 5 2 -1  1
7 5 4 2 -1  1
14070499927240451377
5 2 5 4 -1  1
14070599132451751703
5 2 5 0 -1  1
14070639686385654761
4 4 0 4 -1  1
14070664826642558868
7 6 5 5 -1  1
14070756011569283993
5 2 1 2 -1  1
14070826888961585067
7 0 7 2 -1  1
14070912417472065887
7 6 6 6 -1  1
14070981716584414469
7 2 5 4 -1  1
14071033495975636058
6 0 6 2 -1  1
14071067534587221448
7 3 7 5 -1  1
14071334387042695231
7 0 1 0 -1  1
14071379476116217923
7 4 7 2 -1  1
14071471133479649460
6 5 6 4 -1  1
14071679694336822775
5 1 6 2 -1  1
14071700008658409396
3 1 3 0 -1  1
14071746591718279275
7 6 5 5 -1  1
14071754155875888294
5 4 4 4 -1  1
14071761022680236139
4 3 3 3 -1  1
14071796812940549166
6 3 5 3 -1  1
14071896268762523469
5 3 4 3 -1  1
14072004858772503669
6 7 5 7 -1  1
14072384202294531119
5 3 4 2 -1  1
14072618186080355842
7 3 6 3 -1  1
14072747540885602741
1 5 1 1 -1  1
14072852211678262000
6 5 5 4 -1  1
14072975977417130881
7 6 7 5 -1  1
14073094517460243541
7 5 7 3 -1  1
14073102375249046554
6 6 4 6 -1  1
14073157789460503650
6 5 5 4 -1  1
14073159789683653332
6 6 5 5 -1  1
14073358390307788461
4 4 3 5 -1  3
14073617468459691505
7 6 6 6 -1  1
14073752987710651033
6 4 5 3 -1  1
14073791257638521042
1 4 2 5 -1  1
14073860094652653214
7 0 7 3 -1  1
14073939715121335663
6 1 5 1 -1  1
14074048622069220605
2 3 1 3 -1  1
14074335208430564245
7 7 7 2 -1  1
14074463146314899911
5 5 6 3 -1  1
14074471652901620249
4 7 5 7 -1  1
14074507982021912774
3 7 4 7 -1  1
14074514639602853155
6 0 4 0 -1  1
14074741624172143039
0 6 5 6 -1  1
14074781631577314401
6 3 5 5 -1  1
14074885355221988569
6 5 4 5 -1  1
14075010790959478145
1 6 1 4 -1  1
14075139482421687042
5 5 6 3 -1  1
14075147172743389738
7 3 4 6 -1  1
14075227558923325965
6 5 7 6 -1  1
14075273413617610719
7 3 6 4 -1  1
14075304311941662142
7 3 5 3 -1  1
14075317452937965433
7 3 7 1 -1  1
14075360504480915053
7 2 6 3 -1  1
14075732718333396945
4 5 6 3 -1  1
14076316460632462025
6 3 4 4 -1  1
14076657524364651976
5 5 4 5 -1  1
14076670421638133285
4 3 6 3 -1  1
14076674750373603604
6 3 4 2 -1  1
14076840072517808676
6 3 3 0 -1  1
14076912575710399357
6 3 5 2 -1  1
14077074644522202624
3 6 3 2 -1  1
14077147036516203537
4 5 2 3 -1  1
14077222886317293574
7 2 5 0 -1  1
14077341043342092512
6 4 6 1 -1  1
14077345621284119617
6 6 5 6 -1  1
14077403593482852900
7 2 3 6 -1  1
14077544567978466271
7 5 5 6 -1  1
14077620641871473451
6 1 1 1 -1  1
14077820465939199293
3 2 2 3 -1  1
14077931189029576470
3 5 5 3 -1  1
14078106881509379680
4 2 3 0 -1  1
14078192027444599351
5 1 4 3 -1  1
14078234320392600104
1 1 1 5 -1  1
14078281305228428415
7 5 7 4 -1  1
14078456295793918740
5 6 4 6 -1  1
14078596325096055374
5 5 3 4 -1  1
14078649670223357718
5 6 5 5 -1  1
14078699047168806659
5 4 3 5 -1  1
14078812574108175923
5 6 4 5 -1  1
14078836851097505730
4 4 2 3 -1  1
14079055841599505117
3 6 3 7 -1  1
14079075308643827153
4 6 6 4 -1  1
14079248816868314810
6 3 5 3 -1  1
14079493722817957923
6 2 5 4 -1  1
14079636605693800170
7 2 6 3 -1  1
14079810544379609121
6 3 5 1 -1  1
14079888878818838993
6 3 4 4 -1  1
14080159858540607629
5 4 1 0 -1  1
14080220608070289958
7 0 7 2 -1  1
14080372603801442414
3 6 2 7 -1  1
14080410088088028561
7 5 6 4 -1  1
14080489074817425414
7 3 5 3 -1  1
14080600037742279374
3 4 4 5 -1  1
14080871054078973389
1 7 2 6 -1  1
14080880821832194848
7 3 4 0 -1  1
14081007268370425351
5 2 4 0 -1  1
14081010896132241361
3 0 1 0 -1  1
14081055893661282800
5 2 3 3 -1  1
14081098575144491839
4 3 4 0 -1  1
14081113273535192804
7 3 6 2 -1  1
14081507258909756864
7 4 7 6 -1  1
14081522013277160150
7 5 7 2 -1  1
14081671882841454493
5 5 4 5 -1  1
14081926675064657194
6 6 5 4 -1  1
14082067878300043876
7 5 6 4 -1  1
14082867186295148576
5 0 5 1 -1  1
14083072737726396076
4 2 3 2 -1  1
14083173710416327988
1 5 2 4 -1  1
14083325822378496285
6 0 4 2 -1  1
14083371264628933895
2 2 1 1 -1  1
14083497521110094030
1 1 1 0 -1  1
14083788660244140293
7 6 7 7 -1  1
14084115717785443347
7 7 7 6 -1  1
14084163950704131883
5 5 3 6 -1  2
14084266945984847477
6 3 5 3 -1  2
14084277644924558959
7 6 7 7 -1  1
14084461646860152216
4 2 2 4 -1  1
14084476859480559170
6 5 5 4 -1  1
14084531161508325300
1 0 1 5 -1  1
14084682152849815995
7 1 6 0 -1  1
14084784407697281405
4 5 3 3 -1  1
14084796099117642572
6 7 5 6 -1  1
14084874538508651106
4 5 3 6 -1  1
14084881525378315319
6 6 0 0 -1  1
14085005641791895497
7 0 7 4 -1  1
14085024817631811814
2 0 0 2 -1  1
14085088738726613941
4 4 5 3 -1  1
14085122973217620924
6 7 0 7 -1  1
14085303030860027038
6 1 6 3 -1  1
14085336788134877306
6 2 6 1 -1  1
14085407071678687289
7 1 4 4 -1  1
14085572781097132304
6 0 4 0 -1  1
14085621985007060779
5 4 4 2 -1  1
14085833990021568109
7 6 6 5 -1  1
14085865595037671627
7 5 4 5 -1  1
14086090640757065851
6 4 6 6 -1  1
14086169248288775713
6 6 5 5 -1  1
14086295218662904890
5 6 2 3 -1  1
14086366547195801808
6 0 5 0 -1  1
14086443137979546077
2 5 1 7 -1  1
14086629265901427438
6 5 5 4 -1  1
14086672378788801802
5 5 4 6 -1  1
14086736466840205468
4 3 2 4 -1  1
14087201246666649404
6 5 4 5 -1  1
14087316770083693052
5 4 4 6 -1  1
14087520949549644988
5 6 4 7 -1  1
14087566734589323779
7 5 3 1 -1  1
14087626838791314685
4 5 2 3 -1  1
14087710547190591438
5 5 6 3 -1  1
14088423334697654165
5 5 6 3 -1  1
14088736095437031618
7 2 7 7 -1  1
14088918645544508831
0 5 0 0 -1  1
14089028731072374675
6 2 4 2 -1  2
14089162855664770456
5 4 6 4 -1  1
14089230405208001735
4 6 5 7 -1  1
14089364999150851372
1 4 3 3 -1  1
14089697760959188925
5 5 4 5 -1  1
14089722124294265556
5 6 4 6 -1  1
14089743559694428164
6 4 7 3 -1  1
14090453262213746201
6 3 5 3 -1  4
14090616414337936105
7 3 6 2 -1  1
14090729709638983219
3 2 2 4 -1  1
14091412295399973300
3 3 1 1 -1  1
14091463411479486954
4 2 1 5 -1  1
14091488771667584162
6 5 5 4 -1  1
14091503531462808820
7 7 5 7 -1  1
14091516018935968520
3 6 5 7 -1  1
14091834290736490853
4 7 3 7 -1  1
14092157956305663972
5 7 7 5 -1  1
14092228549494397913
6 0 5 0 -1  1
14092330491175868761
5 5 2 2 -1  1
14092413846903103470
6 4 6 3 -1  1
14092594672225918032
2 3 3 2 -1  1
14092640993669021579
7 3 6 4 -1  1
14092772386150215741
7 3 7 0 -1  1
14092821089528253952
7 5 6 5 -1  1
14093103930959402786
6 3 7 5 -1  1
14093165129549341176
7 6 5 5 -1  1
14093302513157338532
7 4 4 4 -1  1
14093743246404300304
7 2 2 2 -1  1
14093940689235935119
6 3 1 3 -1  1
14094049256575124510
6 1 5 2 -1  1
14094306955205582962
7 5 5 7 -1  1
14094476908536284322
7 5 4 2 -1  1
14094537752598324803
4 3 4 1 -1  1
14094642203619103276
3 6 2 5 -1  1
14094657793442763828
4 1 5 1 -1  1
14094764486386788007
6 6 7 5 -1  1
14094796925409224251
5 2 6 3 -1  1
14094966982839360717
6 1 4 1 -1  2
6 7 4 7 -1  8
14095011541241239993
6 0 4 0 -1  1
14095029448327210844
6 3 4 2 -1  1
14095086558286079670
7 0 7 3 -1  1
14095258756535876368
4 4 6 6 -1  1
14095386029709852207
7 6 6 6 -1  1
14095660619956301957
7 4 6 2 -1  1
14095731544578984305
5 2 3 3 -1  1
14096377348043628021
2 7 3 6 -1  1
14096451204777974918
5 4 4 3 -1  1
14096485631804254358
4 3 7 3 -1  1
14096543710549693783
5 5 5 3 -1  1
14097251072942163945
4 2 2 2 -1  1
14097328526816958345
5 0 6 0 -1  1
14097687652593179239
7 7 6 6 -1  1
14097812319654701990
6 1 5 2 -1  1
14097816823696213206
6 1 2 1 -1  1
14098497583031541671
6 3 7 5 -1  1
14098629765995270534
4 2 3 2 -1  1
14098684227563985338
6 3 4 5 -1  1
14098751043096518421
4 2 4 6 -1  1
14098783383719943309
7 1 6 3 -1  1
14098809455786001748
5 5 6 3 -1  1
14098829220046953449
2 3 3 2 -1  1
14098870149060793461
7 6 7 7 -1  1
14098939314148511578
4 2 7 5 -1  1
14098947123055445910
6 4 4 4 -1  1
14099119091422938374
5 4 4 3 -1  1
14099270778231450574
4 0 2 2 -1  1
14099317179165456008
3 1 2 1 -1  1
14099515833318369390
7 5 7 4 -1  1
14099622002202742818
4 3 5 5 -1  1
14099950825175184457
7 4 6 3 -1  1
14100094783821390519
3 3 3 2 -1  1
14100271209528640738
5 3 4 4 -1  1
14100287535067404709
3 2 1 1 -1  1
14100332277263489304
7 1 5 2 -1  1
14100609961505105487
6 3 5 1 -1  1
14100946801455418446
1 6 6 1 -1  1
14101103303992118579
7 1 0 1 -1  1
14101108337485712433
6 5 5 5 -1  1
14101139508274926444
5 5 6 4 -1  1
14101196607045836627
6 1 5 2 -1  1
14101375151159363087
5 6 6 5 -1  1
14101468375653639692
6 6 4 7 -1  1
14101476549917645760
3 5 4 4 -1  1
14101512040366131458
6 0 5 0 -1  1
14101931333268283915
4 4 6 4 -1  1
14102197142387249267
4 3 1 6 -1  1
14102270382787401380
6 4 7 5 -1  1
14102286140458799405
5 1 4 2 -1  1
14102371941287567015
6 1 5 0 -1  1
14102375863982931210
5 5 3 3 -1  1
14102738220518173754
6 4 4 3 -1  1
14102815125085282700
4 2 1 2 -1  1
14103150964867427620
7 4 7 6 -1  1
14103513174735359791
0 1 1 1 -1  1
14103527173000441266
7 1 5 2 -1  1
14103563621147306921
3 5 6 5 -1  1
14103592046793369561
7 0 7 3 -1  1
14103714954975270702
0 2 2 4 -1  1
14104021630750245471
6 0 4 0 -1  1
14104134371874263840
4 7 3 6 -1  1
14104177160004891019
4 0 2 0 -1  1
14104204510140361334
7 7 7 4 -1  1
14104667584112983372
5 0 6 2 -1  1
14104676639663845999
2 1 1 3 -1  1
14104750034002031474
4 1 6 3 -1  1
14104751524004026030
6 7 5 7 -1  1
14104768634737362932
6 1 5 1 -1  1
14104806924693096618
6 2 7 3 -1  1
14104868453837595947
5 3 4 4 -1  1
14104900693151146056
6 1 4 1 -1  1
14104932055209781696
6 3 4 2 -1  1
14105104389445184993
3 3 2 4 -1  1
14105225357539289514
4 7 3 7 -1  1
14105422635443443327
1 0 5 4 -1  1
14105510499577338271
4 4 3 3 -1  1
14106043118779944557
7 4 7 6 -1  1
14106278284392704401
7 3 6 3 -1  1
14106307837298885547
4 5 3 4 -1  1
14106324257222759155
6 1 5 1 -1  1
14106342560834644667
2 6 2 5 -1  1
14106583980476553746
7 6 6 5 -1  1
14106683415598883644
7 6 7 7 -1  1
14106879201704427246
4 5 3 3 -1  1
14106897138383718997
4 2 4 7 -1  1
14107033871091704910
4 1 3 1 -1  1
14107416433430398574
3 1 2 2 -1  1
14107588408240876321
7 3 3 7 -1  1
14107907740685913855
3 0 7 0 -1  1
14107985394911946548
4 5 5 4 -1  1
14108111240794972954
5 2 4 2 -1  1
14108401608021887566
4 7 2 5 -1  1
14108619335435612241
4 4 4 6 -1  1
14108729303393883630
0 1 1 1 -1  1
14108853719108768868
4 5 3 5 -1  1
14108871801902046412
5 4 4 5 -1  1
14108881201968746897
6 4 1 4 -1  1
14109015452638920900
4 5 5 6 -1  1
14109138243128818698
1 1 1 0 -1  1
14109210379526278075
3 3 4 5 -1  1
14109216427388437807
6 6 5 6 -1  1
14109277362209713434
3 1 3 2 -1  1
14109671599789375644
7 6 6 7 -1  1
14109720543426268500
6 2 4 2 -1  1
14109961092112476544
4 4 5 6 -1  1
14110023617457497137
4 5 3 4 -1  1
14110189846064430799
5 6 4 6 -1  1
14110284403043367257
7 2 5 0 -1  1
14110321172228342313
6 6 4 6 -1  1
14110467377831751551
5 4 7 6 -1  1
14110511790684813800
5 4 6 4 -1  1
14110533829587748394
5 5 6 5 -1  1
14110622641789265495
3 2 3 5 -1  1
14110729913352874253
4 7 3 7 -1  1
14110791253478698073
7 3 3 7 -1  1
7 5 5 3 -1  4
14110937799979169687
7 2 4 5 -1  1
14111170092896309183
6 4 5 5 -1  1
14111237159271186221
7 1 7 0 -1  1
14111255530036136354
7 1 5 2 -1  1
14111286551184874676
7 2 5 4 -1  1
14111302042197565851
5 2 4 2 -1  1
14111396888773304563
5 6 4 6 -1  1
14111566288430615828
5 5 4 4 -1  1
14111626899719648832
5 5 6 3 -1  1
14111903777322122771
2 1 2 5 -1  1
14112007383479656269
5 1 4 2 -1  1
14112282896535235892
5 5 7 3 -1  1
14112343387115867084
4 2 6 3 -1  1
14112718507699619985
6 4 5 3 -1  1
14112781915882649453
7 1 4 1 -1  1
14112802365787912919
5 3 3 3 -1  1
14112831773448008995
5 5 4 3 -1  1
14112898133023076614
4 6 3 4 -1  1
14113127239887123509
6 7 5 7 -1  1
14113365420860526454
2 1 2 0 -1  1
14113402251630607115
6 3 5 3 -1  1
14113444904456065543
7 2 6 3 -1  1
14113469900657145025
1 4 2 2 -1  1
14113683682300506369
5 0 4 0 -1  1
14113699991098587572
6 2 3 5 -1  1
14113842502090864177
3 1 2 3 -1  1
14113957962849595755
6 4 5 4 -1  1
14114043725641272752
5 3 4 3 -1  1
14114080994785062268
6 3 6 5 -1  1
14114769291724052717
6 3 4 2 -1  1
14114900815898699180
6 6 5 7 -1  1
14114981082565459236
7 5 4 5 -1  1
14115097245896090593
7 0 7 2 -1  1
14115395471907842949
7 5 6 5 -1  1
14115448354276054376
6 0 7 2 -1  1
14116184205384175366
7 3 3 7 -1  1
14116545989749985720
6 1 4 1 -1  1
14116623645274362202
6 2 5 2 -1  1
14116651243878767802
5 5 6 6 -1  1
14116690034667062017
3 5 1 4 -1  1
14116725674696831836
6 4 6 5 -1  1
14116963223883758801
5 5 5 7 -1  1
14117065176557642074
4 2 5 1 -1  1
14117297755591904722
4 5 2 3 -1  1
14117472621418327713
5 2 6 4 -1  1
14117792901015113269
2 2 0 3 -1  1
14117914868163621639
6 5 5 4 -1  1
14117985840135418073
2 1 1 1 -1  1
14118023492989786028
6 7 5 7 -1  1
14118185141448660564
6 2 5 1 -1  1
14118359989684376378
3 6 5 5 -1  1
14118476748631244627
7 3 7 1 -1  1
14118792371213659458
7 4 7 6 -1  1
14118901509056121115
4 3 5 5 -1  1
14118961762684017978
5 1 1 1 -1  1
14119417426625148831
1 7 2 5 -1  1
14119463364838860737
4 2 3 1 -1  1
14119507528552897539
5 3 5 1 -1  1
14119578154083562792
5 7 4 7 -1  1
14119599560832408375
7 2 4 5 -1  1
14119755240729040594
5 5 3 3 -1  1
14120039395112552297
3 5 2 5 -1  1
14120090344753956398
5 0 4 1 -1  1
14120090989549601878
6 3 5 3 -1  1
14120425657777788695
5 7 4 7 -1  1
14120515029383121840
6 2 5 1 -1  1
14120589030549317317
2 7 1 6 -1  1
14120805770270883786
6 3 4 2 -1  1
14120948944746873790
7 2 7 3 -1  1
14121103680985671164
4 2 5 3 -1  1
14121127160028824855
3 1 4 0 -1  1
14121142829506532692
6 1 4 1 -1  1
14121227658349792182
7 3 4 3 -1  1
14121235217302069135
0 4 1 5 -1  1
14121311318325086701
5 5 7 7 -1  1
14121642927228918864
4 7 5 5 -1  1
14121794012299119944
3 5 4 4 -1  1
14121795123621772723
7 6 6 5 -1  1
14121807328446751669
6 3 7 4 -1  1
14121985511609401702
1 0 1 3 -1  1
14122172078903802194
7 0 7 1 -1  1
14122240104498905064
7 6 6 6 -1  1
14122644494329028224
7 2 6 1 -1  1
14122862575734948758
6 5 5 5 -1  1
14122958387710378678
7 0 7 2 -1  1
14123362478157647703
5 0 4 0 -1  1
14123760866982535222
5 4 5 5 -1  1
14123794499590270303
6 4 5 4 -1  1
14123968595518458863
4 5 3 4 -1  1
14124219390200901360
6 4 7 4 -1  1
14124277388092817532
4 0 3 0 -1  1
14124300701818751130
5 1 4 0 -1  1
14124406032033862210
7 0 7 4 -1  1
14124434217672021006
5 5 4 3 -1  1
14124720684099786631
7 0 7 1 -1  1
14124776408918765877
6 6 5 6 -1  1
14124809046915248401
6 6 4 6 -1  1
14124818052580641095
6 4 5 5 -1  1
14124828522297956261
4 0 3 0 -1  1
14124901478442614831
5 7 4 6 -1  1
14125297633314568783
5 3 3 4 -1  1
14125339444689721985
5 4 4 6 -1  1
14125477623245644199
3 7 1 6 -1  1
14125563572464874681
5 2 4 4 -1  1
14125786317913489083
3 0 2 0 -1  1
14125791991876982702
7 0 7 2 -1  1
14126416510803627095
6 7 4 7 -1  1
14126560617373480942
5 2 5 1 -1  1
14126674380786408356
5 2 4 3 -1  1
14126731690727287226
4 3 3 3 -1  1
14126853268226594807
4 0 3 0 -1  1
14126904694106219199
3 1 2 3 -1  1
14127015047290483920
3 1 7 5 -1  1
14127028812467725412
6 2 4 2 -1  1
14127069360389220737
6 1 2 5 -1  1
14127102972630370099
6 5 6 4 -1  1
14127217240073549264
7 3 6 3 -1  1
14127292449355024314
1 3 0 4 -1  1
14127695148711329848
4 1 3 1 -1  1
14127697772787574840
4 4 3 4 -1  1
14127892911422227504
7 6 7 7 -1  1
14127992754258651087
7 4 7 6 -1  1
14128232597399639067
5 4 3 3 -1  1
14128362201023227788
6 5 6 3 -1  1
14128440326027453716
3 2 5 3 -1  1
14128485853450810286
5 3 5 6 -1  1
14128572323750627723
4 7 2 7 -1  1
14128588444594261435
7 3 6 2 -1  1
14128793526317190784
7 3 4 3 -1  1
14128802019588373042
4 6 3 5 -1  1
14128913865402664340
5 5 5 3 -1  1
14128927337658007685
6 3 4 5 -1  1
14129078045837707873
5 6 6 7 -1  1
14129198806516974112
6 3 6 2 -1  1
14129708711407537577
6 0 4 0 -1  1
14129714048861041021
6 3 5 2 -1  1
14130058766343852376
4 3 3 4 -1  1
14130238476923036240
5 5 4 7 -1  1
14130476925833728448
6 2 5 1 -1  1
14130568476144621086
7 2 3 6 -1  1
14130594133952404128
7 4 7 2 -1  1
14130853780245986783
6 3 3 6 -1  1
14130871041500191243
5 4 4 5 -1  1
14130900486745054029
6 2 6 1 -1  1
14130985233721702591
3 1 4 2 -1  1
14131219616775572721
4 2 2 3 -1  1
14131243258058878580
2 7 6 3 -1  1
14131647921251427401
6 6 5 5 -1  1
14131657461071292980
6 4 6 3 -1  1
14132222758699474008
7 2 6 1 -1  1
14132270423688863710
6 7 5 7 -1  1
14132355876217750750
7 1 6 3 -1  1
14132381131872665259
7 6 5 5 -1  1
14132636643112276505
6 6 5 5 -1  1
14132761101955001442
0 0 0 1 -1  1
14132820858529762461
6 6 7 6 -1  1
14132873802278113754
6 4 3 4 -1  1
14133113374142734745
5 2 4 2 -1  3
14133198803631101822
3 0 2 0 -1  1
14133470694787405329
5 2 7 3 -1  1
14133809985976401845
6 1 5 2 -1  1
14134219328360695271
4 3 5 4 -1  1
14134340995713225303
7 0 6 0 -1  1
14134440242483786154
7 5 6 5 -1  1
14134680143019066921
7 6 6 4 -1  1
14135256171569092732
7 3 5 5 -1  1
14135468554086971239
7 5 6 6 -1  1
14135588203559109283
7 1 6 3 -1  1
14135636088610386474
7 5 6 4 -1  1
14135668010392003416
6 3 5 5 -1  1
14135941587183684838
2 5 6 5 -1  1
14136021822487686716
3 0 3 1 -1  1
14136137710686930701
7 3 7 4 -1  1
14136148106133592892
0 4 0 1 -1  1
14136463491020731121
5 0 4 0 -1  1
14136658617990909301
5 1 4 2 -1  1
14136683223694094705
7 3 6 2 -1  1
7 6 6 4 -1  1
14136836304908315657
7 0 7 2 -1  1
14136964306052757162
6 5 5 4 -1  1
14137002437558260348
5 2 4 2 -1  1
14137805674434374222
4 7 3 7 -1  1
14137825523095307734
3 0 4 0 -1  1
14138078236980134503
7 4 6 2 -1  1
14138256738494984216
5 0 4 0 -1  1
14138381161349771824
6 2 5 2 -1  2
6 3 5 3 -1  1
6 5 4 5 -1  1
7 1 5 2 -1  4
7 6 5 5 -1  16
14138601212533630845
7 4 7 5 -1  1
14138686186292970610
4 2 3 2 -1  1
14138924821245795143
4 4 3 5 -1  1
14138979133122482403
6 6 6 7 -1  1
14138995356584227302
6 7 5 7 -1  1
14139029731420926418
6 4 5 3 -1  1
14139079545726397374
2 7 4 5 -1  1
14139348993045820394
3 4 1 4 -1  1
14139371279104996569
7 2 6 3 -1  1
14139400491641103521
4 1 3 1 -1  1
14139622636185173286
6 7 4 7 -1  1
14139842463776424650
3 2 3 7 -1  1
14139912956805696444
6 1 5 1 -1  1
14140027952902397710
4 6 2 6 -1  1
14140174268786769283
7 6 6 5 -1  1
14140244053855508641
5 3 4 2 -1  1
14140365284376683063
3 3 2 3 -1  1
14140409109174230287
6 3 7 5 -1  1
14140477454151975252
7 3 5 1 -1  1
14140686184079086776
6 1 1 6 -1  1
14140691073276110962
3 0 4 0 -1  1
14140840949788141214
1 7 1 1 -1  1
14140949824670009754
3 2 5 3 -1  1
14141152643218433705
5 5 7 5 -1  1
14141501937468601225
4 0 0 0 -1  1
14141509960866333948
3 1 2 2 -1  1
14141522898116827452
7 4 7 6 -1  1
14141566334336323453
7 5 3 5 -1  1
14141672310364419229
5 1 4 2 -1  1
14141966344910101529
5 2 3 3 -1  1
14142193363866166078
6 1 5 1 -1  1
14142402995576017644
5 4 3 5 -1  1
14142487353184825381
4 5 4 3 -1  1
14142615766791825306
1 2 2 2 -1  1
14142633259825485210
4 3 0 3 -1  1
14143010914566406528
7 0 7 2 -1  1
14143052738673239501
7 5 7 3 -1  1
14143259213015786065
6 4 6 3 -1  1
14143333940280834106
5 3 7 3 -1  1
14143480766654333226
6 4 4 2 -1  1
14143638943869499295
3 4 2 3 -1  1
14143777802121440664
7 6 6 7 -1  1
14143909564136593219
4 4 6 6 -1  1
14143948742913804948
6 3 2 3 -1  1
14143973955234828180
6 3 4 2 -1  1
14144274032923244495
7 6 7 5 -1  1
14144530062403408775
4 1 3 1 -1  1
14144768813277628941
7 4 7 2 -1  1
14144826858411233787
7 4 7 5 -1  1
14145148525608789943
1 0 0 2 -1  1
14145242646631157154
5 1 6 2 -1  1
14145327738262036236
6 2 7 2 -1  1
14145368495006494587
6 4 4 5 -1  1
14145797259084024329
6 7 4 7 -1  1
14145896404285931590
3 2 2 2 -1  1
14146001972213532919
6 3 3 0 -1  1
14146038340004989679
4 3 3 2 -1  1
14146050463020282959
7 5 5 5 -1  1
14146065483148447474
4 1 6 3 -1  1
14146085767460366906
4 1 3 0 -1  1
14146089244155374948
3 0 1 0 -1  1
14146224552937809034
6 0 3 3 -1  1
14146334341089324941
5 1 3 2 -1  1
14146381416811266438
5 4 3 6 -1  1
14146428230198878455
6 2 3 2 -1  1
14146510671778604915
6 5 5 5 -1  1
14146553778296325998
6 5 6 6 -1  1
14146918104737841472
7 2 5 4 -1  1
14147058457019268339
7 6 7 7 -1  1
14147237659035526944
7 2 6 3 -1  1
14147370177763916096
6 7 4 7 -1  1
14147627222867612340
4 4 3 3 -1  1
14147658723837180475
5 2 6 4 -1  1
14147758921084167855
4 5 3 4 -1  1
14147770500995871133
7 3 4 0 -1  1
14147793921969586695
2 0 1 0 -1  1
14147794781036091418
6 0 6 3 -1  1
14147954009149517323
6 7 4 7 -1  1
14148144602322169991
7 3 4 3 -1  1
14148385505760577121
3 7 2 5 -1  1
14148421388900326695
6 1 7 1 -1  1
14148463228038940043
7 4 7 6 -1  1
14148520258198165594
4 3 3 4 -1  1
14148541440875009111
1 5 3 3 -1  1
14148715516355221789
5 6 4 7 -1  1
14148987968044432099
7 2 4 5 -1  1
14149015387593811380
7 5 7 1 -1  1
14149016025786217275
6 5 6 6 -1  1
14149073544166368079
6 7 5 6 -1  1
14149296526913022624
5 2 7 3 -1  1
14149425983650922501
6 7 5 7 -1  1
14149753224717038326
1 3 1 6 -1  1
14149773173068992317
1 6 1 7 -1  1
14150181804419713184
7 5 7 4 -1  1
14150587953252224043
4 2 3 3 -1  1
14150850480212597480
6 4 4 5 -1  1
14151010568861429728
5 4 4 3 -1  1
14151352913089736135
7 0 7 4 -1  1
14151448896045841193
7 3 4 0 -1  1
14151504287718500721
4 4 5 5 -1  1
14151566462585647260
7 5 7 3 -1  1
14151611481758551837
7 5 6 6 -1  1
14151865517657336677
7 7 7 6 -1  1
14151924240399840639
3 1 2 1 -1  1
14151987864447070528
4 0 3 1 -1  1
14152042262069994910
5 3 4 2 -1  1
14152147950840609994
5 0 4 0 -1  1
14152228979758003025
4 3 6 1 -1  1
14152296407884387418
5 2 4 4 -1  1
14152380335139816668
3 6 4 4 -1  1
14152405907270288442
5 3 6 2 -1  1
14152409447534239766
4 6 3 6 -1  1
14152427762649887838
5 1 3 3 -1  1
14152476012399742750
0 3 3 3 -1  1
14152614646854255217
5 4 4 4 -1  1
14152900087463231610
4 0 3 1 -1  1
14152903730512634066
6 7 1 2 -1  1
14152967291361268866
7 4 6 4 -1  1
14153018447085028559
0 0 0 1 -1  1
14153032835483563266
4 2 1 5 -1  1
14153325503583831196
6 1 3 1 -1  1
14153371471175973291
4 4 3 5 -1  1
14153643652798493470
4 5 3 5 -1  1
14153807482897852474
7 2 2 2 -1  1
14153956199883993984
7 5 7 2 -1  1
14154350013211733087
5 1 3 2 -1  1
14154457937025291424
6 1 4 1 -1  1
14154925659020719572
3 1 2 1 -1  1
14155058497382492303
7 2 7 5 -1  1
14155117221965452614
5 5 4 3 -1  1
14155362993988376890
6 3 4 1 -1  1
14155766872453201877
6 6 5 5 -1  1
14155900444085539623
2 0 1 0 -1  1
14155995977163152327
6 4 6 2 -1  1
14156280017240362524
3 0 1 0 -1  1
14156296114813424386
3 1 2 2 -1  1
14156614699783018173
4 1 3 1 -1  1
14157099814056915427
6 4 7 3 -1  1
14157144680934557425
6 5 6 6 -1  1
14157145051956410110
3 3 5 4 -1  1
14157560962858490523
7 2 3 2 -1  1
14157763969724472512
5 1 4 2 -1  1
14157803922164923483
7 2 7 5 -1  1
14157833847352044964
4 6 3 6 -1  1
14157969784972170851
6 1 3 1 -1  1
14158016566636247685
7 3 6 3 -1  1
14158031240156639480
0 6 1 5 -1  1
14158108883275747908
2 1 5 1 -1  1
14158153637533581734
7 2 5 2 -1  1
14158251678694976874
7 4 7 6 -1  2
14158271625873612447
5 5 1 1 -1  1
14158451531023557114
7 2 6 1 -1  1
14158520945632283922
7 4 6 4 -1  1
14158677017001755250
5 4 4 5 -1  1
14159069586102675221
7 0 7 2 -1  1
14159580503198205466
3 0 0 0 -1  2
14159691653920105032
4 2 3 3 -1  1
14159747899465145238
6 4 5 6 -1  1
14159935232851535067
7 4 7 2 -1  2
7 5 6 4 -1  1
14160570293491588328
4 1 3 1 -1  1
14160641270320453158
5 7 4 7 -1  1
14160909842891164513
6 0 5 1 -1  1
14161271871684770142
5 5 6 3 -1  1
7 5 7 4 -1  1
14161321864890424906
7 0 7 1 -1  1
14161398784204442503
7 4 5 5 -1  1
14161403999788663204
7 0 4 3 -1  1
14161405281402260317
6 0 5 0 -1  1
14161714150904321124
5 6 7 5 -1  1
14162083147877505658
4 3 3 2 -1  1
14162088962042393641
3 6 2 6 -1  1
14162094579978005688
5 3 4 3 -1  1
14162129972447343635
7 2 6 1 -1  1
14162448337806752341
5 4 3 6 -1  1
14162649154180383613
1 5 0 7 -1  1
14163452271420798798
5 4 4 4 -1  1
14163573117347200899
2 0 3 0 -1  1
14163725714659133243
5 0 4 0 -1  1
14163869656501108286
0 5 6 5 -1  1
14163925435392351776
1 2 1 6 -1  1
14164081593362369751
7 4 7 2 -1  1
14164186245801096534
0 4 5 4 -1  1
14164272912818529690
7 4 5 2 -1  1
14164316366638774042
6 5 4 6 -1  1
14164415655513694176
4 1 5 1 -1  1
14164468605417668243
1 3 0 4 -1  1
14164523039179582288
5 6 6 5 -1  1
14164747121183392747
7 1 6 2 -1  1
14165070831449079781
5 5 5 4 -1  1
14165127345996797346
7 0 7 1 -1  1
14165144817715952887
7 5 7 3 -1  1
14165478586312812443
6 1 5 3 -1  1
14165564219395618365
3 4 4 6 -1  1
14165634419488757520
6 3 5 3 -1  1
14165757188233177999
7 3 4 3 -1  1
14165764280601709469
3 4 1 2 -1  1
