14444488117138592318
5 3 6 4 -1  1
14444596266019643479
5 2 4 2 -1  1
7 4 7 6 -1  1
14444689479512555343
1 7 7 7 -1  1
14444720379385490030
6 1 5 0 -1  1
14444951530552684212
5 5 4 6 -1  1
14445120345448030761
4 4 3 4 -1  1
14445201367012370302
4 2 3 2 -1  1
14445229735305560157
7 3 3 7 -1  1
14445308278440134780
7 0 7 2 -1  1
14445310880419129900
5 5 5 3 -1  1
14445338244817157757
4 7 4 6 -1  1
14445407055936583896
5 5 4 4 -1  1
14445517284013081565
1 7 0 7 -1  1
14445592560476766146
5 4 4 4 -1  1
14446006550544218090
5 2 3 1 -1  1
14446174519621065768
5 4 7 4 -1  1
14446219234981738050
6 5 5 4 -1  1
14446223773376258521
1 2 0 4 -1  1
14446433512755340305
1 1 1 5 -1  1
14446549990562567911
5 2 0 2 -1  1
14446775437806720258
3 6 2 5 -1  1
14447001616052868030
7 6 7 5 -1  1
14447283075478209992
6 1 5 1 -1  1
14447517688896313934
7 0 7 4 -1  1
14447663333170633000
7 6 7 5 -1  1
14447829785155736394
4 6 3 6 -1  1
14447997711902274734
6 7 5 7 -1  1
14448237925976496977
1 1 1 7 -1  1
14448427703215240388
6 3 7 2 -1  1
14448801162830580433
6 4 6 1 -1  1
14449283943301746605
5 2 4 2 -1  1
14449360437418567948
4 2 4 3 -1  1
14449509092222751957
7 1 5 2 -1  1
14449814337179954452
4 7 5 5 -1  1
14449907828577943111
6 4 5 5 -1  1
14450136652522183176
6 5 5 6 -1  1
14450199674105413000
4 4 3 5 -1  1
14450327528834052385
6 3 2 3 -1  1
14450381933463996791
3 3 7 3 -1  1
14450424146462007487
5 5 4 7 -1  1
14450438965165026007
7 4 7 6 -1  3
14450449764221821727
6 4 5 4 -1  1
14450463539988671421
7 2 2 7 -1  1
14450689626132631625
4 1 3 1 -1  1
14451107154066147991
6 1 4 1 -1  1
14451426121074534825
5 0 4 0 -1  1
14451456968438341569
4 4 6 2 -1  1
14451519688691661935
2 2 1 3 -1  1
14451578959209699620
6 7 5 7 -1  1
14451734094271149727
6 3 5 5 -1  1
14451740802929624762
6 5 5 4 -1  1
14451987505687678317
1 5 1 7 -1  1
14452024808122929583
4 7 3 7 -1  1
14452140176576566968
4 7 6 6 -1  1
14452403986784463009
7 3 7 5 -1  1
14452516416644176785
5 4 4 3 -1  1
14453142250210022920
4 2 3 3 -1  1
14453290837212410248
4 3 4 5 -1  1
14453374632010651819
6 6 5 6 -1  2
14453399678323974640
4 6 3 6 -1  1
14453477225232613562
5 1 4 1 -1  1
14453585982030493151
4 2 6 0 -1  1
4 2 6 4 -1  2
14453648426619106502
5 5 7 3 -1  1
14453673130429299001
6 5 5 5 -1  1
14453723246536197710
5 4 4 3 -1  5
14454257939432668606
7 5 6 5 -1  1
14454328005536045250
1 5 1 7 -1  1
14454529065538054733
5 2 4 3 -1  1
14454660322705848537
6 5 5 4 -1  1
14454689130402626114
1 5 2 5 -1  1
14454847472833033674
7 2 7 1 -1  1
14454927957286526990
2 3 2 4 -1  1
14455047454089174051
5 1 2 1 -1  1
14455505930915643018
3 4 2 5 -1  1
14455537418674897578
7 1 5 2 -1  1
14455725119324207760
4 5 4 4 -1  1
14455759590433087918
7 3 5 3 -1  1
14455792744279138041
6 6 1 1 -1  1
14455860373191235697
3 6 1 4 -1  1
14455925692045187663
5 4 7 3 -1  1
14456074118710303309
5 3 4 2 -1  1
14456107284334114117
3 6 2 4 -1  1
14456119988202071548
7 3 5 1 -1  1
14456285406771323142
2 1 1 1 -1  1
14456653061507460041
7 5 7 1 -1  1
14456955665817485591
5 5 3 4 -1  1
14457116005000885769
5 4 4 4 -1  1
14457168643747450277
7 2 6 1 -1  1
14457313571697538099
4 6 5 5 -1  1
14457687587967878803
1 6 2 7 -1  1
14457805095669251588
7 3 5 1 -1  1
14458055706288627725
6 4 7 6 -1  1
14458339984647356482
5 2 5 3 -1  1
14458454465411482353
6 4 5 5 -1  1
14458505522373717658
4 4 3 4 -1  1
14458571048821244035
5 5 6 6 -1  1
14458631498712601220
6 5 5 5 -1  1
14458706066673989639
7 1 5 2 -1  1
14458829659843656040
7 6 7 5 -1  1
14458861632659908447
6 6 1 1 -1  1
14458905564964195762
5 4 4 3 -1  1
14458943955620550536
7 4 7 5 -1  2
14458994937800922722
4 4 3 6 -1  1
14459134634922762513
5 6 7 6 -1  1
14459142211617359665
7 2 4 5 -1  1
14459361669025669879
5 5 4 6 -1  1
14459414443792430673
6 6 5 6 -1  1
14459427135223921363
6 2 7 0 -1  1
14459445411216493678
4 6 3 6 -1  1
14459647448681916928
0 5 2 3 -1  1
14459687647732247808
1 2 1 4 -1  1
14459806114038400231
5 7 4 7 -1  1
14459808969983619087
4 4 3 5 -1  1
14459915438645445610
1 3 3 2 -1  1
14460055441782308921
5 1 4 0 -1  1
14460069747055370902
6 7 5 7 -1  1
14460082657230512145
5 4 3 3 -1  1
14460122394869070943
7 2 6 3 -1  1
14460360486232431748
7 1 7 4 -1  1
14460415671821020421
4 5 3 5 -1  1
14460476499351861525
4 2 2 3 -1  1
14460557370511744037
6 2 5 2 -1  1
14460578445228587936
0 6 3 6 -1  1
14460873911900013820
4 7 3 6 -1  1
14461176074428368284
5 2 3 4 -1  1
14461408638319239042
5 5 4 6 -1  1
14461495611488469469
6 6 6 5 -1  1
14461527619879622101
6 0 5 0 -1  1
14461566202491796840
5 2 6 2 -1  1
14461867956697976843
6 3 5 5 -1  1
14461946902912044240
7 2 5 4 -1  1
14461960539019634888
6 6 5 5 -1  1
14462201355656843794
7 3 6 3 -1  1
14462265955846073014
5 4 4 5 -1  1
14462329111470080751
3 1 2 3 -1  1
14462384936803924551
4 4 3 4 -1  1
14462525005977049005
0 1 1 0 -1  1
14462674475773911303
6 4 4 4 -1  1
14462929670752179344
6 1 5 1 -1  1
14462930372026969926
1 4 1 1 -1  1
14463240964628679842
2 5 0 3 -1  1
14463258144711992070
7 5 6 5 -1  1
7 5 7 0 -1  1
14463469452617437789
3 2 3 1 -1  1
14463529090428457712
4 2 3 2 -1  1
14463755094285718327
0 2 2 1 -1  2
14463776686020211278
5 1 4 2 -1  1
14463835458143262098
6 1 5 1 -1  1
14464025959447152684
4 0 5 1 -1  1
14464142843577898207
3 6 7 2 -1  1
14464461201173016148
4 4 4 2 -1  1
14464639083350142914
3 1 4 1 -1  1
14464658755095598892
6 5 5 5 -1  1
14464762531227088258
6 6 5 5 -1  1
14464954133028181883
6 1 5 0 -1  1
14464972351736226206
6 7 5 7 -1  1
14465066559032794883
5 5 3 4 -1  1
14465131877935379354
7 5 6 4 -1  1
14465217132145214074
6 1 7 1 -1  1
14465291465446089921
7 3 5 3 -1  1
14465366761578229840
3 0 4 1 -1  1
14465458466749550003
0 1 0 2 -1  1
14465641314548407658
6 4 5 5 -1  1
14465648027849433977
6 0 5 0 -1  3
14465777150449880999
7 2 6 3 -1  1
14465992536487730014
5 0 7 1 -1  1
14466076210884764632
3 1 1 3 -1  1
14466150045519166182
6 3 4 4 -1  1
14466175076194329221
6 2 2 2 -1  1
14466355088421826797
7 5 3 1 -1  1
14466564604271577053
4 2 3 3 -1  1
14466862405537250292
6 7 7 6 -1  1
14466967135310112536
7 6 6 5 -1  1
14467054071083381428
5 4 4 3 -1  1
14467079777636214669
4 6 3 7 -1  1
14467242466444735081
4 5 3 3 -1  1
14467321077527318103
1 0 2 0 -1  1
14467422452231079830
3 6 5 4 -1  1
14467426649241111578
6 7 5 7 -1  1
14467586273736619718
1 2 4 2 -1  1
14467850395874257206
4 4 3 2 -1  1
14467902589063090818
7 5 3 5 -1  1
14468233769167362580
6 4 5 4 -1  10
14468676914606279407
6 3 1 3 -1  1
14468773709222641868
7 3 5 4 -1  1
14468875299667580404
7 0 5 0 -1  1
14468916244645734237
7 4 6 4 -1  1
14468943392183023215
4 4 2 2 -1  1
14469024636087705278
4 7 2 6 -1  1
14469080018234307374
4 6 2 5 -1  1
14469525966004004051
6 2 4 2 -1  1
14469542636133718549
7 5 7 4 -1  1
14469842641279889031
5 3 7 1 -1  1
14470089466807305256
7 0 7 3 -1  1
14470499539517383590
6 4 5 2 -1  1
14470517747389037004
7 7 7 6 -1  1
14470684183545998403
6 2 5 2 -1  1
14470823183834605483
6 5 5 5 -1  1
14470839752403466258
1 0 0 0 -1  1
14470851449784391368
5 3 5 5 -1  1
14470858564093743796
7 1 6 3 -1  1
14470930561361960164
6 2 5 2 -1  1
14470941261976189214
0 2 0 6 -1  1
14471016964460936144
4 1 3 1 -1  1
14471116121772016850
6 7 4 7 -1  1
14471539479250636822
5 2 4 4 -1  1
14471568196972653772
4 2 3 3 -1  1
14471714379780789907
4 7 3 6 -1  1
14471792804528581842
5 6 4 7 -1  1
14471901026724163629
7 4 7 6 -1  2
14471934672429370025
2 2 1 4 -1  1
14472272962683197573
3 3 2 3 -1  1
14472284745737167922
6 0 4 0 -1  1
14472296162696263702
4 5 5 6 -1  1
14472393640843612050
5 6 4 6 -1  1
14472413877919220371
3 3 4 2 -1  1
14472557653982311926
7 5 7 4 -1  1
14472659706603455136
4 2 3 3 -1  1
14472773798301944746
7 6 6 4 -1  1
14472896610191734820
7 1 5 0 -1  1
14472924166789197306
2 5 2 2 -1  1
14473092720527291063
7 4 7 6 -1  1
14473136964369400289
7 1 6 3 -1  1
14473254365364802865
4 3 3 2 -1  4
14473348514238997190
5 6 4 7 -1  1
14473420325623943130
4 5 3 3 -1  1
14473516610977142801
5 5 3 4 -1  1
14473723134480854623
7 3 5 1 -1  1
14473768494652713221
3 6 2 5 -1  1
14473906486524067552
4 3 3 4 -1  2
14473943326423768016
6 4 5 5 -1  1
14473996712254157186
7 5 6 4 -1  1
14474113703697973635
7 4 7 6 -1  1
14474423648922177674
3 4 2 3 -1  1
14474620154999986448
3 4 2 2 -1  1
14474711150054571191
1 3 2 4 -1  1
14474917888657916384
0 6 2 4 -1  1
14474968118157129640
6 1 5 2 -1  1
14474978877537378670
6 0 5 0 -1  1
14475177236747633280
6 0 5 0 -1  1
14475205254244553851
7 4 7 6 -1  1
14475540463299618447
7 2 3 6 -1  1
14475692418943222088
7 7 7 6 -1  1
14475910012978355500
5 5 4 3 -1  1
14475919498176975530
6 6 7 5 -1  1
14476245234727718094
7 0 7 2 -1  1
14476250248751523894
4 5 3 4 -1  1
14476663603192536916
6 0 4 0 -1  1
6 1 4 1 -1  1
14476771015665488923
4 0 2 1 -1  1
14476982317360551307
5 3 4 3 -1  1
14477055325643495002
7 5 7 4 -1  1
14477160350187720555
5 5 6 3 -1  1
14477182122915224441
5 5 2 2 -1  1
14477244286805976854
6 5 5 4 -1  1
14477405637809795490
6 7 4 7 -1  1
14477410294148397598
6 6 4 6 -1  1
14478368166309834015
5 6 4 7 -1  1
14478392037615863332
4 2 2 1 -1  1
14478423388576608918
7 2 4 5 -1  1
14478968451365603958
6 0 5 0 -1  1
14478985341294493148
3 1 3 2 -1  1
14479227119592141022
4 2 6 4 -1  1
14479441947700458383
7 3 7 0 -1  2
14479529028367158607
2 5 3 6 -1  1
14479601796814494810
5 2 3 2 -1  1
14479619463476466553
6 1 5 3 -1  1
14479802529185395085
6 1 4 1 -1  1
14479811974257415610
6 3 4 1 -1  1
14480030219698269841
7 2 4 5 -1  1
14480170906238813049
6 7 5 7 -1  1
14480279036292850578
7 4 7 5 -1  1
14480460988085015190
5 4 4 4 -1  1
7 5 7 4 -1  1
14480694031660967920
6 4 6 3 -1  1
14480717311743332898
7 3 5 5 -1  1
14481020217237998153
6 7 6 6 -1  1
14481206943286246250
1 0 5 0 -1  1
14481417153533483467
7 5 7 4 -1  1
14481462298391792221
5 7 4 7 -1  1
14481488532862500232
6 2 4 3 -1  1
14481568331986340252
4 2 3 4 -1  1
14481829080039080749
1 5 5 1 -1  1
14481957180107202706
4 2 5 3 -1  1
14481982116423995258
5 4 4 2 -1  1
14482001216164177926
7 6 7 5 -1  1
14482016379893447665
6 7 5 7 -1  1
14482094135476042700
7 5 6 5 -1  1
14482248182246447083
5 2 6 3 -1  1
14482251158615754719
6 0 5 0 -1  1
14482255684979042372
7 5 6 6 -1  1
14482271001518338021
1 0 1 1 -1  1
14482320268464383492
7 3 6 3 -1  1
14482327959208402033
1 1 1 6 -1  1
14482360060925355975
5 0 4 0 -1  1
14482404217514190730
7 3 5 1 -1  1
14482473732678359513
3 4 7 0 -1  1
14482942942080816952
6 3 4 3 -1  12
6 6 5 6 -1  1
14483131997963068373
5 2 6 4 -1  1
14483146662307242331
3 1 2 1 -1  1
14483408391016124812
7 6 7 5 -1  1
14483418965161514722
6 7 4 7 -1  1
14483433002595923450
7 4 6 3 -1  1
14483504479395821977
5 1 5 0 -1  1
14483581835046357204
0 2 0 0 -1  1
14483591610216821759
3 1 5 3 -1  1
14483754112018339699
7 0 7 3 -1  1
14483989581080773788
7 2 6 3 -1  1
14484049651207658351
7 6 6 7 -1  1
14484085030681582290
5 1 7 3 -1  1
14484086691432714689
6 2 4 2 -1  1
14484087716955658356
6 1 1 6 -1  1
14484381515285566713
4 5 3 4 -1  1
14484399160118431469
4 3 3 4 -1  1
14484401319962486929
5 4 4 3 -1  1
14484570968458173167
5 4 1 4 -1  1
14484787686127820372
3 1 2 3 -1  1
14485068252015184160
6 4 4 4 -1  2
7 4 7 6 -1  1
14485380759424969073
7 4 7 3 -1  1
14485679659840436851
6 2 7 2 -1  1
14485696047737960513
2 4 0 2 -1  1
14485758853398703736
5 4 6 4 -1  1
14485759935661381667
3 7 2 7 -1  1
14486080893131443320
7 0 7 2 -1  1
14486160384655040845
6 6 7 5 -1  1
14486214609025227969
4 4 3 4 -1  1
14486224100301671475
4 0 0 0 -1  1
14486271778807577855
7 1 6 3 -1  1
14486892485150133563
5 6 3 5 -1  1
14486898609158668771
5 1 3 2 -1  1
14486900678394718203
7 6 6 5 -1  1
14487037461337417223
7 3 7 0 -1  1
14487200474507857259
6 6 5 6 -1  1
14487265237102772438
4 3 0 3 -1  1
14487363040507415615
5 1 1 5 -1  1
14487456705894004377
6 1 6 2 -1  2
14487489823719127211
7 4 7 6 -1  1
14487574066964161574
7 0 7 1 -1  1
14487824791477514920
7 2 4 5 -1  1
14487904115249180831
5 2 4 1 -1  1
14487968002369212145
4 4 3 4 -1  1
14488104335938685783
5 1 2 4 -1  1
14488166955312173180
7 4 3 0 -1  1
14488432214716128147
4 5 3 5 -1  1
14488609267589017245
7 0 3 0 -1  1
14488610374986224206
7 2 7 4 -1  1
14488695743196198223
6 4 4 4 -1  1
14488955356993939205
4 5 3 4 -1  1
14489015082038939128
7 4 7 6 -1  1
14489051010359994764
6 4 4 4 -1  1
14489061639723204394
6 4 4 4 -1  1
14489109292740876379
6 5 5 5 -1  1
14489119885182439708
7 1 5 2 -1  1
14489279184420968592
6 3 6 1 -1  1
14489390569608483644
6 5 4 5 -1  1
14489465990659753921
0 5 1 5 -1  1
14489468689169257218
7 2 7 1 -1  1
14489686407002360962
6 6 4 6 -1  1
14489763261607699991
7 5 7 3 -1  1
14489946866055900606
6 7 4 7 -1  1
14490081587308119823
1 2 6 7 -1  1
14490109864961531121
7 3 7 4 -1  1
14490128943212051082
6 4 5 3 -1  1
14490844818113515638
5 1 4 1 -1  1
14490996674243617125
6 5 4 5 -1  1
14491220624129287013
3 5 4 7 -1  1
14491342246323485616
7 2 6 3 -1  1
14491354810353728756
4 3 7 3 -1  1
14491663196328931483
5 5 6 4 -1  1
14491899770139157344
6 3 4 4 -1  1
14491901829789693614
7 0 7 1 -1  1
14492067884090266818
7 4 7 6 -1  1
14492168755863098440
4 1 3 2 -1  1
14492605341888411336
7 2 5 4 -1  1
14492613017666555340
3 6 2 4 -1  1
14492692802722986518
6 0 4 0 -1  1
14492786970401340646
3 1 2 1 -1  1
14492825534532312047
7 3 5 5 -1  1
14492913004142607607
5 2 4 0 -1  1
14492922332861024058
7 2 6 3 -1  1
14493014237091174572
4 3 5 2 -1  1
14493361153618440871
7 1 5 2 -1  1
14493415371957146446
4 6 2 7 -1  1
14493524130531191457
6 3 4 2 -1  1
14493583983554269395
5 2 4 0 -1  9
6 1 5 1 -1  1
7 2 3 6 -1  4
7 2 6 3 -1  4
7 3 6 2 -1  4
14493673374850833184
6 3 5 1 -1  1
14493702788708783088
5 1 4 1 -1  1
14493738980233288126
4 2 4 3 -1  1
14494013701714617567
6 6 3 3 -1  1
14494023463472969411
2 4 2 6 -1  1
14494072708219169183
7 1 6 1 -1  1
14494299063062458192
5 2 5 1 -1  1
14494428980448579639
6 3 6 4 -1  1
14494513090458738812
2 5 3 3 -1  1
14494515902553427525
5 5 4 6 -1  1
14494555653895013498
4 7 3 7 -1  1
14494617803055293505
6 6 4 6 -1  1
14494881257486990519
4 5 3 3 -1  1
14494893157494090918
2 1 3 3 -1  1
14495040066083468350
5 4 4 2 -1  1
14495068885730085663
7 4 7 6 -1  1
14495110008555170156
6 2 6 3 -1  1
14495117372789511339
6 3 7 4 -1  1
14495164699458598648
3 7 2 7 -1  1
14495199954600496869
6 1 1 6 -1  1
14495239287770096724
7 1 6 0 -1  1
14495251597590852064
4 3 3 4 -1  1
14495260368911024923
3 1 1 3 -1  1
14495275330546583929
4 0 3 1 -1  1
14495412036767710189
4 0 3 1 -1  1
14495426597549403488
2 4 2 6 -1  1
14495598204675455384
6 1 4 1 -1  1
14495642220599468782
1 4 0 2 -1  1
14495648118606798900
5 5 2 2 -1  1
14495702639435092625
6 5 5 5 -1  1
14495885290081957911
4 5 3 6 -1  1
14495924464573226695
5 0 5 3 -1  1
14496365336933807897
7 4 7 3 -1  1
14496545376938013755
7 5 5 5 -1  1
14496572907793434606
4 6 3 6 -1  1
14496605275619859598
7 5 7 4 -1  1
14497069359426509103
7 3 5 1 -1  1
14497161605051090902
3 2 3 1 -1  1
14497165177165104030
4 1 6 3 -1  1
14497266612096172529
4 6 6 4 -1  1
14497276319916262928
4 6 3 7 -1  1
14497357704778978665
6 2 6 3 -1  1
14497498420874371549
5 5 7 4 -1  1
14497885866301109153
5 3 5 2 -1  1
14497961232709260056
0 0 0 3 -1  1
14498549927154177558
7 5 2 5 -1  1
14498673707549426166
6 2 5 1 -1  1
14498700304356499104
3 1 4 3 -1  1
14498710746006896282
7 2 7 3 -1  1
14498724268681069650
4 4 3 5 -1  1
14498814785462132296
7 5 5 3 -1  1
14498979021651615161
7 5 7 4 -1  1
14498989804818320962
5 2 3 1 -1  1
14499005489441498687
3 4 6 1 -1  1
14499025804491617828
5 5 3 4 -1  1
14499205895884179477
5 5 6 7 -1  1
14499559888540716869
7 1 7 0 -1  1
14499714413987633888
6 4 4 6 -1  1
14499734949286383944
5 5 4 3 -1  2
14499821005017887552
5 0 2 0 -1  1
14500076013048781099
4 3 3 1 -1  1
14500301698436031434
7 4 7 6 -1  1
14500783853048232420
7 5 7 4 -1  1
14500801072721165931
5 5 6 4 -1  1
14500834291112459668
7 3 6 2 -1  1
14500869963283662284
0 6 0 4 -1  1
14501101325406477579
6 4 5 2 -1  1
14501169466425454943
7 0 7 2 -1  1
14501259373068388717
6 6 7 5 -1  1
14501259552521933951
5 7 4 6 -1  1
14501470889535671162
4 3 3 2 -1  1
14501518539169057267
7 1 5 1 -1  1
14502033407490702428
7 4 7 5 -1  1
14502124563844527451
5 4 4 4 -1  1
14502287575014815999
1 2 1 7 -1  1
14502481749422175073
2 0 0 2 -1  1
14502500220665225717
6 5 5 6 -1  1
14502511241087713433
2 6 2 4 -1  1
14502597039221916400
1 0 1 2 -1  1
14502652520286860163
5 4 4 4 -1  1
14502655886690161174
5 0 4 0 -1  1
14502728284932883789
3 2 2 2 -1  1
14502926719172137799
4 7 3 7 -1  1
14502926932570658263
0 2 2 4 -1  1
14502974756436470871
6 3 6 1 -1  1
14503264715120546371
6 3 6 2 -1  1
14503488270521904141
3 4 2 5 -1  1
14503671542111461125
6 7 5 7 -1  1
14503672464297554679
6 6 5 6 -1  1
14503763245448948507
6 7 5 7 -1  2
14503983891444633522
7 4 7 6 -1  3
14504002603897279663
7 2 3 2 -1  1
14504020053054483408
6 1 5 1 -1  1
14504053146698848711
3 5 5 5 -1  1
14504244132700613032
6 1 5 1 -1  1
14504481727402433288
7 4 7 6 -1  1
14504495033415760757
7 6 5 5 -1  1
14504500112468904920
5 5 5 4 -1  1
14504613642947007545
5 4 4 2 -1  1
14504661210177625892
5 4 5 5 -1  1
14504946844777040288
7 2 6 1 -1  1
14504971772741628064
6 6 5 6 -1  1
14505223432704485076
5 0 4 0 -1  1
14505288512163358094
7 4 7 5 -1  1
14505474426915161769
7 2 6 1 -1  1
14505524691637828121
6 5 0 5 -1  1
14505546336311055790
7 4 7 6 -1  1
14505567408646753222
5 6 5 5 -1  1
14505678787171228202
7 1 5 1 -1  1
14505972590426954203
7 0 7 2 -1  1
14506031568489208771
4 2 6 4 -1  1
14506049469290619678
5 6 4 5 -1  1
14506098395307264247
5 7 0 2 -1  1
14506262707765113832
4 2 5 3 -1  1
14506265739274482479
5 4 6 4 -1  1
14506336748915755317
4 5 3 5 -1  1
14506757683018051802
6 2 6 5 -1  1
14507154578532601061
4 2 5 4 -1  1
14507157053056517851
7 0 7 6 -1  1
14507300373326879234
5 2 4 1 -1  1
14507304600916619286
7 2 6 3 -1  1
7 5 6 4 -1  2
14507479047388965831
6 6 4 6 -1  1
14507623848096989960
7 0 7 2 -1  1
14507695243938799180
6 7 5 7 -1  1
14507701477771951112
5 5 7 5 -1  1
14507943287973327317
6 3 4 3 -1  3
6 3 5 3 -1  13
7 5 7 4 -1  3
14508056375748622366
2 6 2 3 -1  1
14508076418243938103
6 4 5 3 -1  1
14508089914426758204
5 3 4 3 -1  1
14508444119752555438
7 4 7 0 -1  1
14508565351089912798
5 4 6 4 -1  1
14508601802813263969
4 0 0 4 -1  1
14508725341751907260
5 7 4 7 -1  1
14508754255498089416
3 2 0 2 -1  1
14508831315084884005
2 1 0 1 -1  1
14508856312448603953
5 2 4 0 -1  1
14508895747659509585
7 5 7 4 -1  1
14509078345339692019
5 3 5 2 -1  1
14509081344685208565
4 7 1 7 -1  1
14509174041240103284
7 2 5 0 -1  1
14509388269055383133
5 1 6 2 -1  1
14509408460958264631
4 4 3 5 -1  1
14509415913125459801
7 5 3 1 -1  1
14509738153023302283
7 2 7 3 -1  1
14509739068471853261
5 3 5 1 -1  1
14509886348339288543
6 7 5 6 -1  1
14510002009030055912
6 3 5 1 -1  1
14510057844632795159
5 1 4 1 -1  1
14510109318291025467
5 3 5 2 -1  1
14510256564173521176
4 0 7 3 -1  1
14510282584556020998
1 6 0 6 -1  1
14510329054338296815
7 1 6 1 -1  1
14510554784572258989
7 6 7 5 -1  1
14510697973931022693
5 4 4 4 -1  1
14510761518227427366
4 4 6 3 -1  1
14511021720527505792
3 7 2 6 -1  1
14511591283094739900
4 7 5 5 -1  1
14511606630405483863
6 3 5 3 -1  1
7 5 4 2 -1  72
7 6 5 5 -1  19
14511692155415197320
2 6 1 6 -1  1
14511748373651120842
5 3 5 5 -1  1
14511775910336331799
7 2 2 7 -1  1
14511802672455930622
6 0 4 0 -1  1
14511909778182426099
7 3 2 3 -1  1
14511970809313813615
7 3 7 4 -1  1
14512080922607816144
3 4 3 0 -1  1
14512128594379314828
7 5 6 4 -1  3
14512129196855816009
2 5 4 4 -1  1
14512197255227382957
7 2 6 1 -1  1
14512421880880248640
6 6 2 2 -1  1
14512424580030561273
6 6 6 5 -1  1
14512560617856649520
6 4 6 2 -1  1
14512666539252766067
4 4 3 3 -1  1
14512920316922830987
1 5 1 7 -1  1
14512937522701030236
4 7 5 5 -1  1
14513150520072994684
0 3 0 6 -1  1
14513366803535237711
3 7 2 6 -1  1
14513521151388597933
7 0 7 1 -1  1
14513676099256649720
5 5 4 3 -1  1
14513727050908630190
3 4 0 1 -1  1
14513729265299673090
7 5 7 4 -1  1
14513752430731298392
4 0 7 3 -1  1
14513796870823200123
7 0 7 2 -1  1
14513945289518004576
6 6 7 5 -1  1
14513948134710895632
5 5 6 3 -1  1
14514005162101712104
7 4 7 6 -1  1
14514100211057373339
6 4 5 5 -1  1
14514204990831754452
7 0 5 0 -1  1
14514209000821426962
5 5 5 4 -1  1
14514219286576473131
4 6 3 6 -1  1
14514277768281276988
7 6 7 0 -1  1
14514333269340555615
6 3 6 5 -1  1
14514356458374300259
5 5 4 4 -1  1
14514564570582298467
5 5 4 7 -1  1
14514573894311670413
7 0 7 5 -1  1
14514737342171029348
6 4 5 5 -1  1
14514804738642410814
7 5 6 4 -1  1
14514808565481564380
7 5 7 2 -1  1
14514864834155765920
3 4 4 2 -1  1
14514871086534578453
5 4 4 4 -1  1
14514991264184265823
6 3 3 0 -1  1
14515322820040952555
7 2 4 2 -1  1
14515378954003391872
5 1 5 2 -1  1
14515448659205940632
6 6 5 5 -1  1
14515499405025174566
5 1 5 0 -1  1
14516374853625757811
7 0 6 1 -1  1
14516442536992068950
7 4 7 6 -1  1
14516548268906481742
2 7 1 6 -1  1
14516587059016661730
4 7 5 6 -1  1
14516694934789261882
7 3 6 4 -1  1
14516922340502096241
5 5 6 3 -1  1
14517059365974144046
5 3 4 2 -1  1
14517735712736226350
1 1 0 1 -1  1
14517856688409934505
6 2 6 4 -1  1
14517896322474859829
7 0 7 2 -1  1
14518004734958979048
4 6 3 6 -1  1
14518099494830476590
5 6 1 2 -1  1
14518527743335174410
7 4 7 2 -1  2
14518614060940225706
7 4 7 6 -1  1
14518843687627555559
4 4 5 3 -1  1
14519119916084441751
4 3 2 4 -1  1
14519204963941625080
6 3 4 2 -1  1
14519323966282404259
4 0 3 0 -1  1
14519672756689393591
7 2 4 5 -1  1
14519705260586761931
5 3 5 1 -1  1
14520179646033762491
6 2 6 0 -1  1
14520272140649566096
4 2 3 0 -1  1
14520325826174823042
7 3 6 3 -1  1
14520625781302872209
1 1 2 1 -1  1
14520696072903367101
4 7 3 5 -1  1
14520782765016345117
7 3 7 1 -1  1
14520882059962974386
6 0 5 0 -1  1
14520971441618831723
7 6 6 5 -1  1
14521212909667791442
5 2 4 4 -1  2
7 0 7 1 -1  1
7 5 5 3 -1  1
14521538132883979680
6 6 5 5 -1  1
14521558501495805389
6 6 7 6 -1  2
14521619079901049011
5 5 3 4 -1  1
14522088948643609245
7 5 6 4 -1  1
14522102904880986667
7 1 5 2 -1  1
14522364297771069561
6 3 3 0 -1  1
14522597814523918246
1 1 2 2 -1  1
14522794575241522440
5 5 3 6 -1  1
14523328356285821886
6 6 7 6 -1  1
14523567724149221951
2 2 1 2 -1  1
14523601115124696527
7 0 7 4 -1  1
14523717294248203506
3 0 4 2 -1  1
14523910222015330822
2 7 6 3 -1  1
14524226779156969349
6 6 5 5 -1  1
14524358657102688510
4 2 3 3 -1  1
14524503734947347915
5 2 4 2 -1  1
14524923135160881096
4 3 3 2 -1  1
14525023726291140829
5 5 4 4 -1  1
14525206277460235964
4 7 5 6 -1  1
14525312869540434103
6 3 7 2 -1  1
14525382136957051916
2 3 5 6 -1  1
14525537823457459058
3 5 5 4 -1  2
14525586401725957728
1 2 1 0 -1  1
14525763782897068517
5 4 3 6 -1  1
14525833594814162595
7 4 6 4 -1  1
14525993865857769050
7 4 7 5 -1  1
14526081921006527810
5 0 4 0 -1  1
14526600143557359820
7 2 5 4 -1  1
14526721396602873437
7 5 6 5 -1  1
14526878600405865011
7 6 6 5 -1  1
14526925609662967858
4 6 5 4 -1  1
14527186235459352739
4 2 6 0 -1  1
14527187746742974354
1 1 1 2 -1  1
14527419297610720365
5 5 4 5 -1  1
14527460825862295343
5 6 5 2 -1  1
14527666943626158946
7 4 3 4 -1  1
14527864543925645698
5 0 3 2 -1  1
14528240381393768054
3 3 7 3 -1  1
14528547890044328573
7 6 7 5 -1  1
14529129548768137511
5 3 6 4 -1  1
14529255000644239528
6 1 5 1 -1  1
14529295021891086449
5 5 3 4 -1  1
14529319659536368980
4 2 6 3 -1  1
14529343975454619778
7 4 6 4 -1  1
14529467096242996923
5 2 3 0 -1  1
14529921519794466525
6 2 4 2 -1  1
14530104018740574658
7 1 5 2 -1  1
14530137420568924509
5 3 4 4 -1  1
14530151033332064804
6 2 6 4 -1  1
14530392130545375433
7 3 7 2 -1  1
14530495952165467504
6 7 4 7 -1  1
14530621926006715797
4 2 5 3 -1  1
14530633816645680024
3 3 2 3 -1  1
14530982060046444076
5 5 1 1 -1  1
14530986087777269212
4 2 2 4 -1  1
14531004419745877337
7 5 7 6 -1  1
14531025315037667398
6 5 7 5 -1  1
14531297680577073050
5 5 6 3 -1  1
14531347853873493469
3 7 4 6 -1  1
14531695830218444472
7 1 5 2 -1  3
14532230173592516399
6 7 4 7 -1  1
14532336068366086871
4 1 2 1 -1  1
14532673290342819591
7 3 6 2 -1  1
14532806396817070200
6 7 5 6 -1  1
14532941661654389822
7 5 6 4 -1  1
14533110457309535183
5 1 5 2 -1  1
14533193130660239416
4 2 5 3 -1  1
14533372152551116516
1 4 1 1 -1  1
14533761819064931957
5 7 6 6 -1  1
14533819110706819165
5 7 4 7 -1  1
14533842222921913706
5 2 4 4 -1  1
14534076455751354703
6 6 5 6 -1  1
7 1 5 2 -1  1
7 6 5 5 -1  3
14534226551078207117
7 5 6 4 -1  1
14534294336913819781
0 4 0 0 -1  1
14534419378666986407
7 2 7 3 -1  1
14534458320134570790
7 6 6 6 -1  1
14534490757847657264
3 1 5 2 -1  1
14534504784822292922
7 5 7 2 -1  1
14534547145438303424
6 3 4 2 -1  1
14534568980987757391
7 5 3 1 -1  1
14534693367196241991
7 5 7 4 -1  1
14534824956609593699
6 2 5 1 -1  1
14534864744209956678
5 1 4 0 -1  1
14534916481839644480
7 5 7 3 -1  1
14534917872072270089
7 5 3 1 -1  1
14535361076800811075
0 3 2 3 -1  1
14535362455544498414
7 0 6 1 -1  1
14535410612366149136
3 4 2 4 -1  1
14535601503993227687
5 1 5 3 -1  1
14535687915915061516
4 5 3 3 -1  1
14535786200039714907
5 5 4 4 -1  1
14536021917145121046
7 6 7 7 -1  1
14536222811090012450
7 5 7 3 -1  1
14536275466274649576
2 2 1 4 -1  1
14536366793451666006
6 4 4 2 -1  1
14536409382782766785
6 4 7 4 -1  1
14537006770147033932
7 1 6 3 -1  1
14537124677032812573
3 1 1 3 -1  4
3 1 6 4 -1  4
6 0 4 0 -1  1
6 2 4 2 -1  2
14537287588795128839
6 3 5 3 -1  1
14537360070279009370
5 5 4 4 -1  1
14537406031887520257
6 6 3 3 -1  1
14537538147650183601
7 4 7 6 -1  1
14537637418423408484
7 0 7 1 -1  1
14537756315486042509
7 3 4 0 -1  1
14537759154985266126
5 4 2 1 -1  1
14538256078532405747
5 5 6 3 -1  1
14538390901822090681
2 3 2 2 -1  1
14538465822809887033
4 2 3 3 -1  1
14538513033426845381
5 5 2 5 -1  1
14539229641971894414
5 7 5 6 -1  1
7 6 7 7 -1  1
14539708580575167141
2 4 1 2 -1  1
14539774155060723216
4 0 3 1 -1  1
14540063581675095305
3 6 2 4 -1  1
14540173451347620602
2 1 3 1 -1  1
14540245747799652369
5 4 3 3 -1  1
14540407818781251580
6 4 4 6 -1  1
14540486863303490570
2 0 0 0 -1  1
14540638248908324929
6 1 5 1 -1  1
14540788918042486024
7 3 6 3 -1  1
14540822639935428735
3 5 2 5 -1  1
14540860175528473397
6 4 5 4 -1  1
14541201563587568728
5 4 6 3 -1  1
14541252814598178581
7 3 6 3 -1  1
14541279850361141029
5 4 4 4 -1  1
14541371882689362398
1 7 1 1 -1  1
14541401823726263920
3 2 5 0 -1  1
14541445743325797207
4 3 2 2 -1  1
14541519180733052671
2 0 1 1 -1  1
14541544789941124499
6 3 4 4 -1  1
14541718585032857194
6 1 5 1 -1  1
14541852991541694163
6 6 7 5 -1  1
14542490075931060361
6 2 6 1 -1  1
14542490965116824585
3 4 4 6 -1  1
14542829831726865021
6 4 5 4 -1  1
14543122296957253228
7 3 7 2 -1  1
14543334908594596759
5 5 4 3 -1  1
14543394431668190345
7 3 0 3 -1  1
14543460496321222377
6 1 5 1 -1  1
14543680689009301129
3 3 2 3 -1  1
14543701531403238549
5 0 4 1 -1  1
14543899331805440689
5 0 4 0 -1  1
14543955082782367026
4 1 3 1 -1  1
14544285932457886853
6 6 5 7 -1  1
14544338247304852596
7 5 6 4 -1  1
14544395217387815136
3 1 2 2 -1  1
14544597068357336361
5 5 7 4 -1  1
14544708154442213378
2 2 1 4 -1  1
14544790654726822971
6 6 5 5 -1  1
14544859994651277186
5 5 4 4 -1  1
14544974925990505423
6 6 4 6 -1  1
14545121917381893671
6 4 5 4 -1  1
14545212117796419942
7 4 7 6 -1  1
14545374469106976467
7 1 5 0 -1  1
14545428033541361678
7 2 2 7 -1  1
14545589753997860381
7 5 7 3 -1  1
14545667324012149374
5 3 4 3 -1  1
14546206574381903730
6 4 5 4 -1  1
14546381888177648128
7 4 7 5 -1  1
14546503705557850656
6 6 5 6 -1  1
14546503748148255865
5 2 4 3 -1  1
14546510448094636891
3 3 4 4 -1  2
14546633871055722571
3 2 2 2 -1  1
14547138987774133751
7 5 7 3 -1  1
14547143358604292212
4 4 4 3 -1  1
14547187128712781239
5 2 4 2 -1  1
14547255980209652415
4 3 3 3 -1  1
14547362408316076752
0 2 1 2 -1  1
14547398470116705684
6 3 5 3 -1  1
14547454303779861109
5 3 6 2 -1  1
14547653789574292331
3 0 2 1 -1  1
14547779940859500155
2 4 0 4 -1  1
14547958358970474374
6 6 6 7 -1  1
14548111556848230203
2 7 4 7 -1  1
14548483042139554736
6 5 5 6 -1  1
14548545140967570244
7 3 0 3 -1  1
14548809432572770440
7 2 3 2 -1  1
14548899676649748705
6 7 7 6 -1  1
14548920114342802705
5 4 4 4 -1  1
14549143897406371288
5 1 4 1 -1  1
14549491306855354552
7 6 6 6 -1  1
14549564973741242490
2 1 1 1 -1  1
14549673220379155943
6 4 5 3 -1  1
14549737108062711586
7 0 7 3 -1  1
14549941659644100033
5 4 3 6 -1  1
14549955627850336723
1 7 0 7 -1  1
14549960759425926096
5 6 4 6 -1  1
14550192105222048884
5 4 6 3 -1  1
14550378125615662097
3 0 2 0 -1  1
14550667299618116658
5 5 4 3 -1  1
14550815397118262796
4 6 3 6 -1  1
14550876611688594099
7 2 1 2 -1  1
14550929917701496079
5 3 6 2 -1  1
14550944198938145614
7 5 6 4 -1  1
14550979063256896592
6 7 5 7 -1  1
14551066518880451710
4 5 3 4 -1  1
14551132508115874655
7 5 7 7 -1  1
14551279309148028582
6 5 5 4 -1  1
14551302116007539385
7 4 6 5 -1  1
14551385125587781485
6 3 5 3 -1  1
14551789563722809420
1 7 0 7 10  1
14551808990962467311
7 5 7 4 -1  1
14551849518349021109
7 4 6 4 -1  1
14551869978201212892
5 0 6 2 -1  1
14551900612116285732
6 6 5 6 -1  1
14552082692246870702
5 5 3 4 -1  1
14552130611207035579
4 5 2 4 -1  1
14552507118558880152
6 1 7 2 -1  1
14552617504687723817
4 5 4 6 -1  1
14552840195563038449
7 0 7 2 -1  1
14552917429929254832
6 3 5 4 -1  1
14553058029940424515
6 1 5 1 -1  1
14553186336588022569
4 4 3 3 -1  1
14553215078333769837
7 4 7 6 -1  1
14553218560619388582
5 4 6 3 -1  1
14553594448959687071
3 1 3 2 -1  1
14553755206938244271
6 7 5 7 -1  1
14553987797310852239
7 2 6 2 -1  1
14553995312163633220
1 2 5 2 -1  1
14554087713550647554
1 6 0 4 -1  1
14554123131067423076
5 2 4 3 -1  1
14554365901535480184
5 3 6 4 -1  1
14554646610079709114
6 6 5 7 -1  1
14554846402124421809
4 0 3 0 -1  1
14554909620042982879
5 5 6 7 -1  1
14555252959238331847
4 7 5 7 -1  2
14555302023888002027
6 3 4 3 -1  1
14555312000788317644
5 5 6 4 -1  1
14555456722724395343
5 3 5 5 -1  1
14555807744305607026
0 2 3 2 -1  1
14556068888502494053
6 5 5 5 -1  1
14556417730882126263
3 7 3 5 -1  1
14557007913619404764
7 0 7 3 -1  1
14557238636386924999
7 2 3 6 -1  1
14557259953254078372
1 1 6 1 -1  1
14557282142117924840
7 3 5 1 -1  4
14557351022743680241
0 4 2 5 -1  1
14557510191453003812
6 0 5 0 -1  1
14558061775928036370
5 1 7 3 -1  1
14558143270757508973
7 5 7 2 -1  1
14558253641860103511
3 5 0 2 -1  1
14558639410100816330
5 5 4 3 -1  1
14559150020826068355
6 5 5 5 -1  1
14559166145643672739
5 2 4 0 -1  1
14559198659799551634
6 4 5 4 -1  1
14559234245526280517
6 3 4 2 -1  1
14559292290297355026
6 0 5 0 -1  1
14559332861269461310
7 0 7 3 -1  1
14559341095474141248
6 1 7 2 -1  1
14559534243549333813
7 3 7 6 -1  1
14559673362808096965
4 1 6 2 -1  1
14559800822569338310
2 1 2 0 -1  1
14559993804048136775
5 5 3 4 -1  1
14560032342570041481
6 3 4 1 -1  1
14560185994887469018
5 6 7 5 -1  1
14560201251905986186
7 3 4 6 -1  1
14560400769331977207
7 6 6 5 -1  1
14560439499789524297
5 3 5 4 -1  1
14560459523393832764
0 4 2 6 -1  1
14560607954543780029
6 3 5 3 -1  1
14560626800382723380
6 1 7 2 -1  1
14561377074491055295
3 0 1 1 -1  1
14561415332530425881
3 4 3 2 -1  1
14561621173660579852
7 3 7 1 -1  1
14561786673862271561
7 3 7 2 -1  1
14561838662484062169
3 1 2 1 -1  1
14561905870056312036
0 0 0 1 -1  1
14562260549561135605
7 3 7 0 -1  1
14562423111245668828
4 4 3 3 -1  1
14562592861501664294
5 0 6 2 -1  1
14562661475004169544
6 7 5 7 -1  1
14562798321433003695
6 7 5 7 -1  1
14562803705651267596
5 2 5 3 -1  1
14562809063117104998
3 3 2 3 -1  1
14563367115120920668
6 5 3 2 -1  1
14563377926996363102
5 5 7 4 -1  1
14563482506599026511
4 4 3 6 -1  1
14563598374537437301
6 5 5 5 -1  1
14563706279166315993
7 5 7 4 -1  1
14563719625405497194
7 5 7 3 -1  1
14563734469322658616
7 0 6 0 -1  1
14564100340792929124
5 0 4 1 -1  1
14564112694420744025
5 5 4 4 -1  1
14564128727309070417
3 5 4 5 -1  1
14564238239591082658
7 3 5 5 -1  1
14564480936460702180
6 3 5 1 -1  1
14564502481833051840
7 4 7 3 -1  1
14564608309562384761
6 4 0 4 -1  1
14564704950540414704
4 1 5 0 -1  1
14565182710148096019
3 4 1 6 -1  1
14565297018859639296
4 7 3 7 -1  1
14565314903378501433
7 2 6 3 -1  1
14565333121444283404
3 6 2 5 -1  1
14565375089119438758
4 3 5 5 -1  1
14565433221785608724
3 1 0 4 -1  1
14565435550538430763
4 5 5 4 -1  1
14565562755481345130
4 3 4 4 -1  1
14566273555541787876
7 2 7 1 -1  1
14566310658279553685
7 2 6 3 -1  1
14566352158702807812
7 6 5 5 -1  1
14566445098688493990
6 5 4 5 -1  1
14566471675761796489
5 1 6 1 -1  1
14566560776785015907
6 2 0 2 -1  1
14566637048914626498
7 3 5 1 -1  1
14567285898842551019
7 6 7 7 -1  1
14567330330140850587
3 7 0 7 -1  1
14567393547388774405
6 4 5 3 -1  1
14567583758606975234
6 1 4 1 -1  1
14567653976318547811
6 1 4 1 -1  1
14567775266128375187
4 0 4 4 -1  1
14567883094827004591
2 0 1 1 -1  1
14568027133730488631
6 7 5 6 -1  1
14568244880895147617
7 1 5 1 -1  1
14568343664400598059
2 0 4 0 -1  1
14568395134272534611
5 4 3 2 -1  1
14568434587349318162
5 5 7 4 -1  1
14568630313245852797
7 4 6 3 -1  1
14568670595037981465
7 2 5 4 -1  1
14569099813510565373
6 4 4 4 -1  1
14569155638409025594
5 1 4 0 -1  1
14569277704886462863
4 5 4 7 -1  1
14569341886787113076
7 1 7 2 -1  1
14569625968913420598
5 5 6 3 -1  1
14569627608874305304
7 5 4 2 -1  1
14569691679427254117
7 6 7 7 -1  1
14569798419582332056
4 5 3 5 -1  1
14569917456014400417
5 1 4 1 -1  1
14569955576034354624
4 7 3 7 -1  1
14570045884954873521
3 3 2 3 -1  1
14570057494559948940
5 2 5 4 -1  1
14570062782677347054
6 5 5 5 -1  1
14570386760723033346
5 7 5 3 -1  1
14570411581651492810
3 5 2 5 -1  1
14570718206555186032
7 6 5 5 -1  1
14570744274236789978
6 5 4 5 -1  1
14570784366396968691
4 0 3 0 -1  1
14570865616979314207
6 3 4 3 -1  1
14570939077824991397
1 4 1 1 -1  1
14571118849519725475
1 1 4 1 -1  1
14571121351096845734
4 1 3 1 -1  1
14571226331351766599
4 3 1 3 -1  1
14571265638485156925
6 0 5 0 -1  1
14571272857779551787
6 1 6 4 -1  1
14571434637384680442
7 1 6 3 -1  1
14571620862882355946
5 4 4 4 -1  1
14571984728415467692
4 2 5 2 -1  1
14572074039531087329
2 2 3 2 -1  1
14572081488813236979
7 3 5 3 -1  1
14572258747151874424
5 5 5 6 -1  1
14572264506384104064
5 5 7 3 -1  1
14572453440955038515
1 2 1 1 -1  1
14573293070402918290
6 5 4 5 -1  1
14573295488269347441
0 2 3 5 -1  1
14573612691399992296
5 4 5 2 -1  1
14573684977648450699
6 3 5 5 -1  1
14573701785305296081
4 4 3 2 -1  1
14573977259276635569
7 1 6 3 -1  1
14574101133528048432
4 0 3 0 -1  1
14574338717778818652
7 0 7 2 -1  1
14574428045790076328
3 0 2 0 -1  1
14574459109492469920
6 3 4 1 -1  1
14574521088179558460
3 4 5 2 -1  1
14574586465315328153
6 4 3 1 -1  1
14574636234125518153
3 5 4 5 -1  1
14574688560651184817
6 6 5 6 -1  1
14574783522142873959
4 7 5 7 -1  1
14574966225541803786
7 2 4 2 -1  1
14575112953750037877
6 5 5 5 -1  1
14575185874390639156
4 1 3 1 -1  1
14575229315272517349
5 2 4 3 -1  1
14575280255771515044
6 1 7 1 -1  1
14575336444834878842
6 3 5 1 -1  1
14575527717233888380
7 5 7 6 -1  1
14575600049128320679
5 7 4 7 -1  1
14575640352765505143
7 5 5 7 -1  1
