14713123277340238147
5 6 5 7 -1  1
14713229367611316323
3 4 1 3 -1  1
14713572984236021013
6 4 5 5 -1  1
14713749918445859584
4 5 5 6 -1  1
14714302465221700348
6 1 5 0 -1  1
14714483820093558746
6 7 5 6 -1  1
14714547200105783188
6 5 5 6 -1  1
14714549910741716948
6 2 4 3 -1  1
14714714782000479919
7 5 7 4 -1  1
14714771782954824356
3 1 3 0 -1  1
14714867361963299999
2 6 3 4 -1  1
14715007026042863228
5 1 3 3 -1  1
14715228091702048083
5 5 7 4 -1  1
14715284606600408879
4 0 3 1 -1  1
14715351987404577272
5 2 3 3 -1  1
14715423111333516082
7 3 7 0 -1  1
14715593964963897979
6 4 7 3 -1  1
14715663562406648467
7 6 7 5 -1  1
14715978882925266907
5 2 4 3 -1  1
14716477417826750921
7 2 7 4 -1  1
14716611418857279655
7 5 4 5 -1  1
14716797956040428490
3 0 2 0 -1  1
14716833108877308243
5 2 4 3 -1  1
14716834766121889868
4 5 6 3 -1  1
14717240954646807724
5 7 4 7 -1  1
14717509616670207130
5 0 4 1 -1  1
14717525941379096988
4 0 5 1 -1  1
14717584905141569726
7 3 5 3 -1  1
14718000062814403124
6 3 7 4 -1  1
14718142982064876401
7 1 0 1 -1  1
14718184780738768231
0 4 0 3 -1  1
14718303507738275803
3 4 5 6 -1  1
14718421364444596071
7 4 5 4 -1  1
14718733269693919012
7 2 7 7 -1  1
14718821206868490088
5 0 4 0 -1  1
14719048382937115039
6 6 1 1 -1  1
14719066181140658681
7 4 7 6 -1  1
14719339796442946817
3 4 1 5 -1  1
14719364068221211391
6 4 6 3 -1  1
14719392384701487837
7 6 7 7 -1  1
14719474088646206920
6 2 4 1 -1  1
14719493374810861198
6 5 5 6 -1  1
14719510383362988990
6 3 4 4 -1  1
14720019594121587299
4 2 3 1 -1  1
14720144640936982295
5 6 5 5 -1  1
14720235426789604010
5 2 3 3 -1  1
14720284129452753450
3 6 3 5 -1  1
14720317201292691730
2 4 3 4 -1  1
14720331231122001229
4 4 5 3 -1  1
14720396891330425575
2 1 1 1 -1  1
14720399346897184402
5 3 4 5 -1  1
14720677542065023315
4 7 4 3 -1  1
14720817807903847721
6 3 5 2 -1  1
14720914080461942438
7 4 6 4 -1  1
14720914869269839993
4 0 3 0 -1  1
14720946614674175137
2 1 1 1 -1  1
14720970324128130979
7 2 6 1 -1  1
14721075221955232471
7 6 6 6 -1  1
14721308222260825945
5 2 4 3 -1  1
14721342262034395703
0 4 1 3 -1  1
14721623907186940553
6 3 1 3 -1  1
14721665817189096238
5 5 7 4 -1  1
14721790820949203838
7 5 3 1 -1  1
14721960832317904621
6 2 4 2 -1  1
14721963171028843377
5 5 4 4 -1  1
14721979912159405451
4 7 3 7 -1  1
14722697788335811597
2 3 1 2 -1  1
14722745367492174417
4 7 3 7 -1  1
14723149784810618881
6 4 7 5 -1  1
14723216527890904441
7 3 5 3 -1  1
14723267466400375086
6 2 7 3 -1  1
14723353089048509166
3 3 2 3 -1  1
14723365771661351270
7 0 7 1 -1  1
14723407803654572694
6 5 5 5 -1  1
14723515857192286404
3 2 2 1 -1  1
14723745291901903516
2 4 0 5 -1  1
14723745688392421400
7 5 7 4 -1  1
14723796468483940166
2 4 3 5 -1  1
14723993586084126736
7 5 6 4 -1  1
14724146612514215824
6 2 5 0 -1  1
14724234029295219184
4 2 3 3 -1  1
14724289485089382730
5 5 5 6 -1  1
14724376565078812973
7 1 5 2 -1  3
14724420595408768638
3 4 4 2 -1  1
14724585943292705512
6 5 5 5 -1  1
14724644774751597651
4 2 3 4 -1  1
14724819389040209908
6 4 5 5 -1  1
14724845286091902630
3 6 0 3 -1  1
14725016498036446853
5 5 6 5 -1  1
14725038450924571579
7 0 7 2 -1  1
14725169474374528505
1 3 4 3 -1  1
14725221608788279260
6 4 4 4 -1  1
14725238487975383386
0 7 0 0 -1  1
14725420283950497441
7 4 6 3 -1  1
14725782484027000269
5 5 2 2 -1  1
14725804838448139555
3 2 2 4 -1  1
14725851413966609762
7 3 4 0 -1  1
14726041577746043705
5 4 4 3 -1  1
14726150686995797324
6 7 4 7 -1  1
14726409524543739192
7 6 7 7 -1  1
14726438542366400033
7 4 7 3 -1  1
14726524955751866715
7 3 6 2 -1  1
14726787677746432104
7 1 5 2 -1  1
14727302714818577938
5 5 4 3 -1  1
14727303157736607048
6 7 4 7 -1  1
14727466432216586302
5 3 4 4 -1  1
14727777962481626786
6 3 5 1 -1  1
14728157331189856704
5 6 3 7 -1  1
14728253879229768731
3 5 2 6 -1  1
14728515611278232910
2 2 0 1 -1  1
14728567909712839695
5 0 4 2 -1  1
14728946194117995695
3 5 0 5 -1  1
14728954802614021040
7 6 5 5 -1  1
14728978423580213386
5 2 4 2 -1  1
14729045599854084875
7 5 6 4 -1  1
14729194113685010916
6 1 3 4 -1  1
14729380490571116663
7 4 7 5 -1  1
14729493274621803690
7 5 7 4 -1  1
14729672989846322797
5 1 4 2 -1  1
14730066485133975451
6 4 4 6 -1  1
14730140791289493400
2 2 1 2 -1  1
14730442611808502410
5 3 4 3 -1  1
14730600069751859645
1 1 2 0 -1  1
14730619383557470870
2 5 1 5 -1  1
14730656541143337420
6 2 4 2 -1  1
14730659519647593663
7 6 6 6 -1  1
14730672053727456749
6 2 4 2 -1  1
14730783816693636508
4 4 4 3 -1  1
14731315288517416174
4 3 3 2 -1  1
14731693747292811378
4 4 3 6 -1  1
14731853962890479613
6 5 5 4 -1  1
14731889120716607930
6 6 4 5 -1  1
14731997385110369019
6 5 5 5 -1  1
14732140926368344904
7 5 6 6 -1  1
14732255534784678489
4 7 3 7 -1  1
14732315341983310052
6 7 7 7 -1  1
14732384566702359991
6 6 5 6 -1  1
14732431466718018037
3 1 2 1 -1  1
14732479124855872405
5 5 4 7 -1  1
14732848566759993078
6 1 4 1 -1  1
14734096448225630801
6 3 6 5 -1  1
14734213100998594899
7 3 5 1 -1  1
14734293185928170939
2 3 4 5 -1  1
14734410737174801672
6 3 7 4 -1  1
14734510666532407789
6 5 5 5 -1  1
14734790487208606169
5 7 4 6 -1  1
14734805471379602584
1 1 0 1 -1  1
14734867383504579171
7 5 6 5 -1  1
14735067519182343117
7 0 6 0 -1  1
14735462219566948450
5 0 4 0 -1  1
14735731750990418396
6 6 1 1 -1  1
14735976574294551941
7 2 4 5 -1  1
14735981932058976573
5 1 4 2 -1  1
14736096595503028513
5 2 4 2 -1  1
14736254671269842950
7 6 6 5 -1  1
14736265025318215486
7 4 7 6 -1  1
14736467469982035041
6 2 5 4 -1  1
14736550201066488329
4 4 3 3 -1  1
14736624613146990556
4 7 5 6 -1  1
14736709238068377693
6 6 4 6 -1  1
14736767603455713694
6 5 7 4 -1  1
14736839353769638463
3 1 4 2 -1  1
14736866954941697861
7 0 7 2 -1  1
14736920909172121766
7 1 7 3 -1  1
14737069651719165715
5 3 4 4 -1  1
14737155245021127297
7 2 5 0 -1  1
14737358110077853513
7 6 5 5 -1  2
14737615213384800095
3 2 0 5 -1  1
14737618132963991173
6 6 5 7 -1  1
14737927990214335753
1 1 0 1 10  1
14738031444224362921
1 7 1 5 -1  1
14738096294839882102
3 2 5 0 -1  1
14738224502583578614
7 5 7 4 -1  1
14738380111703602822
7 4 7 6 -1  1
14738482663317895952
3 3 6 3 -1  1
14738666482225467795
6 0 5 1 -1  1
14738683791722215525
6 6 1 6 -1  1
14738870845993615297
6 2 3 2 -1  1
14738922788098609676
7 5 4 2 -1  1
14738989470405195364
2 4 4 2 -1  1
14739082012544617968
5 6 0 1 -1  1
14739106308617157127
4 3 3 1 -1  1
14739235110796195556
7 4 1 4 -1  1
14739315568027649262
4 6 6 5 -1  1
14739474512699029366
7 3 6 4 -1  1
14739601622600582017
6 4 4 4 -1  1
14739709095016448592
4 2 3 3 -1  1
14740290778037330350
7 3 4 0 -1  2
14740366298840865203
7 0 7 1 -1  1
14740673859343790818
5 5 6 3 -1  1
14740972607347619821
6 6 5 5 -1  1
14741096731702285199
3 0 2 0 -1  1
14741601623430468931
4 5 5 4 -1  1
14741899779056349245
7 2 3 6 -1  1
7 6 5 5 -1  1
14741908823177502112
7 2 4 5 -1  1
14741965910488230967
6 5 5 6 -1  1
14741970686121757369
4 5 0 1 -1  1
14742801959229742372
4 0 3 2 -1  1
14742919617460084633
7 7 7 4 -1  1
14743016595772682458
3 4 2 3 -1  1
14743056780939985583
7 6 6 7 -1  1
14743156945536951952
5 2 4 4 -1  1
14743239535254984656
7 5 7 4 -1  1
14743260315114176897
7 0 4 0 -1  1
14743273625689559631
4 2 5 1 -1  1
14743276008309335732
6 5 5 5 -1  1
14743291781257322651
7 5 6 5 -1  1
14743303748088564340
5 3 3 5 -1  1
14743486045002055348
3 1 4 1 -1  1
14743578663014629810
4 3 5 1 -1  1
14743588995728076289
5 3 1 3 -1  1
14743591283676757034
5 4 4 5 -1  1
14743701631166799727
4 0 4 2 -1  1
14743938390346535827
5 1 7 2 -1  1
14743993827172991860
7 6 6 6 -1  1
14744116793062170493
7 6 7 2 -1  1
14744132649935302386
5 6 4 5 -1  1
14744205657887614408
5 5 4 4 -1  1
14744244101942397314
7 2 5 2 -1  1
14744363886224510018
4 2 5 4 -1  1
14744968159635807715
6 2 6 3 -1  1
14745236094799419448
7 4 7 6 -1  1
14745563107024281111
6 3 5 5 -1  1
14745840439719339733
6 1 4 3 -1  1
14745844150499167088
6 4 6 3 -1  1
14745941913237585121
7 4 7 6 -1  2
14746001967955037969
5 4 4 6 -1  1
14746229798530716198
6 5 5 5 -1  1
14746474516760700403
5 5 2 2 -1  1
14746529287014400883
2 6 4 7 -1  1
14746721531417197070
5 5 4 3 -1  1
14746731259566703141
6 5 5 4 -1  1
14746801876634967269
6 7 4 7 -1  1
14747076217339427313
4 7 3 7 -1  1
14747136142378905297
7 2 5 0 -1  1
14747844663225401267
3 5 2 5 -1  1
14747935981006962350
7 4 5 3 -1  1
14748091160689102379
7 2 6 3 -1  1
14748206129654495109
7 3 7 0 -1  1
14748261675244104848
5 6 3 7 -1  1
14748315051778381855
7 0 7 2 -1  1
14748441405448928344
7 1 7 3 -1  1
14748705388647976069
4 1 6 3 -1  1
14748725607449550952
5 2 3 0 -1  1
14748827071265509361
5 0 4 1 -1  1
14748998669744616266
4 5 5 6 -1  1
14749104817414652363
4 7 3 7 -1  1
14749213810058042711
4 1 3 2 -1  1
14749223262603924439
3 0 1 1 -1  1
14749321730455966542
7 4 7 6 -1  1
14749336109371732302
5 2 7 1 -1  1
14749793445188847080
3 6 5 5 -1  1
14750056443544622825
5 4 6 4 -1  1
14750194632421960295
6 5 5 5 -1  1
14750446913528319533
6 3 4 3 -1  1
14750533952375956608
7 4 7 5 -1  1
14750608356369691184
7 2 6 1 -1  1
14750860197025818209
4 0 2 1 -1  1
14750959860082487140
2 7 5 7 -1  1
14750966518058487585
6 1 5 1 -1  1
14751140829307391914
5 3 4 3 -1  1
14751240592118800709
4 3 3 2 -1  1
14751524801681882758
7 3 6 4 -1  1
14751643203329897116
6 4 4 4 -1  1
14751699814681169503
3 4 5 6 -1  1
7 2 5 2 -1  1
14751769760204134873
7 6 6 7 -1  1
14752059187468326959
4 0 3 2 -1  1
14752226356526928084
5 5 3 4 -1  1
14752757665256586451
4 7 5 5 -1  1
6 6 5 6 -1  1
14752769637741459749
6 3 5 5 -1  1
14752964497355068440
4 1 3 2 -1  1
14753292815662535257
7 3 6 3 -1  1
14753477787765355926
4 3 5 5 -1  1
14753584606393132248
6 3 4 2 -1  1
14753710132045944107
7 5 6 6 -1  1
14753760874595836252
3 2 5 1 -1  1
14754589746822281207
7 4 6 5 -1  1
14754761363968535926
7 5 7 1 -1  1
14755266799010167318
2 5 1 7 -1  1
14755315953445944678
3 1 6 4 -1  1
14755429297364620132
6 6 4 7 -1  1
14755468689240986125
5 2 7 1 -1  1
14755646315321816887
5 5 6 4 -1  1
14755990302397289568
7 0 7 2 -1  1
14756189197189563854
3 1 2 2 -1  1
14756242814738310266
6 5 4 5 -1  1
14756421439731507767
3 6 1 7 -1  1
14756453396495681466
7 0 7 2 -1  1
14756545665267240727
4 2 3 1 -1  1
14756872847095707503
4 1 0 1 -1  1
14756890383931538593
3 6 2 5 -1  5
3 6 4 7 -1  5
14757047546973605522
6 7 5 7 -1  1
14757058027265462289
6 1 5 1 -1  1
14757094430670872946
7 6 5 5 -1  1
14757395931978606416
5 3 4 3 -1  1
14757423231782569713
3 6 2 5 -1  1
14757622878998210272
7 5 7 4 -1  1
14757961460679503649
7 2 7 5 -1  1
14758071641348585731
6 6 5 4 -1  1
14758126207872075221
7 4 5 2 -1  1
14758130492231453843
4 6 3 6 -1  1
14758585980687736789
7 0 7 2 -1  1
14758719518793595114
6 1 5 1 -1  1
14758732659612933044
7 4 6 4 -1  1
14758835162427927950
5 1 4 2 -1  1
14758836878377017675
4 5 1 2 -1  1
14758931312404794809
5 2 4 2 -1  1
14758936946740658045
7 2 7 1 -1  1
14759070325405806414
1 0 1 3 -1  1
14759105127775442921
1 4 2 2 -1  1
14759252159249785587
3 1 4 1 -1  1
14759307008746234660
7 5 5 6 -1  1
14759393810144238975
5 4 4 5 -1  1
14759434073120860963
4 5 2 4 -1  1
14759589095006768216
2 5 1 5 -1  1
14759630992563055771
7 3 7 2 -1  1
14759781016548251585
5 2 4 2 -1  1
14760224161304733057
3 2 2 2 -1  1
14760306319125357468
4 6 3 6 -1  1
14760371823505522785
5 7 4 7 -1  1
14760378756782911257
4 4 5 3 -1  1
14760395725258854214
7 1 2 1 -1  1
14760540081407269716
6 6 6 5 -1  1
14761076905514047202
6 7 5 6 -1  1
14761078749685985847
1 0 6 0 -1  1
14761113147303027031
5 2 5 1 -1  1
14761161834825097275
4 3 4 4 -1  1
14761263268778716051
7 1 6 3 -1  1
14761277415309095817
2 0 3 1 -1  1
14761437950451878148
6 4 7 3 -1  1
14761462528973538623
6 5 6 4 -1  1
14761587164499607020
4 4 4 3 -1  1
14761603991912528013
1 1 3 1 -1  1
14761629623592162704
6 1 4 1 -1  1
14761714603291697577
7 3 7 2 -1  1
14761807842296333616
6 1 7 2 -1  1
14761844874991463578
6 3 7 5 -1  1
14762016333134731033
1 3 1 7 -1  1
14762027060990549662
4 6 4 2 -1  1
14762066790388800117
7 4 6 5 -1  1
14762100207095781916
7 4 6 3 -1  1
14762164348997752075
6 2 5 3 -1  1
14762205793238866098
4 5 5 4 -1  1
14762420574016380070
3 1 2 0 -1  1
14762449725885573214
6 7 4 7 -1  1
14762688715687866749
4 3 3 2 -1  1
14762860229274390481
7 6 6 6 -1  1
14762865225533886954
6 3 4 2 -1  1
14762877332221788064
5 7 3 6 -1  1
14762911468982681104
7 3 7 5 -1  1
14763008208348289551
5 3 4 4 -1  1
14763293788684713008
4 2 3 0 -1  1
14763358654623140075
6 5 5 5 -1  1
14763581201145715326
7 4 4 1 -1  1
14763868502622730339
5 6 4 5 -1  1
14763939107651791037
7 5 6 6 -1  1
14764116031570328870
4 3 5 4 -1  1
14765043952271051202
7 3 6 3 -1  1
14765524737994218777
7 6 6 6 -1  1
14765695085934523800
2 5 3 3 -1  1
14765703747442566642
6 4 6 5 -1  1
14765706880920232862
7 5 6 4 -1  1
14765830997518116289
4 5 3 5 -1  1
14766009942200251354
6 4 7 5 -1  1
14766401367476588687
7 6 7 7 -1  1
14766583870419139696
5 5 6 3 -1  1
14766884560967541855
6 5 3 5 -1  1
14767094463150104318
7 6 6 4 -1  1
14767328075367562573
4 5 3 4 -1  1
14767330565357711168
5 5 6 5 -1  1
14767548702343132709
6 5 5 5 -1  1
14767799748921414423
7 1 6 1 -1  1
14767807746408030927
5 5 6 4 -1  1
14767824962737776314
6 6 5 6 -1  1
14767835782652807350
5 4 4 5 -1  1
14768028378257808699
6 5 5 4 -1  1
7 4 7 5 -1  1
14768047739252995168
6 7 5 7 -1  1
14768098307918393576
6 4 3 4 -1  1
14768163916415869065
5 6 4 6 -1  1
14768211296662237719
4 3 3 4 -1  1
14768229483472153612
4 1 5 2 -1  1
14768310882694228433
5 3 6 2 -1  1
14768355170923321222
4 7 6 6 -1  1
14768385331617908000
4 3 3 4 -1  1
14768471103561894965
5 0 4 0 -1  1
14768723094174872323
6 2 5 2 -1  1
14768760934122578366
4 4 5 3 -1  1
14768832445367849638
6 5 5 5 -1  1
14769073446329514823
4 3 3 2 -1  1
14769198034843968436
0 0 1 2 -1  1
14769379165387371755
3 7 2 7 -1  1
14769603976816261599
4 0 1 3 -1  1
14769994916329976548
7 5 6 6 -1  1
14770033526570603218
5 1 5 2 -1  1
14770220002227518936
3 6 6 3 -1  1
14770479913228387339
7 4 7 6 -1  1
14770823659139837759
7 3 6 3 -1  1
14771008007078813469
3 1 1 3 -1  1
14771049910082954930
6 7 5 6 -1  1
14771102512957611289
0 0 0 2 -1  1
14771271993630967755
4 3 6 5 -1  1
14771306240876920309
7 1 7 3 -1  1
14771405325117367661
3 2 4 3 -1  1
14771436872307213269
7 2 7 3 -1  1
14771710000140765344
6 6 4 6 -1  1
14771755730038758119
7 3 6 2 -1  1
14771875587209663383
4 0 3 0 -1  1
14771920531816749132
1 3 0 3 -1  1
14771998385790822823
4 3 3 2 -1  3
7 3 5 1 -1  1
14772089229659033387
7 4 7 6 -1  1
14772159064974919718
3 7 2 7 -1  1
14772172266001443813
5 6 6 5 -1  1
14772545188063555912
4 0 3 1 -1  1
14772609893397280889
0 4 3 4 -1  1
14772616838379315836
4 5 3 4 -1  1
14772637698315457617
6 3 7 4 -1  1
14772822097518754949
7 2 7 5 -1  1
14772827098343301124
7 2 7 4 -1  1
14773275619715069702
6 2 4 2 -1  1
14773300650462692356
7 0 7 4 -1  1
14773713565515555807
6 5 4 5 -1  1
14773758628950962417
7 1 6 1 -1  1
14773788433550531828
4 3 5 1 -1  1
14773866324532854415
3 7 2 7 -1  1
14774014265275427592
3 6 1 4 -1  1
14774142521965912878
7 6 6 5 -1  1
14774301926778186259
7 6 5 5 -1  2
14774310645774152233
4 2 3 1 -1  1
14774370743922713553
7 5 7 1 -1  1
14774636319906445364
7 3 7 4 -1  1
14774776652433163919
6 1 4 1 -1  1
14774970093315798213
6 2 5 2 -1  1
14775067002658967024
6 3 4 3 -1  1
14775348791713049957
5 2 4 2 -1  1
14775550638857843620
4 3 3 5 -1  1
14775571877355958901
1 2 3 3 -1  1
14775592790268072748
7 5 7 3 -1  1
14775654091976546832
7 2 6 3 -1  1
14775833717230500415
6 3 6 0 -1  1
14775869272428288704
5 6 4 5 -1  1
14776427794611322464
3 0 2 0 -1  1
14776460731353524692
5 4 4 4 -1  1
14776695024277697147
6 4 5 4 -1  1
14776965891225847643
6 4 4 6 -1  1
14777008671628383272
6 6 5 6 -1  1
14777141706786742348
1 3 1 1 -1  1
14777165437349952379
7 4 7 6 -1  1
14777361458824957535
6 4 5 5 -1  1
14777405266149024782
6 3 5 3 -1  1
14777660836284964477
6 5 6 3 -1  1
14777861574460421480
3 0 2 1 -1  1
14777987567733327367
5 4 4 4 -1  1
14778045676086498666
7 1 5 2 -1  2
14778133717926551094
7 4 6 5 -1  1
14778395059371737976
6 3 6 1 -1  2
14778402498499710153
5 6 4 6 -1  1
14778483971200020383
4 3 3 2 -1  1
14778682628561014470
1 3 1 6 -1  1
14778973366435642841
4 1 3 1 -1  1
7 1 6 3 -1  1
14779054121391705652
6 3 7 5 -1  1
14779115061207389566
5 3 4 3 -1  1
14779481685686437053
7 5 7 6 -1  1
14779588420269799543
6 6 7 5 -1  1
14779713752540095951
5 3 4 3 -1  1
14779738154407113640
7 4 7 6 -1  1
14779858854252855995
6 4 6 3 -1  1
14780141064537358144
7 4 7 6 -1  1
14780575843176313629
5 7 4 7 -1  1
14780712972935819248
6 4 5 3 -1  1
14780828301189616448
7 5 7 3 -1  1
14781028899321152778
6 3 5 2 -1  1
14781391468872794855
7 4 5 4 -1  1
14781414534081135026
4 3 1 0 -1  1
14781542457746670408
6 3 4 3 -1  1
14781705820611928025
5 0 2 0 -1  1
14781894240331605878
7 4 7 0 -1  1
14782230761123205234
5 5 3 4 -1  1
14782304516880169908
4 5 5 3 -1  1
14782620963074168649
4 6 3 7 -1  1
14782712393654423739
7 0 7 1 -1  1
14782760019196551747
7 2 7 4 -1  1
14782790665642221495
7 4 6 4 -1  1
14782852268622245477
2 2 4 2 -1  1
14783029444724442090
5 4 4 5 -1  1
14783082303732395266
6 6 5 5 -1  1
14783105227404814105
7 1 5 2 -1  1
14783123972775709377
1 0 0 0 10  1
14783126462010822274
5 2 3 2 -1  1
14783286836374589083
1 7 0 7 10  1
14783386350895658302
4 0 3 0 -1  1
14783657827062009450
7 2 6 3 -1  1
14783876308571442790
6 2 5 2 -1  1
14783892561505418056
6 0 4 0 -1  1
6 7 4 7 -1  1
14784034137364448462
7 2 5 2 -1  1
14784097120929565153
4 3 2 4 -1  1
14784201206586002124
6 6 5 5 -1  1
14784252771713017796
5 6 4 6 -1  1
14784351982456698143
6 3 7 2 -1  1
14784406234615360447
3 0 2 0 -1  1
14784551090416123627
5 4 4 4 -1  1
14784831060091701078
2 2 3 4 -1  1
14784832755152611378
7 4 7 5 -1  1
14785218822607919550
6 3 5 2 -1  1
14785234204471620066
7 6 7 5 -1  1
14785281546399837536
6 7 5 7 -1  1
14785393260732808276
3 2 4 4 -1  1
14785453120463731807
5 1 5 2 -1  1
14785453487932850266
7 2 5 4 -1  1
7 2 6 1 -1  4
14785480675999847599
5 6 4 6 -1  1
14785740287975499555
6 4 4 6 -1  1
14785813431414311849
6 6 3 3 -1  1
14786148430562044950
5 2 4 0 -1  1
14786159464630708642
6 5 4 5 -1  1
14786161319729051859
3 3 3 0 -1  1
14786161771483039920
5 1 5 2 -1  1
14786180454519503373
6 5 7 5 -1  1
14786830237988534401
3 6 1 4 -1  1
14787009344879237846
6 3 4 2 -1  1
14787064142317759338
3 1 2 1 -1  1
14787222140923690637
7 2 6 3 -1  1
14787272003019082285
5 3 5 2 -1  1
14787391619428992031
7 3 5 3 -1  1
14787530621835477560
5 6 5 5 -1  1
14787675586183144039
5 3 7 1 -1  1
14787708324439663025
6 7 5 7 -1  1
14787709533402691968
5 3 5 4 -1  1
14788040645209686061
5 3 4 4 -1  1
14788220234154469915
7 6 7 7 -1  1
14788254984058320590
4 2 3 2 -1  1
14788328816195871496
7 0 7 5 -1  1
14788351126359815945
5 2 2 2 -1  1
14788387582055722314
6 3 5 2 -1  11
14788410469769235343
6 7 5 7 -1  1
14788458993333954284
2 0 2 2 -1  1
14788519765552069600
5 4 6 3 -1  1
14788735403187870620
6 4 7 4 -1  1
14788833657872770381
7 1 6 3 -1  1
14788956238410462100
4 6 5 5 -1  1
14788991047425610561
6 4 5 3 -1  1
14789007540863858143
5 6 4 7 -1  1
14789135824139162587
7 2 0 2 -1  1
14789353311269529054
7 3 5 3 -1  1
14789510698915376458
7 5 5 7 -1  1
14789665046061108730
3 1 3 5 -1  1
14790004148574065408
5 5 4 5 -1  1
14790103127746750300
3 0 3 1 -1  1
14790113675402308266
4 6 4 4 -1  1
14790328558857579775
5 1 7 3 -1  1
14790514251894459115
7 3 6 3 -1  1
14790523886336896433
0 2 3 5 -1  1
14790659846647788055
6 3 7 1 -1  1
14790836709314191753
2 5 7 5 -1  1
14790873162411699165
2 0 2 1 -1  1
14791056496952161931
6 6 5 6 -1  1
14791090403733249430
1 3 1 7 -1  1
14791264299846014540
7 6 5 5 -1  1
14791347463077325449
6 4 4 2 -1  1
14791609735448268752
6 0 7 0 -1  1
14791779777650979697
7 5 6 4 -1  1
14791801120560210615
7 1 5 2 -1  1
7 6 5 5 -1  1
14791959141984462741
6 5 4 5 -1  1
14792144287109425548
3 1 6 4 -1  1
14792174674866352164
7 7 4 7 -1  1
14792311320576480445
5 5 5 4 -1  1
14792456394064599908
2 3 1 2 -1  1
14792670422509028302
6 3 5 4 -1  1
14792671400833065640
3 0 4 2 -1  1
14792684318579322092
1 7 1 1 -1  1
14792691180310171164
2 3 1 4 -1  1
14793151428375316219
5 5 4 3 -1  1
14793229688925048969
6 5 6 6 -1  1
14793390265902956288
7 4 7 1 -1  1
14793549181738181131
4 3 4 1 -1  1
14793746192429790639
6 3 4 2 -1  1
14793992603340530068
5 6 5 4 -1  1
14794188607930163760
4 3 3 4 -1  1
14794195194644089459
5 6 5 4 -1  1
14794546255739070248
6 3 7 3 -1  1
14794551839739394569
0 4 0 5 -1  1
14794665254548476894
4 2 2 1 -1  1
14794672750172959236
5 4 2 7 -1  1
14794740055754193325
7 3 7 4 -1  1
14794891408569325646
4 6 5 4 -1  1
14794903046968397001
4 3 2 2 -1  1
14794930223954146893
7 5 7 4 -1  1
14795037138199935325
6 6 5 6 -1  1
14795162666049218988
7 3 6 3 -1  1
14795306617137229277
5 5 3 6 -1  1
14795308159114988941
5 4 4 5 -1  2
14795460160587070718
4 2 3 4 -1  1
14795837538146104634
4 3 3 5 -1  1
14795837563921983371
5 7 4 7 -1  1
14796127300998728303
5 5 4 4 -1  1
14796200370565289717
4 2 3 2 -1  1
14796341366406682555
6 3 7 5 -1  1
14796496342985104493
4 5 3 5 -1  1
14796507730135009944
6 3 3 0 -1  1
14796654840457416257
4 4 3 4 -1  3
14796687410140308239
6 5 4 5 -1  1
14796708854261240588
7 2 5 4 -1  1
14796965848078154560
7 6 6 7 -1  1
14797206668381236684
6 6 5 6 -1  1
14797457843173922306
3 3 5 3 -1  1
14797491995331193185
4 4 1 4 -1  1
14797519993831707634
2 5 3 3 -1  1
14797558630997410959
6 6 5 5 -1  1
14797564168166629388
4 6 3 6 -1  1
14797593913171340831
7 5 6 6 -1  1
14797949674123167190
6 7 4 7 -1  1
14798064562176868916
6 4 5 4 -1  1
14798100504192217250
3 3 6 6 -1  1
14798762956179671693
7 2 6 1 -1  1
14799103958803609106
4 1 4 4 -1  1
14799557031506484991
5 5 3 7 -1  1
14799652244400472444
2 1 3 3 -1  1
14799692649871107348
7 1 7 2 -1  1
14799848246434971375
7 1 6 3 -1  1
14799868321389804366
7 5 5 5 -1  1
14799895914249468062
6 4 3 1 -1  1
14799937581186367001
5 5 6 4 -1  1
14799965980594910580
5 1 4 1 -1  1
14800107890761505867
7 6 7 7 -1  1
14800111304056846217
3 7 3 6 -1  1
14800142378683693379
6 5 6 6 -1  1
14800212893249489059
6 4 6 3 -1  1
14800386034676445747
6 1 5 1 -1  1
14800516100641238335
6 2 4 3 -1  1
14800525791971518822
7 4 7 5 -1  1
14800555281657088817
5 5 7 3 -1  1
14800598749916951116
7 4 7 3 -1  1
14800663798718915227
3 3 2 4 -1  1
14800707852062461768
6 4 7 6 -1  1
14800923614697047298
4 3 3 3 -1  1
14801395308062124490
1 6 1 5 -1  1
14801469161009770506
4 4 5 6 -1  1
14801760249715042806
6 1 4 3 -1  1
14801807564450147198
5 2 4 0 -1  1
14802177934070141385
4 3 3 2 -1  1
7 6 5 5 -1  3
14802218430650673803
5 4 4 6 -1  1
14802638273149159440
5 6 4 6 -1  1
14802791887844252164
7 6 5 5 -1  1
14802828285923789428
6 6 7 5 -1  1
14802907891007723289
5 4 4 2 -1  1
14803009442394432661
3 6 2 7 -1  1
14803763062089688084
7 3 6 3 -1  1
14803849628605404183
4 4 3 4 -1  1
14804164699270598692
7 4 6 6 -1  1
14804210242573241832
3 0 4 1 -1  1
14804277810207990500
3 3 2 3 -1  1
14804305592262779684
4 6 3 5 -1  1
14804331587285960796
7 6 5 5 -1  1
14804343117445724085
7 3 5 4 -1  1
14804351525738329904
6 7 4 7 -1  1
14805006854301508424
6 2 1 2 -1  1
14805034839010595823
3 6 2 5 -1  1
14805112944624736404
6 1 5 1 -1  1
14805186703437054733
4 7 3 6 -1  1
14805241909389044065
6 2 7 2 -1  1
14805305337301059567
7 3 2 3 -1  1
14805356248355424063
4 6 3 6 -1  1
14805736522470818185
7 4 4 4 -1  1
14805777699425572417
7 6 2 6 -1  1
14805951369937911571
4 0 3 0 -1  1
14806033035225560995
6 1 6 2 -1  1
14806072153890205732
5 0 4 1 -1  1
14806428877369311323
6 6 7 4 -1  1
14806823916185841922
4 4 3 3 -1  1
14806975750711343008
6 0 4 1 -1  1
14807149767318509367
5 0 4 2 -1  1
14807318186518245333
7 2 7 4 -1  1
14807476848397459084
6 1 5 1 -1  1
14807678803903650891
5 2 4 3 -1  1
14807915800544339728
6 4 5 2 -1  1
14808004500218922267
3 4 2 5 -1  1
14808142490771105651
7 5 7 2 -1  1
14808556803403050822
7 5 6 4 -1  1
14808602486905544936
6 0 4 0 -1  1
14808727902112013553
5 0 4 0 -1  1
14808764991620327589
2 0 1 1 -1  1
14809030814072276875
7 6 7 5 -1  1
14809080671481221736
5 5 4 6 -1  1
14809115035571098456
4 5 0 5 -1  1
14809196051972382224
6 6 7 5 -1  1
6 6 7 7 -1  1
14809430143331482880
7 3 4 3 -1  1
14809748290628167765
6 4 6 3 -1  1
14809939330018659777
4 3 5 5 -1  1
14810384667170485905
5 2 4 3 -1  1
14810806971370681219
3 7 4 5 -1  1
14810955207913117887
6 2 4 2 -1  1
14811012283917479897
4 4 2 3 -1  1
14811059093773395617
5 2 4 4 -1  1
14811161051372636701
4 2 3 4 -1  1
14811841019749820427
7 3 5 4 -1  1
14811841104922074309
7 1 6 1 -1  1
14812098372942139288
4 0 3 1 -1  1
14812386421604665891
6 6 5 5 -1  1
14812451250045051072
7 6 6 7 -1  1
14812640496770218290
7 5 6 6 -1  1
14812787828553109644
7 4 4 4 -1  1
14812821229313071323
6 1 7 0 -1  1
14812876689846201876
6 4 4 4 -1  1
14813026376161987892
7 4 3 4 -1  1
14813220475622451681
6 1 5 1 -1  1
14813227243687043516
6 7 5 7 -1  1
14813256147640742408
6 2 4 4 -1  1
14813313803657151657
4 0 5 1 -1  1
14813314744093618801
6 7 5 6 -1  1
14813685256700350831
7 4 3 4 -1  1
14813906133710184480
4 1 3 1 -1  1
14814052758390339780
7 5 7 2 -1  1
14814257570987637711
2 0 3 0 -1  1
14814271163649145639
5 1 6 2 -1  1
14814306575591088809
2 2 6 6 -1  1
14814387355389363685
5 4 4 5 -1  2
14814510167883238802
6 4 7 2 -1  1
14814520299511211742
7 2 6 3 -1  1
14814792804914443082
7 1 7 2 -1  1
14814941730665695727
1 7 1 0 -1  1
14815336410555958040
7 3 5 5 -1  1
14815409761045986726
4 5 2 6 -1  1
14815421545701920827
7 3 6 2 -1  1
14815678326973594286
6 6 5 7 -1  1
14816128421180556256
3 4 2 2 -1  1
14816254686271877259
4 1 3 1 -1  1
14816387181134684075
6 7 4 7 -1  1
14816659321151769859
6 6 4 6 -1  1
14816758408538209384
7 3 5 1 -1  1
14816763601936607224
5 0 4 1 -1  1
14816853984815500898
5 6 4 6 -1  1
14817047282258397720
6 1 4 1 -1  1
14817220915145383190
5 4 3 5 -1  1
14817279183568798417
7 6 7 5 -1  1
14817446273054290671
4 6 3 6 -1  1
14817472921212176318
5 6 4 5 -1  1
14817646856161809401
2 2 3 2 -1  1
14817965843834464937
6 3 5 1 -1  1
14818140262871849898
5 3 7 3 -1  1
14818376711757308208
5 3 6 1 -1  1
14818637318123149270
3 6 2 7 -1  1
14818675889093242626
2 3 2 7 -1  1
14818760685688884191
7 4 6 3 -1  1
14818866901751205990
4 4 3 4 -1  1
14818973278682415328
7 3 5 5 -1  1
14819234748951422895
7 3 6 4 -1  1
14819343740061254361
7 1 5 2 -1  1
14819501096651434536
1 1 1 2 -1  1
14819643064139349800
7 7 7 4 -1  1
14819757869000084849
7 5 7 1 -1  1
14819789662303657319
6 2 5 2 -1  1
14819794173768274646
3 3 4 2 -1  1
14819802049549428191
5 7 4 7 -1  1
14819847071431602780
6 1 5 1 -1  1
7 1 6 3 -1  1
14820022241250865097
3 2 6 2 -1  1
14820338606495367960
3 5 2 3 -1  1
14820393550519400376
5 4 4 5 -1  1
14820395698694671883
5 5 4 7 -1  1
14820430492013538150
6 1 7 2 -1  1
14820461628059694838
5 3 4 5 -1  1
14820731447874722331
7 2 6 1 -1  1
7 4 7 6 -1  2
14821241846406795255
5 4 6 3 -1  1
14821441088974935549
5 4 4 4 -1  1
7 0 7 3 -1  1
14821458588510154002
6 3 4 3 -1  1
14821522302064601048
5 2 5 3 -1  1
14821671528114528325
6 5 5 5 -1  1
14821822045928254276
6 6 5 6 -1  1
14822532859982446465
4 2 3 2 -1  1
14822611882053542181
6 6 5 5 -1  1
14822653554955167592
5 1 1 5 -1  1
14822698230135010504
7 3 5 1 -1  1
14822801981932676117
6 4 7 5 -1  1
14822947998474777186
7 5 7 4 -1  1
14822960512332811395
3 2 3 1 -1  1
14822977608062616548
6 7 4 7 -1  1
14823158708903601647
7 6 7 5 -1  1
14823162617060991108
3 4 3 3 -1  1
14823245976890976105
3 2 3 0 -1  1
14823469527198987753
7 1 7 2 -1  1
14823512963139041935
4 4 3 2 -1  1
14823575841383417279
4 0 3 0 -1  1
14823825160566765875
7 4 7 5 -1  1
14823989730247742038
2 3 1 3 -1  1
14824467642354093322
5 5 6 7 -1  1
14824575898385741662
4 0 2 0 -1  1
14824639195849851976
7 4 6 3 -1  1
14824673254983261993
6 3 5 2 -1  1
14824762814364885220
4 6 5 4 -1  1
14825047749081750306
6 4 4 5 -1  1
14825114596512734546
7 6 6 7 -1  1
14825294150774185545
7 4 7 3 -1  1
14825615371038406751
0 4 6 4 -1  1
14825657366175540098
1 5 2 5 -1  1
14825778168622847762
7 2 5 2 -1  1
14825785515985689212
7 7 7 6 -1  1
14825820169884798791
7 0 6 0 -1  1
14825975719385081221
6 7 5 7 -1  1
14826487706521487480
4 1 3 1 -1  1
14826695335865561340
6 0 5 0 -1  1
14826926587722658375
7 5 7 4 -1  1
14827073560528044604
6 3 5 5 -1  1
14827332393170891688
6 0 5 1 -1  1
14827358110864248884
5 4 4 4 -1  1
14827570651812933683
1 3 2 3 -1  1
14827587375942676685
7 2 5 4 -1  1
14827912385309104760
7 6 6 6 -1  1
14827951890948604358
3 5 2 5 -1  1
14828050557832095638
2 2 2 3 -1  1
14828232270212719461
5 5 3 4 -1  1
14828789836941067033
2 5 2 1 -1  1
14828816371443661577
5 2 3 3 -1  1
14828958265002310760
1 1 2 3 -1  1
14829442517743038220
6 3 5 3 -1  2
14829545224642337710
3 3 2 5 -1  1
14829652065427263245
5 5 6 3 -1  1
14829763816000369279
3 0 2 0 -1  1
14829944380975532427
6 6 5 6 -1  1
14829962320192482072
4 3 3 2 -1  1
5 5 3 4 -1  1
7 5 5 3 -1  2
14830272616939197292
4 3 3 3 -1  1
14830274523334778364
4 5 6 4 -1  1
14830398414006301423
0 3 2 3 -1  1
14830412452063458835
7 6 5 5 -1  1
14830476396567623351
5 5 3 3 -1  1
14830580720059806282
5 1 5 4 -1  1
14830989049724687411
7 5 5 3 -1  1
14831568223347300140
2 1 2 2 -1  1
14831687783071556474
7 4 7 3 -1  34
14831975153782756758
7 4 7 2 -1  1
14832083427610576746
5 5 4 3 -1  1
14832164990019060331
7 7 7 3 -1  1
14832201305501174992
7 4 7 0 -1  1
14832342509946419010
5 4 2 1 -1  1
14832384479716480311
7 5 7 4 -1  1
14832479748854597620
3 6 4 5 -1  1
14832591040423972158
5 4 5 3 -1  1
14832645415827214983
4 2 2 0 -1  1
14832659682422288676
5 6 4 7 -1  1
14832868869727338760
3 4 1 3 -1  1
14832939748730295278
3 2 5 3 -1  1
14832975188271467082
2 2 3 4 -1  1
14833113038351417962
6 1 6 4 -1  1
14833126177278862705
5 6 5 5 -1  1
14833161188373997945
4 1 3 1 -1  1
6 7 5 7 -1  6
14833275452661451703
7 3 6 2 -1  1
14833324783792181047
6 1 5 0 -1  1
14833416366611100745
5 7 4 7 -1  1
14833570836585129078
7 0 1 0 -1  1
14833577202316565477
7 1 7 0 -1  1
14833589593626996293
5 7 5 3 -1  1
14833665404042639145
6 5 5 4 -1  1
14833792766528493608
5 2 4 2 -1  1
14834153058637906749
7 4 7 2 -1  1
14834155650768987290
6 3 7 4 -1  1
14834496093509885883
7 4 7 1 -1  1
14835214966553512243
7 6 7 5 -1  1
14835322061136996021
2 1 7 1 -1  1
14835564350306074116
7 1 5 2 -1  1
14835573751001279214
5 2 6 4 -1  1
14836029614766102654
3 1 2 2 -1  1
14836110972576693395
7 2 5 2 -1  1
14836124760260843365
5 5 3 4 -1  1
14836237552970018626
4 7 3 7 -1  1
14836243683594433628
6 3 4 5 -1  1
14836432803214637691
7 5 7 4 -1  1
14836597625497711054
7 5 7 2 -1  1
14836660073198041086
0 5 5 5 -1  1
14836853627238336617
4 0 3 0 -1  1
14836861839664415012
7 5 5 3 -1  1
14836874564125823904
7 5 6 4 -1  1
14836991258555830788
4 3 3 3 -1  1
14837063484274260105
7 4 6 5 -1  1
14837209165362902901
0 3 3 0 -1  1
14837223127015097343
7 2 3 2 -1  1
14837224528188985034
3 2 2 1 -1  1
14837565643328582084
7 1 5 2 -1  1
14837727929582473250
5 5 3 6 -1  1
14837903271131011074
5 5 6 6 -1  1
14837992805743356271
6 6 5 5 -1  1
14838013368108083979
7 2 6 1 -1  1
14838132517355415703
6 6 5 5 -1  1
14838145488376077964
7 0 4 0 -1  1
14838184596073957866
5 6 4 5 -1  1
14838234649687209401
7 4 7 6 -1  1
14838367478066263642
6 2 4 2 -1  1
14838455846848994342
5 5 4 7 -1  1
14838461661357804118
4 3 3 2 -1  1
14838573788956401049
7 7 7 6 -1  1
14838688722533461402
6 3 4 2 -1  1
14838733917002158014
5 2 3 3 -1  1
14838743046210025881
4 7 5 5 -1  1
14838915348001566700
7 5 6 5 -1  1
14839232631211373758
4 4 5 2 -1  1
14839310770616380493
6 4 6 1 -1  1
14839354674368109065
5 1 2 4 -1  1
14839502265362083338
5 5 6 4 -1  1
14840055451757933898
6 6 5 6 -1  1
14840286230653943938
0 0 0 2 -1  1
14840410109841970682
7 0 7 2 -1  1
14840410922249636795
6 4 4 6 -1  1
14840435248146135135
6 4 5 5 -1  1
14840506227440453445
4 4 3 6 -1  1
14840677951920431017
7 4 7 2 -1  1
14840768253947439588
7 0 7 2 -1  1
14840805853305790450
7 3 5 1 -1  1
14840938988307702860
5 6 4 5 -1  1
14841162280987024569
6 5 5 5 -1  1
14841234520975191313
2 7 7 7 -1  1
14841551986606417241
7 4 7 6 -1  1
14841595040596910296
5 4 0 4 -1  1
14841599601996466187
3 0 2 1 -1  1
14841615028955788578
6 1 1 1 -1  1
14841620440129244008
1 1 4 4 -1  1
14841623762352300948
5 2 6 2 -1  1
14841684424119041178
5 4 3 6 -1  1
14841906894706959587
6 5 5 6 -1  1
14842002756321682833
6 6 7 6 -1  1
14842078620615787917
7 4 6 5 -1  2
14842097509375051810
3 1 5 1 -1  1
14842497626703811479
6 7 5 7 -1  1
14842860363380357482
7 4 7 6 -1  1
14843019602148166755
6 5 5 5 -1  1
14843137997211438727
5 4 4 5 -1  1
14843170512432872005
6 3 4 2 -1  1
14843343618038188908
5 6 5 4 -1  1
14843372067828078313
6 0 4 0 -1  1
14843461238200117116
7 0 6 0 -1  1
14843461322565845346
4 1 2 2 -1  1
14843561892481526704
7 3 0 3 -1  1
14843655344657839092
4 2 3 3 -1  1
14843800036638976343
5 4 6 5 -1  1
14844258474098991645
6 4 5 5 -1  1
14844444414912471557
5 5 4 3 -1  1
14844812784928708292
7 2 6 1 -1  2
14844859835798433097
7 3 5 3 -1  1
14844864597190079581
0 2 2 4 -1  1
14844916495877034928
7 5 7 4 -1  1
14844935248240625051
0 7 1 6 -1  1
14844984608963761263
7 6 6 5 -1  1
14845015416106111908
1 1 1 5 -1  1
14845203697327201510
5 0 0 0 -1  1
14845429261542360191
6 0 5 0 -1  1
14845544972374323143
3 2 2 2 -1  1
14845549627533302770
7 4 5 4 -1  1
14845652940683298180
5 5 4 7 -1  1
14845696114117907242
6 6 3 3 -1  1
14845724862735358040
7 1 6 1 -1  1
14845870907154104600
0 7 4 3 -1  1
14845919424453143214
5 6 3 5 -1  1
14846024426791270514
7 5 6 5 -1  1
14846054459877076821
6 4 4 4 -1  1
14846126101712737556
7 3 7 0 -1  1
14846596965361807947
1 3 2 4 -1  1
14846689949918545129
5 0 3 2 -1  1
14846709806628074502
4 4 3 3 -1  1
14846853755819877761
6 6 5 6 -1  1
14846933325932182372
7 5 6 4 -1  1
14847351233965023996
5 6 4 7 -1  1
14847584656060378163
3 5 0 5 -1  1
14847585097785483884
6 3 5 2 -1  1
14847608671599984154
4 2 5 4 -1  1
14847615624083882798
7 3 4 0 -1  1
14847766766269393410
4 3 2 4 -1  1
14847857732299506484
7 6 6 6 -1  1
14847863573350654646
1 6 3 4 -1  1
14847990164533338264
3 4 1 3 -1  1
14848126616580548869
5 1 5 0 -1  1
14848231425774602207
4 1 3 1 -1  1
14848319146587390126
4 1 3 1 -1  1
14848564233992843653
7 5 4 2 -1  1
14848700675015555852
7 0 7 1 -1  1
14848724797071894299
6 3 7 4 -1  1
14848963831132801527
6 4 4 3 -1  1
14849088597730289793
6 6 5 6 -1  1
14849179687086157771
7 0 3 0 -1  1
14849624279742408791
6 3 4 4 -1  1
14849732476776655875
7 5 6 6 -1  1
14849798185212915458
7 6 7 7 -1  1
14849816045434426535
7 5 7 4 -1  1
14849880462398931111
7 5 7 4 -1  1
14849894938313520059
6 7 5 7 -1  1
14850087209333928608
7 3 7 4 -1  1
14850132699851802697
7 2 0 2 -1  1
14850334192123662970
7 6 5 5 -1  1
14850572277227742462
1 2 2 3 -1  1
14851136300531298710
7 3 6 2 -1  1
14851292148107506798
6 3 5 1 -1  1
14851379157929150553
4 3 3 2 -1  1
14851531756488670084
7 5 6 4 -1  1
14851648679232295428
1 3 0 3 10  1
14851810123942649000
6 3 5 3 -1  1
14851813712104260421
4 2 3 2 -1  1
14851980174909106145
5 5 4 6 -1  1
14852004295090658751
7 5 6 3 -1  1
14852017926102046089
7 4 2 4 -1  1
