15254414838892025955
5 4 5 3 -1  1
15254442039370302392
6 4 5 5 -1  1
15254610833434437284
2 0 2 1 -1  1
15254779931290993927
6 6 5 5 -1  1
15255072805388107785
5 7 4 6 -1  1
15255104526558554210
4 3 3 2 -1  1
15255124210092536344
7 2 5 4 -1  1
15255482141932541783
5 3 4 4 -1  1
15255556301315583340
5 6 4 6 -1  1
15255611019392605891
7 1 4 1 -1  1
15255708196808488432
4 4 3 3 -1  1
15256922273926274466
4 0 2 0 -1  1
15257245234032009412
5 5 6 3 -1  1
15257344411337401704
3 7 4 6 -1  1
15257448612704170388
7 2 5 4 -1  1
15257626919904248692
5 4 4 3 -1  1
15257637094339516038
5 2 3 1 -1  1
15257717416837709351
7 2 7 1 -1  1
15258161271452212010
6 6 5 6 -1  1
15258263510802959705
3 2 2 3 -1  1
15258290231560192435
5 1 4 3 -1  1
15258493995384449446
5 3 4 2 -1  1
15258677737227380296
6 7 7 7 -1  2
15259019191303787652
0 1 6 1 -1  1
15259120570853006972
3 0 4 0 -1  1
15259335628935744529
6 0 5 0 -1  1
15259916886385722486
6 5 5 4 -1  1
15259970069596988474
4 1 3 1 -1  1
15260159669314918733
5 4 4 4 -1  1
15260184567571861189
5 3 7 1 -1  1
15260191915608187202
5 5 4 3 -1  1
15260400206014035205
6 3 4 5 -1  1
15260527398389506265
7 6 5 5 -1  1
15260531049507083031
6 2 5 1 -1  1
15260727998600175798
7 5 6 4 -1  1
15260759589085181418
7 6 1 6 -1  1
15260794444095078090
4 2 3 3 -1  1
15261024115303329657
7 1 6 3 -1  1
15261164073505013745
3 2 0 5 -1  1
15261413014569748432
6 1 7 2 -1  1
15261449732085278083
4 3 3 4 -1  1
15261488266321697956
7 5 7 4 -1  1
15261548730925185553
2 5 1 5 -1  1
15262119952168517960
7 2 5 4 -1  1
15262139777876276578
7 0 7 3 -1  1
15262283150873880956
4 2 3 3 -1  1
15262381378460464856
6 4 3 1 -1  1
15262488846371468473
2 2 2 3 -1  1
15262633969777551167
5 6 4 6 -1  1
15262667127559845277
7 7 7 2 -1  1
15262832062761043837
7 6 7 5 -1  1
15263710380754750413
5 2 4 2 -1  1
15263719396896362267
5 4 4 4 -1  1
15263810538219053963
0 0 0 6 -1  1
15263882374315858789
5 5 6 4 -1  1
15263962028703225907
7 7 2 7 -1  1
15263964744145249156
7 7 3 3 -1  1
15263986606869880519
4 1 3 1 -1  1
15264120202267372795
4 2 3 3 -1  1
15264327645514011023
3 5 4 4 -1  1
15264476639601234635
4 0 4 1 -1  1
15264674068014726564
3 3 0 3 -1  1
15264952083010115622
4 5 2 6 -1  1
15265500069474298405
5 1 4 1 -1  1
15265553005701153780
6 4 5 5 -1  1
15265600324831558661
7 3 6 2 -1  1
15265639946473737559
7 6 7 7 -1  1
15265710246777887212
7 5 7 4 -1  1
15265768330162652996
5 2 6 4 -1  1
15265843289378207064
3 7 0 4 -1  1
15265897796127519569
5 0 6 2 -1  1
15266198716779099441
7 4 6 3 -1  1
15266265737643821234
7 1 7 0 -1  1
15266277178838510409
3 6 3 4 -1  1
15266314796870204204
7 2 4 2 -1  1
15266325648298368968
7 5 7 4 -1  1
15266353696158019476
7 4 6 4 -1  1
15266383981604658160
7 6 6 6 -1  1
15266556285892724621
6 6 5 6 -1  1
15266646078376017689
3 2 3 6 -1  1
15267157268685607848
0 3 2 5 -1  1
15267164782582577017
7 2 5 2 -1  1
15267288117302719930
7 4 7 3 -1  1
15267306320174495932
5 0 4 1 -1  1
15267393709446301028
7 2 5 0 -1  1
15267793809350700753
4 5 3 5 -1  1
15267844181571426573
4 4 3 2 -1  1
15267948162232775376
7 4 6 5 -1  1
15268140916764800164
4 1 3 2 -1  1
15268180097897209856
5 5 6 7 -1  1
15268271901505861376
4 4 2 3 -1  1
15268331709616126175
6 3 5 5 -1  1
15268488477503118006
7 3 7 2 -1  1
15268495272810734555
6 2 5 2 -1  1
15268530452555645100
6 1 5 1 -1  1
15268628780682790345
5 4 4 3 -1  1
15268952013180402462
7 5 5 3 -1  1
15269116360902821905
4 2 3 1 -1  1
15269273483743490159
4 2 3 4 -1  1
15269523009065628668
5 2 4 2 -1  1
15269764965087689759
6 3 4 4 -1  1
15269849763168099795
5 5 4 3 -1  1
15269892881160461874
4 4 4 7 -1  1
15269897899169892579
3 0 2 1 -1  1
15270148305119526411
5 2 4 4 -1  1
15270161470170447700
7 5 6 4 -1  1
15270232084195437984
7 0 7 2 -1  1
15270263118611433448
7 6 7 7 -1  1
15270398468194829717
7 5 6 4 -1  1
15270508213044838591
4 2 3 3 -1  1
15270565193222305346
3 7 6 7 -1  1
15270632763003166717
3 7 2 6 -1  1
15270901814198080809
6 2 6 1 -1  1
15270917502960085755
3 0 2 0 -1  1
15271078289538547658
7 5 5 3 -1  1
15271209636802086018
4 5 3 6 -1  1
15271213370642798336
5 2 4 2 -1  1
15271235919105445383
6 7 5 7 -1  1
15271385369878274497
6 4 5 4 -1  1
15271578020847077905
6 4 4 5 -1  1
15271598951956201112
2 3 1 3 -1  1
15271645329535251353
5 2 3 3 -1  1
7 4 7 6 -1  1
15271930011189068583
7 6 7 5 -1  1
15271967294966908671
3 6 4 7 -1  1
15272304280093942392
5 5 5 6 -1  1
15272429460064361236
6 3 5 2 -1  1
15272435043021093127
6 6 5 5 -1  1
15272471248600472686
6 1 5 1 -1  1
15272478728689077665
2 0 0 2 -1  1
15272520663053627443
7 2 6 1 -1  1
15272522259844898045
2 4 4 5 -1  1
15272611171311239147
7 0 7 2 -1  1
15273151889476270813
7 5 7 4 -1  1
15273182702174288990
6 7 6 6 -1  1
15273201091778130550
1 0 1 5 -1  1
15273713483411233066
7 0 7 2 -1  1
15273835279631657173
6 2 7 3 -1  1
15274003123376473576
0 1 1 2 -1  1
15274162071215538576
0 2 1 1 -1  1
15274420272421640889
6 2 5 3 -1  1
15274423332774318950
4 2 3 3 -1  1
15274573390630767459
5 3 6 4 -1  1
15274722800838971632
2 2 4 2 -1  1
15275168590874360863
7 0 7 2 -1  1
15275242701689852338
5 5 4 6 -1  1
15275528360323549363
4 2 2 3 -1  1
15275594497092564048
4 2 3 2 -1  1
15275743768643704155
4 4 3 4 -1  1
15275781845932530013
6 2 1 2 -1  1
15275837290376239026
7 5 6 6 -1  1
15275858906138529633
5 3 4 4 -1  1
15275963843182432696
4 0 5 2 -1  1
15276060662355694375
1 5 3 6 -1  1
15276099217885128584
7 0 7 2 -1  1
15276105057788388084
5 5 3 5 -1  1
15276558543840830019
1 1 2 1 -1  1
15276602757178472745
7 2 3 2 -1  1
15276609328736780865
6 6 5 7 -1  1
15276701559207352433
6 4 5 3 -1  1
15276846513749483101
4 4 4 6 -1  1
15277030500597058964
6 6 3 6 -1  1
15277122759113905561
5 1 3 2 -1  1
15277149346407317227
7 5 7 3 -1  1
15277330292687722367
2 7 2 4 -1  1
15277358027384971717
4 6 3 6 -1  1
15277370691857888535
6 3 3 6 -1  1
15277423867170550019
6 1 5 2 -1  1
15277629710767770899
7 0 7 3 -1  1
15277634994146380752
3 3 2 5 -1  1
15277900088720526551
7 6 7 7 -1  1
15277986894036308944
6 4 4 4 -1  1
15277996892735698998
7 3 3 3 -1  1
15278245254236636376
6 3 4 4 -1  1
15278452632677795178
6 2 5 2 -1  1
15278545897021932853
7 6 6 6 -1  1
15278657175688054433
7 5 6 4 -1  1
15278659413921760386
7 6 5 5 -1  1
15278842171002947088
3 0 4 0 -1  1
15278855357067805031
5 0 4 0 -1  1
15278875927759538035
4 3 3 5 -1  1
15279117249383029208
6 7 5 7 -1  1
15279268539126690951
5 5 3 4 -1  1
15279457195072283227
6 7 5 6 -1  1
15279568315069940372
7 4 6 4 -1  1
15279648549304212880
7 4 6 4 -1  1
15279688511297319379
5 2 6 4 -1  1
15279710741422910391
7 6 7 7 -1  1
15279815453474013791
3 4 5 3 -1  1
15280288322059511960
7 2 6 3 -1  1
15280529926209180983
7 6 7 7 -1  1
15280703104358846388
3 5 1 3 -1  1
15281321959319320236
4 5 2 3 -1  1
15281501994623047896
7 5 7 3 -1  1
15281600965775200466
6 0 5 0 -1  1
15281616371831295867
7 2 6 1 -1  1
15281734211751496029
4 6 3 7 -1  1
15281746047355568941
4 3 5 2 -1  1
15282160926014231868
6 5 6 6 -1  1
15282183013808616529
7 3 5 1 -1  1
15282268469403040013
6 3 4 3 -1  1
15282341739318606922
7 7 7 2 -1  1
15282360604159950525
3 7 2 7 -1  1
15282806583849243239
6 5 4 5 -1  1
15282970952363450683
4 0 5 2 -1  1
15283200366062458015
2 2 4 3 -1  1
15283368073390074845
5 6 4 6 -1  1
15283587775175499996
2 4 4 3 -1  1
15283887022439521545
1 3 3 5 -1  1
15283897972145391541
7 3 6 2 -1  1
15283913234310478518
5 6 4 5 -1  1
15284025442433789738
1 5 1 6 -1  1
15284053522581446931
3 4 1 5 -1  1
15284340731345763841
5 6 4 6 -1  1
15284486803228138879
7 2 4 5 -1  1
15284609689336192415
7 6 5 5 -1  1
15284776436567855225
6 3 4 4 -1  1
15284848006404990748
1 2 2 1 -1  1
15284871490459579010
2 3 2 6 -1  1
15284935032624929552
3 6 0 6 -1  1
15285096698360236134
5 5 6 3 -1  1
15285210202246811248
5 5 4 6 -1  1
15285210245177126591
6 0 5 0 -1  1
6 4 5 4 -1  1
7 6 5 5 -1  1
15285343545197066222
7 3 4 0 -1  1
15285750080662869799
4 2 3 3 -1  1
15285810907309440583
5 5 4 3 -1  1
15286068683435896241
5 5 7 4 -1  1
15286101675831706066
4 3 3 2 -1  30
15286224716665540372
7 3 7 4 -1  1
15286411715820502742
7 2 5 2 -1  1
15286485807889626231
6 4 7 5 -1  1
15286896095319741200
4 4 3 4 -1  1
15287218353936615006
7 5 6 6 -1  1
15287281738287364153
1 3 3 2 -1  1
15287898243370485382
5 5 4 3 -1  1
15288134749790874397
5 4 3 4 -1  1
15288223674628959558
7 6 6 4 -1  1
15288448905881016722
7 5 7 4 -1  1
15288681572699897973
6 4 7 5 -1  1
15288896273958572692
7 2 6 3 -1  1
15289122546417931194
7 0 7 2 -1  1
15289232014859528971
2 7 3 6 -1  1
15289401465894917139
7 2 6 1 -1  1
15289811680193705808
3 4 2 5 -1  1
15290038928547695664
5 4 4 3 -1  1
15290555470016859708
1 6 2 4 -1  1
15290560551645668631
6 6 7 7 -1  1
15290668456636399988
7 2 3 6 -1  1
15290777242993164640
7 2 6 3 -1  1
15290886685658238454
3 4 1 3 -1  1
15291065787066087451
4 6 2 5 -1  1
15291148800126953112
6 3 5 3 -1  1
15291245583558063332
0 0 2 0 -1  1
15291338782835590570
6 6 5 6 -1  1
15291568303665200381
6 5 5 5 -1  1
15292130714606269104
5 3 7 4 -1  1
15292132973576346142
7 6 6 5 -1  1
15292445191532797880
3 2 2 0 -1  1
15292781269531641346
7 0 7 4 -1  1
15293059510646832226
5 3 4 3 -1  1
15293079892158912367
4 7 4 5 -1  1
15293237093156406175
6 5 7 6 -1  1
15293303265479522243
6 3 5 5 -1  1
15293397335017366444
5 4 4 5 -1  1
15293778745879846421
1 4 1 1 -1  1
15293807462292352260
4 5 5 3 -1  1
15293994758600458059
6 3 6 4 -1  1
15294002504824208016
0 6 0 5 -1  1
15294017521355419356
6 4 1 4 -1  1
15294280313111230217
6 1 5 1 -1  1
15294292110684796152
6 2 7 2 -1  1
15294554332513445950
6 6 3 3 -1  1
15294610783429969985
1 3 1 5 -1  1
15294992481121540685
7 1 7 0 -1  1
15294998920258650183
5 5 3 4 -1  1
15295153925804755347
5 3 5 4 -1  1
15295221472195746015
6 1 5 1 -1  1
15295500215211794426
5 0 4 0 -1  1
15295681198003831633
4 2 6 0 -1  1
15296294688816912570
5 5 3 4 -1  1
15296380033772548810
7 0 6 0 -1  1
15296418267482670944
4 1 3 1 -1  1
15296653515508516793
5 5 4 7 -1  1
15296734722739595001
5 2 4 4 -1  1
15297032231625687818
7 6 7 2 -1  1
15297270548476833851
3 1 2 2 -1  1
15297403499652367145
5 5 3 4 -1  1
15297425890955265663
3 6 2 5 -1  1
15297596152768545981
5 7 4 7 -1  1
15297838811606796042
4 0 5 0 -1  1
15297925734611247328
6 3 4 3 -1  1
7 4 7 6 -1  1
15298510173263530491
3 4 4 3 -1  1
15298634893298090298
4 2 3 2 -1  1
15298865124456934120
7 3 6 4 -1  1
15299030991667138074
4 4 3 5 -1  1
15299096930838846495
6 0 5 0 -1  1
15299147057490603377
3 7 4 7 -1  1
15299355909840863834
4 4 3 4 -1  1
15299422975483754362
7 4 7 6 -1  1
15299585502917641405
4 0 7 0 -1  1
15299754331071931893
4 7 5 5 -1  1
15299803391724877082
4 7 2 7 -1  1
15299837487017902180
6 1 6 0 -1  1
15299854029659689810
4 4 3 4 -1  1
15300112676001600328
7 2 6 0 -1  1
15300144058954576154
3 3 1 3 -1  1
15301066183593036314
6 6 7 5 -1  1
15301480217199314886
3 2 2 2 -1  1
15301557275292664648
2 0 0 0 -1  1
15301701838375230846
5 6 6 7 -1  1
15301707092582057272
6 1 4 3 -1  1
15301778481876047178
6 0 5 0 -1  1
15301825024647255264
7 3 6 2 -1  1
15301849216657719313
4 0 4 3 -1  1
15301870443918730013
5 2 4 2 -1  1
15301890115908462499
1 5 1 1 -1  1
15302026660962382920
6 4 0 4 -1  1
15302121847465757953
5 5 3 6 -1  1
15302194349143231916
7 2 6 1 -1  1
15302251160075759577
3 7 2 6 -1  1
15302373954663890443
6 6 7 6 -1  1
15302406865301593763
4 2 3 3 -1  1
15302568750206545940
4 0 0 0 -1  1
15302784328871980115
6 7 5 7 -1  1
15302850160654274063
5 5 4 3 -1  1
15303000739423813284
6 5 7 5 -1  1
15303214863805182654
5 7 4 6 -1  1
15303238219110642625
3 5 3 4 -1  1
15303297208545242994
6 4 6 5 -1  1
15303398335459310249
3 5 2 6 -1  1
15303538949165985374
2 0 3 0 -1  1
15303591899897218438
3 5 1 7 -1  1
15303677090445203321
5 3 4 3 -1  1
15303700479454110164
5 0 5 4 -1  1
15303741478952276992
5 2 4 0 -1  1
15303885303948929818
5 2 4 0 -1  1
15304081014946548930
7 1 6 1 -1  1
15304157353062097124
6 3 7 4 -1  1
15304160791934864986
4 3 3 3 -1  1
15304415382647980972
4 3 5 1 -1  1
15304715056205424197
7 0 7 3 -1  1
15304755328964585214
5 0 6 2 -1  1
15304806872633128682
6 0 5 0 -1  1
15304871721158350435
5 5 5 6 -1  1
15305204785539412312
7 3 6 4 -1  1
15305222810231682857
6 5 5 5 -1  1
15305232471025815918
7 2 6 1 -1  1
15305356016701333545
4 2 6 2 -1  1
15305634848865683068
5 0 3 2 -1  1
15305656263875129064
6 6 7 6 -1  1
15305734873393589512
4 3 3 4 -1  1
15305744245979029332
4 2 7 5 -1  1
15305889704507504886
4 2 6 3 -1  1
15306039433033888302
7 5 7 7 -1  1
15306086167355129909
1 0 1 1 -1  1
15306090310936516113
6 1 4 3 -1  1
15306547390364422684
4 3 3 3 -1  1
15306666055055098366
6 5 5 6 -1  1
15306713725788920156
6 2 3 2 -1  1
15306825427990003718
7 3 5 1 -1  1
15306844321156148705
7 4 7 6 -1  1
15306911150176933184
4 5 6 7 -1  1
15306971066244851247
2 4 1 5 -1  1
15307168307302205816
7 3 5 3 -1  1
15307335766763975536
6 4 4 2 -1  1
15307601277514970669
5 5 3 4 -1  1
15308334569149777274
6 3 5 1 -1  1
15308586733335190933
3 6 5 5 -1  1
15308623162995615283
6 1 4 1 -1  1
15308643344573642035
3 1 2 2 -1  1
15308656185405396725
2 4 3 2 -1  1
15308765726117743677
6 3 4 4 -1  1
15308831857983596134
7 2 4 2 -1  1
15309006730018287588
7 4 7 1 -1  1
15309153321864247998
4 3 4 4 -1  1
15309296144612655969
5 2 4 4 -1  1
15309306344226038207
7 6 6 5 -1  1
15309318144047263139
3 4 3 5 -1  1
15309380475455010014
3 0 2 0 -1  1
15309975852935586141
6 0 5 0 -1  1
15310021184775893328
7 1 5 1 -1  1
15310109159045579132
6 3 6 5 -1  1
15310271593230462574
5 4 4 3 -1  1
15310276807103657746
5 6 4 5 -1  1
15311047885433171596
1 1 4 1 -1  1
15311063269347488019
7 5 7 1 -1  1
15311302561037179915
3 6 1 4 -1  1
15311326691071419870
6 3 5 3 -1  1
15311436609824174697
4 6 5 7 -1  1
15311452755274542335
5 6 3 6 -1  1
15311717428727631069
6 5 4 5 -1  1
15311843225416973027
0 7 0 0 -1  1
15311959800650170963
2 1 3 3 -1  1
15312155643581266488
7 1 4 1 -1  1
15312337552247626873
3 6 1 4 -1  1
15312344597922237632
7 2 5 1 -1  1
15312565280614671607
6 6 4 6 -1  1
15312783418704241034
5 2 4 2 -1  1
15312987061426374268
7 6 6 7 -1  1
15313121192121087905
4 5 3 5 -1  2
15313128506696757446
4 1 5 0 -1  1
15313358985055928693
5 3 2 6 -1  1
15313463420689358318
5 2 3 3 -1  2
15313526546793267616
5 2 4 3 -1  1
15313667631431684571
6 7 5 7 -1  1
15313712408308658744
5 5 4 7 -1  1
15313900626847690344
5 3 5 6 -1  1
15314318068939984391
5 0 7 2 -1  1
15314858892606996271
3 1 3 3 -1  1
15314897673987965322
6 4 6 2 -1  1
15314909092701327863
4 1 6 2 -1  1
15315028891782515393
1 1 2 3 -1  1
15315103070563555052
5 5 6 5 -1  1
15315143189794182449
7 6 6 5 -1  1
15315503318264152844
6 1 6 0 -1  1
15315813676867275429
7 2 5 4 -1  1
15316131484526300412
4 1 3 2 -1  1
15316200705505205013
6 6 7 5 -1  1
15316244572464863859
6 4 4 3 -1  1
15316252222456314678
4 3 6 3 -1  1
15316290716082180063
7 5 7 3 -1  1
15316342421774243367
1 3 2 4 -1  1
15316463940050071010
2 1 0 2 -1  1
15316632845993966765
4 3 1 3 -1  1
15316709768956424593
5 0 4 0 -1  1
15316757532991982358
5 2 4 2 -1  1
15316817668285051621
7 2 5 4 -1  1
15317156694753711268
5 2 6 2 -1  1
15317203866831496709
7 6 6 4 -1  1
15317228339129015336
5 5 3 4 -1  2
6 1 5 1 -1  4
7 1 6 3 -1  1
15317278831016522039
6 7 5 6 -1  1
15317341003489429171
7 5 6 4 -1  1
15317402032892827303
4 4 5 3 -1  1
15317472599964119804
4 4 3 3 -1  1
15317528757968088098
5 3 4 4 -1  1
15317701522152763372
6 3 4 3 -1  1
15317789305928888595
5 6 4 6 -1  1
15317979932013886025
6 5 5 5 -1  1
15318163861210180422
3 6 2 5 -1  1
15318196554336443157
3 1 4 2 -1  1
15318605336516742815
7 5 5 5 -1  1
15318910322101954249
6 1 1 6 -1  1
15319178663531144577
4 4 1 1 -1  1
15319333554937209685
7 3 7 4 -1  1
15319346953295638205
3 2 1 4 -1  1
15319519110189616675
5 4 4 6 -1  1
15319526637113757220
7 4 7 6 -1  1
15319654340311140201
1 5 1 3 -1  1
15319832012684117140
4 3 3 4 -1  1
15320052311121227128
6 2 4 2 -1  1
15320400994100013481
4 0 3 1 -1  1
15320632683399762410
1 6 0 6 -1  1
15320692381906370812
7 2 5 4 -1  1
15320840807956027347
7 5 5 5 -1  1
15320902209505882123
7 0 7 1 -1  1
15320926431535451660
4 4 2 5 -1  1
15320992309996838438
6 6 5 7 -1  1
15321635315476465632
7 3 5 1 -1  1
15321645304532545380
7 4 6 4 -1  1
15321677923063061848
6 5 4 5 -1  1
15321696349109084864
7 1 4 1 -1  1
15321758332519309081
6 5 7 5 -1  1
15321919910217010338
7 3 7 5 -1  1
15321952720614215531
7 6 6 7 -1  1
15321963871150418679
5 6 4 6 -1  1
15322020895770957148
5 3 4 2 -1  1
15322084774634064456
7 3 7 2 -1  1
15322234517144010049
7 3 7 4 -1  1
15322308179661206650
5 1 4 2 -1  1
15322432176768163878
5 1 3 2 -1  1
15322781419957233080
6 4 7 3 -1  1
15322988840041121498
3 1 6 4 -1  1
15323011895140967355
6 6 6 5 -1  1
15323344877085396982
6 5 5 5 -1  1
15323349239245658685
2 1 1 0 -1  1
15323450937837683757
4 3 6 1 -1  1
15323609258844826440
4 1 3 2 -1  1
15323617588443417652
6 7 5 7 -1  1
15323699863034723430
7 2 5 2 -1  1
15323760200139477805
5 0 6 2 -1  1
15323816691379125588
5 3 4 2 -1  1
15323901460302843005
7 4 5 2 -1  1
15324014330831139679
6 7 4 7 -1  1
15324093373932946768
5 2 6 4 -1  1
15324327673419875601
7 3 6 2 -1  1
15324629769808724451
4 0 4 5 -1  1
15324652224045345919
5 4 2 1 -1  1
15324722215124169929
4 5 3 5 -1  1
15324831479704664318
6 3 7 5 -1  1
15324854246426987463
7 2 7 0 -1  1
15324959934687135776
5 3 5 4 -1  1
15324962776327592692
6 6 5 6 -1  1
15324983752361255240
3 1 5 3 -1  1
15324992750468257193
4 5 6 3 -1  1
15325519172494461400
7 2 2 2 -1  1
15325940368115643219
3 5 2 3 -1  1
15326314281428471244
3 0 2 0 -1  1
15326324825386042306
5 4 4 2 -1  1
15326434048286339241
7 4 0 4 -1  1
15326500936790051509
7 6 7 7 -1  1
15326564187919670711
2 3 3 5 -1  1
15326730485407531527
7 2 7 4 -1  1
15326989505691289490
2 7 0 6 -1  1
15327003429223797693
7 7 7 6 -1  1
15327005890252522172
7 5 6 6 -1  1
15327020156794856576
3 0 0 0 -1  1
15327505625818309919
7 3 4 0 -1  1
15327564111013502446
6 7 4 7 -1  1
15327879323463767256
7 4 7 3 -1  1
15327929292321809371
0 5 2 3 -1  1
15328034246478372360
6 2 4 2 -1  1
6 4 4 4 -1  1
15328163695206659068
6 4 4 2 -1  1
15328164165079918712
3 1 3 4 -1  1
15328229882939117047
7 6 7 7 -1  1
15328378596593183212
4 2 3 3 -1  1
15328503567003822529
6 6 4 4 -1  1
15328520289317321899
4 3 4 5 -1  1
15328534083212364490
6 7 5 7 -1  1
15328540048602598657
5 2 4 3 -1  1
15328742162299153303
1 2 0 4 -1  1
15328969598913751181
3 0 5 0 -1  1
15329140675167527077
6 4 4 4 -1  1
15329504033490706931
7 3 6 3 -1  1
15329546940211057220
4 0 3 1 -1  1
15329712240136838927
4 3 3 3 -1  1
15329825454909792554
6 3 4 4 -1  1
15330026776674345734
6 3 5 4 -1  1
15330208419481387136
6 6 2 2 -1  1
15330330477690274624
5 5 7 4 -1  1
15330457621140852048
7 4 7 2 -1  1
15330570844321449924
6 2 2 6 -1  1
15330795563455174046
7 2 5 4 -1  1
15331095555127961636
5 5 3 5 -1  1
15331149525662366322
3 2 2 1 -1  1
15331698744785883576
7 3 7 1 -1  1
15332079437458921875
7 4 7 6 -1  1
15332561496226947784
6 7 4 7 -1  1
15332604686144518448
6 1 5 1 -1  1
15332676611550164896
5 5 4 7 -1  1
15332838533223336905
1 1 5 1 -1  1
15332888116710791286
7 6 6 6 -1  1
15332935209062867933
3 2 7 2 -1  1
15332957572388104819
4 0 3 0 -1  1
15333168646595775948
7 5 6 4 -1  1
15333421025870644163
1 2 4 5 -1  1
15333503987363369560
4 4 5 2 -1  1
15333826989330735518
4 2 3 3 -1  1
15333935073454133519
5 5 7 3 -1  1
15334023351168166187
7 0 7 2 -1  1
15334432046581794591
5 3 3 5 -1  1
15334811985196675686
6 4 4 4 -1  1
15334828135677161839
3 0 1 0 -1  1
15334869512252727612
7 6 7 7 -1  1
15335007052556578519
6 5 4 5 -1  1
15335113411511990009
6 4 5 4 -1  5
15335206091040145684
6 0 5 0 -1  1
15335638243798679590
7 6 6 6 -1  1
15335687223560578940
6 6 4 6 -1  1
15335717643333715853
0 7 6 7 -1  1
15335873787806282674
7 1 5 2 -1  1
7 1 6 3 -1  20
7 2 6 3 -1  9
15336057879333929682
5 2 4 2 -1  1
15336153901534898767
4 0 4 1 -1  1
15336206853864539928
7 5 7 3 -1  1
15336356483086613517
7 4 7 6 -1  1
15336520303475972039
7 7 6 6 -1  2
15336674711913809884
3 1 2 0 -1  1
15336733267704689788
5 2 3 1 -1  1
15336765314944670572
0 5 2 3 -1  1
15336860134652975722
5 6 4 6 -1  1
15336994304138554255
5 2 4 0 -1  1
15337011846719592941
5 6 4 5 -1  1
15337076224365236300
4 6 3 6 -1  1
15337091645553308736
5 1 7 2 -1  1
15337094079689726510
3 2 2 2 -1  1
15337291836945652603
7 2 3 6 -1  1
15337701494478513107
3 5 4 7 -1  1
15337714541308784043
5 4 4 4 -1  1
15337829964869126254
6 5 4 3 -1  1
15337894086243090503
6 0 7 1 -1  1
15338047774350099554
7 4 6 5 -1  1
15338067068865479261
6 3 7 5 -1  1
15338076614747135376
6 0 5 0 -1  1
15338376918747963907
7 3 6 3 -1  1
15338584655679035654
7 2 5 4 -1  1
15338732832483601415
1 4 1 1 -1  1
15338789990485476255
7 0 5 0 -1  1
15338809270157120143
6 6 5 5 -1  1
15338955134551341929
0 7 5 7 -1  1
15339021868187276142
3 0 4 1 -1  1
15339036893646638013
5 5 6 4 -1  1
15339309258872901024
6 6 5 6 -1  1
15339457824678492162
6 0 5 0 -1  1
15339486703032460299
3 6 2 5 -1  1
15339560073995994210
6 3 5 2 -1  1
15339644847417483598
6 7 4 7 -1  1
15339772343813857797
6 7 4 7 -1  1
15339870052011118759
7 1 7 4 -1  1
15339899638455565827
7 3 3 7 -1  1
15340045754641755288
7 0 7 1 -1  1
15340285567174758194
6 2 5 0 -1  1
15340295016407559897
3 1 2 2 -1  1
15340310108787809459
3 4 4 3 -1  1
15340340320817452344
7 5 6 6 -1  1
15340342007210897750
4 0 3 0 -1  1
15340428961047815332
5 2 3 3 -1  1
15340437648740733854
7 4 7 6 -1  1
15340471662331404529
1 5 1 1 -1  1
15340494929832571156
7 2 5 4 -1  1
15340547776088152014
5 2 4 0 -1  1
15340674930727835047
7 4 7 6 -1  1
15340873265122172307
6 0 5 0 -1  1
15341053706839533723
7 4 6 2 -1  1
15341096943618082066
6 7 4 7 -1  1
15341334914476659984
5 5 3 4 -1  1
15341351134692715858
5 3 4 3 -1  1
15341467515181973559
6 6 5 5 -1  1
15341482981327982021
5 2 6 4 -1  1
15341500492494785990
6 0 5 0 -1  1
15341604279745930849
6 2 3 2 -1  1
15341905536288024111
7 1 5 0 -1  1
15341974347209966191
6 0 6 2 -1  1
15342112413252905012
7 0 7 2 -1  1
15342177233079059923
6 3 5 3 -1  1
15342516099438034008
5 5 3 4 -1  1
15342628091345402645
1 1 1 2 -1  1
15342714690770613545
3 6 4 7 -1  1
15342725322314081279
3 5 2 6 -1  1
15342756084091281151
6 4 5 5 -1  1
15342762163423450581
7 6 5 7 -1  1
15342827055043114194
5 7 4 7 -1  1
15342849026974691308
6 4 7 5 -1  1
15342855893608861798
7 6 5 5 -1  1
15342920704119329341
5 7 4 7 -1  1
15342922487289122735
5 7 4 7 -1  1
15342946173602695565
3 7 5 6 -1  1
15342962606404961456
5 5 3 6 -1  1
15343240238457636891
7 4 5 5 -1  1
15343373487076178994
7 2 5 0 -1  1
15343443509998119372
3 1 4 0 -1  1
15343537948319055450
6 0 4 0 -1  1
15343537974783340189
5 5 3 4 -1  1
15343579656372033807
2 1 4 3 -1  1
15343813395906678962
5 6 4 7 -1  1
15343881585164939442
5 1 4 2 -1  1
15344106055228348950
6 3 7 5 -1  1
15344474218198887124
2 1 3 3 -1  1
15344489580225845226
3 5 2 4 -1  1
15344718275265830948
6 7 4 7 -1  1
15344735860213273747
2 2 2 0 -1  1
15345159597054778277
6 3 5 2 -1  1
15345347235328573285
4 3 2 1 -1  1
15345389524182661526
1 4 7 4 -1  1
15345487300949749048
5 3 4 2 -1  1
15345514573655355677
3 7 5 7 -1  1
15345591006323393688
7 5 1 5 -1  1
15345856847540634824
4 5 3 4 -1  1
15345906023046359317
6 4 2 0 -1  1
15345948769157660995
1 0 0 0 10  1
15345984450092355840
3 1 2 2 -1  2
15345990749592486281
7 4 7 6 -1  1
15346091704339375655
5 6 4 7 -1  1
15346159351479934522
7 7 6 6 -1  1
15346317243417980464
6 1 5 2 -1  1
15346470822533745428
6 5 5 5 -1  1
15346550952838035409
4 5 1 2 -1  1
15346573933442826795
5 3 4 3 -1  1
15347044744268039652
5 5 4 6 -1  1
15347331968000832904
7 2 3 6 -1  1
15347381374488947797
3 7 2 7 -1  1
15347520538517854136
0 1 2 1 -1  1
15347571045723400414
3 6 1 4 -1  1
15347643928772186240
5 5 2 2 -1  1
15347667657407596568
4 6 3 6 -1  1
15347697500438820119
0 2 7 2 -1  1
15347827457202518998
5 5 4 4 -1  1
15348094243117258339
5 0 5 1 -1  1
15348155028742133789
7 2 5 2 -1  1
15348396461505438017
6 2 4 2 -1  1
15348501167943860216
6 2 4 2 -1  1
7 2 5 4 -1  3
15349066985133452403
6 0 4 0 -1  1
15349079665135909377
6 4 6 2 -1  1
15349546595398110231
0 4 0 7 -1  1
15349557962237433324
4 7 3 5 -1  1
15349602693681561264
4 6 3 6 -1  1
15349736046317019105
4 1 3 3 -1  1
15349741222815338676
5 5 6 3 -1  1
15349858786962512649
7 5 7 4 -1  1
15349956261873396362
5 2 4 3 -1  1
15350107715782427491
6 3 4 2 -1  1
15350111783727130700
7 6 7 7 -1  1
15350299721144241277
5 5 2 2 -1  1
15350396536952681906
5 6 4 7 -1  1
15350590320644373608
4 2 3 3 -1  1
15350657277106616505
6 4 7 4 -1  1
15350827748620149091
4 1 5 3 -1  1
15350909231011907964
4 3 1 3 -1  1
15350916378880218638
3 1 2 2 -1  3
15350917703835544518
3 1 2 2 -1  1
15350980359622768954
4 6 3 6 -1  1
15351246964237821215
6 5 5 4 -1  1
15351411484574890175
5 5 6 6 -1  1
15351479470436761333
1 5 3 5 -1  1
15351532862470347720
7 6 5 5 -1  1
15352091682436201646
6 4 5 5 -1  1
15352554851193023323
7 5 5 4 -1  1
15352599047284884354
5 1 4 2 -1  1
15352978566550260241
7 1 6 1 -1  1
15353218164337711934
5 3 6 3 -1  1
15353438130568937477
5 1 4 3 -1  1
15353500819197526565
4 4 6 5 -1  1
15353513703273190044
5 1 5 3 -1  1
15353591245259788511
5 5 3 4 -1  1
15353712317071657050
3 4 2 6 -1  1
15353912849218756441
0 4 0 5 -1  1
15354048744945589288
2 7 3 7 -1  1
15354343631339017972
7 0 7 4 -1  1
15354429856627901067
6 0 5 0 -1  1
15354645675162111565
5 6 7 6 -1  1
15354856276592530297
6 4 5 5 -1  1
15355037965155017777
7 3 7 4 -1  1
15355159831091356067
7 3 6 3 -1  1
15355212830136441878
7 6 6 6 -1  1
15355286196131859254
5 5 4 3 -1  1
15355438635814128295
7 0 7 4 -1  1
15355624186173950599
5 5 7 6 -1  1
15355898428737641174
3 0 3 5 -1  1
15356340314474842436
7 0 7 5 -1  1
15356363164329385096
6 4 5 3 -1  1
15356592156871812621
3 2 3 3 -1  1
15356672189837751156
2 3 1 4 -1  1
15356784276262657696
7 6 6 6 -1  1
15356796599548374105
3 1 6 4 -1  1
15356839427685822292
6 3 1 3 -1  1
15357665194143892339
7 5 6 6 -1  1
15357673095749553830
4 1 3 2 -1  1
15358081479389618160
3 1 5 1 -1  1
15358111768600514536
6 4 7 4 -1  1
15358113304367641251
6 2 6 1 -1  1
15358119818018696534
3 4 5 3 -1  1
15358250655981121648
5 3 4 4 -1  1
15358464937480205199
6 1 5 2 -1  1
15358637543456272195
5 4 6 3 -1  1
15358681545732077050
5 5 4 3 -1  2
15358921714077114175
7 1 6 0 -1  1
15359322296090419026
6 3 5 1 -1  1
15359347141880245661
0 0 2 0 -1  1
15359362949880888101
6 6 5 6 -1  1
15359750370253948736
1 0 1 1 -1  1
15359771761985302512
6 2 7 2 -1  1
15359858763570190250
4 6 3 6 -1  1
15359950651294547799
7 4 6 5 -1  1
15359955261129205797
3 4 1 4 -1  1
15360157497108652069
7 5 7 3 -1  1
15360171440008211674
6 5 6 4 -1  1
15360266556648865451
7 6 7 7 -1  1
15360273203400850981
3 6 1 6 -1  1
15360416340064305136
3 5 3 4 -1  1
15360680972270967110
0 4 0 0 -1  1
15360704609544955285
4 0 4 5 -1  1
15361018258223460789
6 2 5 2 -1  1
15361117294923896353
4 0 3 1 -1  1
15361275216621581548
5 1 5 0 -1  1
15361442892012848055
4 3 3 3 -1  1
15361570415223217231
5 5 6 4 -1  1
15361607764121356056
6 1 5 1 -1  1
15361632919918703635
6 0 5 0 -1  1
15361765441996884020
7 1 6 1 -1  1
15361782143697347942
0 1 7 1 -1  1
15361812466230206740
4 3 3 4 -1  1
15361862950206937130
2 7 0 7 -1  1
15361929837407530780
0 1 1 1 -1  1
15362426376527678674
5 2 6 4 -1  1
15362491992791811399
7 2 6 2 -1  1
15362555516982073269
4 6 5 7 -1  1
15362609814996364480
6 0 5 0 -1  1
15362758900052384946
7 6 6 6 -1  1
15362857184794991217
5 4 5 5 -1  1
15362978364791300471
6 7 5 7 -1  1
15363224703400752214
4 4 3 3 -1  1
15363541679130283006
5 5 4 5 -1  1
15363665641024733403
6 4 5 3 -1  1
15363823882405360215
4 6 3 5 -1  1
15364080672172121663
7 1 5 2 -1  1
15364156198226580040
7 3 6 2 -1  1
15364163891626962308
4 3 3 3 -1  1
15364286006196651952
6 1 7 1 -1  1
15364321225831432774
5 5 4 4 -1  1
15364464936808664496
5 1 3 1 -1  1
15364470622833279731
6 7 4 7 -1  1
15364577779888493343
1 2 6 2 -1  1
15364578408547334440
6 2 6 3 -1  1
15364942180692166360
2 1 4 1 -1  1
15365057696855619095
0 0 3 0 -1  1
15365144334386831631
4 5 0 1 -1  1
15365242946007407275
5 7 5 6 -1  1
15365268776077180301
6 3 4 4 -1  1
15365320884794169812
7 4 6 4 -1  1
15365331022806171418
4 5 3 4 -1  1
15365546621064547075
6 2 2 2 -1  1
15365549654419838157
7 5 6 6 -1  1
15365840072672034329
4 3 5 1 -1  1
15365947960524652675
6 7 5 7 -1  1
15366070861409747422
6 3 4 2 -1  1
15366398119286177985
5 4 7 2 -1  1
15366420799057218748
7 3 0 3 -1  1
15366729899006556045
6 4 6 5 -1  1
15366925701600984062
6 3 4 5 -1  1
15367091881961728439
3 2 2 1 -1  1
15367154192890900477
5 0 6 1 -1  1
15367218965444279512
5 1 5 3 -1  1
15367430369515781739
5 3 6 2 -1  1
15367438862628810909
2 3 1 3 -1  1
15367514791768163156
7 3 6 3 -1  1
15367966959430999603
7 2 7 3 -1  1
15367980841783867823
3 1 2 2 -1  1
15367994753323560362
6 2 6 5 -1  1
15368070787715579911
2 7 0 5 -1  1
15368091696453832414
4 4 2 3 -1  1
15368099601556787442
6 6 6 5 -1  1
15368150489599143612
6 6 5 7 -1  1
15368352890344492931
5 4 3 2 -1  1
15368408146494428835
4 4 3 4 -1  1
15368455106879432385
5 5 3 4 -1  1
15368810016160779904
7 0 2 0 -1  1
15369004961424131045
7 0 7 1 -1  1
15369010873809298738
7 2 6 3 -1  1
15369118973420825595
6 5 4 5 -1  1
15369628254807926109
6 4 3 4 -1  1
15369793255716156606
5 6 4 6 -1  1
15369846631096483263
2 2 1 2 -1  1
15369915225026926399
7 1 6 3 -1  1
15370031665531780962
7 3 6 2 -1  1
15370140277631567185
5 3 4 3 -1  1
15370177229413675274
4 6 5 5 -1  1
15370257709146881745
3 0 2 0 -1  1
15370424277138250283
6 5 5 5 -1  1
15370525282909402985
7 7 7 5 -1  1
15370735321835249371
5 4 5 5 -1  1
15370777974294087226
5 1 6 1 -1  1
15370797995628615971
4 0 4 4 -1  1
15370986736604668110
2 6 1 7 -1  1
15370995940172520187
4 6 3 6 -1  1
15371366770371385539
7 3 7 2 -1  1
15371390924610225089
7 2 6 3 -1  1
15371833481945957273
7 4 7 3 -1  1
15372009120798150451
4 1 3 1 -1  1
15372059994812971747
6 6 7 5 -1  1
15372180607189720814
4 5 6 4 -1  1
15372317268128017225
5 2 4 3 -1  1
15372319700726402340
6 4 5 5 -1  1
15372392822708288506
5 5 7 3 -1  1
15372799223804447067
5 5 6 3 -1  1
15372961688333880724
7 0 7 1 -1  1
15373217361954339592
3 5 2 5 -1  1
15373544570013867528
4 5 2 4 -1  1
15373561471199194914
5 2 4 2 -1  1
15373595090279804221
6 0 5 0 -1  1
15373657029487729397
4 2 3 1 -1  1
4 2 3 3 -1  1
15373808524170953849
2 6 1 5 -1  1
15373850658834834873
1 5 0 3 -1  1
15374141853271605217
5 1 4 1 -1  1
15374158888987393909
7 2 4 5 -1  1
15374428667653602266
3 1 6 4 -1  26
15374658513123246327
5 6 7 4 -1  1
15374833647822656745
5 2 6 3 -1  1
15374872638475135209
2 1 1 1 -1  1
15375063274121015754
6 7 4 7 -1  1
15375128147662130354
5 7 6 5 -1  1
15375136031956130693
5 4 4 5 -1  1
15375306978896852699
5 5 4 3 -1  1
15375349517727584009
6 4 4 2 -1  1
15375472341532992721
5 4 7 4 -1  1
15375593026313147300
6 4 5 5 -1  1
15375639306304531436
4 3 4 0 -1  1
15375739792132774987
4 7 3 7 -1  1
15375755909635379781
6 3 5 3 -1  1
15375831804334151612
3 1 2 3 -1  1
15375920115202126329
4 6 3 5 -1  1
15375968041151208924
7 5 5 6 -1  1
15376378407514722181
7 4 7 6 -1  1
15376483118911929492
7 6 6 6 -1  1
15376570795474253111
5 1 6 0 -1  1
15376808627751474125
1 2 1 0 -1  1
15376815370215906464
4 2 5 1 -1  6
15376960754032723935
5 2 3 3 -1  1
15377224772886496038
2 6 1 5 -1  1
15377462442087874026
7 5 7 4 -1  2
15377495442568078623
6 3 5 1 -1  1
15377517377039441182
4 0 2 2 -1  1
15377580478376938094
4 7 3 7 -1  1
15377826841409603288
5 2 4 0 -1  2
15377836271388200855
6 1 7 2 -1  1
15377853785056876911
5 5 5 2 -1  1
15377906830264174641
6 2 4 0 -1  1
15378404770936292516
7 4 5 3 -1  1
15378476453049511443
7 5 6 5 -1  1
15378610679204085158
4 2 5 4 -1  1
15378649896425929665
6 4 5 4 -1  2
15378729030546478652
3 3 3 7 -1  1
15378754947346703429
6 4 5 6 -1  1
15378940291682981889
7 3 6 2 -1  1
15379070975504932468
5 4 3 6 -1  1
15379203940559661632
4 1 3 1 -1  1
15379392287352555847
6 2 4 2 -1  1
15379490929588355314
4 4 3 4 -1  1
15379642463740473717
5 7 4 7 -1  1
15379683996314841272
7 2 7 4 -1  1
15379844912787739036
4 2 4 3 -1  1
15380066689029076306
4 1 3 1 -1  1
15380126683683936660
3 4 2 2 -1  1
15380260395568586149
7 0 7 3 -1  1
15380470403304917845
3 7 2 6 -1  1
15380475856045509209
5 0 4 0 -1  1
15380511291570194308
4 1 3 2 -1  1
15380715084642490889
6 4 5 4 -1  1
15381181368092221649
7 1 6 3 -1  1
15381216112327729411
7 2 6 1 -1  4
15381297231424898427
3 6 1 7 -1  1
15381437601384956659
4 5 5 4 -1  2
15381513894344579534
6 2 5 3 -1  1
15381520245372480805
6 5 5 5 -1  1
15381733521334209650
6 5 5 5 -1  1
15381739473571879889
3 1 4 0 -1  1
15381905061464629259
6 5 5 4 -1  1
15382113369371272406
4 7 3 7 -1  1
15382768402775370176
6 1 4 1 -1  1
15382961323712602995
6 3 6 1 -1  1
15382996742237861214
7 1 7 4 -1  1
15383183089851684934
3 4 1 4 -1  1
15383193472600695311
4 3 5 4 -1  1
15383196119898582319
4 3 2 4 -1  1
15383446354903679684
1 6 2 4 -1  1
15383568580344763321
5 5 4 7 -1  1
15383638391443703439
2 2 2 3 -1  1
15383691313852814070
7 6 7 7 -1  1
15383699214803112394
6 4 3 1 -1  1
15383714578267500746
6 5 5 4 -1  1
15384003170529318861
7 3 3 7 -1  1
15384202751244369458
7 2 6 2 -1  1
15384227148605463394
7 6 7 7 -1  1
15384372215433940676
7 4 7 2 -1  1
15384514666765307394
7 6 7 7 -1  1
15384569592296352815
6 5 5 5 -1  1
15384646810534360821
6 3 5 3 -1  1
15384673237950069179
3 7 0 4 -1  1
15385057042551652054
6 3 5 1 -1  1
15385169468303150527
7 3 7 2 -1  1
15385353142953035771
6 4 2 0 -1  1
15385380646189566884
7 2 5 0 -1  2
15385402413713265960
1 5 6 0 -1  1
15385466406040050284
2 5 2 4 -1  1
15385476673100544958
1 5 0 6 -1  1
15385539114604855754
6 0 4 0 -1  1
15385795193757734267
0 0 0 5 -1  2
15386305490756318424
1 7 4 4 -1  1
15386516680578297564
7 6 3 6 -1  1
15386600612094977483
7 2 7 1 -1  1
15387037754077945224
7 2 7 1 -1  1
15387159458997102566
4 1 3 1 -1  1
15387260035626778957
4 6 3 7 -1  1
15387370618216322348
4 2 2 3 -1  1
15387520470413611326
7 3 7 2 -1  1
15387645186905191703
6 2 7 2 -1  1
15387662356093711443
7 0 7 1 -1  1
15387721463216827707
6 6 5 5 -1  1
15387946469242086311
7 6 7 7 -1  1
15387996460602466490
7 4 7 6 -1  1
15388193774639449488
6 6 4 4 -1  1
15388215115071292367
5 1 4 1 -1  1
15388304914030512702
1 4 1 6 -1  1
15388362224267986193
6 7 5 7 -1  1
15388476129868988573
7 3 5 1 -1  1
15388674013527035528
3 2 3 3 -1  1
15388696264204731154
5 4 4 3 -1  1
15388925415410977384
7 2 6 1 -1  1
15389173563083429233
6 5 5 6 -1  1
15389229098322252748
4 3 4 2 -1  1
15389277007087834679
5 6 4 5 -1  1
15389375352187853647
4 5 5 4 -1  1
15389683913941586622
6 7 5 7 -1  1
15389685516272455024
3 1 1 3 -1  2
3 1 6 4 -1  2
15389813601330061646
1 2 3 4 -1  1
15389890395170044449
5 1 5 3 -1  1
15390039367040305539
3 7 2 6 -1  1
15390101693916158177
5 1 3 2 -1  1
15390145032246281668
6 4 5 5 -1  1
15390544749813682199
7 5 7 4 -1  1
15390586901211306891
5 0 4 1 -1  1
15390670793756772384
7 5 3 1 -1  1
15391080408985114793
7 0 7 4 -1  1
15391265540069513164
3 1 3 2 -1  1
15391532054645487976
5 6 4 6 -1  1
15391724448392214518
7 4 7 3 -1  1
15391849752510882125
6 5 5 5 -1  1
15392125919477269466
6 7 5 7 -1  1
15392865761650340260
1 6 1 7 -1  1
