342348780749662325
5 4 3 2 -1  1
342477788367815950
4 2 3 1 -1  1
342684434582532449
7 3 6 3 -1  1
342909671528415208
4 0 4 7 -1  1
343068808257647119
7 4 7 6 -1  1
343126877402467353
4 1 3 0 -1  1
343194498085995402
4 2 2 1 -1  2
343318718287090478
7 6 7 7 -1  1
343498466307268101
7 6 6 7 -1  1
343507155368565453
4 1 3 0 -1  1
343574367719847752
6 4 4 4 -1  1
344194367050986804
4 3 6 2 -1  1
344318382846683301
7 5 6 6 -1  1
344394189911190013
7 5 7 4 -1  1
344422221932093656
6 2 5 2 -1  1
344456839133409689
7 5 7 1 -1  1
344861641338685528
6 2 5 3 -1  1
344879144207568661
6 4 4 4 -1  1
345716913703726666
5 4 7 2 -1  1
345745514447168855
4 2 5 1 -1  1
345752214952381810
3 4 4 6 -1  1
345838765646764972
6 1 5 1 -1  1
346179805087309690
5 7 4 7 -1  1
346576706612517245
7 3 7 0 -1  1
346662800509380940
7 4 7 6 -1  4
346678851054887611
3 4 2 5 -1  1
346739351632532936
2 4 1 3 -1  1
346776744215515385
7 2 6 1 -1  5
7 5 3 1 -1  5
346889231692458601
6 2 5 1 -1  1
347026947670709425
5 1 4 2 -1  1
347060841943781357
6 2 4 4 -1  1
347079739992821328
4 0 0 4 -1  1
347195207809564991
4 0 3 1 -1  1
347420319604384712
7 0 5 0 -1  1
347446506311065430
3 3 2 3 -1  1
347568895590751144
3 7 2 6 -1  1
347578266084193683
7 2 6 1 -1  1
347591609920907791
7 5 7 4 -1  1
347806391629874521
5 3 6 3 -1  1
347856166660255356
7 4 7 6 -1  1
347892170253593393
7 5 7 3 -1  1
348020251232644084
7 5 5 4 -1  1
348046782758219725
6 2 6 3 -1  1
348060500611465047
6 3 7 5 -1  1
348063646063280557
6 6 5 6 -1  1
348404335411076418
7 0 7 2 -1  1
348509030479153241
4 4 3 4 -1  1
348769759079970643
7 5 7 6 -1  1
349388722627404038
6 0 5 0 -1  1
349711020183715026
3 0 7 0 -1  1
349769280155974531
5 3 4 2 -1  1
349774323910102362
6 7 7 6 -1  1
349804286868882587
4 4 6 3 -1  1
349915413632511302
6 4 6 3 -1  1
349988047572021484
7 3 1 3 -1  1
349995044427533493
7 3 6 3 -1  1
350207961581756465
7 2 7 1 -1  1
350278102288566204
4 3 2 2 -1  1
350424530120780967
3 1 7 5 -1  2
350435703690715614
6 3 4 2 -1  2
350442487231451727
5 3 7 5 -1  1
350549768679101250
6 2 4 2 -1  4
6 2 5 2 -1  1
6 3 4 3 -1  2
6 3 5 3 -1  1
6 4 4 4 -1  23
6 4 5 4 -1  6
6 6 5 6 -1  5
350588129369433902
1 4 2 5 -1  1
350627165567507611
3 5 2 5 -1  1
350629130524364560
4 3 3 3 -1  1
350790115982013224
4 2 0 2 -1  1
350833911982953582
3 5 2 4 -1  1
350928877931752763
6 0 2 0 -1  1
350959596963295564
4 0 5 1 -1  1
351157027747555636
4 4 3 4 -1  1
351208549876408888
1 7 2 5 -1  1
351282129657937911
0 4 0 3 -1  1
351363457956876984
5 1 4 1 -1  1
351764983922761904
5 2 4 0 -1  1
351879756556665870
4 6 3 5 -1  1
352671362345403573
5 1 3 2 -1  1
353054766313545047
4 4 3 4 -1  1
353078606269906833
7 5 6 5 -1  1
353200679610470195
7 2 0 2 -1  1
353305519407739740
4 2 3 2 -1  1
353399944938134974
6 5 5 5 -1  1
353515527294984230
5 4 6 5 -1  1
353542564877856172
1 2 4 2 -1  1
353645606023541059
7 6 5 5 -1  1
353703860061037279
7 3 7 2 -1  1
353972651786193125
5 6 4 6 -1  1
354148915008682555
2 6 1 7 -1  1
354223313565932704
5 5 4 6 -1  1
354301941990367622
5 7 6 6 -1  1
354367085649528704
4 5 3 5 -1  1
354436983666186247
1 0 1 3 -1  1
354586772507022414
7 4 7 5 -1  1
354726702480562014
6 0 4 0 -1  1
354991290432701811
7 3 6 2 -1  1
355057091146940922
6 3 5 4 -1  1
355075154049461102
5 4 4 4 -1  1
355106751131661289
6 5 5 4 -1  1
355191210947488044
4 3 5 5 -1  1
355197860874732255
4 6 3 5 -1  1
355387289430222800
6 1 5 2 -1  1
355415891576149935
7 5 7 3 -1  1
355526850378030468
4 3 3 3 -1  1
355547639819249643
4 0 3 2 -1  1
356033821587766849
4 5 1 5 -1  1
356039888168135436
5 5 6 4 -1  1
356195676530086412
5 5 4 4 -1  1
356230915695230418
4 2 2 1 -1  1
356338699294018538
4 6 2 6 -1  1
356466452465232179
3 4 2 4 -1  1
356488515022899310
6 7 5 7 -1  1
356667434701367570
6 5 6 4 -1  1
356809416615386978
6 6 2 2 -1  1
356862086980817724
3 2 4 4 -1  1
356870519818352950
7 6 7 0 -1  1
357053494778283290
5 2 3 3 -1  1
357316000315374571
7 0 7 1 -1  1
357644398808558043
6 7 5 6 -1  1
357908174123481885
7 3 7 4 -1  1
358238500959733897
6 2 5 3 -1  1
358273845040923190
5 7 4 5 -1  1
358334505527316992
6 6 1 1 -1  1
358426599398550896
7 6 7 5 -1  1
358515455423701014
6 5 4 5 -1  1
358607086816183041
7 5 7 6 -1  1
358652081423132752
1 7 1 0 -1  1
358788379359627180
6 3 6 4 -1  1
358980374984761755
7 0 6 0 -1  1
359011592482462069
5 3 4 3 -1  1
359019677613230907
5 5 4 7 -1  1
359025632907417007
6 4 5 4 -1  1
359253055203377357
7 5 5 7 -1  1
359278121341151861
2 5 2 6 -1  1
359405604619543599
3 4 5 3 -1  1
359462329505402104
5 4 4 5 -1  1
359632318282549256
3 0 2 0 -1  1
359703059833447970
3 4 1 5 -1  1
359755710848822625
6 0 6 2 -1  1
359817564693270254
4 5 5 6 -1  1
359919573516721413
0 4 0 5 -1  1
359967704985564095
5 6 4 5 -1  1
360206152790107654
4 2 6 4 -1  1
360383847116674214
6 0 5 0 -1  1
360414853882555691
7 2 6 1 -1  1
360483590493320713
5 0 3 2 -1  1
360649148269026152
6 0 5 0 -1  1
360660856614577971
7 1 7 0 -1  1
360752259162324922
4 5 3 6 -1  1
360821685169747496
6 2 5 2 -1  2
360892886971502063
6 3 5 2 -1  1
360924198710280522
7 6 5 5 -1  1
361071419988851841
4 3 5 3 -1  1
361078452147392948
6 4 7 5 -1  1
361101437952539516
5 3 4 1 -1  1
361424044875571204
6 3 5 3 -1  1
361604253870814177
6 1 5 0 -1  1
361758155747393643
6 6 4 6 -1  1
361804269900274531
5 2 4 1 -1  1
361858620364168456
5 6 4 7 -1  1
361918769139775267
4 1 3 1 -1  3
6 3 4 4 -1  1
7 2 6 1 -1  2
362102747560814729
6 7 5 7 -1  1
362163677055329922
5 5 4 7 -1  5
6 0 4 0 -1  5
362429285184460259
7 7 7 6 -1  1
362606069091056465
5 3 4 3 -1  1
362976428739899220
5 5 7 4 -1  1
363061894098520527
4 4 2 3 -1  1
363083890098091352
5 5 6 3 -1  1
363113093503663674
4 6 3 6 -1  1
363199672586930976
7 2 6 1 -1  1
363200662397925980
6 2 6 5 -1  1
363207406966894693
7 1 5 2 -1  1
363343266553563297
1 1 0 1 10  1
363490140906682209
6 4 4 5 -1  1
363534849686197902
2 4 0 3 -1  1
363758741096208036
5 2 4 3 -1  1
364020242295156206
6 6 5 5 -1  1
364050764719581930
5 5 4 3 -1  1
364067374186545039
0 2 0 1 -1  1
364144553587321436
5 5 3 4 -1  1
364196155268501737
6 6 5 7 -1  1
364480664320028456
7 3 6 2 -1  1
364493029890395060
2 3 0 4 -1  1
365005967292768587
0 0 3 0 -1  1
365259019075860895
7 1 7 3 -1  1
365351869909593066
6 1 7 0 -1  1
365427476476155701
5 2 6 4 -1  1
365523203645730187
5 3 2 6 -1  1
365556712494239267
7 3 7 2 -1  1
365920602512443820
5 5 4 5 -1  1
365938321412960166
6 4 5 3 -1  1
366126514065718709
7 2 5 2 -1  1
366135774590937541
0 2 2 3 -1  1
366155836521877835
6 7 5 7 -1  1
366268120522578360
3 1 6 4 -1  1
366326745915895234
4 3 3 5 -1  1
366344512155287692
7 7 7 6 -1  1
366448709425968732
6 4 7 3 -1  1
366628317182636331
6 4 7 3 -1  1
366644245189532325
5 6 6 5 -1  1
366660624318146386
6 0 5 0 -1  1
366667483363972424
5 5 5 4 -1  1
367154784921870149
7 0 7 2 -1  1
367175982715778756
6 7 1 2 -1  1
367288660128030183
4 0 3 0 -1  1
367355329481288805
4 3 3 3 -1  1
367614670564284328
5 3 4 2 -1  1
367652450169568313
1 4 0 4 -1  1
367681746650662374
5 6 5 4 -1  1
367693735806295670
7 6 7 5 -1  1
367753832569887918
7 7 4 7 -1  1
367953817839791520
6 2 7 1 -1  1
367961367645848824
2 1 4 2 -1  1
368183920872545974
6 4 4 5 -1  1
368294922646168473
6 6 3 6 -1  1
368329654631462006
7 5 5 4 -1  1
368383827810566942
6 1 5 2 -1  1
368402722172711319
5 5 4 5 -1  1
368473009280633646
6 3 5 5 -1  1
368497996392015781
4 4 2 5 -1  1
368529840180743502
3 1 4 2 -1  1
368624721012369431
3 7 4 7 -1  1
368969725226820711
5 7 6 6 -1  1
369053203223686844
4 7 0 7 -1  1
369557396168913769
7 1 5 2 -1  1
369742500176044539
2 5 5 5 -1  1
369844025390628291
6 7 5 7 -1  1
369887003907002342
6 7 4 7 -1  1
369948380945534466
7 2 3 6 -1  1
370044102557098992
5 5 7 3 -1  1
370154003102163783
5 6 4 5 -1  1
370229991707777323
4 6 5 5 -1  1
370466472675052153
6 2 5 2 -1  1
370816936770595906
5 1 7 2 -1  1
370879206433881589
7 3 5 1 -1  1
371088251489584203
6 1 5 1 -1  1
371415694963256736
3 1 2 3 -1  1
371539098537994313
6 1 5 2 -1  2
371657046058792658
7 1 5 2 -1  1
371863086222109848
6 1 5 1 -1  1
371948861606179183
5 5 4 3 -1  1
371994905428616422
7 7 7 6 -1  1
372114397073073612
7 6 7 4 -1  1
372147785248830157
4 4 6 4 -1  1
372199634072344766
6 3 4 3 -1  1
372217407468651677
7 2 6 1 -1  1
372367717106045093
6 1 4 1 -1  1
372500919685890427
2 1 5 1 -1  1
372550604339423110
6 3 5 3 -1  1
372656820288669717
5 4 4 3 -1  1
372766584204912454
7 0 5 0 -1  1
372846913895096042
5 4 6 4 -1  1
372923456323570231
7 5 2 5 -1  1
373370892408266720
5 4 3 5 -1  1
373560644377257384
7 5 6 6 -1  1
373592237021841211
7 2 3 6 -1  1
373615527105381666
7 4 5 3 -1  1
373656481299802516
6 7 5 7 -1  1
373743912224447441
1 5 0 6 -1  1
374029821015297459
6 2 4 2 -1  1
374043446485146965
7 0 7 2 -1  1
374099888055123278
7 0 7 4 -1  1
374258665328164131
7 0 4 0 -1  1
374359871483653949
7 2 5 4 -1  1
374643220235377188
4 5 3 5 -1  1
374816653091582664
6 4 5 5 -1  1
375001145659292918
4 2 2 2 -1  1
375392841619993771
3 1 4 3 -1  1
375393017713623593
6 4 5 3 -1  1
375611785810519567
4 6 3 7 -1  1
375797429876076017
3 3 3 4 -1  1
375854529708550700
4 6 6 5 -1  1
375882565351577748
5 4 4 4 -1  1
375944901149073819
5 4 4 3 -1  1
376002889677363418
7 7 6 7 -1  1
376026865807829485
3 6 6 3 -1  1
376321052963686326
7 4 7 2 -1  1
376535897951512013
7 0 7 2 -1  1
376692402178337572
7 5 6 6 -1  1
376960888596505228
5 7 2 7 -1  1
377165187979761348
4 0 3 0 -1  1
377228161896537440
3 3 4 3 -1  1
377242183633552097
6 1 6 4 -1  1
377548700341937536
6 5 4 5 -1  1
377565171845066870
2 1 5 1 -1  1
377808200128458543
5 3 6 4 -1  1
377820076607039952
6 4 2 4 -1  1
377853167931734826
7 7 7 6 -1  1
377997887212135381
2 4 3 5 -1  1
378029130945133415
6 5 6 4 -1  1
378064181748889062
3 1 4 2 -1  1
3 1 6 4 -1  1
378162266457495356
5 6 3 6 -1  1
378203274939817208
7 4 2 4 -1  1
378680294787916560
7 0 4 0 -1  1
378774432196192352
7 7 7 6 -1  1
378808293905276433
6 7 4 7 -1  1
379018198880943781
7 3 7 2 -1  1
379055788006019497
7 1 5 2 -1  1
379107805493377653
4 4 3 4 -1  1
379323523254144666
4 2 3 3 -1  5
379461989485081112
1 2 1 3 -1  1
379538514076069833
3 6 4 4 -1  1
379548505057000126
5 6 4 7 -1  1
379593574058757930
6 3 4 2 -1  1
379638042757482247
6 6 6 7 -1  1
379735065872837177
6 3 5 1 -1  1
380112114698108266
7 3 6 3 -1  1
380549638604840753
7 2 6 2 -1  1
380741485941724461
0 2 2 4 -1  1
381001800177662074
6 7 5 7 -1  1
381033284632261890
5 6 4 5 -1  1
381083215534722576
3 4 0 4 -1  1
381298304258946184
7 3 5 3 -1  1
381582523216589783
1 6 6 6 -1  1
381654617393439316
3 4 2 3 -1  1
381879561420474672
4 7 3 7 -1  1
381912667152036531
7 3 4 0 -1  1
382135539146676845
7 0 7 5 -1  1
382246936737485341
3 5 2 6 -1  1
382507635357445453
4 3 2 5 -1  1
382653210897496747
7 4 7 6 -1  1
382673753383105594
5 7 4 6 -1  1
382707460037240636
5 5 4 3 -1  1
7 2 6 3 -1  1
382897828105797940
7 6 6 5 -1  1
383180025552376781
7 2 7 3 -1  1
384164392071275457
3 6 2 5 -1  1
384191659255905980
6 3 3 0 -1  1
384250648903452317
3 7 3 6 -1  1
384397775945563866
2 1 3 2 -1  1
384576571182357437
3 7 6 7 -1  1
385581637528201409
7 5 6 6 -1  1
385600901226332277
7 2 6 1 -1  1
385627673881553108
6 2 5 2 -1  1
385646042506829668
5 7 7 7 -1  1
385854553409514356
7 0 6 0 -1  1
385899805351362435
6 6 7 5 -1  1
386012082702491556
3 4 2 4 -1  1
386160045200952242
6 5 5 5 -1  1
386253254484317261
6 4 6 5 -1  1
386497614558811790
4 4 3 5 -1  1
386510751622161799
5 6 4 6 -1  1
386698496240121488
4 4 3 3 -1  1
386882973744505000
5 4 7 3 -1  1
386900509676711660
7 2 3 2 -1  1
387300532975957551
7 1 4 4 -1  1
387382805908169146
7 5 5 3 -1  1
387656711158116681
4 6 3 5 -1  1
388109737687782097
2 3 2 1 -1  1
388181481604873450
3 2 2 4 -1  1
388253403016804777
3 2 4 0 -1  1
388276515879148064
4 2 3 2 -1  1
388418681902451021
5 4 5 5 -1  1
388588347430783926
4 5 4 4 -1  1
388711455628169781
6 3 2 7 -1  1
388833870628520046
0 5 4 1 -1  1
388835901700207637
5 2 6 0 -1  1
388855886017751065
4 1 3 1 -1  1
389003507967307924
7 7 7 3 -1  1
389040481996028522
6 6 4 6 -1  1
389200609409896450
7 1 7 2 -1  1
389233939639535368
0 3 1 2 -1  1
389534715643057042
6 3 4 1 -1  1
389583398008199612
4 2 1 2 -1  1
389696748094620346
7 5 6 6 -1  1
389831464878965871
4 4 5 6 -1  1
389847795935268834
4 3 5 5 -1  1
390010423759469866
6 3 5 3 -1  1
390325001930609108
5 5 3 7 -1  1
390365461689607354
7 3 6 2 -1  1
390376587779001134
2 4 4 2 -1  1
390454573975906524
7 0 7 2 -1  1
390587117091663864
2 3 1 3 -1  1
390659726144615511
5 0 4 0 -1  1
390688471983178987
5 7 7 5 -1  1
390810958968244185
5 5 4 4 -1  1
390847524463288065
6 6 6 5 -1  1
391120552252413155
2 1 1 1 -1  1
391239752590012430
5 1 3 2 -1  1
391350610815037015
5 2 7 1 -1  1
391442052485783510
6 4 5 5 -1  1
391679084012178896
2 0 1 0 -1  1
391729650594434415
4 1 3 1 -1  1
391939888762631507
7 5 6 5 -1  1
391986332790674615
5 4 3 2 -1  1
392070342312961277
5 4 5 6 -1  1
392100623611527980
4 7 3 6 -1  1
392629084229652332
5 5 6 6 -1  1
392719661861370421
4 4 2 5 -1  1
393072463527738457
5 4 4 4 -1  1
393198831483181777
6 5 5 7 -1  1
393306360368254851
5 4 4 3 -1  1
393358488283918839
7 2 5 4 -1  1
393578201008217331
5 3 4 3 -1  1
393737232769660079
5 1 4 1 -1  1
393780160002503077
2 4 2 3 -1  1
393907166604689317
4 4 4 7 -1  1
393950055901255086
4 4 5 6 -1  1
393963328225363022
7 2 3 6 -1  1
393977712849210205
5 5 6 6 -1  1
394383122978558152
1 0 3 0 -1  1
394454538778655589
5 0 4 1 -1  1
395034874305387169
5 4 4 3 -1  1
395451444439889358
5 3 3 3 -1  1
395941329908200761
3 4 2 3 -1  1
396036875573682422
6 4 6 5 -1  1
396055336464210629
6 2 4 2 -1  2
6 4 5 4 -1  4
396121754960643812
0 0 0 4 -1  1
396185646301796329
7 2 5 0 -1  1
396222476183867610
7 6 7 5 -1  1
396253795382272746
7 6 6 6 -1  1
396259625445508104
3 4 4 2 -1  1
396460387582972981
6 0 5 0 -1  1
396748973488806874
4 1 3 3 -1  1
396949182972372976
6 4 5 3 -1  1
397051315541052966
7 2 5 4 -1  1
397138861616467332
5 1 4 0 -1  1
397300194918542547
7 5 7 2 -1  1
397340158172052986
5 2 4 0 -1  1
5 3 4 3 -1  2
397422909123171356
6 7 5 7 -1  1
397672147530810781
5 3 5 4 -1  1
397680952886448490
4 3 3 3 -1  1
397703863910503126
6 4 7 5 -1  1
397748603837250451
2 5 1 5 -1  1
397873830406700761
5 2 4 2 -1  1
397880029022708189
5 4 4 5 -1  1
397884308097613589
7 5 4 2 -1  1
398231764133894502
7 3 7 4 -1  1
398277314486051987
4 2 5 0 -1  1
398318181931834446
6 2 4 2 -1  1
398440275033293140
5 2 4 2 -1  1
398556346588151328
4 2 3 3 -1  1
398613031230046150
7 7 7 6 -1  1
398668386380675166
4 5 3 4 -1  1
398785635344064893
5 7 4 6 -1  1
399053867350629547
6 2 7 2 -1  1
399180328477508223
5 2 4 1 -1  1
399402753909381815
5 1 6 3 -1  1
399517801563849303
6 4 4 4 -1  1
399627063547437562
6 3 4 4 -1  1
399731141335059530
6 4 4 4 -1  1
399739864397483557
5 6 4 6 -1  1
399760392216377409
7 1 5 2 -1  3
399799627700792551
5 5 6 4 -1  1
399800913307362448
7 0 7 2 -1  1
399809434450286604
6 7 7 7 -1  1
399973056673477323
5 5 3 3 -1  1
400008034232502574
7 6 6 5 -1  1
400115585418944176
4 0 4 3 -1  1
400236711536064840
4 4 3 4 -1  1
400415186761056559
7 4 6 5 -1  1
400449235126605815
3 0 1 0 -1  1
400764893372452038
1 2 3 2 -1  1
400928790054943723
7 3 6 4 -1  1
401020472514349799
6 2 7 3 -1  1
401218194927722375
7 1 7 0 -1  1
401251945124093850
6 3 5 3 -1  1
401544854946470559
5 1 4 2 -1  1
6 6 7 5 -1  1
401703078180962687
4 5 5 6 -1  1
401708528889724070
6 3 5 2 -1  1
401755008397539472
6 0 4 0 -1  1
401800635625676941
5 4 4 4 -1  1
6 0 5 0 -1  5
6 1 4 1 -1  3
401844280103589176
3 2 2 1 -1  1
401987166551111094
4 2 4 3 -1  1
401988271395740401
7 3 5 4 -1  1
402055525935022957
6 2 5 2 -1  1
402280078437350737
6 1 6 0 -1  1
402387173371432190
5 7 4 7 -1  1
402420966893105645
3 0 2 0 -1  1
402468910655080631
7 2 6 2 -1  1
402630679954962858
6 0 5 0 -1  1
7 6 5 5 -1  1
402856584597512466
5 5 4 3 -1  1
402944160803662954
5 4 3 2 -1  1
403080354462734656
6 3 5 1 -1  1
403188023911638474
7 2 5 1 -1  1
403310331780713346
7 5 5 7 -1  1
403510317064457192
7 5 6 6 -1  1
403576503151916555
3 4 2 4 -1  1
403650812787118350
1 0 3 0 -1  1
403725699279022749
5 1 7 2 -1  1
403741137156959954
2 1 3 1 -1  1
403800376862336395
5 1 6 3 -1  1
403958794573150706
3 4 4 3 -1  1
404024463960611629
6 0 6 2 -1  1
404250009564427167
4 5 5 4 -1  1
404585334384718271
7 2 5 2 -1  1
404679624756587953
4 4 3 3 -1  1
405119614079517863
7 3 7 2 -1  1
405290159282587136
7 1 5 1 -1  1
405504364596274658
7 6 6 6 -1  1
405850736594632011
7 4 7 6 -1  1
406071594290923385
6 6 4 6 -1  1
406435239936823089
6 4 7 5 -1  1
406716625263983000
4 5 6 4 -1  1
406820042351268663
7 2 5 4 -1  1
406852858813036963
7 3 3 3 -1  1
406989962752171624
5 2 5 1 -1  1
407020577346142395
5 2 4 0 -1  1
407331705245803904
6 4 4 4 -1  1
407354614837392343
6 6 5 6 -1  1
407632285379148166
5 4 4 3 -1  1
407700540433999398
5 1 4 1 -1  1
407927625108083465
5 4 6 5 -1  1
407984186984175197
6 3 6 4 -1  1
408449231314883092
5 6 4 6 -1  1
408485884576448894
4 0 7 0 -1  1
408638518656575374
6 3 5 4 -1  1
408921267007552993
3 4 4 2 -1  1
408948008634208211
4 3 4 7 -1  1
409002078753154611
7 5 6 6 -1  1
409228198499678188
6 3 5 3 -1  1
409421784646228105
7 1 6 3 -1  1
409550667016920967
3 3 3 6 -1  1
409662909273607050
5 3 4 4 -1  1
409693160337536388
7 2 6 3 -1  1
409987915060576880
7 1 7 0 -1  1
410117083686487000
4 4 3 4 -1  1
410137936573843957
2 2 2 0 -1  1
410163438440957378
4 4 3 5 -1  1
410172158114643076
4 5 5 6 -1  1
410231941224983450
7 6 7 3 -1  1
410311111096418428
7 0 7 1 -1  1
410627330559978656
6 5 5 5 -1  1
410644437293030457
5 3 6 2 -1  1
410923250898819495
7 7 6 6 -1  1
410954636535955624
3 5 2 6 -1  1
411085982871734228
3 6 3 2 -1  1
411173769437497759
6 3 4 4 -1  1
411287652608166965
3 2 4 4 -1  1
411314698492668489
5 4 3 2 -1  1
411561307518123223
6 3 0 3 -1  1
411688730800741604
7 2 1 2 -1  1
411733008490593517
7 2 7 1 -1  1
411782067895753716
7 3 6 4 -1  1
412245638487701567
5 4 4 3 -1  1
412482228214210081
5 5 4 3 -1  1
412528042811794898
1 0 2 0 -1  1
412573178907977827
7 6 7 7 -1  1
412683069727212788
6 6 4 6 -1  1
412720669074208061
7 1 6 3 -1  1
412872915302288127
6 5 7 5 -1  1
413000810038621363
5 5 3 4 -1  1
413103941384110017
4 6 3 5 -1  1
413147549102129026
6 2 6 3 -1  1
413361752004806005
1 7 2 6 -1  1
413901039407500459
6 6 5 7 -1  1
414110444806615286
5 4 3 2 -1  1
414142792497472986
4 3 3 2 -1  1
414364634781723848
6 2 6 4 -1  1
414468249703227949
7 1 5 2 -1  1
414527314660562489
3 7 3 6 -1  1
414641638874570249
4 5 2 3 -1  1
414752426882028831
5 1 3 2 -1  1
414801422257805939
5 6 5 7 -1  2
414811065169868323
3 0 2 0 -1  1
414896494452905839
6 1 1 1 -1  1
414910011692974400
6 7 5 7 -1  1
414973379993416923
7 6 7 3 -1  1
415181278584934411
5 5 6 3 -1  1
415277626941383549
5 5 3 4 -1  1
415280764016939059
6 4 7 5 -1  1
415295761898459811
5 3 6 4 -1  1
415363487133438272
7 6 6 6 -1  1
415390382969406214
6 1 5 0 -1  1
415420018662466866
3 7 7 3 -1  1
415453065290690434
6 5 6 6 -1  1
415502087427217298
4 7 3 6 -1  1
415590239529263512
7 1 5 2 -1  1
415591363728392543
7 1 4 4 -1  1
415700445245122849
6 3 5 5 -1  1
415783471151267253
3 2 5 3 -1  1
415876912822019453
7 2 6 1 -1  1
416067546549844228
6 4 4 4 -1  1
416176912539537574
2 6 7 6 -1  1
416308290420981206
1 1 2 0 -1  1
416330600081809691
7 7 7 6 -1  1
416458535669811943
4 4 3 3 -1  1
416565552403184172
4 3 3 3 -1  1
416992054352949300
4 2 1 5 -1  1
417068408179801706
6 2 5 3 -1  1
417128888721815784
6 7 5 7 -1  1
417155341891625474
4 1 3 1 -1  1
5 2 7 1 -1  2
417279937785142726
4 7 4 6 -1  1
417289394663398588
4 0 3 0 -1  1
417322386864525760
4 4 3 4 -1  1
417646424809897554
7 1 7 0 -1  1
417670339297684248
3 4 0 1 -1  1
417709521751249723
6 0 5 0 -1  1
417717593328621124
7 2 5 4 -1  1
418001436507971923
4 2 4 6 -1  1
418133515694921085
7 6 5 5 -1  1
418137710593564848
2 5 1 7 -1  1
418195405264048656
7 5 0 5 -1  1
418262726920035031
5 5 4 5 -1  1
418562608721182817
6 1 5 1 -1  1
419068526816364688
1 3 2 3 -1  1
1 3 3 3 -1  1
419120533010131539
7 0 7 3 -1  1
419172157492672151
6 4 5 3 -1  1
419249877377892512
1 0 0 1 -1  1
419281707995657563
6 4 5 4 -1  1
419830416207982551
7 6 6 4 -1  1
419942044433190811
7 6 2 6 -1  1
420445354707580377
6 3 3 0 -1  1
420614380105042418
7 6 6 7 -1  1
420632923956654838
5 7 4 6 -1  1
420731931921416734
6 3 4 2 -1  1
420872848671194844
4 2 6 2 -1  1
421020772942375744
6 2 0 2 -1  1
421214398810419962
4 5 4 7 -1  1
421413394623749992
7 2 5 2 -1  1
421505070551540293
5 1 4 3 -1  1
421538727384011901
7 2 7 3 -1  1
421717671656960598
5 4 4 3 -1  1
422034999812380006
0 6 0 2 -1  1
422059173596933299
4 3 3 4 -1  1
422063241524432887
4 0 3 0 -1  1
422217597657440888
6 0 5 0 -1  1
7 6 5 7 -1  2
422288369423496292
2 1 1 0 -1  1
422295365478837282
6 4 7 5 -1  1
422359879429818157
5 2 5 3 -1  1
422471759346384279
1 6 3 5 -1  1
422589808124499186
6 3 5 2 -1  1
422765669960683522
1 1 4 1 -1  1
423068012812909021
7 2 6 3 -1  1
423095766198243640
6 4 4 3 -1  1
423165287999633548
1 4 1 1 -1  1
423770359265467405
6 4 4 4 -1  1
423959495575439062
3 3 4 1 -1  1
424350054748658335
7 2 3 6 -1  1
424635819675270617
0 0 1 0 -1  1
424636595172306365
5 3 4 3 -1  1
424650700995843366
6 6 5 5 -1  1
424741638302953043
7 6 5 5 -1  1
425275427923399649
6 3 4 1 -1  1
425334942257361058
7 2 6 1 -1  1
425379862584877067
4 4 3 5 -1  1
425493596611504682
6 3 6 1 -1  1
425720889127733675
5 1 1 5 -1  1
425848566333480266
3 3 3 5 -1  1
425866320602665694
6 1 4 1 -1  1
426147763962615714
3 1 4 0 -1  1
426184657909814416
5 2 7 1 -1  1
426530065272143809
7 5 7 6 -1  1
426981283117742665
6 3 7 3 -1  1
427010072926614443
7 2 5 2 -1  1
427203264018191942
7 5 7 4 -1  1
427300983202260176
6 6 5 6 -1  1
427313565277089560
7 2 5 4 -1  1
427539344515023427
5 1 4 1 -1  1
427966653203108154
7 5 7 6 -1  1
428440370189737391
7 2 7 3 -1  1
428625259369683940
7 5 6 4 -1  1
428631651850245070
5 2 3 3 -1  1
428685670538518946
7 6 6 6 -1  1
428726751393326334
5 5 5 3 -1  1
428782629359388180
5 6 6 6 -1  1
429635170785113145
4 6 5 6 -1  1
429836057174326354
4 2 3 2 -1  1
430033887975779365
6 2 7 4 -1  1
430079348410835512
6 4 2 4 -1  1
430125146192450613
4 3 3 4 -1  1
430248776051335248
6 3 5 2 -1  1
430270811275292240
7 4 5 3 -1  1
430284058814564652
4 3 5 1 -1  1
430464857490260564
4 7 3 7 -1  1
430577428667199529
7 6 7 7 -1  1
430626650550966296
4 2 6 3 -1  1
430680766746216656
7 2 5 4 -1  1
430980290587523882
5 5 4 3 -1  1
431032189551401996
6 4 6 3 -1  1
431167873451677390
2 3 1 4 -1  1
431409065231122065
6 4 4 4 -1  1
431476704471905100
3 3 4 5 -1  1
431511547697458336
7 2 6 3 -1  1
431603199496193460
6 2 5 3 -1  1
431609823949437326
7 0 7 1 -1  1
431623953111836415
7 4 7 6 -1  1
431731603163313687
0 3 0 1 -1  1
431814228405410608
5 2 6 1 -1  1
431917838038560736
7 2 2 7 -1  1
432038432661532598
1 1 0 1 -1  1
432151237532045556
0 5 0 7 -1  1
432483356786378416
1 2 2 2 -1  1
432502696305565458
5 2 4 4 -1  1
432583832675470651
5 4 5 5 -1  1
432914429574346067
7 4 7 6 -1  1
432973320564705701
1 2 1 3 -1  1
433147796192539735
7 6 6 6 -1  1
433223870923858698
4 5 6 6 -1  1
433334102296098449
6 5 4 5 -1  1
433461973380890841
7 5 4 2 -1  1
433534386686101744
5 5 4 5 -1  1
433563429431989617
4 0 3 0 -1  1
433610420027893636
7 1 7 3 -1  1
433653282825530551
7 4 7 6 -1  12
433875525310337865
7 1 7 3 -1  1
434321321387617332
7 4 6 5 -1  1
434823757599310469
6 2 6 4 -1  1
434832693340080497
7 6 6 6 -1  1
434833541471783276
4 4 3 3 -1  1
434932930523382316
3 1 2 3 -1  1
435238092808006463
6 6 3 6 -1  1
435293647957706596
4 6 3 7 -1  1
435343240524804173
6 0 6 1 -1  1
435542532550321008
3 4 2 5 -1  1
435566792847105635
6 6 5 5 -1  1
435704452336499879
5 1 6 2 -1  1
435733349294963607
2 4 3 3 -1  1
435746314175919039
1 5 5 1 -1  1
435792718791020333
6 4 7 5 -1  1
435856064521310254
6 7 7 5 -1  1
436096617471141480
4 4 3 3 -1  1
436141274243359370
5 5 4 3 -1  1
436244385768110711
6 0 5 1 -1  1
436277488347027447
6 2 4 2 -1  1
436360851642453457
7 6 6 7 -1  1
436690983303722308
6 7 5 6 -1  1
436727484814011708
6 5 5 6 -1  1
437058043355291405
6 4 5 5 -1  1
437086490429622149
6 3 5 3 -1  2
437127790633324857
3 4 2 6 -1  1
437500040374974881
5 6 4 5 -1  1
437504924954415642
5 5 6 5 -1  1
437834236155348554
6 4 5 3 -1  1
437850748219365116
7 2 5 4 -1  1
437887945731904258
3 1 1 2 -1  1
438281081714548658
6 2 5 4 -1  1
438428921082958122
7 5 6 5 -1  1
438504620968704515
5 7 4 7 -1  1
438508011707371452
6 6 5 6 -1  1
438737360223746769
6 3 6 4 -1  1
438913714989109006
7 6 7 7 -1  1
439303096325687027
6 5 6 4 -1  1
439420647849272377
5 4 7 3 -1  1
439608840291280409
4 2 2 3 -1  1
439636715528843344
6 6 5 7 -1  1
439829647887777809
6 7 5 7 -1  1
440345284945714225
6 7 4 7 -1  1
440365163589415310
4 5 3 4 -1  1
440467163263928757
6 0 4 0 -1  1
440545584681234549
7 1 6 3 -1  1
440656673445147267
4 3 3 2 -1  1
440808997400240786
7 3 3 3 -1  2
440932555588833854
5 3 4 4 -1  1
441081598268153232
6 3 4 3 -1  1
441343572266601553
7 0 7 2 -1  1
441357354420106291
2 7 3 7 -1  1
441391366705042103
5 3 7 4 -1  1
441628855485286290
6 7 2 3 -1  1
441717845842214547
0 7 1 7 -1  1
442034142795204111
4 2 3 2 -1  1
442065708162943862
6 5 5 5 -1  1
442337217246164941
6 1 4 1 -1  1
442449688160795099
6 5 5 4 -1  1
442512422722894887
6 4 7 5 -1  1
442536950836153035
6 1 6 3 -1  1
442736507004735701
4 2 3 1 -1  1
442864674465547529
7 5 7 4 -1  1
443175845026320352
6 2 6 3 -1  1
443183167115596638
6 6 7 7 -1  1
443190145549332068
5 1 4 3 -1  1
443197250038232464
4 0 2 2 -1  1
443307876648484043
6 4 5 4 -1  1
443456439860338597
5 4 5 2 -1  1
443589395762310642
5 2 7 1 -1  1
443681075481212600
7 3 5 3 -1  1
443927141049530098
4 5 2 7 -1  1
444068200071992854
7 2 5 2 -1  1
444080682369138427
4 0 3 0 -1  1
444095132573920002
6 3 5 3 -1  1
444293598706348028
2 3 2 5 -1  1
444474430974856408
4 5 5 5 -1  1
444536382683388323
5 7 4 7 -1  1
444655640155456685
6 3 5 4 -1  1
444663143261354175
7 1 6 3 -1  1
444720840641664588
7 0 7 1 -1  1
444878157464980659
6 6 5 7 -1  1
445047161302830601
7 5 6 4 -1  1
445310237161641779
6 1 4 1 -1  1
445328641911677967
4 1 3 0 -1  1
445505462283462208
7 1 5 2 -1  1
445540960327248221
1 1 1 5 -1  1
445564990281172454
4 2 3 2 -1  1
445824793241055242
3 4 2 2 -1  1
445870998268687725
6 3 7 2 -1  1
445983388571902377
5 1 4 2 -1  1
445993492783233056
4 6 3 6 -1  1
446133421337680717
1 4 3 4 -1  1
446160247192232999
7 6 7 7 -1  1
446238262056650277
3 2 4 3 -1  1
446248638368328621
4 3 3 4 -1  1
446276938914693027
3 5 2 5 -1  1
446295182520440900
3 4 2 6 -1  1
446737993143273213
1 0 1 3 -1  1
446999249198811501
3 3 2 2 -1  1
447270151195300062
5 0 0 5 -1  1
447712550556491857
6 5 5 6 -1  1
448089862060948086
4 7 3 5 -1  1
448127996502755760
7 6 6 6 -1  1
448215477219548787
7 4 5 4 -1  1
448619313019678428
7 3 6 4 -1  1
448624717020642075
7 5 6 6 -1  1
448629679694787162
3 4 2 5 -1  1
448714998441574763
5 6 3 5 -1  1
448777636823873062
4 6 6 4 -1  1
448794104208876557
5 6 4 7 -1  1
448974894424958953
6 2 2 2 -1  1
449159330270085765
6 7 6 6 -1  1
449377871630988002
7 1 7 3 -1  1
449573422805935584
3 7 2 7 -1  1
449903857000773505
5 4 4 5 -1  1
450254170512700648
6 1 6 2 -1  1
450273865647651814
7 3 7 5 -1  1
450398791617351347
7 2 5 4 -1  1
450495891215735158
6 0 5 0 -1  1
450849875484815749
7 4 7 0 -1  1
451065672650570947
6 5 5 5 -1  1
451148512485900476
4 4 3 3 -1  1
451150874557662495
1 0 2 0 -1  1
451459263959629328
6 1 4 3 -1  1
451463380813598516
7 0 7 4 -1  1
451491078733094365
6 3 6 1 -1  1
451582111935217175
4 5 2 7 -1  1
451657173944100621
6 0 4 0 -1  1
451930351505218027
2 2 4 4 -1  1
452130661610147219
1 4 1 1 -1  1
452131096011805073
3 2 2 2 -1  1
452450505998829951
6 5 5 4 -1  1
452474566484293219
5 0 4 2 -1  1
452589075792320719
6 6 5 6 -1  1
452620112294115081
6 6 4 4 -1  1
452703204167667654
7 4 7 2 -1  1
452709560046249867
7 4 7 2 -1  1
453441541576486743
6 7 5 6 -1  1
453450511860751335
7 6 6 6 -1  1
453628156334611129
5 4 4 3 -1  1
453659165209458211
7 4 7 6 -1  1
453753815630936684
7 4 6 5 -1  1
453779654273006615
7 1 7 3 -1  1
453862632659475368
4 2 4 1 -1  1
453870987606697542
5 5 5 7 -1  1
454205685262045832
5 3 7 3 -1  1
454238788915724194
7 0 7 2 -1  1
454670878683141252
6 6 4 4 -1  1
454728876782747462
4 4 5 6 -1  1
454879114666819698
7 3 5 1 -1  1
454975007186678943
7 3 5 1 -1  1
455203369169030281
6 4 7 5 -1  1
455205518482220402
7 4 7 3 -1  1
455512272391995816
6 5 5 4 -1  1
455535310130848878
6 6 6 7 -1  1
455819156143890189
5 4 4 3 -1  1
456107122644337055
6 7 5 7 -1  1
456300243334852842
5 2 3 1 -1  1
456357457988750076
6 4 4 4 -1  1
456538857884089268
6 2 4 2 -1  1
456562549821486346
7 5 7 4 -1  1
456661073081131959
7 2 6 2 -1  1
456936281665540404
4 4 4 3 -1  1
457101888725439308
6 6 5 5 -1  1
457223863424406598
6 5 4 6 -1  1
457433718078855485
5 4 5 5 -1  1
457533910060497664
2 3 2 4 -1  1
457775770562304778
5 4 4 4 -1  1
458093095353009651
6 1 5 2 -1  1
458096269714262907
7 2 6 1 -1  1
458276810131200983
7 6 7 5 -1  1
458558849601290076
5 5 4 6 -1  1
458576299340254874
5 4 5 3 -1  1
458623108020376051
6 7 5 6 -1  1
458690041876276775
7 3 2 3 -1  1
458969032585618025
3 6 2 6 -1  1
459235208074208505
6 6 7 5 -1  1
460016864249167189
4 1 3 1 -1  1
460144312202027887
4 5 4 6 -1  1
460292533992568718
7 2 6 1 -1  1
460341290896484018
6 6 5 6 -1  1
460412886063171528
5 1 4 1 -1  1
460415867181822284
6 4 7 3 -1  1
460444057973922266
7 0 0 0 -1  1
460523031580992536
7 3 7 2 -1  1
460767685907945252
5 5 4 5 -1  1
460898506261085925
6 5 7 4 -1  1
460985079125567386
7 4 6 3 -1  1
461098684796199547
4 3 5 5 -1  1
461133771496450497
7 3 3 3 -1  1
461344509055857783
7 3 5 1 -1  1
461614274141012286
6 5 4 5 -1  1
462061172006627379
5 5 6 6 -1  1
462100802765042726
7 1 6 0 -1  1
462271452649207229
6 3 7 2 -1  1
462346842713380327
5 5 4 7 -1  1
462393690253142301
7 3 5 1 -1  1
462477075824367528
7 6 6 6 -1  1
462735943630714268
7 5 6 4 -1  1
462983582003164980
5 3 4 2 -1  1
463092978396502084
6 1 2 1 -1  1
463300657049761976
4 7 5 5 -1  1
463318553140893768
6 1 7 2 -1  1
463337692376284663
6 4 7 4 -1  1
463376262226172673
7 3 3 7 -1  1
463503913037667927
2 0 1 0 -1  1
463613384243033793
5 2 6 4 -1  1
463754837261426999
7 5 7 3 -1  1
463968650208763986
4 0 3 1 -1  1
463998888943374768
6 2 4 0 -1  1
464050004545142492
5 6 1 2 -1  1
464594895913547802
6 6 4 4 -1  1
464663820786972414
3 1 2 2 -1  2
5 2 6 4 -1  2
464903675474192184
7 2 7 1 -1  1
465011332215217424
5 5 4 6 -1  1
465093080281218847
7 2 7 3 -1  1
465174007075186702
3 3 4 4 -1  1
465194259831147389
7 1 7 0 -1  1
465357047420380016
5 3 6 2 -1  1
465597808696466449
7 4 7 6 -1  1
465648685925561708
7 6 7 5 -1  1
465666839825717165
2 0 2 3 -1  1
465756430709765087
3 1 4 2 -1  1
465777240159663010
7 2 6 3 -1  4
7 3 5 1 -1  5
7 6 6 4 -1  2
465829458643275341
5 2 3 1 -1  1
465844801049475519
5 4 6 6 -1  1
465868644570998263
6 5 5 5 -1  1
465890299611040125
6 6 5 5 -1  1
466195114803953285
6 6 5 6 -1  2
466258419079875665
7 2 6 1 -1  1
466319897693530166
7 6 7 7 -1  1
466334745171224028
4 2 3 2 -1  1
466543395035758108
7 4 7 6 -1  1
466560577137681064
4 3 5 4 -1  1
466600465502898607
5 3 4 3 -1  1
466611060683133559
3 0 2 0 -1  1
467072067991446127
3 4 4 6 -1  1
467241045006679101
7 2 7 5 -1  1
467286224203540989
6 4 5 3 -1  1
467946228539993806
2 4 1 6 -1  1
467949477985063971
4 2 3 0 -1  1
468082455267860929
6 1 3 4 -1  1
468334152998850490
7 6 6 7 -1  1
468399764231848414
5 5 4 7 -1  1
468406419708472326
6 6 0 0 -1  1
468559888010283494
6 0 3 0 -1  1
468624800710013174
1 4 1 2 -1  1
468631612602545589
6 3 3 0 -1  1
468951473999161323
5 0 3 2 -1  1
468955184214209192
5 1 4 1 -1  1
469018502972987791
7 7 6 7 -1  1
469085153021295412
4 1 3 1 -1  1
469265967202566769
1 3 2 4 -1  1
469309554304212719
7 2 3 6 -1  1
469318233535397758
0 1 0 5 -1  1
469606375613686098
6 2 4 2 -1  1
469753660211648366
3 4 2 5 -1  1
470106541212360863
6 5 5 4 -1  1
470118863246142700
4 6 3 6 -1  1
470140066937799207
7 3 6 4 -1  1
470244648294673237
7 4 5 5 -1  1
470449324503337731
5 2 5 4 -1  1
470467698087581641
5 4 4 3 -1  1
470847709055063088
4 1 1 1 -1  1
470850160481386087
2 2 3 3 -1  1
470860388254448144
6 3 6 4 -1  1
471033338051856102
7 2 7 1 -1  1
471042072452366485
4 4 5 5 -1  1
471051925385306193
7 6 7 7 -1  1
471161588391034816
2 5 3 7 -1  1
471437819939740661
7 0 6 0 -1  1
471459637081509497
7 5 6 5 -1  1
471566591780907201
6 4 4 4 -1  1
471585730849801755
6 3 6 1 -1  1
471822457500761372
7 3 5 1 -1  1
472147751161532211
2 3 2 6 -1  1
472193178512066081
5 4 4 6 -1  1
472196778290730609
7 5 6 4 -1  2
472251769077172604
0 0 5 5 -1  1
472261722540149023
6 5 5 4 -1  1
472362048231219318
4 4 3 3 -1  1
472481141064849438
6 3 5 1 -1  1
472487511905790489
3 3 0 3 -1  1
472525427965776320
7 5 7 4 -1  1
472530709794868225
5 2 3 3 -1  1
472704346988389876
6 4 4 4 -1  1
472745688660394470
6 6 5 6 -1  1
472830028240277920
4 6 3 6 -1  1
472850151844151757
7 1 5 1 -1  1
472970085038936742
6 7 5 7 -1  1
473092173530810906
1 2 0 2 10  1
473113393870391254
5 5 4 6 -1  1
473132297014968782
5 3 5 0 -1  1
473204220729250621
6 2 4 2 -1  1
473236901010448225
4 3 4 5 -1  1
473414569034183417
6 2 5 4 -1  1
473463071037900460
6 2 4 2 -1  1
473652639552424486
6 3 4 3 -1  1
473750267096766315
6 2 5 4 -1  1
473825851725615869
6 1 5 2 -1  1
474571460849713554
4 5 4 6 -1  1
474579089371971922
7 3 7 4 -1  1
474695345655450297
5 2 6 4 -1  1
474745571552644325
4 5 3 5 -1  1
474806548078144587
1 0 2 0 -1  1
475302366541696640
7 1 5 2 -1  1
475405043045599519
6 4 4 2 -1  1
475532462455386522
6 3 4 4 -1  1
475578007696636594
3 3 2 5 -1  1
475808601551852245
2 2 0 4 -1  1
476231747959608342
7 5 3 1 -1  4
476525379063392330
6 5 1 0 -1  1
476653512657993065
2 0 1 0 -1  1
476811070034170656
4 7 3 7 -1  1
476969908868738708
5 1 4 1 -1  1
476975420650792605
7 0 0 0 -1  1
477486159409885083
7 1 7 4 -1  1
477689896780171339
6 1 5 2 -1  1
7 3 5 5 -1  5
477778049316331412
6 6 5 6 -1  1
477836420702387741
6 0 5 0 -1  1
477837348010324574
5 2 4 2 -1  1
477906351418626123
5 3 4 3 -1  1
477993368261092912
5 5 4 3 -1  1
478026351607206290
5 6 4 6 -1  1
478211974848096345
3 1 2 1 -1  1
478562706333266938
3 1 4 3 -1  1
478709647043743876
6 6 7 5 -1  1
478740667906551130
7 2 7 3 -1  1
478944262570310129
6 3 4 4 -1  1
479080254608169357
6 2 5 2 -1  1
479081605182199094
6 3 4 3 -1  1
479416398188151490
5 0 3 2 -1  1
479641806150940994
6 2 7 2 -1  1
479655563995709463
7 5 6 6 -1  1
479736604975592197
5 3 4 3 -1  1
480074900580753681
5 6 4 6 -1  1
480210222377522697
4 1 3 1 -1  1
480248467684784060
3 4 7 0 -1  1
480308326519051820
7 3 6 4 -1  1
480361696730295133
5 1 4 3 -1  1
480535950620169202
3 4 2 4 -1  1
480549195844801696
6 7 6 6 -1  1
480595360338738662
7 1 2 1 -1  1
480606129958477585
5 5 6 7 -1  1
480610630746821832
3 3 3 2 -1  1
480691616627868055
7 5 6 4 -1  1
481139041931665928
6 4 4 4 -1  1
481168106242471133
4 1 3 1 -1  1
481389168691053961
1 4 2 4 -1  1
481574839448891699
6 4 5 6 -1  1
482055108156085498
7 2 6 1 -1  1
482277149495907004
5 2 4 3 -1  2
482388471078474531
2 2 3 3 -1  1
482395757411890729
7 6 6 6 -1  1
482460215750742382
7 4 7 5 -1  1
482679522954157896
2 0 1 0 -1  1
482808589390036548
5 1 6 3 -1  1
483285884930209528
5 3 4 2 -1  1
483471082795791659
6 7 5 7 -1  1
483494814123375263
7 3 6 5 -1  1
483688753337044522
4 6 6 4 -1  1
483808204598179938
7 3 5 1 -1  1
483906710267655658
7 4 6 4 -1  1
484020708647689656
3 0 6 0 -1  1
484069402701461633
7 2 3 2 -1  1
484270513119533058
7 0 7 3 -1  1
484390507668550597
7 0 7 1 -1  1
484400369089064915
5 6 4 5 -1  1
484494390238141334
4 0 0 0 -1  1
484563681933689816
6 7 5 6 -1  1
484636586559880886
7 5 7 3 -1  1
485137275926171599
5 2 4 3 -1  1
485558899016902078
7 5 7 6 -1  1
485687247735445736
5 4 4 3 -1  1
485798899420029507
6 1 5 1 -1  1
485922537349556832
4 4 3 2 -1  1
486044134044840346
6 2 4 4 -1  1
486116239520086792
5 3 6 3 -1  1
486470239586990993
4 4 1 1 -1  1
486581825818967686
7 0 7 4 -1  1
486666929033699363
2 7 4 7 -1  1
486757196423147298
7 5 6 4 -1  1
486786279982758776
5 3 4 3 -1  1
487005512573717479
4 5 2 6 -1  1
487166728451642776
5 5 4 5 -1  1
487181931995891134
6 0 5 0 -1  1
487241900024183578
1 3 5 3 -1  1
487346021373154205
5 3 4 5 -1  1
487474755966682426
5 3 7 4 -1  1
487530013526825964
4 4 2 4 -1  1
487903484010932592
7 5 5 6 -1  1
487935545446934526
7 4 7 3 -1  1
488069135210832939
7 6 6 6 -1  1
488073122214659811
7 6 6 7 -1  1
488124032868130003
4 0 5 2 -1  1
488453839150645615
2 5 4 4 -1  1
488494147893946415
4 4 2 6 -1  1
488633589978800781
7 4 7 6 -1  1
488750695096381893
6 4 5 3 -1  1
488869027511296791
6 1 5 0 -1  1
489003948046503148
7 0 7 2 -1  1
489378202754177663
5 3 4 2 -1  1
489443511302706686
6 0 4 2 -1  1
489555188866152731
5 7 4 6 -1  1
489624826860961342
3 3 4 4 -1  1
489702764482773223
7 5 3 1 -1  1
489722743654101682
6 0 5 1 -1  1
489814161608367405
4 6 5 7 -1  1
489893168240443055
4 3 3 4 -1  1
490056009312382617
7 6 6 5 -1  1
490063607351911820
7 4 7 6 -1  1
490130906513181357
7 3 4 3 -1  1
490237886478511934
4 3 6 2 -1  1
490397510315550674
3 2 1 4 -1  1
490514701406398881
5 1 4 2 -1  1
490771268157216127
4 3 3 2 -1  1
490993211829242311
3 3 6 6 -1  1
491001806600115935
5 4 4 3 -1  2
491031022257288976
7 0 7 1 -1  1
491097998138156490
2 7 1 7 -1  1
491326541096291637
6 3 5 4 -1  1
491461256503681865
7 7 7 3 -1  1
491719945461826964
1 6 0 6 -1  1
491781456972916460
5 0 4 1 -1  1
491827508016239141
7 7 6 7 -1  1
492078433329717323
6 4 4 6 -1  1
492207027434395379
6 2 4 2 -1  2
492485681315015676
3 2 3 3 -1  1
492624267840921569
1 1 3 0 -1  1
492679807912813312
6 4 6 5 -1  1
492776093178038068
5 5 6 5 -1  1
492837964146506945
4 2 3 3 -1  2
492917695060051611
5 5 3 6 -1  1
493377314554461414
7 0 7 2 -1  1
493480622679589239
5 1 4 3 -1  1
493507834793671262
6 0 5 0 -1  1
7 1 5 0 -1  1
493737731220296986
0 3 6 3 -1  1
493825559630109693
4 3 3 3 -1  1
493862413077884491
5 3 4 4 -1  1
494221509350101511
6 1 7 2 -1  1
494364025953832566
6 4 5 4 -1  1
494408415925887081
7 1 4 1 -1  1
494425279246833553
7 0 7 2 -1  1
494532593165657727
4 5 3 4 -1  1
494662084768538126
5 2 4 3 -1  1
494748591346022572
6 2 4 2 -1  1
494758648342453590
6 3 6 4 -1  1
494978454641918000
5 4 4 4 -1  1
495126259168996065
7 2 0 2 -1  1
495283735478446274
2 0 4 0 -1  1
495503529248430222
5 4 2 4 -1  1
495736646123656630
6 1 5 1 -1  1
495965180799800407
3 4 2 5 -1  1
496078894013993364
7 1 1 1 -1  1
496255425109016552
4 5 6 7 -1  1
496333947020885648
4 3 2 2 -1  1
496392860791157337
4 3 3 3 -1  1
496468845190913637
3 4 4 6 -1  1
496717360501307019
4 5 3 7 -1  1
496770405177342185
7 2 5 4 -1  1
496936002491401627
7 1 3 1 -1  1
497265836013880654
6 7 4 7 -1  1
497353317250655201
7 5 6 5 -1  1
497482577139950172
3 4 5 2 -1  1
497888197982685318
4 7 3 6 -1  1
498074003931586763
7 1 5 0 -1  1
498085088667858836
5 5 3 4 -1  1
498175980116893190
5 1 4 1 -1  1
498250801657355236
7 2 6 1 -1  1
498322984638126500
6 1 5 0 -1  1
498430297794010111
7 1 5 2 -1  1
498656632323992353
7 4 7 5 -1  1
498757976980150788
7 5 6 4 -1  1
498990739136504931
4 3 2 3 -1  1
499060968453593433
6 5 5 4 -1  1
499099012767797027
5 5 5 2 -1  1
499138598499760684
7 5 7 3 -1  1
499271019454106574
3 2 2 3 -1  1
499328492121003673
4 4 3 5 -1  1
499771821431238990
6 0 5 0 -1  1
7 1 5 2 -1  2
500071276662601372
4 0 7 3 -1  1
500086236997312328
6 3 4 3 -1  1
500186332514700052
7 2 6 1 -1  1
500277816890377989
5 5 6 3 -1  1
500430699013355605
4 5 4 6 -1  1
500508067908897383
7 0 7 2 -1  1
500602194928728792
4 3 3 2 -1  1
500681847773411859
7 6 7 7 -1  1
501198009814253433
6 1 1 1 -1  1
501221021704320950
6 3 5 3 -1  1
501244463584064108
7 1 2 1 -1  1
501742080795555067
5 2 5 5 -1  1
501797230849958536
2 6 2 4 -1  1
501836459177042599
6 0 7 0 -1  1
501984984888753213
7 0 5 0 -1  1
502004038446547087
5 5 7 3 -1  1
502252585651053211
4 0 5 2 -1  1
502542970488160508
6 1 4 1 -1  1
502720890738540803
3 5 1 3 -1  1
502844451140705167
2 0 1 0 -1  1
503042986210126123
0 3 2 3 -1  1
503224555622132111
5 2 4 2 -1  1
503230241844521928
6 6 5 6 -1  1
503357342046230320
4 1 4 0 -1  1
503488193597918469
6 1 1 6 -1  1
503832454126823431
6 4 5 2 -1  1
503906134036259851
5 5 6 4 -1  1
503967144283467834
7 7 7 5 -1  1
504245152213433098
5 4 7 2 -1  1
504359285687485996
5 6 3 5 -1  1
504405632608495628
7 5 3 1 -1  1
504409675675211323
3 2 4 2 -1  1
505006238295541208
5 5 3 4 -1  1
505098068352702096
1 1 2 0 -1  2
505104253971284604
5 5 4 5 -1  1
505296149263552654
7 4 6 4 -1  1
505345258886009768
4 3 5 2 -1  1
505413949025130279
6 2 4 2 -1  1
505795526041146480
6 3 4 3 -1  1
506054250152548811
7 4 2 4 -1  1
506174434965252056
7 2 5 4 -1  1
506174435526348156
4 0 5 1 -1  1
506270626550480324
1 3 2 1 -1  1
506314908259784260
2 3 2 2 -1  1
506433773632752904
7 3 0 3 -1  1
506502036612451092
6 7 4 7 -1  1
506624421456674144
7 4 7 6 -1  1
506675654320676461
5 4 4 2 -1  1
506970422658582165
6 1 4 1 -1  1
507032116440760152
5 3 3 5 -1  1
507203201573716418
0 1 0 3 -1  1
507210196988757683
4 7 5 6 -1  1
507228127523719035
7 4 5 6 -1  1
507479575952634432
3 6 5 5 -1  1
507511655952576023
6 0 5 0 -1  1
507607333765647381
7 2 5 3 -1  1
507813983440278824
7 5 6 6 -1  1
507852307758439698
6 2 7 2 -1  1
508150666166955154
7 3 5 1 -1  1
508313983361195800
7 2 5 4 -1  1
508495109439361590
5 6 4 6 -1  1
508873406450016726
5 6 4 5 -1  1
508938733509536664
1 1 1 0 -1  1
508939599666642125
3 6 2 5 -1  1
508955032197332189
7 2 3 6 -1  1
509035836682250889
6 5 6 6 -1  1
509377162674612788
7 2 6 3 -1  1
509585516197419066
7 0 7 1 -1  1
509659017383685133
5 7 4 7 -1  1
509752141694047067
4 0 3 0 -1  1
509800582326235082
7 3 7 1 -1  1
510135528946699587
7 6 4 6 -1  1
510740211217408325
7 6 7 3 -1  1
510902250402997198
6 3 4 2 -1  1
510911751760735030
6 6 5 5 -1  1
511310581774588060
6 1 5 1 -1  1
511438466919516924
5 5 7 4 -1  1
6 3 4 2 -1  2
7 0 7 2 -1  1
511460239882333476
7 2 6 2 -1  1
511492334787457660
6 4 4 6 -1  1
511842168100475655
6 4 4 4 -1  1
7 3 6 2 -1  1
511870163088080435
6 6 4 5 -1  1
512205753408529329
6 2 6 1 -1  1
512486689985541370
4 2 7 5 -1  1
512726705962314464
5 1 4 3 -1  1
512997753297617946
0 3 1 2 -1  1
513653787947442432
5 5 6 4 -1  1
513832834307703264
6 0 5 1 -1  1
513934662797821985
4 5 3 5 -1  1
514090975833167023
6 6 7 5 -1  1
514191975735455467
4 3 6 2 -1  1
514501338723029030
4 2 3 1 -1  1
514557499165144400
5 1 3 0 -1  1
514661885980430258
5 4 4 4 -1  1
515029394557203818
7 6 7 7 -1  1
515089712829442479
5 5 4 6 -1  1
515150364491071449
4 4 3 3 -1  1
515164086415570075
5 6 4 5 -1  1
515282151334957424
6 6 4 4 -1  1
515627842053699695
6 4 4 6 -1  1
515632666955323303
7 6 7 7 -1  1
515835032027917681
6 7 5 7 -1  1
516158182958780771
2 4 4 2 -1  1
516208926624378497
6 3 5 3 -1  1
516434511232980325
2 2 1 1 -1  1
516797855123614353
7 2 6 2 -1  1
516834797365766542
5 5 4 5 -1  1
516990503608602030
7 2 6 3 -1  1
517783331558748727
6 4 4 3 -1  1
517913829582096665
4 4 5 5 -1  1
517942676067202525
5 6 5 7 -1  1
517951124642166755
6 6 5 5 -1  1
518227193964458493
6 5 5 5 -1  1
518242279624983279
1 0 0 0 -1  1
518284797535803032
4 4 3 5 -1  1
518418969900135150
5 0 4 1 -1  1
518609629230445478
6 3 5 5 -1  1
518639525719545164
4 3 3 4 -1  1
518927243411377118
7 0 7 1 -1  1
519660427702499513
6 6 7 5 -1  1
519706392938926098
6 1 4 1 -1  1
6 1 5 1 -1  6
6 3 4 3 -1  4
6 3 5 3 -1  2
519972160156481357
6 0 4 0 -1  1
519998878754184036
2 0 7 5 -1  1
520072423257531395
6 6 5 5 -1  1
520541706079872521
7 0 7 5 -1  1
520582947297524266
5 1 7 3 -1  1
520663889691102686
6 6 7 6 -1  1
520709819227109777
4 2 3 2 -1  1
520879466577184827
7 4 6 4 -1  1
520936398074795525
3 7 4 5 -1  1
521054998337342919
6 4 6 3 -1  1
521124373978821623
7 7 6 7 -1  1
521248503618836461
7 5 4 2 -1  1
521313654974297956
5 3 6 2 -1  1
521796608902827370
3 1 5 1 -1  1
521970351185797971
6 7 5 7 -1  1
522017692637892531
6 6 4 6 -1  1
522174542289005719
7 2 5 4 -1  1
522386177179719025
4 4 3 2 -1  1
522386387684853845
6 3 5 3 -1  2
523016259987483434
5 6 3 4 -1  1
523098813274530178
1 0 2 0 -1  1
523312650526224236
5 3 4 3 -1  1
523810753107942322
7 4 5 3 -1  1
523836012950321630
4 3 2 4 -1  1
523938190418828562
5 2 5 1 -1  1
524014587820006370
7 1 7 0 -1  1
524040587523928636
2 1 0 0 -1  1
524230504147511617
6 4 4 2 -1  1
524241133091255931
3 5 3 1 -1  1
524282673113841067
7 4 6 3 -1  1
524477065667604939
2 2 6 2 -1  1
524558913734862798
6 3 6 2 -1  1
524566250430317004
6 1 7 2 -1  1
524656208640593271
5 7 3 5 -1  1
524690532445535790
5 3 3 1 -1  1
524755772184640141
6 3 5 3 -1  6
525155533999304523
6 6 5 6 -1  1
525707363963009433
6 2 5 1 -1  1
525739377378907770
5 5 6 3 -1  1
525811405859870086
4 3 3 4 -1  1
526246462816241276
1 3 3 2 -1  1
526402714856154400
6 6 5 5 -1  1
526574274218046194
1 0 1 1 -1  1
526675115176690708
6 4 5 6 -1  1
526843003647281402
7 3 6 4 -1  1
526933459310895052
7 5 6 4 -1  1
527086856771300191
4 5 5 4 -1  1
527093765771611501
4 0 6 2 -1  1
527133966614943561
4 4 2 2 -1  1
527401362293391418
7 0 7 2 -1  1
527495233385451490
7 5 5 5 -1  1
527518778209297902
6 0 5 0 -1  2
527615068976261642
5 3 0 3 -1  1
527708034161759320
6 6 7 7 -1  1
527773591097202752
6 3 5 1 -1  1
527857135155276498
1 0 2 0 -1  1
527887556746643840
7 0 5 2 -1  1
527931236301064422
6 3 4 2 -1  1
528169691023343027
6 3 5 5 -1  1
528532627579680521
6 4 5 5 -1  1
528898641091271075
6 7 5 7 -1  1
528950270287858357
5 0 7 2 -1  1
528972748634022934
3 3 1 5 -1  1
529158234884767608
2 3 3 1 -1  1
529367814390991821
2 0 4 1 -1  2
529637109035290913
3 2 5 2 -1  1
529793006510880566
7 2 6 3 -1  1
530203484841783787
5 0 7 0 -1  1
530216005399354812
6 4 5 4 -1  2
7 6 5 5 -1  1
530434744956253207
5 1 4 1 -1  1
530963297232208937
7 6 7 5 -1  1
531118621210642643
7 6 6 5 -1  1
531202803600383557
4 5 3 7 -1  1
531492570132043999
4 0 3 1 -1  1
531589458965294690
4 2 5 3 -1  1
531775212991025145
5 3 4 3 -1  1
531781109708078815
5 4 6 3 -1  1
531835991434043254
5 3 4 4 -1  1
532065712235517905
7 3 0 3 -1  1
532101622991841745
7 3 4 3 -1  1
532115412340333941
6 3 7 4 -1  1
532206556100239969
3 2 1 4 -1  1
532236859181994816
7 3 2 3 -1  1
532318571349209192
5 1 4 1 -1  1
532352945370783755
7 6 7 7 -1  1
532471636267239930
1 5 0 5 -1  1
532748375463657761
6 7 5 7 -1  1
532754551950396607
7 4 7 6 -1  1
532823094492592296
3 1 3 4 -1  1
532894283572852068
5 5 6 4 -1  1
533029031257559446
6 1 5 1 -1  1
533207795528255863
6 4 6 5 -1  1
533450295746623332
6 3 0 3 -1  1
533591211750328153
6 6 5 6 -1  1
533634989996799635
7 4 7 6 -1  1
533667048525261816
7 0 6 0 -1  1
533816588456369796
7 3 5 1 -1  1
533916735221527294
3 6 4 5 -1  1
534100115732308138
4 7 3 7 -1  1
534444725310388432
3 5 3 3 -1  1
534596101800398169
7 4 7 6 -1  1
534841782443788025
6 4 6 3 -1  1
534899526486462384
4 7 7 4 -1  1
534933552666553269
2 2 3 4 -1  1
535147665851257957
6 7 5 7 -1  1
535221201554430119
7 4 6 5 -1  1
535338912030960602
4 4 5 4 -1  1
535483193778268207
6 1 4 1 -1  1
535601476399522928
6 3 5 3 -1  1
535711005117622228
7 7 7 3 -1  1
535742445675517300
6 2 7 1 -1  1
535781207566455531
5 2 4 2 -1  1
535782797131553167
3 7 5 5 -1  1
535891274369148060
6 7 5 7 -1  1
536136638919004781
4 4 3 4 -1  1
536308650355419240
6 4 5 4 -1  1
536338465651024660
6 4 4 4 -1  1
536371952048979800
6 6 3 3 -1  1
536958674362668471
3 0 2 1 -1  3
537107944771168147
7 2 0 2 -1  1
537366199796333874
3 2 5 4 -1  1
537717168540897708
7 4 7 6 -1  1
537726068915261212
5 4 4 5 -1  1
537903675838210434
5 6 4 5 -1  1
538662894606543142
7 3 7 0 -1  1
538928819981703989
6 2 7 2 -1  1
539083398872308775
7 2 3 2 -1  1
539106816135761206
3 4 2 5 -1  1
539392955874147464
3 1 4 2 -1  1
539406702858738733
5 5 6 3 -1  1
539629168512937514
4 6 4 5 -1  1
539692789433439070
3 3 4 3 -1  1
539784371528896859
7 0 7 1 -1  1
539856289346452486
7 1 3 1 -1  1
539956819668383491
5 0 7 2 -1  1
540342936952293339
2 6 3 5 -1  1
540348205445432655
6 6 4 4 -1  1
540354317074653320
6 5 5 5 -1  1
540604501308061345
2 2 4 2 -1  1
540619967029899578
5 7 3 7 -1  1
540798834368096298
7 5 4 2 -1  1
540833798711927377
7 5 6 4 -1  1
540940227031276345
4 5 5 6 -1  1
540960098857068176
5 6 4 6 -1  1
541095586932278031
4 0 0 0 -1  1
541176526532660055
6 3 6 2 -1  1
541481453170399909
7 2 7 3 -1  1
541543127967365778
4 4 2 5 -1  1
541795764602582884
1 4 3 4 -1  1
541871558558467339
5 5 6 3 -1  1
541912388512989636
3 1 4 3 -1  1
542001366355281554
5 5 6 3 -1  1
542516057820358111
6 1 4 1 -1  1
542574208539778224
4 3 3 4 -1  1
543115984716013353
7 0 7 2 -1  1
543539023884180188
5 4 6 4 -1  1
544014461134961786
4 7 4 4 -1  1
544016995527650335
7 4 7 1 -1  1
544051234286411719
5 2 4 1 -1  1
544235178779843364
4 7 3 7 -1  1
544240582338850472
4 1 3 1 -1  1
544471516020203805
5 6 4 5 -1  1
544570152649977959
3 7 5 5 -1  1
544669689692025621
6 1 7 0 -1  1
544770324051720108
5 5 4 5 -1  1
544797312933841500
5 0 4 0 -1  1
544858329840218817
7 1 6 0 -1  1
544959592918062989
5 6 4 6 -1  1
545252268424118361
5 2 4 2 -1  1
545595583736140610
0 4 3 7 -1  1
545889500188630984
2 1 2 0 -1  1
546020618713231395
7 0 7 5 -1  1
546038156394985188
7 1 5 1 -1  1
546128557981117031
6 2 4 4 -1  1
546173633133556582
7 3 6 3 -1  1
546190030514191232
7 1 6 3 -1  1
546213071583856330
6 2 6 4 -1  1
546356125653317018
5 5 6 4 -1  1
546483277359018032
6 5 2 5 -1  1
546538143610151277
5 5 3 6 -1  1
546792296293352941
4 5 5 5 -1  1
546947083229151645
5 7 4 7 -1  1
547231191267124685
6 2 7 3 -1  1
547395699000100138
1 4 3 5 -1  1
547537557667083275
7 2 4 2 -1  1
547719113614447433
6 5 5 5 -1  1
547779501976028829
1 3 0 4 -1  1
548065844980216625
7 1 5 2 -1  2
548210563226888932
3 4 1 4 -1  1
548483095633318701
7 3 2 3 -1  1
548530735174705242
3 6 3 5 -1  1
548538650543377566
7 5 2 5 -1  1
548612270870959231
7 6 6 6 -1  1
548616747553596234
7 2 1 2 -1  1
548644744624114510
5 4 4 4 -1  1
548879026366701208
6 4 5 3 -1  1
548929992525486895
2 7 1 7 -1  1
548992103691844022
7 4 1 4 -1  1
549260866343649463
3 2 2 2 -1  1
549284570668377108
6 4 6 6 -1  1
549294623370828936
5 1 4 2 -1  1
549479605983581880
7 5 7 1 -1  1
549547432512064554
6 6 4 6 -1  1
549565531847669405
4 0 0 0 -1  1
549895072240020577
3 4 4 6 -1  1
550042926278583763
6 3 5 3 -1  1
550366092392479944
7 7 6 6 -1  1
550457009627240068
0 3 0 2 -1  1
550468667230272279
5 2 3 3 -1  1
551050667450378178
1 3 3 2 -1  1
551360720936516605
4 2 5 1 -1  1
551435924424625650
3 1 3 4 -1  1
551460345333196414
4 0 3 0 -1  1
551979608489856558
7 0 7 1 -1  1
552123294251209863
7 6 6 6 -1  1
552209763121341680
7 2 5 0 -1  1
552227267197051324
5 2 6 3 -1  1
552260909094196787
4 0 1 0 -1  1
552488079094714609
7 1 6 2 -1  1
552521756741192400
6 3 5 4 -1  1
552565474608968159
6 1 4 1 -1  1
552962505101362210
5 2 4 3 -1  1
553083659572063883
7 6 7 5 -1  1
553390084078057117
6 6 1 1 -1  1
554220090087423910
4 3 2 4 -1  1
554582753246868951
7 0 7 4 -1  1
554672645804518383
6 2 4 1 -1  1
555116587510831830
6 3 4 1 -1  1
555294866975995326
7 2 6 2 -1  1
555382569931520571
4 6 4 4 -1  1
555536291672224322
7 3 6 3 -1  1
555718386555505350
3 0 2 0 -1  1
556046645902383637
3 3 2 3 -1  1
556257196291970807
7 1 6 1 -1  1
556272557181256455
4 5 3 4 -1  1
556482672167653952
6 6 7 7 -1  1
556484228958930879
3 3 2 2 -1  1
556741325736148164
7 6 5 5 -1  1
556873970015304039
7 3 4 0 -1  1
556967809879223868
7 5 7 4 -1  1
557024531833939817
7 3 6 4 -1  1
557244565121976913
3 4 2 4 -1  1
557288777100218840
7 6 6 5 -1  1
557512091284623376
7 3 7 4 -1  2
557655901138097865
6 2 4 2 -1  1
557742146637319746
5 4 5 3 -1  1
557873605448657499
7 3 7 0 -1  1
557887236921373307
7 2 6 3 -1  1
557943481863952476
6 5 5 5 -1  1
558211210305786383
6 6 5 6 -1  1
558220946290180476
7 3 6 4 -1  1
558313092108313764
6 1 4 1 -1  1
558445036394096329
6 7 4 7 -1  1
558548691762152879
6 4 5 3 -1  1
558571972183248615
4 5 3 7 -1  1
558753618313798477
4 2 3 2 -1  1
558849886112741829
2 0 5 3 -1  1
558962366172699709
5 1 3 3 -1  1
559170889827463706
6 7 4 7 -1  1
559341961509954425
6 1 7 3 -1  1
559451631182432620
7 7 7 3 -1  1
559706504627194334
7 6 6 6 -1  1
559736104487354492
0 4 1 5 -1  1
559796455434322383
6 0 4 0 -1  1
6 2 4 2 -1  1
560019852921945698
3 4 1 3 -1  1
560043130413146967
5 1 7 3 -1  1
560235155525882607
4 0 3 1 -1  1
560300065380055468
6 1 4 1 -1  1
560379534072493343
7 0 6 0 -1  1
560403899410389831
5 0 0 5 -1  1
560428280909683018
4 2 6 4 -1  1
560485765654800246
3 2 2 3 -1  1
560555029259538237
2 4 3 5 -1  1
560616325993606916
4 5 3 6 -1  1
560684053269447237
6 2 4 3 -1  1
560833798259576969
4 2 2 3 -1  1
561019263276256994
6 1 6 6 -1  1
561327862495465011
3 6 2 4 -1  1
561345520134533516
6 3 4 2 -1  1
561430917261666153
6 4 5 5 -1  1
561493875383930678
6 3 4 4 -1  1
561557033074753281
7 2 6 1 -1  1
561580567554433072
6 5 7 4 -1  1
562048459427515166
7 2 2 2 -1  1
562149554063684938
7 6 5 5 -1  1
562347254637237755
3 2 2 1 -1  1
562494532136126588
7 0 7 1 -1  1
562627129654351217
3 3 1 5 -1  1
562763396374043228
7 0 7 2 -1  1
562849343484780360
5 2 5 5 -1  1
562934113264457103
7 3 6 3 -1  1
562957393777075360
1 6 3 5 -1  1
562987323828110286
6 3 5 3 -1  1
563084493592403111
6 2 5 2 -1  1
563105107612216909
7 6 7 7 -1  1
563511510331901142
6 0 4 0 -1  1
563837493647124846
6 4 4 5 -1  1
564009836738432871
5 2 5 0 -1  1
564200598107196728
3 2 2 2 -1  1
564351834678398669
4 0 3 0 -1  1
564844576392898997
3 4 2 4 -1  1
565171929979391820
6 6 7 5 -1  1
565239615727342218
4 4 4 2 -1  1
565347989148797384
4 2 3 3 -1  1
565557333240650084
5 6 3 7 -1  1
565746781307356295
3 7 5 5 -1  1
566184115151690837
6 0 7 1 -1  1
566203106287307073
7 5 6 6 -1  1
566385643445950296
3 4 5 3 -1  1
566504227477774549
5 5 4 3 -1  1
566772778537405227
7 3 5 1 -1  1
566892585624278763
5 5 4 4 -1  1
566929995971985065
5 7 4 7 -1  1
567136195171546996
4 4 3 5 -1  1
567212302232900933
4 2 6 3 -1  1
567263346791300647
7 6 6 7 -1  1
567477943550615990
7 0 7 3 -1  1
567827954157753869
7 1 5 2 -1  1
567888073285220877
6 2 6 0 -1  1
567988967852060265
7 4 5 2 -1  1
568120894053579124
6 2 3 2 -1  1
568142201589721434
4 7 3 6 -1  1
568316093322720120
7 2 5 4 -1  1
568326578178872806
3 0 3 2 -1  1
568694976593402416
4 7 5 7 -1  1
568883421131844091
7 0 7 2 -1  1
568976865564887623
6 4 5 4 -1  1
569146832591812313
5 3 5 6 -1  1
569263539991721661
4 4 3 2 -1  1
569271395197316907
1 0 2 0 -1  1
7 4 7 3 -1  1
569481472734731349
5 6 6 4 -1  1
569563984628150227
7 3 6 2 -1  1
569803247413943249
2 4 2 0 -1  1
569965536214351591
6 4 5 4 -1  1
570151493690415331
6 3 7 1 -1  1
570445451543613952
2 2 6 6 -1  1
570625898512274827
7 5 6 4 -1  1
570668590045276512
7 6 6 6 -1  1
570902989861472566
5 5 3 4 -1  1
570912648647454629
6 0 5 0 -1  1
570915777063417308
5 4 6 3 -1  1
571408885509987000
7 1 6 3 -1  1
571462521618105584
2 5 3 4 -1  1
572561838410933311
7 6 7 5 -1  1
572742045640684331
1 4 1 3 -1  2
572895092517971904
6 4 6 3 -1  1
572901236548144827
6 4 5 6 -1  1
573128668184305233
3 3 2 3 -1  1
573168909915461798
7 5 7 2 -1  1
573181196265972316
5 3 5 5 -1  1
573363266559137601
4 6 3 5 -1  1
573397177474079344
0 7 0 6 -1  1
573492696375385125
5 5 4 5 -1  1
573578999143710000
5 1 4 1 -1  1
573865815238759706
6 1 4 1 -1  1
573872366555202391
6 6 7 6 -1  2
573910784455024869
4 4 4 6 -1  1
574070563143932293
4 7 3 6 -1  1
574077641205174881
6 7 6 6 -1  1
574128203770536764
0 2 0 1 -1  1
574194733441468700
2 3 2 7 -1  1
574417630758009512
6 1 4 3 -1  1
574657637605395145
7 4 6 4 -1  1
574701553737291197
4 3 0 3 -1  1
574747300149256780
5 0 4 0 -1  1
574748988323072221
5 3 4 4 -1  3
574954863944205459
5 6 4 6 -1  1
575029078483876466
4 4 3 3 -1  1
575671892926809452
7 6 6 6 -1  1
575936970623137061
6 6 4 4 -1  1
576116329746260489
7 2 3 6 -1  1
576119704017218452
7 4 0 4 -1  1
576434949662553224
7 5 3 5 -1  1
576834550531629526
6 2 3 5 -1  1
576897625235197020
7 5 6 5 -1  1
576928046219433423
3 3 5 1 -1  1
577241086518948686
7 5 7 1 -1  1
577395964105754159
6 2 5 2 -1  1
7 5 7 4 -1  1
577432002789974732
7 3 5 1 -1  1
577969092092957345
6 0 5 0 -1  1
578121327517363232
5 2 3 1 -1  1
578199475390967100
6 2 6 6 -1  1
578291784158683683
4 4 3 4 -1  1
578351303511610379
7 4 7 6 -1  1
578799469547144479
6 6 2 2 -1  1
578897530561520986
6 1 5 3 -1  1
578971428138855352
7 0 7 2 -1  1
579122100374106893
7 5 2 5 -1  1
579138644222715938
5 5 6 3 -1  1
579257205293917712
3 3 2 2 -1  1
579358871890728637
6 2 7 1 -1  1
579390369037473180
7 4 7 6 -1  1
579410684956927741
7 7 7 4 -1  1
579722090228180643
3 5 4 6 -1  1
579786744238503948
2 5 2 7 -1  1
579804508691096724
4 5 4 4 -1  1
580115761467426324
1 4 1 5 -1  1
580168071629470694
6 1 4 3 -1  1
580321858418077221
7 0 7 3 -1  1
580366870741648667
3 0 1 0 -1  1
580535170172032865
5 2 6 4 -1  4
7 0 7 1 -1  3
7 4 7 6 -1  5
580675482976978243
4 3 3 3 -1  1
580680312815385137
5 2 7 1 -1  1
581248908826168933
7 1 7 6 -1  1
581346770733865622
7 2 6 1 -1  1
581350499282889463
5 6 7 5 -1  1
581478131306627817
7 0 7 5 -1  1
581490944932370400
5 5 4 7 -1  1
581511777667516651
4 5 3 6 -1  1
581516316503653200
5 1 4 1 -1  1
581573997180703180
4 2 5 1 -1  1
581622683724293577
6 5 6 6 -1  1
581715111457837110
5 4 4 4 -1  1
581727308519092102
6 5 5 5 -1  1
581806406553692904
7 5 2 5 -1  1
581837219672274418
4 4 2 3 -1  1
581918175189803902
6 3 4 3 -1  113
582235471235280113
7 5 4 2 -1  1
582266650448920592
5 4 6 5 -1  1
582543230695322462
3 3 3 6 -1  1
582835255607577221
2 4 1 4 -1  1
582847831893910739
7 7 6 7 -1  1
582963731780951113
4 4 3 6 -1  1
583328814735037048
3 1 3 0 -1  1
583329316497149205
6 5 4 5 -1  1
583362120715268382
7 5 6 6 -1  2
583599136327596905
7 6 1 6 -1  1
583744430677423487
5 5 6 3 -1  1
583800324548243325
5 5 4 7 -1  1
583883880893234281
5 3 5 6 -1  1
583903517562563429
7 2 2 2 -1  1
583958520425556229
4 6 3 5 -1  1
584068349418245782
1 3 3 3 -1  1
584105160439029146
6 6 7 5 -1  1
584146245472990543
2 1 1 1 -1  1
584168024552943313
4 2 6 0 -1  1
584447619195047451
5 5 4 6 -1  1
584647769865225901
7 6 7 7 -1  1
584653230327112513
7 5 5 6 -1  1
584742913399255971
4 4 5 6 -1  1
584797421473596404
6 5 2 5 -1  1
585010195623438768
5 5 3 4 -1  1
585010703006598319
3 6 5 7 -1  1
585162302942361815
7 5 7 4 -1  1
585205947656044729
7 2 2 2 -1  1
585249876464835483
4 4 3 5 -1  1
585385125185150882
4 4 5 5 -1  1
585621144425133778
0 1 2 1 -1  1
585641794058225742
7 3 5 1 -1  1
585795170778026225
7 5 3 1 -1  1
586331559953707196
4 5 3 3 -1  1
586415140237535034
5 5 4 4 -1  1
586420330213154222
2 5 5 2 -1  1
586554745379073199
7 2 5 2 -1  1
586689599838961678
0 7 0 1 -1  1
587081702124341877
7 7 7 3 -1  1
587104388445871657
7 0 7 1 -1  1
587131105873416413
7 4 7 6 -1  1
587191400084460859
7 5 6 4 -1  1
587440986487766799
4 2 6 4 -1  1
587790726939877159
5 3 5 7 -1  1
588173751687704173
7 5 4 2 -1  2
588203817685442726
3 5 4 7 -1  1
588243528477943102
5 5 5 4 -1  1
588273087818042554
4 4 2 6 -1  1
588478912942011533
6 3 7 4 -1  1
588688405441816667
5 5 4 5 -1  1
589047588740625834
5 4 4 3 -1  1
589107184422938265
4 5 6 4 -1  1
589137134120575863
6 4 4 6 -1  1
589192136954003352
3 6 2 6 -1  1
589505519517970660
5 2 4 3 -1  1
589534625875082826
7 3 6 3 -1  1
589750897138054379
2 0 1 2 -1  1
589769983689152331
6 2 5 2 -1  1
589846737138360410
0 7 0 2 -1  1
589990958782611814
6 5 5 5 -1  1
590495545555729990
7 5 7 3 -1  1
590641937578314788
5 1 4 1 -1  1
590838355758137487
7 0 7 7 -1  1
590897539527446919
6 1 5 2 -1  1
590922724373477690
6 3 5 5 -1  1
591100891856706405
3 1 1 3 -1  1
591129642471533573
5 5 3 6 -1  1
591312124151476490
7 5 7 4 -1  1
592052044228291165
6 7 4 7 -1  1
592151624741287788
4 5 5 4 -1  1
592374694299523964
6 4 7 3 -1  1
592424958295943148
7 3 4 3 -1  1
592471137957292397
3 6 4 4 -1  1
592606127689430358
7 0 7 1 -1  1
592938499560622485
4 4 3 3 -1  1
592940629294276896
5 2 3 1 -1  1
593271874021168085
4 6 3 6 -1  1
593302487102542067
6 0 5 0 -1  1
593620217769234789
4 2 2 3 -1  1
593651871815394120
6 3 4 3 -1  2
593859899053395612
7 4 7 6 -1  1
593867369229955751
5 3 7 5 -1  1
594958003695395356
7 3 5 3 -1  1
594969544804880739
6 6 5 7 -1  1
595292997522244508
6 3 5 5 -1  1
595481607420310744
6 3 5 3 -1  1
595496661847674471
4 3 3 3 -1  1
595558645736064261
5 5 4 5 -1  1
595561243066800723
7 3 4 3 -1  1
595680785467256299
7 5 6 4 -1  1
596036568161566613
4 7 3 7 -1  1
596290917941239547
3 4 4 6 -1  1
596419274068867232
6 3 5 3 -1  1
596687189192654088
7 2 6 4 -1  1
596888353147217001
5 0 4 1 -1  1
597095915440479704
7 0 7 2 -1  1
597341222898242874
6 7 5 7 -1  1
597579758920073043
7 3 4 0 -1  1
597585677447047579
3 1 0 1 -1  1
597863034540575263
7 7 7 5 -1  1
597876773995294583
7 6 1 6 -1  1
597907586616896955
4 3 5 2 -1  1
598022546544720288
6 1 4 1 -1  1
598599058848398955
7 5 7 4 -1  1
598695435470211442
3 2 5 3 -1  1
598742249689973896
6 5 7 6 -1  1
598836754853782533
7 3 6 2 -1  1
599004844084671708
6 7 5 7 -1  1
599227702604030534
5 4 4 3 -1  1
599370055080843126
5 4 4 3 -1  1
599398059901729691
7 3 6 3 -1  1
599591959604931447
6 4 5 3 -1  1
599715104744909458
1 1 3 1 -1  1
599751918496604460
2 0 1 0 -1  1
599797320905055389
4 0 3 1 -1  1
599847156648223274
7 3 6 2 -1  1
599932759762156953
6 2 7 4 -1  1
600072769573343036
4 2 6 1 -1  1
600385004695526380
6 0 5 0 -1  1
600407138376598311
5 5 4 5 -1  1
600616045692539229
7 6 5 5 -1  1
600787769567105788
7 2 5 4 -1  1
600948140828489498
7 3 6 4 -1  1
601021036211487424
4 0 3 1 -1  1
601157667438212063
4 3 3 3 -1  1
601241891199684307
6 2 4 2 -1  1
601330228528929173
6 7 5 6 -1  1
601356572154135527
7 0 6 0 -1  1
601466245594901889
5 1 6 2 -1  1
601774182758840599
3 5 2 4 -1  1
602050587663261444
4 6 3 6 -1  1
602186837997082491
4 7 6 6 -1  1
602357270280065275
7 3 5 1 -1  1
602442967869851237
6 3 5 2 -1  1
602621419449141490
5 5 4 3 -1  1
602665467900045710
5 2 6 4 -1  1
602803478090483486
4 0 6 0 -1  1
602820452622377410
6 6 5 6 -1  1
602865995788543650
4 3 3 5 -1  1
603248202028532496
5 5 4 5 -1  1
603330044028205773
7 4 1 4 -1  1
603441294613610049
7 2 5 4 -1  1
604266181786492057
1 2 3 0 -1  1
604931402564544616
7 2 3 2 -1  1
604966023658911206
6 3 5 2 -1  2
605018682295845214
0 1 2 2 -1  1
605167431437014132
6 2 5 2 -1  1
605492162920315345
7 2 0 2 -1  1
605648639799111927
6 2 6 3 -1  1
605728545268955668
7 5 6 5 -1  1
605803923581484562
5 5 6 3 -1  1
606045439189444434
4 1 3 1 -1  1
606396533078679676
4 6 6 4 -1  1
606563170316967389
6 4 4 4 -1  1
606937254413164851
5 5 3 4 -1  1
607132074985745946
7 5 7 2 -1  1
607177199548753951
6 2 4 2 -1  1
607225872736060150
7 2 5 1 -1  1
607271869491707926
5 7 5 6 -1  1
607281870152372948
4 2 2 1 -1  1
607381738877247210
6 0 6 1 -1  1
607475277886990362
4 0 3 1 -1  1
607662707895240194
6 2 4 2 -1  1
607670521961745045
7 1 6 3 -1  1
607977776823360493
4 1 3 2 -1  1
607994188098612510
5 1 6 0 -1  1
608141329104447745
4 5 3 5 -1  1
608213976375837290
4 6 2 5 -1  1
608324174300748193
5 6 4 6 -1  1
608649341045469814
7 4 6 4 -1  1
608729095146887243
7 3 0 3 -1  1
608837908482586680
4 4 3 4 -1  1
608902449555047031
3 3 2 4 -1  1
609090878863886463
7 3 7 2 -1  1
609261145003418937
7 0 1 0 -1  1
609478456858305780
1 0 1 4 -1  1
609600549601323621
1 4 2 6 -1  1
609686289000110863
3 4 5 6 -1  1
609753435443073602
2 3 6 3 -1  1
609756558696561815
7 0 7 2 -1  1
609785388119780237
7 2 4 2 -1  1
609933278781681446
4 2 2 1 -1  1
610155043816821305
7 7 0 7 -1  1
610309137418395009
4 4 3 3 -1  1
610331046441201604
2 0 4 0 -1  1
610589888765168899
4 4 3 3 -1  1
610634744789444700
7 3 7 4 -1  1
610644344096541481
6 4 6 2 -1  1
610847957840991508
7 4 5 4 -1  1
610930114815041023
6 5 5 4 -1  1
611215464798334683
6 1 3 4 -1  1
611413129752970719
7 1 6 3 -1  1
611505827051563156
3 7 1 5 -1  1
611594328649985147
2 7 0 7 -1  1
611603056412602091
6 4 5 5 -1  1
611875439907514356
5 4 2 1 -1  1
612193637900592102
0 4 5 4 -1  1
612288454005620362
6 6 5 6 -1  1
612347487342212296
5 1 5 2 -1  1
612421938740459713
6 1 7 2 -1  1
612471455966538475
4 5 7 2 -1  1
613010497680821760
4 7 3 7 -1  1
613575541435487514
7 2 4 2 -1  1
613838155224308817
7 3 6 2 -1  1
614010054680684825
4 5 3 4 -1  1
614166175156232743
6 0 5 1 -1  1
614286226943351487
5 5 6 3 -1  1
614301982831581338
7 2 6 3 -1  1
614485412172072582
6 6 5 5 -1  1
614517799107769119
3 0 4 0 -1  1
614618684014644889
6 3 5 1 -1  1
614620185823284496
7 0 7 2 -1  1
614813606580643560
6 6 3 3 -1  1
614983062029704903
7 4 7 5 -1  1
615015954724319442
6 2 6 5 -1  1
615071388626836490
6 6 5 5 -1  1
615107900181290435
5 4 4 4 -1  1
615240516584611873
4 2 3 3 -1  1
615284424978701901
7 4 7 6 -1  1
615635804105142231
3 6 2 6 -1  1
615672108799849385
7 3 4 0 -1  1
615897178436995391
5 7 6 5 -1  1
615970882789191609
1 3 2 2 -1  1
615991659217432601
6 5 4 5 -1  1
616027087292416262
6 6 5 4 -1  1
616063061509364990
0 2 3 5 -1  1
616241892508456432
5 3 4 4 -1  1
616350838171192855
6 4 3 1 -1  1
616391090490441911
6 5 7 6 -1  1
616427389482034251
7 7 7 4 -1  1
616482116583102487
6 3 7 4 -1  1
616706425544620304
7 4 7 7 -1  1
616897116125104664
7 2 5 0 -1  1
617020911816215009
7 4 5 4 -1  1
617227587510373156
3 1 2 3 -1  1
617402447172552158
7 0 1 0 -1  1
617415773946032443
5 3 5 5 -1  1
617601489847382912
3 0 3 1 -1  1
617633708898122954
5 6 3 6 -1  1
617643696766541538
7 6 5 5 -1  1
617866446306571481
7 6 7 5 -1  1
617926293076993239
4 5 5 6 -1  1
618023074410941753
6 5 5 5 -1  1
618032294969020935
6 2 5 2 -1  1
618278945901684933
6 1 5 1 -1  3
618526757194356768
5 4 7 2 -1  1
618649479440121206
7 4 7 6 -1  1
618796414121391857
6 2 5 4 -1  1
619268139673470925
5 3 5 2 -1  1
619303121915290166
4 1 4 2 -1  1
619488805858600346
7 3 7 0 -1  1
619800647599000796
6 5 5 5 -1  1
620116859463683673
4 0 3 0 -1  1
620385480292527962
6 0 5 0 -1  1
620475456883794261
7 5 5 5 -1  1
620611295860109712
5 7 4 6 -1  1
620781689278596420
5 4 6 5 -1  1
620841875313585269
3 6 5 5 -1  1
621014897070273094
6 4 5 3 -1  1
621115355718321579
6 2 5 4 -1  1
621118978489319219
3 4 3 1 -1  1
621209947273456638
4 4 3 3 -1  1
622037569291122162
6 6 4 6 -1  1
622328200266330702
1 5 0 5 -1  1
622481553368375527
3 4 2 5 -1  1
622895389406548631
6 1 7 0 -1  1
622973779211903139
2 1 1 2 -1  1
623085662049918157
5 5 7 4 -1  1
623333705045148532
7 4 7 6 -1  1
623488032498278765
7 6 7 4 -1  1
623642259765781476
3 4 2 2 -1  1
623665243221083358
5 1 4 1 -1  1
623729047755119813
6 4 5 5 -1  1
623742847947886255
4 0 6 2 -1  1
623960166386663205
5 3 4 2 -1  1
624212424771509340
6 3 5 5 -1  1
624220684205275173
6 1 5 1 -1  1
7 1 6 3 -1  2
624237163113507058
4 4 3 6 -1  1
624423735628139117
4 5 2 3 -1  1
624687066740892990
7 4 7 5 -1  1
624824251774265239
7 7 3 3 -1  1
624828093702468654
7 6 7 3 -1  1
624840587739857508
4 6 3 6 -1  1
625038486066384660
6 0 7 1 -1  1
625117845873291680
6 4 5 5 -1  1
625326133656746868
5 5 4 3 -1  1
625462781996201670
7 6 6 6 -1  1
625646340875448921
6 6 7 5 -1  1
625719335015746281
2 3 4 3 -1  1
625778451245031173
7 4 7 0 -1  1
626016857302531343
7 5 7 3 -1  1
626399687242695342
7 7 6 7 -1  1
626402506314846175
6 1 7 0 -1  1
626423946459391250
3 6 2 6 -1  1
626937114264457548
7 2 7 1 -1  1
627246763013613773
6 3 5 4 -1  1
627275807608380974
2 5 3 5 -1  1
627611924847872271
7 2 6 1 -1  1
627619894396656834
3 0 3 1 -1  1
627861064006617679
7 1 5 2 -1  2
627987005157639381
6 6 5 6 -1  1
628188814579141727
7 2 5 0 -1  1
628205896813547328
5 5 6 6 -1  1
628324555443876482
4 0 4 1 -1  1
628510616078049774
6 2 6 0 -1  1
628584525036903465
6 6 5 5 -1  1
628620175754821772
6 4 4 6 -1  1
628643521247872737
6 2 4 2 -1  1
6 3 4 3 -1  2
628658803307984670
4 5 6 6 -1  1
628692105886465956
5 6 5 7 -1  1
628798870947298269
4 5 4 6 -1  1
628822669177095439
4 5 3 6 -1  1
628932525294182098
4 7 5 6 -1  1
629175785891749160
5 0 5 1 -1  1
629285913819894094
7 5 7 3 -1  1
629504387839341861
4 6 3 5 -1  1
629851756150324605
4 0 0 0 -1  1
629977697405011520
5 5 4 3 -1  1
630186350305165554
6 3 5 5 -1  1
630280346591654977
7 6 7 7 -1  1
630351352913264018
5 6 5 2 -1  1
630535665706558857
4 2 5 0 -1  1
630587064588368098
7 3 6 4 -1  1
630613747757833638
7 2 6 1 -1  1
630677755053841824
6 4 4 6 -1  1
630764485927249787
2 2 3 1 -1  1
630820935620161070
3 7 3 6 -1  1
630863450706166857
6 4 4 3 -1  1
630891352062374583
6 6 5 6 -1  1
631294754705945389
3 5 4 6 -1  1
631347322976525445
6 2 2 6 -1  1
631455953426001280
4 7 6 6 -1  1
631571475279250262
5 2 3 1 -1  1
631755375120876613
6 6 5 5 -1  1
631836448569317088
5 2 1 6 -1  1
632121805993184571
7 6 6 7 -1  1
632210462540268221
7 5 6 4 -1  1
632275752030624865
6 2 7 1 -1  1
632367877457687586
6 5 5 3 -1  1
632405075058278614
6 6 4 6 -1  1
632502586639367041
7 4 7 6 -1  1
632743180691523425
5 2 6 3 -1  1
632744035800268371
3 3 0 3 -1  1
632870956241043879
7 5 6 4 -1  1
632876820429718288
7 3 0 3 -1  1
633116425774499701
6 1 4 1 -1  1
633159673374728717
7 5 6 6 -1  2
633179236386562265
0 3 1 3 -1  1
633411846611655556
3 7 4 7 -1  1
633449150013057464
5 5 2 2 -1  1
633522755218240675
5 5 6 4 -1  1
633883863665610198
7 6 6 7 -1  1
634117871024064123
6 2 5 2 -1  1
634202484073411459
6 1 5 2 -1  1
634247930028283904
5 1 4 1 -1  1
634265475204535017
4 3 3 4 -1  1
634297044554050186
0 1 1 0 -1  1
634304537993936860
6 3 5 1 -1  1
634305020361980189
5 5 4 7 -1  1
634400130001982789
3 7 1 5 -1  1
634407096971404493
4 6 3 6 -1  1
634885848292565129
7 3 7 1 -1  1
634889521204402131
6 4 4 4 -1  1
635303631127392231
4 1 6 2 -1  1
635680313975627052
6 5 7 4 -1  1
635983136740730586
7 4 6 4 -1  1
635998634772392912
6 5 0 5 -1  1
636008973861298061
6 5 6 4 -1  1
636092916178820397
5 5 3 4 -1  1
636188890119132013
7 6 6 5 -1  1
636190704177405954
7 6 7 5 -1  1
636495116388348436
2 5 2 0 -1  1
636519526479213244
5 0 6 1 -1  1
636652153627260334
1 3 0 4 -1  1
636784917595656784
5 6 0 1 -1  1
636868433190595200
6 7 5 7 -1  1
636960166858401137
6 7 5 7 -1  1
637129093804416596
6 1 5 1 -1  1
637257338777073344
7 2 6 3 -1  1
637271883510224790
3 3 4 5 -1  1
637287362033313783
5 4 4 3 -1  1
637413770124744367
7 2 1 2 -1  1
637488989044653048
7 3 6 3 -1  1
637669343470247447
4 3 5 1 -1  1
637866786965630915
2 1 2 6 -1  1
638092538831654875
4 1 3 0 -1  1
638231036236674467
7 2 1 2 -1  1
638590351014405508
7 2 7 1 -1  1
638679974360913358
5 1 4 1 -1  1
638810940870114001
6 4 5 3 -1  1
638883487975629897
7 4 4 4 -1  1
638887111348346714
2 0 2 3 -1  1
639063113907819190
1 4 3 4 -1  1
639105219392660106
5 3 6 1 -1  1
639283472293272259
6 3 5 1 -1  1
639287238788593666
3 0 3 3 -1  1
639382351443067672
7 5 7 3 -1  1
639444585093994103
7 7 7 6 -1  1
639476058541258122
6 3 3 0 -1  1
6 3 5 2 -1  1
639892105078862672
4 2 2 1 -1  1
639938669664440656
5 6 4 5 -1  1
640082820530443688
3 0 2 1 -1  1
640177817748280801
7 4 6 3 -1  1
640278443337347486
5 5 5 2 -1  1
640343115109082703
4 4 5 5 -1  1
640368407248037321
2 4 2 3 -1  1
640666866561318881
6 3 5 2 -1  1
641074535543500509
7 7 7 6 -1  1
641312795962764701
5 2 4 1 -1  1
641378994582397793
6 2 4 4 -1  1
641394392030024102
7 4 6 3 -1  1
641465870219037772
4 5 0 1 -1  1
641580306447674517
6 6 5 6 -1  2
641860491351676926
4 0 1 3 -1  1
641909084066868204
3 1 2 2 -1  1
641940438198948703
2 3 1 5 -1  1
641952804988523730
3 5 5 5 -1  1
642469869434213672
4 6 6 5 -1  1
642671539642964894
4 2 3 2 -1  1
642802994140243580
7 7 7 6 -1  1
642904624813345017
7 6 7 7 -1  1
643143567605962607
2 4 0 2 -1  1
643534868299194722
7 2 7 1 -1  1
643633022972667807
6 3 5 1 -1  1
643780960138774819
7 5 5 5 -1  1
644022974956170324
3 5 3 2 -1  1
644127103791941406
7 4 5 4 -1  1
644493119086991700
4 2 3 3 -1  2
644511982700449822
7 3 5 3 -1  1
644526803086745680
3 2 2 3 -1  1
645130129004063481
6 3 5 2 -1  1
645254633078080487
5 3 4 4 -1  1
645503652878001938
7 5 7 4 -1  1
645640411027818240
7 6 6 7 -1  1
645734249368116609
7 3 6 4 -1  1
645819907850818023
5 5 6 3 -1  1
645904313312384157
7 6 6 5 -1  1
645912659288810737
0 2 1 1 -1  1
0 2 4 6 -1  1
645982512826955630
5 2 3 3 -1  4
6 4 5 4 -1  1
646102137767335303
5 5 4 5 -1  1
646160697667590371
4 6 3 6 -1  1
646247680386687831
6 2 3 5 -1  1
646280898644977643
7 2 6 3 -1  1
646474079609705063
3 2 4 1 -1  1
646625414611686773
0 4 0 5 -1  1
646734985575041095
7 0 7 1 -1  1
646849457326649955
6 5 4 5 -1  1
647010585796212618
6 5 5 5 -1  1
647345581860081964
7 5 6 7 -1  1
647385109702787803
4 4 3 3 -1  1
647833282144019397
7 2 0 2 -1  1
648224574551533932
5 4 2 1 -1  1
648313553529873646
2 2 1 2 -1  1
648412944520272000
5 2 3 1 -1  1
648439136848666797
6 3 6 4 -1  1
648636829614562285
7 2 5 4 -1  1
648961118877985588
7 7 7 4 -1  1
649097655622294088
6 5 5 6 -1  1
649135501221949389
7 6 6 4 -1  1
649151905856710562
7 5 6 4 -1  1
649163172335202893
6 1 5 0 -1  1
649416355731451379
3 1 2 2 -1  1
649577412788155944
5 3 4 3 -1  1
649641724087186703
6 5 6 2 -1  1
649889085896872758
5 2 4 0 -1  1
650095284778407392
7 0 7 3 -1  1
650276174746365991
5 1 4 2 -1  1
650406203003806869
6 1 4 3 -1  1
650419476212381530
5 2 4 2 -1  1
650470237931146026
7 5 6 4 -1  1
650520991357903383
7 2 2 2 -1  1
650571872656617689
6 6 7 7 -1  1
650675226767561094
7 5 5 5 -1  1
650692511575064261
6 6 4 6 -1  1
650712103246595350
2 4 4 4 -1  1
650810815877118173
5 2 3 1 -1  1
650867539968672125
6 0 5 1 -1  1
650986790527534020
5 3 5 2 -1  1
651036374493244942
7 5 6 3 -1  1
651232361821494423
4 6 1 6 -1  1
651251806773161762
4 6 3 7 -1  1
651281678769532546
7 0 7 4 -1  1
651442502408368232
2 3 1 4 -1  1
651487076285486782
7 3 5 5 -1  1
651638083352134793
7 1 6 3 -1  1
651768580689436080
6 2 7 3 -1  1
651880655075415830
7 4 7 2 -1  1
652000440835306628
5 2 4 3 -1  1
652020926329668207
3 4 2 2 -1  1
652079713800863433
5 5 4 7 -1  1
652112199473855589
3 2 1 1 -1  1
652169142785475768
6 2 6 1 -1  1
652185209019198099
6 2 7 1 -1  1
652310909615488097
1 3 3 1 -1  1
652428149972722717
4 3 6 3 -1  1
652474315697905820
7 2 5 4 -1  1
652628514038403485
2 2 2 4 -1  1
652778921093686360
3 7 2 7 -1  1
653198011359002028
5 5 6 3 -1  1
653266148596890838
4 4 4 2 -1  1
653307932222457236
5 4 4 4 -1  1
653975789012438898
3 1 4 3 -1  1
654125346073833397
7 4 5 2 -1  1
654337004708641102
5 2 4 1 -1  1
654454203331116494
7 2 5 4 -1  1
654466658746624703
6 4 6 5 -1  1
654753748586914606
0 7 2 7 -1  1
654890225757392630
7 5 6 6 -1  6
655243923221862375
6 3 6 4 -1  1
655320782473010641
3 4 3 3 -1  1
655332304249192024
5 1 4 0 -1  1
655342463481036890
7 0 7 2 -1  1
655374669048637841
1 0 3 2 -1  1
655453965273416969
7 5 7 4 -1  1
655522710818427185
3 7 4 6 -1  1
655796721742773513
5 5 3 4 -1  1
656083087154835938
7 0 7 3 -1  1
656115967969866081
6 3 7 2 -1  1
656465686513282167
3 6 2 4 -1  2
656522681386333314
3 4 2 2 -1  1
656879706304944681
6 2 6 1 -1  1
656990903630116892
5 3 7 1 -1  1
657163434432640436
7 3 7 0 -1  1
657366503246398973
4 0 3 2 -1  1
657407703763456817
3 1 4 3 -1  1
657460433577277929
6 5 5 4 -1  1
657462826248703619
5 5 6 3 -1  1
657512004275796844
7 4 6 4 -1  1
657650861218757135
6 2 7 3 -1  1
657982667086827568
7 7 7 3 -1  1
658213997002661318
4 2 5 2 -1  1
658750892065406153
3 0 2 1 -1  1
659059527945732654
7 4 7 6 -1  1
659073422666841750
7 2 6 1 -1  1
659265539569671170
2 4 0 2 -1  2
659410137690470138
6 2 7 3 -1  1
659421270128480791
4 2 2 1 -1  1
659607328403741287
3 3 2 1 -1  1
659828842413777897
5 5 4 3 -1  1
659921871790478429
3 4 2 3 -1  1
659970068650176461
1 5 3 5 -1  1
660367071814397537
7 2 6 1 -1  1
660391017150880582
6 1 5 2 -1  1
660590329813193765
1 7 3 5 -1  1
660897957783734205
7 4 2 4 -1  1
661207314062671728
7 4 6 4 -1  1
661642103477628031
4 0 4 3 -1  1
661729463793888001
7 4 7 6 -1  1
661863878428497657
6 3 5 2 -1  1
661884362644949326
5 4 4 4 -1  1
662367663383078591
0 0 6 0 -1  1
662609629432804789
5 1 7 2 -1  1
662874333744834678
6 6 5 6 -1  1
663053240076566173
0 2 2 2 -1  1
663256276693452155
2 4 2 3 -1  1
663375706222411620
7 1 5 0 -1  1
663468636416852182
6 4 5 5 -1  1
663651915841283515
7 7 0 7 -1  1
663701965065068184
6 4 4 5 -1  1
663903944633325133
6 3 5 3 -1  1
663916175961507016
7 4 5 2 -1  1
664031966017863431
5 3 1 7 -1  1
664033332662902883
4 7 4 3 -1  1
664124662173014091
6 4 7 5 -1  1
664395348756551283
6 2 5 1 -1  1
664591535919816261
3 3 2 3 -1  1
664640893104215209
6 3 5 3 -1  1
664706742382653941
6 7 5 6 -1  1
664965021664017820
6 2 1 2 -1  1
664966951464190856
3 5 2 5 -1  1
665025102965670273
7 3 4 0 -1  1
665170454661675771
3 6 1 4 -1  1
665214141820777071
4 7 5 7 -1  1
665295746247269320
5 7 4 7 -1  1
665310817670083759
4 3 5 4 -1  1
665429439057777037
7 1 5 0 -1  1
665658633595855009
6 6 4 4 -1  1
665772619397484749
5 4 4 4 -1  1
665941465821961065
5 3 4 2 -1  1
665978532112516380
6 3 5 2 -1  1
666353038849797752
3 1 2 1 -1  1
666496869317079982
6 3 7 3 -1  1
666566149898396419
6 3 5 3 -1  1
666599588912458829
4 3 5 2 -1  1
666741301277837162
5 2 6 3 -1  1
666756063423162102
6 2 5 1 -1  1
666791340064840074
5 0 3 2 -1  1
666844489969147132
7 2 7 3 -1  1
667010268317831263
4 2 2 3 -1  1
667253181977873534
6 6 5 5 -1  1
667278251288400435
6 1 5 1 -1  1
667329054636675038
0 2 2 2 -1  1
667624950550125676
3 4 2 3 -1  1
667628671465399771
6 4 4 4 -1  1
667632665694997691
1 4 1 6 -1  1
667652078392856446
7 1 7 3 -1  1
667738248043294153
7 1 6 2 -1  1
667850680547429173
6 0 5 0 -1  1
667881522351170046
5 3 7 2 -1  1
667992861171505408
7 4 7 3 -1  1
668003689818455178
2 2 1 1 -1  1
7 1 5 0 -1  1
668180240805472565
6 4 4 6 -1  1
668516750343440007
3 2 5 1 -1  1
668673087867253431
1 3 2 5 -1  1
668693970805889973
6 0 4 0 -1  1
668713779777040172
5 5 4 7 -1  1
669262107833972304
6 3 3 6 -1  1
669276030292023865
7 7 7 2 -1  1
669441474874519917
1 7 0 7 -1  1
669543910141051758
5 5 6 3 -1  1
669941743163266630
7 5 5 5 -1  1
670007429308854966
7 5 5 5 -1  1
670012710849020999
4 4 3 5 -1  1
670015215737167657
4 6 3 5 -1  1
670114350151248792
6 3 5 2 -1  1
670214526867390630
7 4 7 6 -1  1
670527073153750756
5 3 4 4 -1  1
670656794966085995
1 3 0 3 -1  1
670934630659542000
7 4 7 6 -1  1
670962485528920045
6 4 3 4 -1  1
671049907766128728
5 4 3 6 -1  1
671440619691297781
7 2 5 2 -1  1
671510295726513310
5 1 4 2 -1  1
671959595618889961
6 6 5 6 -1  1
671982802800149794
7 3 6 3 -1  1
672019566007901934
7 5 7 4 -1  1
672096509165249576
7 4 3 0 -1  1
672176641486906220
5 5 7 4 -1  1
672345114677786580
4 4 5 3 -1  1
672394255996713930
5 2 3 0 -1  1
672396912359457133
1 4 3 2 -1  1
672524290552505796
7 5 7 4 -1  1
672719035058978049
4 3 3 3 -1  1
672993908675878383
6 7 4 7 -1  1
673084583873217156
6 4 7 3 -1  1
673132302120469989
6 2 5 2 -1  2
6 3 4 3 -1  3
7 4 7 6 -1  10
673224435092068798
5 6 4 5 -1  1
673427185351592209
6 4 4 2 -1  1
673457295341549933
6 7 5 7 -1  1
673543858248865384
3 1 2 0 -1  1
673551453556293862
4 2 3 3 -1  1
673769144321047978
6 0 5 0 -1  1
673817533378315351
3 4 2 4 -1  1
673897754514930333
4 2 3 3 -1  1
674133018378636449
3 1 5 3 -1  1
674173608738136206
7 3 6 2 -1  1
674189847095593160
7 6 5 5 -1  1
674210570697536348
3 0 2 1 -1  1
674285080839576843
5 6 4 5 -1  1
674430998394374828
3 4 4 6 -1  1
674441853194340116
1 2 0 3 -1  1
674549308166757450
0 3 0 0 -1  1
674787650147628985
7 4 6 3 -1  1
674918739640454415
5 4 6 3 -1  1
674930315841008400
7 1 5 0 -1  1
675279739443813597
5 4 5 2 -1  1
675434931981125074
3 3 2 2 -1  1
675650405924555630
2 3 2 6 -1  1
675702930215406107
5 6 4 7 -1  1
676103930497190693
3 5 2 5 -1  1
676366441651495848
7 3 7 5 -1  1
676461037139735840
6 3 4 3 -1  1
676510604281682779
7 6 6 7 -1  1
676792790620119570
4 3 6 1 -1  1
676853771882900914
6 1 7 0 -1  1
676891485114866822
4 5 5 5 -1  1
676900083175529296
7 2 1 2 -1  1
676902393932747606
6 5 5 6 -1  1
677065869416214930
6 2 5 3 -1  1
677143340291711319
5 6 4 6 -1  1
677527178818251703
5 6 3 5 -1  1
677656157305077089
7 4 7 6 -1  1
677749309545644678
7 6 6 6 -1  1
677797286045072035
7 3 7 4 -1  1
677817772315077530
6 2 2 2 -1  1
677950129083935927
5 3 4 4 -1  1
678020781188361627
5 3 4 4 -1  1
678105147343696555
5 6 4 5 -1  1
678159635970826384
1 0 1 1 -1  1
678177366049014970
4 2 3 3 -1  1
678208438610864914
4 4 2 3 -1  1
678226415678705781
4 5 3 5 -1  1
678609092541054684
5 2 4 4 -1  1
678769334884054525
6 4 7 5 -1  1
678852311790594739
6 0 5 0 -1  1
678926806584752985
7 6 6 5 -1  1
679267404592250237
6 4 5 3 -1  1
679333113971516532
4 7 3 6 -1  1
679381888295804845
6 6 5 6 -1  1
679400968689906794
7 4 7 6 -1  1
679624737045883706
6 5 4 5 -1  1
679659046302951553
7 6 7 5 -1  1
679858790541681159
4 3 3 4 -1  1
679916810609512223
5 1 4 1 -1  1
680185662073111316
7 5 6 4 -1  1
680384053278106079
5 3 4 3 -1  1
680472839350159063
4 4 2 3 -1  1
680541015951530497
3 7 2 6 -1  1
680633597684389335
5 0 4 0 -1  1
680662561083843944
6 1 5 2 -1  1
680966046185230930
7 0 7 1 -1  1
681106972840121877
7 1 6 3 -1  1
681130044983530965
5 4 4 4 -1  1
681161087762240656
5 1 5 0 -1  1
681181810258920335
3 6 2 5 -1  1
681194812016278307
5 4 4 3 -1  1
681254130480052374
6 5 4 5 -1  1
681410280098315507
2 2 3 1 -1  1
681554038622856862
6 2 4 2 -1  1
681649802811782166
6 2 5 4 -1  1
681712262127332350
5 0 4 0 -1  1
681749279788884069
6 0 4 0 -1  1
681948041145353734
5 7 1 3 -1  1
681951574780523023
6 6 5 5 -1  1
682223849946026521
3 4 2 3 -1  1
682368450590585212
7 6 7 7 -1  1
682497232041905284
6 1 4 1 -1  1
682606943421435988
5 3 5 1 -1  1
682609350434857378
6 1 5 2 -1  1
683002349112289934
7 4 7 2 -1  1
683094568111725321
4 5 3 5 -1  1
683649553078946468
7 2 6 1 -1  1
683676600290755910
4 4 6 5 -1  1
683712759200552856
5 4 6 3 -1  1
683755898450521829
1 1 2 2 -1  1
683951650039821410
5 1 4 1 -1  1
684044231265817004
6 0 7 1 -1  1
684106921935973534
5 5 6 4 -1  1
684149792574677520
7 3 5 1 -1  1
684314708746112409
7 6 7 2 -1  1
684367145721667529
4 5 3 5 -1  1
684691585735510207
3 4 4 3 -1  1
684787993200377265
5 6 6 5 -1  1
685002057278140246
5 5 3 6 -1  1
685086437172093749
5 6 4 5 -1  1
685304487184636052
4 4 4 5 -1  1
685338985960022778
5 5 3 4 -1  1
685458806493785857
5 6 5 5 -1  1
685767875519539936
6 2 5 2 -1  1
685975231274906927
6 4 4 3 -1  1
686348871990908631
7 3 7 2 -1  1
686444995003445807
4 4 5 5 -1  1
686645550486008831
6 2 5 3 -1  1
686710962830015956
3 4 2 4 -1  1
686771769314078157
5 4 4 5 -1  1
686910196605629734
7 4 7 6 -1  1
686929177434873516
2 4 2 3 -1  1
687508364873448909
7 7 1 7 -1  1
687563620593123259
1 2 1 3 -1  1
687564044461605522
1 4 0 4 -1  1
688068152576989690
5 4 4 4 -1  1
688273075261480416
5 0 5 1 -1  1
688652463061236190
7 3 7 4 -1  1
688712649551054939
3 6 2 5 -1  1
688731375487048099
3 3 1 5 -1  1
688899851446053347
6 3 4 2 -1  1
689015154643720369
6 4 7 5 -1  1
689040664766494022
7 2 7 1 -1  1
689110923235403012
4 0 6 2 -1  1
689179869014917933
6 3 4 5 -1  1
689378956876780768
5 3 1 3 -1  1
689573763655086632
3 3 2 4 -1  1
689632237041499027
4 3 6 5 -1  1
689860282321802652
6 2 5 1 -1  2
7 5 6 4 -1  1
689864612517644079
7 2 6 3 -1  1
689876422530793247
7 5 5 3 -1  1
689919763469108930
7 5 6 6 -1  1
