689920172860896206
6 0 6 5 -1  1
689939296953159401
7 6 6 7 -1  1
690050170723154659
7 0 5 0 -1  1
690140306808219563
6 0 4 0 -1  1
690162891801430662
5 2 3 3 -1  1
690266146969720325
7 4 2 4 -1  1
690289537832355167
7 2 7 3 -1  1
690291634834500643
7 7 6 6 -1  1
690436729497259257
6 3 6 5 -1  1
690560562279756234
7 3 7 4 -1  1
690744494196364271
7 0 7 2 -1  1
690806945943888709
7 5 4 2 -1  1
691316511639855144
7 4 3 4 -1  1
691686164591066804
5 2 4 0 -1  1
691773579808197291
4 4 0 4 -1  1
692119062829665727
6 5 5 5 -1  1
692375703345503018
6 5 4 5 -1  1
692394132534681436
7 5 7 4 -1  4
692482385235659620
7 0 7 1 -1  1
692524467875714987
4 1 3 1 -1  1
692581716783821479
5 4 5 6 -1  1
693040592501009693
3 3 2 3 -1  1
693227893302236448
4 7 1 7 -1  1
693491863772343186
6 3 4 3 -1  1
693494953718006999
4 4 6 5 -1  1
693786197344849928
5 2 4 3 -1  2
693919487090725622
7 5 7 3 -1  1
694010023095284790
4 4 3 3 -1  1
694169989834582558
4 3 3 5 -1  1
694188407322240305
6 1 5 2 -1  1
694215740209140564
2 1 0 2 -1  1
694311245253212431
4 5 3 5 -1  1
694397169603442623
3 6 4 6 -1  1
694683967401460737
4 0 5 1 -1  1
695051116121188195
5 2 4 3 -1  1
695208638320459465
6 3 5 2 -1  1
695302673271871835
7 0 1 0 -1  1
695468217725130446
1 6 2 6 -1  1
695473836692427275
3 0 2 0 -1  1
695721312695571311
4 2 4 1 -1  1
696172753403067729
7 5 1 5 -1  1
696331613982148937
7 5 7 1 -1  1
696527013052114591
6 6 7 5 -1  1
696553530314883288
7 5 4 2 -1  1
696710747873690437
5 2 7 4 -1  1
696816435757192872
4 3 3 3 -1  1
697153973427946423
7 5 7 4 -1  1
697174015487422078
6 0 1 5 -1  1
697546278788653591
1 3 1 0 -1  1
697595930455519340
4 0 5 2 -1  2
697598435554199886
6 4 5 6 -1  1
697708421640732087
7 4 6 4 -1  1
698171573830080977
5 3 4 2 -1  1
698180759297311301
5 5 6 3 -1  1
698283778149381484
3 3 4 4 -1  1
698311001568767364
4 7 3 7 -1  1
698336867913462565
5 2 4 4 -1  1
698914755410671590
6 4 3 1 -1  1
699206685407236719
5 5 4 5 -1  1
699615936858683667
4 4 3 4 -1  1
699715561028233444
1 0 6 0 -1  1
699975356652867030
4 7 3 6 -1  1
699992117005699794
7 3 7 5 -1  1
700086059382629123
5 1 6 1 -1  1
700205911520038395
3 1 5 2 -1  1
700237491330045730
6 2 7 1 -1  1
700456707625964394
3 2 1 2 -1  1
700497727093116143
5 5 3 6 -1  1
700584823878351086
7 5 5 6 -1  1
700755991661409594
6 2 5 1 -1  1
700858347486679707
7 4 0 4 -1  1
701009114450113783
7 0 7 2 -1  1
701053251479986086
7 5 5 5 -1  1
701084492536975239
7 1 6 3 -1  1
701146176567506168
7 4 3 4 -1  1
701201365459177857
6 7 5 6 -1  1
701259906960602759
6 0 5 0 -1  1
701433235984068633
7 3 6 2 -1  1
701535910136915880
0 6 3 6 -1  1
701709393178461075
2 4 3 5 -1  1
702011797665501573
4 6 3 6 -1  1
702014355695469111
1 5 2 5 -1  1
702233588843874802
6 5 6 3 -1  1
702250759786815622
6 0 3 0 -1  1
702341605706073874
7 4 6 4 -1  1
702430458395472306
7 4 6 2 -1  1
702477778959385480
7 3 7 1 -1  1
702533514224257891
4 2 3 2 -1  1
702624216596512777
3 1 2 2 -1  1
702737456921426451
3 4 2 2 -1  7
702866419200156894
7 3 6 2 -1  1
703308457654615423
4 3 2 3 -1  1
703503165187437569
4 4 5 6 -1  1
703575405043505558
3 5 5 3 -1  1
703938314337762831
2 0 1 0 -1  1
704325455659764967
7 0 6 0 -1  1
704585399738328492
5 7 5 3 -1  1
704649960646971721
6 4 6 3 -1  1
704712782558150587
3 3 3 5 -1  1
704891609490758351
7 5 7 6 -1  1
705035577317079070
7 4 7 3 -1  1
705549287382088389
4 2 5 3 -1  1
705791101588290089
6 6 5 6 -1  1
706039177654029594
6 4 2 0 -1  1
706406073524220990
7 5 7 3 -1  1
706482609164355837
6 0 5 1 -1  1
706484086984773029
5 1 3 3 -1  1
706820808364663341
4 7 4 1 -1  1
706914685854998196
3 2 1 3 -1  1
706964940889159695
2 3 2 0 -1  1
707083546374803164
7 5 5 5 -1  1
707596305495292723
1 1 1 2 -1  1
707622211504195560
7 6 7 5 -1  1
707981650142762518
6 2 4 2 -1  1
708038663405771186
5 1 4 2 -1  1
708046078024562798
5 2 3 0 -1  1
708069424376066621
2 3 1 3 -1  1
708345794271565493
6 4 6 3 -1  1
708492151105304042
6 6 4 6 -1  1
708714952066721487
4 2 3 2 -1  1
708800425377540090
6 3 7 4 -1  1
708811106758519717
6 1 4 3 -1  1
708847742393017772
5 5 3 7 -1  1
708859756289500334
6 2 5 2 -1  1
709056977698372236
4 4 4 2 -1  1
709216173260801453
3 2 2 3 -1  1
709223383672248976
7 7 7 5 -1  1
709374175601490303
4 4 5 2 -1  1
709444538670164592
6 3 5 3 -1  1
709459547781002152
5 6 7 5 -1  1
709742206258577497
4 0 5 0 -1  1
709966894517478678
1 0 1 4 -1  1
710045899240078016
7 0 5 2 -1  1
710107614972651964
5 5 3 6 -1  1
710331818547752358
7 5 3 1 -1  1
710951923185678659
7 0 7 1 -1  1
711036828133317854
6 4 7 3 -1  1
711142666105929287
7 5 7 4 -1  1
711158892669869550
5 2 0 2 -1  1
711498170011486938
4 4 3 3 -1  1
711656987158664447
6 6 5 6 -1  1
711799786591232478
4 6 7 3 -1  1
711996732784230022
6 1 4 1 -1  1
712295923576022648
7 0 7 1 -1  1
712303724203832993
7 5 7 4 -1  1
712503143648860087
7 3 7 2 -1  1
712764665829358239
3 4 4 5 -1  1
712874170311599285
6 0 5 0 -1  3
713181563094699474
6 2 5 2 -1  1
713212258879615906
4 2 5 4 -1  1
713288124581802010
7 3 7 1 -1  1
713291066862985649
4 7 2 7 -1  1
713503274466362136
2 1 2 7 -1  1
713697933430057380
5 1 4 0 -1  1
713803307292529847
4 4 5 4 -1  1
713984619236264654
4 1 3 2 -1  1
714002105998516597
7 2 5 4 -1  1
714158558041969736
7 4 6 2 -1  1
714184836949401907
6 1 5 1 -1  1
714255192478637528
6 4 4 2 -1  1
714511666640422314
7 2 4 2 -1  1
714791005697814411
7 0 7 4 -1  1
714809102560636254
3 6 4 5 -1  1
715340246755189167
5 5 6 4 -1  1
715709507884494659
6 0 5 0 -1  1
715826429539134945
6 1 4 0 -1  1
715850310955923413
2 0 1 1 -1  1
716638244115726757
7 3 5 1 -1  1
717136583467525919
7 1 6 3 -1  1
717154799501847124
2 1 0 3 -1  1
717225832382463976
7 0 6 0 -1  1
717555202648182474
3 5 2 5 -1  1
717770393607214605
5 5 3 7 -1  1
717972752700314309
7 3 0 3 -1  1
718079665896084972
6 6 5 6 -1  1
718089148993478786
3 4 1 3 -1  1
718110091862453630
7 2 6 2 -1  1
718174569532903142
3 2 1 0 -1  1
718446182564007446
6 3 7 2 -1  1
718901298425697810
5 3 4 3 -1  1
718981567102472110
6 2 7 3 -1  1
719052335809929472
5 6 5 7 -1  1
719313470061993636
7 3 6 3 -1  1
719533583445020044
6 2 5 2 -1  1
719710015056153662
5 5 6 6 -1  1
719804584759081546
7 5 5 5 -1  1
720080144681941938
4 0 3 0 -1  1
720081337005842218
6 3 5 5 -1  1
720131786660645945
7 3 4 3 -1  1
720270673067733515
7 0 7 1 -1  1
720294593634654780
5 2 3 3 -1  1
720313597286930173
4 2 3 4 -1  1
720322915288102467
7 3 6 2 -1  1
720412111490911181
3 2 2 2 -1  1
720419618904979863
4 1 3 1 -1  1
720557692036628340
5 7 4 7 -1  2
720846135623064652
4 5 5 6 -1  1
720894594468063052
4 4 3 5 -1  1
720984106128138179
3 5 2 7 -1  1
721023840077273534
6 5 4 5 -1  1
721306267978298028
3 6 4 7 -1  1
7 6 5 5 -1  1
721510603989048093
7 2 6 1 -1  1
721670944677442025
7 5 4 5 -1  1
721717912720668592
7 5 6 4 -1  1
721723420033763089
6 3 5 1 -1  1
721759310471276163
5 7 4 5 -1  1
6 3 4 2 -1  1
721813642738888950
7 6 7 7 -1  1
721956695823011117
6 3 5 1 -1  1
721957006504142620
5 2 3 0 -1  1
721981338727160039
5 5 4 3 -1  1
722005780464538784
7 2 7 4 -1  1
722131109147699787
5 5 6 3 -1  1
722248407487367918
5 1 4 2 -1  1
722284939460819651
6 7 5 7 -1  1
722293109580493361
3 1 2 1 -1  1
722486046588727031
7 4 7 3 -1  1
722510079302013567
6 1 7 2 -1  1
722567525999589050
0 4 5 4 -1  1
722579139042951298
7 0 6 0 -1  1
722763546240188745
7 7 3 7 -1  1
722874133425276808
7 5 7 3 -1  1
722902727642338498
5 5 4 5 -1  1
722953437910694477
0 4 0 3 -1  1
723000666122527305
7 5 5 3 -1  1
723278448850650178
7 2 5 0 -1  1
724545408842820568
6 4 5 5 -1  1
724563867956199521
7 5 2 5 -1  1
724594063370267711
7 4 7 6 -1  1
724765973943804613
2 3 6 3 -1  1
724806683790911430
7 2 6 2 -1  1
724912343348758970
2 1 1 2 -1  2
725098762785600106
7 7 7 2 -1  1
725164749468860061
5 5 3 3 -1  1
725372699714540735
6 1 4 1 -1  1
725406920917949999
7 4 7 0 -1  1
725417098007896419
4 2 6 3 -1  1
725449511415052460
6 4 5 4 -1  2
725519254177774141
4 2 3 3 -1  1
725569549920474930
7 0 7 3 -1  1
725620567473890238
0 4 2 2 -1  1
725855918950912078
7 5 7 4 -1  1
725903056533948021
7 4 1 4 -1  1
725975993538262689
4 3 2 2 -1  1
4 3 2 4 -1  1
725976423466890168
4 0 3 0 -1  1
725995810209920071
6 1 5 1 -1  1
726111433799770765
4 6 6 5 -1  1
726274547626172518
6 7 5 7 -1  1
726377727087484895
7 0 7 4 -1  1
726438566953561862
6 3 5 1 -1  1
726535673688145638
5 2 4 3 -1  1
726573411031809204
7 5 6 4 -1  1
726928257010288067
6 4 5 6 -1  1
726930763434436835
7 6 6 7 -1  1
726998208243777142
6 4 4 5 -1  1
727029829456739495
7 7 7 5 -1  1
727078185253958531
7 0 7 2 -1  1
727116443205470870
3 3 2 2 -1  1
727139018728624272
6 3 5 2 -1  1
727142268247863253
7 7 5 7 -1  1
727156788867479666
2 3 4 4 -1  1
727304055358336632
4 3 3 3 -1  1
727345025575615561
7 6 7 7 -1  1
727476964419478660
5 7 4 7 -1  1
727558913778838133
1 3 0 3 -1  1
727839524153159401
7 5 6 4 -1  1
728029812225230707
5 5 4 5 -1  1
728134686021854570
5 1 1 1 -1  1
728166500942667154
6 3 6 4 -1  1
728423544244692263
7 6 6 5 -1  1
728497679920430056
3 2 2 2 -1  1
729017453198291192
0 6 0 0 -1  1
729200750916598852
3 4 2 2 -1  1
729323752954420176
7 1 7 2 -1  1
729417759096430858
3 3 1 1 -1  1
729563884546983099
7 3 7 0 -1  1
729749923683444219
5 5 6 4 -1  1
729849517781687184
6 5 5 3 -1  1
729945013788722618
6 4 3 1 -1  1
730052162033109606
6 4 7 5 -1  1
730094689268965008
5 5 6 4 -1  1
730626810804658868
7 0 2 0 -1  1
730668761042884483
7 3 5 5 -1  1
730794955328939412
6 3 4 3 -1  1
731014524710147416
5 4 3 3 -1  1
731124499117705485
4 1 4 0 -1  1
731431981335841616
7 3 7 2 -1  1
731434874059558016
6 1 4 1 -1  1
731481525986595475
5 0 4 0 -1  1
731696560443571438
3 1 2 2 -1  1
731773230312381956
5 3 4 1 -1  1
731785209161801981
4 2 3 3 -1  1
731815661782987903
6 3 4 5 -1  1
732016798279924191
6 6 6 7 -1  1
732482784984377907
4 5 6 3 -1  1
732690096827271349
6 2 4 2 -1  1
732692924984260171
3 0 2 1 -1  1
732779465389603035
3 6 4 7 -1  1
732813700857639839
7 1 5 2 -1  1
733012093748263227
3 7 4 5 -1  1
733250609064759514
6 0 5 0 -1  1
733778018830109258
5 1 4 2 -1  1
733833618382464742
5 2 7 3 -1  1
733858194286936172
6 4 5 5 -1  1
734056625046345480
7 3 7 5 -1  1
734145919825197517
4 5 3 5 -1  1
734515723527056507
6 2 7 4 -1  1
734520125506981106
6 5 4 5 -1  1
734681944188229230
6 3 5 2 -1  1
734916427077621585
7 2 5 1 -1  1
735233672002602068
7 6 6 4 -1  1
735263653786515662
4 7 3 7 -1  1
735461821107762981
4 2 3 4 -1  1
735539881126265853
3 0 2 0 -1  1
735887638425236365
7 5 4 5 -1  1
735904010278996064
5 5 5 6 -1  1
736110456981525513
6 6 7 5 -1  1
736313307014995915
4 2 7 5 -1  1
736444769254555147
4 2 2 3 -1  1
736528959110792042
5 2 4 4 -1  1
736629047707482294
7 1 6 1 -1  1
736685438992651289
5 0 4 0 -1  1
736938975830954100
3 1 7 5 -1  1
736946867852546957
1 0 0 0 -1  1
7 5 0 5 -1  1
736987420399199143
7 2 6 1 -1  1
737000440692161214
4 0 7 0 -1  1
737143622965405814
7 2 2 2 -1  1
737387965564638990
2 0 6 4 -1  1
737484716335162143
5 2 4 3 -1  1
737825451945812868
6 0 2 4 -1  1
737989546426396006
7 3 5 1 -1  1
738163140248378923
6 1 5 3 -1  1
738434267744773047
3 4 4 2 -1  1
738509363171104229
5 4 1 0 -1  1
738630372456844517
7 2 5 2 -1  1
738699958690119030
3 1 2 0 -1  1
738735367231676527
6 7 5 7 -1  1
738822384164248447
6 5 5 5 -1  1
738877868277739119
4 1 3 1 -1  1
738891929990487917
4 7 4 3 -1  1
738948253657550911
5 4 4 4 -1  1
739044074944294500
7 3 6 2 -1  1
739246086730722504
5 6 4 6 -1  1
739445377718091260
5 5 6 3 -1  1
739513723396085128
7 3 5 1 -1  1
739679153606184720
4 0 3 0 -1  1
739738909338596493
7 4 6 4 -1  1
739792083972084107
6 2 5 2 -1  2
6 3 5 3 -1  8
739942497809921765
1 5 2 5 -1  1
740035878978112626
7 5 7 2 -1  1
740051918807639829
3 1 4 0 -1  1
740075033849609348
5 1 3 2 -1  1
740158923478777389
4 7 5 6 -1  1
740330917730104129
7 1 5 2 -1  1
740476561208147248
6 5 1 5 -1  1
740550497480281506
4 4 4 5 -1  1
740740618934150754
4 2 3 3 -1  1
741028373198450686
4 5 1 5 -1  1
741081786019113179
4 5 3 7 -1  1
741131120031690780
7 6 6 7 -1  1
741392713848194377
5 4 4 4 -1  1
741624633369789302
4 3 3 4 -1  1
741776810254755883
7 2 3 6 -1  1
741829114539448891
6 4 4 2 -1  1
741962928648164889
3 1 5 3 -1  1
741969368888113573
7 3 6 2 -1  1
742269304927649941
6 2 4 2 -1  2
742342979143708857
4 6 3 5 -1  1
742375361646953868
7 1 6 3 -1  1
742397314932950434
6 4 5 4 -1  1
742575708975768290
7 6 5 5 -1  1
742594144503192675
6 5 5 5 -1  1
742674361877975106
7 3 7 1 -1  1
742689436311256613
6 0 5 1 -1  1
742766917222047480
3 5 5 4 -1  1
743023431144904086
5 5 6 3 -1  1
743033519603614285
7 0 7 4 -1  1
743111034287960106
6 0 6 2 -1  1
743218157642891161
7 2 6 1 -1  1
743339047886243462
5 3 6 2 -1  1
743365243174739918
7 1 7 2 -1  1
743484282761084495
2 5 1 5 -1  1
743613656739656365
2 4 4 2 -1  1
743841904542967973
4 4 3 5 -1  1
743896582142845863
6 6 5 5 -1  1
743960074867341675
4 2 3 3 -1  1
744020868656994887
6 2 4 2 -1  1
744345577196095082
3 6 4 7 -1  1
744555027507172543
6 5 4 5 -1  1
744556570892192636
4 4 3 4 -1  1
744902248283477063
7 1 6 3 -1  1
745121666211899158
7 0 7 3 -1  1
745364735574084940
7 7 7 5 -1  1
745388444052093683
7 0 6 0 -1  1
745489196542845030
2 3 0 2 -1  1
745532964461857838
1 4 5 4 -1  1
745568936978122830
4 0 4 2 -1  1
745601282681996765
6 3 5 5 -1  1
745607311475540231
7 3 5 1 -1  1
745761263556111622
3 6 2 7 -1  1
746164082280734881
7 3 6 5 -1  1
746252309620072525
4 2 3 3 -1  1
746323999895673414
6 6 4 6 -1  1
746480119791690778
5 0 6 2 -1  1
746545776710422102
5 4 3 6 -1  1
746699671619678514
7 0 7 3 -1  1
746766345987506884
6 6 5 6 -1  1
746798915201675923
5 7 4 6 -1  1
746920552339536662
4 2 3 3 -1  1
747001498886201112
5 5 4 4 -1  1
747104967366502589
3 2 1 2 -1  1
747120869550871453
3 2 6 2 -1  1
747276133230193195
4 4 3 4 -1  1
747318356669399714
7 6 6 6 -1  1
747394766516912673
6 7 5 6 -1  1
747518212664515867
2 4 1 2 -1  1
747528228144826252
5 2 5 1 -1  1
747592719487400357
5 6 6 6 -1  1
747772092625774736
6 3 5 1 -1  1
747837431621982937
4 6 3 5 -1  1
747893567256296345
7 0 7 1 -1  1
747893966701074924
6 6 5 6 -1  1
747907208514080545
4 2 3 4 -1  1
747943184278950101
5 5 3 4 -1  1
748148000523926235
4 4 4 2 -1  1
748300169982649844
6 1 5 2 -1  2
748521411628642773
7 5 7 4 -1  1
748768817320180768
4 0 3 2 -1  1
7 2 6 3 -1  1
749154465275909701
7 3 6 3 -1  1
749167146439199374
7 4 3 4 -1  1
749354805404741455
6 6 5 7 -1  1
749413363912240052
6 5 5 4 -1  1
749472144830629205
2 5 2 1 -1  1
749808827944489474
5 6 4 6 -1  1
749857884740495347
2 1 3 1 -1  1
749976356917893614
6 1 4 3 -1  1
750133227536309441
7 3 7 2 -1  1
750153009833320626
5 6 4 7 -1  1
750366292394991339
1 6 2 7 -1  1
750383698960308968
6 4 5 4 -1  1
750390145036607375
4 7 7 7 -1  1
750512184119345787
5 5 3 4 -1  1
750517967593226021
5 5 6 3 -1  1
751155107275177555
6 5 5 5 -1  1
751189414768286518
5 0 7 2 -1  1
751219668917350913
7 6 5 5 -1  1
751494070639326977
2 4 0 5 -1  1
751681789529108986
7 0 3 0 -1  1
751914006585143149
3 2 1 4 -1  1
752033842694701065
4 2 2 1 -1  1
752268372371353464
4 7 6 7 -1  1
752344972320933462
6 4 5 4 -1  1
752700189966897288
4 3 4 1 -1  1
752828621929124670
7 4 6 5 -1  1
752889280946035121
5 5 7 6 -1  1
753010497196012730
7 5 1 5 -1  1
753341698495586366
6 4 6 7 -1  1
753382781230353561
5 6 5 5 -1  1
753461343720486391
7 5 6 6 -1  1
753808560544359832
7 0 7 2 -1  1
754033860108360303
6 1 4 1 -1  1
754169533632893396
4 5 4 4 -1  1
754172107183827130
6 0 5 0 -1  1
754532151459588740
6 2 6 1 -1  1
754668444178425735
5 1 6 0 -1  1
754748915871952360
4 0 3 1 -1  1
754770632790186862
7 3 5 3 -1  1
754903979627363406
5 4 4 4 -1  1
755159845960618364
2 0 2 1 -1  1
755317771327960909
5 1 4 0 -1  1
755803731853610332
2 4 0 4 -1  1
755882114354548332
7 5 7 4 -1  1
756068369705900004
6 0 5 0 -1  1
756095799118469410
6 3 5 1 -1  1
756436313347242030
3 4 4 3 -1  1
756562790706990341
3 1 4 3 -1  1
756729117974865685
3 1 5 3 -1  1
756770074846321404
6 4 3 4 -1  1
756917355665234664
7 3 5 1 -1  1
756961450379014415
7 5 4 2 -1  1
757042402649598877
7 1 6 3 -1  1
757086021429254233
5 5 4 5 -1  1
757321956517576384
6 4 4 6 -1  1
757489637478739405
6 3 5 3 -1  1
757774468983246828
3 1 1 2 -1  1
757902543973603644
6 7 5 7 -1  1
757923029361281223
4 6 5 5 -1  2
758076408796455461
5 1 3 3 -1  1
758113017341306797
6 3 4 4 -1  1
758122524915938057
5 2 4 4 -1  1
758194413709496131
5 2 4 1 -1  1
758342014928612333
6 5 5 5 -1  1
758558293893013251
6 1 7 2 -1  1
758593044439189762
5 6 4 6 -1  1
758783324590995501
4 3 3 4 -1  1
758836521141613244
6 6 5 5 -1  1
758838500168009082
4 3 4 4 -1  1
758960435200776080
7 4 7 6 -1  1
759014801186859503
3 1 5 3 -1  1
759258139038301640
6 1 5 0 -1  1
759351627058130887
4 6 2 5 -1  1
759638197620640047
7 5 7 4 -1  1
759688490403987392
6 2 4 3 -1  1
759740218723232495
6 2 4 2 -1  1
759773288385403963
7 4 7 2 -1  1
759906153363219336
5 5 5 3 -1  1
759918363037137828
5 5 4 3 -1  1
759953682478215763
6 2 4 2 -1  1
760052963299932789
4 0 3 1 -1  1
760078002712235137
7 6 6 5 -1  1
760085647484779054
4 5 4 4 -1  1
760272323472123967
5 5 7 6 -1  1
760274285250212120
0 3 0 2 -1  1
760307539465654240
2 3 2 5 -1  1
760308145604945989
3 5 3 3 -1  1
760444671802548083
6 7 5 7 -1  1
760469526812644617
1 7 1 6 -1  1
760684900962560508
6 5 5 5 -1  1
760875377487918167
3 5 2 3 -1  1
760999414558367696
6 5 2 5 -1  1
761284166371816729
7 3 4 6 -1  1
761323395385051646
7 4 7 6 -1  1
761674249590248127
5 6 4 6 -1  1
761686288556793591
6 2 4 4 -1  1
761804666831632344
7 4 7 6 -1  1
762441647151140666
7 2 6 1 -1  1
762456857531649565
5 5 4 3 -1  1
762498670578384507
5 5 4 4 -1  1
762646918379065627
7 6 4 6 -1  1
762711528430923789
5 5 4 4 -1  1
762728740282157484
4 4 3 5 -1  1
762847844699989411
7 5 7 4 -1  1
762884120641880913
4 1 0 5 -1  1
762889987498477105
5 4 4 3 -1  1
763000410808289894
7 0 7 4 -1  1
763198078825219824
5 6 4 6 -1  1
763397605250927271
4 3 3 3 -1  1
763418910625078952
5 7 6 7 -1  1
763486237403189093
3 2 2 1 -1  1
763489220468394222
7 5 6 6 -1  1
763553141419238217
5 3 4 2 -1  1
763562917387387502
5 4 3 2 -1  1
763719087509625865
5 6 4 5 -1  1
764053241733337782
7 4 5 2 -1  1
764084485569982188
6 1 4 1 -1  1
764097427876572128
6 7 4 7 -1  1
764183858609595783
6 1 6 2 -1  1
764208240369279995
3 6 2 5 -1  1
764431304647043931
6 3 7 3 -1  1
764488943741692029
5 4 6 5 -1  1
764915477059323352
3 4 2 2 -1  1
765085035466168516
3 4 2 3 -1  1
765097421475305912
7 1 1 1 -1  1
765212650161991457
3 7 4 7 -1  1
765332081131555917
6 1 3 1 -1  1
765361433583658898
7 3 7 0 -1  1
765392220414396797
7 2 6 2 -1  1
765766007306642667
5 2 4 2 -1  1
765778292239247372
5 5 5 6 -1  1
765870034003171585
4 0 3 1 -1  1
766032831169334420
3 4 2 2 -1  1
766218640238746384
5 3 6 3 -1  1
766296109126770652
4 3 2 2 -1  1
766573560936662780
6 5 4 5 -1  1
766812612037476363
4 7 2 6 -1  1
766870445755197114
5 3 5 2 -1  1
767003301866969147
5 2 4 2 -1  1
767146159614345688
7 6 6 4 -1  1
767176132634639386
2 4 0 4 -1  1
767180971188805747
7 6 6 5 -1  1
767349001684297189
6 7 4 7 -1  1
767556784049160047
4 2 3 4 -1  1
7 5 7 3 -1  1
767601708256737580
7 2 0 2 -1  1
767666857573761677
7 4 7 6 -1  1
767886138957861899
7 6 7 5 -1  1
768371110168479419
4 6 3 6 -1  1
768460744038153344
6 5 4 5 -1  1
7 2 5 4 -1  1
7 5 6 4 -1  1
768792158193068454
7 2 5 0 -1  1
768847753314645940
5 5 4 5 -1  1
768919078209673334
6 6 5 5 -1  1
769154937898794734
6 1 4 1 -1  2
769173468481442049
7 2 6 2 -1  1
769183672264255072
2 1 0 1 -1  1
769522688076282332
4 2 3 3 -1  1
769544507439291219
5 7 4 6 -1  1
769592990618300758
7 4 7 6 -1  1
769779254008525394
3 1 3 2 -1  1
769822613298184755
6 1 3 4 -1  1
770199806369573356
6 2 4 2 -1  1
770431655215940507
5 0 4 0 -1  1
770452684126615962
7 3 2 3 -1  1
770537337804830030
6 2 5 1 -1  1
770628741952765652
6 4 4 2 -1  1
770770770729102463
6 3 7 1 -1  1
770782393616444313
6 6 5 7 -1  1
770945541111046561
6 4 7 5 -1  1
771000909998695948
6 3 4 4 -1  1
771152922239008049
7 6 6 6 -1  1
771232045388545634
6 1 4 1 -1  2
6 3 5 3 -1  1
7 3 6 2 -1  7
771419780940567541
4 2 6 4 -1  2
771834273518260849
2 2 6 2 -1  1
772444945161320606
5 3 4 4 -1  1
772585196488821718
4 3 3 2 -1  1
6 2 4 2 -1  2
772588118447432724
3 4 2 2 -1  1
773162095690227677
2 3 4 4 -1  1
773322691592502830
6 4 5 4 -1  1
773510995011451183
6 3 4 4 -1  1
773944459761748804
7 2 7 1 -1  1
774322650437791623
5 4 7 4 -1  1
774583196261441862
6 2 4 2 -1  1
775010290111176969
7 6 6 5 -1  1
775105707194067184
4 1 6 3 -1  1
775218169763494259
1 2 3 1 -1  1
775234422165690303
5 3 4 4 -1  1
775291130436429106
7 3 7 2 -1  1
775417435056558444
5 5 4 3 -1  2
775559664219419486
3 2 5 0 -1  1
775639320756296275
7 3 5 5 -1  1
775647312722002690
7 6 6 7 -1  1
775938264728661637
7 2 6 2 -1  1
775957465217578959
7 3 7 2 -1  1
776010031299162450
6 2 7 1 -1  1
776037289546674916
3 4 7 4 -1  1
776431757210537700
4 3 5 3 -1  1
776444731566733097
6 5 5 5 -1  1
776634169295449652
7 4 6 4 -1  1
776692407956000950
0 0 0 4 -1  1
776826876663731234
3 3 1 4 -1  1
776908490339129934
7 3 7 7 -1  1
777080529986926235
2 4 4 3 -1  1
777153585651604349
5 6 6 6 -1  1
777560067145742870
4 5 4 2 -1  1
777612114787918397
6 0 5 1 -1  1
777697027480343539
4 2 3 3 -1  1
777795858608993608
3 6 2 5 -1  1
777836825455240757
7 5 5 3 -1  1
777869341821296920
7 2 6 1 -1  1
777953386450483196
6 2 5 2 -1  1
7 5 6 4 -1  2
778357571620190974
7 0 7 3 -1  1
778946801180480217
0 1 1 0 -1  1
779002682962526120
3 4 1 6 -1  1
779035079692162414
7 2 6 3 -1  1
779041794525720468
6 2 6 3 -1  1
779119874999846517
0 4 1 5 -1  1
779210113135106757
6 3 5 2 -1  1
779768446880816789
6 6 7 6 -1  1
779771563858691318
5 3 6 2 -1  1
779900262841408365
6 6 4 6 -1  1
779993941207788058
5 4 4 4 -1  1
780010446572500480
5 2 2 5 -1  1
780269185925065956
6 7 5 7 -1  1
780670259196678797
6 4 5 4 -1  1
781013621196916835
6 6 5 7 -1  1
781046952168355303
5 2 6 1 -1  1
781055714070746585
5 1 4 1 -1  1
781384898300032135
6 3 6 2 -1  1
781412667330037725
7 0 7 2 -1  1
781427728893997763
5 7 4 7 -1  1
781502563863312816
5 5 4 7 -1  1
781509998908385592
6 3 7 4 -1  1
781652013689869722
6 3 4 3 -1  1
781718970222934577
5 2 4 4 -1  1
781773876794989356
4 3 0 7 -1  1
781828289048516215
7 6 7 5 -1  1
782036016751379910
7 3 0 3 -1  1
782063698791046645
7 2 3 6 -1  1
782120498222684869
7 2 6 1 -1  1
782362081662805035
6 7 5 7 -1  1
782374506202528733
4 2 3 3 -1  1
782591066210815746
7 3 7 2 -1  1
782620712794761281
2 7 2 6 -1  1
782717816013463843
7 5 4 2 -1  1
782785010355794010
5 7 4 6 -1  1
782792611377697342
7 6 7 7 -1  1
783068602988603483
5 5 4 7 -1  2
783115395386505972
1 5 1 6 -1  1
783143498156756563
5 4 4 3 -1  1
783247483696242185
4 4 4 3 -1  1
783250175070473154
6 3 5 5 -1  1
783268682500498523
7 1 5 1 -1  1
783302095108715350
4 7 4 5 -1  1
783336112108879368
2 0 2 2 -1  1
783431257712920013
5 2 4 2 -1  1
783563048469822662
5 5 1 5 -1  1
783633789254107139
6 6 5 5 -1  1
783695325184514286
7 2 6 1 -1  1
783770922607780868
6 1 4 1 -1  1
784127702562616314
3 6 2 7 -1  1
784463345365429817
7 2 1 2 -1  1
784671802954294234
6 2 4 2 -1  3
7 4 7 6 -1  4
784885659922290511
2 4 4 3 -1  1
785255417300136925
6 1 1 6 -1  1
785295009781963989
6 3 4 3 -1  1
785593105910402384
5 6 4 6 -1  1
785688361929030351
7 5 6 5 -1  1
785707493470661907
6 5 4 5 -1  1
786001298111057274
6 4 5 5 -1  1
786067743471873618
5 4 5 5 -1  1
786113986475758773
7 2 6 3 -1  1
786461204344614817
3 6 2 6 -1  1
786584779050450990
7 5 7 4 -1  1
786612574056940548
4 1 3 1 -1  1
786753590075024085
7 2 3 6 -1  1
7 2 5 4 -1  2
786852581280488416
4 2 3 3 -1  1
787154106924702570
5 0 4 1 -1  1
787425100806340928
6 4 4 6 -1  1
787426180166385808
7 4 4 4 -1  1
787523792784225277
3 3 1 1 -1  1
787562906471152572
7 2 3 6 -1  1
787763396828915619
4 5 3 4 -1  1
787778801182066167
4 3 3 1 -1  1
788232324818789277
7 0 7 4 -1  1
788490561786816234
3 4 1 5 -1  1
788518306753360796
6 5 5 5 -1  1
788618742440860155
3 1 6 4 -1  1
788652167633859884
4 3 3 4 -1  1
788680253219561685
7 3 5 5 -1  1
789078807079462032
4 1 3 0 -1  1
789339332954688005
6 5 2 5 -1  1
789499983325139855
4 2 5 1 -1  1
789524397320936239
5 1 4 1 -1  1
789719844817928696
6 3 4 2 -1  1
789745900848189316
7 2 5 4 -1  1
789793940392744061
3 2 3 1 -1  1
789958441795277350
6 0 4 0 -1  1
790036475811331604
7 2 6 3 -1  1
790241440883976208
3 3 6 0 -1  1
790288222657224545
6 6 5 7 -1  1
790554574363099452
4 7 3 7 -1  1
790635476096579785
4 3 3 4 -1  1
790641701146939560
5 3 5 6 -1  1
791171910767348340
3 0 0 0 -1  1
791220644917331566
4 2 3 2 -1  1
791460887776929986
6 2 4 2 -1  12
791565798956502625
6 7 4 7 -1  1
791724828877940736
4 4 6 6 -1  1
791789045102073136
5 6 5 7 -1  1
792133335900736357
6 4 4 3 -1  1
792172293868496977
6 1 6 4 -1  1
792237582194606408
5 5 3 3 -1  1
792241101654801660
7 2 3 6 -1  1
792328661691175485
6 1 4 1 -1  1
792540773052698876
7 2 7 3 -1  1
792639884128077304
1 2 3 3 -1  1
792675607530434700
4 4 4 7 -1  1
792685896283383931
1 0 0 0 -1  1
793053539740326290
7 3 7 4 -1  1
793146694582477171
5 5 4 5 -1  1
793252053916370636
3 7 2 7 -1  1
793310172990713583
5 5 1 5 -1  1
793967078143688262
6 3 4 2 -1  1
793979096249718280
3 2 4 4 -1  1
794226820320943522
5 0 6 2 -1  1
7 2 3 6 -1  1
794303340600332972
6 4 5 4 -1  1
794401920517862523
1 7 0 7 -1  1
794476448603320702
5 5 3 4 -1  1
795263468214185491
7 3 5 1 -1  1
795318346491037063
7 0 4 0 -1  1
795427535483213500
6 6 7 6 -1  1
795524053926120362
7 1 6 3 -1  1
795541349386315626
7 5 6 5 -1  1
795842861921460652
2 7 1 7 -1  1
795845029671721743
3 4 5 2 -1  1
796124977487822845
6 5 4 5 -1  1
796223754876511291
7 3 3 3 -1  1
796264748849473196
7 6 6 4 -1  1
796284767743858728
1 5 1 1 -1  1
796901315234318047
7 3 7 1 -1  1
796931428566834408
5 4 4 4 -1  1
797304054799692675
5 4 6 3 -1  1
797451382499495337
3 7 2 6 -1  1
797475815057328459
7 2 6 3 -1  1
797537278715674506
7 5 6 6 -1  1
797590661240544949
4 6 3 7 -1  1
797691202782485598
5 1 4 1 -1  1
798071086906163518
7 4 7 6 -1  1
798107730449983640
6 5 5 4 -1  1
798186310406632224
4 3 4 2 -1  1
798572244413589748
5 2 4 2 -1  1
798633118404205161
7 0 7 5 -1  1
798772482341317715
6 5 6 6 -1  1
798844334939486806
5 5 6 3 -1  1
798904823146373503
1 0 1 1 -1  1
799070341496656885
7 4 4 4 -1  1
799093225774521305
2 0 2 5 -1  1
799376247101578319
5 1 3 0 -1  1
799487509194235134
3 1 3 4 -1  1
799737473104026504
5 5 4 3 -1  1
799979614235089392
7 4 7 2 -1  1
799997964923263634
6 3 5 5 -1  1
800062476405464384
5 3 4 4 -1  1
800067079718194696
7 5 6 4 -1  1
800079789854590055
5 3 5 2 -1  1
800080902783967879
0 0 0 3 -1  1
800162498562920328
5 5 3 4 -1  1
800204915550779689
5 2 3 3 -1  1
800463455721733982
4 3 3 3 -1  1
800517642785065949
6 5 7 6 -1  1
800799344459601993
6 3 5 3 -1  1
800834558998871403
7 5 6 6 -1  1
800854112762717091
7 2 6 2 -1  1
800894964391225873
6 6 6 7 -1  1
801321119494224459
6 2 5 2 -1  1
801368975507406840
7 0 7 3 -1  1
801408050659529664
2 2 1 2 -1  1
801453731883831358
5 7 6 5 -1  1
801470757262886266
6 0 5 0 -1  1
801719509125642531
7 3 7 4 -1  1
801735260419362956
6 1 5 1 -1  1
801866058525991199
4 4 3 3 -1  1
801991275778842969
2 0 1 0 -1  1
802169692852015806
7 3 0 3 -1  1
7 5 4 2 -1  4
802756896322700529
4 2 3 0 -1  1
802822708798421561
6 1 5 2 -1  1
803172433707110563
3 4 5 5 -1  1
803527121879091477
5 3 2 6 -1  1
803627168655967700
7 3 5 3 -1  1
804060409732336371
7 5 5 3 -1  1
804158776404627621
4 5 3 4 -1  1
804335039033219727
7 5 7 2 -1  1
804435165008548244
2 4 1 4 -1  1
804558396813422681
7 0 7 1 -1  1
804562686448959898
5 5 6 4 -1  1
804583860592006919
3 0 2 0 -1  1
804636912367797622
5 0 5 5 -1  1
804710602818792675
7 3 6 2 -1  1
804778488949080336
7 4 7 1 -1  1
805078404173518508
6 0 5 0 -1  1
805286678703039553
5 3 4 1 -1  1
805322789138216437
3 1 2 2 -1  1
805986950619967230
5 5 4 7 -1  1
806054679135154534
7 3 7 5 -1  1
806180930020682974
5 1 4 3 -1  1
806433173263953485
1 4 2 6 -1  1
807000052348554787
6 2 4 4 -1  1
807340333775710793
6 7 5 6 -1  1
807445354094139305
4 2 6 4 -1  1
807705894017315707
2 2 1 3 -1  1
807731944055598916
0 6 1 6 -1  1
807743354276319622
7 2 5 0 -1  1
807854833537252603
4 5 4 7 -1  1
807904631431763324
7 3 6 3 -1  1
807935312599893047
2 4 1 3 -1  1
807975818182977886
7 4 7 2 -1  1
807998836643987363
6 3 4 2 -1  4
808083427936427233
5 0 4 0 -1  1
808170001687497015
7 3 5 5 -1  1
808309303553199957
3 0 3 4 -1  1
808560207679310040
6 4 4 2 -1  1
808641539129255308
6 4 4 6 -1  1
808837620939996685
4 6 1 6 -1  1
808853366582341579
6 1 1 6 -1  1
809167140402883763
1 0 0 0 -1  1
809189193504637537
6 5 5 5 -1  1
809417732147824051
7 6 5 6 -1  1
809471881413133150
7 6 6 7 -1  1
809480415377783904
5 7 6 5 -1  1
809602064762484497
1 0 0 0 -1  1
809642377408303121
7 3 5 1 -1  1
809720983779084820
5 5 4 3 -1  1
809856141640377291
6 0 5 0 -1  1
809872741768429836
5 6 5 2 -1  1
809915404439568463
6 4 5 6 -1  1
810010772281624699
7 6 7 5 -1  1
810033718263834381
7 4 7 1 -1  1
810113287875771784
2 0 4 0 -1  1
810133539345299905
4 4 3 4 -1  1
810173696147360639
7 3 5 1 -1  1
810195276878579605
6 1 4 1 -1  1
810360605391631384
4 1 3 1 -1  2
810398260283785566
7 3 0 3 -1  1
810415258756891457
1 2 2 3 -1  1
810441757407561963
3 5 2 5 -1  1
810693114091593347
6 7 5 7 -1  1
810748020875543218
6 2 7 4 -1  1
810844621198962844
7 2 6 1 -1  1
810895229438901868
2 0 1 0 -1  1
811007380180537166
6 1 2 5 -1  1
811015512402070225
7 7 7 6 -1  1
811126826770245396
5 4 4 4 -1  1
811218305320137813
7 7 6 7 -1  1
811330358776585850
2 1 4 3 -1  1
811352578118953412
4 7 5 5 -1  1
811358013534460851
4 0 4 5 -1  1
811366481472826782
5 6 4 6 -1  1
811443209501837373
5 3 6 2 -1  1
811647474267555876
1 2 1 7 -1  1
811747105572054143
6 1 5 1 -1  1
811962898927866225
7 0 2 0 -1  1
811965621623007712
2 2 4 4 -1  1
811971344388817695
1 2 5 6 -1  1
812103483528202702
5 5 7 3 -1  1
812638846199783667
2 3 1 3 -1  1
812659927150204106
4 5 3 5 -1  1
812844045241586038
6 4 5 2 -1  1
813089999264811592
7 1 6 3 -1  1
813655734259531620
6 3 5 4 -1  1
813897419592109933
4 5 5 5 -1  1
813997884526161367
3 4 5 4 -1  1
814069010096353449
6 2 4 0 -1  1
814240928675111737
7 4 1 4 -1  1
814285006994732332
6 2 5 1 -1  1
814383058146701300
7 0 7 2 -1  1
814521726698846400
3 4 3 5 -1  1
814532973876490194
5 2 6 4 -1  1
814576841809018926
5 4 6 3 -1  1
814709717927893677
7 5 5 3 -1  1
814808769780229103
6 4 4 6 -1  1
814864494749999992
3 2 3 3 -1  1
815288692707159388
7 2 6 3 -1  1
815384305897597190
4 2 2 3 -1  1
815591421764806451
6 6 5 6 -1  1
815599401883656417
6 7 5 7 -1  1
815605993288115437
6 0 4 0 -1  1
6 4 5 4 -1  3
7 2 6 1 -1  2
815722345475419706
5 2 4 2 -1  1
815786895954072214
6 5 5 6 -1  1
816103053749503073
7 2 4 5 -1  1
816405540616180490
7 5 7 3 -1  1
816646967268570099
3 4 4 3 -1  1
816837796333641552
3 7 5 7 -1  1
817051170940278703
7 5 7 6 -1  1
817260348028656961
4 5 5 6 -1  1
817319242877815081
4 1 4 2 -1  1
817341132599905979
7 3 7 4 -1  1
817348669565046380
4 6 3 5 -1  1
817454591934050026
1 0 1 3 -1  1
817570451356547144
4 3 3 4 -1  1
817578989925536586
6 1 4 1 -1  1
817596210375807523
6 6 5 6 -1  1
817740065147817546
6 4 2 0 -1  1
817764227329124523
6 6 5 6 -1  1
818333948313860088
5 5 4 3 -1  1
818667173802543967
6 1 5 0 -1  1
818696213213964310
4 2 6 4 -1  1
818805675753618108
2 3 5 3 -1  1
818886058317383615
0 2 3 5 -1  1
818888352793024868
1 2 3 4 -1  1
818905646629295684
6 7 6 6 -1  1
819017509782560742
7 2 6 3 -1  1
819199633348990909
4 2 4 5 -1  1
819249761589359359
4 5 3 7 -1  1
819423609741490214
7 5 6 4 -1  1
819473615870752705
5 5 5 6 -1  1
819863641563177832
5 3 3 4 -1  1
819884338929708174
7 5 5 4 -1  1
820158561128755167
3 4 4 4 -1  1
820261819168676528
7 5 6 6 -1  1
820442323479789513
6 2 4 0 -1  1
820753750923270132
5 5 4 4 -1  1
820944189994157278
7 0 7 2 -1  1
821185034505738122
7 4 7 2 -1  1
821234266311028049
5 3 3 5 -1  1
821310779905838254
3 2 4 1 -1  1
821319283921012236
6 4 5 4 -1  1
821352589650637474
4 4 3 6 -1  1
821616416889004867
4 3 5 2 -1  1
821766264524705490
5 1 3 2 -1  1
821776669022152683
6 6 4 6 -1  1
821797192330507113
3 4 2 5 -1  1
821895356819286523
6 6 5 5 -1  1
821999639985776762
6 6 4 6 -1  1
822013160772755294
5 5 4 3 -1  1
822126854369071619
5 5 6 3 -1  1
822194477597363448
4 2 6 4 -1  1
822411455192412082
6 4 7 5 -1  1
822567052268290108
6 7 4 7 -1  1
822614386733077544
7 4 7 6 -1  3
822729353537795604
5 3 5 4 -1  1
822836029165662747
5 5 4 5 -1  1
822877230155335880
6 6 5 6 -1  1
822962134788291954
6 4 6 5 -1  1
823072721489648307
6 6 5 6 -1  1
823436642914668795
7 5 6 4 -1  1
823538397024671459
4 0 6 2 -1  1
823548279010683112
3 4 4 5 -1  1
823743977236867022
6 6 5 5 -1  1
823750447863036625
5 4 5 5 -1  1
823765053043468485
6 3 5 2 -1  1
823774899508892659
6 0 4 0 -1  1
823834597868352508
6 4 5 5 -1  1
824014875074351984
7 6 6 5 -1  1
824020564039798774
4 1 1 4 -1  1
824123464607378520
6 6 7 5 -1  1
824339723393543596
6 4 5 4 -1  1
7 2 7 3 -1  1
824619361013559139
5 2 7 4 -1  1
824646350549730993
7 4 7 5 -1  1
824695725988847448
7 5 7 4 -1  1
824801343607316884
5 4 5 3 -1  1
824932428093756615
7 1 7 0 -1  1
824967515910826341
1 0 1 2 -1  1
825065102288398841
7 2 5 4 -1  4
825106873631370341
5 0 4 0 -1  1
825120119351928881
7 6 6 6 -1  1
825204526954805091
2 7 3 7 -1  1
825214989089828511
7 0 7 2 -1  1
825368432037187478
4 6 3 4 -1  1
825481352680972555
7 6 6 7 -1  1
825513593667620716
4 5 7 2 -1  1
825603688711513381
6 6 3 3 -1  1
825674350855999577
6 7 5 7 -1  1
825697153140510836
4 7 3 5 -1  1
825816844388057396
3 5 3 7 -1  1
826247556379842998
7 0 7 2 -1  1
826275563213965732
7 6 7 5 -1  1
826455938849625254
2 1 1 1 -1  1
826569694482847506
6 1 3 1 -1  1
826603378797353482
4 6 3 6 -1  1
826617200713345595
7 2 7 4 -1  1
826766538411951008
7 5 6 4 -1  1
826776061801711179
7 5 7 0 -1  1
827051325892380537
7 3 6 2 -1  1
827204078366868763
7 6 6 7 -1  1
827440770866552908
7 1 6 3 -1  1
827610469112666235
3 5 4 3 -1  1
827733825491158352
5 4 4 3 -1  1
827794733189023005
7 6 7 7 -1  1
828172131838559260
7 5 7 1 -1  1
828260840683300167
5 5 6 4 -1  1
828531656189549767
7 0 7 1 -1  1
828765808101491829
6 4 4 5 -1  1
829084263577334780
5 4 4 5 -1  1
829393285723596119
5 7 4 6 -1  1
829605981850532178
7 1 6 3 -1  1
829635122767818607
6 1 4 1 -1  1
829861315017565806
6 6 4 6 -1  1
829917059525409081
5 5 4 7 -1  1
830094469050881838
5 2 3 1 -1  1
830101779670589927
7 3 7 2 -1  1
830275659210696900
3 2 2 4 -1  1
830282243792863684
6 4 5 4 -1  1
830290811751037180
7 2 5 0 -1  1
830329323588253984
5 5 6 3 -1  1
830463167361555296
6 1 5 1 -1  1
831189659783326718
6 1 5 2 -1  1
831190977076964362
7 0 0 0 -1  1
831252132753077778
7 3 6 2 -1  1
831414311815028978
5 7 4 7 -1  1
831443984490468767
5 5 3 4 -1  1
832159978265742353
5 5 3 6 -1  1
832277814893832304
5 5 4 3 -1  1
832474144479810224
6 2 4 2 -1  1
832649151642884448
6 7 5 7 -1  1
832834673732566424
6 2 6 4 -1  1
832984560698488234
3 4 3 3 -1  1
833077134767583001
4 2 3 1 -1  1
833174000865595560
1 4 0 5 -1  1
833276121325738023
7 2 7 1 -1  1
833342203320973324
4 4 5 5 -1  1
833394440964904969
7 1 6 3 -1  1
833401919427383043
6 2 5 1 -1  1
833616959605674776
4 6 3 6 -1  1
833932391720271321
4 4 6 6 -1  1
834377900251698766
6 3 5 2 -1  1
834385320398538654
6 2 4 2 -1  1
834403568921743299
5 6 4 5 -1  1
834601054928133450
3 4 2 4 -1  1
834717005929070872
7 4 5 2 -1  1
834948719835515107
7 4 7 1 -1  1
834978602106857118
2 2 1 2 -1  1
835161757004697356
5 5 4 4 -1  1
835241599781139341
4 1 4 2 -1  1
835397328881102825
5 5 4 7 -1  1
835476541563348797
4 5 3 5 -1  1
835628163648915469
3 4 2 6 -1  1
835663255378902311
0 7 0 4 -1  1
835916507291976202
7 1 1 1 -1  1
835926983691432840
1 0 1 3 -1  1
835933893436462535
7 4 7 6 -1  1
835992945774912263
7 2 5 2 -1  1
836266546841605131
7 5 7 2 -1  1
836403171455816412
4 2 3 3 -1  1
836492171025524390
4 0 4 7 -1  1
836639462148300574
6 7 6 6 -1  1
836714972278369368
5 5 6 3 -1  1
836826406993964276
4 4 2 5 -1  1
836886570082688323
5 3 1 7 -1  1
837199741958351083
5 6 4 7 -1  1
837476262842494300
7 4 7 5 -1  1
837746511741452849
6 2 3 2 -1  1
838159753028973200
7 5 3 1 -1  1
838212399143719335
3 0 2 1 -1  1
838222425468628983
2 7 4 6 -1  1
838261246311768907
5 3 3 1 -1  1
838278771428411256
7 3 6 3 -1  1
838650258522721100
7 3 6 4 -1  1
838760102650414228
6 7 7 7 -1  1
839462883052548729
5 2 4 2 -1  1
839792973989510311
5 5 4 5 -1  1
839993183296353185
6 0 2 0 -1  1
840052936878411954
6 4 6 6 -1  1
840626788202314071
5 4 1 4 -1  1
840800290941065901
4 2 5 1 -1  1
840889340033361741
5 5 7 4 -1  1
841073876806142834
1 5 2 7 -1  1
841400092718168283
5 6 4 7 -1  1
841412529167754714
5 3 6 4 -1  1
841472218533713738
5 4 1 0 -1  1
841482807108421659
7 4 7 2 -1  1
841817962178261711
6 3 4 4 -1  1
841926336862482509
7 0 2 0 -1  1
841952552715878146
5 1 7 1 -1  1
842045908742466515
2 0 3 2 -1  1
842340213410973325
6 0 5 0 -1  1
842383849802510978
7 5 6 4 -1  1
842546147617661105
6 0 4 0 -1  2
6 0 5 0 -1  1
842584489109416809
4 5 4 6 -1  1
842589942086992985
4 4 3 5 -1  1
842627520616482693
4 4 3 3 -1  1
842657040114157700
2 4 3 5 -1  1
7 3 5 3 -1  1
842993821197415730
7 4 6 3 -1  1
843074595123088599
5 3 5 1 -1  1
843080459420552280
5 1 3 2 -1  1
843179916724124270
7 4 7 6 -1  1
843202290265791813
4 5 2 4 -1  1
843282556353214693
5 4 4 3 -1  17
6 6 5 6 -1  1
843405910749142912
2 5 3 4 -1  1
843496064614835419
5 5 3 6 -1  1
843622295599202473
5 5 4 3 -1  1
843660213272171314
7 1 6 1 -1  1
843703334960513023
4 2 6 3 -1  1
843708415095346686
6 3 5 3 -1  1
843986542920968276
7 1 6 3 -1  1
844135259680387788
4 0 3 0 -1  1
844278292401853656
2 7 0 7 -1  1
844925060807237907
2 0 4 1 -1  1
845013208684969894
3 1 4 2 -1  1
845565359587863157
5 0 4 1 -1  4
845623561307401964
3 7 4 5 -1  1
845721580898518905
6 6 4 6 -1  1
845812479003958320
2 3 0 2 -1  1
845906630419013612
6 4 3 1 -1  1
846124247602978043
3 4 2 5 -1  1
846485648721182648
5 3 4 3 -1  1
846701624622233165
7 7 7 6 -1  1
846999709045543495
6 3 5 2 -1  1
847214769922170764
4 2 3 1 -1  1
847399265876245357
2 3 1 3 -1  1
847562663988510360
4 2 2 3 -1  1
847586599032881274
6 4 6 3 -1  1
847832267045189790
6 6 7 6 -1  1
848115180063326588
5 2 4 3 -1  1
848380310329350873
1 3 2 4 -1  1
848382011298898269
5 0 3 0 -1  1
848434739941251940
6 7 4 7 -1  1
848467374095776032
4 5 3 5 -1  1
848610911045644383
4 4 3 4 -1  1
848684902392795991
0 2 2 4 -1  1
848733509809160302
2 6 2 7 -1  1
848742404550158255
5 5 4 5 -1  1
848952675122619658
5 0 3 0 -1  2
849044321733877671
5 5 6 3 -1  1
849423039225293406
7 2 6 1 -1  1
849487833286238144
7 2 5 0 -1  1
849536635689419840
4 4 3 2 -1  1
849685165943069861
4 2 5 1 -1  1
849759169255815228
4 3 3 3 -1  1
849905556469554785
7 2 3 6 -1  1
850599566065871678
7 0 7 4 -1  1
850665544765824322
3 2 3 7 -1  1
850714586496131484
5 6 5 5 -1  1
850752613949388464
4 6 5 6 -1  1
850832265274831003
5 4 3 6 -1  1
850941070175936168
3 6 2 4 -1  1
851258792498854355
5 4 4 4 -1  1
851829917989601364
7 0 7 4 -1  1
852042081962868792
0 3 2 1 -1  1
852293413231661021
3 5 2 5 -1  1
852403151073072083
6 4 5 4 -1  1
852481003200845141
5 6 5 5 -1  1
852913040486735158
6 3 5 3 -1  1
853048721730566261
5 2 4 4 -1  1
853259306646558592
6 4 3 1 -1  1
853628145418719717
7 4 6 3 -1  1
853738529500387847
3 7 2 7 -1  1
853811958600722916
6 4 5 2 -1  1
854016943706193850
4 2 6 0 -1  1
854211175725987415
5 2 5 3 -1  1
854562834780382121
5 7 4 6 -1  1
854580504056597850
5 5 4 4 -1  1
854701739397004197
7 2 4 5 -1  1
854741611196464145
3 4 4 3 -1  1
855179964994266653
4 2 3 0 -1  1
855227311614422584
4 1 3 1 -1  1
855335892014729367
7 2 4 2 -1  1
855347692718130220
6 1 4 1 -1  1
855664430482187317
7 2 5 3 -1  1
855728104763869879
0 0 1 1 -1  1
855845476626301368
6 3 4 5 -1  1
855977206533508710
4 4 5 2 -1  1
856090491592293535
4 7 3 5 -1  1
856712707842074250
6 3 5 2 -1  1
857078933298501689
6 2 4 2 -1  1
857214807798346753
7 4 7 6 -1  1
857230167952595085
2 6 2 5 -1  1
857443922617832229
3 7 3 4 -1  1
857750445658462463
5 2 3 1 -1  1
857879741359987469
7 2 2 2 -1  1
858610287797467855
7 1 4 1 -1  1
858854348275069294
3 2 2 2 -1  1
858900191511837286
5 5 3 4 -1  1
859059262778595383
6 4 7 3 -1  1
859125710567777650
7 6 6 7 -1  1
859152894514514998
6 6 3 6 -1  1
859162700496150117
5 5 4 5 -1  1
859264543043476565
4 4 3 5 -1  1
859306473584756285
3 7 4 5 -1  1
859413004658529511
5 7 5 4 -1  1
859461618501710955
2 2 3 2 -1  1
859678396823787248
5 3 4 2 -1  1
859835471420080008
6 0 7 0 -1  2
859999928438711400
3 4 0 4 -1  1
860094071610985472
4 0 3 1 -1  1
860189069761778303
6 7 7 6 -1  1
860198232073006137
6 0 5 0 -1  1
860424675188834731
6 4 6 3 -1  1
860736744549145856
6 3 7 5 -1  1
860914466629137532
7 7 7 6 -1  1
861139491742648199
5 5 4 5 -1  1
861180455013538210
5 5 5 2 -1  1
861397279771485165
1 3 6 3 -1  1
861487484620687876
6 3 7 2 -1  1
861668022558339533
6 7 4 7 -1  1
862064861125638641
7 0 7 3 -1  1
862208611368700448
6 2 4 0 -1  1
862445039581081341
6 0 4 0 -1  1
862483580296332570
6 1 1 1 -1  1
862530892521198051
5 6 6 6 -1  1
862555411204269819
7 5 7 4 -1  1
862689954083426599
5 2 4 4 -1  1
862711105275843284
3 1 1 3 -1  2
862921498044986969
7 7 7 3 -1  1
862994965578948537
6 4 5 3 -1  1
863184535829109990
7 5 6 6 -1  1
863230553867757813
5 2 4 3 -1  1
863237279511238473
6 3 5 4 -1  1
863285812035442755
5 5 4 4 -1  1
863881732401279747
7 6 6 7 -1  1
863917130055640304
6 1 4 1 -1  1
864087271731143416
7 4 7 3 -1  1
864123291734807303
6 4 3 1 -1  1
864645269416436765
6 2 5 4 -1  1
865150566723484903
7 3 4 3 -1  1
865315300875679988
1 2 4 5 -1  1
865419024510103761
2 0 5 0 -1  1
865515012329093830
7 2 2 7 -1  1
865541124555495271
3 5 2 3 -1  1
865656882052145683
4 3 3 3 -1  1
865721369145680600
7 1 5 2 -1  1
865914537325155182
3 5 2 5 -1  1
866005839029366635
5 6 6 7 -1  1
866187557435470764
6 7 5 7 -1  1
866357455515365892
7 2 7 0 -1  1
866435633883435645
5 0 4 0 -1  1
866499644816681565
6 2 4 2 -1  3
6 2 5 2 -1  9
6 4 5 4 -1  12
6 6 5 6 -1  5
7 2 3 6 -1  1
866572377968555488
1 2 2 2 -1  1
866657881615206131
7 6 6 5 -1  1
867130019484516316
7 4 7 6 -1  1
867287932494929285
5 3 4 2 -1  1
867350395841921286
6 5 5 5 -1  1
867639913203645441
4 3 3 4 -1  1
867715936590933227
4 1 6 3 -1  1
867753571697234458
1 0 5 4 -1  1
867786585006024855
6 7 5 6 -1  1
867841636980203036
6 3 7 2 -1  1
868029882636513485
5 2 5 4 -1  1
868233177098510214
3 7 2 7 -1  7
868451729226930976
6 3 4 4 -1  1
868495019609677026
3 4 6 4 -1  1
868555646928814424
4 1 3 1 -1  1
868555836371259878
2 6 1 6 -1  1
868573300653196224
4 6 3 5 -1  1
868931277707700787
7 0 7 1 -1  1
870360987376334212
4 7 5 6 -1  1
870611086934084678
7 2 5 4 -1  1
870800214410804549
3 1 4 1 -1  1
870936609901504998
2 3 2 0 -1  1
870962492579567657
7 4 7 6 -1  1
870993301121611872
4 6 3 6 -1  1
871126034996046804
6 7 5 7 -1  1
871547056842384939
4 0 5 1 -1  1
871636806778243326
1 6 2 5 -1  1
871731657518767148
5 0 6 1 -1  1
871803605199761570
3 2 2 2 -1  1
871821450456873695
6 1 4 1 -1  1
871829635176277386
6 6 4 6 -1  1
871897562835554413
3 1 4 3 -1  1
871897963917773721
2 2 3 1 -1  1
871927963565092120
6 6 5 7 -1  1
872192962176697196
6 6 4 6 -1  1
872270133322478107
3 6 1 5 -1  1
872294269981811531
5 4 4 4 -1  1
872362665542802028
7 5 7 4 -1  3
872517424655789837
7 7 3 7 -1  1
872544355957315271
5 7 4 7 -1  1
872578992765984221
6 7 5 7 -1  1
872973478954878748
6 7 4 7 -1  1
873019706057952394
6 7 7 7 -1  1
873027744843067035
7 7 7 6 -1  1
873110190301044392
5 4 1 0 -1  1
873200371356551323
4 1 3 1 -1  1
873513371156442719
7 2 5 2 -1  1
873515308787030378
2 0 1 0 -1  1
873597382032123293
7 0 7 3 -1  1
873653702600079521
7 2 7 4 -1  1
873657415206926293
6 5 5 5 -1  1
873790381557564480
6 6 5 7 -1  1
873797482313856572
7 4 7 6 -1  1
873945724227192147
6 4 4 6 -1  1
873985694685771212
3 3 4 5 -1  1
874045891517954805
2 5 3 6 -1  1
874276656485857048
5 2 6 4 -1  1
874356946583140831
7 5 4 2 -1  1
874773209043224979
0 7 4 3 -1  1
874828917587321047
7 1 6 3 -1  1
875150827560982392
5 3 4 4 -1  1
875404858995716003
7 4 0 4 -1  1
875430802085364070
1 3 1 5 -1  1
875571925381950165
1 5 1 7 -1  1
875676635598333653
5 5 6 4 -1  1
875819589772860521
6 5 5 5 -1  1
875954109945833059
6 3 5 2 -1  1
876048740725676059
6 4 5 4 -1  1
876621464907791340
6 1 3 4 -1  1
876634899935063229
4 3 3 3 -1  1
877018767286870879
6 7 5 6 -1  1
877169034153635285
7 5 4 2 -1  1
877181486216336308
7 4 7 5 -1  1
877378156191988979
5 1 4 1 -1  1
878089520458474705
6 1 5 1 -1  1
878168396575054711
7 1 5 2 -1  3
878210767626198844
6 1 5 2 -1  1
878281223598358848
4 2 5 4 -1  1
878302190832226308
4 4 4 7 -1  1
878391993281111404
6 6 6 7 -1  1
878543938039027338
7 2 2 2 -1  1
878694800386085379
6 3 5 5 -1  1
878776454250679790
5 2 3 4 -1  1
878818219018558735
2 4 3 2 -1  1
878843606250502399
3 1 2 2 -1  1
879185241745078335
5 6 5 7 -1  1
879326941687685053
5 3 4 4 -1  1
879710723849687784
6 7 4 7 -1  1
879789493162259284
4 2 3 3 -1  2
880294027352578618
3 6 2 5 -1  1
880413970868023062
6 2 7 1 -1  1
880677738529709713
6 3 4 4 -1  1
880789251164925606
4 2 3 3 -1  1
880919641456033288
6 3 4 3 -1  1
881041996808405102
7 5 3 5 -1  1
881044079260710099
7 7 7 6 -1  1
881198694583996395
7 7 6 7 -1  1
881273757471981325
4 3 3 3 -1  1
881289629352988071
7 5 5 5 -1  1
881591670627866942
6 2 5 2 -1  1
881606980474692577
5 2 1 6 -1  1
881861383362629161
5 5 6 4 -1  1
881942715878534708
7 4 7 6 -1  1
881995508786703096
4 4 5 2 -1  1
882203808615758947
7 4 6 2 -1  1
882261349265646102
2 3 1 3 -1  1
882276001170647686
7 1 6 3 -1  1
882356970677019056
6 7 7 6 -1  1
882408035341526094
1 0 4 0 -1  1
882487717254017471
2 2 2 6 -1  1
882619611431852817
5 3 5 6 -1  1
882690196899608247
4 5 3 5 -1  1
882903244008648343
7 5 7 3 -1  1
883098495480771476
5 0 1 0 -1  1
883373090751169103
7 2 3 6 -1  1
883588575160023253
5 1 4 1 -1  1
883619033434878213
5 5 7 4 -1  1
884199768141341845
4 5 2 4 -1  1
884674316693486202
6 6 5 5 -1  1
884710655990721075
6 0 6 1 -1  1
884776004493130320
5 5 4 3 -1  1
884881675465936784
5 6 4 6 -1  1
884897378031172208
4 3 6 5 -1  1
884905266085457310
7 5 6 5 -1  1
884939977822317652
3 7 7 3 -1  1
885030029795133750
6 4 4 6 -1  1
885115389704703327
7 0 7 4 -1  1
885158628842471767
7 0 5 0 -1  1
885190398346891356
7 5 6 5 -1  1
885321705719285205
6 1 7 2 -1  1
885525689630902328
7 4 7 3 -1  1
885605625470649696
5 3 3 5 -1  1
885838298244186165
7 5 7 4 -1  1
885928912760127879
3 3 5 3 -1  1
886027387815219547
7 0 7 1 -1  1
886140313987301204
3 3 0 3 -1  1
886244926379653919
5 7 4 7 -1  1
886359046361328756
6 7 4 7 -1  1
886363476869530332
6 4 5 5 -1  1
886384957495289160
1 4 2 4 -1  1
886606759468520506
7 2 4 2 -1  1
886721455787772202
5 6 4 7 -1  1
886848206469453484
3 4 4 2 -1  1
886916057154616555
7 1 6 3 -1  1
887318628253196782
6 4 7 3 -1  1
887421726725249165
3 1 1 1 -1  1
887542457422944933
7 5 4 2 -1  1
887552300238411124
6 2 4 2 -1  1
887665261726624012
5 3 6 5 -1  1
887732940667885653
6 4 7 3 -1  1
887836930769157309
6 3 5 1 -1  1
887922833675422369
7 5 7 4 -1  1
887972691480354092
2 2 5 5 -1  1
888161623835968339
6 1 5 2 -1  1
888289842896122809
7 3 7 2 -1  1
888396516128393645
5 5 7 4 -1  1
888503251428587399
5 4 4 3 -1  1
888526950506427304
4 1 5 1 -1  1
888533802973692385
7 4 3 0 -1  1
888551026642012827
7 5 6 4 -1  1
888568354165999730
6 2 5 3 -1  1
888568778180128948
6 5 6 0 -1  1
888600561734635400
5 1 3 1 -1  1
888664054945507227
5 5 4 4 -1  1
888741428183255453
4 7 3 5 -1  1
888793510055654750
5 6 4 6 -1  1
888823902158173932
5 2 4 2 -1  1
888844063450675448
3 6 2 6 -1  1
888984089270443921
7 0 7 3 -1  1
889088816330616462
5 0 5 1 -1  1
889333770855942439
7 3 6 2 -1  1
889590920475061589
7 7 7 6 -1  1
890161749320221977
3 0 4 2 -1  1
890315326063629257
6 1 5 1 -1  1
890541530493799472
7 1 5 1 -1  1
890870680221794492
7 3 4 6 -1  1
891307305549448299
7 3 2 3 -1  1
891438632697295179
7 4 7 6 -1  1
891666503177970474
4 1 3 1 -1  1
891689774139025984
5 0 3 1 -1  1
891820977384302240
2 5 1 5 -1  1
892132244316217278
6 1 6 2 -1  1
892429860918489909
6 3 7 5 -1  1
892502217815118577
4 0 0 4 -1  1
892896203099928682
7 6 7 5 -1  1
893196137813531858
5 4 4 3 -1  1
893244661675836993
1 1 4 4 -1  1
893449608400910060
4 4 5 4 -1  1
893457080191019994
2 5 6 1 -1  1
893548024593079276
5 4 5 5 -1  1
893741626633771236
7 5 7 4 -1  1
893776049865262131
7 4 6 3 -1  1
893816074359048740
3 6 2 6 -1  1
893842526706228970
4 1 2 3 -1  1
893847679828837890
5 2 4 3 -1  1
893974402457426325
7 4 5 5 -1  1
894029407262075653
5 5 4 4 -1  1
894059700085240622
6 5 6 4 -1  1
894099135154066055
5 2 4 2 -1  1
894189657551607230
4 5 3 4 -1  1
894267487866773330
2 5 1 4 -1  1
894436150805186737
6 1 5 0 -1  1
894550513392732122
4 7 3 6 -1  1
894629352156894035
6 1 4 1 -1  1
894972452086344862
6 6 5 6 -1  1
895009339841957016
4 6 5 5 -1  1
895031957116200691
6 4 5 5 -1  1
895102055282250452
2 2 3 3 -1  1
895199350347994359
7 2 4 2 -1  1
895210647993645481
4 4 3 3 -1  1
895263883481427549
2 6 0 6 -1  1
895324388413955897
7 4 7 6 -1  1
895795144408660159
5 3 6 2 -1  1
896078994138652211
6 3 5 2 -1  1
896083781344236183
7 3 7 1 -1  1
896113222776659808
0 2 1 4 -1  1
896196105880839680
7 4 7 6 -1  1
896245308990328260
6 0 5 0 -1  1
896246611755649276
3 2 4 4 -1  1
896358986857478272
5 5 5 6 -1  1
896441222732324449
4 3 3 2 -1  1
896448017561242518
4 2 3 3 -1  1
896478137935865533
6 4 4 6 -1  1
896709591252245472
7 4 6 3 -1  1
896839947753525306
7 2 5 2 -1  1
896902023538165351
6 2 5 1 -1  1
897062862581699734
0 3 0 1 -1  1
897128495583311065
7 6 7 7 -1  1
897234784125796105
5 5 5 6 -1  1
897292701943051245
4 0 3 2 -1  1
897428038857180438
5 4 4 2 -1  1
897484043940656298
3 6 4 4 -1  1
897819632504265469
1 5 5 5 -1  1
898129497184513458
3 6 4 5 -1  1
898165181918865324
7 4 7 2 -1  1
898350885633702683
6 4 5 3 -1  1
898380543129487137
5 3 4 4 -1  1
898456686246486192
5 3 5 6 -1  1
898465830224569981
3 6 5 4 -1  1
898622121637463641
7 2 7 3 -1  1
898724368755382060
4 4 3 6 -1  1
898751528256862383
6 5 5 5 -1  1
899001677411497364
5 5 3 6 -1  1
899072101655809240
5 4 5 3 -1  1
899226203745797112
5 3 4 5 -1  1
899327940596334583
6 6 7 7 -1  1
899375076758352868
4 1 2 3 -1  1
899757040205321994
7 5 7 3 -1  1
899863454885047214
6 4 5 2 -1  1
899895676029305824
1 0 1 1 -1  1
900032015121134140
4 4 3 4 -1  1
900077257234197134
6 5 4 4 -1  1
900459205230062593
6 5 4 5 -1  1
900469163011749858
4 3 3 3 -1  1
900573106985533465
3 5 2 4 -1  1
900678724504290041
3 2 4 0 -1  1
900833724714042249
3 4 2 6 -1  1
900918996139856859
7 1 5 2 -1  1
901338106039849198
3 3 4 5 -1  1
901595588722859167
4 7 5 5 -1  1
902207068593775373
5 6 6 6 -1  1
902460676025881773
6 3 5 1 -1  1
902741273793129526
6 5 4 5 -1  1
902761023413402146
6 2 5 2 -1  1
903239068480781990
4 3 3 3 -1  1
903297336446932483
5 4 5 6 -1  1
903323964888807705
3 4 2 3 -1  1
903440413481724876
5 2 4 0 -1  1
903885206175398119
4 2 2 4 -1  1
904645674446923297
6 1 4 1 -1  1
904791833295925545
5 7 4 7 -1  1
904792795088227271
4 4 3 2 -1  1
905256021717517446
0 6 0 1 -1  1
905415662856050127
6 3 4 5 -1  1
905495342037460017
6 3 4 4 -1  1
905512334768897287
3 1 2 2 -1  1
905821951050425316
5 5 4 3 -1  1
905852223209873280
5 4 5 2 -1  1
906084662681915347
0 4 2 6 -1  1
906103687469991009
5 2 3 1 -1  1
906180805270269285
3 3 1 1 -1  1
906591809668686614
7 1 5 1 -1  1
906600317021416361
6 5 5 5 -1  1
906637824481487952
6 1 5 2 -1  1
906671090150148066
6 7 6 6 -1  1
906735493828807663
5 2 4 0 -1  1
906744263925012423
3 5 5 4 -1  1
906759053066871553
6 4 6 3 -1  1
906918242623745634
7 2 7 3 -1  1
907291446843937244
4 2 5 0 -1  1
907379946826437463
4 6 3 6 -1  1
907399711711681170
4 2 6 3 -1  1
907400959608937790
6 4 5 3 -1  1
907519844042282518
0 3 4 7 -1  2
907576420431979044
1 6 2 6 -1  1
907749646721682618
3 4 5 5 -1  1
907806119552868962
3 4 3 3 -1  1
907859186363275206
6 4 5 4 -1  1
908030646582866059
6 7 4 7 -1  1
908096571364812670
7 1 7 4 -1  1
908129013249864703
7 1 6 3 -1  2
908142137016064921
7 2 6 3 -1  1
908149885750045118
6 5 5 4 -1  1
908195196831294851
5 5 4 7 -1  1
908308316487519703
4 1 3 2 -1  1
908439534723379734
6 4 5 3 -1  1
908632882667091543
5 4 3 6 -1  1
908649222600086783
3 6 2 7 -1  1
908661304441346191
3 4 0 7 -1  1
909151177262684352
3 0 1 2 -1  1
909224581232326012
7 0 7 2 -1  1
909354183896638988
6 2 4 2 -1  1
909720085315269861
6 2 6 1 -1  1
909938994934251659
7 1 7 2 -1  1
910359491897421547
7 5 5 3 -1  1
910463767691005379
6 3 5 4 -1  1
910733579521132580
5 0 4 2 -1  1
910767394380200073
7 2 6 3 -1  1
910827624575318330
7 3 7 4 -1  1
910848292070237038
4 6 2 5 -1  1
911064430225620328
4 6 5 4 -1  1
911071647351837583
6 4 4 2 -1  1
911313870540478424
5 2 4 3 -1  1
911371583991879769
6 5 7 4 -1  1
911377025054942498
5 0 3 1 -1  1
911541707128411269
6 2 1 2 -1  1
911582425458332369
3 1 2 0 -1  1
911798532764272400
5 6 4 4 -1  1
911993757619387512
5 6 6 4 -1  1
912072748752296440
1 1 2 1 -1  1
912109682231863302
7 7 6 7 -1  1
912118676605589741
5 5 4 4 -1  1
912530353541910433
6 4 7 3 -1  1
912718555468261280
4 5 4 2 -1  1
912807568509663961
2 5 0 7 -1  1
912946307281396043
7 5 5 6 -1  1
912973759793218386
6 4 4 4 -1  1
913003916592537818
5 2 4 2 -1  1
913216873567575720
6 7 5 7 -1  1
913329895156167557
7 4 5 3 -1  1
913403321267196818
7 2 5 2 -1  1
913669518186084627
7 5 6 6 -1  1
913926900708695721
6 5 3 2 -1  1
914011210155176882
5 3 4 3 -1  1
914025353808482244
4 4 3 4 -1  1
914204677266490337
7 0 1 0 -1  1
914225951989981104
5 5 4 3 -1  1
914371196333187309
7 4 7 6 -1  1
914466394517178884
7 5 7 1 -1  2
914538992689640225
7 1 6 1 -1  1
914768512823397323
7 3 6 2 -1  3
914864566417360784
6 0 2 0 -1  1
914935812096028851
4 3 3 5 -1  1
915144219597216217
7 2 2 7 -1  1
915223784466399163
6 4 6 3 -1  1
915252749807640072
7 5 6 5 -1  1
915367447151441563
7 3 5 3 -1  1
915403650600315997
7 3 2 3 -1  1
915498248528792822
6 0 4 0 -1  1
915579474450922102
6 7 5 6 -1  1
915597593149055351
5 0 7 1 -1  1
915728843336262252
4 2 5 4 -1  1
915930850062774022
5 3 4 3 -1  1
916063825918642063
4 7 5 6 -1  1
916310258034184151
5 5 4 5 -1  1
916376025716697485
4 3 3 3 -1  1
916604990743693747
7 3 5 5 -1  1
916705156048439844
6 5 5 5 -1  1
916769392925389777
5 3 4 3 -1  1
916841854190163826
2 2 3 2 -1  1
916912350473555373
4 5 3 4 -1  1
916992091199464217
1 0 1 1 -1  1
917020054125872241
4 5 5 5 -1  1
917216120697251282
3 7 1 7 -1  1
917241364790367527
4 5 1 5 -1  1
917428097891993054
6 3 4 2 -1  1
917458385610043325
4 0 3 2 -1  1
917462472091982447
6 4 5 4 -1  1
917796820093108107
6 3 5 3 -1  1
917829778539208349
4 0 3 0 -1  1
917963296400383581
7 7 0 7 -1  1
918077862306037883
1 1 1 6 -1  1
918215714664454019
7 2 2 2 -1  1
918269390303414051
7 5 5 5 -1  1
918340519608767229
6 2 5 4 -1  1
918403444640035714
3 6 5 6 -1  1
918420356538921512
6 1 4 2 -1  1
918487917804639414
7 2 6 1 -1  1
918495370056621196
5 4 4 4 -1  1
918656243377282874
6 6 4 6 -1  1
918993463300897599
7 5 6 6 -1  1
919063925862987037
5 4 4 3 -1  1
919295357612292150
6 7 5 7 -1  1
919450085194686340
6 4 5 5 -1  1
919568799785718695
3 2 2 3 -1  1
919625122871966978
5 0 3 0 -1  1
919717129840247395
5 4 4 4 -1  1
919871008413914407
7 7 6 7 -1  1
920240693142702922
7 2 3 6 -1  1
920411616494568030
7 4 6 2 -1  1
920575556028037675
7 3 6 3 -1  1
920777681042920642
1 3 0 3 -1  1
920955157915260727
6 3 5 1 -1  1
921067258505720680
6 4 5 5 -1  1
921103949425162462
7 6 6 5 -1  1
921188072071091731
2 2 2 0 -1  1
921304488209097782
7 3 5 5 -1  1
921422949336898488
6 5 4 7 -1  1
921561633102227604
6 0 6 3 -1  1
921631831642953398
4 2 3 3 -1  1
921697993787895776
5 2 2 5 -1  1
921997101615556620
4 6 4 5 -1  1
922586934110166148
1 1 2 0 -1  1
922636714137138637
5 7 4 7 -1  1
922722492759570109
5 0 1 4 -1  1
922847739085006386
3 4 0 4 -1  1
922948020138508152
7 3 7 4 -1  1
922971462851604096
7 0 7 3 -1  1
923033333429184379
4 3 5 1 -1  1
923393613564526096
0 3 0 5 -1  1
923418060975083470
6 6 6 5 -1  1
923474395734988203
7 5 7 1 -1  1
923625563920376398
7 0 5 0 -1  1
923939730167345407
7 7 7 6 -1  1
924136866893120675
3 4 2 2 -1  1
924170481595330245
6 6 7 6 -1  1
924282727686671478
7 3 6 5 -1  1
924283275053873048
6 1 4 2 -1  1
924315703384791454
5 3 4 4 -1  1
924326157014682236
5 1 0 1 -1  1
924328477425851899
6 5 5 6 -1  1
924367052702413782
7 7 7 6 -1  1
924894028260851684
3 4 4 6 -1  1
925223587180142035
4 6 3 6 -1  1
925383929458122318
7 1 7 2 -1  1
925579950467183774
6 3 4 3 -1  1
925872041417816014
5 4 4 3 -1  1
925909143082778360
4 5 3 5 -1  1
926008522409410236
6 2 5 2 -1  1
926196803888347873
0 7 0 0 -1  1
926246033058857883
7 0 7 1 -1  1
926486260793573805
6 3 4 4 -1  1
926567799453187781
5 4 5 1 -1  1
926780707217388282
4 2 3 3 -1  1
926990160165327852
6 1 5 2 -1  1
927039929137645637
6 5 5 5 -1  1
927066406478160533
0 4 6 4 -1  1
927130733258309750
7 5 3 1 -1  1
927157875778052487
5 2 4 0 -1  1
927164247698353449
6 5 7 6 -1  1
927167548416424185
5 5 3 6 -1  1
927541030477218801
6 3 7 2 -1  1
927632936330081563
7 5 6 5 -1  1
927779748086783661
5 2 3 3 -1  1
927884022268191566
5 1 3 1 -1  1
928005584519692649
5 3 4 4 -1  1
928111564231895282
6 7 4 7 -1  1
928210920786853410
5 1 4 1 -1  1
928235691370858557
6 0 6 2 -1  1
928290142315061151
6 6 5 6 -1  1
928389111300294379
5 5 3 6 -1  2
7 4 7 6 -1  1
928436256937929811
7 2 7 1 -1  1
928648585212858673
6 2 5 2 -1  1
928709046091384028
7 4 5 5 -1  1
928739005106177693
6 7 5 7 -1  1
928910838945240247
6 3 7 5 -1  1
928993064996816333
5 4 2 4 -1  1
929297523397819484
2 4 1 6 -1  1
929306593486984130
4 2 3 2 -1  1
929445517716577458
2 3 1 5 -1  1
929520165279381368
7 1 5 0 -1  4
929563894251033519
7 3 7 4 -1  1
929581712509745063
2 0 1 0 -1  1
929648977552329836
7 6 6 6 -1  1
929801641556351967
1 7 1 6 -1  1
929852023624856521
5 6 4 5 -1  1
930205803294536540
6 6 5 6 -1  1
930377537344626265
7 5 4 2 -1  1
930476524580548547
2 1 1 1 -1  1
930551243840173315
6 7 5 7 -1  1
930578959926872274
3 7 2 6 -1  1
930718409711161348
4 5 4 6 -1  1
930752774362450878
5 1 4 3 -1  1
930931278886033308
1 2 1 6 -1  1
931444719059279896
5 2 4 0 -1  1
931452610836225855
5 4 4 4 -1  1
931477249655009659
3 0 0 0 -1  1
931653771212386804
0 2 1 1 -1  1
932011942851946994
5 2 5 1 -1  1
932012639917758790
2 5 1 5 -1  1
932252357989672474
5 2 4 1 -1  2
932369385601341701
3 1 5 2 -1  1
932513248334418161
3 1 5 3 -1  1
932759023436229932
2 3 0 4 -1  1
932790972943996035
7 5 4 5 -1  1
932803040219568070
5 2 4 3 -1  1
932905332413321809
3 7 2 7 -1  1
933306821936514964
5 2 4 2 -1  1
933359240785356492
6 6 5 7 -1  1
933419360194317895
0 6 0 7 -1  1
933626841661673689
2 0 1 2 -1  1
933915622374459019
6 0 5 2 -1  1
934014528086766058
4 3 5 2 -1  1
934029163725334194
7 1 6 3 -1  1
934068466544404107
1 5 0 5 -1  1
934185795333003340
4 2 3 3 -1  1
934425308780425009
7 4 5 4 -1  1
934552391104599840
7 3 7 4 -1  1
934571331305428364
7 6 7 5 -1  1
934600547318978093
7 1 6 0 -1  1
934789250737358625
6 3 6 2 -1  1
934937593396913936
5 3 6 4 -1  1
935208760237991782
5 2 4 1 -1  1
935456463914670018
7 2 7 4 -1  1
935655170428425025
1 1 2 1 -1  1
935776225728847181
6 3 5 2 -1  1
935870704545131291
3 5 2 5 -1  1
936110281057463921
6 0 4 0 -1  1
936173070679695393
7 2 6 4 -1  1
936356050264366028
4 2 5 3 -1  1
936434599560528321
5 2 6 4 -1  1
936576158050958311
6 3 6 5 -1  1
936592517723245558
7 3 5 3 -1  1
936655857952579933
3 2 6 2 -1  1
936722347681631649
7 0 7 2 -1  1
936944719712707478
5 5 6 4 -1  1
937148680877182191
7 2 7 5 -1  1
937152470588589497
6 5 5 5 -1  1
937223219293948205
3 7 6 4 -1  1
937402975531410291
4 0 3 2 -1  1
937502091785474639
6 3 5 2 -1  1
937502516039957769
6 5 5 5 -1  1
937802558884164228
4 5 2 3 -1  1
937949890140694260
2 3 3 1 -1  1
938007628396704166
7 4 7 6 -1  1
938197965342971660
4 7 3 7 -1  1
938283910375509310
2 2 3 4 -1  1
938764887063093510
7 2 7 5 -1  1
938811191181754374
3 4 4 2 -1  1
938954559058980365
6 1 5 2 -1  1
939050766147259839
7 4 6 6 -1  1
939292174042350163
7 5 7 2 -1  1
939293219681805544
6 5 5 6 -1  1
939643051023676818
3 1 2 1 -1  1
939660976598576595
5 3 6 2 -1  1
939724209628771883
6 3 6 2 -1  1
939888108275563848
7 4 7 6 -1  1
939955049518672027
6 7 7 6 -1  1
940034790829214663
5 1 4 1 -1  1
940177235724380246
3 1 4 3 -1  1
940391915738079611
1 3 3 1 -1  1
940502376987300384
2 2 7 2 -1  1
940570679570869032
1 4 4 4 -1  1
940622863872891983
5 3 4 3 -1  1
940724682226773334
6 4 7 4 -1  1
940733257306051982
7 6 7 2 -1  1
940890964339111439
6 5 4 5 -1  1
940914444781105544
1 2 4 2 -1  1
940990308343841910
5 0 4 0 -1  1
941016878001332958
5 2 4 2 -1  1
941368301406300797
7 0 7 2 -1  1
941472395983822328
6 1 5 1 -1  1
941595516659404944
7 4 4 4 -1  1
941852060199428683
7 2 6 3 -1  1
941863476531774038
5 5 4 7 -1  1
6 1 5 1 -1  1
941928744842604223
6 1 7 2 -1  1
942090303692378433
4 7 3 6 -1  1
942094136062443751
6 2 7 2 -1  1
942171719611278076
6 6 5 6 -1  1
942312055153912053
7 2 4 5 -1  1
942451201131029632
5 3 4 4 -1  1
942528292641732435
7 1 6 3 -1  1
942562357894778224
5 5 6 3 -1  1
942577549225459729
6 5 5 5 -1  1
942737074089016271
7 3 1 3 -1  1
942876182712412989
6 3 5 3 -1  1
942948779623363469
3 6 1 5 -1  1
942952421679938244
5 5 3 6 -1  1
943077369724477017
7 4 7 6 -1  1
943211552327986873
7 5 6 5 -1  1
943254870809406651
2 5 2 4 -1  1
943515534510190294
6 1 5 0 -1  1
943755583518546016
3 7 1 5 -1  1
944100178395483388
7 5 7 4 -1  1
944239000670539174
5 4 5 5 -1  1
944251958109303907
4 6 3 5 -1  1
944364424712613510
7 5 5 4 -1  1
944482625372303302
4 3 3 4 -1  1
944488182599419988
5 5 4 6 -1  1
944533403820017041
6 1 5 1 -1  1
6 2 4 2 -1  1
7 3 4 3 -1  2
944608246099967240
6 4 7 4 -1  1
945061181071361269
7 3 7 0 -1  1
945136828514693688
7 2 6 2 -1  1
945137074429972489
7 3 4 0 -1  1
945417877252353336
5 4 4 4 -1  1
945576680501175215
5 5 4 3 -1  1
945686199798715466
5 5 3 5 -1  1
945865227839599903
3 4 5 3 -1  1
945938132793422829
6 6 5 7 -1  1
946129169023537817
3 3 2 1 -1  1
946802534543165347
6 5 5 5 -1  1
946972384589068329
6 0 4 0 -1  1
947148567969401687
5 5 4 5 -1  1
947216891392172282
7 0 1 0 -1  1
947498570184239712
5 3 4 3 -1  1
947572192414646725
6 6 3 3 -1  1
947632104777128923
6 4 5 4 -1  1
947734327447456766
4 2 7 2 -1  1
948385566449861680
6 2 5 2 -1  1
948406577612037655
5 1 4 1 -1  1
948587037874197109
7 1 6 3 -1  1
948890793005267385
5 4 4 5 -1  1
948941487826291694
7 3 5 5 -1  1
948992758257777891
4 5 4 3 -1  1
949246231675554875
6 2 4 0 -1  1
949372988029554661
7 6 6 6 -1  1
949426393153570158
5 4 4 3 -1  1
949689313732280595
3 0 7 4 -1  1
7 2 5 2 -1  1
949768826603802597
3 4 0 4 -1  1
949793277374160289
7 6 6 7 -1  1
949845584367242957
4 4 3 2 -1  1
950024906849322836
6 2 4 4 -1  1
950256512406868123
3 1 4 2 -1  1
950256606099515561
5 3 7 3 -1  1
950551305802789288
5 6 0 6 -1  1
950578682849066651
6 1 5 1 -1  1
950709704070942412
7 3 5 5 -1  1
950757088602209266
5 5 4 3 -1  1
951049392241742471
7 1 7 2 -1  1
951143419774189285
6 6 3 3 -1  1
951252092763084428
6 4 5 3 -1  1
951293395470890633
7 5 6 5 -1  1
951383774956919568
7 5 5 3 -1  1
951410190071617102
6 3 5 5 -1  1
951414732518098561
6 6 5 6 -1  1
951535995777730970
7 0 7 2 -1  1
951734029208025951
6 5 5 6 -1  1
951960530371961931
7 2 6 3 -1  1
951979452237849863
6 3 5 3 -1  1
952093403232341720
7 1 5 2 -1  1
952174848415654163
5 2 4 2 -1  1
952549335303580302
5 4 6 3 -1  1
952550713881159411
7 6 6 6 -1  1
952846480281459743
7 0 7 5 -1  1
952893882641484955
0 2 0 5 -1  1
953206698109668604
1 5 1 0 -1  1
953281472559392693
0 0 0 2 -1  1
953359872315080782
5 2 3 3 -1  1
953719326153542008
7 6 5 5 -1  1
953736408420402934
5 5 3 3 -1  1
953807595679501841
7 3 6 4 -1  1
953862243185016922
6 4 5 4 -1  1
953878362705250623
6 3 4 5 -1  1
953941421124551504
5 2 4 2 -1  1
954073787617282554
5 5 5 3 -1  1
954087383912751632
7 5 6 5 -1  1
954094711357721034
6 2 4 2 -1  1
954141116148936064
7 6 6 6 -1  1
954281758400247189
4 7 3 6 -1  1
954630004229612523
1 7 4 4 -1  1
954891633755907817
7 2 2 2 -1  1
954932926429015346
2 7 4 5 -1  1
955242419103389685
6 5 4 7 -1  1
955372681219904013
2 2 1 2 -1  1
955920807202600108
6 3 6 1 -1  1
955969659104257502
6 1 7 2 -1  1
956016084811790636
7 5 6 4 -1  1
956115208321907849
5 4 1 4 -1  1
956117259670120849
5 6 4 7 -1  1
956207009561326759
4 2 3 2 -1  1
956232915476306209
4 0 3 0 -1  1
956250110323576005
7 6 6 7 -1  1
956384750707200599
4 0 3 1 -1  1
956600785112224282
6 7 5 7 -1  1
956841108448449141
6 1 5 2 -1  1
956924025281847291
4 1 3 2 -1  1
956990754401176337
5 2 4 0 -1  1
957001751677553835
4 1 3 1 -1  1
957131519306766787
7 6 6 6 -1  1
957170025692740206
4 6 6 5 -1  1
957352603188719306
5 3 4 2 -1  1
957476444398931847
4 1 5 2 -1  1
957568329439395716
4 0 3 1 -1  1
957604750682378648
5 4 6 5 -1  1
957830965333917680
2 1 3 3 -1  1
958153499203888981
0 3 3 6 -1  1
958836749694102638
6 0 6 3 -1  1
958904189739684281
6 1 7 2 -1  1
959072741660699610
5 3 5 1 -1  1
959279662017280059
5 1 7 0 -1  1
959280751508281219
4 1 4 0 -1  1
959433368459828317
5 2 4 4 -1  1
959513209147389088
7 5 4 2 -1  1
959537898970509914
7 0 7 1 -1  1
959766746642346741
7 4 4 4 -1  1
960043690377886756
4 2 3 3 -1  1
960081613701207105
7 6 6 4 -1  1
960318306845505427
7 3 4 6 -1  1
960452241499476561
5 3 3 5 -1  1
960569802835975188
4 6 2 5 -1  1
960639652331305400
1 2 3 2 -1  1
960872164012471248
6 6 5 6 -1  1
960931156406632377
5 2 4 0 -1  1
961067160373331571
2 6 4 6 -1  1
961079561703646793
3 5 3 1 -1  1
961153586854717641
7 4 7 6 -1  1
961282324132415506
3 5 3 4 -1  1
961296691524066745
7 5 7 4 -1  1
961351572297007099
7 5 3 1 -1  1
961371072741891337
1 0 6 0 -1  1
961604291264929225
6 4 5 3 -1  1
961670237933486715
3 2 3 3 -1  1
961723863894467948
0 6 2 7 -1  1
961783704866603297
7 1 5 2 -1  1
961862354459474533
7 2 7 5 -1  1
961990578585690970
7 5 7 2 -1  1
962043018816074465
4 4 3 4 -1  1
962111938184030699
7 4 7 6 -1  2
962480713571222001
4 2 3 2 -1  1
962597173979864804
7 6 5 5 -1  1
962673520101764386
5 4 5 3 -1  1
962751542308253473
6 3 4 3 -1  1
962826287722817514
7 6 6 6 -1  1
962872678185448632
6 2 5 3 -1  1
962914292457727014
6 2 5 2 -1  1
7 6 5 5 -1  1
963365529377251844
7 2 6 1 -1  1
963468518911070278
4 5 3 7 -1  1
963469590303345169
6 5 4 5 -1  1
963478252309988306
2 1 3 0 -1  1
963490107349803957
5 3 2 6 -1  1
963637868579061497
6 3 4 5 -1  1
963952597397918674
4 1 3 2 -1  1
963959933334412065
2 0 1 0 -1  1
964016214099899696
7 4 5 4 -1  1
964040079356224617
7 0 7 2 -1  1
964202843486764634
2 1 3 1 -1  1
964364063357328117
3 6 4 7 -1  1
964396385268172374
5 2 4 2 -1  1
964494120264337018
3 1 2 2 -1  1
964655023379593870
5 5 7 4 -1  1
964748762669966436
7 5 3 1 -1  1
7 5 6 4 -1  1
964763180614181446
6 3 7 1 -1  1
964913377723670422
5 5 4 3 -1  1
965251069738572233
6 2 4 2 -1  1
965318400931762576
5 0 4 0 -1  1
965386329015489679
4 3 2 5 -1  1
965387519876530105
2 5 0 4 -1  1
965518022713642709
4 2 3 3 -1  1
6 1 4 1 -1  5
965558495597726584
4 2 1 5 -1  1
965605411077673303
3 2 2 3 -1  1
965682076441517177
3 2 5 3 -1  1
965697141635772941
5 3 4 2 -1  1
965703235438130618
7 4 5 3 -1  1
965769932589289084
2 2 5 2 -1  1
965950258402475310
4 1 3 1 -1  1
966057640872357898
4 3 3 2 -1  1
966231845208655679
4 0 3 2 -1  1
966492742748333312
5 4 4 4 -1  1
966544203454260376
6 7 5 7 -1  1
966710164536702301
7 3 6 3 -1  1
966795781090015652
5 2 1 6 -1  1
967007967710704345
6 0 4 0 -1  1
967106532535653903
6 2 5 2 -1  1
967434102589736548
5 7 4 6 -1  1
967471088738797847
5 2 5 7 -1  1
967507332998171269
4 3 3 2 -1  1
967537335058606535
6 0 4 0 -1  1
967897891223502950
6 4 5 6 -1  1
967978452969714916
7 6 6 7 -1  1
968037988460827956
4 2 3 3 -1  1
968092687069592375
3 0 3 2 -1  1
968250725448152698
7 3 7 4 -1  1
968337774506949165
5 2 6 0 -1  1
968348270752351900
4 5 5 3 -1  1
968521737060913873
3 3 5 4 -1  1
968909360570750515
7 2 7 0 -1  1
969027808557321636
6 6 5 6 -1  7
7 5 6 4 -1  1
969074409107085643
7 6 7 5 -1  1
969329665814632728
0 2 0 1 -1  1
969556992272649616
6 2 7 4 -1  1
969925965786569578
6 7 5 7 -1  1
969971602561774103
6 7 4 7 -1  1
970052522954672023
6 4 5 3 -1  1
970197763970166692
6 2 5 1 -1  1
970202692793826532
7 5 6 6 -1  1
970307034495795812
5 6 4 6 -1  1
970474299730386498
5 1 1 5 -1  1
970734655928801379
5 5 7 4 -1  1
970858272539210306
7 5 6 6 -1  1
970894991462553762
6 6 4 4 -1  1
971091109518137065
0 1 0 0 -1  1
971132701591918837
7 1 1 7 -1  1
971330175571526050
6 0 6 1 -1  1
971554564053801731
3 6 5 4 -1  1
971558612410484317
4 6 7 3 -1  1
971755402163353111
7 6 6 6 -1  1
971760671311208980
7 1 6 3 -1  1
971910405626835916
4 3 3 4 -1  1
971917163822780826
5 4 3 3 -1  1
972167574987138205
7 4 5 5 -1  1
972185374762343756
5 2 4 2 -1  1
972416384990447392
3 1 2 1 -1  1
972429277556469677
7 2 3 2 -1  1
972650086315595175
7 1 7 5 -1  1
972677160737184306
6 3 7 2 -1  1
972677349292027197
4 5 5 5 -1  1
972859607525731180
5 6 7 5 -1  1
972894839683016030
4 3 3 2 -1  1
973264831797697148
5 5 4 3 -1  1
973271188995992497
1 1 4 4 -1  1
973452484383072141
7 2 6 3 -1  1
973665845238392593
7 5 5 3 -1  1
973671716508298187
6 1 5 1 -1  1
973904741925402998
7 5 7 4 -1  1
974108586373568214
7 4 5 3 -1  1
974320581817648878
6 5 7 4 -1  1
974475979888944389
6 5 4 5 -1  1
974607430722403556
6 2 6 3 -1  1
974746476827731626
3 4 4 2 -1  1
975016492220771704
4 7 3 7 -1  1
975047662806968018
4 1 3 2 -1  1
975196116829510649
3 5 2 5 -1  1
975275715699305761
6 3 4 5 -1  1
975283334419198677
6 2 5 2 -1  1
975334977929102872
6 4 5 4 -1  1
975844902629549214
3 2 2 2 -1  1
976365095164669649
6 4 6 3 -1  1
976468541789985127
5 2 4 3 -1  1
976537401654854905
6 1 2 5 -1  1
7 4 7 6 -1  2
976542193007933812
7 2 5 4 -1  1
976597800097548538
6 4 5 4 -1  1
976683622577639253
7 4 6 3 -1  1
976795805602697081
4 5 3 4 -1  1
976848020646854805
7 0 7 1 -1  1
976940877806329069
4 5 6 4 -1  2
7 2 6 3 -1  1
977112119944710830
7 6 6 6 -1  1
977327205701937745
0 3 5 3 -1  1
977530466655716085
6 6 3 3 -1  1
977577072517260295
6 4 4 6 -1  1
977700363086283698
0 4 1 3 -1  1
977906614906635582
0 0 3 0 -1  1
978133038695706061
5 5 4 7 -1  1
978231468728388291
2 5 2 4 -1  1
978341873894860692
4 0 4 2 -1  1
978430243603231215
4 6 3 6 -1  1
978580785821910035
6 0 5 0 -1  1
978642094597486251
6 2 6 4 -1  1
978685665412827254
7 7 7 4 -1  1
978700326143324678
3 2 4 4 -1  1
978782502530265071
7 0 7 2 -1  1
978785114674465239
6 7 5 6 -1  1
978961018328464612
7 5 7 2 -1  1
979046231036206970
3 5 2 6 -1  1
979093316381193832
7 1 5 2 -1  1
979437541639392197
6 2 7 2 -1  1
979448568151764879
6 2 5 2 -1  1
979521915852123056
6 7 4 7 -1  1
979545416932081375
6 2 4 2 -1  1
979656494950476804
7 1 7 4 -1  1
979660019566738949
4 6 3 7 -1  1
979802889076266938
6 3 4 5 -1  1
980013097998843759
4 2 6 2 -1  1
980084425911727691
5 5 4 3 -1  1
980136381749329819
2 5 1 4 -1  1
980156492931960197
7 3 6 2 -1  1
980313598937232234
5 5 4 5 -1  1
980698137356734168
6 6 4 6 -1  1
980778665475284892
5 5 6 4 -1  1
980851652920586940
6 5 6 4 -1  1
980948627964552695
6 5 5 5 -1  1
981042939084444210
2 7 7 7 -1  1
981227788456477660
5 4 4 3 -1  1
981557597027202040
7 1 7 3 -1  1
981653335402891725
7 0 7 1 -1  1
981709024435098569
3 2 5 0 -1  1
981784319863990960
3 1 4 2 -1  1
981971860012084273
7 0 7 1 -1  1
982334613114368139
3 5 2 7 -1  1
982489865667447577
6 4 5 5 -1  1
982798268931417567
4 0 4 2 -1  1
982879243595101480
7 0 7 5 -1  1
982893351115583172
5 3 4 3 -1  1
982898040884239400
5 4 6 3 -1  1
983286754300582357
2 6 1 6 -1  1
983433019995514341
6 1 5 1 -1  1
983516165762809164
2 4 0 5 -1  1
983591886151342442
4 4 4 7 -1  1
983685786600279636
5 2 4 2 -1  1
983740782056085068
7 6 6 5 -1  1
983840267067844056
7 5 7 6 -1  1
983850632558411597
5 4 4 4 -1  1
983894815457702644
0 1 0 0 -1  1
984145360288551421
7 4 6 5 -1  1
984209918916452843
7 5 7 3 -1  1
984272608916456323
3 5 2 5 -1  1
984303005885753334
7 6 6 4 -1  2
984337095179432039
3 1 2 1 -1  1
984490809595166065
6 6 6 7 -1  1
984620715519099767
4 0 4 2 -1  1
984740506451215508
3 3 3 2 -1  1
984812190127306300
5 5 4 5 -1  1
985009216882391359
5 2 4 3 -1  1
985058192995394963
3 2 1 4 -1  1
985093366052057114
7 4 5 5 -1  1
985192188702735803
6 7 4 7 -1  1
985270682028679062
6 4 5 4 -1  1
985356647833315188
4 1 2 2 -1  1
985499735160284008
4 5 4 4 -1  1
985534315688263943
7 5 6 6 -1  7
985595820369719264
7 4 2 4 -1  1
985750023285667550
7 0 7 3 -1  1
985789242215319562
3 6 4 7 -1  1
985854530409132700
6 2 7 2 -1  1
985972624475921344
7 5 6 4 -1  1
986015660945158362
7 3 6 3 -1  2
986193136690788595
0 6 2 4 -1  1
986292279376720145
5 5 2 5 -1  1
986384036139144571
6 4 7 4 -1  1
986402859857347560
6 0 5 0 -1  1
986439655177567795
6 7 5 6 -1  1
986609415823268977
2 1 1 1 -1  1
986609637795812767
6 4 4 2 -1  1
986616563163827724
6 7 5 5 -1  1
986858438078940642
6 4 5 2 -1  1
987030830715064318
6 5 5 5 -1  1
987446602034384881
7 3 6 4 -1  1
987811663585940525
7 4 7 6 -1  1
987868447553855308
7 3 7 4 -1  1
988082512663427042
4 6 2 4 -1  2
988212557251637688
4 2 4 3 -1  1
988333514811140330
6 2 0 2 -1  1
988370257898619439
6 2 6 1 -1  1
988395597269755396
5 1 4 1 -1  1
988424539315910705
7 3 6 4 -1  1
988545730859245614
4 0 5 2 -1  1
988798509564018485
2 0 2 1 -1  1
988823196193077799
5 4 4 3 -1  1
988893581036574423
7 5 6 4 -1  1
989481409207593412
4 6 5 4 -1  1
989550574413669097
0 2 0 7 -1  1
989920366472662865
6 1 1 6 -1  1
990028654721532449
7 5 7 2 -1  1
990063890514000340
6 5 5 6 -1  1
990218210843137932
6 3 5 2 -1  1
990376554199013392
2 3 1 2 -1  1
990381893101258522
6 4 5 4 -1  1
990446364153099461
6 1 5 2 -1  1
990512082768774829
6 7 5 7 -1  1
990540233111525007
7 3 6 3 -1  1
990610750397396275
3 1 3 0 -1  1
990827607810047915
5 6 4 4 -1  1
990830530906663526
5 4 6 5 -1  1
991077464181720944
7 6 7 2 -1  1
991418922618600432
4 0 4 1 -1  1
991461407587156180
0 7 0 4 -1  1
991485960746052574
5 5 4 7 -1  1
991606467203421774
7 0 6 0 -1  1
991723041051297089
6 1 5 2 -1  1
992069144258643676
3 2 1 2 -1  1
992157661164550315
6 6 7 5 -1  1
992198516328778450
6 7 5 7 -1  1
992308344967446076
7 3 6 4 -1  2
992488498276440803
4 5 5 5 -1  1
992565472855262615
7 5 7 4 -1  1
992591084207849068
3 2 5 4 -1  1
992604379482781069
7 0 7 2 -1  1
992717065105696407
7 2 3 6 -1  1
992901299730687936
4 6 4 2 -1  1
992953913886976560
6 2 7 1 -1  1
993429858572140929
6 2 5 1 -1  1
993450145808101282
5 2 5 6 -1  1
993624395998968812
7 5 7 4 -1  1
993644414749335828
5 1 4 3 -1  1
994093919013026146
6 3 4 4 -1  1
994186181822664807
6 3 4 5 -1  1
994212047236653749
5 5 2 2 -1  1
994268549180244643
4 4 3 6 -1  1
994313884665545970
6 7 6 6 -1  1
994318145308847745
5 2 4 3 -1  1
994337281094143537
7 3 0 3 -1  1
994387006066822063
5 3 7 1 -1  1
994524327342274193
7 0 5 0 -1  1
994652257746542121
7 5 5 5 -1  1
995012333350558627
6 5 5 3 -1  1
995070269425364400
5 4 5 5 -1  1
995188366258210853
5 0 4 1 -1  1
995192329259499984
6 6 5 5 -1  1
995268914727674806
6 2 0 2 -1  1
995464754045224075
6 2 5 2 -1  1
995567356718285160
7 4 5 4 -1  1
995807584906443476
6 1 6 0 -1  1
995948625782228982
4 7 3 7 -1  1
996097974398398233
2 0 1 2 -1  1
996148802061650355
7 0 1 0 -1  1
996203597152447572
1 0 1 3 -1  1
996305212070212252
3 4 2 5 -1  1
996366148278525085
5 5 3 4 -1  1
7 4 7 6 -1  3
996660899133025387
2 2 1 2 -1  1
996716654172189781
3 6 0 3 -1  1
996741178636318246
4 3 3 3 -1  1
996844945693926095
5 1 4 1 -1  1
996913351268015260
7 6 6 6 -1  1
996920236824950787
6 3 4 3 -1  1
997075880876735856
6 0 4 0 -1  1
997187840478771921
7 7 7 3 -1  1
997387366046065996
5 5 4 7 -1  1
997523857469445625
5 2 7 3 -1  1
997722295676484655
7 2 6 3 -1  1
997809330989269519
7 0 7 2 -1  1
997815010175569596
4 1 3 1 -1  1
997900238253674018
7 5 6 4 -1  1
998054200357395100
7 4 7 2 -1  1
998463025653529707
7 4 7 6 -1  1
998555406599588921
7 2 4 2 -1  1
998573173531142682
4 0 6 1 -1  1
998597027024429710
6 3 6 2 -1  1
998669767259993137
7 4 7 2 -1  1
998682675789544275
4 2 6 1 -1  1
998704945154519946
0 4 4 0 -1  1
998890565541562903
6 5 6 6 -1  1
998925827642450296
7 4 4 4 -1  1
998960525241646592
4 0 3 1 -1  1
999175235179662830
1 1 2 0 -1  1
999201033776255651
5 1 6 3 -1  1
999661596553998336
7 6 6 7 -1  1
999704075129110508
5 3 3 1 -1  1
999897473427266221
5 6 4 7 -1  1
1000028681264632413
4 5 5 6 -1  1
1000180275474389191
7 3 6 3 -1  1
1000204624790359011
6 0 4 0 -1  1
1000231404990253880
7 4 7 6 -1  1
1000695477379591890
7 4 5 2 -1  1
1000795287600790320
5 3 7 1 -1  1
1000933206980120403
7 6 6 7 -1  1
1001324788695083456
6 4 5 4 -1  1
1001390646787912853
5 3 1 7 -1  1
1001449467535289522
7 2 6 3 -1  1
1001709195347348373
5 5 3 4 -1  1
1001744213624388520
6 1 4 1 -1  1
1001865808602370448
5 5 4 7 -1  1
1002088983042136943
6 4 7 5 -1  1
1002201314935425919
7 4 3 4 -1  1
1002453340164761858
3 3 2 4 -1  1
1002485229498030132
5 2 6 0 -1  1
1002546125772332575
6 1 4 1 -1  1
1002612500546133490
6 6 5 6 -1  2
1002699587096835267
3 3 3 6 -1  1
1002811109637807526
5 1 5 3 -1  1
1002858034866278597
5 4 4 3 -1  1
7 5 6 6 -1  2
1002859070052749852
6 4 7 5 -1  1
1003359289587477529
7 6 6 6 -1  1
1003383776255800738
6 5 7 4 -1  1
1003447699081932267
6 5 4 5 -1  1
1003633274358857275
5 7 4 7 -1  1
1003765189884128894
6 1 5 1 -1  1
1003767309394559699
6 7 5 7 -1  1
1003845929638362317
4 6 5 5 -1  1
1003861720765025336
4 0 3 0 -1  1
1003918521611996027
4 4 1 4 -1  1
1003950750169262420
6 1 4 1 -1  3
1004204398950268024
6 7 4 7 -1  1
1004273107752039913
5 4 4 4 -1  1
1004335552658019088
7 7 7 1 -1  1
1004366707095304620
6 6 4 4 -1  1
1004418366125097027
6 6 0 6 -1  1
1004449776818751134
7 2 6 1 -1  1
1004473486539758077
4 2 3 0 -1  1
1004538992062607736
7 3 5 1 -1  1
1004923096254613606
6 5 4 5 -1  1
1005003821802826975
0 6 5 6 -1  1
1005057735510026392
7 0 7 2 -1  1
1005129675144854434
7 0 5 0 -1  1
1005264156602638749
3 7 2 6 -1  1
1005416435100576425
4 0 3 0 -1  1
1005495674633318489
6 4 5 3 -1  1
1005601307143162169
6 2 6 3 -1  1
1005876541490088695
4 2 3 2 -1  1
1006169776097637013
4 4 3 2 -1  1
1006193028204497868
1 0 1 1 -1  1
1006197450072606719
5 3 4 2 -1  1
1006262040614551993
7 6 5 5 -1  1
1006269550961875407
2 5 1 6 -1  1
1006378389843688101
5 5 4 7 -1  1
1006463918335979814
5 0 4 0 -1  1
1006922005718830726
5 2 6 4 -1  1
1006962242380531774
7 3 7 2 -1  1
1006999867803434735
4 4 0 4 -1  1
1007162322252163713
3 4 2 5 -1  1
1007166893939875348
5 5 6 3 -1  1
1007325274421461625
6 3 3 0 -1  1
1007499553555300251
5 5 4 5 -1  1
1007502282828618269
4 0 3 0 -1  1
1007547522058569953
5 4 3 3 -1  1
1007975896577829623
5 5 3 6 -1  1
1008042947526640079
6 6 6 5 -1  1
1008104305638291941
6 5 5 5 -1  1
1008281906204318460
6 4 5 4 -1  1
1008403873892175587
3 4 4 5 -1  1
1008512199829736245
6 3 5 2 -1  1
1008565440185498925
7 3 4 3 -1  1
1008715655256163979
5 5 4 3 -1  1
1008817474984819244
3 6 4 6 -1  1
1009096477508419846
6 6 4 4 -1  1
1009144900779821419
7 2 5 4 -1  1
1009157438235226961
5 6 4 6 -1  1
1009172898061362134
4 1 2 3 -1  1
1009207446266947420
3 6 7 2 -1  1
1009354120104160007
7 5 7 4 -1  1
1009360165433873581
5 6 5 5 -1  1
1009377251638101376
6 3 5 3 -1  1
1009566804090213296
0 3 3 0 -1  1
1009844283872591324
4 3 3 4 -1  1
1009893228922595094
7 3 1 3 -1  1
1010102879676588290
5 3 4 4 -1  1
1010158446503044719
1 0 0 0 -1  1
1010248802742269192
5 2 4 2 -1  1
1010839949186375031
5 5 6 3 -1  2
1011011413015454071
4 0 3 1 -1  1
1011105481869158494
7 1 6 3 -1  1
1011117791657883656
7 3 5 5 -1  1
1011343239518397455
7 2 6 3 -1  1
1011346935842560766
6 4 7 5 -1  1
1011364396126637593
7 4 7 2 -1  1
1011372206806660608
0 1 1 1 -1  1
1011499381774084551
7 6 6 5 -1  1
1011831417141025748
3 7 4 6 -1  1
1012145088513290683
2 0 2 1 -1  1
1012170225309809399
6 0 4 0 -1  1
1012177106761593562
6 1 5 2 -1  1
1012440531743359611
2 4 2 5 -1  1
1012450934406080748
7 1 5 2 -1  1
1012501556252609228
5 2 4 0 -1  1
1012659721272962472
6 4 6 3 -1  1
1012668227281044952
5 5 4 4 -1  1
1012709414275998868
6 4 5 5 -1  1
1012717715916816999
3 4 0 4 -1  1
1012813818100034073
4 4 3 3 -1  1
1012988102788699489
7 6 6 6 -1  1
1013006018529438777
4 2 4 4 -1  1
1013062471260305765
6 1 7 0 -1  1
1013101324218207522
7 2 4 2 -1  1
1013138286364951183
5 5 3 6 -1  1
1013238796753701862
5 0 4 1 -1  1
1013568957168923825
6 5 5 4 -1  1
1013579570373617182
6 4 5 3 -1  1
1014391649085208510
7 2 4 5 -1  1
1014555886815911371
5 6 4 5 -1  1
1014637014763864489
7 3 5 1 -1  1
1014729828778062577
6 6 7 5 -1  1
1014888238442487380
6 6 4 6 -1  1
1014932484979729339
2 0 2 2 -1  1
1015121366266913256
7 2 6 3 -1  1
1015421046209097617
6 0 4 0 -1  1
1015447829679890172
6 2 4 3 -1  1
1015592854575684880
4 5 3 4 -1  1
1015676075490092957
1 2 1 3 -1  1
1015846890821224198
4 4 3 4 -1  1
1015881899487975836
2 7 1 7 -1  1
1016200845904048706
4 2 3 2 -1  1
1016229723928461081
6 4 5 6 -1  1
1016256773090912301
7 5 4 5 -1  1
1016356598887515329
5 3 4 2 -1  1
1016724810273062973
4 2 5 1 -1  1
1016919968259872447
1 5 2 4 -1  1
1017083670191492544
2 7 1 6 -1  1
1017096059873037622
6 4 4 4 -1  1
1017110526366380073
7 6 5 5 -1  2
1017355594162853046
6 0 5 0 -1  1
1017738072871288087
1 1 6 1 -1  1
1017878410512646487
6 2 5 3 -1  1
1017994322931363550
3 5 1 6 -1  1
1018321814962103274
1 3 1 2 -1  1
1018333612360488815
4 5 3 4 -1  1
1018669166862620792
6 7 4 7 -1  1
1018795788520006083
3 5 4 6 -1  1
1018819993597008560
7 6 6 5 -1  1
1018900589562801564
3 3 2 2 -1  1
1018987450315689870
7 3 4 0 -1  1
1019030957417000071
7 3 4 3 -1  1
1019033189413437192
2 2 2 0 -1  1
1019236557595144107
4 3 4 1 -1  1
1019301855254418158
3 6 5 5 -1  1
1019592032677507811
5 4 4 4 -1  1
1019685708692631820
7 5 6 4 -1  1
1019930014193936351
6 2 4 4 -1  1
1020024802115691303
1 5 2 7 -1  1
1020109355413695262
5 7 4 6 -1  1
1020111348795870055
4 4 2 3 -1  1
1020580041724725610
7 2 1 2 -1  1
1020676829381092449
3 1 4 3 -1  1
1020746304385608871
7 5 7 1 -1  1
1020774525550428689
7 4 7 6 -1  1
1020882990910658791
0 3 2 4 -1  1
1021005296259660086
1 4 1 3 -1  1
1021012758421429750
6 3 5 2 -1  1
1021111093368820736
6 1 5 2 -1  1
1021275532623622605
6 0 6 4 -1  1
1021396391615162356
6 4 5 4 -1  2
1021697845072884432
5 4 4 5 -1  1
1021702572559242656
3 1 4 1 -1  1
1021862807171050849
2 3 0 3 -1  1
1021890474479529908
7 4 7 6 -1  1
1022076412615917892
4 0 3 2 -1  1
1022151624946976668
6 6 7 6 -1  1
1022157903289195422
5 5 6 4 -1  1
1022204589898892854
6 2 5 2 -1  1
1022246579508824075
4 6 3 5 -1  1
1022761756281049804
6 3 5 1 -1  1
1022806755764240850
6 4 4 4 -1  2
1022810956463658953
4 3 3 3 -1  1
1022931654289076769
7 5 7 3 -1  1
1022991445590177870
7 4 3 4 -1  1
1023129828256441085
6 2 5 2 -1  1
1023487847931477132
7 6 5 6 -1  1
1023587396528692700
7 2 5 0 -1  1
1023857792082340416
4 2 3 2 -1  1
1023865100505160451
7 2 7 3 -1  1
1023886011761047864
2 4 0 5 -1  1
1024086014749816898
5 3 7 4 -1  1
1024143537780012873
0 1 1 1 -1  1
1024993303717681737
0 2 2 2 -1  1
1025064346754577894
7 4 7 6 -1  1
1025090079110003497
4 7 3 6 -1  1
1025267236563072545
4 4 3 3 -1  1
1025288758356155143
4 6 3 4 -1  1
1025692674503781438
6 6 4 6 -1  1
1025791629676422391
5 6 4 4 -1  1
1025821573609587671
6 3 5 5 -1  1
