3037586723424104789
4 1 3 1 -1  2
3037658717902193201
3 6 3 2 -1  1
3037718438969113286
6 3 4 2 -1  3
3037857147464107444
5 3 4 3 -1  1
3038015076155915135
3 5 2 4 -1  1
3038166620603344973
5 4 4 2 -1  1
3038257223475311363
4 6 3 7 -1  1
3038430167596603239
5 3 2 3 -1  1
3038884449555508168
6 2 4 2 -1  1
3038911228300739656
5 2 6 4 -1  1
3039041759425507530
6 6 6 3 -1  1
3039105754761312996
2 7 1 5 -1  1
3039508079120826380
5 5 4 4 -1  1
3039523463027697025
4 0 3 0 -1  2
3039639546383352240
3 7 1 6 -1  1
3039665215808104342
3 0 4 2 -1  1
3039695110563802969
0 4 3 1 -1  1
3039764153449749029
6 7 5 7 -1  1
3040103423243978649
4 5 3 5 -1  1
3040426859210932687
5 5 6 6 -1  1
3040443171854276904
2 4 1 4 -1  1
3040638273380165034
5 5 7 4 -1  1
3040687463719077460
6 5 6 4 -1  1
3040883011100581275
4 4 4 7 -1  1
3040952507707221394
4 6 3 6 -1  1
3041037852923830374
5 5 4 5 -1  1
3041130728080600111
4 7 3 6 -1  1
3041277247668830553
4 6 3 6 -1  1
3041353932939942919
6 3 4 4 -1  1
3041789893788189190
6 1 5 3 -1  1
3041908332106400288
7 3 6 2 -1  1
3041981506535025799
3 4 2 4 -1  1
3042100354886645014
5 2 4 4 -1  1
3042149590829371088
4 4 7 1 -1  1
3042166853822438797
7 3 7 4 -1  1
3042370595919531869
7 2 6 3 -1  1
3042432192804494855
5 7 4 6 -1  1
3042487365307603051
2 3 1 3 -1  1
3042489833643492277
7 1 4 1 -1  1
3042554858744952784
4 5 3 6 -1  1
3042628184762313323
7 4 6 5 -1  1
3042637431350508688
7 0 5 0 -1  1
3042788162070601553
6 7 6 6 -1  1
3042834158414153342
4 4 3 3 -1  1
3042853830360253836
1 1 1 0 -1  1
3042870454691570183
3 1 2 0 -1  1
3042875548278246873
2 2 1 1 -1  1
3042878439815227965
6 6 5 6 -1  2
3042894678819894539
7 3 6 3 -1  1
3043000418406193612
6 1 5 1 -1  2
7 1 6 3 -1  4
3043023836664354570
7 2 7 1 -1  1
3043107248291227156
7 4 7 3 -1  1
3043121903621211805
7 4 7 2 -1  1
3043499259557974391
3 6 6 3 -1  1
3043607514319343526
6 3 5 2 -1  1
3043659594210365670
7 0 7 3 -1  1
3043834448405970959
6 5 4 5 -1  1
3044019896047441184
5 1 3 2 -1  1
3044035545948711796
4 2 2 2 -1  1
3044111527474637000
6 5 4 5 -1  2
3044111652557201792
7 3 6 4 -1  1
3044277852344600999
5 6 4 6 -1  1
3044286233671577056
5 1 4 1 -1  4
5 2 4 2 -1  2
3044573457889998095
7 4 7 5 -1  1
3044682981470879835
6 3 5 4 -1  1
3044796863982592852
7 0 3 0 -1  1
3044823879257553429
5 5 6 4 -1  1
3045032081642062780
4 7 3 7 -1  1
3045122876154515967
7 5 7 1 -1  1
3045133815124986853
7 4 5 2 -1  1
3045169899259508772
4 1 6 1 -1  1
3045345465170896549
7 0 7 2 -1  1
3045400655343928027
5 5 6 3 -1  1
3045520116635186790
6 7 4 7 -1  1
3045562648834099482
6 3 5 2 -1  1
3045707222434425981
7 2 5 4 -1  1
3045772428089112018
5 2 6 4 -1  1
7 2 5 4 -1  1
7 5 7 4 -1  2
3045794504502709980
7 3 7 4 -1  1
3045850150824724891
5 3 5 0 -1  1
3045871894074040913
6 1 7 2 -1  1
3046189585385045117
5 0 4 1 -1  1
3046227769672539462
7 1 6 3 -1  1
3046325905961980129
7 4 6 4 -1  1
3046343718660584537
4 5 1 2 -1  1
3046402109192179638
7 2 7 3 -1  1
3046432699808766728
7 3 6 4 -1  1
3046607747697009347
5 0 6 0 -1  1
3046699559316646656
6 5 7 6 -1  1
3047063932202774363
5 3 1 7 -1  1
3047186922228938803
4 2 3 2 -1  1
3047208157698945423
0 7 0 5 -1  1
3047351241771612885
7 3 7 2 -1  1
3047681834332949843
4 7 6 6 -1  1
3047896910441173420
3 0 4 2 -1  1
3048031005671019343
3 1 0 1 -1  1
3048037634821920280
6 3 5 3 -1  1
3048127006656728409
7 6 6 7 -1  1
3048175137537963519
6 3 5 3 -1  2
3048253495158373728
5 6 5 7 -1  1
3048385307264085371
6 5 5 4 -1  1
3048691746524243558
4 4 3 5 -1  1
3048788980374142769
3 6 2 5 -1  1
3048842642941862934
6 5 5 5 -1  1
3049106004810721423
7 3 6 3 -1  1
3049245624794433439
6 1 4 1 -1  1
3049272356399664014
4 3 5 1 -1  1
3049376740690244960
7 4 6 2 -1  1
3049485287950086161
6 4 5 2 -1  1
3049499322970375786
6 7 6 6 -1  2
3049836737765427346
6 6 7 5 -1  1
3049857694287640461
4 5 3 4 -1  1
3049958754985654212
4 4 3 4 -1  1
3050237025494075027
6 3 4 3 -1  1
6 3 5 3 -1  1
6 6 5 6 -1  1
3050282944420867722
7 4 7 2 -1  1
3050313780244150125
6 2 5 2 -1  1
3050341197754522208
4 1 5 0 -1  1
3050380641919220876
6 3 4 1 -1  2
3050683307740150731
6 2 7 1 -1  1
3050970082731322035
4 3 3 2 -1  1
3051061437680635151
4 5 3 4 -1  1
3051116613453572009
6 5 5 4 -1  1
3051137728113055337
7 7 7 6 -1  1
3051660637268257583
7 1 5 2 -1  1
3051792243914132164
2 7 7 2 -1  1
3051868179397343637
4 5 2 3 -1  1
3051888520119161268
7 5 6 6 -1  1
3052182726466966803
3 1 6 4 -1  1
3052290879434069832
5 6 3 5 -1  1
3052344709390440589
6 3 5 1 -1  1
3052393941972863739
5 2 4 4 -1  1
3052487363658723307
5 5 4 3 -1  1
3052830994415472061
3 5 4 4 -1  1
3052851326293636062
7 2 6 1 -1  1
3052911516357862236
5 6 4 5 -1  1
3053014198107574556
5 1 4 1 -1  1
3053171048329958118
6 1 4 1 -1  1
3053443779560151572
5 5 3 6 -1  1
7 2 5 4 -1  1
3053469367701724123
0 4 4 4 -1  1
3053561084873752465
6 5 7 5 -1  1
3053862007889265542
6 1 5 1 -1  1
3053910253765598483
3 0 1 0 -1  1
3053915074564996331
5 5 6 3 -1  1
3054538673570346224
7 2 0 2 -1  1
3054663763834997720
3 1 1 1 -1  1
3054666183882982662
4 2 6 3 -1  1
3054666498523930353
2 1 0 3 -1  1
3054855587924669956
2 1 1 1 -1  1
3054927531248840747
5 2 4 1 -1  1
3054996425223562820
5 2 1 2 -1  1
3055218257511689132
6 1 5 1 -1  1
3055256008102334463
7 3 6 4 -1  1
3055307664836221115
6 4 4 5 -1  1
3055530532619765951
3 4 4 6 -1  1
3055536822838069390
4 3 3 3 -1  1
3055923503946598946
6 7 6 6 -1  1
3055967936217332512
5 5 7 6 -1  1
3056077136205002122
7 1 2 1 -1  1
3056101828150622143
4 2 3 1 -1  1
3056114746408242813
7 4 7 1 -1  1
3056155507949127833
3 6 5 5 -1  1
3056613570511789853
3 3 3 4 -1  1
3056912876712508518
6 5 5 3 -1  1
3057081018380994029
5 1 0 6 -1  1
3057103062432244899
7 5 6 6 -1  1
3057204429638750627
2 0 3 1 -1  1
3057254461525221331
7 5 6 5 -1  1
3057532310378147718
7 6 6 6 -1  1
3057714395915167695
5 5 6 4 -1  1
3058008594630636000
6 2 5 1 -1  1
3058046761016996941
1 3 1 2 -1  1
3058166317708725949
4 2 3 0 -1  1
3058222377593115896
5 3 4 3 -1  1
3058240854258390661
6 4 5 4 -1  1
3058369437245883869
7 2 6 3 -1  1
3058879420990292828
7 2 7 6 -1  1
3058913652579312641
6 5 5 5 -1  1
3059020245131961809
7 1 5 0 -1  1
3059042734306595286
5 6 4 6 -1  1
3059072468959391834
2 2 3 0 -1  1
3059075197371051582
6 1 3 4 -1  1
3059103925811654590
6 4 5 5 -1  1
3059332021754721568
6 5 4 5 -1  1
3059349608326033969
6 2 2 2 -1  1
3059593432652701463
3 2 1 2 -1  1
3060041331725307618
5 5 1 5 -1  1
3060383033453684656
2 3 3 4 -1  1
3060458926173250832
4 0 0 0 -1  1
3060486544575200358
7 4 7 6 -1  1
3060486737959705648
7 4 7 0 -1  1
3060665811580949485
6 2 4 0 -1  1
3060801906743244709
7 1 3 1 -1  1
3060805492099506802
6 1 6 2 -1  1
3061157654194456797
2 2 4 2 -1  1
3061231985183410190
5 2 5 1 -1  1
3061337554182491860
2 4 1 5 -1  1
3061345588398334714
3 1 2 2 -1  1
3061494710085691669
7 1 6 3 -1  1
3061548677682795338
3 4 5 3 -1  1
3061759683190032659
6 2 5 2 -1  2
7 1 6 3 -1  1
7 4 7 6 -1  1
3061965541955456449
5 1 4 1 -1  1
3062042432893020136
5 4 7 3 -1  1
3062417164270947615
6 2 5 2 -1  1
3062452251991188253
7 3 7 4 -1  1
3062467691489918246
7 5 4 2 -1  1
3062497097315637412
6 4 5 4 -1  1
3062546685580128305
6 1 0 1 -1  1
3062609753632460095
4 2 3 1 -1  1
3062948652789915933
7 4 7 6 -1  1
3063031122499670765
4 6 3 6 -1  1
3063187375451821702
7 3 6 4 -1  1
3063513590954136237
7 7 6 6 -1  1
3063518923312868915
6 1 7 0 -1  1
3063546178560811283
6 1 5 1 -1  1
3063702580380771388
5 6 4 5 -1  1
3063734747529142143
7 6 7 7 -1  1
3063761943050914532
4 2 6 4 -1  1
3063954989533918965
7 5 5 4 -1  1
3063967721211815605
5 5 6 7 -1  1
3064039844781595658
5 1 4 1 -1  2
3064198969348706398
5 5 6 3 -1  1
3064235960149001413
5 1 7 1 -1  1
3064266448718663346
0 6 0 5 -1  2
3064276809321707298
5 2 3 0 -1  1
3064476297554204095
6 4 5 4 -1  1
3064605029172909988
7 3 6 3 -1  1
3064678407238364682
5 7 4 7 -1  1
3064727321206361237
4 7 3 7 -1  1
3064739077262035102
7 0 4 0 -1  1
3064873316542856004
3 5 2 4 -1  1
3065034633741050118
2 5 1 7 -1  1
3065057907964812672
6 1 6 0 -1  1
3065059346965517376
5 7 5 3 -1  1
3065363712983530482
6 0 5 0 -1  1
3065583857546411797
3 3 4 4 -1  2
3065584098084623020
6 2 4 2 -1  1
3065702592172163344
6 2 2 2 -1  1
3065717940730750016
6 3 5 3 -1  2
6 7 5 7 -1  1
3065933426198271214
5 5 6 6 -1  1
3065944751914749072
5 1 4 0 -1  1
3065998819814308983
7 5 3 1 -1  1
3066058833795653902
2 2 1 4 -1  2
3066157872726325554
7 5 1 5 -1  1
3066177846739713261
3 1 1 3 -1  1
3066204545881329445
7 0 6 0 -1  1
3066252641521837275
5 4 6 3 -1  1
3066376556379182654
6 6 5 5 -1  1
3066456022724580641
3 3 1 3 -1  1
3066571478135938844
6 1 5 0 -1  1
3066576174401307990
7 5 6 6 -1  1
3066579248977510662
3 7 4 5 -1  1
3066682238443021479
5 6 3 5 -1  1
3066950304176453851
5 2 7 3 -1  1
3066975524936424812
6 1 4 1 -1  1
3067050317131509939
5 3 5 2 -1  1
3067241770610101763
6 5 5 5 -1  1
3067341540440231512
7 1 7 0 -1  1
3067625295147223965
4 6 3 6 -1  1
3067670256305335710
7 3 4 0 -1  1
3067807585719453191
7 1 7 3 -1  1
3068037497537029737
4 4 5 4 -1  1
3068041350480244620
4 2 3 3 -1  1
3068099095318701493
6 0 4 0 -1  1
3068181919815491312
6 5 5 5 -1  1
3068308628266420918
2 3 2 6 -1  1
3068407243489466200
7 3 5 5 -1  1
3068408659472771778
4 0 1 3 -1  1
3068429570468332614
1 1 3 2 -1  1
3068446367878490190
5 6 4 5 -1  1
3068586429772939652
7 2 6 3 -1  1
3068633860744993081
6 3 5 3 -1  1
3068638364389640535
6 4 5 4 -1  1
3068701166212930658
6 5 4 5 -1  1
3068816460988152298
7 6 6 6 -1  1
3068944049891240749
5 2 3 1 -1  1
3069093013218577609
7 1 6 1 -1  2
3069390556580313622
3 1 2 2 -1  1
3069391965764856664
5 4 6 4 -1  1
3069461560116085529
4 2 3 4 -1  1
3069510312590974547
5 4 4 3 -1  1
3069538595543158129
5 5 2 5 -1  1
3069603987575869589
4 7 3 5 -1  1
3069774539488475508
4 5 2 3 -1  1
3069845261828711655
3 6 2 6 -1  1
3069860375058699271
7 0 7 2 -1  1
3069970635366274877
4 3 2 4 -1  1
3070187186770093134
5 4 5 3 -1  1
3070386661975230665
2 4 0 3 -1  1
3070663664721283125
4 0 4 7 -1  1
3070678403119465989
6 1 4 1 -1  18
3070682184253179028
7 5 0 5 -1  1
3070851096827895808
7 5 7 6 -1  1
3070953290836975475
6 4 7 6 -1  1
3071181180991683717
6 4 6 2 -1  1
3071740344728020625
7 2 5 4 -1  1
3071929575446697437
5 1 6 2 -1  1
3072025639443009363
5 0 4 1 -1  1
3072351225019384104
6 0 5 0 -1  1
3072478465626577770
7 2 6 2 -1  1
3072631216695870470
5 5 4 3 -1  1
3072633054069298967
5 6 4 6 -1  2
3072917341567649611
4 4 2 3 -1  1
3073605846781394477
0 2 0 1 -1  1
3073626065331644225
6 3 5 5 -1  1
3073721976542964661
7 2 5 4 -1  2
3073873989661673550
7 4 7 3 -1  1
3073928654275459117
6 0 5 0 -1  5
6 3 5 3 -1  318
6 4 5 4 -1  139
6 6 5 6 -1  10
7 1 5 2 -1  180
7 6 5 5 -1  4
3074038428582262786
7 3 5 3 -1  1
3074209476915403824
7 6 6 6 -1  1
3074345407098805914
3 5 1 7 -1  1
3074405882639315645
4 3 4 0 -1  1
3074627251039749378
7 1 5 0 -1  1
3074761946070664559
5 6 5 1 -1  1
3074773885356394388
2 1 7 6 -1  1
3074841245848453020
3 0 0 0 -1  1
3075002992958498387
7 4 7 6 -1  1
3075588741733502856
3 6 4 7 -1  1
3075946661403542540
3 2 4 2 -1  1
3076016489808352717
1 3 1 2 -1  1
3076040348631677443
7 1 5 2 -1  1
3076098361233782168
5 5 3 4 -1  1
3076105498514977680
5 3 3 1 -1  1
3076200548750662167
7 6 5 5 -1  1
3076303125547510702
7 4 6 4 -1  1
3076385580137396229
6 6 5 6 -1  1
3076447975157338641
6 1 4 1 -1  1
3076545380093009240
5 3 5 2 -1  1
3076676029617679662
7 5 6 4 -1  2
3076886307763328860
4 6 3 5 -1  1
3077057990556354001
7 6 6 6 -1  1
3077109834047329993
6 3 5 3 -1  2
3077136314734107486
2 2 1 3 -1  1
3077142671473471686
2 3 0 2 -1  1
3077212594124835746
4 4 5 2 -1  1
3077542637689370497
4 1 3 2 -1  1
3077589831275937198
6 5 5 5 -1  1
3077779606559209579
4 3 3 3 -1  1
3077838898029677014
4 1 5 2 -1  1
3077875985739827065
6 5 5 6 -1  1
3077908291675383988
5 3 4 2 -1  1
3077937375160055421
5 2 6 4 -1  1
3077965727235399245
4 0 3 0 -1  1
3078003980407301103
7 2 6 2 -1  1
3078168441417576490
6 1 5 1 -1  1
3078230578656904298
5 0 1 4 -1  1
3078269620137937568
6 6 7 7 -1  1
3078591933897069319
4 1 3 2 -1  1
3078702957539487761
6 4 5 5 -1  1
3078822392353216431
6 3 4 2 -1  1
3078950204769739566
7 0 7 1 -1  1
3078999119238265186
6 7 5 7 -1  1
3079147936709790732
4 7 5 5 -1  1
3079250565409602466
6 5 4 5 -1  1
3079259301507457180
6 2 5 3 -1  1
3079317706974133013
3 1 2 1 -1  1
3079378346589678544
6 5 5 5 -1  1
3079592610411422435
4 4 5 5 -1  1
3079608481734472226
7 2 6 2 -1  1
3079894326364245839
7 5 7 2 -1  1
3079979383722366813
4 3 3 4 -1  1
3080349613880279564
1 3 1 6 -1  1
3080825728864718406
7 1 4 4 -1  1
3081116261337044464
6 3 5 1 -1  1
3081380867166184802
4 4 3 5 -1  1
3081462002656793041
7 5 6 3 -1  1
3081502703028498490
3 6 6 6 -1  1
3081727441259328701
7 4 7 3 -1  1
3081763047625138844
7 3 6 3 -1  1
3081876071786333899
4 4 4 1 -1  1
3082249212050359527
4 5 6 3 -1  1
3082294647960138694
5 5 4 4 -1  1
3082334580753853589
7 2 6 3 -1  1
3082452668970383056
4 0 3 0 -1  1
3082623841795467789
0 6 0 5 -1  1
3082674817032179059
7 0 7 1 -1  1
3082806022575330444
7 2 4 5 -1  1
3082915764864548583
6 3 5 3 -1  1
3083016536063814349
6 1 5 1 -1  1
3083153361874901694
3 2 2 1 -1  1
3083159447689477597
4 3 7 0 -1  1
3083282761430616703
5 5 4 4 -1  1
3083438847821662342
7 2 6 3 -1  1
3083550949399764297
2 6 3 6 -1  1
3083568648888580691
5 5 4 5 -1  1
3083612228696278430
4 1 3 1 -1  1
3083683058831296784
4 2 6 0 -1  2
3083785958724100920
4 0 3 0 -1  1
3083961404847754096
7 3 6 4 -1  1
3084499607095731880
7 5 7 2 -1  1
3084585020014899700
6 3 4 3 -1  1
3084659446700402456
6 3 7 4 -1  1
3084850360331229422
5 4 4 3 -1  1
3084912433216733150
7 4 4 4 -1  1
3084984350231621319
6 5 7 4 -1  1
3085168126190278697
3 1 2 2 -1  1
3085219091463117605
3 5 2 3 -1  1
3085325215037474053
7 4 7 5 -1  1
3085421961464730514
4 2 5 4 -1  1
3085455941446061899
7 5 6 7 -1  1
3085598656196722608
5 1 5 3 -1  1
3085637310932189190
4 7 3 7 -1  1
3085715252253249504
6 2 4 2 -1  1
3085986064556564312
6 0 5 0 -1  1
3086067237650915258
3 4 2 6 -1  1
3086137140381669439
1 3 1 0 -1  1
3086220769054668959
7 4 6 5 -1  1
3086608268395903437
7 2 6 1 -1  1
3086776795123158153
5 1 4 2 -1  1
3086789028790462169
6 3 5 1 -1  1
3086793267875123654
6 4 2 0 -1  1
3087028667957955401
7 4 3 4 -1  1
3087365779710749113
7 5 6 6 -1  1
3087464776979625530
4 2 1 2 -1  1
3088302002937225888
6 4 5 4 -1  1
3088624381311184892
3 2 4 4 -1  1
3088693411940786406
6 7 6 6 -1  1
3088976297562728602
7 2 5 4 -1  1
3088993748930008272
5 4 4 3 -1  1
3089088362267737260
5 1 4 3 -1  1
3089146540257402190
6 2 4 2 -1  1
3089154602053746142
7 4 7 1 -1  1
3089411256955520742
3 4 2 5 -1  1
3089589064996242490
1 0 3 0 -1  1
3089676242062840354
3 3 1 5 -1  1
3089909573473564616
6 6 4 4 -1  1
3089940201987967872
6 4 1 4 -1  1
3090211298169658724
6 2 6 4 -1  1
3090466586885437814
7 6 6 4 -1  1
3090634598226626882
3 6 2 5 -1  1
3090816916889796290
3 3 2 2 -1  1
3091223414689505979
3 2 4 2 -1  1
3091376723845722640
2 1 5 1 -1  1
3091709377249110590
0 3 0 5 -1  1
3091742688291785066
3 4 1 3 -1  1
3092400095200776671
3 3 2 2 -1  1
3092610802115048065
5 4 2 1 -1  1
3092627830701682246
7 1 7 2 -1  2
3093045517168774627
7 2 6 1 -1  1
3093169331425124265
2 0 1 0 -1  1
3093205649905421692
7 6 6 5 -1  2
3093209695761059327
4 7 5 5 -1  1
3093222713101327808
3 6 6 3 -1  1
3093306079494411987
2 3 4 5 -1  2
3093317472740624717
4 4 5 2 -1  1
3093325211903868291
5 4 4 4 -1  1
3093542416734916017
5 1 3 0 -1  1
3093626377483835160
5 3 5 4 -1  1
3093723985687102559
6 3 6 2 -1  1
3093730690966406789
6 1 5 0 -1  1
3093820961745122383
6 4 7 5 -1  1
3093821062920194657
6 2 5 2 -1  1
3093835027455699642
5 2 5 6 -1  1
3093906465027512441
6 5 5 5 -1  1
3093956411961302745
6 5 4 5 -1  1
3094162234803368623
7 5 7 3 -1  2
3094311930949258704
6 5 4 5 -1  1
3094391290423263033
2 6 2 5 -1  1
3094612728509832565
5 5 4 4 -1  1
3094647060733678999
7 3 5 5 -1  2
3095006436589419962
4 5 4 7 -1  1
3095067084819092936
6 0 5 0 -1  1
3095107586091557865
7 6 7 7 -1  1
3095117116354005890
4 3 2 2 -1  1
3095482714661298708
6 5 6 6 -1  1
3095704751578546526
5 7 4 7 -1  1
3095742295891547405
6 5 5 5 -1  1
3095920840626604508
6 2 7 2 -1  1
3095933862044886523
6 4 6 3 -1  1
3096250894260817205
4 5 3 5 -1  1
6 2 6 4 -1  1
3096259057600073792
7 3 5 1 -1  1
3096359341696624842
7 4 6 5 -1  1
3096512467328204158
5 3 6 2 -1  1
3096557527773479787
7 6 6 6 -1  1
3096587197722953433
5 1 5 2 -1  1
3096659685497918286
6 5 5 5 -1  1
3096905796787335779
5 5 4 6 -1  2
3096953323854061115
7 3 6 4 -1  1
3097004710759608402
5 2 4 1 -1  1
3097016433696757838
5 6 4 6 -1  1
3097021621079490764
7 6 6 5 -1  1
3097029167434201700
6 6 5 7 -1  1
3097133466052267805
6 1 5 1 -1  2
3097486749318410097
4 0 4 2 -1  1
3097555522515344534
7 3 6 4 -1  1
3098112068328050747
7 0 7 1 -1  3
3098127348887518224
5 5 4 4 -1  1
3098478127064972651
5 1 6 2 -1  1
3098798593113500019
5 6 4 6 -1  1
3099158357425634049
7 6 6 6 -1  1
3099375348312363327
6 1 5 2 -1  1
3099409573476712771
1 5 2 7 -1  1
3099450616174632309
6 3 5 2 -1  1
3099657074433454225
0 2 0 5 -1  1
3099749507626249387
7 4 7 6 -1  1
3099754968111828505
4 3 3 3 -1  1
3099858373298647691
7 4 7 5 -1  1
3100053951068725138
6 2 5 2 -1  1
3100115687298168281
6 0 4 0 -1  1
3100134032384894730
5 3 4 3 -1  1
3100358813972386394
5 4 4 4 -1  1
3100691109084712685
5 6 4 6 -1  1
3100863105746592815
5 2 5 7 -1  1
3100885221986329009
7 2 6 1 -1  1
3101228870440737895
7 4 7 6 -1  1
3101401685100938162
7 5 4 2 -1  2
3101520788987588096
3 4 1 2 -1  1
3101652597765934071
7 6 6 5 -1  1
3101652765976017855
5 0 6 1 -1  10
3101782829313403695
6 7 5 7 -1  2
3101901345098478403
3 6 2 5 -1  1
3101987675023878383
5 2 4 4 -1  1
3102050901517917307
4 2 4 1 -1  1
3102059196459577591
6 7 5 7 -1  1
3102188689062413546
5 2 3 3 -1  1
3102254830150603236
7 2 7 5 -1  1
3102435551379759541
7 5 6 6 -1  1
3102473795931185707
7 3 7 4 -1  1
3102623349385823045
4 2 3 3 -1  2
3102625264801957149
1 6 3 4 -1  1
3102663797327295663
6 4 5 4 -1  1
3102926259294685577
6 3 5 2 -1  1
3102935219081496558
6 2 4 2 -1  1
3102944202484040343
7 6 6 4 -1  1
3103189519227387774
5 3 5 4 -1  1
3103228057798723161
6 3 6 1 -1  1
3103268980594509497
6 3 0 3 -1  1
3103335001084856936
5 7 5 6 -1  1
3103477433996393135
6 1 3 4 -1  1
3103568423570602932
3 3 2 3 -1  1
3103599746732178966
4 3 3 3 -1  1
3103665663200477312
6 6 5 6 -1  1
3103792978794790158
7 4 6 3 -1  1
3103878064912429908
5 5 3 4 -1  2
3103926207828309635
4 3 3 3 -1  1
3104691766275222981
7 1 5 2 -1  1
3104779892058964422
6 5 5 5 -1  1
3104809584709531916
5 4 4 4 -1  1
3104879817415374419
5 4 4 4 -1  1
3104956222445147685
6 4 7 5 -1  1
3105175427920522726
4 2 6 4 -1  4
3105209942775600577
6 6 5 7 -1  1
3105296394474563064
6 0 5 0 -1  1
6 1 5 1 -1  1
3105395779025770067
6 7 5 7 -1  4
3105978117689267591
6 7 5 6 -1  1
3106142284252494914
7 3 5 3 -1  1
3106249026139812638
3 6 4 5 -1  1
3106300272789261098
7 6 7 5 -1  1
3106356283969824663
2 4 1 3 -1  1
3106753439710092560
2 3 2 4 -1  1
3106791752092632845
3 7 2 7 -1  1
3106816584589295766
6 3 6 2 -1  1
3106852453825910397
7 1 3 1 -1  1
3107004246971366613
6 5 5 6 -1  1
3107088505344177024
5 3 6 4 -1  1
3107100921440742942
5 5 4 3 -1  1
3107320990435622128
4 4 3 4 -1  1
3107495884561066427
7 2 2 2 -1  1
3107567284178577605
7 3 6 3 -1  1
3107590475958196753
3 3 2 3 -1  1
3107643574067909106
7 5 7 4 -1  1
3107952329368613688
4 4 5 4 -1  1
3108003474323403257
7 7 4 4 -1  1
3108302276620871616
7 0 7 4 -1  1
3108414890003791475
7 5 7 4 -1  1
3108475529168833570
4 4 3 4 -1  1
3108816253783095325
5 1 4 3 -1  1
3108875767218761285
7 3 4 0 -1  2
3109061502426384192
4 3 6 2 -1  1
3109106113626170592
6 3 5 3 -1  1
3109169524453370300
7 1 6 1 -1  1
3109174070210623323
7 4 6 2 -1  1
3109320818894788490
4 5 5 6 -1  1
3109347807674605981
6 2 4 2 -1  1
3109397407325805961
3 1 2 0 -1  1
3109612055038599090
6 2 5 2 -1  3
3109943293747305873
6 3 4 3 -1  3
3109987751028217275
5 0 4 0 -1  1
3110049434260505385
7 0 7 2 -1  2
3110691422131949458
6 5 6 4 -1  1
3110913865660204904
7 3 5 5 -1  1
3110944246428310999
7 3 7 2 -1  1
3111433931257383376
7 0 5 2 -1  1
3111568457388742235
5 1 3 2 -1  1
3111768919936158125
7 4 1 4 -1  1
3111781561565575832
5 4 4 3 -1  1
3111855147245275738
7 3 7 4 -1  1
3111943566570710042
7 2 6 1 -1  1
3112027930938947112
7 4 6 4 -1  1
3112140399714818760
6 7 5 7 -1  1
3112248852607461331
7 3 7 2 -1  1
3112370885656777899
6 0 2 4 -1  1
3112382779979903743
3 3 4 4 -1  2
3112566753514908445
6 3 5 4 -1  1
3112768848533052352
4 1 3 2 -1  1
3112795694415185498
7 3 6 3 -1  1
3113262927324583010
5 4 3 2 -1  1
3113315131165135503
5 5 5 7 -1  1
3113391160394992194
7 4 7 3 -1  1
3113494719388632021
7 3 5 1 -1  1
3113633287320848381
7 5 3 1 -1  1
3113691891725395445
6 4 4 4 -1  1
7 6 5 5 -1  1
3113754675935577974
6 5 5 5 -1  1
3114108282549601754
6 1 4 1 -1  1
3114486432427721390
3 3 2 3 -1  1
3114518496061888284
5 3 6 4 -1  1
3114770712467228929
6 0 4 0 -1  1
3114920839225818664
5 2 3 3 -1  1
3115101702960868519
6 4 3 7 -1  1
3115175252973324773
6 3 7 1 -1  1
3115317199198046899
7 5 5 5 -1  1
3115636178774130529
7 0 5 0 -1  1
3115677073601433017
6 3 6 4 -1  1
3115743680293311974
3 2 4 4 -1  1
3116136201806664078
4 4 2 6 -1  1
3116244064684014055
3 1 7 5 -1  1
3116325775245959026
6 4 5 4 -1  3
7 6 5 5 -1  168
3116375564839672127
6 4 5 4 -1  1
3116463916030608027
7 4 7 6 -1  1
3116499316547420142
6 1 6 6 -1  1
3116546707086370719
5 5 4 3 -1  3
3116657401183848003
6 6 5 6 -1  1
7 2 3 6 -1  1
3116724131053007674
5 1 7 0 -1  1
3116928706307395273
6 3 5 1 -1  1
3116999562249958948
7 5 6 4 -1  1
3117211449543212326
5 4 4 3 -1  1
3117294379002486235
7 3 6 2 -1  1
3117334518476573009
6 6 3 3 -1  1
3117369306166693166
3 4 5 5 -1  1
3117467121416433748
6 6 5 6 -1  1
3117603821012999225
7 7 6 6 -1  1
3117700424535681246
5 5 4 3 -1  1
3118313059063659116
3 7 7 7 -1  1
3118513877051953700
3 0 5 1 -1  1
3118873090156229376
4 4 5 6 -1  1
3118876147684033166
7 2 6 2 -1  1
3118939065832769959
6 3 4 1 -1  1
3118990668906879684
4 0 2 1 -1  1
3119045469733759864
6 0 5 1 -1  1
3119079787095950398
4 0 3 2 -1  1
3119096752541422362
4 3 3 4 -1  1
3119151210893732749
4 1 3 1 -1  1
3119508283084487472
7 5 6 4 -1  1
3119602808918440243
6 1 5 1 -1  1
3119706707578443256
4 6 3 5 -1  1
3119789017183394602
3 4 2 4 -1  1
3119920282941890543
7 2 6 4 -1  1
3120000874449637867
6 4 5 3 -1  1
3120047301213269333
6 5 7 5 -1  2
3120297380890831555
6 5 6 6 -1  1
3120417978135360553
4 3 2 2 -1  2
3120690417215344050
5 5 4 7 -1  3
6 3 7 5 -1  1
6 7 5 7 -1  1
7 4 7 6 -1  2
3120786181560561644
3 1 2 1 -1  1
3120954204582343930
5 6 4 6 -1  2
3121021365221416510
6 3 4 4 -1  1
3121171694888395713
6 4 4 4 -1  1
3121238089738847758
4 3 3 3 -1  1
3121324214498237900
5 5 4 6 -1  1
3121391501649068848
3 6 5 7 -1  1
3121398708655895489
3 4 0 4 -1  1
3121482174924971071
0 2 1 2 -1  1
3121556961534986845
7 5 3 1 -1  1
3121729957522089765
6 3 5 1 -1  1
3121794616460285399
7 4 7 6 -1  1
3121837500405465745
4 7 3 7 -1  1
3121999893376001715
4 2 1 5 -1  1
3122589072790493336
6 3 7 5 -1  1
3122761523240096518
7 3 6 3 -1  1
3122965746732105856
7 4 7 6 -1  1
3123147719624102953
7 4 7 2 -1  1
3123293144568881538
7 0 7 4 -1  1
3123578219603182293
5 6 7 5 -1  1
3123618266595913283
5 4 5 5 -1  1
3123626253717400381
6 5 6 6 -1  2
3123988408535374142
7 3 6 4 -1  1
3124006344524136142
7 4 7 6 -1  1
3124146829291248399
6 5 7 6 -1  1
3124308509026869421
6 0 5 0 -1  1
3124336956063053114
7 0 7 1 -1  1
3124602294346838116
7 6 6 5 -1  1
3124942886849211157
5 4 4 4 -1  1
3125119961090083375
5 6 4 7 -1  1
3125166891262544905
4 1 3 1 -1  2
3125602105645395741
5 2 5 4 -1  1
3125748481637632852
7 6 6 5 -1  1
3126191327843036679
4 5 3 6 -1  1
3126254955672904942
5 0 4 1 -1  1
3126372062958687428
6 1 4 3 -1  1
3126596408847232088
5 2 7 3 -1  1
3126630284446318865
6 5 5 4 -1  1
3126646616752368579
4 7 5 5 -1  1
3126796363767437350
4 5 1 2 -1  1
3126984280890487286
6 4 7 6 -1  1
3127041111677585301
5 7 4 7 -1  3
7 1 6 3 -1  1
7 2 6 1 -1  4
3127417145692487266
1 0 1 3 -1  1
3127466953421020903
5 5 4 3 -1  1
3127673057943284086
6 5 4 5 -1  1
3127789481546766820
7 3 6 3 -1  1
3127802481670988680
7 4 5 6 -1  2
3127952410535727565
2 3 4 4 -1  1
3128097790778543667
1 3 3 1 -1  1
3128492114479284401
7 6 6 6 -1  1
3128511634266256923
3 4 5 3 -1  1
3128796916997749019
7 4 7 6 -1  1
3128888357735425755
4 4 2 5 -1  2
3128905052179930036
2 6 7 1 -1  1
3128960522496882062
5 4 4 3 -1  1
3129167833324802207
4 5 5 4 -1  1
3129501952227642837
2 2 2 1 -1  1
3129610781991295666
3 4 1 6 -1  1
3129658613220587756
4 1 3 1 -1  1
3129665484705437493
7 2 7 3 -1  1
3129906393653093850
6 3 4 4 -1  1
3130060056335855973
6 6 6 7 -1  1
3130205149248624490
3 4 5 2 -1  1
3130499747497991125
6 4 5 6 -1  1
3130563286478478863
7 0 7 3 -1  1
3130872051507252462
7 3 5 5 -1  1
3130885367272075290
7 4 6 3 -1  1
3130995542256666835
6 5 5 4 -1  1
3131045938699029285
6 7 4 7 -1  1
3131052050869096125
7 3 4 3 -1  1
3131121233563246798
6 4 5 5 -1  1
3131294196950992166
7 5 7 1 -1  1
3131324489975435949
2 3 3 2 -1  1
3131377018874046744
7 5 7 3 -1  1
3131433170542776334
7 5 7 4 -1  3
3131605452405692344
5 5 2 5 -1  1
3131714716072609995
5 2 6 2 -1  1
3131963240739823394
7 4 3 4 -1  1
3132002251830053800
4 6 6 5 -1  1
3132016867414309531
7 3 6 2 -1  1
3132360850324533187
5 4 2 7 -1  1
3132479369224616631
7 5 5 3 -1  1
3132725035271306351
5 6 4 5 -1  1
3132869655822992926
6 6 5 6 -1  1
3133045354011775357
7 2 4 5 -1  1
3133169547372741095
6 7 5 6 -1  1
3133191065640342441
6 5 5 5 -1  1
3133254143167905520
5 5 4 3 -1  1
3133451942037650309
3 4 4 6 -1  1
3133632692029839206
6 4 5 3 -1  1
3133671821367676765
7 4 7 6 -1  1
3133821228083826675
7 3 4 0 -1  1
3133823615480793951
6 7 5 7 -1  1
3133987613225187410
6 2 5 2 -1  2
3134045369815181693
4 2 3 2 -1  1
3134363609835328492
5 4 6 3 -1  1
3134418780499647415
6 5 5 6 -1  1
3134443872680803374
6 3 5 3 -1  2
3134512453293654800
4 4 2 5 -1  1
3134811117220875213
5 0 4 2 -1  1
3134908486811727618
6 3 5 2 -1  3
3135013947382511906
7 4 3 4 -1  1
3135127602689566645
5 5 3 7 -1  1
3135327995647501978
7 5 6 5 -1  1
3135361101062793694
7 6 7 4 -1  3
3135407292603938503
6 5 5 5 -1  1
3135682417812798895
6 5 4 5 -1  1
3135863801410774074
4 1 3 1 -1  1
3136003940887737654
6 3 5 5 -1  1
3136009484787616265
6 2 4 0 -1  1
3136117270287754770
4 4 6 2 -1  1
3136131831425144272
4 2 3 2 -1  1
3136261962020437354
5 1 4 1 -1  1
3136306598569327631
6 1 7 2 -1  1
3136315080490645840
6 3 7 3 -1  1
3136459631996161398
6 2 6 3 -1  1
3136613690223547086
4 3 5 3 -1  1
3136698180407789929
5 3 3 5 -1  1
3136732051419253533
4 3 3 2 -1  1
3136908007629265374
4 0 3 0 -1  1
3136993057137114285
7 5 7 0 -1  1
3137194739640669158
7 0 7 2 -1  1
3137277660659799760
7 5 7 3 -1  1
3137501876511500437
5 1 5 2 -1  1
3137714381291805635
3 3 5 5 -1  1
3137719143626355447
2 7 3 7 -1  2
3137876974522844662
5 0 6 1 -1  1
3137962276151196144
6 4 5 3 -1  1
3138053998712780993
6 1 5 1 -1  1
3138131299902088764
5 2 7 0 -1  1
3138132313951395687
7 5 6 4 -1  1
3138224918459532264
4 7 3 7 -1  1
3138279938350634118
7 2 1 2 -1  1
3138304899956991533
7 5 5 5 -1  1
3138315053469580519
4 7 3 6 -1  1
3138323852055082779
6 7 5 7 -1  1
3138444429985823369
6 7 5 7 -1  1
3138454487830312035
7 2 6 1 -1  2
3138464044358701862
6 2 4 3 -1  1
3138589369216874886
7 0 5 0 -1  1
3138636750478346897
6 6 5 6 -1  1
3138685419777222281
7 2 5 4 -1  1
3138692125406852001
2 2 0 1 -1  1
3138692261234834300
7 2 6 0 -1  1
3138954418479802852
6 4 5 4 -1  1
3139076565833372829
4 6 5 5 -1  1
3139110497025606410
5 1 2 1 -1  1
3139117360789200162
2 5 4 5 -1  1
3139144333655404617
4 5 6 4 -1  1
3139155015609930407
3 1 1 3 -1  1
3139186129895130719
7 3 3 7 -1  1
3139274545913431162
7 1 5 2 -1  1
7 3 6 4 -1  1
7 4 7 6 -1  1
3139471020065999516
7 5 6 5 -1  3
3139607322496754351
7 3 5 3 -1  1
3139933122669610539
7 4 4 7 -1  1
3140196911813360339
7 0 7 1 -1  1
3140426592541201465
5 1 4 1 -1  1
3140552688416866635
3 6 6 3 -1  1
3140814127612731777
7 0 6 0 -1  1
3140951242034010478
7 3 4 0 -1  1
3141079894363819859
5 5 4 3 -1  1
3141172123769943848
6 2 5 4 -1  1
3141194237384169487
7 2 6 2 -1  1
3141327153981903392
4 6 4 4 -1  1
3141349896864711771
4 7 4 5 -1  1
4 7 5 7 -1  1
3141526831636752854
6 6 5 5 -1  1
3141769706051621266
6 0 4 0 -1  1
3141848500397413306
7 2 6 1 -1  1
3141978068393392641
3 0 2 1 -1  1
3141991847854195552
7 6 7 5 -1  1
3142097143090771500
3 3 0 3 -1  1
3142221490845398116
1 0 5 4 -1  1
3142354612763874885
4 2 3 2 -1  1
3142494333401034145
7 5 5 7 -1  1
3142580320280614023
3 2 5 0 -1  1
3142600799274529677
3 1 2 2 -1  1
3142668762044442113
3 0 2 2 -1  1
3142815693115271954
4 5 3 6 -1  1
3142999882446022530
2 0 3 0 -1  1
3143054422770164004
7 0 7 3 -1  1
3143101627494965334
6 7 6 6 -1  1
3143144333008132200
7 4 0 4 -1  1
3143366405032841576
5 2 3 1 -1  1
3143381552591562084
5 2 4 2 -1  1
3143391268152107495
4 3 3 2 -1  1
3143396749262418603
6 7 5 7 -1  1
7 3 6 2 -1  1
7 3 7 2 -1  1
3143571947796473382
7 1 5 2 -1  1
3143727460374707462
4 0 3 1 -1  1
3143742621687480844
2 3 2 5 -1  2
3143981570450305659
4 3 4 0 -1  1
3144167921976475283
4 6 7 3 -1  1
3144188195479081579
7 2 7 5 -1  1
3144293143678204127
7 6 6 5 -1  1
3144503992949684805
7 4 3 4 -1  1
3144686153664655829
6 7 7 6 -1  1
3144906531693562999
7 2 7 4 -1  1
3145270814073240289
7 2 6 1 -1  1
3145334138046946341
7 1 6 3 -1  1
3145458125604573531
6 6 5 5 -1  1
3145485368037150278
5 3 0 3 -1  1
3145571306382269046
3 6 4 5 -1  1
3145716963252408825
7 0 7 4 -1  1
3145986319712935769
7 6 6 6 -1  1
3146055919749360686
4 4 3 4 -1  1
3146143644712334285
7 5 7 4 -1  1
3146343824773357873
3 4 1 3 -1  1
3146347402886494917
4 2 3 2 -1  1
3146473456685788083
7 2 5 4 -1  1
3146570678120395470
7 0 7 4 -1  1
3146628798837505283
2 5 1 7 -1  2
3147019018890670914
5 4 4 2 -1  1
3147254164356023023
7 5 7 4 -1  1
3147635927743738883
7 4 7 6 -1  3
3147707495952358336
6 6 5 6 -1  1
3147735529718169355
5 5 4 3 -1  1
3147762182241546474
6 4 6 3 -1  1
3147763739597777315
6 4 4 4 -1  3
3147885718545631961
6 7 4 7 -1  1
3148153628077280706
7 0 7 1 -1  1
3148496828466045146
6 0 5 0 -1  1
6 2 5 2 -1  2
6 4 5 4 -1  3
7 6 5 5 -1  8
3148561400146168365
6 3 5 5 -1  1
3148716210035470332
6 1 4 1 -1  1
3148755023878481794
7 5 6 6 -1  1
3149010597900749308
6 6 5 5 -1  1
3149098090935822149
1 7 5 3 -1  1
3149146261375070955
0 3 2 2 -1  1
3149327872975439505
7 4 5 3 -1  1
3149328146663040805
3 5 3 6 -1  1
3149380378494243534
6 6 5 6 -1  1
3149454561710366222
6 2 4 1 -1  1
3149457133752404417
7 1 3 1 -1  1
3149601710737986945
1 2 4 5 -1  1
3149611323460834967
4 0 1 3 -1  1
3149677012150350411
7 4 1 4 -1  1
3149688468257591169
4 4 3 4 -1  1
3149779843373107316
5 4 4 5 -1  1
3149790927610277232
4 2 1 5 -1  1
3149886481220628494
7 6 6 6 -1  1
3149908974154571515
7 6 6 4 -1  1
3150385844935310985
6 1 5 1 -1  1
3150424588062208164
3 4 2 2 -1  1
3150455511487957273
5 3 6 4 -1  1
3150456154011035379
3 5 4 4 -1  1
3150490503318315588
5 2 6 4 -1  7
5 2 7 1 -1  8
3150578036174467861
6 2 6 4 -1  1
3150657975642717487
7 6 7 7 -1  1
3150670978159527481
5 5 3 4 -1  2
3150883815843300889
7 6 7 5 -1  1
3150922253332556959
6 7 5 7 -1  1
3150970049901289709
5 4 4 5 -1  1
3151056320981608092
3 4 4 5 -1  1
3151248610714926266
6 6 6 7 -1  1
3151253519373390804
3 1 4 3 -1  1
3151333739669928047
6 1 3 4 -1  1
3151430870084845906
7 3 6 4 -1  1
3151434806422041313
5 3 6 4 -1  1
3151437722721638051
7 0 4 0 -1  1
3151459145719231432
4 3 3 2 -1  1
3151549143395647100
3 1 2 0 -1  1
3151631412784739829
4 0 3 1 -1  1
3151637119829065889
4 2 2 4 -1  1
3151787223627110440
4 2 1 2 -1  1
3151806623833070556
5 3 4 5 -1  1
3151814845965085467
7 5 6 7 -1  1
3151968419708935083
6 5 5 5 -1  1
7 5 6 4 -1  1
3151992509594714250
3 1 4 3 -1  3
3152145681501085737
6 0 5 0 -1  1
3152513732750964627
7 4 6 4 -1  1
3152589524717484625
7 0 2 0 -1  1
3152657304525900848
7 5 7 4 -1  1
3152772192668703573
7 3 7 2 -1  1
3152868031249496142
5 4 4 4 -1  1
3153028232130534187
7 0 7 3 -1  1
3153184591699779236
7 2 7 4 -1  1
3153207588538386106
1 1 2 2 -1  1
3153246056276306391
6 3 5 1 -1  1
3153451793694667750
6 3 6 4 -1  1
3153515911215765571
6 1 5 1 -1  1
3153552967737764327
5 2 4 2 -1  1
3153706262320116062
6 7 7 6 -1  1
3153913478414581089
5 5 1 1 -1  1
3153952570826838567
7 3 5 5 -1  1
3154043159327682878
6 6 5 6 -1  1
3154138264433689067
1 5 3 4 -1  1
3154267443801589648
7 5 6 6 -1  3
7 6 5 5 -1  6
3154713604817898806
4 0 3 0 -1  1
3155041547302593707
3 5 2 4 -1  1
3155166368963659671
3 4 4 2 -1  1
3155253342106245857
6 6 7 6 -1  1
3155316747332001769
6 3 5 1 -1  1
3155395444964025735
6 5 4 5 -1  1
3155531476093672422
7 2 6 1 -1  1
3155542992321145857
4 2 3 3 -1  1
3155684969488696912
0 5 1 6 -1  1
3155707181159620314
6 4 6 0 -1  1
3156175025463247768
4 3 3 4 -1  1
3156213999553327246
5 2 4 2 -1  1
3156346005421341189
4 4 4 6 -1  1
3156615791774428180
7 3 6 2 -1  1
3156818887403428067
7 6 6 6 -1  1
3157088093905981523
7 6 6 6 -1  1
3157094096085940062
4 2 4 0 -1  1
3157145045224028939
7 3 7 5 -1  1
3157290297606137078
5 6 4 6 -1  1
3157485471580659782
7 3 6 3 -1  1
3157624360872490851
7 4 7 6 -1  1
3157741687259281256
2 2 1 2 -1  1
3157895438254268888
4 0 1 0 -1  2
3157944817241573189
7 5 7 4 -1  1
3158099514324273218
6 0 5 0 -1  1
3158192552155759486
7 4 7 5 -1  1
3158300316122524126
3 5 3 4 -1  1
3158369873843060328
7 2 6 1 -1  1
3158419806527549826
4 0 3 1 -1  1
3158488393674077697
7 5 3 1 -1  1
3158578129087260894
4 3 3 3 -1  1
3158743007758766710
6 4 4 5 -1  1
3159001976217904179
5 1 4 3 -1  1
3159006991320585294
4 1 3 1 -1  2
3159140066745950404
6 6 7 5 -1  1
3159521516626755192
6 0 4 0 -1  1
3159771876087602341
5 0 4 0 -1  1
3159863094247053542
6 3 3 0 -1  1
3160128262012147665
5 3 6 3 -1  1
3160402926405859888
6 4 4 2 -1  1
3160649320265249557
3 7 2 7 -1  1
3160688360091931688
7 3 4 3 -1  1
3160749691154245130
3 5 4 3 -1  1
3160871961129317781
5 5 4 7 -1  1
3161091210415205686
1 0 1 4 -1  1
3161233209729146136
4 5 3 4 -1  1
3161244539107495188
3 3 7 3 -1  1
3161500463125865321
7 6 5 5 -1  1
3161546294377684236
5 6 4 6 -1  1
3161659849926402839
6 3 5 2 -1  1
3161703659796562620
4 7 3 5 -1  1
3161989058954353354
6 3 3 6 -1  1
3161993765265117198
7 2 7 1 -1  1
3162037699699569988
6 1 5 1 -1  1
3162077567739245717
6 2 5 2 -1  1
3162332347640725703
5 2 3 1 -1  1
3162448612107772068
4 3 3 4 -1  2
3162550349503281467
7 3 6 4 -1  1
3162650699882911898
4 0 4 2 -1  1
3162667992191522012
7 5 6 5 -1  1
3162702788290874999
7 5 7 3 -1  1
3162825100475433556
6 3 2 3 -1  1
3162848799884671631
5 5 4 3 -1  1
3163261104244405255
4 6 2 6 -1  2
3163274735738745417
5 6 4 6 -1  1
3163449010935192312
3 6 2 5 -1  3
3163478178077408540
6 5 5 4 -1  1
3163864261890458761
6 2 4 2 -1  1
3163988651766703211
6 1 4 1 -1  1
3164092303944136048
6 1 5 2 -1  1
3164164254237069702
6 5 4 5 -1  6
3164481819332105324
5 5 5 4 -1  1
3164916761119175727
5 6 4 7 -1  1
3164986871395445791
3 5 1 5 -1  1
3165049112956017594
6 7 5 7 -1  1
3165153857189838371
6 5 5 5 -1  1
3165171999918270375
4 4 1 7 -1  1
3165205854662338260
3 4 1 2 -1  1
3165287222778807911
6 7 5 6 -1  1
3165340537151278069
6 0 6 1 -1  1
3165747360084192866
6 5 5 5 -1  1
3165762925213021183
5 5 3 6 -1  1
3165802012049945796
5 0 4 0 -1  1
3165813306038137775
7 5 7 2 -1  1
3165877613420056048
5 3 4 4 -1  1
3165881564133969504
6 6 5 6 -1  4
3165890036412932921
7 4 6 3 -1  1
3165998860953402378
6 4 5 6 -1  1
3166007066440732846
4 3 3 2 -1  1
3166106172392280202
6 3 5 4 -1  1
3166198468722006848
7 1 7 2 -1  1
3166229435122265676
7 4 4 4 -1  1
3166294762679171577
5 0 4 0 -1  1
3166301940352050789
4 3 3 1 -1  1
3166303873635655653
1 6 0 5 -1  1
3166325645459500062
7 0 7 1 -1  1
3166444621373035282
4 5 5 6 -1  1
3166596740673422838
1 4 1 7 -1  1
3166720539946798555
6 7 5 7 -1  1
3166775584815866869
7 3 6 2 -1  1
3167019571292720693
0 3 0 6 -1  1
3167024185078202549
5 2 3 3 -1  1
3167128242382496485
7 5 7 4 -1  1
3167174246969657069
6 6 6 5 -1  1
3167227036032287089
5 2 6 4 -1  1
3167315335229007784
6 0 5 1 -1  1
3167402237176044430
6 6 7 6 -1  1
3167529042485473298
5 3 4 3 -1  1
3167534496390773906
7 3 6 3 -1  1
3167616362094402825
6 6 4 4 -1  1
3167718956069518192
4 0 7 3 -1  1
3167740881633928454
2 0 3 2 -1  1
3167829760428651276
6 6 4 6 -1  1
3167861869750078432
6 7 5 7 -1  1
3167887470369951469
5 0 1 4 -1  1
3167942376198947453
6 2 4 2 -1  2
7 1 6 3 -1  4
7 4 7 6 -1  4
3168186170021110483
7 6 6 6 -1  1
3168827266264202527
0 1 1 1 -1  1
3169002420885861759
7 2 5 0 -1  1
3169066840819676160
7 7 7 6 -1  1
3169093155597072625
6 2 4 2 -1  1
3169278920942838327
6 2 5 2 -1  1
3169400316743502552
6 5 4 5 -1  1
3169464079458734166
7 5 7 0 -1  1
3169492728581304897
5 7 6 6 -1  1
3169538151778374614
4 4 5 6 -1  1
3169777189135945554
7 2 5 4 -1  1
3169934173606300771
5 3 5 6 -1  1
3169968190651258213
7 2 5 4 -1  1
3170246119286552497
6 3 4 2 -1  1
3170469695322735564
7 2 6 3 -1  1
3170714504859690913
3 3 5 5 -1  1
3170772681342726024
7 2 5 4 -1  1
7 2 6 3 -1  1
3170812869441681503
5 7 5 0 -1  1
3170876062817576333
6 7 5 7 -1  1
3170915541269757850
6 2 5 2 -1  1
3171195095305440272
6 4 3 4 -1  1
3171280309423741482
6 1 5 2 -1  1
3171436524627599021
7 4 7 6 -1  1
3171595809742027824
6 6 5 6 -1  1
3171676358064285704
5 5 3 6 -1  1
3171747694232128589
5 3 5 6 -1  1
3171784462157510149
4 2 3 4 -1  1
3171805534024970451
7 2 7 1 -1  1
3171899884087888591
3 6 2 6 -1  1
3172066835469927263
6 6 5 6 -1  1
3172241805654825236
2 0 1 0 -1  2
3172315935490496681
5 3 4 3 -1  1
3172340053896476209
6 3 4 2 -1  1
7 5 7 4 -1  1
3172520377809881515
4 0 5 2 -1  1
3172777484544913665
2 6 2 4 -1  1
3172779744398877285
7 3 6 3 -1  1
3172792626951108195
6 0 3 0 -1  1
3172806922841939964
7 1 6 2 -1  1
3173086473442502616
7 3 6 2 -1  1
3173389025029215594
5 5 3 4 -1  1
3173437691143466915
1 0 1 2 -1  1
3173513314553923832
6 5 5 5 -1  1
3173704875488207534
4 6 3 6 -1  1
3173776992663874568
5 5 6 3 -1  1
3173861776548943789
6 1 6 3 -1  1
3173928665393069032
7 5 3 1 -1  1
3173984846698298414
6 2 7 2 -1  1
3174187040611899096
3 7 2 6 -1  1
3174223611519638767
7 1 6 2 -1  1
3174271103576314827
3 4 5 5 -1  1
3174296103924018465
7 5 6 6 -1  1
3174541815987707188
2 6 1 7 -1  1
3174627568238335373
7 5 5 5 -1  1
3174896167744769514
5 2 7 4 -1  3
3175099119092442847
5 4 5 3 -1  1
3175139571877416512
1 4 1 0 -1  1
1 4 4 1 -1  1
1 4 4 7 -1  1
3175528847985083871
3 3 2 1 -1  1
3175795739627085556
6 1 4 3 -1  1
3175820128758798575
5 0 4 0 -1  1
3175884747755700707
6 3 4 2 -1  1
3176230249013040901
5 4 1 4 -1  1
3176341535272541452
6 3 5 2 -1  1
3176363192219457013
1 5 3 4 -1  1
3176421648334774216
7 5 6 4 -1  2
3176489827570973548
7 2 4 5 -1  1
3176647789568032544
4 3 3 3 -1  1
3176668882879777536
5 3 6 2 -1  1
3176967838187597949
6 2 6 3 -1  1
3177161877781601722
4 2 4 1 -1  1
3177289348112955638
6 7 7 5 -1  1
3177515081095730894
4 3 3 4 -1  1
3177550976916458575
2 1 2 0 -1  3
3177553123335771010
5 5 5 4 -1  1
3177783720386473157
5 0 4 1 -1  1
3177878246313060501
6 1 5 2 -1  1
3178017638715184550
5 6 5 5 -1  1
3178146517522155552
7 0 7 4 -1  1
3178190791323778199
6 2 4 2 -1  1
3178355405473476460
6 7 5 7 -1  1
3178462294585438226
2 4 4 3 -1  1
3178489471507428310
6 1 3 4 -1  1
3178566939419834822
6 0 6 7 -1  1
3179110216397992944
7 1 5 1 -1  2
3179123390747776917
2 1 2 0 -1  1
3179196858352307067
7 7 7 6 -1  1
3179444643744769974
7 5 6 4 -1  1
3179654647091326184
7 3 6 4 -1  1
3179857911403613941
5 1 4 2 -1  1
3179944962339576917
3 1 5 3 -1  1
3179952279710790057
7 2 5 0 -1  1
3180138637390222653
3 6 2 6 -1  1
3180344319120183722
7 3 7 5 -1  1
3180549382808402994
7 5 6 4 -1  1
3180601071274129031
7 5 6 5 -1  1
3180690742201665533
7 1 5 2 -1  1
3180715733830667861
7 4 4 4 -1  2
3180735051519878185
4 0 3 1 -1  1
3180957483408413640
6 5 5 5 -1  1
3181118704432838397
1 3 2 3 -1  1
3181468271031812150
5 5 4 3 -1  9
6 1 4 3 -1  1
3181867746160676226
3 4 2 5 -1  1
3182013949507190578
2 7 0 7 -1  1
3182045283000193597
6 7 5 6 -1  1
3182338263106202228
7 1 7 2 -1  1
3182480700897817068
5 0 4 0 -1  1
7 5 7 4 -1  2
3182537964764115333
5 5 4 3 -1  1
3182984146534036017
7 6 7 7 -1  1
3183213361799291087
2 7 4 6 -1  1
3183266419449854053
5 4 5 3 -1  1
3183365762529000753
3 6 2 5 -1  1
3183401032508066929
7 0 7 4 -1  1
3183519566646888680
3 5 4 3 -1  1
3183536646646515658
4 2 3 3 -1  1
3184052798216342632
7 3 5 1 -1  1
3184079308949186350
7 3 6 2 -1  1
3184524082138358191
7 5 7 3 -1  1
3184624745715173450
4 1 2 1 -1  1
3184633096381782411
3 1 4 0 -1  1
3184720913304187648
6 6 4 6 -1  1
3184756926670791732
0 4 2 2 -1  1
3184947379067138464
6 0 4 0 -1  1
3185190421070525439
0 3 6 3 -1  1
3185371566380907899
7 5 7 4 -1  1
3185392870230370394
6 0 5 1 -1  1
3185416219709208479
5 6 4 7 -1  1
3185533486284856179
7 2 7 3 -1  1
3185611094360764856
6 2 5 2 -1  8
7 1 6 3 -1  1
7 4 7 6 -1  2
3185794512687531754
4 1 3 2 -1  1
3185862765174743906
5 2 4 3 -1  1
3185949153006757726
6 5 5 4 -1  1
3186012844058899259
6 2 5 2 -1  1
3186178678834227989
3 7 2 7 -1  1
3186261965678360666
4 4 4 5 -1  1
3186445865133967962
5 3 6 5 -1  1
3186524510061381850
7 3 5 5 -1  1
3186606493777945029
7 4 7 1 -1  1
3186786063604992193
7 3 6 3 -1  1
3187011517648063677
7 3 0 3 -1  2
3187030337411823538
5 0 0 5 -1  1
3187063754727511877
7 2 3 6 -1  1
3187112687053266711
6 7 4 6 -1  1
3187137896084362297
6 4 1 4 -1  1
3187175715288258498
4 7 7 4 -1  1
3187176135088199164
6 6 5 5 -1  1
3187220074424672155
4 4 4 7 -1  1
3187394688040922442
4 5 3 4 -1  1
3187469412046531017
6 2 1 7 -1  1
3187499455452933330
7 5 6 3 -1  1
3187832424407337563
7 2 3 6 -1  3
3187874702140830647
7 4 6 4 -1  1
3187991491893637073
6 7 5 7 -1  1
3188000831886825163
3 3 3 7 -1  1
3188044760634644046
6 7 6 6 -1  1
3188153041225311468
4 3 3 4 -1  1
3188199552315007790
6 5 5 6 -1  1
3188297621588141959
6 4 5 4 -1  1
3188385294424036554
5 4 4 4 -1  1
3188516998936506883
4 4 3 5 -1  1
3188565803406301718
6 7 6 6 -1  1
3188590408904872208
5 1 2 4 -1  1
3188600967120323763
0 4 0 0 -1  1
3188851104624533747
7 4 7 5 -1  1
3189009276247116960
5 2 4 1 -1  1
3189134875345843122
6 2 5 2 -1  1
3189437013706806424
5 6 2 3 -1  1
3189500485968533551
7 5 7 4 -1  2
3189626060840421624
6 5 5 4 -1  1
3189925898778754208
3 1 3 3 -1  1
3189978415016851514
6 3 7 5 -1  1
3190023539025712268
7 4 7 6 -1  1
3190024179121052887
4 7 5 6 -1  1
3190151337381355690
6 3 3 6 -1  1
3190201424703735401
7 0 7 1 -1  1
3190361059581656073
6 4 5 4 -1  1
3190367208449412398
5 5 1 1 -1  1
3190473714916338068
5 5 7 4 -1  1
3190534631792409289
6 3 5 5 -1  2
3190711159910474090
4 7 3 6 -1  1
3190794434788615915
5 5 4 3 -1  1
3190829493905639102
5 2 6 4 -1  1
3190904261445407920
6 4 4 3 -1  1
3190982117306053574
6 4 5 5 -1  1
3191004767814010726
4 2 3 2 -1  1
3191130115378976489
7 3 7 6 -1  1
3191296656888432132
7 2 7 0 -1  1
3191420818291769724
6 2 4 2 -1  1
3191730982835539797
6 3 5 4 -1  1
3191771896850228550
7 3 4 3 -1  1
3191878365679738658
5 7 4 7 -1  1
3192058535805645332
3 1 5 2 -1  1
3192475701657850491
6 2 7 3 -1  1
3192614404315716483
7 3 4 6 -1  1
3192620536879063626
4 2 5 4 -1  1
3192692155226243375
5 4 6 3 -1  1
3192880178765657263
7 2 5 4 -1  1
3192925272776813038
6 2 3 5 -1  1
3192942085770292752
7 0 7 2 -1  1
3193286186076067259
2 2 0 3 -1  1
3193383179453367015
1 1 1 0 -1  1
3193406687753375824
5 1 7 1 -1  1
3193567836472477505
6 3 5 5 -1  1
3193672498808557210
5 2 5 1 -1  1
3193712845277052523
1 2 1 0 -1  1
3193764365531777713
3 1 3 4 -1  1
3193892503942328842
4 0 3 0 -1  1
3194048244185396947
5 3 3 2 -1  1
3194132639951693073
5 2 3 4 -1  1
3194278578204533390
6 3 5 5 -1  1
3194302081208917332
2 4 1 5 -1  1
3194312341153553221
3 2 0 5 -1  1
3194355588728671959
5 3 4 2 -1  1
3194551653711732560
4 6 3 6 -1  1
3194563617380864558
7 3 5 1 -1  1
3194674157745472551
7 5 7 6 -1  1
3194743093031372322
3 6 2 6 -1  1
3194834481341985233
5 5 5 7 -1  1
3195169156301607861
6 6 5 6 -1  1
3195191681105467507
6 5 4 5 -1  2
3195467169099771967
4 3 3 3 -1  1
3196010021918209161
5 0 7 2 -1  1
3196100393077814555
7 1 7 2 -1  1
3196266923615919161
3 4 3 2 -1  1
3196439213522775624
6 3 3 3 -1  1
3197151965013636737
5 5 3 6 -1  1
3197224041250253365
6 5 4 5 -1  1
3197249544122919245
4 3 3 2 -1  1
3197349588381355841
4 0 3 1 -1  1
3197365194126173140
3 4 4 2 -1  1
3197551402562922918
6 1 5 1 -1  3
3197571304297914265
3 2 3 7 -1  1
3197646204274313660
7 5 6 6 -1  1
3197953156923616008
7 5 7 2 -1  1
3198037276298843519
5 2 4 2 -1  2
3198063208459564171
6 4 4 4 -1  1
3198084629459873647
7 7 6 7 -1  1
3198294238026843619
7 4 7 5 -1  2
3198299066417564508
4 3 5 5 -1  1
3198479154977086572
1 0 0 0 -1  1
3198495901236976592
6 5 5 5 -1  1
3198603406310574410
7 1 0 1 -1  1
3198604013106509245
4 3 3 4 -1  1
3198763320490948561
7 3 6 2 -1  1
3198904491721566263
4 1 3 1 -1  1
3199258488199207994
5 7 4 7 -1  1
3199658678639906199
3 7 3 4 -1  1
3199891735056242276
4 0 4 4 -1  1
3200258869924625276
3 1 4 1 -1  1
3200481957264487739
7 6 6 4 -1  1
3200631947597504410
7 4 0 4 -1  1
3200982472821219089
7 4 5 4 -1  1
3201011414861597768
3 2 2 2 -1  1
3201058905219309555
6 7 7 6 -1  1
3201361938014119355
5 5 6 3 -1  1
3201502680561987855
6 5 5 5 -1  1
3201560971048474342
5 4 7 3 -1  1
3201687343238752129
3 5 2 6 -1  1
3201813044493714591
6 4 6 5 -1  1
3201826593472587405
5 6 4 6 -1  2
3201843352921302173
7 5 7 4 -1  1
3201900077627508301
7 6 6 6 -1  1
3201942163792435998
6 5 4 5 -1  1
3202002547964083488
5 7 4 7 -1  1
3202031401784292431
6 6 6 7 -1  1
3202137195532359982
4 1 3 1 -1  1
3202190383235619678
6 6 7 5 -1  1
3202204162117669928
4 4 3 4 -1  1
3202398692098325465
3 2 2 1 -1  1
3202472612645117428
6 7 4 7 -1  1
3202503746799341647
4 0 2 1 -1  1
3202548627223694079
7 1 1 1 -1  1
3202627626768176316
5 5 4 4 -1  1
3202761750332365960
0 7 2 5 -1  1
3202771771835589628
7 7 7 5 -1  1
3202808312093919947
7 0 7 1 -1  1
3202817480552644131
5 1 6 2 -1  1
3202940419725815064
6 5 5 5 -1  1
3203037899116447170
7 6 6 7 -1  2
3203137335115760042
5 4 4 3 -1  1
3203149896420512159
5 6 0 1 -1  1
3203171732382666437
4 2 3 3 -1  1
3203310661292011689
6 6 5 5 -1  1
3203457325805898244
1 5 2 5 -1  1
3203564085102043618
7 5 7 4 -1  1
3203847572870413971
7 0 7 1 -1  1
3203953534380197758
4 5 3 3 -1  1
3204126442460187162
7 4 7 6 -1  1
3204378047133043804
6 3 4 2 -1  1
3204379382957909469
3 4 2 6 -1  3
3204628014675551156
6 2 5 2 -1  1
3204738568847501685
5 3 5 2 -1  1
3204758262232019526
7 3 7 4 -1  1
3204836423677744317
5 5 4 5 -1  1
3205061662065092788
7 4 7 5 -1  1
3205273233592038722
5 4 5 5 -1  1
3205394323763111096
7 3 6 3 -1  1
3205849627774359466
2 0 3 1 -1  1
3205984351995585418
4 5 4 7 -1  1
3206027611865327453
3 5 5 6 -1  1
3206171158478113042
7 4 2 4 -1  1
3206279839008945734
6 1 5 1 -1  1
3206393981220122203
6 0 5 0 -1  1
3206427833963337384
7 6 7 7 -1  1
3206434297998831971
1 0 4 3 -1  1
3206540200636618871
6 4 2 0 -1  1
3206624485027306895
5 4 3 3 -1  1
3206626171475438128
7 1 6 3 -1  2
3206704129146946716
7 0 7 1 -1  1
3206938406857352716
1 7 0 7 -1  1
3207047305985216532
7 1 3 1 -1  1
3207280863120094531
7 4 6 3 -1  1
3207533151324043919
6 4 4 6 -1  1
3207645950196903855
4 3 3 3 -1  3
3207677753065933432
6 2 2 2 -1  1
3207685423310570887
7 5 6 4 -1  1
3207963112053761932
4 3 6 3 -1  1
3207965526480798364
6 6 5 6 -1  1
3208286972815693051
6 6 5 5 -1  1
3208338094497338661
7 6 6 7 -1  1
3208540700505576712
6 4 4 4 -1  1
3208586727895230591
4 0 3 0 -1  1
3208621870866337454
6 5 4 5 -1  1
3208838244586206437
6 5 6 3 -1  2
3208901158743011693
7 0 7 3 -1  1
3208920606118709091
5 6 4 5 -1  1
3208986649467850925
7 5 6 6 -1  1
3209126590661673460
5 0 3 2 -1  1
3209195250018500545
6 2 6 3 -1  1
3209204036893085244
6 1 4 1 -1  1
3209289098474124148
4 6 3 6 -1  1
3209346625733608142
7 3 5 1 -1  1
3209402641373787601
5 1 4 0 -1  1
3209445239917579200
4 6 6 4 -1  1
3209473745024480732
7 1 5 2 -1  1
3209522440122351212
6 2 5 2 -1  1
3209626989282827963
2 3 3 4 -1  1
3209646017451472077
7 5 6 5 -1  1
3210141919780431736
7 7 6 6 -1  1
3210217348167319293
5 3 4 3 -1  1
3210305229436401540
5 2 0 2 -1  3
3210310131006886589
3 4 5 6 -1  4
3210389008419515905
7 2 6 1 -1  1
3210545055829529663
7 0 7 1 -1  1
3210734038289670688
5 5 4 5 -1  1
3210756361279320448
2 1 2 2 -1  1
3210899912457811551
6 6 5 6 -1  1
3210936925560698845
5 2 3 2 -1  1
3211021419279721039
7 6 6 7 -1  1
3211197602146860806
7 5 7 4 -1  1
3211224336944252438
7 2 5 2 -1  1
3211376153742196171
4 3 6 4 -1  2
3211489655137549607
6 7 4 7 -1  1
3211733720111134117
7 6 6 6 -1  1
3212029858409801165
7 2 3 2 -1  1
3212115955302080085
4 5 3 3 -1  1
3212399213799428760
7 3 7 2 -1  1
3212633855234733559
6 0 4 0 -1  1
3212698489390247361
1 7 0 6 -1  1
3212927264582152206
6 1 4 1 -1  1
3212980010850513504
4 0 3 1 -1  1
3213089583950624477
4 1 3 1 -1  1
3213103944507544576
6 7 7 6 -1  1
3213185768298647246
4 4 2 6 -1  1
3213313757391247883
4 3 2 4 -1  1
7 6 6 7 -1  1
3213356742308197089
6 3 5 5 -1  1
3213395000567685307
5 3 4 4 -1  1
3213721799176233506
7 5 7 4 -1  1
3213766657853895037
7 3 1 3 -1  1
3213782001821129259
7 2 6 3 -1  1
3213786438468762730
7 3 1 3 -1  1
3213848557974034213
7 3 6 2 -1  1
3213936903035619733
7 2 6 3 -1  1
3214090418633493888
7 4 5 5 -1  1
3214121188640449820
7 4 4 7 -1  1
3214256989763091438
7 0 7 2 -1  1
3214282990451748558
3 5 1 5 -1  1
3214325923642184096
4 0 4 4 -1  1
3214525697008470745
7 5 6 4 -1  1
3215136940572787850
4 7 2 6 -1  1
3215601742903320457
7 5 4 5 -1  1
3215702892275595940
7 3 4 0 -1  1
3215771973526963461
7 3 2 3 -1  1
3215875256883699708
6 2 4 2 -1  1
3216060783070197107
6 1 5 1 -1  1
3216107516756463027
4 2 4 1 -1  1
3216129177719273075
2 3 4 4 -1  1
3216275226046953434
7 2 7 1 -1  1
3216305689795926515
7 7 7 3 -1  1
3216314298678062549
3 7 1 7 -1  1
3216413395042037653
5 5 6 3 -1  1
3216488920231357164
5 7 4 7 -1  1
3216564651380094040
7 2 1 2 -1  1
3217062385619831659
4 3 3 2 -1  9
5 4 4 4 -1  1
3217148364825820457
4 4 3 5 -1  1
3217227640114540520
6 5 7 4 -1  1
3217454628790298646
6 4 4 4 -1  1
3217810148373913610
5 4 4 3 -1  1
3217831961673119620
5 6 4 6 -1  2
3217856412324223977
5 2 4 4 -1  1
3218000994662106096
2 2 0 2 -1  1
3218345100523163340
5 2 3 1 -1  1
3218435652906838875
6 0 4 0 -1  2
3218445509969620266
4 2 6 1 -1  1
3218484954861852247
6 2 4 2 -1  1
3218628730939427651
5 4 4 4 -1  1
3218679661173007241
5 2 6 4 -1  1
3218776280383937316
7 3 5 5 -1  1
3218867495369140908
7 2 5 0 -1  1
3218911376115383206
5 6 4 6 -1  1
3219178844525285846
5 5 4 6 -1  1
3219237053232273950
7 3 4 3 -1  1
3219261346661954616
6 1 4 1 -1  1
3219365390566474642
5 4 6 4 -1  1
3219409403178080431
7 0 7 3 -1  1
3219418415758496314
7 3 7 4 -1  1
3219517778610145542
6 6 6 5 -1  1
3219626138353503803
1 5 6 5 -1  1
3219845242519326201
4 7 5 6 -1  1
3219900810929632866
7 5 7 4 -1  1
3219936558309638847
4 4 3 4 -1  1
3219963149448772925
5 5 4 3 -1  1
3219986423952728412
6 3 5 5 -1  1
3220163696163822247
6 5 7 5 -1  1
3220202051570005652
7 4 7 6 -1  1
3220211425162571760
0 0 0 2 -1  1
3220255163857167037
6 5 5 5 -1  1
3220288407004392365
7 5 5 3 -1  1
3220623992842221071
3 5 5 3 -1  1
3220654581188858344
0 4 5 4 -1  1
3220741961649483715
6 7 5 6 -1  1
3220794417269349577
5 2 6 1 -1  2
3220955358656671734
7 0 7 1 -1  1
3220970718364291248
6 4 7 5 -1  1
3221100907989700815
6 0 4 0 -1  1
7 2 5 0 -1  1
3221181159313499550
6 7 4 7 -1  1
3221387633874486271
6 6 7 5 -1  1
3221426429080319942
7 4 5 4 -1  1
3221524064160556412
4 2 3 1 -1  1
3221898727662022096
7 4 7 2 -1  1
3222205412045058407
5 0 7 2 -1  1
3222616781045540839
5 2 7 0 -1  1
3222682774907293712
2 0 2 2 -1  1
3222719562259207227
6 4 6 3 -1  1
3222731682634216918
4 4 2 5 -1  1
3222867287803895657
3 4 3 6 -1  2
3222968022117346913
6 6 7 6 -1  1
3223055482492422884
6 1 4 3 -1  1
3223561277186805730
4 2 5 1 -1  1
3223574881078994755
4 4 3 3 -1  1
3223760779889015293
5 6 3 7 -1  1
3223867591538932445
5 2 4 1 -1  2
3223907633736105634
6 2 5 1 -1  1
3224081355543297375
3 1 4 2 -1  1
3224172974057791427
7 4 3 4 -1  1
3224246921631098330
2 4 0 4 -1  1
3224404886995198821
0 7 7 7 -1  1
3224425459672014128
5 1 4 1 -1  1
3224442289722860078
6 1 7 2 -1  1
3224563086766148827
5 3 7 1 -1  1
3224693208747010003
6 3 5 3 -1  3
6 4 4 4 -1  1
3224899314751232310
6 3 5 5 -1  1
3224942458623763214
3 6 2 6 -1  3
3225139052350074463
5 3 6 4 -1  1
3225397094896168947
6 3 4 5 -1  1
3225475249735089470
5 5 4 4 -1  1
3225545619624508087
4 2 5 4 -1  1
3225683163818083502
6 7 7 7 -1  1
3225754430438248795
2 3 0 3 -1  1
3225798994119790988
7 3 6 4 -1  1
3225864780371731677
7 5 7 2 -1  1
3225922272749107114
7 2 5 4 -1  1
3226008737536049934
6 3 5 4 -1  1
3226074352144942579
6 3 5 3 -1  1
7 1 5 2 -1  1
7 4 7 6 -1  2
3226120116246066876
4 2 4 4 -1  1
3226183067788966917
0 3 1 3 -1  1
3226376718886380749
6 0 5 0 -1  1
3226440577356868267
6 5 5 5 -1  2
3226492377342633932
4 5 2 3 -1  1
3226716237910502626
5 4 1 4 -1  1
3226757970616662208
7 0 7 3 -1  1
3226818924518031195
7 3 7 2 -1  1
3226938983583971384
7 3 4 0 -1  3
7 4 7 6 -1  2
3226964434924559542
4 3 2 3 -1  1
3227108741428518192
7 3 7 2 -1  1
3227165406602046144
6 0 5 0 -1  1
3227208497764898140
7 2 6 1 -1  1
3227402860511529979
6 6 5 5 -1  1
3227439336687187552
5 5 2 2 -1  1
3227450492172528969
5 5 4 3 -1  1
3227502152753508587
7 5 7 4 -1  2
3227512403355120961
6 1 1 6 -1  1
3227701693416907626
1 0 2 1 -1  1
3227803175369323299
5 2 4 4 -1  2
3227832332577417184
3 2 5 3 -1  1
3228149243294829243
3 3 2 4 -1  1
3228274533730461859
4 4 3 4 -1  1
3228278866230865716
7 7 7 6 -1  1
3228286511479325474
6 2 5 3 -1  1
3228763486725803711
6 0 4 0 -1  1
3228806767336390234
7 1 4 1 -1  2
3229052153765351538
7 5 6 6 -1  1
3229084976957433024
5 3 5 0 -1  1
3229135061111383592
7 0 5 0 -1  1
3229188005243030593
7 3 7 5 -1  1
3229228490001729810
4 2 3 2 -1  1
3229319678754188072
7 2 0 2 -1  1
3229445264150569582
4 4 4 1 -1  1
3229485715312486601
6 6 5 5 -1  1
3229665033481080478
6 4 5 4 -1  2
3229984093731298708
4 0 2 0 -1  3
3230053591664295209
7 3 5 1 -1  1
3230082352054120978
5 0 4 2 -1  1
3230360192121013540
5 5 3 6 -1  1
3230463292057419919
7 7 3 7 -1  1
3230680020127511440
7 1 5 2 -1  1
3230849809533754434
7 0 4 0 -1  1
3230932955771034070
5 5 6 3 -1  1
3230991110903104370
7 2 7 1 -1  1
3231015379835192989
5 2 7 4 -1  1
3231037833572602526
6 3 5 1 -1  1
3231046930821775827
4 3 3 3 -1  1
3231184325708445218
7 2 6 1 -1  1
3231207929794975852
1 0 1 5 -1  1
3231305949191868284
1 2 3 4 -1  1
3231541179370245314
7 6 5 5 -1  1
3231549405584754271
5 4 4 5 -1  1
3231578404005817592
4 7 1 4 -1  1
3231583377868558089
5 6 5 7 -1  1
3231600066778120480
6 1 7 0 -1  1
3231702423049971167
4 3 5 2 -1  1
3232002654312448207
5 6 4 5 -1  1
3232388448110052862
6 4 5 4 -1  2
3232452761221212344
6 6 5 6 -1  1
3232820852076144267
4 4 3 4 -1  1
3232835602663241405
5 5 7 4 -1  1
3233057241223108453
5 6 4 5 -1  1
3233060016277642816
3 5 1 6 -1  1
7 2 6 2 -1  1
3233121752618486860
5 0 4 1 -1  1
3233171993701571403
4 1 3 1 -1  1
3233178257020640657
5 2 6 3 -1  1
3233237488801205150
4 7 4 1 -1  1
3233371748642648796
7 5 4 2 -1  1
3233479663621560379
6 4 4 4 -1  1
3233542065681412251
5 1 5 0 -1  1
3233717254176472614
3 7 2 7 -1  1
3233742483328520159
4 0 3 0 -1  1
3233749913518045770
1 3 1 4 -1  1
3233757128926984676
7 6 5 6 -1  1
3234424887727609341
5 2 3 1 -1  1
3234434199218319886
2 1 1 1 -1  1
3234535631510528516
5 4 5 2 -1  1
3234583613687407969
4 4 2 5 -1  1
3234588930704184875
7 0 5 2 -1  1
3234777250535377083
7 4 7 6 -1  1
3234935849414486485
7 3 6 3 -1  1
3235060955646738470
7 1 5 2 -1  60
3235166197134129136
2 3 0 4 -1  1
3235167416150750141
4 3 3 3 -1  1
3235224537057351344
5 7 4 7 -1  1
3235267998877356667
5 2 3 2 -1  1
3235451630181657104
1 3 1 4 -1  1
3235716648664569891
4 6 3 6 -1  2
3235773332424787054
4 4 3 3 -1  1
3235781354720618264
6 7 5 7 -1  2
3236035105675338949
6 5 4 5 -1  1
3236208484378303681
7 0 7 4 -1  1
3236219303146622964
7 1 7 6 -1  1
3236339130388461876
4 2 5 1 -1  1
3236395404635348946
5 3 4 3 -1  1
3236633056601662703
6 7 5 7 -1  1
3236819707173622647
7 5 7 3 -1  1
3236906921693698900
1 4 2 5 -1  1
3237168451021403095
7 5 7 6 -1  1
3237283938956764310
6 3 4 1 -1  1
3237310148976824102
5 6 5 5 -1  1
3237326872372390842
6 5 5 5 -1  2
3237347629463681863
7 2 3 6 -1  1
3237953226524083691
5 3 4 2 -1  1
3238064802202325722
5 2 7 3 -1  1
3238117181962904439
7 5 7 3 -1  1
3238151244761855748
3 1 5 2 -1  1
3238357154769202996
6 2 4 2 -1  1
3238436927654951500
1 2 2 1 -1  1
3238580351398181807
7 3 3 3 -1  1
3238676097988149082
1 0 1 3 -1  1
3238741936430220482
1 0 2 1 -1  1
3238965655986381378
4 7 6 7 -1  1
3238979347904424336
6 1 5 1 -1  1
3238998183043899200
4 6 5 5 -1  3
3239013327016924312
4 2 3 3 -1  1
3239013923905893514
7 3 6 4 -1  2
3239153345291122169
5 5 5 4 -1  1
3239154234938068256
5 2 1 2 -1  1
3239181373731313364
1 3 1 2 -1  1
3239192363153584511
5 6 4 7 -1  1
3239236494769515619
5 7 4 7 -1  1
3239653208132199959
5 3 4 4 -1  2
3239680867629276922
5 3 4 3 -1  1
3239836094374636617
5 7 6 7 -1  1
3240003720144260070
7 3 6 4 -1  1
3240036861398630656
6 6 5 7 -1  1
3240046588634874145
7 4 7 6 -1  1
3240082216944981724
5 4 6 3 -1  1
3240142619571872855
7 5 7 4 -1  1
3240212373406487959
5 5 5 6 -1  1
3240550909904949285
7 2 1 2 -1  1
3240588948288037748
6 6 7 6 -1  1
3240614810114009301
7 6 6 6 -1  1
3240620503763203905
7 2 6 3 -1  1
3240715700715577516
6 2 5 2 -1  1
3240998645480519149
7 7 6 6 -1  1
3241080455078976912
7 2 7 1 -1  1
3241255000891840065
4 5 3 4 -1  1
3241342595141113748
7 1 6 3 -1  1
3241365746995368470
7 3 7 2 -1  1
3241440265786106137
7 1 6 0 -1  1
3241537189756510391
7 6 6 4 -1  1
3241632667644427494
6 2 5 2 -1  1
3241695362229499029
5 1 2 4 -1  1
3241796895385800186
4 5 1 2 -1  1
3241894967086407058
3 5 2 4 -1  1
3241947784620779459
5 2 4 2 -1  1
3242073848365387354
6 1 5 1 -1  1
6 4 4 4 -1  2
7 6 5 5 -1  8
7 6 5 7 -1  2
3242189748624111410
3 6 4 7 -1  1
3242263278397218279
6 3 3 3 -1  1
3242400696804915413
6 2 5 2 -1  1
3242436140859788706
4 0 3 1 -1  1
3242535889445745227
5 5 4 7 -1  1
3242656931605535431
4 2 0 2 -1  1
3242693616680763852
7 2 6 1 -1  1
3242885638582170897
3 2 4 3 -1  1
3242921298392016603
6 5 5 5 -1  1
3243105972777373043
5 6 4 5 -1  1
3243120343053854177
7 0 7 1 -1  1
3243506087900444596
7 5 7 1 -1  2
3243588116949861126
7 4 7 6 -1  2
3243719333712118039
5 4 4 3 -1  1
3243804626261051532
5 4 4 4 -1  1
3244259207791003992
4 4 1 1 -1  2
3244429196916657913
7 3 6 4 -1  1
3244506817273720861
5 4 4 5 -1  2
3244665339310747065
5 4 4 3 -1  1
3244684278561539344
4 2 3 0 -1  1
3244793268743140641
5 5 5 7 -1  3
3244845323759515882
0 3 4 3 -1  1
3244858352029419802
0 6 1 7 -1  1
3245156583410554102
6 6 5 5 -1  1
3245166205438353052
3 6 3 3 -1  1
3245298661450019635
7 2 5 2 -1  1
3245441271565950730
5 1 4 2 -1  1
3245466874625738007
5 0 5 2 -1  1
3245513625499495815
6 3 6 4 -1  1
3245787469718539228
5 5 7 3 -1  1
3245872894978599293
6 3 7 4 -1  1
3246037808736097840
6 6 5 7 -1  1
3246228612891753390
5 5 3 6 -1  1
3246288061114885095
6 7 4 7 -1  1
3246395595937818780
6 5 4 5 -1  1
3246572894413581392
6 1 5 2 -1  1
3246933834855948453
7 0 7 2 -1  1
3247144092735504747
6 5 5 5 -1  1
3247282784460944040
7 2 4 5 -1  1
3247307657181116083
4 5 4 4 -1  1
3247328748686963697
7 6 7 0 -1  1
3247413697151117458
4 6 7 6 -1  1
3247522326828477027
3 1 3 2 -1  1
3247527434288880651
4 3 3 2 -1  1
3247529197130750357
5 2 4 2 -1  1
3247545605978536695
7 4 7 6 -1  1
3247721801977821089
5 4 4 5 -1  1
3247858528063668176
4 0 4 1 -1  2
3247987481295552704
3 3 1 5 -1  1
3248140311744383743
6 2 6 3 -1  1
3248237970951058378
5 4 6 4 -1  1
3248247027529704474
1 7 0 7 -1  1
3248251091059753871
2 1 3 3 -1  1
3248410926486553186
6 7 4 6 -1  2
3248440356312240492
5 5 7 4 -1  1
3248779897152263259
6 1 4 1 -1  5
6 4 5 4 -1  1
3248902363352256948
7 5 4 2 -1  1
3248909963645290432
6 7 4 7 -1  1
3248939309815134086
4 4 3 4 -1  1
3249110963971226832
2 2 1 2 -1  1
3249229348731441467
7 0 0 0 -1  1
3249348387065520758
6 7 5 7 -1  1
3249810265593782087
5 4 6 4 -1  1
3249834221191031555
4 4 3 4 -1  1
3249982949258864988
5 5 5 3 -1  1
3250202838876768055
6 7 5 7 -1  1
3250206660791646959
5 0 4 0 -1  1
3250234696299308912
3 3 2 3 -1  1
3250241033867914695
7 2 6 3 -1  1
3250322684683266207
5 0 4 1 -1  1
3250405456156617523
2 3 1 3 -1  1
3250570717569558339
6 2 7 2 -1  1
3250580996892269794
7 6 7 7 -1  1
3250680880396825299
2 0 2 1 -1  1
3250684917826604753
6 0 7 1 -1  1
3250692148604100844
7 2 6 2 -1  1
3250839008130783781
5 0 7 1 -1  1
3250879693611213715
6 4 5 3 -1  1
3251100735359624754
7 5 7 3 -1  1
3251195800244136053
7 7 7 6 -1  1
3251206449815797882
6 3 6 4 -1  1
3251597635798746470
6 1 5 1 -1  1
3251654080425121559
4 4 3 3 -1  2
3251722571849613790
7 5 6 4 -1  1
3251832729442009524
6 6 5 5 -1  2
3251910474607818607
6 3 5 5 -1  1
3251921741026737890
7 4 7 7 -1  1
3251928795321302564
7 5 6 4 -1  1
3251952252354230805
3 0 1 1 -1  1
3251974142046169830
6 4 5 4 -1  1
3252325600616932815
7 2 6 2 -1  1
3252412061745802553
7 1 5 2 -1  1
3252666146969468832
4 0 3 1 -1  1
3252672486801857601
2 0 3 0 -1  1
3252901514529076970
3 1 2 2 -1  1
3252977387329552837
7 6 5 5 -1  1
3253006415969758002
5 4 7 5 -1  1
3253305683401476094
4 3 6 4 -1  1
3253374798105640120
3 2 3 1 -1  2
3253385072855442444
4 2 3 3 -1  1
3253386308073099249
6 5 6 6 -1  1
3253493105284156615
1 1 3 2 -1  1
3253568508125306555
4 3 3 4 -1  2
7 6 5 5 -1  1
3253588328658909954
6 6 5 6 -1  1
3254040159383806952
7 4 7 5 -1  1
3254331151057063832
4 2 2 2 -1  1
3254437056538261269
2 4 2 1 -1  1
3254600138203851300
7 6 6 7 -1  1
3254712760872427930
2 6 3 4 -1  1
3254984299624381810
7 4 6 4 -1  1
3255131959636361551
6 4 7 5 -1  1
3255261484311043216
7 5 6 5 -1  1
3255265518880568980
1 2 1 0 -1  1
3255352832144452343
6 6 4 6 -1  1
3255437591548404203
5 4 4 4 -1  1
3255468664753864536
5 3 3 1 -1  1
3255545503971567702
6 1 5 1 -1  1
3255593557349240463
6 6 4 6 -1  1
3255708317861311117
1 6 3 4 -1  1
3255708606766497621
5 4 4 3 -1  1
5 5 4 3 -1  1
3255894022577633850
6 6 5 6 -1  1
3255912636819793331
6 1 4 1 -1  1
3256127665086082213
5 2 6 1 -1  1
3256257910451274016
5 3 4 3 -1  1
3256388252388217297
5 2 4 1 -1  1
3256538407094263023
6 7 3 4 -1  1
3256575024856991725
6 1 6 3 -1  1
3256638531998164114
4 2 3 1 -1  1
3256780919739838652
1 5 6 0 -1  1
3256978316400518045
7 3 7 0 -1  1
3257039990795589741
6 7 5 6 -1  1
3257074762880016133
3 1 5 3 -1  1
3257297245225626139
5 0 4 1 -1  1
3257341681261504540
7 1 1 1 -1  1
3257569622178901535
4 5 3 4 -1  1
3257736512507618833
6 6 5 5 -1  1
3257817601765944085
5 3 5 4 -1  1
3257943148265768479
6 4 5 3 -1  1
3257987365529825582
3 1 2 2 -1  1
3258073942059561821
2 0 1 0 -1  1
3258087943437771659
7 5 1 5 -1  1
3258514821545165458
6 3 5 4 -1  2
3258531794159809938
4 0 2 0 -1  1
3258540631147336977
5 4 4 4 -1  1
3258541544086409198
7 0 7 1 -1  1
3258566186024114107
0 2 5 2 -1  2
3258692549732402802
6 7 4 7 -1  1
3258696051898531731
5 2 4 2 -1  1
3258744512405334216
2 5 1 5 -1  1
3258833056782219706
7 4 7 6 -1  1
3258865427694204157
3 6 2 7 -1  1
3258928615102732279
0 5 2 7 -1  2
3258959014167265260
6 3 7 1 -1  1
3259178654557805654
6 3 5 5 -1  1
3259205878996812509
4 7 4 3 -1  1
3259220228598005328
4 2 6 4 -1  1
3259252313796007498
3 2 4 2 -1  2
3259381177357837335
0 0 1 0 -1  1
3259400137218325846
7 2 6 1 -1  1
3259403462994328550
4 0 4 1 -1  1
3259616327450936665
6 1 4 1 -1  1
3259639431549331119
3 5 4 3 -1  1
3259794047065238027
6 4 5 3 -1  1
3259942257912627519
7 3 5 3 -1  1
3259959766565199327
6 3 7 4 -1  1
3260163802148306395
6 5 5 5 -1  1
3260800597564566639
5 5 3 6 -1  1
3260803327768746637
2 4 3 2 -1  1
3260893744343007265
6 0 5 0 -1  1
3260898911334973960
7 5 6 6 -1  1
3260994388109116093
7 3 7 6 -1  1
3261038297880338227
2 1 3 2 -1  1
3261132463444898991
7 1 6 3 -1  1
3261207429390440083
7 0 7 1 -1  1
3261313341112817990
4 7 4 4 -1  1
3261609153500653309
5 5 7 4 -1  1
3261750478787607349
5 3 6 2 -1  1
3261756263442982941
6 3 5 5 -1  1
3261761894520610287
0 4 2 3 -1  1
3262036862803289782
5 6 4 6 -1  1
3262266506165917048
3 6 2 5 -1  1
3262274148358546431
6 0 2 4 -1  1
3262493635404344621
5 2 7 1 -1  3
3262568251163848400
7 0 7 1 -1  1
3262614305349460729
4 5 3 4 -1  1
3262994673199514222
6 3 3 3 -1  1
3263069593753069189
5 4 6 2 -1  1
3263237046281393497
4 4 0 0 -1  2
3263247719846925869
3 1 4 2 -1  1
3263343306527615258
7 2 5 2 -1  1
3263454831523815756
4 4 3 3 -1  1
3263828552020707546
7 2 6 3 -1  1
3264215317663466379
5 7 4 7 -1  1
3264373648973811735
4 0 5 2 -1  1
3264567740587398761
6 6 4 6 -1  1
3264597115549856628
7 0 7 2 -1  1
3264675112446279507
3 1 2 3 -1  1
3264878711310947604
7 6 6 6 -1  1
3264908195291852334
6 4 4 4 -1  1
3265313518436026085
7 5 6 6 -1  1
3265336184452776325
5 0 4 0 -1  1
3265434176735820191
7 5 7 1 -1  1
3265487822881097381
4 2 6 0 -1  3
3265532187150738828
6 1 5 1 -1  3
6 2 4 2 -1  5
6 3 4 3 -1  14
6 4 5 4 -1  3
6 6 5 6 -1  7
3265549631582712849
2 4 0 4 -1  1
3265572028662373650
5 5 7 4 -1  1
3265822844317426629
3 1 4 1 -1  1
3265837984545930134
5 0 0 5 -1  1
3265876143050735661
4 5 3 6 -1  1
3265981535185392747
3 0 2 0 -1  1
3266200251888867215
7 5 6 4 -1  1
3266217077820267807
5 5 7 3 -1  1
3266251061706767768
4 2 5 1 -1  1
3266388788895465035
6 0 3 3 -1  1
3266500173369386500
4 7 2 6 -1  1
3266649485089870580
7 7 7 6 -1  1
3266686066485526131
5 1 7 1 -1  1
3266724518690026385
4 0 5 1 -1  1
3266843574942074486
5 2 4 3 -1  1
3266903867482483153
4 3 4 2 -1  1
3266918279188964903
7 3 6 2 -1  1
3267127731277526743
5 6 4 4 -1  1
3267128561793465436
0 1 4 1 -1  1
3267148668034685347
6 1 6 0 -1  1
3267236931856627969
5 5 5 4 -1  1
3267352710383990431
5 4 6 4 -1  1
3267447048836860806
3 1 2 1 -1  1
3267478938602796696
6 2 5 2 -1  1
3267581309565597500
2 5 5 2 -1  1
3267751908818102590
4 4 4 5 -1  1
3267766485647467813
7 5 6 4 -1  1
3267779969877020490
6 0 6 2 -1  1
3267793324082945330
4 1 3 1 -1  1
3268152910043805505
4 7 5 6 -1  1
3268217337037115371
4 2 3 2 -1  1
3268279231556913051
3 4 2 6 -1  1
3268623141073555616
6 3 5 2 -1  1
3268839534142643923
5 5 5 4 -1  1
3269046306676033996
0 4 1 4 -1  1
3269153844743696935
2 5 0 5 -1  1
3269535525216447288
3 3 6 0 -1  1
3269745944045473005
3 3 2 4 -1  1
3269881910462873183
4 7 1 4 -1  1
3269954930543413036
5 2 7 4 -1  1
3270020919506861577
7 7 5 7 -1  1
3270050508459474553
7 6 7 7 -1  1
3270431782587314039
6 3 3 6 -1  1
3270434908041915233
4 6 3 5 -1  1
3270706323053334587
5 5 3 4 -1  1
3270730750170605938
6 3 4 5 -1  1
3270826139734240537
5 2 3 3 -1  1
3270962631470675181
7 4 5 2 -1  1
3271140504416192531
4 2 3 3 -1  1
3271168343569036744
3 5 2 6 -1  1
3271187721172854707
5 4 4 4 -1  1
3271290241867804315
6 6 6 5 -1  1
3271329190273648115
7 4 5 3 -1  1
3271404939394527612
1 3 1 5 -1  1
3271620500928036010
2 5 1 4 -1  1
3271722332893933312
7 7 0 7 -1  1
3271739883382917428
6 2 5 2 -1  1
3271853941328354050
6 3 4 4 -1  1
3272038124956892971
5 5 4 6 -1  1
3272245534155716798
4 1 3 0 -1  1
3272271994058057860
5 5 3 4 -1  1
3272388260352740574
7 3 7 0 -1  1
3272464234331554923
6 6 7 5 -1  2
3272552233501563725
3 1 6 4 -1  1
3272751262065531375
5 5 3 6 -1  1
3272788938549437333
4 5 3 4 -1  1
3272805704279677543
7 0 1 0 -1  1
3272894899488610649
3 1 2 2 -1  1
3272986551998980837
3 5 2 5 -1  1
3273096617384571343
5 2 7 2 -1  1
3273153570765520658
4 5 2 5 -1  2
3273206239206208776
5 4 3 6 -1  1
3273229261917849980
6 2 5 2 -1  1
3273425860565160177
2 0 1 0 -1  1
3273470820174700712
6 2 6 3 -1  1
3273584993638049061
4 1 0 1 -1  1
3273805215902201942
4 4 3 2 -1  1
3273836424671546391
4 3 3 3 -1  1
3274063023262617280
5 1 4 0 -1  1
3274216516889210433
4 0 3 0 -1  1
3274281909752119739
7 2 6 3 -1  1
3274396224985135280
0 3 0 2 -1  1
3274554534888004800
7 2 5 2 -1  1
3274647371621641764
7 5 6 5 -1  1
3274668691998383294
4 0 3 0 -1  1
3274793171945523581
1 6 2 4 -1  1
3274915840857306466
0 0 1 0 -1  1
3275220154920111670
0 7 0 5 -1  1
3275438727721807772
5 2 6 3 -1  1
3275672492134201701
5 4 4 3 -1  1
3275768270402514558
7 2 3 6 -1  1
3276008483720138331
6 0 5 0 -1  1
3276123795894041309
6 5 5 5 -1  1
3276153706947268846
5 2 4 0 -1  1
3276168002855514856
5 1 4 1 -1  1
3276169819094793213
1 2 1 0 -1  1
3276267670552367377
7 5 7 4 -1  1
3276548010688074468
4 4 3 4 -1  1
3276865907141600963
2 1 1 0 -1  1
3276971719734410627
7 1 6 3 -1  1
3276975150246004277
6 4 6 7 -1  1
3277021759085904205
6 4 7 4 -1  1
3277051200509464018
4 0 7 3 -1  1
3277079218337119824
6 4 4 5 -1  1
3277463234958893186
6 0 5 0 -1  1
3277691322203722623
3 1 5 3 -1  3
3277798699848337383
1 4 2 5 -1  1
3277858007718304698
5 0 4 0 -1  1
3278025281957286645
7 3 7 6 -1  1
3278349027974773994
6 7 6 6 -1  2
3278360170659183025
6 2 4 2 -1  1
3278392235676991180
2 5 1 5 -1  1
3278567153556064641
3 7 2 7 -1  1
3278640789958913699
6 4 4 3 -1  1
3278838035701752342
5 3 7 4 -1  1
3278852935799814988
4 1 3 2 -1  1
3278997533245259062
6 1 1 6 -1  1
3279126183546374070
3 2 5 3 -1  1
3279220426999401327
6 1 5 1 -1  1
3279596749682284852
5 5 5 3 -1  1
3279919935183143241
7 3 7 2 -1  1
3279970548260622137
7 2 3 6 -1  2
3279977105742775033
7 4 7 6 -1  1
3280203912301677760
7 5 4 2 -1  1
3280332434083236423
3 6 2 5 -1  1
3280536931253271576
7 0 7 1 -1  1
3280846560464135106
4 1 2 2 -1  1
3280900871229871225
1 2 2 3 -1  1
3280948300027462604
6 4 4 4 -1  1
3281136853230562910
3 2 5 0 -1  2
3281195729691882828
5 2 4 2 -1  1
3281327376643080039
3 6 5 5 -1  1
3281334913945628036
7 6 6 5 -1  1
3281744490616059088
4 2 3 2 -1  1
3281760797951608824
6 4 5 3 -1  1
3281809359224714886
6 7 5 7 -1  1
3281991831903134135
6 5 6 6 -1  1
3282077248087249785
5 0 5 1 -1  1
3282136385300807064
7 6 7 7 -1  1
3282165060350849156
6 2 5 2 -1  1
3282226839152164493
5 4 4 4 -1  1
3282321259581456718
3 3 3 7 -1  1
3282386772315935566
7 4 7 2 -1  1
3282405249671341999
2 4 1 4 -1  1
3282522388230850644
7 4 6 3 -1  1
3282570568297234507
6 3 4 2 -1  1
3282595529757478789
6 0 7 0 -1  1
3282874381775702287
5 4 6 3 -1  1
3282960465980495426
5 7 4 7 -1  1
3283143648410030526
3 2 4 4 -1  1
3283263886675512999
5 5 6 4 -1  1
3283308575724465398
4 3 5 1 -1  1
3283487270043567734
5 6 4 6 -1  1
3283569883119297725
3 4 0 4 -1  1
3283660582437712012
7 5 6 3 -1  1
3283939777643627903
5 2 3 3 -1  1
3284067870837001551
7 5 7 2 -1  1
3284107791066901304
5 2 6 4 -1  1
3284133820107941336
7 4 4 1 -1  1
3284267082031374939
6 0 5 1 -1  1
3284275256210311634
7 3 6 4 -1  1
3284370084061929837
7 7 7 6 -1  1
3284619155216217446
7 0 7 4 -1  1
3284668468763772849
5 5 4 3 -1  1
3284714415884281009
6 6 7 6 -1  1
3284894916529589901
7 4 7 5 -1  1
3285110736785552548
6 3 4 1 -1  1
3285260633938106247
5 5 4 3 -1  2
3285411863849411837
3 4 2 4 -1  1
3285439706181101607
3 7 2 6 -1  2
3285466624680351486
7 0 7 3 -1  1
3285471697207410245
3 2 5 2 -1  1
3285621095564040361
6 7 6 6 -1  1
3285776406399517677
5 2 4 2 -1  1
3285786703173381006
7 0 7 2 -1  1
3285977787221935881
6 6 5 6 -1  1
3286106990814400861
7 5 7 4 -1  1
3286268434374082291
7 5 7 3 -1  1
3286289787021561210
0 1 2 3 -1  1
3286356411743303306
7 1 3 1 -1  1
3286367653009840214
6 3 7 3 -1  1
3286577251654340076
6 6 5 5 -1  1
3286633307506475949
7 0 6 1 -1  1
3286815700161507612
7 7 7 0 -1  1
3287039436841715256
6 2 4 1 -1  1
3287142147229052312
1 1 1 0 -1  2
3287163170909866685
4 0 3 0 -1  1
3287164577743672628
6 3 4 5 -1  1
3287311967566087942
6 5 4 3 -1  1
3287428997462076299
6 3 4 2 -1  1
3287439208617443478
5 1 7 3 -1  1
3287561451060040515
7 1 5 2 -1  18
7 4 7 6 -1  4
3287855561913020157
4 1 3 2 -1  1
3287936615497689356
5 5 4 4 -1  1
3287988977478056881
6 3 7 2 -1  1
3287993131342430327
5 0 4 1 -1  1
3288105455780095125
5 5 4 6 -1  1
3288166945298038989
3 5 5 6 -1  1
3288169011355695682
6 7 7 6 -1  1
3288208405978500468
3 5 4 6 -1  1
3288311400133701336
4 0 3 2 -1  1
3288408378057175413
7 1 7 4 -1  1
3288521599105678145
4 3 7 6 -1  1
3288549896800473961
4 5 5 3 -1  1
3288865924777827043
7 2 6 3 -1  1
3288879258109306336
4 0 3 2 -1  1
3288986845213165927
7 0 6 0 -1  1
3289045539176098596
6 0 7 1 -1  1
3289158802310710787
6 6 5 5 -1  1
3289346842762787804
3 3 5 4 -1  1
3289378107177401446
4 2 3 1 -1  1
3289404861064788571
7 4 4 1 -1  1
3289461392170294546
7 0 7 1 -1  1
3289554579317490085
6 6 5 7 -1  1
3289575946612346541
7 5 3 5 -1  1
3289744388712916248
6 6 5 5 -1  1
3289848046256626530
6 3 5 3 -1  1
7 5 3 1 -1  1
3289863680399869472
5 2 4 3 -1  1
3289916598982299276
7 2 5 4 -1  1
3289988373315960625
7 3 5 3 -1  1
3290060063193587746
6 1 4 1 -1  1
3290312433950252417
7 6 6 7 -1  1
3290330201687687302
6 0 4 0 -1  1
3290433554499273051
6 0 5 0 -1  1
3290698001471681780
6 2 4 2 -1  1
3290733353689335443
7 7 7 3 -1  1
3290763306505080102
5 2 4 2 -1  1
3291334143412226685
3 2 2 2 -1  1
3291402030342151468
6 6 7 5 -1  1
3291637015573620358
7 1 5 1 -1  1
3291891275367995138
6 4 4 6 -1  1
3291911908541221699
6 3 4 2 -1  1
3291938391539351329
7 3 5 5 -1  1
3291942140717584027
5 2 6 3 -1  1
3292006529403037968
4 5 2 7 -1  1
3292075056647498482
5 5 6 5 -1  1
3292098929030932820
6 6 5 6 -1  1
3292172712457096874
4 7 3 7 -1  1
3292327798663117673
3 4 3 6 -1  1
3292570027661428712
5 4 4 3 -1  1
3292600924325297384
2 3 3 3 -1  1
3292603529743592280
7 5 6 6 -1  1
3292684918315727648
1 3 0 1 -1  1
3293371632245673655
6 1 5 1 -1  1
3293425353688554922
6 3 5 1 -1  1
3293634418879355184
4 3 6 3 -1  1
3293962442313440017
6 5 4 5 -1  1
3293963982008635940
7 5 7 4 -1  1
3294489364582544535
4 5 3 5 -1  1
3294798115350901970
3 3 3 4 -1  1
3295057177394098352
3 6 7 2 -1  1
3295207318662521789
5 5 5 6 -1  1
3295396520968580882
4 6 3 6 -1  1
3295715602568262017
6 3 4 4 -1  1
3295736085037117502
7 5 6 4 -1  1
3296179466194836560
7 2 6 3 -1  1
3296238092573564221
6 1 5 2 -1  1
3296348520290567387
4 2 7 5 -1  1
3296383985939107154
4 6 3 6 -1  1
7 7 7 5 -1  1
3296674304078297248
3 2 1 2 -1  1
3296722180271265115
3 1 2 2 -1  1
3296919287452996161
7 5 5 6 -1  1
3297037175958231161
7 0 6 0 -1  1
3297192543530452525
5 5 3 3 -1  2
3297203213346850619
6 2 5 2 -1  1
3297273812849910735
3 2 6 2 -1  1
3297398663130704133
4 5 6 4 -1  1
3297541931750682522
5 2 7 4 -1  1
3297657666965299123
3 2 6 5 -1  1
3297917639937640480
2 6 3 6 -1  1
3298130481505485175
4 4 3 5 -1  1
3298408585732285990
6 1 4 3 -1  1
3298425793454841049
4 7 3 7 -1  1
3298446856988911960
3 7 3 6 -1  1
3298599845020754190
2 2 0 0 -1  1
3298645331530245214
7 5 5 5 -1  1
3298835759190240404
2 4 1 4 -1  1
3298959685135415396
5 6 2 3 -1  1
3298999826154246527
6 4 4 6 -1  1
3299570182071637495
4 4 3 5 -1  1
3299740253072540975
5 4 4 5 -1  1
3299892952334193734
5 6 4 6 -1  1
3299937856861758930
4 3 3 2 -1  1
3300040365123509780
4 4 3 4 -1  1
3300060089922579171
7 2 4 5 -1  1
3300090290849700488
3 7 3 4 -1  1
3300195072268278523
7 4 7 1 -1  1
3300383721939502147
7 6 5 5 -1  1
3300384223182508627
7 1 7 0 -1  1
3300656855142816939
7 4 7 5 -1  1
3300693368484363832
3 6 1 7 -1  1
3300704149308561292
0 4 0 5 -1  1
3300715391037500817
6 3 5 5 -1  1
3300882381469549685
4 3 1 0 -1  2
3300995061818071894
6 2 7 2 -1  1
3301298500810452903
7 5 5 7 -1  1
3301420952339673396
2 2 3 1 -1  1
3301518276262524972
4 2 5 1 -1  1
3301553735113002530
5 3 1 3 -1  1
3301635085576294178
3 6 2 6 -1  1
3301712416393676447
3 7 2 7 -1  1
3302172884650176688
7 7 7 3 -1  1
3302267729764600714
5 5 4 5 -1  1
3302419756298167504
4 0 4 7 -1  1
3302435834591575209
7 1 5 2 -1  1
3302442409120942158
4 5 5 6 -1  1
3302655561863127107
6 3 4 2 -1  1
3302687843725260412
4 2 3 2 -1  1
3302834765281168594
5 5 6 3 -1  1
3303222143058045231
3 2 2 3 -1  1
3303524873769797022
5 3 5 2 -1  1
3303702440181200316
6 6 4 6 -1  1
3303842030434584690
6 2 4 0 -1  1
3303908793972601690
7 1 5 2 -1  1
3304017039839278380
5 2 4 2 -1  1
3304152986541561306
6 3 7 4 -1  1
3304161999311594481
3 6 2 6 -1  1
3304211024755931231
6 7 5 7 -1  1
3304245673869207050
4 4 3 5 -1  1
3304550329067298094
7 2 5 4 -1  5
3305082579789114400
3 4 3 6 -1  1
3305143935400371616
7 1 7 3 -1  1
3305173899947913005
7 6 7 5 -1  1
3305372963365615160
7 2 7 0 -1  1
3305442594398310853
7 4 7 2 -1  2
3305602039140924805
6 3 7 1 -1  1
3306143662787168193
7 6 6 5 -1  1
3306200035977977163
5 7 3 5 -1  1
3306397253665269645
6 7 5 6 -1  1
3306529921491498609
3 3 2 3 -1  1
3306705506037894679
6 4 5 4 -1  2
3306736445305094888
6 0 7 2 -1  1
3306857075834489130
7 2 3 6 -1  1
3306965178428356609
1 7 3 7 -1  1
3306995018171027518
6 3 4 4 -1  1
3307113526185264825
6 4 5 4 -1  1
3307193802317873782
7 2 4 5 -1  1
3307226354202687000
6 3 5 5 -1  1
3307314904375813044
6 5 5 4 -1  1
3307443597132272891
7 1 6 3 -1  1
3307677567762824252
5 4 3 2 -1  3
3307749620041164504
6 1 5 1 -1  1
3308103773688330652
6 6 1 1 -1  1
3308108725334582520
3 4 2 4 -1  1
3308160972786529303
4 0 3 0 -1  1
3308390453440139591
6 4 6 5 -1  1
3308452053310690760
7 5 7 4 -1  1
3308522165552540428
7 6 5 5 -1  1
3308528965671847183
5 5 4 6 -1  1
3308697529631624248
4 2 3 2 -1  1
3308758064192143963
5 4 4 4 -1  1
3308790751778033471
5 4 4 4 -1  1
3308857043272831832
5 7 4 6 -1  1
3308867072823683015
5 4 4 4 -1  1
3308882295594549666
6 2 5 3 -1  1
3309092876437663484
6 5 5 4 -1  1
3309153549985790439
6 1 4 1 -1  1
3309352710853184692
4 5 4 6 -1  1
3310115995543851460
6 3 5 1 -1  1
3310274404782864945
5 3 4 4 -1  1
3310334455235421363
7 1 5 2 -1  1
3310345250817963614
4 4 3 4 -1  1
3310494850424096906
2 1 1 2 -1  1
3310519536710913818
5 0 4 0 -1  1
3310567119556909806
6 4 4 2 -1  1
3310587697429977279
4 4 3 4 -1  1
3310593510781494410
6 4 5 5 -1  1
3310916937853157229
4 3 5 4 -1  1
3311083296971149627
6 4 5 5 -1  2
3311222888537676748
2 1 4 3 -1  1
3311301750791390683
2 6 1 5 -1  1
3311418901748817217
0 3 1 4 -1  1
3311519731104265370
7 4 7 6 -1  1
3311837570634919819
5 6 4 6 -1  1
3311851934132487484
7 0 7 4 -1  1
3311893280387105155
6 3 5 3 -1  1
7 5 6 6 -1  3
3312068154279602774
7 7 7 6 -1  1
3312243234585309780
6 1 7 0 -1  1
3312249996621571345
7 2 3 2 -1  1
3312381306770554973
1 1 4 4 -1  1
3312448420341398467
4 4 3 4 -1  1
3312471147195344260
7 7 5 7 -1  1
3312532972243997968
3 2 2 3 -1  1
3313003370861484633
7 5 6 3 -1  1
3313110788825819772
5 4 6 5 -1  1
3313172257079981988
5 2 4 4 -1  1
3313364938819113087
6 5 5 4 -1  1
3313578698667282409
0 3 0 0 -1  1
3313786614300137517
1 0 0 0 -1  1
3313832502316327883
3 4 2 4 -1  1
3313895440586557140
4 3 3 2 -1  1
3313925775091315348
1 2 0 2 -1  1
3314217811395055080
4 6 2 5 -1  2
3314426484991283299
3 0 4 2 -1  1
3314458255086493951
3 4 2 4 -1  1
3314804314315247216
6 3 5 1 -1  1
3314822457122005756
6 5 7 4 -1  1
3314856661031687753
2 2 0 3 -1  2
3314907274291794556
6 6 5 6 -1  1
3315356640606469882
4 4 3 4 -1  1
3315358874802308641
6 6 5 6 -1  1
3315412260445347487
7 0 0 0 -1  1
3315490573165992195
5 1 6 3 -1  1
3315508082072116210
7 5 7 4 -1  1
3315536135224811593
6 4 3 1 -1  1
3315640988117446550
6 5 5 5 -1  1
3315727529726003912
7 0 7 2 -1  1
3315820428434439717
5 1 5 2 -1  1
3315848195941332995
3 1 5 2 -1  1
3315990209476073030
7 3 3 3 -1  1
3316079555970544517
7 0 7 1 -1  1
3316257853494908770
4 0 2 1 -1  1
3316434954832354872
4 4 3 5 -1  1
3316478612500065099
1 1 0 1 -1  1
3316549747702431611
7 6 7 7 -1  1
3316616219533902802
5 0 4 2 -1  1
3316707646777064089
0 3 5 3 -1  2
3316833989785775247
2 6 1 6 -1  1
3316847484121649874
6 6 5 6 -1  1
3317013200744670673
7 5 6 4 -1  1
3317089541273915500
7 0 7 4 -1  1
3317445204140777105
3 2 5 3 -1  1
5 7 5 5 -1  1
3317766311474052596
7 5 7 4 -1  1
3317782987679826628
7 1 1 7 -1  1
3317839138383966811
4 0 7 3 -1  1
3317931843975642513
6 0 5 1 -1  1
3318050849492220084
6 1 4 1 -1  41
3318175172812544810
7 3 3 3 -1  1
3318280404678841581
7 6 7 3 -1  1
3318332310586949615
5 3 4 3 -1  1
3318360610934765124
7 4 6 4 -1  1
3318539734654676981
4 0 3 0 -1  1
3318670602823706789
2 4 3 5 -1  1
3318711698032361809
5 2 3 1 -1  1
3318717466727428699
4 5 3 5 -1  1
3318991731976481345
6 1 4 1 -1  1
3319147471728887741
6 2 5 1 -1  1
3319232285628496644
5 1 4 1 -1  1
3319305852367273974
5 6 4 6 -1  1
3319337126876512443
6 3 5 4 -1  1
3319394914682978484
4 0 6 2 -1  1
3319604098617869135
7 4 4 4 -1  1
3319611422959047570
2 3 2 4 -1  1
3319841153365137734
5 2 4 1 -1  1
3319889651439972878
4 3 1 0 -1  1
3319943031627258920
7 5 7 4 -1  1
3320074701024173905
4 3 3 3 -1  1
3320126004714802454
7 5 6 4 -1  1
3320167313098138876
7 4 6 3 -1  1
3320477235867606256
7 0 7 1 -1  1
3320496580109287118
4 7 3 5 -1  1
3320569665174266743
5 0 4 0 -1  1
3320993796950255328
4 6 3 6 -1  1
3321014239982525617
5 3 4 3 -1  1
3321062446917062134
2 3 1 4 -1  1
3321153546726561549
7 0 7 1 -1  1
3321221371025369509
5 5 3 6 -1  1
3321329711484591074
3 4 3 7 -1  1
3321348690885947385
3 2 3 1 -1  1
3321538189557079434
6 3 4 2 -1  1
3321619645679948375
6 3 4 2 -1  2
3321700629574537821
7 0 7 3 -1  1
3321736892289780438
4 2 5 2 -1  1
3321906837610766519
6 2 4 2 -1  1
3321908692590278937
4 3 3 2 -1  1
3321909713397971233
3 2 1 3 -1  1
3322095249869052867
6 2 5 2 -1  1
3322115076957709472
4 4 3 4 -1  1
3322551990150757642
7 1 6 1 -1  1
3322621320413406987
7 2 7 3 -1  1
3322753443359256953
7 0 4 0 -1  1
3322807041950609786
6 3 5 2 -1  1
3323145972064895713
7 5 6 4 -1  1
3323154547693555979
4 2 5 4 -1  1
3323218773604236853
7 1 5 2 -1  1
3323242589478485479
6 3 6 1 -1  1
3323413941190077758
2 6 1 6 -1  1
3323485895868255424
5 7 4 6 -1  1
3323868325342549501
6 6 5 7 -1  1
3323939164742145563
6 1 5 2 -1  1
3324259051301942791
5 7 4 7 -1  1
3324292701211337003
7 0 7 3 -1  1
3324714245722622599
7 0 4 0 -1  1
3324764505902143607
5 0 6 1 -1  3
3324788286285847454
4 5 2 3 -1  1
3324799361621440367
7 2 7 3 -1  1
3324910535001312998
4 2 3 1 -1  1
3325233497418981130
6 4 4 4 -1  1
3325364363733368409
5 6 5 2 -1  1
3325539198390648919
7 4 7 6 -1  1
3325603340616115673
5 0 4 0 -1  1
3325848997413487548
4 1 3 2 -1  1
3326097149918642521
7 4 7 6 -1  1
3326162373575422176
7 2 7 1 -1  1
3326221233268333741
6 4 4 6 -1  1
3326331560025760978
1 0 1 2 -1  1
3326483749253991146
5 2 3 3 -1  1
3326875573310742301
3 2 2 1 -1  2
3326982882792314349
7 0 7 1 -1  1
3327041749389478548
5 2 4 2 -1  1
3327346747424251172
6 3 4 2 -1  1
3327414387529768364
7 6 6 6 -1  1
3327428457125449691
4 2 4 6 -1  1
3327510679022234624
6 3 4 2 -1  1
3327527443990774989
4 3 3 3 -1  1
3327596127630759724
7 3 7 4 -1  1
3327613402725197810
4 7 3 7 -1  1
3327688812096222693
7 2 5 3 -1  1
3327767056104195798
5 2 4 3 -1  1
3327806614626123189
4 2 3 2 -1  1
3327981481640658339
6 0 7 0 -1  1
3328428968818637571
7 1 0 1 -1  1
3328572821598850833
7 4 7 6 -1  1
3328634138426234524
5 4 4 4 -1  2
3328731213607767986
7 0 7 1 -1  1
3328764922357758743
2 1 2 2 -1  1
3329034240229386800
7 1 7 3 -1  1
3329120053976392611
4 5 3 4 -1  1
3329155415513173766
7 5 5 3 -1  1
3329243725057401812
5 4 6 4 -1  1
3329283066780209009
4 5 7 2 -1  1
3329394025052389930
7 1 5 0 -1  1
3329542663109806828
0 3 7 3 -1  1
3329982058008297143
5 3 3 2 -1  2
3331246383020409530
5 6 4 5 -1  1
3331357380038024366
6 2 5 2 -1  1
3331405153197611781
5 3 6 2 -1  1
3331753336318168633
2 2 4 1 -1  1
3331777853041684993
3 1 6 4 -1  6
3331882070332782116
7 3 3 3 -1  1
3331944641390956008
4 3 5 5 -1  1
3332130306082424435
7 1 6 3 -1  1
3332268074155032823
7 6 6 5 -1  1
3332345906771106920
6 3 5 2 -1  1
3332440687837223088
5 0 4 0 -1  1
3332445887271063076
4 5 2 3 -1  1
3332621847703513568
7 6 5 7 -1  2
3332651135975435499
6 0 5 1 -1  1
3332875766943080676
4 3 5 2 -1  1
3332951853377259061
5 5 5 4 -1  1
3333213175600062693
7 5 7 4 -1  1
3333252622010992625
1 3 1 4 -1  1
3333360081664259747
4 0 5 1 -1  1
3333517552553670151
7 4 7 6 -1  1
3333536560206086595
3 5 4 3 -1  1
3333588962491284982
7 5 3 1 -1  1
3333646392776536981
3 1 5 2 -1  1
3333652497753722671
6 2 5 2 -1  1
3333818327643299002
7 4 5 4 -1  1
3334139234171640987
6 6 5 6 -1  1
3334208893588876759
5 4 5 3 -1  2
3334229082161226845
5 3 3 4 -1  1
3334294850436370315
7 3 6 2 -1  1
3334298671190340896
5 2 6 4 -1  1
3334529606665045053
7 1 5 2 -1  1
3334609611934539605
6 6 5 7 -1  1
3334658691523001742
5 6 6 7 -1  2
3334700266659473526
4 5 3 7 -1  2
3334979813871840593
7 6 6 6 -1  1
3334992340580396980
5 7 6 6 -1  1
3335056928005122782
7 6 7 7 -1  1
3335111794121935641
6 5 4 5 -1  2
3335215007016452279
6 1 7 0 -1  1
3335265459774456973
5 0 4 0 -1  1
3335285756881236947
1 3 1 0 -1  1
3335310077349370982
4 4 3 3 -1  1
3335361801930840243
6 2 7 3 -1  1
3335558995345132344
7 0 0 0 -1  1
3335674729603072552
7 0 7 3 -1  1
3335694488242498300
7 3 0 3 -1  2
3335937149244541396
7 5 7 0 -1  1
3336379630092034648
6 3 5 5 -1  1
3336628267946873491
4 1 4 5 -1  1
3336855464210089518
5 2 4 2 -1  1
3336877782081372471
6 1 3 4 -1  1
3336958228363930157
7 3 5 5 -1  1
3337156172139647936
5 6 6 7 -1  1
3337159585997261269
2 6 2 5 -1  1
3337189533640382337
6 6 5 6 -1  1
3337214900205813993
2 0 2 4 -1  1
3337746500714637221
4 5 3 4 -1  1
3337821062834134912
6 3 6 1 -1  1
3337826737982339800
7 6 6 5 -1  1
3338106692597070771
4 3 3 3 -1  2
3338529310109584541
7 2 6 3 -1  1
3338606483256195976
6 5 5 4 -1  1
3338819606754310508
3 5 2 4 -1  1
3338864113394239859
5 4 4 3 -1  4
5 5 4 3 -1  1
3339027754292087321
1 1 3 1 -1  1
