4534170468073499051
6 2 6 1 -1  1
4534297198038186560
6 0 5 1 -1  1
4534471545860245457
4 4 5 3 -1  1
4534478821013679701
6 0 6 2 -1  1
4534668201792464842
6 3 5 1 -1  1
4534986960803559209
6 5 6 2 -1  1
4535205199532939883
7 6 7 7 -1  2
4535560894248321279
7 6 6 6 -1  1
4535608055800148746
6 1 4 1 -1  1
4535824619591485618
6 1 5 2 -1  2
4536758285363557779
6 4 5 3 -1  1
4537024674828249350
5 4 3 2 -1  3
4537130530921843423
6 6 7 6 -1  1
4537309347456919828
4 2 3 3 -1  2
4537462792697926722
3 6 2 4 -1  1
4537682177332632344
6 4 5 4 -1  1
4537747807867717422
4 0 2 1 -1  2
4537802789299327925
2 3 2 2 -1  1
4537808379210848689
7 2 3 6 -1  1
7 6 5 5 -1  1
4538090568730027688
4 7 5 6 -1  1
4538197218538646740
5 6 0 1 -1  1
4538320368358473230
7 1 6 2 -1  1
4538405535932812346
1 3 1 1 -1  1
4538594891155369617
7 6 7 7 -1  1
4538711933245728509
4 0 2 1 -1  1
4539009305460853554
5 7 4 6 -1  1
4539155218999874805
6 3 0 3 -1  1
4539161655270426641
2 7 1 6 -1  2
4539184070376822279
7 5 7 2 -1  1
4539257494615969256
5 4 3 6 -1  1
4539306342228712055
6 4 5 6 -1  1
4539394930200434381
6 5 5 4 -1  1
4539398141489289686
7 2 7 1 -1  1
4539592876042034608
7 3 6 3 -1  1
4539695231786227635
7 2 7 1 -1  1
4539713396901891154
4 1 6 3 -1  1
4539749859160190115
7 0 7 4 -1  1
4539866277349906597
7 0 7 2 -1  1
4540153106623402878
2 3 1 3 -1  1
4540202929420162892
7 0 7 2 -1  1
4540232802386932610
7 5 1 5 -1  1
4540241110153829590
4 2 6 3 -1  1
4540284914602880395
6 6 5 5 -1  1
4540402958693559618
5 4 4 3 -1  1
4540991061744373089
7 2 6 1 -1  1
4541105372556781048
3 7 4 7 -1  1
4541163292581242867
6 5 5 5 -1  1
4541271698476976078
6 4 5 6 -1  1
4541504494542473366
7 2 6 1 -1  1
4541616577526135700
7 3 7 1 -1  1
4541749745286730086
7 4 6 5 -1  1
4541802601288608993
4 6 3 7 -1  1
4541920016413682905
5 5 6 3 -1  1
4541938787899283837
6 0 5 1 -1  1
4542093438705142469
1 7 6 2 -1  1
4542227906219051198
6 3 4 1 -1  1
4542258677022330346
7 3 6 2 -1  1
7 5 6 4 -1  1
4542327945918963856
7 2 5 0 -1  1
4542342342679682058
4 4 3 6 -1  1
4542374444784387705
4 5 5 6 -1  3
4542635926609867671
2 6 3 5 -1  1
4542951551903244597
7 3 6 3 -1  1
4543000650929920225
3 2 7 2 -1  2
4543196443598770643
4 6 1 3 -1  1
4543223899073846455
5 4 4 5 -1  1
4543250881665477616
7 0 7 7 -1  1
4543295291564687942
6 4 5 5 -1  1
4543365486543807388
5 5 4 3 -1  1
4543470405669810996
6 6 6 5 -1  1
4543551823391442122
5 5 6 4 -1  1
4543754932395547160
3 3 2 4 -1  1
4543848354956206930
1 1 0 1 -1  1
4543874382135429685
7 2 4 5 -1  2
4544134827787564594
5 0 5 1 -1  1
4544209733858065588
7 6 6 6 -1  1
4544396340683858684
7 6 6 6 -1  1
4544737731596504484
3 7 6 4 -1  1
4544746734030443679
6 4 7 5 -1  1
4544904110221144513
7 3 5 5 -1  1
4545014176376374191
6 4 4 4 -1  1
4545056455500771816
7 3 7 6 -1  1
4545322156446091526
6 4 7 3 -1  1
4545482656793238893
7 5 7 3 -1  1
4545524245117761031
1 4 1 5 -1  1
4546025725114269602
7 2 6 2 -1  1
4546064652923260239
6 3 4 4 -1  1
4546251762660804819
1 5 1 6 -1  1
4546310946713081993
7 1 6 3 -1  1
4546402617500217569
3 5 3 1 -1  1
4546646300897652541
6 3 5 2 -1  1
4546733536625677512
7 3 3 7 -1  1
4547096024826953763
5 3 4 3 -1  1
4547105727066276675
4 2 6 3 -1  1
4547461510391654382
6 0 5 0 -1  1
4547494208473561503
6 3 4 3 -1  1
4547524828098790905
1 6 2 6 -1  1
4547530110189304089
7 3 7 2 -1  1
4547547433020336595
5 4 4 5 -1  1
4547556980492401223
7 1 4 1 -1  1
4547655170031263437
6 2 2 2 -1  1
4547966441525498178
7 3 7 2 -1  1
4548035201091589065
6 5 4 5 -1  1
4548062896293391343
5 3 5 2 -1  1
4548158078320960451
6 7 6 5 -1  1
4548200003595483259
5 4 4 4 -1  1
4548237089340356666
5 5 3 4 -1  1
4548395975785867504
5 2 0 2 -1  1
4548574794127729369
5 2 4 2 -1  1
4548657596050127059
6 4 5 5 -1  1
4548906386389016332
6 3 4 4 -1  1
4549062192319891258
2 2 7 2 -1  1
4549158275438842677
7 2 5 2 -1  1
4549405753567482607
0 6 0 4 -1  1
4549492323563352622
7 3 6 4 -1  3
4549612796055865413
0 4 3 1 -1  1
4549663380455036628
7 3 6 2 -1  2
4549671944012561900
4 4 5 6 -1  1
4549797376620644923
5 5 4 4 -1  1
4550003131422188197
5 3 4 4 -1  1
4550085461544239601
7 2 5 2 -1  1
4550374047610465963
4 1 3 0 -1  1
4550431678374603662
5 0 4 0 -1  1
4550457604119529471
7 5 6 4 -1  1
4550701013651116652
6 4 0 4 -1  1
4550745706042253092
4 6 5 5 -1  1
4550786269762699258
4 2 3 3 -1  1
4550806379355706437
4 4 5 3 -1  1
4550922008944550233
6 4 6 5 -1  1
4551078087798360312
7 1 5 2 -1  2
4551194139352907465
3 0 4 1 -1  1
4551263460524678730
4 7 3 5 -1  2
4551898090475660586
6 7 4 7 -1  1
4551901557768395770
7 3 6 4 -1  1
4552030175287656249
5 1 5 7 -1  1
4552306467869263496
6 0 4 0 -1  1
4552440573092156057
7 5 7 2 -1  1
4552566041716069218
7 3 4 3 -1  1
4552757342527394330
2 0 3 0 -1  1
4552771337387228825
4 7 0 7 -1  1
4552772402221105318
5 3 4 3 -1  1
4552851425220052168
7 4 5 3 -1  1
4552939119319519287
7 6 6 6 -1  1
4553010093948001842
5 0 4 0 -1  1
4553076051387459220
5 5 3 4 -1  1
4553123989937733111
3 3 2 3 -1  1
4553212135538752481
4 3 3 2 -1  1
4553311984714420474
6 4 2 4 -1  1
4553433947157812513
6 1 5 2 -1  2
4553465069434640621
4 2 5 4 -1  1
4553928707478357859
5 1 2 4 -1  1
4553957009657417688
4 6 3 6 -1  1
4554220778181847747
1 1 1 2 -1  3
4554850143347673419
4 4 6 3 -1  1
4554931550580712579
5 3 2 0 -1  1
4554934559194362866
5 4 4 3 -1  1
4555944728932440544
5 4 7 6 -1  1
4555979548385568819
7 0 5 0 -1  1
4556217646841430043
5 3 4 3 -1  2
4556636357585840084
7 4 5 4 -1  1
4556769743003973461
6 1 5 0 -1  1
4556912552583201613
3 3 4 3 -1  1
4556952982646189529
6 3 5 5 -1  1
4556983520829824717
2 0 1 0 -1  1
4557123517522936395
6 3 4 4 -1  1
4557148538093594127
7 6 6 5 -1  2
4557330769613995495
6 6 5 7 -1  1
4557335300830953837
6 3 5 3 -1  1
4557366727140489404
7 0 4 0 -1  1
4557407971068447908
5 1 5 3 -1  1
4557521775116888656
6 3 5 2 -1  1
4557946346966938108
5 4 4 4 -1  1
4558353274956406606
1 0 1 7 -1  1
4558713452946208876
5 3 4 3 -1  1
4559182464782654899
3 1 1 0 -1  1
4559345609411140921
2 7 4 6 -1  1
4559414040450571050
3 7 0 4 -1  1
4559686323638907656
2 0 1 0 -1  1
4559824144500080941
3 0 2 2 -1  1
4560131791284118797
5 4 4 3 -1  1
4560341590962340478
5 6 4 6 -1  1
4560383855901220741
1 7 1 0 -1  1
4560482045505466132
2 6 4 5 -1  2
4560638502893843005
6 3 4 3 -1  1
4560664112442411069
5 2 4 4 -1  1
4560681855103425115
5 4 4 4 -1  1
4560885784813983315
3 1 4 3 -1  1
4561028713450776579
6 3 6 4 -1  1
4561070337644415861
5 7 2 4 -1  1
4561118634429032470
4 0 3 1 -1  1
4561259047323363802
5 6 4 6 -1  2
4561285749014185496
7 5 6 6 -1  1
4561399491154501197
5 2 3 3 -1  1
4561442973376590634
7 4 6 4 -1  1
4561585790662158337
5 1 5 3 -1  1
4561599893680617010
7 2 4 5 -1  1
4561709548855618927
4 5 5 4 -1  1
4561896910609523145
7 4 7 6 -1  1
4561898810910209782
1 2 1 6 -1  1
4561915944647850380
2 2 1 2 -1  1
4562044951633020095
7 2 6 3 -1  1
4562077708520035562
7 0 7 4 -1  1
4562084247149954235
4 3 3 5 -1  1
4562370111590869972
3 1 2 2 -1  1
4562513796146569152
6 3 4 3 -1  2
4562638587653374235
6 4 4 5 -1  1
4562989643757769217
4 0 3 0 -1  3
4563045128060388632
1 6 0 5 -1  1
4563206428025053407
5 5 4 5 -1  1
4563343009341507222
7 3 5 3 -1  1
4563379842783622887
7 1 6 3 -1  1
4563455307322068468
6 7 5 7 -1  1
4563491564036697271
7 6 7 5 -1  1
4563506491486439579
1 2 2 3 -1  1
4563605734215571176
4 2 6 0 -1  1
4563608603461921929
1 4 1 5 -1  1
4563686358649283836
1 2 1 5 -1  1
4563771100911317883
7 2 6 3 -1  1
4563891146743199520
6 7 5 7 -1  1
4564064309436883020
5 5 4 3 -1  1
4564344362527097010
6 3 4 2 -1  2
4564678371311200435
7 4 7 6 -1  1
4564908154399452649
7 4 7 6 -1  1
4564924301055900139
6 5 5 6 -1  1
4564992862509564979
6 1 7 2 -1  1
4565059223351904209
5 3 7 5 -1  1
4565061869871324741
5 3 5 4 -1  1
4565109980573711448
5 4 3 2 -1  1
4565438305499625198
6 5 7 4 -1  1
4565652051166114394
6 4 6 5 -1  1
4565652160542446130
7 0 7 2 -1  1
4565705703438045580
6 2 4 4 -1  1
4565837878919332290
7 1 6 3 -1  2
4565930148769470463
7 5 6 4 -1  1
4566102999740109446
3 2 3 3 -1  1
4566212139044120203
5 5 3 4 -1  1
4566248855162440755
6 6 4 4 -1  1
4566284304483172658
5 6 4 6 -1  1
4566313406229074474
4 4 6 3 -1  1
4566322027100653771
5 2 3 1 -1  1
4566606318395598989
6 4 4 4 -1  1
4566751929071280752
7 2 6 1 -1  1
4566755932480519594
3 0 2 2 -1  1
4566785241276147572
5 4 4 5 -1  1
4566909469454891128
7 2 4 2 -1  1
4566925453709220940
6 4 7 3 -1  1
4566988619755596767
2 6 1 7 -1  1
4567031693776538309
5 6 4 6 -1  1
4567561533459686490
5 2 4 3 -1  2
4567953309532282201
7 1 5 2 -1  1
4567994481552023867
3 4 2 4 -1  1
4567996368201353155
5 5 6 3 -1  1
4568087110865559462
6 4 7 5 -1  1
4568101929239437228
7 6 5 6 -1  1
4568320881742616540
4 1 2 2 -1  1
4568345290724973516
7 4 7 5 -1  1
4568440138506748465
5 0 6 2 -1  1
4569044504982967511
5 3 4 2 -1  1
4569081167038751779
5 3 3 3 -1  1
4569377517432519781
5 3 4 2 -1  1
4569511176631571318
6 5 5 5 -1  1
4569743976521307897
6 1 5 0 -1  1
4569804733079738407
7 3 7 0 -1  1
4570073417127916254
6 3 5 1 -1  1
4570078216011485591
3 5 2 5 -1  1
4570254593251048230
6 5 6 6 -1  1
4570714941277235542
7 1 5 2 -1  1
4570812665014432325
3 6 5 5 -1  1
4571267340327443194
3 7 6 4 -1  1
4571475993789829462
5 2 4 1 -1  1
4571633570882480271
7 0 7 2 -1  1
4571782170589883530
5 0 4 0 -1  1
4571825832906660200
4 0 3 0 -1  1
4572022291178799985
7 3 6 3 -1  1
4572059140150160549
6 0 5 0 -1  1
4572230642956934989
5 4 4 4 -1  1
4572287976694673603
5 0 4 0 -1  1
4572558688867800292
6 6 5 6 -1  1
4572673601865314106
6 1 4 1 -1  2
4572715451287792456
7 3 6 4 -1  1
4572989467384155163
6 4 5 5 -1  2
4572999740907575163
7 0 7 3 -1  1
4573052897152945788
5 1 5 0 -1  1
4573298025448933531
6 3 5 3 -1  2
4573338748821457179
6 6 0 0 -1  1
4573567357741876299
5 6 3 5 -1  1
4573845124144811965
6 6 5 6 -1  1
4573883498050152830
2 6 1 6 -1  1
4573943044667678215
6 1 4 1 -1  1
4574150072231955115
2 0 0 0 -1  1
4574457696426577231
2 4 1 2 -1  1
4574462194690714947
1 1 3 1 -1  1
4574615841686569951
5 4 4 4 -1  1
4574618191752067724
6 5 5 4 -1  1
4574679921345557619
6 6 5 6 -1  2
7 5 3 1 -1  3
7 5 6 4 -1  16
4574708843093628296
5 4 4 5 -1  1
4574791709230968593
3 4 4 3 -1  1
4574972145055238343
2 2 1 4 -1  1
4574986187410146132
2 6 4 5 -1  1
4575250288270981437
5 0 4 0 -1  1
4575351237807304538
7 0 7 1 -1  1
4575439087937829273
7 1 5 2 -1  1
4575559073054810034
7 0 7 4 -1  1
4575721829064495525
7 5 7 4 -1  1
4575834271302863864
2 5 2 6 -1  1
4575889203298574933
4 2 3 2 -1  1
4575954641397060206
3 3 2 1 -1  1
4575998998355036129
5 4 4 6 -1  1
4576012564614447238
6 1 4 1 -1  1
4576017005900411620
5 2 4 4 -1  1
4576511716154932931
6 5 4 5 -1  1
4576790301928370135
6 5 5 6 -1  1
4576917878925240700
5 2 7 3 -1  1
4576977926543679883
6 4 7 2 -1  1
4577071343676868377
6 1 5 2 -1  1
4577117027481120827
2 6 4 4 -1  1
4577260977045072448
5 5 6 3 -1  1
4577293554625984820
7 2 5 4 -1  1
4577385902525342587
3 1 1 3 -1  1
4577679848612596264
7 5 7 4 -1  1
4577770428509557066
6 3 4 4 -1  1
4577834792303049465
7 6 6 5 -1  1
4578090154043329196
6 4 6 5 -1  1
4578226967604028085
5 6 4 6 -1  1
4578367307532732316
6 5 0 5 -1  1
4578394354521938772
5 2 4 2 -1  1
4578406560223662651
6 3 7 1 -1  1
4578557581757538695
3 4 2 5 -1  1
4578569645617945413
3 3 2 4 -1  1
4578683839057126140
7 4 7 5 -1  1
4578721545044229982
5 3 5 2 -1  1
4578728046344742042
4 3 5 1 -1  1
4578850835834921928
5 1 7 1 -1  1
4579095603441349409
6 1 4 1 -1  1
4579423356859860577
6 5 4 5 -1  1
4579472820980524347
6 4 4 2 -1  1
4579489370189625771
2 5 0 5 -1  1
4579870068243000211
7 0 7 6 -1  1
4579935996866880000
4 3 1 0 -1  1
4580010116020079851
4 6 3 6 -1  1
4580111611020013314
5 4 3 6 -1  1
4580201414708254432
6 1 5 0 -1  1
4580344398326823101
6 2 5 2 -1  1
4580420783911065691
6 1 5 1 -1  1
4580713906934260876
7 6 6 5 -1  2
4580752471110860891
6 0 6 4 -1  1
4580760795484012890
5 4 0 4 -1  1
4580849054004516780
2 4 3 2 -1  1
4580942929151200155
7 2 6 1 -1  1
4580946048054643804
2 2 4 1 -1  1
4581035102924236393
6 4 4 2 -1  1
7 0 7 1 -1  1
4581109358355472656
0 2 0 1 -1  1
4581218145018410597
6 6 2 2 -1  1
4581323033996534302
4 3 2 1 -1  1
4581333770049501507
7 6 6 6 -1  1
4581400943947017916
6 2 5 2 -1  1
4581475882517357157
5 3 7 2 -1  2
4581520661262010679
6 0 7 1 -1  1
4581563893266763699
5 2 4 0 -1  1
4581643051441782963
7 2 7 4 -1  1
4581819594108659586
6 4 4 2 -1  1
4581860590336780392
4 4 5 5 -1  1
4582246249795210501
5 5 3 4 -1  1
4582300586493370295
4 7 6 6 -1  1
4582332162727619163
3 4 4 5 -1  1
4582387306750456152
6 5 7 4 -1  1
4582388913348553915
5 4 4 3 -1  1
4582426822198691471
6 3 5 4 -1  1
4582639369472593195
7 3 4 3 -1  1
4582764444353940124
7 6 6 5 -1  1
4582937441195703269
4 6 6 4 -1  1
4582948546830534991
5 5 4 7 -1  1
4583134400511752150
6 3 5 1 -1  1
4583139571478641183
7 3 6 4 -1  1
4583257369199105860
5 2 6 4 -1  1
4583348488196216184
7 4 7 6 -1  1
4583433205266545646
5 5 7 5 -1  1
4583549573734907803
7 7 7 3 -1  1
4583715580664873603
6 6 7 7 -1  1
4583846349157874528
7 7 7 6 -1  1
4583878210305880658
5 3 4 2 -1  1
4583896604645322361
4 4 5 3 -1  1
4584113227964048146
6 2 6 3 -1  1
4584221592754306693
6 3 5 3 -1  1
4584234823481260079
6 5 5 5 -1  1
4584340730697359333
7 3 7 4 -1  1
4584556082670025376
6 0 4 0 -1  1
4584614475564735123
5 3 5 4 -1  1
4584642364036480342
7 3 4 0 -1  1
4584700106405423892
6 6 7 6 -1  1
4584805024275489159
6 6 5 5 -1  1
4584834058069971815
7 4 7 6 -1  1
4584837825061133362
3 5 6 2 -1  1
4584853850636313281
5 5 6 3 -1  1
4584923742091990377
6 2 6 4 -1  1
4584936330493655254
6 2 5 2 -1  1
4585002529586491212
6 3 4 3 -1  8
6 3 5 3 -1  1
4585349268476610725
5 2 3 3 -1  1
4585423182961950555
1 0 2 2 -1  1
4585591246319010776
5 5 6 7 -1  1
4585618544505842051
6 5 5 3 -1  1
4585717057275310096
6 3 4 2 -1  1
4585768063995171934
6 7 5 7 -1  1
4585775800972690183
7 4 5 3 -1  1
4585890266382665422
7 5 6 4 -1  1
4585945429273656231
7 6 6 7 -1  1
4585995969004903652
6 2 4 2 -1  1
4586106907012941421
5 2 3 3 -1  1
4586211723128041611
6 7 5 6 -1  1
4586212441207797504
7 2 6 3 -1  2
4586224165367266534
4 1 4 5 -1  1
4586481466758737212
7 2 6 1 -1  1
4586573956933278420
7 2 3 2 -1  1
4586576948271799578
7 6 7 7 -1  1
4586659992762704157
7 3 5 1 -1  1
4586696042530292766
7 3 7 2 -1  1
4586697876463338507
6 5 4 5 -1  1
4586702395353708466
4 3 3 3 -1  7
6 2 5 2 -1  7
6 4 5 4 -1  5
4586730137310672039
4 3 3 2 -1  1
4586755947342053200
5 7 4 7 -1  1
4586856237758167716
6 6 4 6 -1  1
4587017196925486127
4 7 1 4 -1  2
4587207758950834272
7 6 7 5 -1  1
4587770772297574737
7 7 7 6 -1  1
4587812141688258355
6 3 7 3 -1  2
4587941765174316624
7 5 6 4 -1  1
4588065960629632589
5 2 4 3 -1  1
4588069805638377084
5 1 6 1 -1  1
4588393969149407061
5 5 4 7 -1  1
4588497713435015251
5 5 2 2 -1  1
4588609445520599404
6 4 5 4 -1  1
4588890438035250105
7 0 7 2 -1  1
4588908300891960376
7 3 0 3 -1  1
4589062506967109941
7 0 7 4 -1  1
4589177192275597586
5 5 4 3 -1  1
4589301199626700608
7 3 3 3 -1  1
4589310125488114886
4 3 5 5 -1  1
4589351619902488798
2 6 1 5 -1  2
4589423915247007057
6 2 5 2 -1  1
6 3 4 3 -1  1
7 5 6 6 -1  2
4589503802180543029
6 2 6 0 -1  1
4589517222685369302
7 0 7 2 -1  1
4589633974007112208
6 4 5 5 -1  1
4589729934956487686
2 2 4 2 -1  1
4589749160991476298
4 3 2 2 -1  1
4589908874111524092
6 6 4 7 -1  1
4589912061923112164
4 1 3 1 -1  1
4590043523155334112
6 5 4 5 -1  1
4590254842714968444
3 1 1 3 -1  1
4590347379042342906
5 1 4 1 -1  1
4590811724116719277
4 0 3 2 -1  1
4590886670359267767
6 7 4 6 -1  1
4591065352799906555
7 0 7 1 -1  1
4591235344325930293
4 3 3 3 -1  1
4591460601971636529
7 3 0 3 -1  1
4591461469914529415
5 2 4 4 -1  1
4591851708798190491
6 3 5 1 -1  1
4591910422851213588
4 0 3 0 -1  1
4592009584869918148
6 4 7 3 -1  1
4592041145150083267
7 3 7 2 -1  1
4592087217017831291
1 1 2 2 -1  1
4592197015950934159
5 4 5 3 -1  1
4592208716394967957
6 5 5 5 -1  1
4592299787952941498
5 2 5 5 -1  1
4592379244772628554
1 7 5 7 -1  1
4592512776136614653
6 2 5 3 -1  1
4592630567799298255
6 2 4 1 -1  1
4592644051588157496
7 5 7 3 -1  1
4592906119737583493
7 4 6 6 -1  1
4592986480433707248
6 3 6 5 -1  1
4593155096340984062
6 7 4 7 -1  1
4593242756781717154
7 5 6 5 -1  1
4593543446419466726
7 3 6 3 -1  1
4593544243587345048
2 7 6 3 -1  1
4593632741768317671
6 1 5 1 -1  1
4593642922853044063
5 5 4 4 -1  1
4593716185269615797
5 7 5 4 -1  1
4593722205601686236
3 2 5 1 -1  1
4593758437431271234
7 4 6 2 -1  1
4593988614141317209
5 0 4 1 -1  1
4594038892703350563
4 1 3 2 -1  1
4594082782356107090
5 6 4 6 -1  1
4594091501346313426
7 4 6 5 -1  1
4594203047466997736
4 3 3 3 -1  1
4594250854374015194
7 2 2 2 -1  1
4594444927166117543
2 2 2 4 -1  1
4594542731529414298
6 5 7 3 -1  1
4594630077744626631
4 2 3 2 -1  1
4594744627122836519
5 4 2 7 -1  1
4594767670153317428
6 1 6 0 -1  1
4594899384033636504
5 7 5 3 -1  1
4595036894316018603
3 4 2 2 -1  1
4595228443723646131
4 7 3 6 -1  1
4595308072921626792
6 4 5 4 -1  1
4595346074448265168
4 0 5 0 -1  1
4595348518436342228
7 5 7 2 -1  1
4595362552112953453
6 2 6 3 -1  1
4595492942880138652
5 5 7 4 -1  1
4595625702847181636
0 0 4 0 -1  1
4595668046333677846
6 3 5 3 -1  1
4595711161602022560
4 5 6 3 -1  1
4595776608630105767
7 5 7 1 -1  1
4596114501216978043
7 6 6 5 -1  1
4596292474178397001
6 4 5 5 -1  1
4596393879842348932
1 0 1 4 -1  1
4596563725936157738
1 3 2 2 -1  1
4596779239527909890
0 7 0 1 -1  1
4596822482625286277
7 3 7 4 -1  1
4597056610990427697
7 3 5 5 -1  1
4597821283791181201
1 3 2 3 -1  1
4597893892964587147
5 7 4 6 -1  1
4597921318329063488
6 6 4 6 -1  1
4597989363115906457
5 2 4 4 -1  1
4598195680746860113
6 3 4 1 -1  1
4598363743468429098
5 4 4 4 -1  1
4598385035379885478
4 4 6 3 -1  1
4598428562798137191
7 3 6 4 -1  1
4598801164725015668
3 3 4 3 -1  1
4598856537671036126
6 0 5 0 -1  1
4598872073710820451
7 4 7 6 -1  1
4599039101695661811
7 4 7 2 -1  1
4599049126053459360
3 6 6 3 -1  1
4599093650983521892
7 2 6 1 -1  1
4599286899370642533
7 4 5 4 -1  1
4599535795009910343
7 0 7 3 -1  1
4599599396332064665
7 4 7 6 -1  3
4599693743665100246
5 5 4 3 -1  1
4599951778640441900
7 5 6 4 -1  1
4600054211668035022
2 6 2 4 -1  1
4600098246124378735
6 0 4 0 -1  1
4600154240548598316
3 1 5 3 -1  1
4600217494028549598
3 3 1 3 -1  1
4600261949264190441
2 4 0 5 -1  1
4600291213940975005
7 3 7 0 -1  1
4600294124832478626
1 3 2 5 -1  1
4600300373934193746
4 5 3 4 -1  2
6 7 5 7 -1  1
4600467195632640767
1 1 0 2 -1  1
4600512719382102410
6 6 2 2 -1  1
4600601275000892928
7 1 7 4 -1  3
4600641211302508251
5 6 4 5 -1  3
4600723332819991665
6 2 5 2 -1  1
4601013623190536066
5 1 4 0 -1  1
4601034937629371212
4 3 3 3 -1  1
4601421458123318778
7 6 5 5 -1  1
4601671236842106563
6 7 5 6 -1  1
4602021835076393598
6 1 3 4 -1  1
4602122264552593269
6 3 5 1 -1  1
4602149840298008546
2 3 1 4 -1  1
4602294424015260976
4 4 4 3 -1  1
4602591797969620674
7 0 7 5 -1  1
4602651626887574108
4 1 3 2 -1  1
4602750995854164902
1 3 1 2 -1  1
4602839115429331537
5 0 0 0 -1  1
4602861771976015681
3 5 2 6 -1  1
4603051746905798958
4 4 2 5 -1  1
4603268760388117469
6 5 5 6 -1  1
4603382582695356587
5 5 5 6 -1  1
4603716242651471180
1 0 1 5 -1  1
4603818994012242530
6 6 5 6 -1  1
4603898666009920378
3 4 4 5 -1  1
4603944043346835447
3 6 3 4 -1  1
4603955130785946850
5 5 4 5 -1  1
4603955389742457829
4 0 3 1 -1  1
4604022769102600212
7 6 7 7 -1  1
4604101599941388024
7 7 6 7 -1  1
4604343332306217477
7 4 7 6 -1  1
4604343596260739348
6 3 5 5 -1  1
4604500435416946344
4 5 3 6 -1  1
4604548805291581714
7 0 2 0 -1  1
4605054818002082097
7 6 6 5 -1  1
4605324862310261644
5 2 6 3 -1  2
4605443407634216702
5 5 6 5 -1  1
4605491761639492446
7 5 4 2 -1  1
4605585809948928800
5 0 4 0 -1  1
4605621400314143626
4 1 5 2 -1  1
4605901294681189159
5 4 4 3 -1  2
5 5 4 3 -1  1
4605947055010194243
5 2 4 3 -1  1
4606601060949539175
7 6 6 6 -1  1
4606741102807437747
5 5 3 4 -1  1
4606801007938176754
6 0 4 0 -1  1
4606857364575516129
4 2 1 2 -1  1
4606869932699269932
5 2 4 4 -1  1
4606903445992274514
7 3 5 3 -1  1
4606919791742979401
5 5 4 5 -1  1
4607480234387393424
4 7 3 7 -1  1
4607656556439448277
6 4 7 6 -1  1
4607936433674819741
7 2 4 2 -1  1
4608055481803068875
6 5 6 2 -1  1
4608472311391854311
4 4 3 6 -1  1
4608481619120386484
7 2 7 1 -1  2
4608666660342526886
6 0 5 0 -1  1
4608707644009098686
5 5 3 4 -1  1
4608794597157642389
4 3 3 2 -1  1
4608855486453612548
5 2 4 0 -1  1
4608902719652118609
6 5 5 5 -1  1
4609298803116350368
7 4 3 4 -1  1
4609417800595606294
5 2 5 3 -1  1
4609512021814686416
7 0 7 3 -1  2
4609900463924355623
7 2 6 1 -1  3
4610015178135212465
4 3 3 2 -1  1
4610162036560084556
4 0 5 0 -1  1
4610296616520294514
6 3 5 1 -1  1
4610572861837871420
4 4 3 5 -1  1
4610757570596549769
7 0 6 0 -1  2
4610996498023903006
5 4 1 4 -1  1
4611481378376358729
7 2 4 5 -1  2
4611621040084301193
6 6 5 6 -1  1
4611660033024722000
6 2 7 4 -1  3
4611886469157282807
6 7 4 7 -1  1
4611916464969991675
7 6 7 5 -1  1
4612010841808323811
6 1 5 1 -1  2
4612228920476497249
5 5 4 3 -1  1
4612260379996550180
5 1 4 1 -1  1
4612330419137082815
1 7 1 3 -1  1
4612404230212200075
6 3 4 4 -1  1
4612594784617559281
1 0 3 0 -1  1
4612718698484503182
5 2 5 0 -1  1
4612758056568098295
0 0 0 4 -1  1
4613088026306134453
3 0 1 0 -1  2
4613100008540228475
4 5 5 4 -1  1
4613188232736821890
5 2 4 0 -1  1
4613422593617330743
5 2 4 0 -1  1
4613457981609018826
6 3 5 4 -1  1
4613781798386014857
4 5 1 5 -1  1
4613921888642584773
4 4 1 1 -1  1
4614108823590063249
6 3 5 4 -1  1
4614220869240025824
6 1 5 3 -1  1
4614285864469863833
7 4 7 6 -1  1
4614355187607836045
4 0 3 0 -1  1
4614848521507350344
6 7 4 7 -1  1
4614951551142196160
7 0 7 2 -1  1
4615088183280749944
7 2 5 4 -1  1
4615214870928554994
6 4 7 3 -1  2
4615243932885522694
7 5 6 4 -1  1
4615286975279645331
5 5 5 4 -1  1
4615340554990855338
7 0 7 1 -1  1
4615486026916940853
6 4 4 3 -1  2
4615545662266924450
5 0 7 0 -1  1
4615951153606274546
5 2 4 4 -1  1
4616252537180043816
5 4 7 2 -1  1
4616391400674109675
6 4 5 5 -1  1
4616471149852264591
6 1 0 1 -1  1
4616625480797934903
5 7 4 7 -1  2
4616740309658781081
6 4 4 3 -1  1
4617152394445520332
4 7 3 6 -1  1
4617193261778671846
6 1 3 4 -1  1
4617378138425973208
7 3 7 4 -1  1
4617406790917316217
4 4 3 2 -1  1
4617456107635646651
7 2 4 5 -1  1
4617524862650482029
4 1 3 1 -1  1
4617705809437697820
6 5 5 4 -1  1
4617706833326804788
7 0 7 5 -1  1
4617765499369948734
5 5 3 4 -1  1
4617864310778867212
6 5 5 5 -1  1
4617922323484699717
6 1 5 1 -1  1
4617924586873660032
1 5 0 6 -1  1
4618246264724865726
0 3 1 3 -1  1
0 3 4 3 -1  1
4618299473215760521
4 5 3 3 -1  1
4618466164884417924
7 7 7 2 -1  1
4618724455942122371
7 1 7 2 -1  1
4618776912148491883
4 0 3 2 -1  1
4618851492702078543
6 4 4 4 -1  1
4618888705505468865
4 3 5 5 -1  1
4618890760325086467
7 5 7 6 -1  1
4619114556102061313
5 0 4 0 -1  2
4619137904792203839
7 5 7 4 -1  1
4619329910184846807
5 2 4 4 -1  1
4619531455120101607
5 3 4 2 -1  1
4619531916131445852
7 5 7 4 -1  2
4619535343601786749
1 0 2 0 -1  2
4619541619913245447
5 5 3 4 -1  1
4619569101752860599
6 5 5 5 -1  1
4619582969340483468
5 5 4 7 -1  1
6 1 5 1 -1  1
4619760980439005989
1 0 1 3 -1  1
4619953894857737616
5 6 4 6 -1  1
4620086365570154457
6 7 4 6 -1  1
4620293586147086116
4 1 7 4 -1  1
4620310998915572293
6 7 7 6 -1  1
4620341338650072502
4 3 3 2 -1  1
4620505146977883906
5 7 4 6 -1  1
4620505728790335120
4 2 3 3 -1  2
4620554159681455686
6 6 5 5 -1  1
4620609129220643117
4 0 3 0 -1  1
4620692029617470784
7 6 7 3 -1  1
4620872077865048556
7 0 7 1 -1  1
4620945846901420740
7 4 7 5 -1  1
4620962855494998792
7 4 7 2 -1  1
4620996394321229919
7 2 5 4 -1  3
4621178572639657545
7 4 7 6 -1  2
4621221142543755387
7 0 7 4 -1  3
4621278898895030721
5 1 5 4 -1  1
4621406535168594936
6 2 7 2 -1  1
4621450313816440427
4 4 5 3 -1  1
4621480802493466169
4 3 5 3 -1  2
4621884843393074871
4 5 3 5 -1  1
4622000953881010237
4 2 5 4 -1  1
4622123370437071284
3 6 2 6 -1  1
4622237563603272561
6 3 5 2 -1  1
4622296983325579057
5 4 4 5 -1  1
4622359059102581858
7 4 7 6 -1  1
4622580469426699577
5 4 6 4 -1  1
4622649635853427836
5 4 4 5 -1  1
4622785779953675511
4 2 4 0 -1  1
4622789396529283461
6 3 5 2 -1  1
4622937472920869025
7 1 6 2 -1  2
4623384353169289097
5 1 4 2 -1  1
4623455027565115980
4 1 6 3 -1  1
4623493902517318652
7 5 6 4 -1  1
4623519762987522930
7 5 6 6 -1  2
4623715376644329906
5 5 6 4 -1  1
4624084654770122112
5 5 3 4 -1  3
4624380183176802353
7 3 6 2 -1  2
4624489269469656103
7 1 6 1 -1  1
4625138482719683852
7 1 5 2 -1  1
4625171448103891048
6 0 6 1 -1  1
4625265731499029816
5 7 4 6 -1  1
4625374281326566652
7 1 6 3 -1  1
4625440403909195726
6 3 4 4 -1  1
4625547099455210856
5 4 4 5 -1  1
4625572202756343223
3 4 2 2 -1  1
4625579485767037724
7 6 5 5 -1  6
4625624420869536038
6 3 4 4 -1  1
4625714189340605071
7 0 7 2 -1  1
4625753852755113105
4 4 2 3 -1  1
4625835151685846317
5 7 4 7 -1  1
4625900794834314462
4 7 2 6 -1  1
4625927099032677985
5 4 4 4 -1  1
4625984252242904377
4 3 2 2 -1  1
4626036282473696866
6 4 6 5 -1  1
4626083055895775197
3 7 2 6 -1  1
4626147861218174798
7 0 7 2 -1  1
4626230919924868252
5 4 3 6 -1  1
4626365323959252392
1 2 1 5 -1  1
4626427320933641275
6 4 7 3 -1  1
4626513808268849251
1 3 1 5 -1  1
4626514096417476214
4 2 3 3 -1  1
4626557172184655867
3 6 6 6 -1  1
4626865321153644819
0 7 0 6 -1  1
4627395060639693221
6 3 7 3 -1  1
4627422591349056488
7 1 6 3 -1  1
4627481896848112162
5 5 7 4 -1  1
4627500372914089624
7 0 4 0 -1  1
4627511603952911050
6 7 3 4 -1  1
4627529264633447980
3 5 5 7 -1  1
4627644020343005925
6 0 6 1 -1  1
4627859131661988174
2 4 4 6 -1  1
4628076723183009318
7 5 7 6 -1  1
4628108134709904431
5 6 5 4 -1  1
4628164039860418636
7 3 6 3 -1  1
4628242614777715773
6 5 3 5 -1  1
4628480363537337566
6 1 5 1 -1  1
4628506910116215775
4 3 4 2 -1  1
7 1 7 2 -1  1
4628671592350172664
4 2 3 1 -1  1
4628762564554758783
7 4 5 4 -1  1
4628782862858897658
7 3 6 3 -1  1
4628953563985500956
3 3 1 2 -1  1
4629007521405019822
6 5 5 5 -1  1
4629222393729412337
4 4 3 4 -1  1
4629374553329803410
7 4 7 6 -1  2
4629817478821639592
2 1 3 3 -1  1
4630352489682949875
6 2 6 1 -1  1
4630364845707694456
7 0 7 3 -1  1
4630910360106150372
7 3 7 4 -1  1
4630922154978656459
7 2 5 4 -1  1
4630959940584000605
7 2 7 4 -1  1
4630963597538713748
4 3 3 5 -1  1
4631084224552546748
7 0 0 0 -1  1
4631449592810474483
7 5 6 4 -1  1
4631576255539129493
5 4 4 3 -1  1
4631613374278257479
7 5 5 4 -1  1
4631908289017338376
0 0 0 1 -1  1
4631948882126265626
5 3 7 1 -1  1
4631959312100059733
5 3 3 5 -1  1
4632421789671769426
5 7 4 7 -1  1
4632449471873675740
7 3 7 7 -1  1
4632515637615365020
7 5 6 6 -1  1
4632998139285468623
4 3 3 2 -1  1
4633007230071772418
3 3 3 0 -1  1
4633076961046539558
1 0 4 0 -1  1
4633175473742944290
7 3 7 0 -1  1
4633179810526178958
3 7 2 5 -1  1
4633199308430109526
7 0 7 1 -1  1
4633322590799651744
7 7 6 6 -1  1
4633327180608152747
6 7 5 7 -1  1
4633487118639324115
6 2 5 1 -1  1
4633494734807534176
3 4 2 5 -1  1
4633737205990671787
7 1 7 3 -1  1
4633806017504574246
7 2 4 5 -1  1
4633990685121211848
4 5 5 4 -1  1
4634612598379631626
6 3 4 1 -1  1
4634637057353644541
5 0 7 2 -1  2
4634958381690576806
5 2 7 3 -1  1
4635359146561928797
0 3 0 6 -1  2
4635453640199072454
4 0 0 0 -1  1
4635468390184206370
7 6 6 5 -1  1
4635687654797433784
7 5 7 3 -1  1
4635697385428170030
5 1 4 3 -1  1
4635749235467191989
6 3 5 3 -1  1
4635763419913528171
6 4 7 3 -1  1
4635810737079532033
7 1 6 3 -1  1
4635816970223254193
7 0 7 1 -1  1
4635942773813838073
5 5 2 2 -1  1
4635977558680003599
6 7 5 7 -1  1
4636019496653019949
6 2 5 2 -1  1
4636139666793853041
3 6 4 4 -1  1
4636225616040029747
7 6 3 2 -1  1
4636300305090593231
4 0 4 1 -1  1
4636458729960049202
7 3 7 6 -1  1
4636589722890897974
6 3 7 5 -1  1
4636731404959106072
6 6 7 6 -1  1
4636733915203097010
4 3 3 5 -1  1
4636868485254165949
7 2 5 3 -1  1
4636930792427694796
6 4 6 2 -1  1
4636941099900986857
5 0 4 2 -1  1
4636975966137494671
7 5 7 3 -1  1
4637201054369097902
4 2 2 2 -1  1
4637244438304026354
5 5 1 1 -1  1
4637312481653132430
5 4 6 3 -1  1
4637323769019326838
7 5 7 4 -1  1
4637373908251475944
2 5 1 6 -1  1
4637433190699061230
7 2 6 3 -1  1
4637746877794909050
7 3 4 6 -1  1
4637754056751836035
7 2 7 5 -1  1
4637765684255630038
6 2 6 4 -1  1
4637788771696376562
7 0 5 2 -1  1
4637964187150286172
7 6 6 5 -1  1
4637968826784882889
3 3 1 1 -1  1
4638271788258616224
5 5 4 6 -1  1
4638358998326047386
7 6 6 5 -1  1
4638377343788622116
7 6 6 6 -1  1
4638489449119695442
7 2 4 5 -1  1
4638530015523515869
7 4 7 0 -1  1
4638687825826128139
7 4 7 6 -1  1
4638717162034732434
4 4 3 2 -1  1
4639205422130340176
6 7 4 7 -1  1
4639278951587594052
3 2 6 2 -1  1
4639369111424900811
6 3 4 3 -1  1
4639426354771552947
7 5 7 3 -1  1
4639522277631537616
7 0 7 3 -1  2
4639609026789989227
1 5 3 6 -1  1
4639619892733691338
4 6 6 5 -1  1
4639624428982157974
6 6 5 7 -1  1
4639709950936944191
7 4 6 4 -1  1
4639780228122774045
7 3 5 1 -1  1
4639884460742209327
3 1 2 1 -1  1
4639955491594739456
2 3 5 6 -1  1
4640040280021955544
7 6 6 5 -1  1
4640205100491416035
6 2 5 2 -1  1
4640236817577037604
6 5 5 5 -1  1
4640382290108661674
6 3 5 5 -1  1
4640389969179835986
5 6 4 7 -1  1
4640413525156415454
4 5 3 4 -1  1
4640446784215999092
7 6 7 4 -1  1
4640722627974261465
7 2 6 3 -1  1
4641040722998825831
7 0 3 4 -1  1
4641182461359082422
7 5 7 6 -1  1
4641416736406925763
5 3 7 5 -1  1
4641504230515490787
7 5 6 6 -1  1
4641711953272030152
6 5 6 4 -1  1
4641851169964168578
6 6 5 5 -1  1
4642124058158066008
4 3 6 1 -1  1
4642157261921034589
7 6 6 5 -1  1
4642407025129790389
3 3 1 5 -1  1
4642667428378897643
3 4 0 7 -1  1
4642720397772093461
7 4 6 2 -1  1
4642868697216426957
5 5 6 3 -1  1
4643004633007643538
5 5 5 4 -1  1
4643327627045790848
7 5 6 4 -1  1
4643397011075803145
5 2 3 1 -1  1
4643692913375609028
5 5 5 4 -1  1
4643900568885469256
7 5 6 4 -1  1
4644127616545282898
2 4 2 2 -1  1
4644150016238615293
1 1 6 6 -1  1
4644276268718794071
6 2 5 2 -1  3
4644295993467134542
7 5 7 3 -1  1
4644337597016031765
4 0 3 0 -1  1
4645083502606871587
1 5 2 5 -1  1
4645159603898175935
4 7 3 6 -1  1
4645294500153567103
7 5 6 5 -1  1
4645298690794159877
5 6 4 6 -1  1
4645746604512672245
5 1 4 1 -1  1
4645895980710174092
6 7 5 7 -1  1
4645932512168935865
6 5 5 4 -1  1
4646455318048792213
4 3 3 3 -1  1
4646543923735289477
6 5 4 5 -1  1
4646657465023506671
7 3 0 3 -1  1
4646704486480553262
5 5 4 7 -1  1
4646846247926240820
7 4 6 5 -1  1
4646962139660525115
3 1 2 1 -1  1
4647071302828844715
5 2 4 2 -1  1
4647074181328774035
7 3 5 3 -1  1
4647250639993176994
7 1 5 2 -1  1
4647448818010400659
4 3 2 4 -1  1
4647469083475783775
5 5 4 4 -1  1
4647494243914573461
3 1 3 0 -1  1
4647860752434273205
7 0 7 3 -1  1
4648004838093695942
5 5 4 5 -1  1
4648450271790522132
5 2 4 4 -1  1
4648638617692460529
6 4 5 3 -1  1
4648653931754745177
5 3 7 4 -1  3
4648661045992627799
5 0 6 0 -1  1
4648666329645444856
0 1 3 1 -1  1
4648768000701208362
7 3 4 0 -1  1
4648859593169884244
6 0 5 1 -1  1
4648962718385735357
2 4 4 2 -1  1
4649048748849440592
6 1 4 1 -1  1
4649309483943402970
4 2 4 5 -1  1
4649324224041209061
5 2 6 4 -1  2
4649502358794472197
5 6 4 5 -1  1
4649545927202684316
7 0 7 3 -1  1
4649556867448277935
4 4 3 4 -1  1
4649589067379155796
6 5 5 4 -1  1
4649799732870418359
6 3 6 4 -1  1
4649830970966422119
4 3 3 4 -1  1
4649855784655150848
7 0 7 2 -1  1
4649904129596360922
3 3 5 5 -1  2
4650067261260334045
6 3 4 3 -1  1
4650269474963370869
6 5 6 2 -1  1
4650410621551972286
5 3 6 2 -1  1
4650463486653943793
5 4 5 3 -1  1
4650538387683752419
6 4 6 5 -1  1
4650548012018810104
5 6 4 5 -1  1
4650723505859792871
7 3 6 4 -1  1
4650874419298994086
5 5 4 5 -1  1
4650874791677663632
5 0 5 3 -1  1
4651014027729656959
3 1 2 2 -1  1
4651021821485494208
5 3 4 3 -1  1
4651348047037756640
7 6 5 5 -1  1
4651651016773797967
5 4 4 3 -1  1
4651794181669290246
7 6 6 5 -1  1
4652089814800835603
7 0 7 7 -1  1
4652195909047195466
5 2 5 3 -1  1
4652826635282155801
5 3 7 1 -1  1
4652993672448225238
5 4 4 3 -1  1
4653183027556255633
7 3 6 3 -1  1
4653295473467271120
4 3 4 4 -1  1
4653307718045494694
7 2 4 2 -1  1
4653336376408593752
6 3 4 5 -1  1
4653340337514850078
3 6 2 5 -1  1
4653649329093626817
7 5 6 5 -1  1
4653960689481807828
6 0 4 0 -1  1
4654045830005689892
6 5 4 3 -1  1
4654239279944777391
4 5 3 7 -1  1
4654334227582482994
5 6 6 5 -1  1
4654345503433796948
7 3 5 3 -1  1
4654514997682102683
6 1 6 4 -1  1
4654562119189062364
6 7 5 7 -1  1
4654574788103459171
2 3 1 4 -1  1
4654662254344611255
7 2 6 1 -1  1
4654767812135941242
5 4 4 3 -1  1
4654872240032259021
6 1 5 1 -1  1
4654885824342960949
5 5 3 6 -1  1
4654967028904557194
7 1 7 3 -1  1
4655079911303139406
4 3 3 4 -1  1
4655333430218496206
3 2 4 0 -1  1
4655363448479296145
7 3 7 1 -1  1
4655524593304272021
7 5 7 4 -1  1
4655773651157913492
4 1 3 1 -1  1
4655938604072484390
6 6 5 6 -1  1
4656100512801738839
6 3 5 1 -1  2
4656160949065328075
4 7 0 7 -1  1
4656407443754767326
6 2 6 3 -1  1
4656583107231048451
6 3 4 2 -1  1
4656721680597068970
0 3 1 2 -1  3
4656792510128363987
2 7 1 6 -1  1
4656831765456788771
5 2 7 4 -1  1
4656894925513839731
5 6 4 4 -1  1
4656927925024127580
4 7 3 6 -1  1
4657229461823572350
5 2 3 4 -1  1
4657237730190242426
5 7 5 5 -1  1
4657340727252359311
6 0 4 0 -1  1
4657602009805756586
7 3 6 5 -1  1
4657666297359430195
4 0 6 1 -1  1
4657673673679375500
6 6 5 6 -1  1
4657860558701228303
2 1 1 0 -1  1
4657888696764334689
7 6 6 6 -1  1
4658095591922577493
7 5 4 5 -1  1
4658098179011953719
5 0 5 3 -1  1
4658207402897260061
7 6 6 4 -1  2
4658515165177008180
5 3 4 4 -1  1
4658637794851518740
3 4 2 4 -1  1
4658710513263759944
7 4 3 0 -1  1
4658765376479119690
5 0 4 0 -1  1
4658814218673397466
5 5 6 3 -1  1
4658949214144977416
4 3 3 2 -1  1
4658966653686018467
6 0 5 0 -1  1
4659022779637800576
6 2 5 2 -1  1
4659131832229161061
7 3 4 0 -1  1
4659258365121432808
6 7 7 7 -1  1
4659298728839687912
1 5 1 3 -1  1
4659317192651633355
1 6 0 6 -1  1
4659445564795041523
3 0 2 0 -1  1
4659535986987268476
7 5 7 4 -1  1
4659713617521623589
1 1 3 3 -1  1
4659750608088383289
6 4 3 1 -1  1
4659772297230175271
7 2 5 4 -1  1
4659783602123161838
6 0 4 0 -1  1
4660064628189025098
5 3 4 2 -1  1
4660139078411619192
6 2 7 4 -1  1
4660155099163116174
5 4 4 3 -1  1
4660255737771464068
5 2 4 2 -1  1
4660337944495204700
7 3 6 2 -1  1
4660827413260004003
6 5 7 4 -1  1
4660948016184832441
7 6 7 5 -1  1
4660959253313084534
7 6 6 7 -1  2
4661115119290840951
6 6 4 6 -1  1
4661227015635648418
7 4 5 6 -1  1
4661507736719781988
3 1 4 3 -1  1
4661542678644582599
4 0 5 1 -1  1
4661568000751372087
6 4 5 2 -1  1
4661600162125190753
6 7 5 7 -1  1
4661793042281811531
5 4 4 4 -1  1
4662244741265828634
0 7 1 7 -1  1
4662409456923252185
2 1 1 1 -1  1
4662508186264372208
7 6 6 7 -1  1
4662531348679574268
7 0 7 6 -1  1
4662561466821246747
1 2 0 3 -1  1
4662793007628880961
7 3 4 3 -1  1
4662851720317847486
7 3 5 2 -1  1
4662903085547795316
5 2 4 0 -1  1
4663138712270767734
3 6 4 7 -1  1
4663222196370720928
4 4 3 6 -1  1
4663223605159757420
5 2 6 4 -1  1
4663293896935416051
7 2 7 1 -1  1
4663564543818830356
7 2 6 2 -1  1
4663628325482288945
7 0 7 3 -1  1
4663850205627451086
5 4 6 3 -1  1
4663852805614245497
7 1 5 2 -1  1
4663898878530014616
6 3 5 4 -1  1
4664017032168164400
2 1 5 4 -1  1
4664017626063412451
4 1 3 1 -1  1
4664020229972689057
5 5 4 6 -1  1
4664311152401428997
7 0 2 0 -1  1
4664343445827803679
7 3 6 3 -1  1
4664482224189284794
6 2 5 2 -1  1
4664821928997272365
1 4 3 6 -1  1
4664907484077453264
7 4 7 6 -1  1
4665047414262246582
7 3 6 3 -1  1
4665067540764504629
5 0 4 0 -1  3
4665069697950750645
6 2 7 2 -1  1
4665114012152094781
6 4 7 5 -1  1
4665125000373447051
5 2 5 1 -1  1
4665235342254323529
3 0 0 0 -1  1
4665321566057536041
5 3 4 4 -1  1
4665323074300862986
7 3 5 1 -1  2
4665511052498423599
4 3 3 3 -1  1
4665892362362705776
4 5 3 4 -1  1
4665911382987776357
6 0 4 0 -1  1
4666085191721825304
7 3 6 3 -1  1
4666108565111813305
3 3 2 3 -1  1
4666149469931758476
6 4 6 3 -1  1
4666361721338022754
5 1 3 0 -1  1
4666449954793228748
6 5 6 6 -1  1
4666491468042018068
4 5 3 4 -1  1
4666890373785359872
7 3 4 3 -1  1
4666946571405733169
4 4 1 7 -1  2
4666978117703199833
7 7 7 3 -1  2
4667042389322692436
7 5 6 5 -1  1
4667372787069706543
5 3 6 4 -1  1
4667423355945407078
5 5 3 4 -1  1
4667542130985471643
5 5 4 6 -1  1
4667600952224851036
6 1 5 2 -1  1
4667900609178727004
0 5 0 1 -1  1
4668389665169753036
6 1 7 2 -1  1
4668456032603228201
5 0 1 0 -1  1
4668470508941501573
7 2 7 3 -1  1
4668471868947390168
3 3 2 5 -1  1
4668505623071672054
6 3 7 5 -1  1
4668518626932275381
5 5 5 4 -1  1
4668529997718427860
7 5 3 1 -1  1
4668570459395412734
6 1 5 1 -1  1
4668723194316158251
6 1 4 1 -1  1
4668968931174440331
4 6 5 5 -1  1
4668999480002913213
3 0 1 2 -1  1
4669046266460453760
4 5 5 6 -1  1
4669073626453906351
7 6 7 5 -1  1
4669444011955978854
6 7 5 6 -1  1
4669468643113585942
1 4 2 3 -1  1
4669709452944716143
7 6 7 5 -1  1
4669762855339732258
5 5 4 5 -1  1
4669945365886321488
7 3 5 3 -1  1
4670017864200081808
7 0 7 2 -1  1
4670059942448008364
7 3 3 7 -1  1
4670081646877912502
6 7 5 6 -1  1
4670164472214307011
6 3 0 3 -1  1
4670417716792755559
5 4 7 5 -1  1
4670427310466056364
2 5 3 6 -1  1
4670550695589535059
6 0 5 0 -1  1
4670645083343635675
7 2 5 4 -1  1
4670688172552738462
2 5 1 4 -1  1
4670775871044416855
5 1 4 1 -1  1
4670922129032817710
5 0 4 1 -1  1
4670959369002893739
7 0 7 4 -1  1
4671030633085252924
7 2 5 4 -1  1
4671083661393404964
7 6 6 5 -1  1
4671359618486330450
2 1 2 4 -1  1
4671443105784878103
5 2 4 2 -1  1
7 3 7 2 -1  1
4671524891266735740
1 2 3 2 -1  1
4671547600496838686
3 4 4 6 -1  1
4671660080171224156
5 0 4 1 -1  1
4671815122493361701
6 4 7 5 -1  2
4671839666140646423
1 1 0 2 -1  1
4671852575838672378
3 4 2 4 -1  1
4671866242212768325
3 1 6 4 -1  1
4671877442693523454
5 4 4 3 -1  2
4671908849270770039
3 0 2 0 -1  1
4671921817431029180
5 5 4 7 -1  1
4671976860184147126
7 7 6 6 -1  1
4672140654889079931
7 0 7 2 -1  1
4672164599467649709
0 7 0 5 -1  1
4672177562457569576
1 4 2 4 -1  1
4672276486858726932
4 0 4 4 -1  1
4672305668582808372
7 3 7 2 -1  1
4672319558929284606
4 2 1 2 -1  1
4672530022017544577
7 7 6 6 -1  1
4672842837576804498
6 7 5 7 -1  1
4673003471108708154
7 6 6 5 -1  2
4673133805123125796
4 1 3 2 -1  1
4673184989030261192
6 4 5 6 -1  1
4673207873499129142
2 0 1 0 -1  1
4673242998359099580
2 1 4 0 -1  1
4673874292354899336
7 1 7 0 -1  1
4673938740265586417
7 6 6 6 -1  1
4674295024143765739
7 1 1 1 -1  1
4674378166166101359
5 4 6 2 -1  3
4674415680511318349
4 3 3 2 -1  1
4674453880125856512
6 5 7 6 -1  1
4674806207834008262
5 4 6 5 -1  1
4675143311853153504
7 4 7 6 -1  1
4675244615653507085
7 2 6 3 -1  1
4675255770978768241
6 2 5 3 -1  1
4675338828148847989
6 7 4 7 -1  1
4675428589408624028
4 3 3 2 -1  1
4675568707555942181
7 5 3 1 -1  1
4675665206308530704
6 6 4 6 -1  1
4675718481488161301
6 3 5 4 -1  1
4675740027831110715
5 3 4 3 -1  1
4676014201924984752
5 7 4 7 -1  1
4676054100878933617
6 7 7 6 -1  1
4676193715258228877
5 7 6 6 -1  2
4676525917266165347
4 5 5 6 -1  1
6 6 5 6 -1  1
4676723798822614552
7 2 7 5 -1  1
4676729465708269327
5 3 6 4 -1  1
4676929936379867015
2 0 1 0 -1  1
4677530078501839476
6 4 5 4 -1  2
4677634791763503573
4 5 3 6 -1  1
4677723432348908556
5 4 2 7 -1  1
4677756116708407627
5 2 4 3 -1  1
4677863178802362699
5 2 4 0 -1  1
4678135521716336782
7 0 7 3 -1  1
4678213317290391131
6 7 4 7 -1  1
4678302948514132728
1 2 0 3 -1  1
4678402207353352610
4 0 5 1 -1  1
4678429347453743947
7 5 7 3 -1  1
4678547528831391822
3 7 2 6 -1  1
4678700798402804669
4 1 3 1 -1  1
4678856340247849012
5 5 1 1 -1  1
4678856899987687292
6 1 5 1 -1  1
4678946440638995485
7 6 6 6 -1  1
4678967056073018485
7 3 5 3 -1  1
4679025407682509152
4 3 3 3 -1  2
4679645444431781655
7 7 4 7 -1  1
4680275617164239038
6 4 7 5 -1  1
4680310058153137070
7 3 4 0 -1  1
4680311029807697293
6 2 6 3 -1  1
4680327844887571534
4 1 5 2 -1  1
4680387463782364909
7 6 6 7 -1  1
4680506426068779604
6 1 4 3 -1  1
4680517371837398789
5 2 4 0 -1  1
4680588054322603900
6 2 0 2 -1  1
4680654311355097257
2 5 4 4 -1  1
4680859868464499457
5 4 4 4 -1  1
4681095382396539386
6 1 5 2 -1  1
4681401629304688972
5 5 4 4 -1  1
4681504129772521381
4 0 4 2 -1  1
4681508848265925826
7 1 6 3 -1  5
4681517481499218624
2 7 7 7 -1  1
4681534106929281208
7 2 5 4 -1  1
4681562642381990159
4 4 6 3 -1  1
4681591549554069126
5 5 4 6 -1  1
4681695748978898818
5 7 5 6 -1  1
4681889458253148464
5 1 4 1 -1  1
4682009241012940756
5 5 6 7 -1  1
4682082584051213200
4 0 4 2 -1  1
4682156233783950513
7 6 7 5 -1  1
4682303692125296706
6 5 5 5 -1  3
4682309445526472206
4 4 3 4 -1  1
4682383575276620495
7 4 7 6 -1  1
4682384221949469010
5 1 4 2 -1  1
4682632513280430992
6 5 6 4 -1  1
4682913921773401076
3 7 3 3 -1  1
4683301765247938267
4 6 4 5 -1  1
4683663097986252335
7 3 6 3 -1  1
4683937396482598557
2 0 1 0 -1  1
4683959703054732630
7 2 1 2 -1  1
4683966084563050894
2 2 1 4 -1  1
4684034797013657434
7 2 6 3 -1  1
4684207888215191934
7 4 6 4 -1  1
4684303907030714779
3 2 2 1 -1  1
4684391611968624351
7 1 6 1 -1  2
4684468410895315025
4 1 3 1 -1  2
4684736826769188732
6 2 5 1 -1  1
4684744642740748614
3 3 2 2 -1  1
4684760028677203832
6 7 5 6 -1  1
4684764083261289145
7 5 6 5 -1  1
4684802656954293233
7 1 5 0 -1  1
4684844527863941974
7 5 7 2 -1  1
4684848921714540576
6 2 4 2 -1  1
4685004524646545557
5 5 4 4 -1  2
4685024173578919517
6 1 4 1 -1  1
4685025817426635525
2 2 1 1 -1  1
4685179993898493918
7 2 6 1 -1  1
4685424226636895499
5 4 6 3 -1  1
4685622290104450423
5 7 5 6 -1  1
4685624705267296147
5 3 4 2 -1  1
4685638508410312453
6 2 4 0 -1  1
4685927511600154939
6 3 5 5 -1  1
4686058117403638874
5 0 7 1 -1  1
4686090821506639761
0 6 1 6 -1  1
4686108419872697328
2 6 0 5 -1  1
4686173245434679087
5 5 3 4 -1  1
4686326076001513782
4 6 1 3 -1  1
4686427993233778972
7 0 7 2 -1  1
4686465907184600537
7 1 6 3 -1  1
4686678251050985949
3 4 2 4 -1  1
4686714948793058077
6 7 7 7 -1  1
4686745109273183328
3 4 2 4 -1  1
4686821461831659742
2 3 2 1 -1  1
4687066555219687066
7 2 7 1 -1  1
4687070447941659411
6 2 1 2 -1  1
4687217137515203181
5 5 3 4 -1  1
4687241459516818702
5 4 4 4 -1  1
4687243277526849477
7 4 7 6 -1  1
4687251792488715084
3 1 2 3 -1  1
4687259474519125764
5 5 6 4 -1  1
4687332146017798667
5 2 3 3 -1  1
4687353056306972790
7 1 6 3 -1  1
4687392418301754253
6 4 5 5 -1  1
4687417363173256677
7 3 6 3 -1  1
4687483689497191390
4 2 4 1 -1  1
4687689976092474439
3 1 5 3 -1  1
4687748314694624064
7 4 6 4 -1  1
4688030104637170947
5 4 5 7 -1  1
4688208822939621186
2 7 3 5 -1  1
4688274822106744576
7 3 6 3 -1  1
4688302349480494586
7 2 5 4 -1  1
4688473143266635388
7 5 6 6 -1  2
4688971160856254856
1 4 0 4 -1  1
4688972992633625549
6 0 5 0 -1  1
4689069385801137159
4 1 3 1 -1  1
4689111114697938142
5 5 3 6 -1  1
4689325836609116483
3 7 2 7 -1  1
4689509739893350407
4 0 3 1 -1  1
4689562563291494400
4 5 2 4 -1  1
4689683246877895235
3 5 2 6 -1  1
4689836419988288644
0 1 0 6 -1  1
4689887324000392286
4 0 3 0 -1  1
4689967501014190558
5 5 4 5 -1  1
4690064165967491633
6 2 4 2 -1  1
4690139215631345288
4 2 2 0 -1  1
4690284920856222297
5 2 4 0 -1  1
4690477489427199572
6 4 5 4 -1  1
4690902853550952808
2 0 1 0 -1  1
4690906531184370558
5 2 4 2 -1  1
4690942844375614236
5 2 6 3 -1  1
4691015599825692181
4 6 4 5 -1  1
4691031720593131867
6 6 7 6 -1  1
4691120102540074956
5 1 4 2 -1  1
4691128825792939412
3 1 5 3 -1  2
3 1 6 4 -1  1
4691280014817328594
7 5 6 4 -1  1
4691350871164358178
4 5 3 6 -1  1
4691381461134009929
6 6 1 1 -1  1
4691822815375147713
4 3 5 2 -1  1
4691823483244522814
3 6 3 0 -1  3
4691912318228039748
6 3 4 4 -1  1
4692042732874591593
4 2 5 3 -1  1
4692311404459206722
4 2 5 1 -1  1
4692312236935808347
1 2 1 0 -1  1
4692363576434686526
6 4 6 2 -1  1
4692637071400814662
7 4 7 6 -1  1
4692889344405002002
7 6 7 5 -1  1
4692992975050919072
6 2 0 2 -1  1
4693038137410799798
7 5 7 6 -1  2
4693048070044517364
7 0 7 2 -1  1
4693302216483987326
6 1 7 2 -1  1
4693389250630004193
6 1 5 2 -1  1
4693588694247197250
6 2 4 4 -1  1
4693678711743441648
5 2 6 4 -1  1
4693766451081561476
2 2 0 2 -1  1
4693778268009317607
7 2 5 4 -1  1
4693879323506756037
6 2 5 4 -1  1
4693918722143563475
6 5 0 5 -1  1
4693981671579489804
3 4 2 2 -1  1
4694014443795758307
4 3 5 5 -1  1
4694078831621974136
7 5 6 3 -1  1
4694405339012855398
4 4 3 5 -1  1
4694622312352510709
5 2 5 4 -1  1
4694720501694429314
7 7 7 6 -1  1
4694809631852412757
7 2 3 6 -1  1
4695049642795716676
5 0 4 1 -1  1
4695114917132972312
1 1 0 3 -1  1
4695144861437388776
6 3 6 4 -1  1
4695178073014317514
4 1 6 2 -1  1
4695201163713520322
7 4 6 4 -1  1
4695392306149429208
2 0 0 2 -1  1
4695529959169956619
7 7 0 7 -1  3
4695808816703027245
4 4 3 3 -1  1
4695840202523031726
6 4 5 3 -1  1
4695920286484393273
5 4 4 4 -1  2
6 2 4 2 -1  1
4695984019345381012
0 1 1 1 -1  1
4695995431268291560
5 3 6 3 -1  2
4696118405945852260
1 3 0 2 -1  1
4696125781814149475
4 4 3 4 -1  1
4696183484139807050
6 0 5 1 -1  1
4696255698857940226
5 2 6 4 -1  1
4697048479984812571
4 5 6 5 -1  1
4697237197470473365
7 5 6 6 -1  1
4697570813270398032
6 1 4 1 -1  1
4697661287755080124
5 3 4 3 -1  1
4697866749959649622
5 2 5 0 -1  1
4698027064970900138
5 4 5 5 -1  1
4698029180143700395
5 5 4 5 -1  1
4698037601937586287
5 4 6 5 -1  1
4698094604870536648
6 5 5 4 -1  1
4698298598717390998
1 3 2 2 -1  1
4698319454818340054
6 1 5 1 -1  1
4698323779869044934
7 3 6 3 -1  1
4698451317319451763
6 0 5 1 -1  1
4698869758554855344
6 1 6 0 -1  1
4698900631687387644
4 3 3 1 -1  1
4699140224925928709
4 3 2 1 -1  1
4699197189732790372
5 5 6 4 -1  1
4699328381767999096
1 2 3 3 -1  1
4699651950894227882
4 6 5 6 -1  1
4699677722294479121
6 1 5 1 -1  1
4699679812854604685
6 4 5 4 -1  2
4699700269766761396
7 1 6 3 -1  1
4699891460937450858
6 6 7 7 -1  1
4699926563368053991
6 6 5 6 -1  1
4699970463703750171
7 4 4 4 -1  1
4699988144048143793
6 5 5 5 -1  1
4700062883439274669
1 2 2 4 -1  1
4700294570434564172
6 0 4 0 -1  1
4700433004037802331
4 1 3 2 -1  1
4700724329455806838
3 4 4 4 -1  1
4701060098562033639
5 5 6 3 -1  1
4701062742147570297
2 2 1 2 -1  1
4701250417802054286
7 5 5 3 -1  1
4701348240462811862
6 2 4 4 -1  1
4701468246613256093
6 0 4 0 -1  1
4701785349683944195
7 1 5 2 -1  1
4701872771658985607
4 2 3 4 -1  1
4702005697554467476
6 5 5 5 -1  1
4702363161341196028
6 3 5 2 -1  1
4702461772080388275
7 3 6 2 -1  1
4702603134867997081
5 0 6 0 -1  1
4702692314126324573
5 3 1 7 -1  1
4702794355978593918
3 6 2 4 -1  1
4702827155356094093
6 1 5 1 -1  1
4702842368912033425
4 6 3 5 -1  1
4702979865188429419
3 6 2 6 -1  1
4703013623407081462
7 1 5 2 -1  1
4703041519570216835
5 7 4 7 -1  1
4703619970007253682
7 6 5 5 -1  260
4703734321152821849
3 6 1 4 -1  1
4703740474745429952
7 3 5 1 -1  1
4703746870464216892
6 6 6 7 -1  2
4703824079873282185
6 5 4 5 -1  1
4703833256708052339
4 4 2 2 -1  3
4704306330864765728
2 1 5 1 -1  1
4704378114813096776
7 1 5 0 -1  1
4704393145592942155
7 6 5 7 -1  1
4704648631737016599
7 0 7 2 -1  1
4704771332105034603
7 4 7 6 -1  1
4704804240314463801
7 3 5 1 -1  1
4704962774009886732
4 3 3 4 -1  1
4704989720345436184
4 7 5 5 -1  1
4705027926962295802
5 6 4 6 -1  1
4705166173944992937
0 4 1 4 -1  1
4705176392727154298
2 6 1 5 -1  1
4705402249999357692
3 7 1 6 -1  1
4705529705354811937
5 4 5 5 -1  2
4705540518832882941
4 4 3 4 -1  1
4705726191521684793
6 7 5 7 -1  1
7 5 6 4 -1  2
4705752866716167791
6 6 5 6 -1  1
7 5 6 4 -1  1
4705815582045531359
4 2 0 2 -1  1
4705863856578196886
4 4 6 3 -1  1
4705879171824947724
1 1 2 0 -1  1
4705915055078881401
3 0 4 2 -1  1
4706097351829998476
7 2 4 2 -1  1
4706343873076529331
5 1 4 1 -1  1
4706370392369830466
5 3 3 1 -1  1
4706436425911322463
6 6 5 6 -1  1
4706542237931252210
6 4 5 5 -1  2
4706649563194036482
6 2 4 2 -1  1
4706686695411939608
7 2 6 4 -1  1
4706794457507308290
5 5 3 6 -1  1
4706816448495344528
6 7 4 7 -1  2
4706845496040619947
4 4 4 5 -1  1
4707010950609772714
7 3 6 5 -1  1
4707150509214113022
6 7 4 7 -1  1
4707210851197265098
7 0 7 1 -1  1
4707226338629251289
5 6 3 5 -1  1
4707375951634788767
6 3 3 0 -1  1
4707467405673298560
7 2 6 3 -1  1
4707783270978923338
3 6 2 7 -1  1
4708029110387270393
7 2 7 3 -1  1
4708045677544150635
4 6 3 5 -1  1
4708061839924564063
7 5 6 5 -1  1
4708309429955395960
7 4 0 4 -1  2
4708402224152031390
7 3 6 2 -1  1
4708429863946783066
6 6 7 7 -1  1
4708651322240757931
4 2 3 3 -1  3
4708702172949917939
7 2 7 6 -1  1
4708737805916983520
6 2 5 3 -1  1
4709539975266170174
7 6 7 7 -1  1
4709651686312694842
7 5 6 4 -1  2
4709687164543705204
5 0 4 1 -1  1
4709732490084570688
2 7 2 4 -1  1
4709772252065155896
6 3 6 2 -1  1
4709993351816233021
6 3 5 2 -1  1
4710180637801318125
6 6 5 7 -1  1
4710294022860614648
4 3 3 2 -1  1
5 5 3 6 -1  3
6 7 5 7 -1  2
4710350227680965594
6 2 4 2 -1  1
4710529201587169297
1 4 0 4 -1  2
4710545369640472012
7 6 6 6 -1  1
4710650884541418401
7 5 2 0 -1  1
4710809509999855981
6 6 4 4 -1  2
4711009368068480254
0 0 0 4 -1  1
4711102108409741674
5 3 5 5 -1  1
4711140471877921189
5 7 1 3 -1  1
4711164677028350905
4 4 3 3 -1  1
4711235634817127486
4 7 6 5 -1  1
4711322956536711660
4 2 3 3 -1  1
4711402459766954781
7 3 0 3 -1  1
4711443207746966509
7 4 6 3 -1  1
4711619412055894063
6 3 5 4 -1  1
4711854094004167261
6 1 3 4 -1  1
4711941934201246157
7 0 7 2 -1  2
4712034378830956489
7 2 5 4 -1  3
4712200678306986356
4 7 3 6 -1  1
4712427206788157485
7 3 7 2 -1  1
4712521857292100046
2 6 3 6 -1  1
4712590420131810258
3 3 4 2 -1  1
4712610843754027307
4 2 5 4 -1  1
4712621929208695278
5 4 4 4 -1  1
7 3 6 4 -1  1
4712653822319050918
6 1 4 1 -1  1
4712819777960719310
6 2 6 4 -1  1
4713109372986963219
7 5 6 6 -1  1
4713252868644909929
7 3 0 3 -1  1
4713270663729674542
7 1 6 3 -1  1
7 5 5 3 -1  4
4713314840066460290
7 5 7 4 -1  1
4713474496004754101
4 3 3 5 -1  1
4713620466773677573
2 2 3 3 -1  1
4713960950161359350
3 1 6 4 -1  1
4714033889225568983
6 5 5 4 -1  2
4714139996347212189
3 0 0 3 -1  1
4714249499359250885
7 6 6 4 -1  1
4714268234802294835
3 5 1 4 -1  3
4714287685824834241
5 1 4 2 -1  1
4714334581160155190
7 5 6 3 -1  1
4714502089648897752
6 0 5 0 -1  1
4714534133286238988
7 3 5 1 -1  1
4714566930095705837
6 4 4 4 -1  1
4714658372006034077
6 3 6 1 -1  1
4714976779289382220
6 1 4 1 -1  1
4715062005670374805
4 3 3 4 -1  1
4715186808886865720
7 5 7 2 -1  1
4715338899622417920
4 7 6 5 -1  1
4715507163982952287
7 4 6 3 -1  1
4715625312812578007
5 7 4 6 -1  1
4715736689664761104
3 2 1 1 -1  1
4715763613262036016
2 3 2 7 -1  1
4715770994835325676
1 3 1 5 -1  1
4715786149496507744
7 5 5 6 -1  1
4715786485515337157
6 5 4 5 -1  1
4715805260293505097
6 7 4 7 -1  1
4715964904675151849
5 5 6 4 -1  1
4716091576268635867
6 2 4 0 -1  1
4716432160817395748
6 3 4 4 -1  1
4716541151833583987
7 5 7 4 -1  1
4716615795096328434
6 7 4 7 -1  1
4716688415092892905
5 5 4 3 -1  1
4716728341043017845
6 1 5 1 -1  1
4716871559345801169
7 3 4 0 -1  2
4716912244956247699
6 7 6 5 -1  2
4716926570089547871
7 6 5 5 -1  1
4717004139908774848
6 7 4 7 -1  1
4717027509360534598
3 4 2 3 -1  1
4717085758931937753
5 5 4 5 -1  1
4717133401024564176
6 1 4 1 -1  1
4717241323755048477
3 7 6 4 -1  1
4717522780389678001
5 0 7 1 -1  2
4717589182429217461
5 1 3 3 -1  1
4717646971963913629
3 5 5 4 -1  2
4717689589622600190
2 3 3 2 -1  1
4717814327467791584
3 2 4 2 -1  2
4717927982706578368
4 4 3 4 -1  1
4718064011813967549
6 3 7 5 -1  1
4718137542790078120
6 7 5 7 -1  1
4718179012503938258
5 0 6 1 -1  1
4719019164333086748
6 2 5 3 -1  1
4719222295040322931
7 0 7 4 -1  1
4719421838473726748
7 1 3 5 -1  1
4719537444211351430
2 3 0 2 -1  1
4719575465791206829
4 2 5 3 -1  1
4719583752634860913
5 5 7 6 -1  1
4719706657568205819
6 6 5 5 -1  1
4719761349675320690
5 5 3 4 -1  3
4719994089683563536
5 2 4 2 -1  2
4720169029188386956
6 1 4 1 -1  1
4720177941508861652
6 5 4 5 -1  1
4720188695966886167
6 0 5 0 -1  1
4720243658108911401
2 1 3 3 -1  1
4720319187988090338
2 0 3 0 -1  1
4720429804172434258
3 2 2 0 -1  1
4720468734328894841
6 6 7 6 -1  1
4720550847420902274
7 6 6 6 -1  1
4720642310822976468
5 5 4 4 -1  2
4720868220010738393
4 4 2 3 -1  1
4720879872399102802
5 6 4 7 -1  1
4721145076084361154
7 2 6 1 -1  16
7 5 4 2 -1  24
7 5 6 4 -1  2
4721175779475359047
4 2 5 3 -1  1
4721197718396637166
5 5 3 4 -1  1
4721512551332489450
5 5 3 3 -1  1
4721592876764764386
7 6 5 7 -1  1
4721635298025561741
7 5 7 6 -1  3
4722258450855721282
6 3 4 3 -1  1
4722328856274231977
6 2 4 2 -1  1
4722345057933914153
6 7 7 6 -1  1
4722459226398470925
7 2 3 6 -1  1
4722470128008008145
7 0 7 1 -1  1
4722579470139968830
5 4 4 4 -1  1
4722763232787651091
7 6 6 5 -1  1
4722789609003422593
7 4 7 6 -1  1
4722826245597651401
3 1 7 5 -1  1
4723065165296810715
5 7 6 5 -1  1
4723134934278518632
7 6 6 7 -1  1
4723199392649434567
5 3 4 3 -1  1
4723278918174508753
7 3 4 3 -1  2
4723460150700850236
7 1 5 2 -1  4
4723591793462771936
7 4 7 2 -1  1
4723595910825120247
5 6 4 6 -1  1
4723664028599848555
4 2 4 1 -1  1
4723881842387029350
7 6 7 5 -1  1
4723920434845512727
3 3 5 2 -1  1
4724086702464879685
6 1 2 1 -1  1
4724241815589158945
0 6 1 6 -1  1
4724299398972322728
7 2 7 1 -1  1
4724334163753950899
6 0 5 1 -1  1
4724337986547573478
2 4 1 5 -1  1
4724351829987961389
4 1 3 1 -1  1
4724353377239452126
4 1 2 3 -1  1
4724410701719382937
7 2 7 1 -1  1
4724567768452053919
1 0 4 0 -1  1
4724670695318692134
4 5 3 6 -1  1
4724744033454422655
6 4 4 2 -1  1
4724744838183601743
7 2 7 4 -1  1
4725047074574167979
7 0 7 4 -1  2
4725202736192542360
7 4 7 6 -1  1
4725429532079853023
6 7 4 7 -1  1
4725636265845059535
6 3 5 2 -1  1
4725703926406812789
2 2 4 2 -1  1
4725748110150991970
7 0 4 3 -1  1
4725803407904285658
7 4 7 6 -1  1
4725821862625082047
6 3 5 5 -1  1
4725838887044660175
5 0 3 0 -1  1
4725917437110097068
6 6 5 6 -1  1
4725918216556069126
4 0 3 1 -1  1
4725988270424177615
5 1 4 2 -1  1
4726055656851004106
7 4 7 6 -1  1
4726135270652998745
6 3 7 2 -1  1
4726284458631668245
7 4 5 3 -1  1
4726375833483443015
5 5 4 5 -1  1
4726392654445590224
7 0 7 2 -1  1
4726411653251520396
5 5 6 5 -1  1
4726601506074020688
7 5 5 3 -1  1
4726608086841198144
5 5 4 5 -1  1
4726682248873334137
6 5 5 4 -1  1
4726727911705775086
6 5 5 4 -1  1
4726730766314917185
6 5 5 5 -1  1
4726957542446806005
7 3 4 6 -1  1
4726981192028243337
1 6 2 5 -1  1
4726986963032256357
2 1 2 7 -1  1
4727112675675949885
5 0 4 0 -1  1
4727207648513770365
7 1 5 0 -1  1
4727236623542937884
5 3 7 5 -1  1
4727467432528826756
6 4 5 4 -1  1
4727581420662123118
1 5 1 1 -1  1
4727805094896638704
2 6 1 6 -1  1
4727848351248810090
7 3 6 2 -1  1
4727870092411198681
6 3 4 5 -1  2
4727906576025935984
3 7 2 7 -1  1
4728081104299095208
5 5 3 7 -1  1
4728108468144610591
7 4 7 2 -1  1
4728134914376133252
5 2 4 0 -1  1
4728382803816342377
3 2 1 0 -1  1
4728419903067336574
3 1 2 1 -1  1
4728419942201538145
6 3 4 3 -1  5
7 6 5 5 -1  2
4728466428341026000
7 3 7 2 -1  1
4728612965957534293
6 3 7 5 -1  1
4728714081026231487
6 3 5 3 -1  1
4728719287025600577
7 4 5 3 -1  1
4728835032855306465
5 5 4 7 -1  1
4728866154958835441
7 2 6 1 -1  1
4728965761460602598
6 3 5 1 -1  2
4728974189369531248
5 3 5 5 -1  1
4728987058299126183
7 1 2 1 -1  1
4729191588470096562
6 5 6 6 -1  1
4729272341617710696
7 0 7 2 -1  1
4729286712358246189
6 3 7 5 -1  1
4729288531260240459
4 7 3 7 -1  1
4729303535850455444
7 0 7 2 -1  1
4729515792714470972
5 5 6 3 -1  1
4729777853742721466
5 5 3 5 -1  1
4729804473808508641
6 5 7 4 -1  1
4729855883990375094
3 4 3 6 -1  1
4729980483858432845
1 4 2 5 -1  1
4730047253854514651
0 0 0 4 -1  1
4730216067359047071
6 4 5 4 -1  1
4730406526892169355
1 1 1 5 -1  1
4730555305721087130
4 5 3 5 -1  1
4730772683917838792
2 0 2 2 -1  1
4730789369397707948
7 3 6 2 -1  1
4730891382811686626
1 1 1 4 -1  1
4731047147189647936
6 0 5 0 -1  1
4731439956203175477
3 1 2 2 -1  1
4731645137385133326
4 5 6 5 -1  1
4731721187914243353
5 5 5 4 -1  1
4731798096582614918
2 3 1 1 -1  1
4731943500606447494
6 4 5 5 -1  1
4732063903117148005
7 6 6 6 -1  2
4732158388993821515
6 6 4 6 -1  1
4732192948483892024
4 2 3 4 -1  1
7 5 7 4 -1  2
4732495792018642384
5 0 2 3 -1  1
4732865683991529850
7 5 6 4 -1  1
4732989061586264015
0 2 2 2 -1  1
4733027009299921337
7 1 5 0 -1  1
4733148337074416392
6 0 5 0 -1  1
4733340731277332961
5 6 4 5 -1  1
4733492153709762490
1 4 1 2 -1  1
4733595087536787130
3 2 3 3 -1  1
4733831305346432406
4 1 2 2 -1  1
4733910591444271922
7 3 6 3 -1  1
4733946118451822176
1 0 2 0 -1  1
4733959152933377217
7 3 7 2 -1  1
4734110858617151744
4 6 6 4 -1  1
4734113241040057420
5 0 5 3 -1  1
4734141236688092076
3 1 2 2 -1  1
4734203778864616075
6 4 7 3 -1  1
4734261141156509912
7 2 4 5 -1  1
4734273625984997733
4 1 3 1 -1  1
4734513151065875499
5 4 4 5 -1  1
4734704368079319997
5 2 4 4 -1  1
4734791437036701080
7 5 7 4 -1  1
4734922724516168109
5 0 4 1 -1  3
4734944896181213436
7 5 6 5 -1  1
4734966649324735505
6 3 5 1 -1  2
4735093618627037704
7 3 6 4 -1  2
4735219755837411081
7 3 6 2 -1  1
4735235247625823184
7 3 5 5 -1  1
4735312565505120545
6 2 6 3 -1  1
4735405413209006735
5 4 4 3 -1  1
4735441685434420273
6 6 5 5 -1  1
4735510914656824318
7 5 7 4 -1  1
4735879020361424591
5 4 4 4 -1  1
7 5 5 3 -1  1
4735898550110211009
7 5 7 2 -1  1
4735906809144209230
6 7 5 6 -1  1
4735936923009698985
1 3 0 3 -1  1
4735957528097344474
3 2 2 3 -1  1
4736081846768993016
7 5 6 4 -1  1
4736199860406185971
7 6 7 7 -1  1
4736288543577927654
4 2 3 2 -1  1
5 5 6 3 -1  2
4736301649971996796
6 4 4 2 -1  1
4736475455105219762
7 4 5 4 -1  1
4736497441881385206
7 6 5 5 -1  1
4736620853281818928
5 2 4 3 -1  2
4736774792032089067
6 3 4 4 -1  1
4736809272464776789
6 6 5 6 -1  1
4736912972654615348
6 6 4 6 -1  1
4736983731390522522
7 4 7 2 -1  1
4737101943560483034
0 5 0 7 -1  2
4737180407443838012
5 4 3 6 -1  1
4737220402363387384
5 4 4 3 -1  1
4737274049223407140
7 4 7 0 -1  1
4737453967589386837
7 2 4 5 -1  1
4737796138553429411
7 3 7 5 -1  1
4738055393642824096
6 6 5 5 -1  1
4738063986749041602
5 4 4 3 -1  1
4738090335146685345
4 2 3 3 -1  1
4738215113408576334
6 3 4 3 -1  1
6 3 5 3 -1  1
4738259397207118131
5 4 5 2 -1  1
4738321898912187783
3 6 5 4 -1  1
4738640409395540887
3 4 1 3 -1  1
4738675961646715373
7 6 5 6 -1  1
4738753691958957382
6 6 7 7 -1  1
4738784733328795166
4 5 5 5 -1  1
4738858803278333856
6 3 4 4 -1  1
4738877631098264820
7 6 6 7 -1  2
4739128308188440263
5 3 6 4 -1  1
4739291713759680462
0 5 0 7 -1  1
4739322720867700448
5 1 4 1 -1  1
4739377891867806814
7 6 6 6 -1  1
4739651142493629680
5 3 4 4 -1  1
4739682766890375505
4 7 3 7 -1  1
4739974161440735465
3 2 3 7 -1  1
4739977826230546505
1 5 3 7 -1  1
4740003114152510001
6 5 5 5 -1  1
4740047880867151653
7 0 7 2 -1  1
4740142403816685205
7 0 7 2 -1  1
4740147391642839013
5 5 4 5 -1  1
4740155665111681674
7 5 7 1 -1  1
4740212361843601458
7 6 6 6 -1  1
4740295129204730172
2 6 4 5 -1  1
4740766399058568779
5 2 4 4 -1  1
4740868783911064200
5 3 6 4 -1  1
4741091105968118384
4 2 4 0 -1  1
4741134313865202968
7 2 6 1 -1  1
4741167188742157308
5 5 6 3 -1  1
4741234070556830209
5 5 2 2 -1  1
4741600529670540302
4 6 4 4 -1  1
4741687783904319832
7 3 5 3 -1  1
4741777882844980809
7 4 5 3 -1  1
4741803370649282173
5 6 4 5 -1  1
4742092245177443195
7 6 7 7 -1  1
4742103786021207677
2 0 3 0 -1  1
4742162927545560088
3 1 2 0 -1  1
4742279476156056631
2 3 4 3 -1  2
4742383373685166737
6 3 5 2 -1  1
4742439661696876189
5 7 6 7 -1  2
4742943968576391336
3 5 4 5 -1  1
4743011431495065730
5 3 4 4 -1  1
4743073381940122348
5 4 4 5 -1  1
4743218847279264078
6 6 5 6 -1  2
4743275272199771866
7 2 7 3 -1  1
4743314444305978399
7 5 4 2 -1  1
4743437261906551300
5 3 6 3 -1  1
4743520175416884606
2 3 1 3 -1  1
4743580617243116383
0 1 0 7 -1  1
4743628049754734538
4 3 3 2 -1  2
4743667833811512340
4 3 3 2 -1  1
6 2 4 2 -1  2
7 4 7 6 -1  1
4743731211178251330
7 5 6 4 -1  1
4743772175577408227
0 4 3 1 -1  1
4743847091939536802
1 7 0 7 -1  1
4743858582034653821
5 4 6 4 -1  1
4743867535242451087
2 2 1 4 -1  1
4743876594985444778
6 7 4 7 -1  1
4744214831586492024
7 3 6 4 -1  1
4744477349221093264
7 5 0 5 -1  1
4744509344471280018
7 2 4 5 -1  1
4744856366469019494
7 4 7 6 -1  1
4744865272505343012
2 0 1 1 -1  1
4744987957445690003
2 2 1 2 -1  1
4745099924577423616
4 4 6 4 -1  1
4745110761664333068
5 5 5 6 -1  1
4745133986281261787
4 4 6 5 -1  2
4745221270208526234
3 0 2 0 -1  1
4745259138279770554
4 4 3 3 -1  1
4745276904093981912
6 4 5 6 -1  1
4745320274157161714
7 3 7 1 -1  1
4745471268456680961
7 7 4 7 -1  1
4745640574219179585
7 3 7 5 -1  3
4745744110059733821
7 6 6 5 -1  1
4745746796088836820
7 1 5 2 -1  13
7 4 7 6 -1  7
4745800487952993218
4 0 3 0 -1  1
4745819808475383082
7 6 5 5 -1  2
4745865546635000122
7 4 7 6 -1  1
4745949547167230656
7 2 3 6 -1  1
4746108472113515555
4 2 5 4 -1  1
4746120326503227792
4 0 1 3 -1  1
4746136041716571243
7 2 5 4 -1  1
4746143503753181680
6 7 4 7 -1  1
4746361213369205331
7 5 5 3 -1  1
4746584353187191508
7 3 7 2 -1  1
4746588391981280361
3 5 3 6 -1  1
4746665735499821378
3 4 4 4 -1  1
4746700171214375731
6 5 6 7 -1  1
4747023843388615946
6 5 5 4 -1  1
4747250207299344491
4 1 3 2 -1  1
4747394819153721240
3 1 2 2 -1  1
4747737936639487801
6 0 4 0 -1  1
4747782336486017073
6 1 5 2 -1  2
4747987624485387672
6 2 6 5 -1  1
4748110169175197166
1 4 1 0 -1  1
4748214645604650967
7 5 7 4 -1  1
4748245695624728406
6 3 4 2 -1  1
4748323474956077370
4 4 2 3 -1  1
4748338925970258154
7 6 6 7 -1  1
4748655655967371264
5 1 4 3 -1  1
4748702727177656161
4 5 6 5 -1  1
4748746311757254359
6 2 3 2 -1  1
4748766894491080567
6 0 4 0 -1  1
6 4 7 5 -1  4
4749208643334824835
6 4 7 3 -1  1
4749274145247514197
5 1 2 1 -1  1
4749387127501484925
7 5 7 4 -1  3
4749659766515803529
5 4 4 5 -1  1
4749873095141599917
6 5 6 6 -1  1
4749976374412190809
7 5 7 6 -1  2
4750525177341712484
4 1 3 2 -1  1
4750707672804002014
4 3 3 2 -1  1
4750773197505121113
7 1 5 0 -1  2
4750901674938182819
4 0 3 0 -1  1
4750906452651742691
5 3 5 7 -1  1
4751080619099994938
5 3 3 1 -1  1
4751142293794972184
7 4 6 5 -1  1
4751252676810068794
6 1 5 1 -1  1
4751269441515646972
3 3 3 5 -1  1
4751489905985219273
4 1 3 0 -1  1
4751605085731422871
7 4 7 6 -1  1
4751827490777342696
7 4 5 4 -1  1
4751911904368691575
5 3 7 4 -1  1
4751993257663173287
6 5 7 4 -1  1
4752125807001397368
2 0 3 0 -1  1
4752236104869152749
6 7 4 7 -1  1
4752298053493850156
6 3 7 2 -1  1
4752309966012432220
7 4 7 2 -1  1
4752374096222469132
4 6 4 7 -1  1
4752415102632909702
4 7 7 4 -1  1
4752483232231553536
1 6 1 5 -1  1
4752517768600956146
5 1 0 6 -1  1
4752532692709369660
7 6 6 4 -1  1
4752644714166206861
5 2 4 0 -1  1
4752732061556743235
4 4 3 4 -1  1
4753084185409896363
4 0 3 0 -1  1
4753132338493202181
4 4 0 4 -1  1
4753198148814138418
1 4 3 6 -1  1
4753224356551123698
7 0 7 2 -1  1
4753492093130737874
5 4 4 4 -1  1
4753715280213229460
6 2 5 1 -1  1
4753816285261435523
3 3 3 5 -1  1
4753902870721207491
6 1 3 4 -1  1
4753955281176945358
5 2 6 4 -1  1
4753975880223648286
6 3 7 4 -1  1
4754357032524151363
6 1 4 1 -1  1
4754392860972358387
5 0 4 0 -1  1
4754419082026794858
6 5 5 5 -1  1
4754514937194207467
3 4 1 4 -1  1
4754519154216644984
7 0 7 1 -1  1
4754566258497293357
6 5 4 5 -1  1
4754764136296820662
5 2 4 4 -1  1
4754881675823226876
6 4 4 2 -1  1
4754937514721658879
6 3 5 4 -1  1
4754991528653757963
6 4 4 6 -1  1
4755096220259387332
2 3 0 3 -1  1
4755275094125228165
6 4 4 4 -1  1
4755584170414097962
6 5 6 2 -1  1
4755700317598761478
5 3 2 6 -1  1
4755727364852122525
6 3 7 3 -1  1
4755771784289772698
4 2 3 3 -1  1
4755808010341723878
5 2 4 3 -1  1
4755808946896374587
7 3 6 3 -1  1
4756033984137568361
6 3 5 5 -1  1
4756151207848776890
3 4 2 3 -1  1
4756239262403501304
4 3 2 2 -1  1
4756371631426628881
6 3 5 2 -1  2
4756867222299181033
5 7 4 7 -1  1
4757124495436904994
3 4 5 3 -1  1
4757559265817263170
1 2 1 0 -1  1
4757641784510766771
7 5 6 7 -1  1
4757695407864599120
0 6 0 7 -1  1
4757701921705232224
7 3 6 4 -1  1
4757931948416386540
3 5 0 2 -1  1
4758012889815007381
3 4 7 4 -1  1
4758092126587028177
5 5 3 6 -1  1
4758207661355482425
5 2 6 1 -1  1
4758393517562776828
7 3 7 1 -1  1
4758451529399629866
4 4 3 3 -1  1
4758469230091699914
6 7 5 7 -1  1
7 2 6 3 -1  1
4758507889252659521
3 0 0 0 -1  1
4758547465413605619
6 4 4 4 -1  1
4758658473611465979
5 3 4 3 -1  3
4759032361014886739
6 4 5 3 -1  1
6 4 5 5 -1  1
4759074871330754412
1 0 0 0 -1  1
4759092258403442497
5 3 2 3 -1  1
4759103513832426531
1 4 6 4 -1  1
4759406631725771228
3 4 0 1 -1  1
4759554944372771919
4 6 3 4 -1  1
4759787240102838821
7 2 7 6 -1  1
4760078749814155667
2 3 4 5 -1  1
4760324505606306001
5 2 4 3 -1  1
4760569824059887129
6 0 5 0 -1  1
4760584621527407741
5 3 5 4 -1  1
4760761753483063844
6 5 4 5 -1  1
4760865196989399159
3 0 3 6 -1  2
4760866817419742809
5 5 4 3 -1  1
4760877831132477287
5 7 4 7 -1  1
4760894797693740434
6 2 4 2 -1  1
4760970128596142741
7 2 6 3 -1  1
4761076848733900460
6 0 4 0 -1  1
4761669530838487092
5 7 5 2 -1  1
4761708498855521835
6 1 3 4 -1  1
4761906143045826546
5 0 4 1 -1  1
4762234343630918791
6 3 6 6 -1  1
4762353677172577764
6 1 5 1 -1  1
4762558460218522190
7 5 7 2 -1  1
4762678028972852857
6 4 6 1 -1  1
4762796332040647403
4 0 3 1 -1  1
4762816487006207062
7 4 5 4 -1  1
4762859689525996313
4 2 2 0 -1  1
4762944678867986282
7 2 7 3 -1  1
4762989608900849803
4 1 2 3 -1  1
4763147276329376682
6 2 5 3 -1  1
4763188992213252490
6 7 5 7 -1  1
4763283692769046125
7 6 5 5 -1  2
4763436069285757800
2 0 1 0 -1  1
4763837920980028758
3 7 6 4 -1  1
4763868556146236264
6 1 4 1 -1  3
4764137497845243103
7 6 6 5 -1  1
4764166690262780299
7 6 7 5 -1  1
4764296690557720954
6 2 5 2 -1  2
4764328199554647522
6 7 4 7 -1  1
4764360879348723160
6 3 5 3 -1  1
4764410041521103551
7 0 7 2 -1  1
4764551377021642193
7 5 7 4 -1  1
4764623805116189550
7 2 1 2 -1  1
4764732159169294779
5 5 4 3 -1  1
4764916496740383185
5 2 5 3 -1  1
4764918775658971503
4 2 3 3 -1  1
4765069966385468482
3 7 0 4 -1  1
4765191578537026676
3 1 4 3 -1  1
4765488923136423749
6 3 4 3 -1  2
4765542779223220296
6 2 7 2 -1  1
4765584202831668570
7 4 7 6 -1  1
4765620645986971121
6 2 4 2 -1  1
4765918452941985489
7 5 6 6 -1  2
4765920698340955958
3 3 2 3 -1  1
4765969894624708331
6 3 7 4 -1  1
4766002442945538676
7 1 6 2 -1  1
4766096256411700048
3 4 4 4 -1  1
4766106778184931442
3 5 2 6 -1  1
4766212548500907563
6 7 7 5 -1  1
4766278459597315613
5 2 6 4 -1  1
7 2 6 1 -1  1
4766399245884206370
3 3 5 3 -1  1
4766699182160450058
5 4 4 3 -1  1
4766722242273614417
5 2 5 4 -1  1
4766814850432141762
5 7 6 5 -1  1
4766938730445751760
7 5 7 4 -1  2
4767284942842355353
6 4 5 5 -1  1
4767379905910612432
6 4 5 3 -1  1
4767581796618774455
6 1 5 2 -1  1
4767590745417560240
5 2 3 3 -1  1
4767698977760112476
7 3 3 3 -1  2
4767797677269398783
4 5 3 4 -1  1
4768479541506730134
4 0 3 2 -1  1
4768548340741020500
7 4 4 4 -1  1
4768693125375650314
5 1 3 2 -1  1
4768861959958369718
6 5 5 5 -1  1
4769040371233797508
5 3 4 4 -1  1
4769280999218913387
4 1 3 2 -1  1
4769525769252040755
5 5 2 2 -1  1
4769596827068336744
4 0 3 0 -1  1
4769841201785648570
7 2 6 1 -1  1
4769869566639965544
4 1 3 1 -1  1
4769872349665793221
6 7 5 7 -1  1
4769973083292110359
0 7 1 7 -1  1
4770002041439312062
4 6 4 7 -1  1
4770125178194900579
6 3 5 3 -1  1
4770344980916231763
7 4 7 6 -1  1
4770612257978177763
6 4 5 5 -1  1
4770635244449316057
2 0 2 1 -1  1
4770659857949564144
6 4 4 5 -1  1
4770974085626713007
5 2 5 0 -1  1
4771096156562794458
6 5 4 5 -1  1
4771265883909368226
3 0 2 0 -1  1
4771371149947990688
6 3 4 4 -1  1
4771375979350898615
5 6 4 5 -1  1
4771413343006732337
7 4 7 5 -1  1
4771488819419093474
5 7 4 7 -1  1
4771577352005721437
4 6 3 6 -1  1
4771587779105359617
5 2 4 1 -1  1
4771810196557673695
6 3 7 2 -1  1
4772043993709962587
6 5 5 5 -1  1
4772052124713162587
5 0 4 0 -1  1
4772060291202113435
7 4 7 3 -1  1
4772189205808427819
7 6 5 4 -1  1
4772267731371742322
3 2 3 6 -1  1
4772524799866218761
7 5 7 1 -1  1
4772533462046882841
7 0 6 0 -1  2
4772642708874600201
7 2 3 6 -1  1
4772881992248438050
5 1 4 1 -1  1
4772971782881739740
4 2 2 1 -1  1
4773032830695392770
7 3 7 4 -1  1
4773045779916918588
6 7 6 1 -1  1
4773059940128350633
7 2 5 1 -1  1
4773155602461332012
7 1 5 2 -1  1
4773175072077118369
3 4 2 2 -1  2
4773319865810215656
7 5 7 3 -1  1
4773854200363066107
2 7 1 7 -1  1
4774166115604080322
7 4 7 6 -1  1
4774191959923332881
3 1 0 4 -1  1
4774379876164397559
4 5 3 4 -1  1
4774614431737972448
5 2 3 1 -1  1
4774714137941801373
4 1 5 1 -1  1
4774759996727526597
5 5 6 3 -1  1
4774765622620944294
5 0 3 2 -1  1
4774889891445455890
7 5 5 5 -1  1
4775508596380892439
7 2 6 3 -1  1
4775665214732623597
4 7 3 6 -1  3
4775712696385337726
3 0 2 1 -1  1
4775800324580137821
7 3 7 5 -1  1
4775804770432017138
0 3 5 3 -1  1
4775879560942075180
7 6 6 6 -1  1
4775901521339900018
3 2 5 1 -1  1
4776204838072173030
5 4 4 4 -1  1
4776347771870180391
5 5 4 5 -1  1
4776553663770042983
6 7 5 7 -1  2
4776636500426670311
3 4 1 3 -1  1
4776807846577899880
5 7 4 7 -1  3
4776947337311946970
5 4 5 3 -1  1
4777304233742831306
4 5 5 6 -1  1
4777345254447680137
7 1 6 3 -1  1
4777555035565684519
7 3 6 2 -1  1
4777626099034065564
6 3 4 5 -1  1
4777670893955247625
6 1 3 4 -1  1
4777784925541795378
6 3 7 5 -1  1
4777915706889696203
7 1 5 0 -1  1
4778022702689743096
6 7 5 7 -1  1
4778039579129282387
7 3 6 3 -1  1
4778158190369963510
7 5 7 4 -1  1
4778242255674045925
5 2 4 3 -1  1
4778252119004257992
4 2 3 3 -1  1
4778670088224383841
2 0 1 0 -1  1
4778687311057659599
4 5 3 5 -1  2
4778737397466262327
6 4 5 5 -1  1
4778893604260865296
5 2 3 1 -1  1
4778897086964900819
4 0 3 0 -1  1
4778940821038027132
4 6 3 7 -1  1
4779138880876783766
7 3 6 2 -1  1
4779824531324854580
6 2 4 2 -1  1
4779852128659104569
6 0 4 0 -1  1
7 2 6 1 -1  2
4780028017411289373
6 5 5 6 -1  1
4780179921398412049
6 4 5 3 -1  1
4780304379657273471
4 6 4 0 -1  1
4780359291337472800
7 2 6 3 -1  1
4780453302849669153
6 7 4 7 -1  1
4780468965889881340
4 5 4 6 -1  1
4780592249004627710
1 0 1 7 -1  1
4780653529626945571
7 3 7 5 -1  1
4780692968916183868
6 3 5 1 -1  1
4780755982782639826
6 6 7 5 -1  1
4780767748880611649
6 1 4 1 -1  1
4780816261053515323
6 3 5 3 -1  1
4780977195852422557
5 5 4 5 -1  2
4781124711292819874
3 7 4 6 -1  2
4781142660508072674
5 3 5 2 -1  1
4781156385551668062
3 6 5 5 -1  1
4781218634582171848
4 5 5 4 -1  1
7 4 7 6 -1  3
4781278282247490056
6 4 6 6 -1  1
4781573485357906689
6 1 4 1 -1  1
4781789448206330445
5 4 6 3 -1  1
4781921819489882273
6 7 4 7 -1  1
4782561900826221500
6 6 4 4 -1  1
4782647388441173393
6 6 6 5 -1  1
4782687942814777387
4 3 5 5 -1  1
4782730379794371334
7 5 7 4 -1  1
4782962162591406787
6 2 5 2 -1  1
4783040230574379119
4 2 5 1 -1  1
4783046932656816789
7 2 3 2 -1  1
4783091180341096918
6 1 5 2 -1  1
4783159962972263044
7 0 7 1 -1  1
4783464677873466092
6 5 4 5 -1  3
4783598129799124176
7 0 7 2 -1  1
4783714983694833434
5 4 4 4 -1  1
4783749764602965536
6 4 5 5 -1  1
4783905158445868529
7 5 6 6 -1  1
4783936627169894128
6 0 6 3 -1  1
4784169226684967938
7 2 6 1 -1  1
4784450398209668888
3 3 2 5 -1  1
4784750557107093737
6 5 5 4 -1  1
4784808199811641728
5 1 6 1 -1  1
4784981171442822932
4 3 3 4 -1  1
4785367471496652079
2 4 1 4 -1  1
4785408450184181307
6 3 5 5 -1  1
4785493503133222517
3 6 4 4 -1  1
4785565698915329186
6 3 4 4 -1  1
4785570405335207766
4 4 3 5 -1  3
4785633921365476985
4 2 5 3 -1  1
4785671087670376409
7 5 6 4 -1  1
4785754651138715609
3 1 7 5 -1  1
4785886507553187870
5 0 4 2 -1  1
4785913629095635391
6 7 7 6 -1  2
4786057531464944114
6 5 5 4 -1  1
4786147261759918887
6 1 6 4 -1  1
4786250829264196299
2 3 2 4 -1  1
4786455281303467952
5 2 4 2 -1  2
4786755243581316333
6 7 7 7 -1  1
4786759602471655536
7 4 7 6 -1  1
4786855384426566313
4 3 4 4 -1  1
4787137326095727860
7 2 6 1 -1  1
4787195865249292968
5 5 3 4 -1  3
4787301883439767928
3 6 0 3 -1  1
4787326726656281417
6 7 5 7 -1  1
4787573590142148665
0 0 7 0 -1  1
4787576731632816546
4 2 3 3 -1  1
6 4 5 4 -1  6
7 2 4 5 -1  1
7 3 5 1 -1  1
4787682430565967785
7 5 7 4 -1  2
4787701268591866669
3 4 1 2 -1  1
4787777569161526381
0 0 1 0 -1  1
4788015728056499269
7 6 6 6 -1  1
4788040073627017715
6 3 4 4 -1  1
4788290018951055593
6 3 4 1 -1  2
4789084601678145141
2 2 2 4 -1  1
4789259816297726415
7 3 6 4 -1  1
4789457644237810497
6 1 3 4 -1  1
4789688450175092933
6 3 5 2 -1  1
4789714108705749369
0 3 0 4 -1  1
4789807826938732130
5 5 4 3 -1  1
4789995798218650886
6 3 4 3 -1  5
7 5 7 4 -1  4
4790244025832604464
4 2 3 2 -1  1
4790261590954488969
7 5 6 4 -1  1
4790323879827317727
4 3 4 4 -1  1
4790419704658666902
5 3 1 7 -1  1
4790850964342597936
5 0 7 2 -1  1
4790866627788775926
2 7 3 6 -1  1
4790908664236216659
1 4 2 4 -1  1
4790966103188289253
4 3 7 3 -1  1
4791014522802848154
4 2 6 3 -1  1
4791034677134218622
4 2 3 1 -1  1
4791153848906965371
3 2 2 2 -1  1
4791382062208151300
7 5 7 3 -1  1
4791537706925733183
6 2 6 3 -1  1
4791613208624740700
0 0 5 0 -1  1
4791797414638016655
6 1 5 2 -1  1
4791877920186225829
6 0 4 0 -1  1
4792068397935620271
7 2 7 1 -1  1
4792133192561771246
7 1 5 2 -1  1
4792434929974217955
5 6 3 4 -1  1
4792601236972388819
7 4 7 5 -1  1
4792757689058249396
7 5 7 4 -1  1
4792872036999704482
4 1 1 4 -1  1
4792878269229558339
5 2 4 0 -1  1
4792999912989078133
5 4 4 5 -1  1
4793136872262340017
6 4 5 3 -1  1
4793257115142284463
5 2 5 6 -1  1
4793333702564334278
5 4 4 5 -1  1
4793384271800488509
6 3 4 4 -1  1
4793495801777004847
7 7 6 7 -1  1
4793804735516105088
6 5 4 4 -1  1
4793820673650871448
7 3 6 3 -1  1
4793981930931050558
5 3 3 2 -1  1
4794009100524488051
5 6 5 7 -1  1
4794016170652472893
4 0 6 1 -1  1
4794064130474182866
7 2 7 4 -1  1
4794288117575188337
7 0 7 3 -1  2
4794381424378376474
7 1 6 3 -1  1
4794570846306315671
4 1 1 1 -1  1
4794752388391602574
5 5 4 5 -1  1
4794767151079053063
6 1 4 1 -1  2
4794853239899203404
5 5 6 3 -1  1
4794976822328426015
7 1 6 3 -1  1
4794984079238350462
5 5 4 3 -1  1
4795352480715143412
6 3 5 5 -1  1
4795466147993740949
3 1 2 2 -1  2
4795467276718836239
6 7 5 6 -1  1
4795558859799985628
6 4 7 4 -1  1
4795919563751048055
7 3 6 3 -1  1
4795953123551327137
3 4 3 3 -1  1
4796046023777399635
6 4 6 2 -1  1
4796095851773322405
5 5 6 3 -1  1
4796137534126961436
5 5 4 5 -1  1
4796270153037742031
5 6 4 5 -1  1
4796361285314564766
5 4 4 3 -1  1
4796529764064085624
6 6 6 5 -1  1
4796568122399457133
6 0 4 0 -1  1
4796624112314548807
6 4 4 4 -1  1
4796625593836086951
7 4 7 2 -1  1
4796664533603161426
6 4 5 6 -1  1
4796895779323694317
7 3 6 2 -1  1
4796968368653332242
6 4 4 2 -1  1
4797145629392864799
5 6 5 7 -1  1
4797226765400841926
7 5 7 2 -1  1
4797286061505160243
7 5 6 6 -1  1
4797287307870604771
6 0 5 0 -1  1
4797371137323858827
5 3 4 5 -1  1
6 1 4 1 -1  1
4797460956191505595
6 7 5 7 -1  2
4797517053293946402
4 3 3 4 -1  1
4797606673133788691
3 1 2 3 -1  1
4797711334078191377
6 2 6 5 -1  2
4797824819203269916
6 3 5 1 -1  1
4797910138596340173
4 2 2 3 -1  1
4797985232846923266
5 2 4 1 -1  1
4798010991533591277
3 1 2 3 -1  1
4798777532029838365
7 2 5 1 -1  1
4798844918944638374
6 1 4 1 -1  1
4798901191054793338
4 3 3 1 -1  1
4798901975016517904
4 4 6 4 -1  1
4799295825059055075
5 1 2 1 -1  1
4799509956577693331
7 4 7 6 -1  1
4799616858134304681
5 2 4 3 -1  1
4799630708569893199
4 0 3 0 -1  1
4799972606134269724
3 1 2 0 -1  1
4800084857075274440
2 1 0 3 -1  2
4800190764622431185
5 6 4 6 -1  1
4800200372028022695
3 6 4 7 -1  1
4800309644584858824
4 0 3 1 -1  1
4800757087285322096
6 0 5 0 -1  1
4800864023630353327
1 1 4 1 -1  1
4800888692568907297
7 3 7 4 -1  1
4801502146943003631
6 6 5 5 -1  1
4801548877977902430
6 7 4 6 -1  1
4801818836870997437
5 2 3 1 -1  1
4801884988888744260
5 5 6 3 -1  1
4802067752451830971
7 3 0 3 -1  1
4802312261881019368
6 4 5 5 -1  1
4802412107773233169
7 6 3 6 -1  1
4802521792116531965
7 0 7 3 -1  1
4802539594870160095
4 3 3 4 -1  1
4802900442861604207
7 0 7 2 -1  1
4802911415432403009
7 6 7 7 -1  1
4802949774602244525
5 1 6 2 -1  1
4802956694182099072
6 2 3 2 -1  1
4802977045216657796
7 1 5 3 -1  1
4803006732491032410
5 6 4 5 -1  1
4803277456273435144
6 7 5 7 -1  1
4803469625926161635
6 4 5 5 -1  1
4803624092157722486
6 1 5 1 -1  1
4803625719216168862
3 7 2 7 -1  1
4803899351318030200
6 1 4 1 -1  1
4803985024715518262
6 3 6 5 -1  2
4804077795653460584
4 3 1 6 -1  1
4804134214664663230
1 0 3 1 -1  1
4804200855584250455
7 6 7 7 -1  1
4804251897500630053
7 6 6 6 -1  1
4804306547481552422
5 5 4 3 -1  1
4804622915307904372
5 7 2 4 -1  1
4804748757125415049
7 2 3 2 -1  1
4804794078900104263
5 3 4 2 -1  1
4804960213242279591
6 4 7 5 -1  1
4805082614285564523
0 4 2 4 -1  1
4805467804857469266
7 6 7 7 -1  1
4805651343734888961
4 5 3 7 -1  1
4805807251767592961
3 5 0 2 -1  1
4805824497214042737
6 6 5 6 -1  1
4805861879051471872
0 1 3 4 -1  1
4806122163450383207
6 3 7 3 -1  1
4806162815471949842
0 6 6 0 -1  1
4806363000771494611
6 1 4 1 -1  1
4806363772579831448
5 3 3 5 -1  1
4806683761749231552
6 7 5 7 -1  2
4806753005619440325
3 6 4 7 -1  1
4806783516212774412
1 7 4 7 -1  1
4806843635426828431
6 6 5 7 -1  1
4806898505999075665
7 2 6 1 -1  1
4807064258999334901
7 2 5 0 -1  1
4807149183396631414
2 6 1 7 -1  1
4807218075807868430
6 0 4 0 -1  1
4807242012816395131
7 7 7 6 -1  1
4807369341627357233
4 2 3 3 -1  1
4807446983481594523
5 2 4 0 -1  1
4807546100141415203
7 2 5 2 -1  1
4807580817516954823
7 4 6 5 -1  1
4807635581861897937
3 2 1 1 -1  1
4807707404855987291
5 4 6 3 -1  2
4808050152190632010
6 4 5 2 -1  1
4808202015063742185
7 2 3 6 -1  1
4808303047767825134
5 6 3 5 -1  1
4808466610024808594
6 6 2 2 -1  1
4808488311492813349
5 6 4 5 -1  1
4808510380541734756
7 3 6 4 -1  1
4808556467924973758
6 0 5 0 -1  1
4808700237194368522
3 2 4 2 -1  1
4808720817854132203
7 2 0 2 -1  1
4808757146073244171
6 3 4 5 -1  1
4808798553989189257
7 0 6 0 -1  1
4808824668289549595
7 0 7 6 -1  1
4808954110390222498
6 3 5 2 -1  1
4809014825081807273
6 4 5 4 -1  1
4809168132533111702
7 6 7 5 -1  1
4809206787762717024
6 5 5 5 -1  1
6 5 6 3 -1  1
4809222711410032966
7 6 7 7 -1  1
4809471397167795601
7 5 7 4 -1  1
4809479243039427591
4 4 3 4 -1  1
4809516896257372281
5 3 4 3 -1  1
4810158325490310369
4 2 4 1 -1  1
4810362531589592426
7 3 5 2 -1  1
4810651754398656789
7 5 7 3 -1  1
4810795557498612680
1 4 1 5 -1  1
4810844620607742784
4 2 3 2 -1  1
4810884179379316259
6 2 7 3 -1  1
4811789514307712450
6 0 6 3 -1  1
4811970986446320626
6 6 4 4 -1  1
4812330853442316881
7 3 5 5 -1  1
4812339174850379610
7 2 7 3 -1  1
4812459327063416827
5 3 5 4 -1  1
4812720246485214733
7 2 5 2 -1  1
4812760354623478811
5 4 3 2 -1  1
4812808760914431710
3 3 2 4 -1  1
4812839220786806291
5 4 4 3 -1  1
4812965798020467370
3 3 5 2 -1  1
4813030312631186463
6 0 6 2 -1  1
4813165547421865565
7 3 3 7 -1  1
4813240647849272762
7 5 7 0 -1  1
4813422190958219332
7 2 6 1 -1  1
4813477765003303424
2 0 1 0 -1  1
4813486884481617243
0 3 0 7 -1  1
4813566506866490118
0 7 3 4 -1  1
4813667408238213985
7 6 6 7 -1  1
4813751933791953705
7 3 7 4 -1  1
4813767900259405551
7 4 6 3 -1  1
4813830820848106394
5 5 7 6 -1  1
4813866117576161573
3 1 2 1 -1  1
4813977768664692685
4 7 2 5 -1  1
4814079827145877756
5 3 4 4 -1  1
4814220057572932167
4 3 3 2 -1  1
4814527052255956468
5 7 4 7 -1  1
4814651071093457377
5 4 6 5 -1  1
4814893361368286907
6 7 1 2 -1  1
4815018912383147401
6 5 4 5 -1  1
4815123118633487070
7 6 5 5 -1  1
4815130955461190076
5 5 6 7 -1  2
4815194580307649298
7 5 1 5 -1  1
4815265863925685682
2 1 3 1 -1  1
4815335080632761477
1 5 4 2 -1  1
4815417660791794711
6 3 5 3 -1  1
4815553595407519714
7 2 4 5 -1  1
4815557133177586815
4 5 3 5 -1  1
4815575800820576948
3 3 3 4 -1  1
4816257934010551450
3 6 4 7 -1  1
4816297372312786607
6 5 5 5 -1  1
4816549883608610231
7 5 1 5 -1  1
4816828867385587257
7 3 7 1 -1  1
4816953928595127305
1 1 2 1 -1  1
4816977356917853651
6 7 5 7 -1  1
4817092802035687501
7 2 7 1 -1  1
4817144615218822168
5 2 3 3 -1  1
4817518911692613580
5 7 4 6 -1  1
4817535695343950208
5 5 4 4 -1  1
4817675996918130260
7 7 0 7 -1  1
4817731631346750624
0 3 0 4 -1  1
4817757092605962807
5 6 4 6 -1  1
4817811771123263118
6 2 4 4 -1  1
4817863287356171551
6 1 7 0 -1  1
4818083177257560280
6 5 6 3 -1  1
4818252442978084057
2 4 1 4 -1  1
4818422630054322993
5 2 5 1 -1  1
4818426677236391539
5 6 4 5 -1  1
4818471860631691836
7 2 6 1 -1  1
4818524696681397367
7 5 6 4 -1  1
4818556369461867658
7 4 7 6 -1  1
4818587650716743921
5 5 6 3 -1  1
4818609318784592422
3 1 4 2 -1  1
4818749381153480144
6 4 5 6 -1  1
4818806352683860960
5 5 4 7 -1  1
4818809671438317020
7 4 7 6 -1  1
4818893861861618209
4 1 3 1 -1  1
4819080455905185942
5 5 4 3 -1  1
4819179090322210641
3 1 7 5 -1  1
4819208814379886749
1 3 1 4 -1  1
4819425883283569840
0 0 0 1 -1  1
4819463249591015602
3 4 2 5 -1  1
4819561121567396177
7 4 7 3 -1  1
4819596398654848448
3 0 2 1 -1  1
4819897740818285295
7 2 6 1 -1  1
4820157980736820919
7 5 7 4 -1  1
4820265826968429630
5 3 4 4 -1  1
4820373318950409500
1 0 1 5 -1  1
4820508630306291269
3 1 2 2 -1  1
4820515817502075483
7 6 6 7 -1  1
4820522085680353629
6 1 5 1 -1  1
4820564803618043979
7 5 7 1 -1  1
4820606343342892270
3 0 5 2 -1  1
4820654001187774474
4 2 6 3 -1  1
4820769410497097016
5 3 3 4 -1  1
4821220667888106078
6 0 4 0 -1  1
4821400802605100724
6 3 6 7 -1  1
4821466579407260596
7 4 6 6 -1  2
4821481903191365215
4 5 3 6 -1  1
4821602206420332226
5 2 4 0 -1  1
4822043353369627808
7 3 6 2 -1  1
4822163522667502107
6 5 7 6 -1  1
4822249302182626176
6 3 7 5 -1  1
4822254901638816712
6 7 5 7 -1  1
4822492534666756624
7 3 5 1 -1  1
4822717935949055949
7 2 5 4 -1  1
4822761062709220098
1 5 3 3 -1  1
4823107006524261458
4 2 3 3 -1  1
4823178796038444011
7 4 1 4 -1  1
4823252070825631462
3 1 5 3 -1  1
4823273604852972169
4 0 6 2 -1  1
4823294019213614483
6 4 6 3 -1  1
4823382162755891768
4 5 3 4 -1  1
4823577986895715745
6 7 5 7 -1  1
4823829691199138251
7 2 6 1 -1  1
4823857321220254183
2 5 2 2 -1  1
4823880940502168185
5 4 4 4 -1  1
4823962049215675776
6 3 6 2 -1  1
4824069095182944267
6 6 4 6 -1  1
4824309346122951032
4 2 1 2 -1  1
4824441255487171181
5 4 6 3 -1  1
4824633661494422631
7 6 6 4 -1  1
4824761376378867961
6 6 5 6 -1  1
4824847407586429369
6 7 4 7 -1  1
4824908592696778701
4 3 3 1 -1  1
4824953989319509821
7 0 7 4 -1  1
4824973223296365297
3 0 5 2 -1  1
4825020379968515429
7 4 6 5 -1  1
4825030257009520191
1 2 5 2 -1  1
4825036439443469760
7 0 7 2 -1  1
4825054317959846536
3 1 2 3 -1  1
4825124800639624682
5 1 4 3 -1  1
4825133471489532002
7 3 4 0 -1  1
4825205811764731780
7 3 6 3 -1  1
4825317278601062681
5 5 4 7 -1  1
4825404177358043831
4 2 3 3 -1  1
4825416150221369110
6 2 5 2 -1  2
4825422200850432204
6 3 5 5 -1  1
4825508614118185847
4 2 3 3 -1  1
4825550352624988547
6 3 6 4 -1  1
4825644502118817239
7 3 6 2 -1  1
4825951800277173034
7 5 6 4 -1  1
4825998080410617396
5 3 4 3 -1  1
4826007847670914573
4 4 3 3 -1  2
4826079555206242884
6 5 5 5 -1  1
4826109981574902388
7 5 7 4 -1  1
4826164691831961308
7 1 6 3 -1  1
4826177117833670619
6 3 4 2 -1  2
4826265803043823330
4 3 2 2 -1  1
4826355965456619581
4 6 3 7 -1  1
4826549432105336306
5 5 3 6 -1  1
4826555749723805065
6 4 5 6 -1  1
4826562138059956301
3 0 3 1 -1  1
4827177046435055170
7 5 6 3 -1  1
4827208704240675159
6 3 5 1 -1  1
4827212689175127241
7 6 7 2 -1  1
4827217012307729890
6 6 4 6 -1  1
4827264030783113016
4 3 7 3 -1  1
4827312007254176946
7 1 7 0 -1  1
4827574624593581480
6 3 5 3 -1  1
4827579080078903721
2 2 1 4 -1  1
4827585387682513389
6 4 3 1 -1  1
4827689830830819023
5 7 4 7 -1  1
4827869076774288465
5 1 4 1 -1  1
4827934884597490157
4 4 3 3 -1  1
4828045420670665868
6 1 7 2 -1  1
4828280224851225113
6 5 7 6 -1  2
4828367812489806245
3 4 1 3 -1  2
4828451913312679953
2 6 1 4 -1  1
4828766305620549043
5 3 6 2 -1  1
4828784953605563286
3 1 5 0 -1  1
4828813427091510520
6 2 4 2 -1  1
6 4 4 4 -1  2
7 6 5 5 -1  1
4829010934613325241
6 4 5 4 -1  1
4829073072985026055
7 1 5 2 -1  1
4829140640663773813
0 0 4 0 -1  1
4829461467918554672
6 2 4 0 -1  1
4829518939085734795
5 3 3 4 -1  1
4829818960054697595
7 5 7 4 -1  1
4829876972366216711
6 3 5 2 -1  1
4829947817380473618
1 2 3 4 -1  1
4830008691742764431
5 0 4 1 -1  1
4830034265457567143
6 4 5 3 -1  1
4830195170837481232
2 4 6 4 -1  1
4830243683162496572
6 5 5 4 -1  1
4830265898613549552
7 3 4 0 -1  1
7 3 5 5 -1  1
4830628496736715434
7 4 1 4 -1  1
4830679065720031120
6 2 5 2 -1  1
4830735112252854007
5 2 4 4 -1  2
4830815292314103317
6 0 4 0 -1  1
4830936647120296608
7 5 7 0 -1  1
4831274285526577266
5 7 4 6 -1  1
4831488634524295013
6 5 5 4 -1  1
4831516706653349563
4 4 7 4 -1  1
4831631833610996558
7 4 7 3 -1  1
4831677042721920240
2 2 2 6 -1  1
4831699190943262163
4 4 5 5 -1  1
4831777394155236055
5 3 6 3 -1  2
4831946842595535855
4 4 2 3 -1  1
4831950102168898535
3 1 7 5 -1  2
4832263927488446739
6 4 4 4 -1  1
4832273035842347335
6 1 5 0 -1  1
4832301989518380057
5 3 4 5 -1  1
4832393572998629653
5 3 4 4 -1  1
4832447572377150683
3 0 2 1 -1  1
4832459673501403056
7 4 3 4 -1  1
4832519265762329743
6 2 1 2 -1  2
4832526074898813057
7 3 5 4 -1  1
4832710157648435677
7 4 6 4 -1  1
4832751565490339305
7 4 7 6 -1  1
4832752048822736685
7 4 6 6 -1  1
4832831181961154657
6 3 4 5 -1  1
