4833052564445656715
5 2 6 2 -1  1
4833119468345636293
7 4 6 4 -1  1
4833261670337475099
5 5 2 5 -1  1
4833285284071124701
3 5 2 6 -1  1
4833324350671629759
1 0 0 0 -1  1
4833530467129700878
4 3 3 2 -1  1
4833823828695290636
7 1 6 2 -1  1
4833951880583825166
7 0 3 4 -1  1
4834091553907530336
6 2 6 7 -1  1
4834110719944100385
7 4 7 6 -1  1
4834614106363058455
2 0 7 0 -1  1
4834708436778792544
7 6 6 6 -1  1
4834997002302301346
4 7 3 6 -1  1
4834998675829219874
5 5 5 6 -1  1
4835145930743895582
3 1 5 2 -1  1
4835147523858937264
4 1 3 1 -1  1
4835321905113552212
2 3 3 5 -1  1
4835413582354922859
6 1 4 1 -1  1
4835710426413223390
6 4 6 5 -1  1
4835773143927608160
6 1 4 1 -1  1
4835829988067238375
7 2 0 2 -1  1
4836015471231895535
3 5 2 5 -1  1
4836079757629224116
6 5 7 3 -1  1
4836095428648198103
7 3 4 3 -1  1
4836112769559123601
5 4 7 4 -1  1
4836540188981812391
6 3 5 5 -1  1
4836617711077492691
7 5 1 5 -1  2
4836663875134580679
4 3 5 4 -1  1
4836744239326192422
2 4 2 3 -1  1
4836764244801368815
6 6 6 7 -1  1
4836938402495880674
4 5 4 6 -1  1
4836944391846509513
4 5 7 2 -1  2
4836961270368609866
5 4 4 3 -1  1
7 3 4 3 -1  1
4837113411443792375
4 0 5 0 -1  1
4837276849835829420
7 1 6 3 -1  1
4837292546120041525
7 4 7 6 -1  10
4837297300250910913
2 2 6 6 -1  1
4837396626475690740
4 4 3 5 -1  1
4837411933836405263
7 6 3 6 -1  1
4837516928443036689
4 6 4 7 -1  1
4837735709689124111
7 3 4 0 -1  1
4837924524638074773
6 6 5 6 -1  1
4837940844535533583
6 7 1 7 -1  1
4837959434575658693
5 5 6 6 -1  1
4838114075335498034
3 2 2 2 -1  1
4838405304519355230
4 3 3 3 -1  1
4838673078224613667
4 5 3 4 -1  1
4838708651572652038
3 2 2 2 -1  1
4838792179873353612
7 0 5 0 -1  1
4839124871079512941
6 5 5 4 -1  1
4839241681830550798
4 3 6 2 -1  1
4839256746376463429
6 3 5 4 -1  1
4839495592833345538
7 3 7 4 -1  2
4839539458776784328
4 4 3 4 -1  1
4839578978759299907
5 5 7 4 -1  1
4839732992613193234
5 7 7 5 -1  1
4839852444289095309
6 1 5 2 -1  1
7 1 5 0 -1  1
4840182357019120641
5 0 6 2 -1  1
4840234413417498864
6 1 4 1 -1  1
4840238835462318724
4 3 2 4 -1  1
4840268142814109245
7 1 3 5 -1  1
4840365634417101800
5 3 4 5 -1  1
4840469259157102450
7 3 7 4 -1  1
4840568819006856422
6 3 7 1 -1  1
4840582480878338604
3 4 0 1 -1  1
4840634316794693578
5 5 4 6 -1  1
4840746992027816322
2 6 0 6 -1  2
4840777634532309848
5 6 4 6 -1  1
4840927601958244765
6 3 5 2 -1  1
4841190334883413148
5 7 4 6 -1  1
4841356089487216720
3 4 6 1 -1  2
4841409905498086814
5 6 5 3 -1  1
4841501550763281403
4 2 6 0 -1  1
4841584921688506732
4 4 3 5 -1  1
4841749080034861327
5 4 4 4 -1  1
4841803706175064792
1 2 3 2 -1  1
4841847539102903822
5 5 4 3 -1  1
4841998726457122526
5 4 3 2 -1  1
4842033297141843337
5 6 4 6 -1  1
4842240113037687619
7 2 5 4 -1  1
4842245733443390655
4 2 1 5 -1  1
4842378574021438987
5 1 3 1 -1  1
4842482479523339532
5 4 4 4 -1  1
4842716578439853019
4 5 3 4 -1  1
4842795446958071287
6 3 7 5 -1  1
4842932257109837072
1 5 3 4 -1  1
4842962849985617691
7 2 6 3 -1  1
4843195933361608354
7 3 6 4 -1  1
4843405011183514869
1 1 2 1 -1  1
4843756385779810140
6 5 5 5 -1  1
4843794908376329905
2 3 3 5 -1  1
4843828305619960400
7 1 5 2 -1  1
4843896138507621960
7 3 7 4 -1  2
4844250711677608394
6 4 5 5 -1  1
4844494461797218149
3 3 2 3 -1  1
4844588694373976511
7 6 7 5 -1  1
4844592069115778179
5 4 4 5 -1  1
4844624946452812372
6 4 5 6 -1  1
4844726211296523202
5 6 4 4 -1  1
4844985654330204450
4 2 3 3 -1  1
4845063388140573420
6 1 4 3 -1  1
4845286692174854805
7 6 6 6 -1  1
4845294791691841050
7 3 4 3 -1  1
4845359136834977117
6 4 5 3 -1  2
4845465388566761938
4 2 3 4 -1  1
4845716431774643030
3 3 1 5 -1  1
4845788193516171946
7 4 6 4 -1  1
4845796504526855904
6 1 5 1 -1  1
4845883056277242707
6 3 5 3 -1  2
4845894947506753913
6 5 5 5 -1  1
4845956473947375850
6 4 4 5 -1  1
4846061241054394485
5 5 4 5 -1  1
4846114905506502219
6 5 5 4 -1  1
4846379110575557362
6 5 7 5 -1  2
4846537119995431359
5 4 4 3 -1  1
4846583528358395692
7 5 7 1 -1  1
4846681779637187660
6 6 5 7 -1  1
4846816592359845205
5 5 4 4 -1  1
4846821687015136486
7 6 6 6 -1  1
4846844473490455806
6 3 5 3 -1  1
4846915656694190363
7 7 6 6 -1  1
4846934487724999310
7 4 6 5 -1  1
4847204719124828964
6 6 4 6 -1  1
4847332625746639982
3 0 7 4 -1  1
4847496171427162803
4 2 2 2 -1  1
4847642648852100853
2 6 1 6 -1  1
4847662575203635299
1 0 1 6 -1  2
4847777522892040200
7 2 7 1 -1  1
4847778749935573570
7 3 7 4 -1  1
4847807857461089635
0 5 0 1 -1  1
4848061693278305006
6 6 7 5 -1  1
4848134634422982267
6 1 4 1 -1  1
4848268205056934839
6 4 7 5 -1  1
4848345446731854435
6 3 4 2 -1  1
4848417967595500830
3 1 2 1 -1  1
4848664650253909188
7 2 3 6 -1  1
4848781123888597282
2 3 4 2 -1  1
4849511325857766998
7 7 5 7 -1  1
4849543303572931555
6 5 4 5 -1  1
4849617149951490959
4 4 1 1 -1  1
4849716256413107172
2 7 2 6 -1  2
4850030183437770725
5 7 4 7 -1  1
4850313151553992815
1 4 3 3 -1  2
4850315162794444589
6 4 5 2 -1  1
4850540839626859836
3 3 3 1 -1  1
4850673062391995445
4 4 3 6 -1  2
4850885970586549813
4 2 3 2 -1  1
4850910452692042477
6 7 6 0 -1  1
4851132006708591738
7 4 7 6 -1  3
4851193992678624091
1 6 0 6 -1  1
4851233807171761107
7 3 7 2 -1  1
4851451711118089561
5 4 4 4 -1  1
4851789874462441333
7 2 6 1 -1  1
4852164813759327116
3 2 1 3 -1  1
4852259533837139568
7 3 5 5 -1  1
4852312590251851824
6 6 4 4 -1  2
4852373655804791496
7 5 7 4 -1  1
4852495285146776329
5 3 5 5 -1  1
4852686040008851422
7 7 7 4 -1  1
4852785479344557997
7 0 7 3 -1  1
4852958243346746768
5 2 7 3 -1  2
4852958968572557297
6 0 4 0 -1  1
4853311049155741194
6 4 7 2 -1  1
4853335711132114434
5 3 6 3 -1  1
4853360492168458470
5 3 4 4 -1  1
4853425750778437880
5 4 3 5 -1  1
4853571513195975385
6 5 4 5 -1  1
4853580215321787834
4 3 3 2 -1  1
4853743229368260195
6 4 5 6 -1  1
4853769228235253137
7 3 6 3 -1  1
4854068196453629355
4 5 3 5 -1  1
4854161619194045747
5 2 3 3 -1  1
7 2 6 3 -1  1
4854627600944504382
4 6 3 5 -1  1
4854668596106560185
7 6 7 2 -1  1
4854794260942530938
7 6 6 5 -1  1
4854806561658267876
7 0 7 4 -1  1
4854862162430956557
4 2 1 5 -1  1
4855123470527467723
6 7 4 7 -1  1
4855204197083705275
6 6 4 4 -1  1
4855227239322914858
7 7 7 5 -1  1
4855320659173127616
5 7 4 5 -1  2
4855383461230428192
6 3 5 4 -1  1
4855665933510772940
4 3 5 5 -1  1
4855719012890659386
7 4 7 6 -1  1
4856252262968019018
4 5 1 5 -1  1
4856406197770598441
7 0 1 0 -1  1
4856413614128423422
4 3 5 4 -1  2
4856976124818235913
5 7 4 7 -1  1
4857232043158122919
0 5 1 5 -1  1
4857499544705490862
4 3 2 2 -1  1
4857547983396783973
0 6 0 0 -1  1
4857553851381703158
6 1 5 1 -1  1
4857649630053779099
4 7 4 4 -1  1
4857831886669384948
6 6 5 7 -1  1
4857891329197821859
4 6 4 4 -1  1
4858008163960114975
6 7 6 5 -1  1
4858281316495412806
1 2 6 2 -1  1
4858287822793006299
6 7 5 7 -1  13
7 1 6 3 -1  1
7 4 7 6 -1  3
4858322097788685828
6 1 4 1 -1  1
4858327747947715692
7 4 6 5 -1  1
4858331801900837776
6 0 5 0 -1  1
4858474324733847920
7 0 6 1 -1  1
4858684520227444112
6 7 4 7 -1  1
4858813566081442006
6 6 4 6 -1  2
4859157684800518886
7 0 7 3 -1  1
4859220414538381024
7 1 6 3 -1  1
4859227206025928148
5 5 6 4 -1  1
4859294746709919197
2 0 1 0 -1  1
4859456450624326481
6 2 5 2 -1  1
4859587761513823195
5 5 4 6 -1  1
4859595323421225869
3 1 3 5 -1  1
4859819757454737044
4 6 3 5 -1  1
4859836860911253520
7 3 4 6 -1  2
4859837870681624017
6 1 5 1 -1  3
4859911185951635861
4 0 4 1 -1  1
4859925904234325404
6 7 4 7 -1  1
4860267536599502556
5 7 4 5 -1  2
4860285832987864835
3 2 2 0 -1  1
4860298890525930522
3 1 4 0 -1  1
4860373532476487654
5 0 1 0 -1  1
4860441748380056132
4 2 3 2 -1  1
4860894723852215727
7 6 7 7 -1  3
4861189448373648563
5 7 4 6 -1  1
4861359233387639747
4 6 3 4 -1  1
4861564413969464092
4 4 3 5 -1  1
4861614871898639438
5 3 7 5 -1  1
4861696834704942927
3 0 2 0 -1  1
4861730629056213056
6 5 4 5 -1  1
4861791678062838252
7 4 6 2 -1  1
4861893234635304620
6 1 5 3 -1  1
4862042899484393574
6 4 5 5 -1  1
4862161649555460810
5 5 4 3 -1  1
4862326048235004687
5 5 3 4 -1  1
4862336771474879517
6 0 5 0 -1  4
4862357173386808214
4 4 3 6 -1  1
4862370940128480113
7 0 7 3 -1  1
4862414079663701295
5 3 5 1 -1  1
4862438023731024212
3 2 2 1 -1  1
4862460897406209757
5 5 6 7 -1  1
4862544280404672162
3 2 5 3 -1  2
4862626523712194994
2 4 0 5 -1  1
4862652962040258429
2 3 3 5 -1  1
4862656600722463045
4 5 3 6 -1  1
4862712948843021003
7 2 7 3 -1  1
4862887298470817339
6 3 4 3 -1  1
4862888483610259614
2 1 1 1 -1  1
4862892431347831839
7 4 7 6 -1  1
4863038525887120682
4 2 3 2 -1  1
4863202407604224225
7 4 7 2 -1  1
4863404939348240138
5 4 4 3 -1  1
4863444363198840633
7 7 2 7 -1  1
4863473282119477092
7 3 0 3 -1  1
4863572788910727536
7 3 7 6 -1  1
4863659534647283909
6 5 5 5 -1  1
4863713784463162515
6 5 5 5 -1  1
4863717474682889301
4 4 2 5 -1  1
4863755849997019450
7 2 3 2 -1  2
4863755859581181376
6 7 5 7 -1  1
4863905711490695883
5 2 6 4 -1  1
4863931030112725404
4 0 4 6 -1  1
4863945791615257732
3 1 2 2 -1  1
4864006010194492489
6 0 4 0 -1  1
4864360687278849071
5 6 0 1 -1  1
4864658737924743224
4 6 3 6 -1  1
4864686095800621380
4 4 3 4 -1  1
4864745645442456126
4 3 2 5 -1  1
4864756543204151802
5 5 3 4 -1  1
4864850069597865002
4 2 3 3 -1  1
4864854667142067252
7 4 3 4 -1  1
4865016762498243329
5 2 3 1 -1  1
4865100591984161010
4 1 3 1 -1  1
4865259970257664682
4 7 5 5 -1  1
4865552681728194838
6 6 5 5 -1  1
4865646891902280936
6 2 5 2 -1  1
4865657416258722736
4 6 3 6 -1  1
4865660930501465707
5 5 4 3 -1  1
4865685967257864914
7 3 6 3 -1  1
4865711989026019974
6 2 4 2 -1  1
4865868995022966365
7 6 6 6 -1  1
4866085028849347910
6 3 5 2 -1  1
4866147925699469347
7 4 6 2 -1  1
4866204165056739046
0 2 0 0 -1  1
4866281832748471219
2 5 1 4 -1  1
4866498165339300216
7 1 5 0 -1  1
4866561437425922219
6 0 5 0 -1  1
4866805167864128085
3 4 5 5 -1  1
4866892157018695808
7 4 2 4 -1  1
4867122147271438068
6 5 4 5 -1  1
7 0 7 1 -1  1
4867358828401015404
4 3 3 2 -1  1
4867430677393014012
7 6 0 6 -1  1
4867537402261654292
6 5 4 5 -1  1
4867544181663099635
6 2 5 2 -1  1
4867555635274862988
7 3 7 4 -1  1
4867581160447470172
7 3 6 4 -1  1
4867642688744855286
1 0 3 0 -1  1
4867733480384152114
7 3 6 3 -1  1
4867768464139054999
7 2 4 2 -1  1
4868018515938108370
5 3 4 3 -1  2
4868065813212017537
4 5 5 3 -1  1
4868189354555513280
7 3 7 1 -1  1
4868387331805133772
6 4 7 5 -1  1
4868431611891486207
7 4 7 6 -1  1
4868442331846345425
5 5 7 4 -1  1
4868452068253773587
6 3 4 4 -1  1
4868482183364281163
7 0 7 1 -1  1
4868786152989387843
1 0 4 0 -1  1
4868803277651255659
3 7 4 6 -1  1
4868808656279709021
7 6 7 7 -1  1
4868884084988477791
3 5 2 3 -1  1
4869032202111583081
7 5 7 4 -1  1
4869420566443160898
5 7 4 7 -1  1
4869643418554723905
6 1 4 2 -1  1
4869649392813992882
2 6 1 6 -1  1
4869732059625844740
7 4 7 3 -1  1
4869863539641040307
4 2 5 1 -1  1
4869899935628899470
3 0 2 0 -1  1
4870009709207529197
7 2 6 3 -1  1
4870080007552206605
4 6 3 6 -1  1
4870106629376968072
0 7 0 0 -1  2
4870182843939316352
6 3 5 3 -1  1
4870364669764411157
5 1 4 2 -1  1
4870483026814427212
4 7 5 7 -1  1
4870645706723748014
7 2 3 6 -1  1
4870712474224673087
4 6 3 6 -1  1
4870906091829095102
2 6 3 5 -1  1
4870979027540679333
7 5 6 5 -1  1
4871007576513958303
4 5 1 2 -1  1
4871057872828052995
3 5 7 1 -1  1
4871162159465737825
6 6 5 4 -1  1
4871496912999430480
7 3 7 1 -1  1
4871750007923109537
1 3 1 0 -1  1
4871821317848648303
4 3 3 4 -1  1
4871893123863255648
6 6 5 5 -1  1
4872062781543782851
6 4 5 6 -1  1
4872135355336521068
3 2 2 2 -1  1
4872157441639252171
4 5 5 4 -1  1
4872419426046124339
7 4 7 5 -1  1
4872557593232609719
6 2 6 1 -1  1
4872576069926196856
2 0 3 1 -1  1
4872706527618973430
3 7 2 6 -1  1
4872765948517723891
6 6 6 2 -1  1
4872797053331978955
7 6 6 5 -1  1
4872928404259989164
6 1 4 1 -1  1
4873064461716634081
4 5 5 4 -1  1
4873114775134387971
4 5 3 5 -1  1
4873220806169589437
7 5 5 4 -1  1
4873451931800944158
6 2 7 3 -1  1
4873453688390342908
6 3 4 2 -1  1
4873926121405014177
7 2 6 2 -1  1
4873986984958546428
2 2 1 4 -1  1
4874025796324656401
6 4 6 3 -1  1
4874029368173564837
5 2 4 3 -1  1
4874127575724639533
6 2 6 1 -1  1
4874144727595972468
6 2 5 1 -1  1
4874173698407378115
4 4 3 4 -1  1
4874678891373172611
5 5 4 4 -1  1
4874748400700906638
6 2 6 3 -1  1
4874871170580257130
6 7 5 7 -1  1
4875086650918856689
6 3 5 4 -1  1
4875217768581014453
3 1 1 0 -1  1
4875217985139899892
7 4 6 2 -1  1
4875333424294732332
6 5 5 5 -1  2
4875376052108427162
7 0 7 1 -1  1
4875377492027694645
7 1 5 2 -1  3
4875404016851279219
5 0 3 1 -1  1
4875464725325524194
6 5 7 4 -1  3
4875468472539836371
5 2 4 1 -1  1
4875497965000998177
7 4 7 5 -1  1
4875542487531694850
5 1 4 3 -1  1
4875560837202153254
7 3 4 3 -1  1
4875691452676894833
7 5 7 1 -1  1
4875706878672542693
5 5 4 6 -1  1
4875872505336629288
6 5 5 5 -1  1
4875877640016309955
2 2 2 0 -1  1
4875939109750669201
7 0 7 2 -1  1
4876059566182968800
7 4 7 2 -1  1
4876146521357893942
2 7 1 7 -1  1
4876379476877126350
4 3 4 0 -1  1
4876600466717866663
4 7 3 7 -1  1
4877134239731769986
5 1 4 1 -1  1
4877307401679234331
7 3 6 3 -1  1
4877346972835018865
6 1 5 2 -1  1
4877397417845609858
4 5 6 7 -1  1
4877502401364408376
6 1 4 3 -1  1
4877549765845028274
6 2 4 2 -1  1
4877647626584533647
5 5 7 4 -1  1
4877747912189289565
6 3 5 5 -1  1
4877757810547121060
5 4 4 4 -1  3
4877849762907038683
4 3 3 1 -1  1
4877859373399447103
6 5 5 6 -1  1
4878007061754116319
2 0 6 4 -1  1
4878021742337417046
7 1 5 2 -1  1
4878091456846018101
7 0 4 0 -1  1
4878110430730215115
1 6 2 6 -1  1
4878121991785836189
4 5 3 3 -1  1
4878152750410581905
5 3 4 3 -1  1
4878219480419202760
7 2 6 2 -1  1
4878602296348858667
6 2 7 1 -1  1
4878846005025667467
4 5 3 6 -1  1
4878894591321838148
7 4 6 4 -1  1
4878926112695637055
6 7 7 6 -1  1
4878976011740318105
7 3 6 2 -1  1
4879055437666488156
4 0 4 2 -1  1
4879061351932292227
4 2 3 3 -1  1
7 3 5 1 -1  1
4879312757414642383
7 6 6 5 -1  1
4879347226888169054
5 2 6 3 -1  1
4879759119068594596
5 2 3 3 -1  1
4880129190333829639
7 5 5 3 -1  3
4880139007996940095
7 5 7 4 -1  1
4880185994739588515
6 6 5 6 -1  1
4880192254906551906
4 7 3 6 -1  1
4880528483178176262
5 7 4 6 -1  1
4880588526698265540
7 6 6 6 -1  1
4880673473102488897
7 5 4 5 -1  1
4880858075067142986
7 4 5 4 -1  1
4880878584631220513
7 3 6 2 -1  1
4881019618883744685
5 6 4 7 -1  1
4881194342182639771
6 4 7 2 -1  1
4881460421150707464
7 4 7 6 -1  1
4881580759520621488
7 4 7 2 -1  1
4881705756080842586
3 6 2 5 -1  1
4881782333785604299
5 3 3 2 -1  1
4881908846407055417
5 5 4 7 -1  1
4881988758128143439
6 3 6 2 -1  1
4882010242855417711
6 1 5 1 -1  1
7 5 7 4 -1  1
4882113643924743753
0 7 1 7 -1  2
4882208335739489449
4 2 3 3 -1  1
4882263185702526940
2 3 5 6 -1  1
4882417978285969143
5 3 4 4 -1  1
4882737697024330998
7 5 7 4 -1  1
4882762450746421929
6 2 4 4 -1  1
4882806581330665080
4 2 3 3 -1  1
4882811915068484486
5 7 6 5 -1  1
4882963632426562779
6 5 4 5 -1  1
4883014472790427460
7 6 6 7 -1  1
4883412720848735528
4 6 3 7 -1  1
4883475396996324259
3 1 2 1 -1  1
4883515727352922127
5 3 4 4 -1  1
4883666164165857475
7 7 7 5 -1  2
4883738261840529002
7 1 7 2 -1  1
4884023878378026228
1 2 3 2 -1  1
4884052055172657408
7 4 7 6 -1  1
4884354228318798559
5 7 6 5 -1  1
4884406542028444901
7 0 7 4 -1  1
4884407153107500917
5 5 6 4 -1  1
4884487711754061393
4 0 3 0 -1  1
4884666278246247368
4 1 3 1 -1  1
4884860193562350873
3 6 4 4 -1  1
4884950198452115278
6 0 5 0 -1  1
4885038463084413347
7 2 5 4 -1  1
4885065342039924962
6 2 7 1 -1  1
4885237143926584212
0 3 4 3 -1  1
4885284815324745425
7 5 5 3 -1  1
4885524090397098802
7 4 7 6 -1  1
4885651574725277355
5 6 6 7 -1  1
4885712440621394026
4 2 2 2 -1  1
4885758182384462324
7 3 4 3 -1  1
4885941313015881042
7 2 5 2 -1  1
4886046120512567191
5 2 5 0 -1  1
4886276108102347094
7 0 0 0 -1  1
4886363356428646906
7 0 7 4 -1  1
4886550271075727737
7 3 5 1 -1  1
4887180765992892576
5 5 4 3 -1  1
4887293616706931553
3 5 3 6 -1  1
4887470973496590141
5 5 6 3 -1  1
4887495136912370440
5 6 0 1 -1  1
4887633594683938461
3 6 2 6 -1  2
4887671998914896866
6 5 5 5 -1  1
4887696604620731445
2 0 1 2 -1  1
4887716041032297778
5 2 1 2 -1  1
4887857414897376329
1 2 3 1 -1  1
4887873099705024824
4 4 3 2 -1  1
4888022801194103988
4 5 3 6 -1  1
4888067154924562516
6 6 7 6 -1  1
4888403349781510151
6 0 6 1 -1  1
4888499530375629336
3 2 2 2 -1  1
4888602632896222568
4 3 7 3 -1  1
4888637262612470367
5 6 7 5 -1  1
4888709815653638404
6 3 4 3 -1  1
4888796570539094830
6 4 4 2 -1  1
4888833213946650297
6 3 6 7 -1  1
4888913466103368592
6 5 6 3 -1  1
4888948027495787365
3 1 1 3 -1  1
4888964482440737314
5 5 5 4 -1  1
4889335493885534184
7 4 7 6 -1  1
4889369979562812479
5 5 1 1 -1  1
4889377817899161834
3 6 3 7 -1  1
4889381092808336098
5 1 1 1 -1  1
4889429195605066515
5 0 6 2 -1  1
4889447981554211514
3 6 2 4 -1  1
4889498241751561405
6 6 1 1 -1  1
4889860977309368188
7 1 6 2 -1  1
4889909362416572262
0 4 1 5 -1  1
4889987009406110573
7 4 7 2 -1  1
4889999863059948027
6 3 6 4 -1  1
4890073595753067050
6 6 4 6 -1  1
4890091878753950195
4 0 3 2 -1  1
4890254856124323210
4 0 3 1 -1  1
4890573071713350039
7 3 7 2 -1  1
4890687343735181168
6 7 5 7 -1  1
4890703703075245891
6 3 4 3 -1  1
4890848674320873326
7 5 6 6 -1  1
4890858682467720357
3 2 1 4 -1  1
4890873919561656871
6 6 7 5 -1  1
4890950607113107438
4 5 3 5 -1  1
4891096059836168789
5 4 7 2 -1  1
4891106861243749109
2 0 2 1 -1  1
4891155274879362059
4 6 2 5 -1  2
4891183477735518752
7 6 7 5 -1  1
4891440845474223161
2 2 4 3 -1  1
4891446266510692955
5 2 6 3 -1  1
4891451584763962782
5 3 6 4 -1  1
4891924058128031621
6 6 7 5 -1  1
4891940868826093692
5 0 4 2 -1  1
4891982354702446890
4 0 5 2 -1  1
4891996693487851110
6 3 4 2 -1  1
4892007734843745094
7 6 6 5 -1  1
4892196437811781084
6 4 4 5 -1  1
4892873911713043895
5 7 6 7 -1  1
4892881709992567224
4 6 6 5 -1  1
4893088023270392756
6 5 5 6 -1  1
4893148968631432309
7 6 7 7 -1  2
4893153773857040209
6 2 5 1 -1  1
4893194017740610931
5 5 4 3 -1  2
4893271405854231787
7 4 7 2 -1  1
4893297080256330459
7 6 7 7 -1  1
4893391664506673086
4 3 5 5 -1  1
4893450009288172988
1 3 3 3 -1  1
4893455453282303703
6 0 5 0 -1  1
4893548949267698459
1 4 1 6 -1  2
4893890078844075329
4 4 3 4 -1  1
4893895863044536670
7 1 6 1 -1  1
4894302039968911273
3 5 5 4 -1  1
4894337139773558833
7 2 6 1 -1  1
4894529732963896558
4 4 5 3 -1  1
4894593731749309705
4 4 3 2 -1  1
4894617702450940919
7 4 7 3 -1  1
4894758017894290890
7 1 6 0 -1  1
4894779653557776974
6 6 5 5 -1  1
4894812325488924492
7 4 7 6 -1  1
4894879463261134889
7 4 7 3 -1  1
4895056623640645429
7 5 5 3 -1  1
4895221748971438348
6 1 4 1 -1  2
4895287129570300073
6 2 5 0 -1  1
4895598108557480127
7 6 6 6 -1  1
4895896796239708426
4 2 4 5 -1  1
4896020767329309161
1 4 0 4 -1  1
4896062489011585552
7 5 7 4 -1  1
4896338816978072056
5 4 4 4 -1  1
4896434961995406716
5 1 4 1 -1  1
4896544040370763636
7 4 7 6 -1  1
4896791666847616451
7 2 3 6 -1  6
4897433485604366474
6 0 5 1 -1  1
4897500601739777465
5 2 4 3 -1  1
4897583372679173960
7 1 7 4 -1  1
4897848653047259029
6 2 7 2 -1  1
4897913017159423883
1 0 0 0 -1  1
4898015388009801620
7 6 6 7 -1  2
4898089472330858557
2 0 3 0 -1  1
4898133647295016058
7 4 7 6 -1  1
4898210596549565693
1 5 7 5 -1  1
4898743619885994497
7 4 6 3 -1  1
4898813110501351334
7 0 4 0 -1  1
4898927027966826609
1 3 1 4 -1  1
4898945468024424696
7 0 7 3 -1  1
4899094136284622448
7 7 6 7 -1  1
4899226533703902004
2 7 2 5 -1  1
4899229723182949517
4 2 3 1 -1  1
4899594196173552798
1 7 0 7 -1  1
4899781381581218076
6 4 5 4 -1  2
7 1 5 2 -1  1
4899822688269382008
7 3 7 0 -1  1
4899947642883245373
7 1 6 3 -1  1
4900261991970202403
5 1 7 3 -1  1
4900317233391066044
5 4 4 3 -1  1
4900419734253464436
5 3 5 2 -1  1
4900448061869672914
7 6 5 5 -1  1
4900694033270207157
7 3 7 0 -1  1
4900726044265800798
5 3 7 4 -1  1
4901045230134503843
5 0 4 0 -1  1
4901069974703824992
5 3 4 3 -1  1
4901196375784866778
4 3 3 4 -1  1
4901269210539165438
3 1 1 1 -1  1
4901480637399444583
3 3 3 2 -1  1
4901566730492907155
4 5 1 2 -1  1
4901672462321279207
6 6 5 6 -1  1
4901786316548686957
6 3 5 5 -1  1
4902008798308496484
6 5 5 5 -1  1
4902079556890725332
5 0 6 1 -1  1
4902194495349848568
7 3 6 3 -1  2
4902562274205540435
5 6 4 7 -1  1
4902690301916113593
4 3 3 3 -1  1
4902801006605172550
5 5 4 3 -1  1
4902867242516756160
5 5 4 3 -1  1
4903058264016828910
7 5 7 2 -1  1
4903079678721338560
5 7 1 7 -1  1
4903090100248657971
6 6 5 5 -1  1
4903166117300384975
7 3 5 1 -1  1
4903236833068431482
5 1 7 2 -1  1
4903320017539467913
7 4 7 6 -1  1
4903344634581578500
6 1 5 1 -1  1
4903436554485661117
4 6 6 6 -1  1
4903477704046078547
5 5 6 3 -1  1
4903724808677414558
2 0 1 0 -1  1
4903748977064459504
5 4 4 2 -1  1
4904150185390267030
4 4 6 4 -1  1
4904392781759811517
6 3 7 3 -1  1
4904441072267426077
5 5 4 5 -1  1
4904637671197703540
3 1 5 3 -1  1
4904718955462904609
6 0 4 2 -1  2
4904733426843703343
5 4 5 3 -1  1
4904817583376569107
5 5 6 3 -1  2
4905049185613012797
5 2 7 3 -1  1
4905372033717803473
6 2 1 2 -1  1
4905415157659708167
6 7 5 7 -1  1
7 0 7 1 -1  2
7 2 5 4 -1  3
4905423860401835506
7 4 7 5 -1  1
4905490110891297715
6 6 7 4 -1  1
4905497753297851165
4 2 4 1 -1  1
4905547566883754862
5 6 3 5 -1  1
4905607007662598246
7 1 6 3 -1  1
4905664080438176339
5 0 6 1 -1  1
4905724225385550925
7 6 5 5 -1  1
4905772579911805381
5 7 4 7 -1  1
4905857547341249436
4 5 5 3 -1  1
4906119386881492748
6 4 5 3 -1  1
4906391909236559246
6 6 5 5 -1  1
4906662533096783177
3 3 4 2 -1  1
4906738412288428393
5 7 5 4 -1  1
4907192585802160177
4 2 5 0 -1  1
4907520975266620297
5 5 4 3 -1  1
4907585669710082420
5 4 6 5 -1  1
4907645032169847396
6 2 4 2 -1  1
4907680907191394975
7 4 5 2 -1  1
4907720335324833290
7 1 6 1 -1  1
4907756535907875334
6 1 4 3 -1  1
4908115657901531562
7 1 7 2 -1  1
4908204416942158205
7 5 7 3 -1  1
4908221199454988465
5 5 4 4 -1  2
4908228293339600994
6 3 4 4 -1  2
4908330879245594761
5 5 7 6 -1  1
4908561022892574959
5 5 3 4 -1  1
4908659958195141665
1 2 2 3 -1  1
4908823427994731918
6 0 5 0 -1  4
7 5 6 6 -1  3
4909120709266185967
4 5 3 3 -1  1
4909125164474515535
4 5 4 1 -1  3
4909168088693482253
5 5 4 7 -1  1
4909245474447414622
6 4 5 3 -1  1
4909315200018682137
5 3 4 3 -1  1
4909403716304148804
7 7 7 6 -1  1
4909615400936397770
6 2 5 1 -1  2
4909720255773256050
7 6 6 5 -1  1
4909848089493339930
7 2 6 1 -1  1
4910036756921852107
5 3 6 4 -1  1
4910046020232050812
4 4 3 4 -1  1
4910062379464530287
2 7 1 7 -1  1
4910145722978282764
4 5 3 4 -1  1
4910244330914860109
7 3 6 3 -1  1
4910437807460531530
6 6 4 6 -1  2
4910467150808312808
6 1 5 1 -1  3
4911071648179777104
1 1 4 4 -1  1
4911148070096842712
6 7 4 7 -1  1
4911165779680058211
6 6 7 6 -1  1
4911261376305916571
7 1 4 1 -1  1
4911362701288759614
7 6 7 5 -1  1
4911576213473396978
5 3 4 2 -1  1
4911792244717443891
4 0 1 0 -1  1
4911876891930609992
4 2 5 1 -1  1
4912166622989852813
7 5 7 2 -1  1
4912204650651744989
6 6 5 5 -1  1
4912368980940518004
5 0 4 0 -1  1
4912630196818249811
7 3 7 7 -1  2
4912860593897377120
5 4 5 5 -1  1
4912871783034206293
4 4 3 3 -1  1
4912943575624339314
3 1 4 0 -1  1
4912950059315148297
0 6 0 5 -1  1
4913119721368947421
5 4 6 3 -1  1
4913395358773382843
6 0 4 0 -1  1
4913429022771551275
2 4 3 3 -1  1
4913535727812121597
6 3 6 5 -1  2
4913568811130771121
5 5 6 6 -1  1
4913860556555605813
2 1 3 2 -1  1
4913926544148812984
5 2 4 4 -1  1
4914377059778292896
4 2 3 2 -1  1
4914432289037660126
5 0 4 2 -1  1
4914463452279527084
5 0 4 2 -1  1
4914482115471900871
6 7 4 7 -1  1
4914535058089709435
5 2 6 4 -1  1
4914542615254241794
1 1 4 1 -1  1
4914742822965676980
6 3 3 6 -1  1
4914770972797542482
0 2 2 2 -1  1
4914818332847722244
5 2 4 1 -1  1
4915173272361945454
7 4 7 3 -1  1
4915176044870692997
7 3 7 5 -1  1
4915212035890211978
2 0 1 0 -1  1
4915306268729847047
5 5 7 4 -1  1
4915451895587448739
7 5 7 2 -1  1
4915529161422075659
7 6 7 5 -1  1
4915560402530363808
7 4 7 6 -1  1
4915579521062232010
5 5 4 6 -1  1
4915945427223914881
2 6 4 7 -1  1
4916206889371149363
6 6 4 6 -1  1
4916450514732234595
5 1 5 2 -1  1
4916584059925785418
6 5 6 2 -1  1
4916699168133277020
6 7 5 7 -1  1
4916728594618074500
5 7 4 7 -1  1
4916755230854742723
1 6 1 2 -1  1
4916800893792656647
4 1 4 3 -1  1
4917057758693450906
2 2 3 3 -1  2
4917136542147575556
3 3 4 3 -1  2
4917247776180952107
7 6 5 5 -1  1
4917314003058339186
5 2 3 1 -1  1
4917346042198262138
3 0 0 0 -1  1
4917370372782170326
5 7 7 5 -1  1
4917384006017260576
7 1 6 3 -1  1
4917421353271299643
4 2 5 1 -1  1
4917461989699337171
1 2 3 4 -1  1
4917533069216483552
4 5 5 6 -1  1
4917536568278575736
7 6 7 2 -1  1
4917584193442264461
1 2 2 1 -1  1
4917594120377314573
5 5 4 7 -1  3
4917617479129435409
5 2 6 4 -1  1
4917739914659782976
6 5 4 5 -1  1
4917743331649458236
6 3 5 2 -1  1
4917837766183130870
5 7 4 6 -1  1
4917990913111171537
4 1 3 1 -1  1
4918158915477907173
3 7 2 7 -1  1
4918439763676994576
7 5 7 3 -1  1
4918556964854246598
7 2 6 1 -1  1
4918881275378896448
4 4 3 4 -1  1
4918977850069967774
7 3 5 1 -1  1
4918982539139174729
6 2 5 2 -1  2
4918994905761326480
3 0 2 0 -1  1
4919062734359540181
7 3 5 4 -1  1
4919275318793848043
7 2 7 0 -1  1
4919381542948735590
7 4 3 4 -1  1
4919518729767479692
4 3 3 5 -1  1
4919544728596184335
7 1 6 3 -1  2
4919586260584571285
7 5 7 0 -1  1
4919681139819742024
5 2 7 1 -1  1
4919723190532644606
0 0 0 4 -1  1
4919902952411489592
4 3 2 4 -1  1
4919915627591046437
7 3 7 4 -1  5
4919970822451866425
6 7 4 7 -1  1
4920153545646371404
6 0 5 0 -1  1
4920206915526987802
7 3 2 3 -1  1
4920369330524673853
5 6 3 5 -1  1
4920417305300420736
3 2 0 2 -1  1
4920447474177987354
6 4 7 5 -1  3
4920504572936628090
6 1 5 1 -1  1
4920586259441943362
6 6 6 7 -1  1
4920691393099041332
5 2 4 2 -1  1
4920806404860364875
7 5 5 5 -1  1
4921128126967186480
6 4 7 3 -1  1
4921232925478859256
7 1 7 2 -1  1
4921338041647316978
5 3 4 4 -1  1
6 6 5 6 -1  1
4921342709577946540
4 5 4 4 -1  1
4921362549543011597
5 2 6 4 -1  1
6 7 5 7 -1  1
7 2 6 1 -1  2
4921480051271426759
5 3 4 3 -1  1
4921792424301723808
0 1 1 1 -1  1
4922172036487999563
6 3 7 2 -1  1
4922185963514461896
7 0 3 0 -1  1
4922186705510218171
6 6 5 7 -1  2
4922289095109112924
7 3 7 1 -1  3
4922315055214933829
1 7 2 6 -1  1
4922405671039359509
6 5 7 6 -1  1
4922644773841698466
5 1 4 1 -1  1
4922963136137787947
3 4 4 6 -1  1
4923109202910729205
0 4 0 5 -1  1
4923203075455072666
6 6 5 6 -1  1
4923487032588476181
4 3 5 3 -1  1
4923534926823323942
6 1 5 2 -1  1
4923618435293897687
7 2 6 1 -1  4
4923671705118390983
6 6 7 6 -1  1
4923710235627726365
7 1 6 3 -1  1
4923818318124722580
4 6 3 5 -1  1
4923940705433219532
7 2 6 1 -1  1
4924269251019697300
5 4 4 4 -1  1
4924622085357161014
6 4 5 5 -1  1
4924674318123305277
2 2 6 2 -1  1
4924713397020136993
0 1 1 3 -1  1
4924939229492081127
3 3 3 4 -1  1
4925049035724269941
5 5 3 4 -1  1
4925071183448504837
6 3 5 2 -1  1
4925495815758478430
5 5 3 4 -1  1
4925539709173653427
7 6 7 5 -1  2
4925637481690151513
7 6 6 6 -1  1
4925644170040838283
5 3 4 5 -1  1
4925883178288212962
5 5 4 6 -1  1
4925942800947165310
6 3 6 2 -1  1
4925989682317698888
7 4 5 5 -1  1
4926109125280563828
6 1 5 1 -1  1
4926319124286739590
7 1 6 3 -1  1
4926532392867331223
6 4 7 5 -1  1
4926570314060809943
7 4 6 4 -1  1
4926606260862362416
6 7 5 7 -1  1
4926765182956075223
6 2 5 2 -1  1
4926947077378136373
5 4 2 1 -1  1
4927001426124915957
7 6 6 4 -1  1
4927171478328438708
1 4 2 4 -1  1
4927301561730933744
6 3 5 5 -1  1
4927313230976445964
1 4 1 1 -1  1
4927884301218058646
7 4 7 3 -1  1
4928089240955441985
5 5 3 4 -1  1
4928200206482113118
3 7 5 7 -1  1
4928285225479763548
5 7 4 7 -1  1
4928406355862473502
3 1 3 0 -1  1
4928639871774664418
3 4 2 5 -1  1
4928695210851839502
7 2 4 5 -1  1
4928793728958584114
6 2 5 1 -1  1
4929076091631258113
5 1 4 3 -1  1
4929088606804054730
6 5 5 5 -1  1
4929105212185817031
7 6 6 5 -1  1
4929145916241345430
5 5 5 4 -1  1
4929488284790175258
6 1 5 2 -1  1
4929542828704390545
4 7 5 6 -1  1
4929852374610715635
3 5 3 4 -1  1
4929882395799951952
7 5 3 1 -1  2
4929932902188364890
6 0 7 0 -1  1
4929998453040539735
7 4 7 6 -1  1
4930003174372953235
4 4 5 2 -1  1
4930178420492021165
4 5 3 5 -1  1
4930203443407900276
6 2 4 2 -1  1
4930320010646824913
7 3 0 3 -1  2
4930362566913337232
2 2 4 1 -1  1
4930441840438802533
5 5 3 4 -1  1
4930610404307758024
3 5 1 4 -1  1
4930663322594948449
5 3 4 4 -1  1
4930702403248474217
4 0 6 2 -1  2
4930855533734514291
1 5 1 0 -1  1
4930863629449423489
4 0 5 0 -1  1
4930968964991862374
6 1 5 1 -1  1
4931060255619248135
2 1 2 3 -1  1
4931204799177957205
7 3 6 3 -1  1
4931441024589273696
6 1 4 1 -1  1
4931467459003876342
6 5 4 5 -1  1
4931479778478715717
7 0 7 2 -1  1
4931683647249812322
5 2 4 2 -1  1
4932230521108526047
7 2 4 5 -1  1
4932332715620283571
5 4 4 3 -1  1
4932351458415983321
6 6 5 6 -1  1
4932509379580739441
5 6 4 7 -1  1
4932571893517117387
7 2 6 3 -1  1
4932661404821354527
7 5 6 5 -1  1
4932724119763154694
3 1 6 4 -1  1
4932725378556780222
7 3 3 3 -1  1
4932891731793085658
6 2 5 4 -1  1
4932989118421802489
6 2 3 2 -1  1
4933014485355524064
4 2 4 1 -1  1
4933030426385295722
5 5 4 3 -1  1
4933054653326596175
7 1 6 2 -1  1
4933178518244848026
6 2 6 5 -1  1
4933234967326406790
7 0 7 3 -1  1
4933332514050770904
7 5 2 0 -1  1
4933395748719313266
6 2 5 3 -1  1
4933425376091625198
7 4 6 4 -1  1
4933456119142641011
7 5 6 6 -1  1
4933541166030931667
7 2 5 2 -1  1
4933739192926392033
7 3 7 1 -1  1
4934065890801072143
6 5 6 4 -1  1
4934384627575763817
6 6 5 7 -1  1
4934729871885996512
7 2 4 5 -1  4
4934781830253929795
2 3 1 3 -1  1
4934925457394339640
2 2 3 4 -1  1
4934952861121941397
6 7 5 7 -1  1
4934952865571085271
5 5 6 4 -1  1
4935101062024642138
7 5 7 4 -1  1
4935240451330554996
7 2 6 3 -1  5
4935383872953828897
7 5 5 6 -1  1
4935555853938705532
3 5 2 5 -1  1
4935752072018089671
7 0 7 3 -1  2
4936266481254159464
2 5 2 7 -1  1
4936360454232683700
7 0 7 1 -1  1
4936362733731871219
6 6 7 6 -1  1
4936489429425244278
7 0 7 1 -1  1
4936776795440428868
3 0 2 1 -1  1
4936823322288933177
5 2 7 2 -1  1
4936893186760796422
7 0 7 2 -1  1
4936923592897794030
3 0 2 0 -1  1
4937046217197079492
7 1 2 1 -1  1
4937296113101353519
3 2 2 2 -1  1
4937303364184621320
4 0 4 3 -1  1
4937329064828452762
6 5 6 4 -1  1
4937330541604166816
4 3 3 4 -1  1
4937694017803612773
4 4 2 6 -1  1
4937705941601020440
5 1 4 3 -1  1
4937776267059015041
5 5 3 4 -1  1
7 4 7 6 -1  3
4938016624303262834
7 0 7 2 -1  1
4938240269622911763
4 0 5 2 -1  1
4938388127006916517
5 4 4 3 -1  1
7 6 6 4 -1  1
4938408058394324112
4 7 5 6 -1  1
4938503686084916762
6 7 7 7 -1  2
4938606159211504040
6 4 5 3 -1  1
4938653139096982363
7 4 7 6 -1  1
4938683194180604065
4 2 3 2 -1  1
4938773032599334828
5 6 4 6 -1  3
4938786747439160139
3 5 2 4 -1  1
4938816684724622875
5 4 4 3 -1  1
4938836589358018470
5 3 4 4 -1  1
4938915101984501705
7 5 7 6 -1  1
4939006884590424110
7 5 7 4 -1  1
4939130312130281203
7 0 7 4 -1  1
4939284554974739992
6 7 5 7 -1  1
4939314296081060951
6 4 5 3 -1  1
4939382929565809742
6 7 5 7 -1  1
4939619689155144633
5 3 1 3 -1  1
4939725842035535120
5 3 4 2 -1  1
4939802608610088803
7 5 6 5 -1  1
4940272834340877440
6 5 4 3 -1  1
4940346960725914024
7 2 7 3 -1  1
4940531485741270072
5 2 6 4 -1  1
4940588742553973993
5 1 6 2 -1  1
4940597642183495134
7 5 4 5 -1  1
4940627769305699947
7 2 7 3 -1  1
4940817411231193927
5 6 6 4 -1  1
4940956171226924786
5 6 5 1 -1  1
4941033954702518944
3 1 2 1 -1  1
4941181804071582316
6 4 6 5 -1  1
4941230764467178804
6 6 7 5 -1  2
4941261696618653717
7 5 6 4 -1  1
4941295984703112530
7 4 7 6 -1  1
4941421477877682775
6 6 7 5 -1  1
4941453595817248871
5 0 4 1 -1  1
4941492636038131077
6 7 5 6 -1  1
4941840816060732738
5 3 4 3 -1  1
4941874644172444511
3 4 2 2 -1  1
4941953340965917219
5 3 4 2 -1  1
4941971972335630987
7 4 4 1 -1  1
4941973224205749770
7 2 6 3 -1  1
4942228753318317792
6 6 5 4 -1  1
4942286366717876525
7 3 7 4 -1  1
4942406507167120613
7 6 6 4 -1  1
4942435774369110399
2 0 3 1 -1  1
4942525282291420179
7 5 7 2 -1  1
4942722413554974717
2 0 5 3 -1  1
4943301273262996262
6 2 4 2 -1  2
4943780947395297594
5 6 3 5 -1  1
4943829693778336163
6 4 5 5 -1  1
4943988773517206885
6 4 7 3 -1  1
4944107821452843641
4 7 5 5 -1  1
4944394757975831712
6 2 5 1 -1  1
4944573101594849946
5 5 4 3 -1  1
4944661740898646277
6 4 1 4 -1  1
4944851291006097249
4 2 5 1 -1  1
4945026951396956027
7 1 6 0 -1  1
4945070042809271708
5 5 3 4 -1  1
4945128831883740586
3 4 5 3 -1  1
4945176763019964153
0 3 0 7 -1  1
4945264146343241602
5 0 4 1 -1  1
4945284094015086523
5 6 6 4 -1  1
4945301307171208071
6 0 4 0 -1  1
4945367473264859314
7 5 6 6 -1  2
4945459495534347107
2 4 2 7 -1  1
4945560302266163374
7 2 5 0 -1  1
4945957326921140297
3 6 4 4 -1  1
4945960632802050089
5 2 7 2 -1  1
4946046012100120543
6 4 4 2 -1  1
4946228811362172424
6 6 5 5 -1  1
4946292434987613200
7 7 5 7 -1  1
4946595659187213087
5 5 6 4 -1  1
4946636587733280665
2 3 1 3 -1  1
4946725030385842240
7 1 6 3 -1  1
4946866632734202730
7 3 7 2 -1  1
4947753435768916642
4 1 3 3 -1  1
4947781463935466530
2 1 3 1 -1  1
4947820049465163345
7 4 5 4 -1  1
4947921891240300596
1 1 1 0 -1  1
4947928441315379454
7 6 7 7 -1  1
4947998507850307465
4 3 5 5 -1  1
4948111465794584605
3 1 5 0 -1  1
4948161725390206466
1 1 3 1 -1  1
4948269100341789027
6 2 4 2 -1  1
6 3 4 3 -1  1
7 4 7 6 -1  1
4948409322172785098
7 6 5 7 -1  1
4948447917794190216
6 4 3 7 -1  1
4948684683842078401
1 3 3 5 -1  1
4948765118205447004
6 4 7 2 -1  1
4949264998384386264
2 0 1 0 -1  1
4949378068588639871
7 0 7 2 -1  2
4949556407055471948
2 5 2 1 -1  1
4949627843048373655
4 4 3 2 -1  1
4949728612412992576
5 0 4 1 -1  1
4949729822862340894
7 5 6 6 -1  1
4950032458939995579
7 5 6 4 -1  5
4950077466265003424
7 6 6 5 -1  1
4950120261021979763
7 1 4 4 -1  1
4950369968244625340
4 3 3 4 -1  1
4950718692643022593
6 1 7 2 -1  1
4950756289069023865
3 5 3 6 -1  2
4950828605676504144
6 3 5 3 -1  1
4950896553210443797
4 3 3 5 -1  1
4950918577353849949
7 2 6 2 -1  1
4951172392566604877
4 3 3 4 -1  1
4951212880032017459
0 4 1 4 -1  3
4951430705280133666
2 7 2 3 -1  1
4951537571673118299
7 5 7 4 -1  2
4951603276380393392
2 3 3 5 -1  1
4951608322591917917
4 3 4 6 -1  1
4951626891404718570
7 6 7 5 -1  1
4951684838704509311
4 7 3 7 -1  1
4951765439239531602
7 6 5 7 -1  1
4952062272659623413
5 4 4 4 -1  1
4952071727809005248
7 2 7 3 -1  1
4952088005692487718
0 6 4 2 -1  1
4952256193149128447
6 7 5 7 -1  1
4952469399480763623
4 4 3 2 -1  1
4952549176809215877
4 5 6 6 -1  1
4952751411946503601
4 2 3 3 -1  1
4952824137899982369
2 1 3 1 -1  1
4952989768427523622
6 3 5 2 -1  1
4953158159714617982
4 1 3 1 -1  1
4953200271298166308
6 6 7 5 -1  1
4953475711134892518
4 3 5 5 -1  1
4953484886066625553
5 2 7 4 -1  1
4953599888022639996
5 2 7 3 -1  1
4953706294863131394
5 5 3 4 -1  1
4953823768571308847
3 4 2 2 -1  1
4953881515669057423
6 6 5 6 -1  2
4953926178095395121
1 7 1 3 -1  1
4954094732562442773
6 4 5 2 -1  1
4954120810771897624
7 1 5 0 -1  2
4954134907978680706
7 6 7 7 -1  1
4954219727062585930
7 5 7 3 -1  1
4954327430803460280
7 2 7 1 -1  1
4954377769880609043
3 4 4 4 -1  1
4954456473220444079
5 4 2 1 -1  1
4954503171654158377
7 7 7 3 -1  1
4954565215861994089
5 2 4 0 -1  2
4954641704004870279
6 5 5 6 -1  1
4954888690282611832
6 0 6 3 -1  1
4955195020106767842
7 1 5 0 -1  1
4955313615710170247
7 3 4 0 -1  1
4955394391291058161
7 2 6 1 -1  1
7 5 6 4 -1  1
4955600870666401417
6 3 7 3 -1  1
4955612360883768597
2 7 1 6 -1  1
4955615396894644433
3 5 2 6 -1  1
4955630236088436757
7 1 5 2 -1  1
4955637417132426785
7 4 7 6 -1  1
4955808749691832237
6 6 5 6 -1  1
4955864890009052704
5 5 4 3 -1  1
4955942019238470937
4 2 3 3 -1  1
4956094036628555724
5 6 4 6 -1  1
4956134396974422207
7 3 5 3 -1  1
4956207107369688470
6 1 7 2 -1  1
4956247348961533138
6 2 6 3 -1  1
4956284817326106275
6 5 6 4 -1  1
4956315542037082133
4 2 3 3 -1  4
7 5 6 6 -1  1
4956338650466940161
5 3 6 4 -1  1
4956493952463960740
6 6 5 6 -1  3
4957248671810245336
6 0 4 0 -1  1
4957360922425301133
6 4 6 5 -1  1
4957663446395091870
1 0 6 5 -1  1
4957748778666200853
2 4 4 5 -1  1
4957763825974983943
6 0 4 0 -1  1
4957937028683468967
6 1 5 1 -1  1
4958061719073458100
5 0 5 1 -1  1
4958071914917756700
7 5 3 1 -1  1
4958089685947381866
6 4 4 4 -1  1
4958128544387025901
7 5 7 3 -1  1
4958198185074124518
6 1 5 1 -1  1
4958473483749941863
5 3 4 4 -1  2
4958473674694278006
3 1 6 4 -1  1
4958488197337438814
6 4 5 5 -1  1
4958491046871831953
0 2 4 6 -1  1
4958547385023382069
5 2 7 2 -1  1
4958605688098632454
5 1 3 2 -1  1
4958721238107207240
7 5 4 2 -1  1
4959026486136984667
6 0 4 0 -1  1
6 0 5 0 -1  1
4959123845783360275
5 7 1 3 -1  3
4959194989124536023
6 7 7 7 -1  1
4959233905740216765
4 4 3 3 -1  1
4959406253777984643
6 4 5 5 -1  2
4959545023987456966
0 0 0 5 -1  1
4959598494226004795
4 4 3 3 -1  1
4959696846387163182
6 1 5 1 -1  1
4959704707644536433
5 2 7 1 -1  1
4959785570697933153
5 0 4 0 -1  1
4959865388793395270
0 1 0 0 -1  1
4960170309858645490
5 3 1 3 -1  1
4960498715580713082
6 7 4 7 -1  1
4960507675375985017
7 2 5 4 -1  1
4960546037473190979
6 0 4 0 -1  1
4960653052052422515
6 1 4 1 -1  1
4960760796195546612
4 2 7 5 -1  2
4960796479403774650
7 2 5 4 -1  1
4960826828106702052
5 2 4 3 -1  1
4961068395812772411
6 3 4 2 -1  2
4961176156793561304
6 1 7 3 -1  1
4961440902808657757
2 2 7 2 -1  1
4961561115806755528
5 4 2 1 -1  1
4961796831962390372
7 2 6 3 -1  1
4961877344861191917
7 6 7 7 -1  1
4961991097185538949
6 4 6 2 -1  1
4962043044355494758
5 7 5 2 -1  1
4962093840610947003
6 3 4 4 -1  3
4962120551764683142
4 7 2 5 -1  3
4962424243588743441
3 4 1 3 -1  1
4962464622600779395
6 3 6 7 -1  1
4962509962422850029
6 6 4 6 -1  1
4962643573703768870
0 4 4 0 -1  1
4962828230764340286
6 4 5 6 -1  1
4963070056409318586
7 4 7 6 -1  13
4963079831609907847
1 4 6 4 -1  1
4963089555383489851
7 2 4 5 -1  1
4963318376809658306
5 4 3 5 -1  1
4963468339614431666
7 6 6 6 -1  1
4963644011598291913
4 6 6 5 -1  1
4963659110834435798
6 6 7 7 -1  1
4963809189154060381
6 2 7 1 -1  1
4964040231510868639
6 2 4 2 -1  1
4964071294500715347
6 6 5 5 -1  1
4964169676233623874
3 3 0 3 -1  1
4964204579082694644
4 3 3 4 -1  2
4964464055164669707
7 4 7 6 -1  1
4964464189876629870
6 5 5 5 -1  1
4964552885402084194
3 1 4 2 -1  1
4965001293788380262
6 5 7 4 -1  1
4965273545122201613
6 2 7 2 -1  1
4965397641297803527
5 0 4 1 -1  1
4965410194634640929
6 0 7 0 -1  1
4965773317690516920
6 6 6 7 -1  1
4965969877964984567
5 2 3 1 -1  1
4965999412035674971
6 6 7 5 -1  1
4966216278528337061
1 3 0 4 -1  1
4966288598231213665
4 5 4 6 -1  1
4966292240711392596
7 6 6 5 -1  1
4966334042796062965
5 5 2 2 -1  1
4966477416769406634
5 3 4 3 -1  1
4966947371417073284
4 2 6 1 -1  1
4966976372769947200
4 3 5 5 -1  1
4966987002235684948
6 4 5 5 -1  1
4967100755772674344
6 3 5 2 -1  1
4967285109670126703
6 5 5 4 -1  1
4967320058765344728
3 1 4 2 -1  1
4967414275849770606
7 5 6 4 -1  1
4967512983141823695
5 6 4 6 -1  1
4967683380716336753
6 6 6 4 -1  1
4967897177403814976
3 3 2 3 -1  1
4967940062547824995
3 2 4 4 -1  1
4967982537833501942
6 0 4 0 -1  1
4968277500441295008
7 6 7 5 -1  1
4968315058091522841
7 3 5 4 -1  1
4968338576670652973
5 5 4 3 -1  1
4968437141696419046
3 2 1 0 -1  1
4968691372325975177
7 7 3 7 -1  1
4969199964100548153
5 3 6 3 -1  1
4969289365453934351
5 7 4 6 -1  1
4969397916485460777
7 6 6 6 -1  1
4969412988487319235
2 6 1 5 -1  1
4969645308063823751
6 0 7 1 -1  1
4969845961306102423
6 5 4 5 -1  3
4969993488042675296
7 2 5 2 -1  1
4970156879849375378
6 7 5 7 -1  1
4970225264511956006
7 3 7 4 -1  1
4970244672509809826
6 3 5 1 -1  1
4970340674940001865
5 6 5 5 -1  1
4970389002571973924
6 3 6 2 -1  1
4970409408078254206
7 4 7 6 -1  1
4970430479612284612
2 0 1 0 -1  1
4970542376852697909
7 3 6 2 -1  1
4970553237473730645
7 3 6 4 -1  1
4971326912272358332
5 2 3 1 -1  2
4971532997080190746
2 3 6 3 -1  3
4971642148476998339
7 1 7 3 -1  1
4971693836039881059
5 3 4 4 -1  1
4971822479357087613
6 1 4 1 -1  1
4972188201733594889
6 4 3 7 -1  1
4972365781665388767
6 4 5 6 -1  1
4972383200245821870
6 1 5 2 -1  1
4972416758047161086
1 4 1 1 -1  1
4972472939479239039
3 5 0 2 -1  1
4972483286755936704
7 0 7 1 -1  1
4972585552509219622
7 4 6 4 -1  1
4972710095159100368
7 7 6 7 -1  1
4972747443236446595
7 3 3 7 -1  1
4972777539911178714
6 5 5 5 -1  1
4973212111167882351
5 1 4 2 -1  1
4973271726540120270
7 4 6 4 -1  1
4973355208974856047
2 3 0 2 -1  1
4973398574684713653
5 2 4 2 -1  1
6 0 4 0 -1  1
4973504500975100217
4 5 3 3 -1  1
4973661520388935482
7 6 6 7 -1  1
4973814716372602455
5 1 4 1 -1  1
4974044790051228217
7 5 7 6 -1  1
4974075234564938868
7 1 7 3 -1  1
4974369847221554157
4 5 3 4 -1  1
4974494763587749239
5 3 4 3 -1  1
4974558910460137016
4 4 5 6 -1  1
4974567032121251944
4 5 4 0 -1  1
4974647896096729112
2 4 4 3 -1  1
4974701737435506163
6 1 1 6 -1  3
4974721720788204892
2 1 1 1 -1  1
4974866963174263245
5 1 5 0 -1  1
4974867254420927464
6 3 5 3 -1  10
6 4 5 4 -1  15
6 6 5 6 -1  31
7 6 5 5 -1  3
4974921352515035181
2 4 1 4 -1  1
4974950024102057233
2 0 0 0 -1  1
4975047239861710037
7 6 5 5 -1  2
4975166301807014276
4 7 3 7 -1  1
4975169370034537118
5 3 6 5 -1  1
4975387807759454098
6 4 5 4 -1  1
4975426765801760372
0 1 0 3 -1  1
4975611919495517235
3 5 3 1 -1  1
4975774541953500277
7 0 7 3 -1  1
4975887657749397026
6 4 5 3 -1  1
4975909968419991491
5 7 4 6 -1  1
4976091255087839687
6 5 4 4 -1  1
4976338346393779406
6 5 5 6 -1  1
4976451145086780287
6 1 7 1 -1  1
4976694227671876444
4 1 3 1 -1  1
4976717805498916393
7 7 7 4 -1  1
4976763612659179783
6 0 5 1 -1  1
4976890289171789007
5 4 4 5 -1  1
4976906601874236730
7 3 7 4 -1  1
4977307183797336495
7 2 7 4 -1  1
4977332489177238645
6 2 6 5 -1  1
4977348272037389090
6 6 7 4 -1  1
4977574612320382394
6 7 4 7 -1  1
4977735699142672063
6 5 5 5 -1  1
4977788887918043488
5 5 4 6 -1  1
4978013911561282301
6 7 3 4 -1  1
4978112813088755671
7 5 7 4 -1  1
4978203158141211739
7 1 5 2 -1  1
4978204592325847519
5 5 5 7 -1  1
4978408013743761288
6 4 5 6 -1  1
4978639216744004619
6 4 4 6 -1  1
4978921424078203002
4 2 3 3 -1  1
4979032165726516910
3 1 2 1 -1  1
4979176790631674838
4 3 6 4 -1  1
4979426920696210133
6 2 6 5 -1  1
4979446472782970949
7 1 5 2 -1  1
4979526861927089108
5 4 3 6 -1  1
4979563008562252537
0 4 0 2 -1  1
4979990163743779556
6 3 4 2 -1  1
4980000165667938459
4 2 6 1 -1  1
4980021542301088577
6 4 5 3 -1  1
4980071061952052749
6 3 5 2 -1  1
4980131187368824077
6 7 5 7 -1  1
4980141853606802355
7 4 7 5 -1  1
4980144595894303311
4 6 3 6 -1  1
4980150621529163224
4 6 2 5 -1  1
4980285431346627595
5 4 1 0 -1  1
4980352852024677137
6 5 4 5 -1  1
4980363722015813114
3 4 1 5 -1  1
4980372532093305441
6 0 5 1 -1  1
4980451913138210424
7 3 6 4 -1  1
4980489539745511411
6 0 5 1 -1  1
4980502620041713636
2 3 1 3 -1  1
4980534652548731000
4 6 7 6 -1  1
4980792712690797733
7 5 7 4 -1  2
4980800781858057377
6 1 5 1 -1  1
4981014227698027624
1 3 1 2 -1  1
4981059279612408823
3 3 5 5 -1  1
4981125837343611916
6 2 5 4 -1  1
4981609427424744603
6 3 4 3 -1  1
4981633952640250956
3 2 3 0 -1  1
4981985023487813671
7 3 6 5 -1  1
4982282566937077172
3 4 1 4 -1  1
4982426911475843187
6 5 5 5 -1  1
4982598486862371243
6 3 5 5 -1  1
4982626352382960404
4 5 0 1 -1  1
4982744945060174329
1 2 1 3 -1  1
4982838300434672526
7 0 4 0 -1  1
4982960996411396406
6 6 5 6 -1  1
4983019169262165398
1 0 0 0 -1  1
4983051908563904948
7 2 6 1 -1  1
4983100593609162092
4 1 3 1 -1  1
4983144061795925940
4 2 4 0 -1  2
4983308020950144729
4 3 5 5 -1  1
4983399652033293445
4 5 4 4 -1  1
4983421045202735607
7 0 1 0 -1  1
4983446124569527496
3 0 2 0 -1  1
4983468026405038941
3 3 4 4 -1  1
4983484437778696409
5 1 4 1 -1  1
4983850002865282259
3 7 4 5 -1  1
4983859332744188847
6 4 5 5 -1  1
4983882650800881618
6 4 5 4 -1  1
4983885171998046656
4 2 2 1 -1  1
4983950354508454996
4 3 3 1 -1  1
4984117124568512014
7 5 5 4 -1  1
4984123439255901888
4 2 4 5 -1  1
4984224912891446472
4 0 4 1 -1  1
4984325097079213882
6 0 5 0 -1  1
4984362491398298203
3 2 1 1 -1  1
4 2 3 1 -1  1
4984450878883453819
4 4 3 5 -1  1
4984657583901764138
4 3 3 5 -1  1
7 2 7 0 -1  1
4984663338557755516
7 6 7 7 -1  1
4984827810377696658
2 2 2 4 -1  1
4985765579128060748
0 5 0 1 -1  1
4985794959508586410
7 0 6 0 -1  1
4985897272624258736
5 5 3 6 -1  1
4985941714605009896
6 4 4 4 -1  1
4986308024630157331
7 1 5 2 -1  1
4986442925541979480
7 0 7 2 -1  1
4986452513414679865
7 6 6 6 -1  2
4986631294990857596
6 4 7 5 -1  1
4986835137451014485
5 3 4 3 -1  1
4986843359199106859
1 6 4 3 -1  1
4987002095055263962
4 3 3 2 -1  1
4987313675917159555
5 5 3 4 -1  2
4987403226169237412
1 6 2 5 -1  1
4987527278049331777
7 1 5 2 -1  1
4987529147689145939
5 4 4 4 -1  1
4987693527808605648
7 3 6 4 -1  1
4987813309833474076
3 2 2 1 -1  1
4988034062456572189
6 6 6 0 -1  1
4988204916113621149
5 2 6 3 -1  1
4988412388370584930
7 5 6 6 -1  1
4988417715267988347
5 0 5 3 -1  1
4988926116192868719
5 5 4 6 -1  1
4989016788935234253
4 1 3 1 -1  1
4989416406596149421
4 3 5 5 -1  1
4989492052453424289
7 0 7 1 -1  1
4989745239931417065
4 3 6 4 -1  1
4989750599056850391
6 7 5 7 -1  1
4989774021516241439
7 3 7 1 -1  1
4990028351944773610
5 2 6 4 -1  1
4990099584222690283
6 2 5 2 -1  1
4990322390660890775
4 2 3 3 -1  3
7 1 5 2 -1  1
4990327860817769943
5 6 4 6 -1  1
4990353649707942843
4 4 0 4 -1  1
4990386590678078798
6 2 4 2 -1  1
7 1 5 0 -1  1
4990443752575302295
3 6 4 7 -1  1
4991056405213426963
2 5 5 2 -1  1
4991477083467291266
3 0 5 2 -1  1
4991816605907227602
6 0 4 0 -1  1
7 1 5 2 -1  1
4991934724072045383
7 5 7 4 -1  1
4991981898923847937
5 1 7 2 -1  1
4992220070857076634
4 2 3 2 -1  1
4992265943001265784
7 0 7 4 -1  1
4992288119250163113
6 3 4 3 -1  4
4992306982532887210
6 5 4 4 -1  1
4992363907871665465
7 4 5 4 -1  1
4992372796717531095
2 7 1 7 -1  1
4992474611387802503
4 0 3 0 -1  1
4992477803967058982
2 2 6 2 -1  1
4992549897933399661
6 2 4 2 -1  1
4992621771706638450
5 6 4 6 -1  1
4992764817996679424
2 6 0 5 -1  1
4992802033723927637
6 4 5 4 -1  1
4992930776739173365
2 2 1 1 -1  1
4993471256952310178
5 0 5 1 -1  1
4993485751945555221
4 1 2 1 -1  1
4993606441208179823
4 2 5 4 -1  1
4993981156394045397
6 0 5 0 -1  1
4994134681485526112
7 4 7 0 -1  1
4994151613679219497
6 6 5 5 -1  1
4994246486538381882
5 2 4 3 -1  1
4994340476413216862
6 3 7 4 -1  1
4994468000603852129
6 5 5 5 -1  1
4994473696046629189
5 0 4 0 -1  1
4994550729448408641
4 5 2 5 -1  1
4994572282348296328
2 0 3 1 -1  1
4994673174021938573
7 6 5 5 -1  1
4994912026322309391
7 0 6 0 -1  1
4995062299037924694
6 5 7 5 -1  1
4995185889352689454
5 3 4 1 -1  1
4995206208546958969
5 1 3 2 -1  1
4995240151679677082
7 5 7 4 -1  1
4995365772556743369
5 5 4 5 -1  1
4995396333796382320
7 5 7 4 -1  1
4995499758805234673
4 2 3 2 -1  1
4995513626894820372
4 7 4 5 -1  1
4995553107503562808
7 1 6 2 -1  1
4995581559554003642
7 2 6 3 -1  1
4995678821229674180
7 2 5 4 -1  1
4995894426642545152
7 3 7 2 -1  1
4996082524949449763
7 4 1 4 -1  1
4996184487739478183
5 2 4 3 -1  2
4996287319703584185
3 3 2 3 -1  1
4996319565391714952
1 0 1 4 -1  1
4996466279579645552
7 2 4 5 -1  1
4996526134348118595
7 0 6 0 -1  1
4996852051997474738
6 4 5 6 -1  1
4996989862739812018
4 3 5 5 -1  1
4997046331960031705
5 2 5 0 -1  1
4997052623687925214
7 6 6 7 -1  1
4997387821741032109
2 2 3 3 -1  1
4997441030983369860
7 2 5 4 -1  1
4997487668844269496
4 7 6 7 -1  1
4997547385246551309
4 3 3 2 -1  1
4997558978038322421
4 1 3 1 -1  1
4997608739585342041
7 3 4 0 -1  1
4997686474782223671
3 4 1 5 -1  1
4997708762124068522
6 3 4 3 -1  1
4997763083486846637
5 4 5 5 -1  1
4997912934979616762
5 0 3 1 -1  1
4998050744263485923
3 4 2 4 -1  1
4998073201858485424
7 5 7 3 -1  1
4998279026447049661
5 7 6 5 -1  1
4998447744675665342
7 0 7 3 -1  1
4998499950175058691
7 2 7 0 -1  1
4998734328565532487
7 6 6 6 -1  1
4999029015698765393
2 2 4 3 -1  1
4999045501567488105
5 5 6 7 -1  1
4999123088731418782
5 5 4 7 -1  1
4999323820568235459
2 1 1 3 -1  1
4999450428929239015
7 5 5 4 -1  1
4999696711566124269
7 0 7 4 -1  1
4999773349159185851
7 4 7 3 -1  1
5000098837589884977
7 1 5 2 -1  1
5000349948698744550
7 0 7 1 -1  1
5000379064529851521
6 3 5 3 -1  3
5000385402268728190
5 5 5 6 -1  2
5001109991988677667
6 1 5 0 -1  1
5001238641452964985
2 4 1 4 -1  1
5001596504657967041
3 4 5 3 -1  1
5001705256355978930
7 0 7 1 -1  1
5001770826085957096
3 6 4 7 -1  1
5002045365971082120
5 5 4 4 -1  1
5002131534252485493
4 6 3 7 -1  1
5002140590142966776
7 5 4 5 -1  1
5002215296292608413
6 2 4 1 -1  1
5002642474248397241
7 5 5 3 -1  1
5003000235954325502
6 2 5 2 -1  1
5003108284861814708
7 2 6 1 -1  1
5003134146223175847
4 0 5 2 -1  1
5003137977662192703
5 5 6 5 -1  1
5003247453157403170
1 3 1 2 -1  1
5003297457231512738
6 3 7 1 -1  1
5003591894094412546
5 2 4 2 -1  1
5003676663020440524
6 0 4 0 -1  1
5003738729379845608
7 5 7 4 -1  6
5003820374695501983
5 1 7 1 -1  1
5003851995026438207
5 4 4 6 -1  1
5003853395481507665
5 6 4 5 -1  1
5003983360689133970
4 5 5 4 -1  1
5004263969715452820
4 3 2 2 -1  1
5004364374884156674
7 3 6 2 -1  1
5004597113538451903
6 3 4 4 -1  1
5004627483158283134
7 5 7 2 -1  1
5005079527831140144
7 3 3 7 -1  1
5005080306436200898
6 4 7 5 -1  1
5005135283628923001
5 3 4 2 -1  1
5005207825945015701
4 6 3 6 -1  1
5005275379747044790
7 4 7 5 -1  2
5005300585363617710
3 2 1 1 -1  1
5005368339701140296
5 5 4 7 -1  1
5005631191450951963
7 5 7 0 -1  1
5005753701570625070
4 1 3 1 -1  1
5005786069727701671
1 5 2 3 -1  1
5005786246554868344
7 4 7 3 -1  1
5005977853304133455
7 5 5 5 -1  1
5005978308669494314
7 6 7 7 -1  1
5005995826734586284
2 5 1 6 -1  1
5006323712107852963
4 6 3 5 -1  1
5006498379581425369
5 7 4 6 -1  1
5006517864877815391
1 5 2 5 -1  1
5006713988390772001
4 3 1 0 -1  1
5006769818925602610
1 5 1 6 -1  1
5007260895806383655
4 4 3 5 -1  1
5007288014444134866
5 5 6 3 -1  1
5007660044059116404
6 0 5 0 -1  1
5007956184636653154
2 0 3 1 -1  1
5007981043496276062
7 0 2 0 -1  1
5008169294949084538
5 3 6 3 -1  2
5008256097116259703
4 2 3 1 -1  1
5008377567777060601
5 1 4 1 -1  2
5008440685674306436
5 5 3 6 -1  1
7 5 7 4 -1  1
5008546312099468177
7 5 6 6 -1  1
5008777303963430940
5 3 4 3 -1  1
5008804105686260596
6 5 4 3 -1  1
5008908426032135149
6 6 5 5 -1  1
5008916721732991970
7 7 7 5 -1  1
5009227061585617525
5 6 6 5 -1  1
5009253775071446370
4 4 3 2 -1  1
5009316045006186574
7 3 2 3 -1  1
5009446190899309243
6 7 5 7 -1  1
5009716460029731289
4 6 3 6 -1  1
5009794105333457659
6 6 5 6 -1  1
5009891367606397337
7 3 6 4 -1  1
5009929098070431721
7 4 5 5 -1  1
5010024085484301400
6 7 7 6 -1  1
5010077992036195894
3 4 3 2 -1  1
5010150873446043815
1 0 1 6 -1  1
5010153608485149237
2 6 1 7 -1  1
5010201850243879795
7 5 7 7 -1  2
5010660916451920629
6 6 5 5 -1  1
5010807037667142166
4 7 3 7 -1  1
5011065673091453428
3 3 2 3 -1  1
5011095667874672359
7 3 5 1 -1  1
5011415598811007533
6 1 5 1 -1  1
5011826414226355981
5 2 7 3 -1  1
5011837096711882289
3 7 3 5 -1  1
5012018516324705595
5 7 6 6 -1  1
5012085345189946047
5 4 5 7 -1  1
5012085901196541096
6 7 4 6 -1  1
5012137946388415390
6 6 4 6 -1  1
5012157013203634398
4 6 7 3 -1  1
5012313039302973135
6 0 4 0 -1  1
5012397551035102969
7 5 7 3 -1  1
5012418904831371730
4 3 3 3 -1  2
5012486976255346963
2 2 0 4 -1  1
5012511013847571275
4 4 2 5 -1  1
5012539556548507000
5 5 4 7 -1  1
5012581255020655149
4 2 3 2 -1  1
5012583684223292910
4 3 4 5 -1  1
5012592089962203255
7 5 7 2 -1  1
5012662912824938605
3 6 2 6 -1  1
5012735455498669769
7 2 6 1 -1  1
5012771395933633913
7 6 6 6 -1  1
5012773738058073695
5 1 3 2 -1  1
5012900995564160090
6 6 5 7 -1  1
5013003465029523692
5 0 7 0 -1  1
5013365962780704546
3 4 5 5 -1  1
5013406364258315363
4 6 5 4 -1  1
5013426466121701683
4 2 7 5 -1  1
5013575877798976409
4 6 5 5 -1  1
5013822676514827256
5 0 6 0 -1  1
5014051429432837181
5 4 3 6 -1  1
5014057778907728408
7 5 7 4 -1  2
5014120922092258796
5 3 5 7 -1  1
5014222333368172714
6 7 4 7 -1  1
5014252407231177017
6 3 6 4 -1  1
5014371033238155320
7 2 6 3 -1  1
5014534720441030761
6 1 4 1 -1  1
5014583749218883362
0 4 0 5 -1  1
5014758678791103573
4 2 3 2 -1  2
5014780558842106462
5 6 2 6 -1  1
5015165852007875089
5 3 4 3 -1  1
5015211309216165406
5 2 4 2 -1  1
5015358343736230388
5 2 4 2 -1  1
5015423972555356941
7 4 7 6 -1  1
5015722595373925623
1 1 2 2 -1  1
5015769199985592403
0 4 4 4 -1  2
5015783013644255158
0 4 3 4 -1  1
5015916857380067167
5 6 4 6 -1  1
5015970801092423539
5 0 3 1 -1  1
5015973914906829416
7 0 7 3 -1  1
5016048221873129700
4 4 3 2 -1  1
5016103231011173062
4 3 3 1 -1  1
5016161965951471460
5 6 6 4 -1  1
5016307782737830192
7 0 3 4 -1  2
5016371758214399526
7 3 7 2 -1  1
5016533506886809308
3 4 3 7 -1  1
5016552264098222918
2 5 1 6 -1  1
5016573973675161806
6 3 7 5 -1  1
5016787924714770731
6 0 5 0 -1  1
5016988496579750871
7 3 7 2 -1  1
5017008674757179018
7 6 7 7 -1  1
5017248661482907727
6 4 5 6 -1  1
5017377727938923365
5 5 4 5 -1  1
5017649111660253067
5 2 4 4 -1  1
5017822408294286907
7 3 6 3 -1  1
5017993815113900698
6 6 1 6 -1  1
5018260860374003799
6 2 4 2 -1  1
5018453863110585169
6 2 4 2 -1  1
5018513084715599312
7 6 5 7 -1  1
5018762140377370680
5 2 4 2 -1  1
5018807600737548971
6 3 6 4 -1  2
5018811476212988034
5 4 4 3 -1  1
5019007037905902499
1 3 5 3 -1  1
5019025255729280206
3 7 2 7 -1  1
5019183683058551164
7 0 5 0 -1  1
5019185759347777656
6 0 5 0 -1  1
5019284549115401661
7 5 6 6 -1  1
5019311900188154463
5 5 3 3 -1  1
5019335018872736070
6 0 6 3 -1  1
5019374341888404509
1 0 2 0 -1  1
5019453933956900164
6 1 4 1 -1  1
5019468560288635623
7 5 6 4 -1  1
5019560654183509890
1 0 2 0 -1  1
5019815027200903154
6 4 4 4 -1  1
5019847112156925215
1 1 2 1 -1  1
5019868798745666337
6 0 5 2 -1  1
5019958703501361810
4 4 3 4 -1  1
5020058533423700185
4 6 3 6 -1  1
5020507138654802779
6 7 5 7 -1  1
5020554716609250520
2 2 1 4 -1  1
5020644709015947515
6 6 4 6 -1  1
5020852213280901753
6 6 5 7 -1  2
5021019557004956027
5 3 6 5 -1  1
5021060488294495185
5 5 4 4 -1  1
5021117552796841520
2 4 0 6 -1  1
5021680873748289920
7 2 4 5 -1  1
5022043045140417567
3 6 3 7 -1  1
5022340421211751544
5 5 4 3 -1  1
5022478409919599705
4 5 6 7 -1  1
5022574443057825216
5 7 4 7 -1  1
5022622510481848254
6 3 5 3 -1  1
5022654384985255296
1 2 0 2 -1  1
5022714370915425623
7 3 7 5 -1  1
5022758135473355016
7 6 6 6 -1  1
5023733314869851826
5 5 6 4 -1  1
5023771186740354210
5 3 3 1 -1  1
5023806310204971344
5 4 4 3 -1  1
5023926945115100114
7 3 6 4 -1  1
5024019749233385696
5 7 4 7 -1  1
5024080230808140559
6 6 7 5 -1  1
5024106025916628760
4 1 3 0 -1  1
5024294790281303085
7 5 6 6 -1  1
5024380049931664965
6 6 5 6 -1  1
5024523053701385247
5 5 5 3 -1  1
5024783391667553827
6 1 4 1 -1  1
5024833942300852218
7 0 4 3 -1  1
5024835384063110222
7 6 5 5 -1  1
5024945559073248511
4 1 3 1 -1  1
5025034322992860127
4 5 5 4 -1  1
5025174824592470987
0 6 3 3 -1  1
5025325413652880948
5 5 4 4 -1  1
5025509822107900272
6 6 5 6 -1  1
5025709317993328479
6 2 4 0 -1  3
5025769547615178610
7 2 7 3 -1  1
5026018382501534580
3 2 1 1 -1  1
5026079453070537886
6 3 4 2 -1  1
5026092898047292223
7 3 6 2 -1  1
5026208745347394466
4 4 2 6 -1  1
5026446117297344685
5 5 2 2 -1  1
5026588853265321601
5 5 4 4 -1  1
5026770875761753258
4 6 3 6 -1  1
5026784885090164915
7 4 7 6 -1  1
5026879347100641377
1 4 1 7 -1  1
5026902692546886832
6 3 5 4 -1  1
5026942802594266025
6 2 6 7 -1  1
5026993827886495831
5 5 4 6 -1  1
5027023008613002940
7 5 7 4 -1  1
5027129312815307481
7 3 5 1 -1  2
5027238886880511099
6 2 4 2 -1  1
5027324645884241993
6 4 5 5 -1  1
5027372927195353442
3 6 5 5 -1  1
5027469068234150820
4 1 3 1 -1  1
5027902862942704862
5 3 4 4 -1  1
5028128927666541080
7 5 7 2 -1  1
5028215390864639001
4 2 5 3 -1  1
5028218487341150689
3 2 5 1 -1  1
5028241550326711870
7 3 6 2 -1  1
5028484828393470268
4 4 3 3 -1  1
5028630404611307699
7 1 7 2 -1  1
5028721546268156950
7 1 5 0 -1  1
5028894290319949123
4 6 3 6 -1  1
5028934496194864998
0 5 3 5 -1  1
5028999942476656790
7 0 5 1 -1  1
5029126896705102034
6 1 4 1 -1  1
5029168892378109536
7 2 5 2 -1  1
5029370458462156625
5 5 5 1 -1  1
5029647695945724546
7 2 7 4 -1  1
5029840502362856931
7 7 6 7 -1  1
5029972139474608155
7 2 7 0 -1  1
5030053816461172168
2 6 1 5 -1  1
5030258132915042880
4 5 3 4 -1  1
5030322114925728940
7 3 6 4 -1  1
5030367096239592069
6 0 4 0 -1  1
5030466225187185522
6 3 6 4 -1  1
5030498770937791297
7 6 7 7 -1  1
5030544920816449147
6 6 7 5 -1  1
5030568916904352581
4 5 3 5 -1  1
5030653452309906826
6 6 5 6 -1  1
5030790294652497879
3 1 5 3 -1  1
5031048130425413197
7 5 7 2 -1  1
5031053314088943594
6 5 7 4 -1  1
5031324389065280848
7 6 7 7 -1  1
5031339289500777403
6 7 5 7 -1  1
5031408583239658998
5 1 5 0 -1  1
5031850484202091728
5 4 3 3 -1  1
5032131557611880267
7 5 6 6 -1  6
5032306662499503546
7 5 4 2 -1  1
5032360108047639940
6 2 6 4 -1  1
5032536156208341651
7 6 1 6 -1  1
5033142566667375130
3 6 2 5 -1  1
5033207298110344389
7 5 7 3 -1  1
5033459691855577803
4 3 3 3 -1  1
5033463004667400394
7 1 5 3 -1  1
5033584476457309529
7 6 7 7 -1  1
5033648784864809107
7 4 7 5 -1  1
5033743865851474790
5 6 6 4 -1  2
5033780668693708896
7 6 6 7 -1  1
5034001272766325878
6 1 4 1 -1  1
5034182466364192255
5 5 4 6 -1  1
5034356383764572528
7 5 6 6 -1  1
5034721275124990007
5 5 6 6 -1  1
5034902922205804422
6 0 6 3 -1  1
5034913595554924296
6 7 5 7 -1  1
5034963319292245746
7 0 7 1 -1  1
5034980814421349335
6 1 5 1 -1  1
5035011442490037275
5 0 4 0 -1  1
5035071885650610289
7 4 7 5 -1  1
5035161983739564495
7 1 6 3 -1  1
7 5 7 3 -1  1
5035486517602595381
3 3 4 4 -1  1
5035593143202634267
6 7 5 6 -1  2
5035732952247366848
5 7 4 6 -1  1
5035755130261135738
4 4 1 1 -1  1
5036218481968133528
7 5 6 6 -1  3
5036343083497728604
6 6 4 6 -1  1
5036405403067830765
7 6 6 7 -1  1
5036425284892160270
7 2 4 5 -1  1
5036448907738649167
6 5 6 4 -1  1
5036458882743171356
3 3 5 1 -1  1
5036463080497431509
5 5 3 3 -1  1
5036589112086693226
5 1 7 3 -1  1
5036641809918346345
5 3 6 4 -1  1
5036667632740905762
7 3 7 4 -1  1
5036734708048005608
7 3 7 6 -1  1
5036843135563410969
2 7 3 5 -1  1
5036978891306900640
5 5 4 4 -1  1
5037043246519935136
6 4 7 5 -1  1
5037126664350372318
4 2 3 2 -1  1
5037170270652748771
1 0 2 1 -1  1
5037294651407642937
6 4 7 3 -1  1
5037384282924063113
6 3 7 5 -1  1
5037427594445550790
7 4 7 6 -1  1
5037468148413599448
4 6 3 5 -1  1
5037710616442281155
6 5 5 4 -1  1
5037961204691444082
6 7 5 6 -1  1
5037984558219243466
5 2 3 3 -1  1
5038138132325115009
7 2 3 6 -1  1
5038251492218690377
4 3 3 2 -1  1
5038539855073631161
7 6 7 7 -1  1
5038641086820634559
5 0 4 0 -1  1
5038682207624481796
0 5 1 5 -1  1
5038759503605101185
2 2 1 2 -1  1
5039054388035674433
4 5 4 4 -1  2
5039076786490663924
7 7 3 7 -1  1
5039087730019590804
7 2 3 6 -1  1
5039220438324003151
7 4 5 3 -1  1
5039285528302518778
4 5 3 6 -1  1
5039340121077712033
7 2 4 2 -1  1
5039454832340822879
2 7 5 7 -1  1
5039476019178790731
4 1 3 1 -1  1
5039541862128575237
5 2 4 4 -1  1
5039640941171739582
6 4 5 5 -1  1
5039644204155919022
3 3 3 6 -1  1
5039814455521783560
7 6 6 6 -1  1
5039862063226651906
4 0 3 2 -1  1
5040155627578513524
3 1 3 0 -1  1
5040214993830170014
6 2 6 1 -1  1
5040289291534179706
7 5 6 4 -1  1
5040458151924353239
5 4 1 4 -1  1
5040644428804934224
6 6 5 5 -1  1
5040683891414881986
3 5 2 4 -1  1
5040874664312730334
6 5 5 5 -1  1
5040925992863472044
5 1 4 1 -1  1
5041049346293201141
5 4 4 2 -1  1
5041051291069569626
6 5 4 5 -1  1
5041290009938309365
4 4 3 3 -1  1
5041303601343949035
7 6 6 7 -1  1
5041355977510938455
7 6 6 6 -1  3
5041413481491263971
0 5 4 5 -1  1
5041535959216936482
4 3 1 6 -1  1
5041708751372292621
2 7 6 3 -1  1
5041821336885686156
7 5 6 6 -1  1
5042048030234409175
6 5 3 5 -1  1
5042063908413108353
2 7 2 6 -1  1
5042076798424289764
6 6 4 6 -1  1
5042260338431857054
5 6 4 5 -1  1
5042273521658056683
4 6 4 4 -1  1
5042292811599289452
7 1 6 0 -1  1
5042297669601859623
7 1 5 2 -1  1
5042314288188587495
6 6 6 7 -1  1
5042695971403556763
6 6 5 6 -1  1
5042792907222729556
6 1 3 4 -1  1
5042847324379503375
4 0 3 0 -1  1
5042962251178235724
7 6 6 5 -1  1
5042971688988874629
3 3 4 2 -1  1
5043036000468855643
3 4 2 3 -1  1
5043066342072798981
6 2 5 1 -1  1
5043117074043362979
4 7 2 7 -1  1
5043439997851625726
5 2 3 2 -1  1
5043613845555088231
7 1 6 3 -1  1
5043673540956447840
4 4 3 3 -1  1
5043851039126444620
2 3 1 2 -1  1
5043999600786490168
2 5 1 5 -1  1
5044206271374708818
7 5 6 4 -1  1
5044216181337535296
3 7 2 7 -1  1
5044228321652035472
5 2 7 3 -1  1
5044609928764192858
5 5 4 5 -1  1
5044783227360173752
3 0 2 0 -1  1
5044941083899981206
5 0 5 5 -1  1
5044987060006349249
5 5 4 3 -1  1
5044991627970688155
3 3 1 2 -1  1
5045043997763150181
4 2 3 1 -1  1
5045126537982262160
6 0 4 0 -1  1
5045421573749070725
4 5 3 5 -1  1
5045487239533206768
4 4 0 4 -1  1
5045579926767743271
7 3 1 3 -1  1
5045718189333522693
4 4 3 5 -1  1
5045959811893687112
6 1 5 2 -1  1
5045975508192972930
7 6 6 6 -1  1
5046029849217980112
6 7 6 6 -1  1
5046086198091893236
7 6 7 7 -1  1
5046108608598977975
7 1 6 1 -1  1
5046258359783101508
7 6 6 5 -1  1
5046442696085757886
5 4 3 6 -1  1
5046557502904348672
6 2 7 1 -1  1
5046580535248034039
5 1 3 3 -1  2
5046666664761927584
6 3 5 5 -1  2
5046743976983618104
5 4 4 3 -1  1
5046892227732102954
3 7 2 7 -1  1
5046963736036678524
6 1 5 2 -1  1
5046964523615724011
7 4 6 5 -1  1
5047088099120217547
7 3 2 3 -1  1
5047223590692820366
4 4 3 2 -1  1
5047265100709193014
7 1 6 1 -1  1
5047452436525480905
5 5 4 3 -1  1
5047565444468057484
7 0 7 1 -1  1
5047587990923290494
6 6 5 6 -1  1
5047727045795903660
6 4 4 3 -1  1
5047888700439465915
7 5 7 4 -1  1
5047946265326869711
7 3 5 1 -1  1
5048037894821476496
7 5 5 6 -1  1
5048059110348037651
6 5 5 6 -1  1
5048124118232498943
6 1 4 1 -1  1
5048134460973562999
6 5 6 6 -1  1
5048225359579097571
7 2 6 1 -1  1
5048317140859316839
7 2 5 3 -1  1
5048502394517459138
6 6 4 6 -1  1
5048536125676120334
6 5 6 7 -1  2
5048560109747138102
2 3 1 3 -1  1
5048661248202772911
5 5 3 4 -1  1
5048701777861819151
4 5 3 6 -1  1
5048724636371526648
4 2 5 4 -1  1
5049427606860743783
6 7 5 7 -1  1
5049460399073776975
7 5 7 4 -1  1
5049568153848088189
5 3 4 4 -1  1
5049607227214035442
6 2 5 2 -1  1
5049643181157070413
5 4 4 5 -1  1
5049739399817969065
4 5 5 6 -1  1
5049774590842164035
7 6 7 7 -1  1
5049827629048024513
6 2 4 2 -1  1
5050087217526046245
5 3 4 5 -1  1
5050241442486638072
6 4 3 4 -1  1
5050258345983712725
7 2 6 3 -1  1
5050322614081269519
6 1 6 2 -1  1
5050331640441143682
3 3 2 4 -1  1
5050386322858272001
7 1 5 2 -1  1
5050411345333315253
4 4 4 1 -1  1
5050428384061929729
3 5 5 5 -1  1
5050451317778449040
7 6 7 2 -1  1
5050539725474709483
7 5 6 4 -1  1
5050585989234242681
4 2 3 3 -1  1
5050642335435868457
0 0 0 3 -1  1
5050748270872021662
3 7 2 5 -1  1
5050815710136412996
7 6 6 5 -1  1
5050883010978325366
3 1 4 3 -1  1
5051247754536674046
3 6 4 7 -1  1
5051562814328848679
7 3 6 3 -1  2
5051570310665644696
6 5 5 4 -1  1
5052073815225259631
0 5 0 2 -1  1
5052263554069682202
3 5 2 5 -1  1
5052283835270945162
5 5 7 3 -1  1
5052292264068012297
4 0 3 1 -1  1
5052363750017450554
5 3 3 2 -1  1
5052475044959529100
7 6 6 6 -1  2
5052559360289774143
6 5 4 5 -1  1
5052592923433580387
3 4 6 4 -1  1
5052609823806527229
7 2 7 4 -1  1
5052734180232161332
4 5 5 6 -1  1
5052767755135585314
6 2 6 1 -1  1
5052928957319948906
6 3 4 2 -1  1
5053020443328845602
5 6 4 6 -1  1
5053253284986629812
4 2 5 1 -1  1
5053489265512212807
3 5 1 5 -1  1
5053724224984399406
3 1 2 0 -1  1
5054276076824297639
7 3 6 3 -1  1
5054280824689676612
6 1 4 1 -1  1
5054934713964642869
6 6 5 6 -1  1
5055236070291350779
2 5 2 4 -1  1
5055274980457899152
7 1 5 2 -1  1
5055630887017583960
5 5 4 4 -1  1
5055632169254484351
7 4 7 2 -1  1
5055695033362340579
6 3 6 2 -1  1
5055700415661672268
7 5 6 4 -1  1
5055729079397149462
7 3 6 4 -1  1
5055765481851506029
6 4 6 3 -1  1
5055906010895260002
3 4 4 5 -1  1
5055926075216631528
4 3 3 3 -1  1
5056094718292975854
5 0 6 1 -1  2
5056098615049631987
6 6 7 7 -1  1
5056140702523632929
3 1 2 1 -1  1
5056154116965738603
3 2 3 0 -1  1
5056218741408449853
1 0 1 1 -1  1
5056527363980676828
2 6 3 5 -1  1
5056575232076047819
6 3 4 1 -1  1
5056734899740407129
1 3 3 3 -1  1
5056917691613377314
5 6 4 6 -1  1
5057021369542398016
4 0 3 0 -1  1
5057044416660692721
3 1 6 4 -1  1
5057485687512817654
5 6 4 6 -1  1
5057586111032928071
5 3 5 2 -1  1
5057598282280011651
1 1 5 1 -1  1
5057638161004694074
3 4 2 2 -1  1
5058136211592157676
4 0 1 3 -1  1
5058140224176725986
5 2 3 3 -1  1
5058161729469982411
7 4 7 6 -1  1
5058478999445910501
5 7 4 7 -1  1
5058632411130558335
0 1 1 1 -1  1
5058696417979983695
0 6 0 1 -1  1
5058726750737776111
5 3 4 4 -1  1
5058731228285454035
6 3 4 2 -1  1
5058808961469148154
7 6 6 5 -1  1
5058929614666925039
7 2 6 3 -1  1
5058951485191273160
5 1 7 3 -1  1
5059504655198003080
5 0 0 5 -1  1
5059508626927504844
4 0 3 0 -1  1
5059670832268658701
4 4 3 5 -1  1
5059697997080669417
6 2 4 2 -1  1
5059775126390193665
6 2 4 2 -1  1
5059938209714088512
6 6 2 2 -1  1
5059955226634484596
7 2 6 3 -1  1
5060142337593452875
3 1 7 1 -1  1
5060191360902701909
6 7 4 7 -1  1
5060200593409456008
6 2 5 3 -1  1
5060304340854204715
3 7 1 7 -1  1
5060386002662825732
6 6 5 6 -1  1
5060408454415899063
4 6 3 6 -1  1
5060638632942073376
3 6 3 3 -1  1
5060762058968631652
7 7 7 5 -1  1
5060808321078925542
5 1 4 2 -1  1
5061035709148284191
7 0 6 0 -1  1
5061176704031755792
7 5 6 6 -1  1
5061316598916059019
7 3 5 1 -1  1
5061353316564143499
7 5 6 6 -1  1
5061422563413753672
7 3 5 5 -1  3
5061718438577079483
7 4 7 6 -1  1
5061741631356616365
2 7 5 7 -1  1
5061760969335291445
6 4 4 4 -1  1
5062013267609577843
7 1 5 2 -1  2
5062318344385789457
5 2 4 2 -1  1
5062571588954437771
1 6 1 5 -1  1
5062704171888262757
6 4 5 5 -1  1
5062899617109298829
7 1 5 0 -1  1
7 1 6 3 -1  2
5062950981625065756
3 0 3 5 -1  1
5063184723808433335
7 2 0 2 -1  1
5063397487336297033
5 2 5 5 -1  1
5063617877432978344
4 5 3 4 -1  1
5063675233366074976
4 0 7 3 -1  1
5063776058624772932
5 3 4 3 -1  1
7 5 6 4 -1  1
5063804071315044122
7 1 5 0 -1  3
5064390531771742779
6 4 4 4 -1  2
5064418310007384593
6 3 5 4 -1  1
5064496537509899088
4 3 4 0 -1  1
5064557318924151282
3 4 5 3 -1  2
5064567047316501112
7 5 7 3 -1  1
5064619870703711454
7 0 7 2 -1  1
5064926131606711822
7 3 6 4 -1  1
5064943629520140180
3 5 1 3 -1  1
5064962967392292456
7 5 7 4 -1  1
5064973416225074569
2 6 1 5 -1  1
5065063967863764864
7 1 6 3 -1  2
5065286502976400993
7 0 7 1 -1  1
5065318270388469404
7 5 7 4 -1  2
5065761610814108441
7 3 6 2 -1  1
5065809171431111107
7 4 7 6 -1  1
5065894454948848302
6 6 4 6 -1  1
5065984801359096596
3 3 1 1 -1  1
5066166236868410578
6 7 5 6 -1  1
5066189225965526827
5 5 4 4 -1  1
5066271042354360239
5 5 3 3 -1  1
5066459871683867071
3 3 2 3 -1  1
5066554146053207872
6 5 4 6 -1  1
5066604947882651031
4 5 5 3 -1  2
5066709909980999525
6 3 7 1 -1  1
5066745395854411695
6 6 5 7 -1  1
5066787313309163751
7 0 7 1 -1  1
5066805455614505831
7 4 2 4 -1  1
5067165637822302984
4 4 5 3 -1  1
5067526851306499019
7 6 7 5 -1  2
5067589068482073677
6 2 5 2 -1  1
5067703155981676300
1 0 5 0 -1  1
5067813091527839054
5 7 6 6 -1  1
5068040024983056701
6 4 5 5 -1  1
5068079158537794830
3 5 3 6 -1  1
5068082840658984734
4 4 3 4 -1  1
5068191984370310657
3 1 2 1 -1  1
5068223614465100363
0 3 0 2 -1  2
5068266349243240287
5 2 4 2 -1  1
5068328908560347759
3 3 2 2 -1  1
5068391768332694976
7 2 6 3 -1  1
5068437189550476384
6 2 6 4 -1  1
5068441894550561337
4 0 3 0 -1  1
5068504366115256486
4 1 3 1 -1  1
5068579300880276881
7 1 6 3 -1  1
5068664708783605460
7 6 7 7 -1  1
5068693709619241395
3 1 3 6 -1  1
5068735225809735106
6 1 4 1 -1  1
5068803612229037603
0 1 0 2 -1  1
5069002159856821641
3 3 3 4 -1  1
5069052619921710556
2 0 3 2 -1  1
5069152288736446612
7 4 6 2 -1  1
5069170460452833985
4 7 3 7 -1  1
5069522656042475491
7 0 7 3 -1  1
5069635736385289156
6 3 4 4 -1  1
5069652727634258689
2 4 0 5 -1  1
5070009468101423814
3 5 5 4 -1  1
5070216582932952598
6 0 5 0 -1  1
6 2 4 2 -1  7
7 5 5 3 -1  7
5070248200930623035
6 5 6 3 -1  3
5070278039940029227
3 5 2 4 -1  1
5070377802109362470
7 5 7 4 -1  1
5070446263334016460
4 3 3 4 -1  1
5070483899976309550
4 2 0 2 -1  1
5070536188502980378
3 1 3 4 -1  1
5070601775272420750
7 2 7 3 -1  1
5070676662764021936
3 3 5 2 -1  1
5070684726628841267
6 2 7 2 -1  1
5070989467354005820
7 3 3 3 -1  1
5070992431554691707
6 1 5 1 -1  1
5070996880986164236
2 3 3 5 -1  1
5071035878523119749
5 3 4 3 -1  1
5071067815132900441
4 2 5 3 -1  1
5071079118693081279
5 3 5 5 -1  1
5071197176616006657
3 6 0 6 -1  1
5071650515521729310
7 7 7 3 -1  1
5071686128784697188
5 1 3 0 -1  1
5071697167743180931
4 4 4 2 -1  1
5071735259368412569
6 3 7 2 -1  1
5072046931137545947
5 6 4 5 -1  4
5072129947942044591
6 5 5 5 -1  1
5072217210584777524
4 5 4 7 -1  1
5072502673095597272
2 1 5 4 -1  1
5072648524666106995
6 3 7 4 -1  1
5072947931653622967
3 6 2 5 -1  1
5073113681895010643
7 1 6 3 -1  1
5073159080191803369
6 7 5 7 -1  1
5073169247101135133
7 4 6 4 -1  1
5073181447354056670
7 2 4 5 -1  1
5073267949038447641
7 6 5 5 -1  2
5073295938423563527
4 2 2 3 -1  1
5073595723045569647
7 0 7 1 -1  1
5073680741170459554
5 3 3 4 -1  1
5073778296953330647
7 2 7 1 -1  1
5073922643528187875
7 4 7 6 -1  2
5074113830630065894
7 2 7 5 -1  1
5074154270265976658
6 5 7 6 -1  1
5074299941323238567
7 4 7 0 -1  1
5074582169729515255
4 0 3 0 -1  1
5074687322947536280
7 3 5 1 -1  1
7 3 7 1 -1  1
5074742564671552236
7 0 7 2 -1  1
5074771044941855608
3 4 1 4 -1  1
5074798138796441866
7 5 6 4 -1  1
5074992289085684399
1 0 1 1 -1  1
5075894912297541542
7 4 7 3 -1  1
5076162099034396040
7 5 4 2 -1  1
5076181171780630707
4 2 3 1 -1  1
5076490312936022248
7 0 7 3 -1  1
5076539123123200559
5 2 6 0 -1  1
5076607023328540750
1 3 0 3 -1  1
5076657424557251153
6 0 7 1 -1  1
5076755452769930357
6 5 5 5 -1  1
5077242656791778089
2 6 4 5 -1  1
5077346359569584304
5 4 2 4 -1  1
5077446011392133216
5 4 4 4 -1  1
5077533539838170559
6 4 4 4 -1  1
5077604880344866065
4 7 5 6 -1  1
5077747946462436695
2 0 3 1 -1  1
5077867529676439349
3 3 5 4 -1  3
5078202216190640133
7 3 5 1 -1  1
5078302104626808859
7 5 5 3 -1  1
5078313957064562470
3 5 5 6 -1  1
5078632682920895600
4 5 4 4 -1  1
5078809212883414434
6 0 5 0 -1  1
5078874330332568513
2 2 1 2 -1  1
5078892117148264808
5 5 6 5 -1  1
5078991977599761519
6 1 5 1 -1  1
5079040785653757554
2 1 2 0 -1  1
5079131522662383322
3 1 2 2 -1  5
5079201536669331420
7 2 6 1 -1  1
5079382948255210101
3 6 6 6 -1  1
5079424026523586815
7 0 5 0 -1  1
5079509403392073086
5 3 3 2 -1  1
5079598042656108432
5 5 3 4 -1  1
5079623451403267718
6 3 4 5 -1  1
5080292280871127886
5 0 1 4 -1  1
5080306004851116445
5 2 4 4 -1  1
5080621406271454677
6 3 6 4 -1  1
5080790518068624450
3 0 5 2 -1  1
5081073526530166417
6 4 4 2 -1  2
5081122627866398881
5 6 3 7 -1  2
5081128210230641738
4 2 5 1 -1  1
5081221065983550891
7 4 7 3 -1  1
5081340905857784550
7 0 6 0 -1  1
5081620760391104848
6 0 5 0 -1  1
5081638815424915361
5 3 3 2 -1  1
5081641303844473507
6 2 4 4 -1  1
5081664488414960919
6 6 5 5 -1  1
5082028786314445641
7 3 5 5 -1  1
5082103600217026640
7 0 7 1 -1  2
5082157379578577886
7 5 3 1 -1  1
5082184846443223378
6 2 6 4 -1  1
5082238020567460672
5 0 3 1 -1  1
5082736832902540073
3 4 4 2 -1  1
5082762157669065745
3 1 1 2 -1  1
5082844949705979564
1 5 6 5 -1  1
5083144789913035612
4 1 3 1 -1  1
5083258172168116876
5 4 4 4 -1  1
5083518092820470450
6 6 5 6 -1  1
5083790303178734262
5 3 4 2 -1  1
5084123575128478120
6 6 4 6 -1  1
5084265322231167680
4 4 3 3 -1  1
5084284336226738091
6 1 7 2 -1  3
5084386661579902884
6 3 4 2 -1  1
5084552147144906139
6 0 4 0 -1  1
5084704673595860959
5 2 4 2 -1  1
5084981148922920137
7 6 7 7 -1  1
5085063888559455344
7 4 5 4 -1  2
5085212062231257686
3 3 4 5 -1  1
5085220930948881686
1 3 1 5 -1  1
5085295662784624529
5 6 4 5 -1  1
5085463816933522040
5 5 5 6 -1  1
5085476888471658547
7 5 0 5 -1  1
5085479403124504031
2 3 2 7 -1  3
5085802643008339440
3 1 4 3 -1  1
5085902674199575357
7 3 7 2 -1  1
5085913629268472657
4 2 3 3 -1  1
5085991355752271341
5 5 6 3 -1  1
5086118574652093283
6 6 7 6 -1  1
5086235382702504387
7 3 5 5 -1  1
5086244850552305637
4 3 3 3 -1  2
5086367720997044428
5 1 6 2 -1  1
5086437756174791267
6 3 5 3 -1  1
5086968686850893038
6 5 6 6 -1  1
5087139528555552964
7 2 7 5 -1  1
5087406716489146063
1 1 2 2 -1  1
5087505463355563034
5 4 5 2 -1  1
5087919299814263910
7 3 1 3 -1  1
5087977343069288160
3 6 2 6 -1  1
5088001060046376631
5 2 4 3 -1  1
5088039042558589147
5 0 4 1 -1  1
5088145706751920739
3 1 6 4 -1  1
5088200312831585528
7 1 6 2 -1  1
5088333564270216820
4 3 3 4 -1  1
5088357768655432247
6 2 6 1 -1  1
5088647251846689547
7 5 6 6 -1  1
5088682189318989079
7 7 6 7 -1  1
5088838085893666990
4 6 3 7 -1  1
5088867325909265224
6 7 5 7 -1  1
5089426919129529744
7 0 7 7 -1  1
5089492830742515194
7 6 5 5 -1  2
5089516642487863513
7 5 2 5 -1  1
5089680746738948870
4 5 3 4 -1  1
5089717847357303541
6 5 5 6 -1  1
5089812426577535596
6 2 3 5 -1  1
5089894776240184688
6 5 7 6 -1  1
5089934865075441047
7 4 7 3 -1  1
5090144957996920102
5 5 3 4 -1  1
5090251464371002328
5 3 6 4 -1  1
5090324412539873426
7 4 6 4 -1  1
5090537519398416448
6 4 5 3 -1  1
5090617975597572176
5 0 5 1 -1  1
5090849409061279865
6 4 4 2 -1  1
5091016089552689422
7 5 7 4 -1  1
5091068986941299293
7 6 7 0 -1  1
5091309088499551673
5 7 4 7 -1  1
5091650253284802308
7 5 6 4 -1  1
5091833535117105502
7 2 0 2 -1  1
5091861199056569611
6 3 5 2 -1  1
5091959980713114147
5 1 4 3 -1  1
5092035231087855167
7 0 7 4 -1  3
5092484462210787958
4 5 3 4 -1  1
5092719347103051054
5 5 7 4 -1  1
5092972789730571905
4 7 3 7 -1  1
5093028242073923774
7 4 5 4 -1  1
5093097688243214926
3 3 2 4 -1  1
5093494852877462510
7 7 7 6 -1  1
5093624125068610661
7 5 7 4 -1  1
5093650403968685779
6 2 5 2 -1  1
5093748552190233820
6 1 5 1 -1  1
5093884492927194131
6 3 5 3 -1  1
5094071420162060574
7 0 7 4 -1  1
5094274020170598509
0 0 1 1 -1  1
5094279628367838672
6 5 4 5 -1  1
5094373925722513650
7 2 2 2 -1  1
5094430208845576254
6 0 5 0 -1  2
5094670365482496119
5 3 6 4 -1  1
5094696663396341142
7 1 5 2 -1  1
5094814753003492974
4 3 4 1 -1  1
5094973923383650958
7 7 0 7 -1  1
5095137401550618341
5 5 3 6 -1  1
5095448807887955029
6 7 5 7 -1  1
5095533100864168284
2 1 3 0 -1  1
5095617626709887781
7 5 6 6 -1  1
5095650649432713642
7 5 7 2 -1  1
5095652548383377960
7 2 5 4 -1  1
5095674814384876759
7 2 3 6 -1  1
5095690718409988507
7 5 7 4 -1  1
5095780723371703159
7 5 5 3 -1  1
5095805385770965975
7 5 7 2 -1  1
5095926051598197482
7 1 6 3 -1  1
5096002259317090258
0 7 0 6 -1  1
5096042499789662061
7 5 7 3 -1  3
5096045794257046027
6 1 4 1 -1  1
5096319042127360452
7 1 6 3 -1  1
5096429518339920894
5 7 4 7 -1  1
5096885633604290689
5 6 4 4 -1  1
5097006798451270697
5 4 4 4 -1  1
5097020172860097868
7 5 6 6 -1  2
5097438860254402336
6 7 6 6 -1  1
5097723591171758814
5 1 6 1 -1  2
5097798263592591520
5 7 3 5 -1  1
5098038603975888971
7 1 5 2 -1  1
5098076798997028456
4 5 6 7 -1  1
5098130331787013089
0 1 0 0 -1  1
5098470087737139653
5 4 4 3 -1  1
5098747149154392346
7 4 1 4 -1  1
5098997864463099125
4 0 3 0 -1  1
5099088339232210093
4 5 3 6 -1  1
5099172106477032207
5 4 4 5 -1  1
5099274461053399208
5 3 4 2 -1  3
5099311893727880788
6 2 5 3 -1  1
5099391135348396333
4 5 3 4 -1  1
5099577850495411760
7 6 5 7 -1  1
5099650801981209144
5 1 1 1 -1  1
5100623208099168375
3 1 6 1 -1  1
5100813992355015760
7 5 7 4 -1  1
5100914600240837750
5 2 4 3 -1  1
5101154612462990021
5 5 4 5 -1  1
5101241825887441715
5 3 5 6 -1  1
5101738431387637577
3 1 2 2 -1  1
5101806944019999424
3 2 3 3 -1  1
5101999325958587330
6 5 4 5 -1  1
5102130570952971151
5 2 6 4 -1  1
5102148516633023139
5 2 4 1 -1  1
5102423906640622582
5 5 4 4 -1  1
5102554280041338049
7 4 7 6 -1  1
5102601780342276534
7 5 4 2 -1  1
5102739859434662459
6 3 6 4 -1  1
5102917238128150917
7 2 6 3 -1  1
5103010755895371949
6 7 5 7 -1  1
5103038360036301454
7 0 4 0 -1  1
5103101410936588631
7 0 2 0 -1  1
5103197736362034389
2 4 3 6 -1  1
5103321004400765689
4 3 2 2 -1  1
5103606703284990681
7 4 6 4 -1  2
5103649396042537628
7 5 5 7 -1  1
5103717418435014353
7 1 7 0 -1  1
5104185944828248155
5 3 4 3 -1  1
7 5 6 4 -1  1
5104205666504568180
6 6 7 6 -1  1
5104322291070187181
6 3 5 1 -1  1
5104400194421280727
7 2 5 2 -1  1
5104464421618832363
5 1 4 0 -1  1
5104712820531520285
6 6 5 5 -1  1
5104995980803727237
1 0 1 3 -1  1
5105092619545596565
6 3 5 2 -1  1
5105123367575611188
7 0 5 0 -1  1
5105437510081897854
4 3 2 4 -1  1
5105649759338002784
5 2 4 4 -1  1
5105767224930065405
7 0 7 4 -1  1
5105847574165901619
6 3 5 5 -1  1
5105917005278134380
7 0 7 3 -1  1
5105951338351075726
7 3 5 3 -1  1
5106268980618078496
7 1 6 3 -1  1
5106823704705721020
6 5 5 5 -1  1
5106872798655986838
7 5 7 3 -1  1
5106985460830340962
4 0 3 1 -1  1
5106992236105169530
7 2 7 1 -1  1
5107059067563991330
6 0 5 0 -1  1
5107271450442486170
5 1 6 2 -1  1
5107327837816492653
6 1 4 1 -1  1
5107561404738794624
2 3 3 1 -1  1
5107575272811461626
7 5 6 6 -1  1
5107703455216007009
7 4 7 5 -1  1
5107706876012614822
5 3 1 7 -1  1
5107766018817833833
5 4 1 0 -1  1
5107960728803942847
5 4 7 3 -1  1
5108147377560588542
6 3 6 0 -1  1
5108169250586492732
5 4 4 5 -1  1
5108175619894470644
6 1 4 2 -1  1
5108207167279332718
6 5 5 5 -1  1
5108288024815137491
7 1 7 7 -1  1
5108301574101472007
7 5 7 1 -1  1
5108334457088373148
3 2 2 3 -1  1
5108420859554150180
4 7 3 6 -1  1
5108613864315908327
7 5 7 4 -1  1
5108973828853847308
6 1 4 1 -1  1
5109106500092031607
4 5 2 6 -1  1
5109350726158831265
5 7 5 4 -1  1
5109446702035971526
7 5 7 3 -1  1
5109499124988397864
7 1 6 3 -1  1
5109562969298403771
7 4 7 3 -1  1
5109687890273246559
3 4 4 4 -1  1
5109743115764215400
4 7 3 7 -1  1
5109840230988140283
2 6 3 7 -1  1
5109896390561387525
5 4 1 0 -1  1
5110009569929649712
7 5 7 4 -1  1
5110080475099761046
5 1 5 3 -1  1
5110296955746184358
5 2 4 2 -1  1
5110323511593254649
1 2 0 2 -1  1
5110359851034034220
6 6 5 6 -1  1
5110474876434823877
2 1 1 0 -1  1
5110484414648590653
6 0 5 0 -1  1
5110841483301550432
5 5 4 5 -1  1
5110926736999659281
6 3 5 4 -1  1
5111020719058381755
6 5 5 5 -1  1
5111131968218209045
5 2 3 3 -1  1
5111289817473740374
6 7 5 7 -1  2
5111454342089408419
7 6 6 6 -1  1
5111460158828462006
7 7 0 7 -1  1
5111514358021131524
5 5 4 3 -1  1
5111680944411747931
5 4 4 4 -1  1
5111844064998206281
5 4 5 6 -1  1
5112282948170152143
6 2 6 3 -1  1
5112514269679114667
7 1 5 3 -1  1
5112551599099005237
1 2 1 1 -1  1
5112613183607191214
3 7 2 5 -1  1
5112691924185134929
6 7 5 7 -1  1
5112699662987615983
6 3 5 3 -1  1
7 6 5 5 -1  1
5112775064739563780
5 4 4 3 -1  1
5113127945910754836
7 5 7 4 -1  1
5113372076315264397
7 4 4 4 -1  1
5113430243361196756
6 5 3 2 -1  1
5113487555727781432
7 4 4 4 -1  1
5113652488270231902
3 1 2 2 -1  2
5113710180733765561
7 3 4 3 -1  1
5113788463795168923
5 1 7 2 -1  3
5113820133020074939
6 4 6 3 -1  1
5113855023602380563
1 5 2 3 -1  1
5113970837462966922
5 3 4 5 -1  1
5114023718632878600
6 0 4 0 -1  1
5114139388021712833
7 4 3 4 -1  1
5114145692115740214
7 6 6 5 -1  1
5114174431007068853
4 6 3 6 -1  1
5114462993044855081
6 4 5 3 -1  1
5114563205813163212
7 5 6 5 -1  1
5114851861164020261
3 2 3 4 -1  1
5114984653342736868
6 4 4 4 -1  1
5115118783681591476
6 5 5 6 -1  1
5115118821747043196
7 1 6 3 -1  1
5115126069762555018
6 0 3 3 -1  1
5115162507355744779
3 6 5 5 -1  1
5115260177281595836
6 3 5 2 -1  3
5115422324122862605
5 3 5 4 -1  1
5115509853262983644
5 5 5 4 -1  1
5115511605184279916
7 3 0 3 -1  1
5115639059349996075
7 0 5 0 -1  1
5115933557675807133
4 5 3 4 -1  1
5116164477624672817
7 3 5 5 -1  1
5116255798751933618
5 1 4 3 -1  1
5116282210189092480
7 7 7 6 -1  2
5116290451832297544
1 6 0 5 -1  1
5116385291198975823
6 3 5 4 -1  1
5116388934534511087
5 5 3 4 -1  1
7 2 6 1 -1  5
5116745266235178663
7 3 5 1 -1  1
5116981269668648899
5 6 4 5 -1  1
5117018441891264977
5 2 6 3 -1  1
5117101068290506892
7 6 7 1 -1  1
5117186032861654725
7 5 4 5 -1  1
5117473338506136946
4 0 4 3 -1  1
5117515000355743066
7 0 7 7 -1  1
5117574575104394075
4 5 3 4 -1  1
5117715539688276508
3 0 2 1 -1  1
5117734539862368111
6 7 5 7 -1  1
5118032846757512146
5 5 6 6 -1  1
5118254564546975075
7 2 3 6 -1  1
5118408349544655093
5 5 3 6 -1  1
5118435285976883130
0 4 2 4 -1  1
5118497004258498167
0 1 3 4 -1  1
5118513364893322203
7 5 7 4 -1  1
5118650424708940918
7 0 7 2 -1  1
5118651550194707829
6 5 5 4 -1  1
5118783497191864186
5 7 4 7 -1  1
5118948695063869145
6 4 7 4 -1  1
5119044131304213370
4 3 3 2 -1  3
5119245676118962077
7 6 6 7 -1  2
5119348898481438887
6 3 4 4 -1  1
5119442630513607884
4 2 2 0 -1  1
5119491229760612759
5 1 4 2 -1  1
5119659052295126284
7 6 6 7 -1  1
5119833514613368192
3 3 2 5 -1  1
5119903014404352904
6 3 2 3 -1  1
5120043062764865103
6 6 4 6 -1  1
5120206671541507722
7 7 7 3 -1  1
5120799225409770652
6 1 5 0 -1  1
5120933069036555880
5 3 7 5 -1  1
5120954639210392436
5 0 4 0 -1  1
5121107018457031103
6 4 7 5 -1  5
5121124478489711342
1 3 1 1 -1  1
5121295502349566013
4 4 6 3 -1  1
5121380243919843117
2 4 1 4 -1  1
5121586886250731957
5 5 4 7 -1  1
5121695974639946871
7 6 7 7 -1  1
5121892256685880765
5 3 3 2 -1  1
5122124753281445183
7 4 5 4 -1  1
5122448732103170186
4 2 6 4 -1  1
5122529375231145774
7 3 5 3 -1  1
5122862309660423584
5 6 3 6 -1  1
5123086917399654837
7 0 7 2 -1  1
5123116308592420647
2 5 3 5 -1  1
5123123655881218482
5 1 4 2 -1  1
5123229515755701926
6 5 7 5 -1  1
5123231896724462818
7 4 7 6 -1  1
5123615187905443458
0 4 0 5 -1  1
5123717566435905947
3 6 3 3 -1  1
5123865933415171628
4 1 3 0 -1  1
5123885141799872337
2 1 1 2 -1  1
5123909405949865822
4 6 3 4 -1  2
5124146978629302253
6 5 4 5 -1  1
5124351550531532217
7 5 1 5 -1  1
5124828216443955036
7 4 7 6 -1  6
5124879954092099876
4 6 4 1 -1  1
5124974506115613269
4 2 3 2 -1  1
5125053131063107425
4 6 6 5 -1  1
5125093961518076143
7 2 6 3 -1  1
5125123516984670592
5 5 3 3 -1  1
5125132988731734273
4 2 5 1 -1  1
5125150639842194436
7 5 5 5 -1  1
5125291380830701963
6 6 2 2 -1  1
5125352888683343279
4 7 3 7 -1  1
5125423295776570314
7 1 5 2 -1  1
5125647182694319935
4 5 3 4 -1  1
5125652779906749020
6 0 6 1 -1  1
5125733323140713454
7 0 7 2 -1  1
5125925429401957288
6 3 5 1 -1  1
5126704648498061891
7 2 3 6 -1  1
5126979120290341765
7 4 7 5 -1  1
5127118885278399985
4 4 4 5 -1  2
5127119824885401687
7 1 6 2 -1  1
5127473535664758475
5 4 4 3 -1  1
5127519077325744912
7 2 5 4 -1  1
5127777941872187142
7 4 5 5 -1  1
5128294171369909869
4 2 3 3 -1  1
5128346593314587611
7 5 7 4 -1  1
5128396827574307913
7 2 4 2 -1  1
5128399653941782312
7 3 7 5 -1  1
5128588814188815973
7 5 7 3 -1  1
5128598089035126512
7 5 7 4 -1  1
5128792342939328377
5 5 4 5 -1  2
5129070392057697084
5 6 0 1 -1  1
5129464548527536911
7 2 5 4 -1  1
5129528141396465426
4 3 3 4 -1  1
5129625131705516251
7 3 7 0 -1  1
5129663880728200477
3 1 2 1 -1  1
5129678419773812443
5 2 4 0 -1  1
5130119166001268082
4 4 3 3 -1  1
5130211437199553520
7 3 5 3 -1  1
5130271604549158731
6 0 7 0 -1  1
5130412022404134687
7 3 7 0 -1  1
5130487387855089519
5 3 4 3 -1  1
5130568771434131286
4 1 3 1 -1  1
5130741109651856328
4 6 3 6 -1  1
5130800871133835887
7 2 6 1 -1  1
5130971323120828316
5 1 6 2 -1  1
5131113699350728074
2 3 4 4 -1  1
5131199947104883810
5 4 4 4 -1  1
5131305036022415666
7 0 7 3 -1  1
5131384604512051888
4 2 2 3 -1  1
5131587071772048221
1 0 2 0 -1  2
5131630067933191009
5 2 4 2 -1  1
5131773945051693221
7 3 7 2 -1  1
5132025139140378599
2 4 4 2 -1  1
5132733338383205403
7 3 7 1 -1  1
5132762364462459198
4 4 3 3 -1  1
5132790186418789765
7 3 3 3 -1  1
5132914185753726712
3 0 4 1 -1  1
5133092138518751160
7 6 7 7 -1  1
5133146813277278161
5 4 6 3 -1  2
5133211249924348250
4 4 3 4 -1  1
5133246605527653732
2 1 2 2 -1  1
5133522881938507155
5 7 4 7 -1  1
5133542309353872774
4 4 3 3 -1  1
5133603723111171840
5 4 3 6 -1  3
5133663167742734873
7 7 7 3 -1  1
5133820075350009081
6 1 4 1 -1  1
5133849496131573925
5 5 7 6 -1  1
5133905037210423641
5 4 5 5 -1  1
5133911550318378010
5 2 5 1 -1  1
5133953979471284161
5 4 4 2 -1  1
5133987054172929434
6 2 7 3 -1  1
5134411845175927488
1 4 2 4 -1  1
5134634879193220286
3 6 5 4 -1  1
5134664439704372619
6 1 4 3 -1  1
5134773585027533251
7 6 5 5 -1  1
5134852598130249515
0 4 3 1 -1  1
5134992805778987837
5 5 6 3 -1  1
5135051122173606920
5 6 4 6 -1  1
5135297019578991659
1 2 5 6 -1  1
5135933102453493338
3 6 2 6 -1  2
5135994124993084613
6 3 4 4 -1  1
5136010590073392790
4 3 2 1 -1  1
5136058938857705191
5 6 4 5 -1  1
5136198587072412118
5 4 6 3 -1  1
5136249494905728029
4 3 3 4 -1  1
5136295638773991978
5 2 3 1 -1  1
5136520335483766644
3 1 2 2 -1  1
5136645001708593964
5 2 6 0 -1  1
5136645738097862130
6 6 5 5 -1  1
5136696298310272961
7 1 6 3 -1  1
5136742516008294692
7 1 5 2 -1  2
5136934483304790279
5 0 4 1 -1  1
5137193024231731469
5 2 3 2 -1  1
5137200571600779755
6 3 4 2 -1  1
5137260041477279828
4 5 3 4 -1  1
5137567262086875071
4 1 4 3 -1  1
5137725074233359097
7 5 6 5 -1  1
5138323287531293808
7 5 6 7 -1  1
5138340105390572143
6 1 4 3 -1  1
5138489133477228204
4 0 2 1 -1  1
