6353539101235619786
6 6 5 5 -1  2
6353552156526034223
4 0 3 0 -1  1
6353672291984085061
5 4 4 3 -1  1
6353807097359843237
5 3 6 3 -1  1
6353861501646251483
1 0 1 3 -1  1
6354000423228957172
7 7 6 7 -1  1
6354152140105305796
4 0 3 1 -1  1
6354156251673504603
4 3 4 0 -1  1
6354416787451730480
7 1 6 3 -1  1
6354456633027168397
4 2 6 4 -1  1
6354596184861749871
5 6 4 6 -1  1
6355025242317703289
2 1 4 2 -1  1
6355032731140348814
6 3 6 5 -1  1
6355247910302762202
7 1 7 5 -1  1
6355415894320238296
6 3 4 5 -1  1
6355521128105882287
2 0 1 0 -1  1
6355534715091945264
6 4 5 6 -1  1
6355876314989255235
3 3 1 2 -1  1
6355978841717593083
7 5 6 6 -1  1
6356274982787689694
1 0 3 0 -1  1
6356507145857718899
4 1 3 1 -1  1
6356617879528694672
6 2 5 2 -1  1
6356670008967008805
6 3 6 2 -1  1
6356733357661002738
7 5 7 4 -1  1
6356816545535371947
6 3 5 1 -1  1
6356840662703225236
4 3 3 4 -1  1
6356951060310701880
4 5 3 6 -1  3
6356978627608284568
3 6 2 7 -1  1
6357025757747064881
1 5 2 6 -1  1
6357042571898619364
3 4 2 4 -1  1
6357058902788801324
4 7 4 6 -1  3
6358039827714385047
5 3 7 1 -1  1
6358050737130524508
2 5 2 2 -1  1
6358268676685744514
4 4 5 5 -1  1
6358490935077577245
4 7 3 7 -1  1
6358507444672235938
4 1 3 0 -1  1
6358526892298375520
4 5 3 5 -1  1
6358650998138398781
2 0 3 0 -1  1
6358934546528261063
7 6 7 1 -1  1
6358987601510646813
7 5 5 3 -1  1
6359076172836431018
5 6 4 6 -1  1
6359125961715001399
6 1 5 1 -1  1
6359243394750266629
5 5 4 7 -1  1
6359270989515157419
7 1 4 1 -1  1
6359716871788499576
6 7 7 7 -1  1
6359798649036476185
5 6 5 5 -1  1
6359861825626889196
6 4 4 5 -1  1
6360147457372292895
7 0 6 0 -1  1
6360313899865560909
7 5 7 3 -1  1
6360837815679704684
5 0 4 2 -1  1
6361056133946733901
5 5 6 7 -1  1
6361110902921495565
6 3 5 5 -1  1
6361121565060114567
4 7 3 7 -1  1
6361188796018853600
6 2 4 2 -1  1
6361193093526409271
7 5 6 4 -1  1
6361319933868293847
5 5 4 5 -1  1
6361539617660030756
6 0 4 0 -1  2
6 0 5 0 -1  1
6361593119831865583
5 2 4 4 -1  1
6361761773992744287
7 6 7 5 -1  1
6361814433752940914
0 3 3 0 -1  1
6361906093079996067
7 0 7 2 -1  1
6361916430669541147
6 4 4 4 -1  1
6362132975249571172
5 2 5 6 -1  1
6362186562507283419
5 1 4 2 -1  1
6362229230813038671
5 0 4 0 -1  1
6362251606059952657
0 1 1 1 -1  1
6362492830828423790
4 6 3 5 -1  1
6362606327489421485
6 6 4 6 -1  1
6362676899195019943
7 0 7 2 -1  1
6362884350091921224
5 2 7 1 -1  1
6362998245939084573
3 6 5 5 -1  1
6363165757913327785
5 3 4 3 -1  1
6363343085074013548
2 2 1 1 -1  1
6363378983444278840
4 2 3 1 -1  1
6363390860875177925
6 1 4 1 -1  1
6363579029368509833
7 0 7 4 -1  1
6363616651068095077
6 3 4 2 -1  1
6363698270966380562
7 1 5 2 -1  1
6363785727560317747
6 0 2 0 -1  1
6363853872463641003
5 5 4 4 -1  1
6363891801291393592
7 6 6 6 -1  1
6363964821498105669
5 0 4 1 -1  1
6364021679294811140
5 4 4 4 -1  1
6364029110855860649
5 4 3 3 -1  1
6364388611799714713
3 4 2 4 -1  1
6364448256987378739
6 5 5 5 -1  1
6364482750576618647
7 1 2 1 -1  1
6364498202644768826
6 4 6 3 -1  1
6364510752602909307
4 2 3 3 -1  1
6364536530227015052
6 3 5 3 -1  1
6364611415609853121
7 6 7 7 -1  1
6364726474668352391
6 5 4 5 -1  1
6364891647513274617
4 0 3 0 -1  1
6365273226535573109
6 5 6 6 -1  1
6365391294689256524
4 2 5 3 -1  1
6365460526974666589
5 7 4 6 -1  1
6365483742946343413
4 0 5 2 -1  1
6365685955240423179
7 4 7 5 -1  2
6365727432642449745
7 2 7 3 -1  2
6365961673667262095
5 5 7 4 -1  1
6366156306084517907
6 2 5 3 -1  1
6366458516939655998
5 2 4 1 -1  1
6366626757348182452
4 2 6 4 -1  1
6366817135428361781
3 7 2 6 -1  1
6367201651015345245
7 4 7 6 -1  1
6367275829023960078
7 0 7 4 -1  1
6367334278644091615
7 0 7 3 -1  1
6367772313137549637
7 7 7 6 -1  1
6367988122677631773
5 3 3 4 -1  1
6368294968381087749
6 5 4 5 -1  1
6368327331360506178
4 2 3 2 -1  1
6368546469307382484
5 7 4 6 -1  1
6368622553884087519
7 6 5 7 -1  1
6368768777576274500
4 3 3 4 -1  1
6369037400280170087
6 4 7 5 -1  1
6369583035606568113
5 2 7 4 -1  1
6369616259340253618
7 4 7 0 -1  1
6369666789513655590
4 0 3 1 -1  1
6369828212398177288
5 5 3 4 -1  1
6369848195328245788
7 0 3 0 -1  1
6369895066289311688
6 3 7 2 -1  1
6369903175739497082
7 1 6 3 -1  1
6370148704994725450
5 0 1 4 -1  1
6370393720204792829
1 5 1 3 -1  1
6370461410768651303
3 0 5 1 -1  1
6370465414260354808
7 0 5 0 -1  2
6370753236963006907
6 6 5 6 -1  1
6370840433129397333
4 1 3 1 -1  1
6370859929087962149
7 6 7 5 -1  1
6370936833353852375
5 4 4 4 -1  1
6371078250588481306
7 1 5 2 -1  6
6371173213046824756
6 6 5 6 -1  1
6371191569458475688
6 1 5 1 -1  1
6371208419191824934
3 6 4 4 -1  1
6371225091898286017
4 2 4 3 -1  1
6371344602444877333
7 1 5 2 -1  1
6371539574256196271
7 2 3 6 -1  1
6371598261832557078
7 5 5 5 -1  1
6371673445000380858
5 5 4 7 -1  1
6371775782531336106
6 4 5 4 -1  1
6371787790771909881
3 2 3 1 -1  1
6371808062829751741
6 2 4 4 -1  1
6371889305379481697
4 1 3 2 -1  1
6371934019743973908
5 5 7 4 -1  1
6371986232384361706
6 3 4 5 -1  1
6372030115703540748
7 7 7 3 -1  1
6372364738110142790
3 7 2 7 -1  1
6372629018850120936
7 4 4 4 -1  1
6372648181800928406
2 1 1 2 -1  1
6372657443196040895
6 7 4 7 -1  1
6372671293707231939
7 3 7 2 -1  1
6372826537602482403
1 0 2 1 -1  1
6373013608561579426
0 0 5 0 -1  1
6373039517422494056
6 3 4 3 -1  4
6373103107007688180
6 2 5 2 -1  1
6373250123039508969
7 3 7 2 -1  1
6373336046796270847
5 7 4 6 -1  1
6373400328527201538
7 5 7 1 -1  1
6373404681801270655
4 2 3 3 -1  1
6373544664917082229
4 4 6 3 -1  1
6373753465995662892
7 0 7 3 -1  1
6373856367074717766
1 3 0 3 -1  1
6373897091756539725
5 2 3 3 -1  1
6374400115929310874
3 2 2 3 -1  1
6374456618339796395
7 6 6 7 -1  1
6374779907543951128
6 6 7 5 -1  1
6375003314248587467
3 4 1 3 -1  1
6375035128940454716
6 6 4 6 -1  1
6375140548456963542
6 7 5 7 -1  1
6375175462804393658
6 1 5 1 -1  1
6 2 4 2 -1  5
6 3 4 3 -1  12
7 4 7 6 -1  22
6375461315222168918
5 4 1 0 -1  1
6375538148589254026
5 1 2 4 -1  2
6375684418646482874
5 0 6 1 -1  1
6375745383356380019
7 4 7 7 -1  1
6375992048543435549
4 3 3 2 -1  1
6375997126879426571
3 2 2 1 -1  1
6376212919767578829
6 4 6 5 -1  1
6376240602802401671
6 4 5 3 -1  1
6376324031477858077
7 3 6 4 -1  1
6376438942672516077
6 4 4 3 -1  1
6376588045031056557
7 6 6 4 -1  1
6376607736742881820
7 4 7 6 -1  1
6376731784516782782
6 1 7 2 -1  1
6376886591106937292
3 0 3 2 -1  1
6376961345595854644
7 2 6 1 -1  1
6377015705614125214
6 4 7 5 -1  2
6377102687084980973
4 4 4 1 -1  1
6377257530384929411
7 6 6 6 -1  1
6377272748341792835
7 3 6 3 -1  2
6377280702451245197
1 2 0 3 -1  1
6377590804384562090
3 6 4 4 -1  1
6378342829939249286
3 1 4 0 -1  1
6378361212546827310
6 6 5 5 -1  1
6378460926067781479
4 1 4 2 -1  1
6378472624440010311
1 0 0 0 -1  1
6378656165407226858
6 1 2 5 -1  1
6379011221912285569
5 3 4 4 -1  1
6379180221586090535
7 1 6 3 -1  1
6379486467285723811
7 4 7 6 -1  1
6379607288068795112
5 2 6 2 -1  1
6379688871220203810
7 6 5 4 -1  3
6379904841886981182
4 3 2 2 -1  1
6380028574784408064
5 0 4 0 -1  1
6380227936568991517
4 2 2 3 -1  1
6380684973700251795
6 5 6 6 -1  1
6381014110504698927
7 1 1 1 -1  1
6381025998775539200
5 2 3 4 -1  1
6381171965685393101
4 3 3 2 -1  2
6381298056023991057
6 1 3 1 -1  1
6381435010649779647
6 5 5 5 -1  1
6381595252632458191
3 6 2 6 -1  1
6381668338426762354
7 1 5 2 -1  1
6381917296125009866
6 3 2 3 -1  1
6381947255026092911
7 4 7 6 -1  1
6381965232239195261
6 4 6 5 -1  1
6382010982351441549
5 0 4 1 -1  1
6382139778057895946
5 7 4 6 -1  1
6382252404129811716
6 7 5 6 -1  1
6382270452401205194
7 3 7 2 -1  1
6382367078904231626
4 3 6 1 -1  1
6382449920201014232
7 4 7 6 -1  1
6382469490541589225
7 5 4 2 -1  1
6382474859357561277
6 4 5 4 -1  1
6382488724827952252
5 1 5 3 -1  1
6382494348144812313
5 0 4 1 -1  1
6382649009713210135
6 1 3 4 -1  1
6382708799036468742
3 0 1 0 -1  1
6382730250291936027
1 4 2 6 -1  1
6382738131638089337
6 3 4 1 -1  1
6382772073599492081
5 2 4 3 -1  1
6382807242901283343
4 7 5 7 -1  1
6383009942914469834
4 4 3 3 -1  2
6383030882868834812
6 1 5 1 -1  1
6383166969540304441
5 6 4 6 -1  1
6383287311534362835
5 6 4 6 -1  1
6383310211313271349
3 3 5 1 -1  1
6383319383052102163
5 3 5 4 -1  1
6383761170203464953
6 6 5 6 -1  1
6383879729648532121
6 2 5 2 -1  3
6383988381371226833
5 2 5 5 -1  1
6384016771285857893
4 0 3 2 -1  1
6384045144822859218
7 6 6 5 -1  1
6384048933266053745
6 4 5 5 -1  1
6384077177579506590
5 5 6 7 -1  1
6384206064336933273
7 0 7 1 -1  1
6384480615240694817
7 7 6 7 -1  1
6384671474347425461
4 1 2 0 -1  1
6384707775325405968
6 4 5 4 -1  1
6384863649251997624
5 5 4 3 -1  1
6384954857764587503
7 1 6 3 -1  1
6384997462489284833
6 3 4 4 -1  1
6385275123037560034
6 0 4 0 -1  1
6385443897172239871
1 3 1 6 -1  1
6385473538455662858
5 3 5 5 -1  1
6385659810991160590
4 4 3 5 -1  1
6385765435573915818
1 2 1 0 -1  1
6386012814805474443
6 6 5 6 -1  1
6386106789310424880
6 1 4 3 -1  1
6386354317896492890
7 4 0 4 -1  1
6386377150720470327
6 2 5 2 -1  1
6386379818566764372
7 4 7 6 -1  1
6386633175710105627
4 3 3 3 -1  1
6386670065417070447
5 4 2 4 -1  2
6386685628622208900
7 4 4 4 -1  1
6386747128575362717
3 7 5 5 -1  1
6386811725723861157
1 3 0 2 -1  1
6387197610079317490
7 4 7 2 -1  1
6387434087868864522
1 0 7 0 -1  1
6387598994010193127
7 2 6 4 -1  1
6387720387071520471
7 6 7 5 -1  1
6387941172259002893
6 6 6 5 -1  1
6388004876595859770
6 3 7 4 -1  1
6388070362599548108
5 0 6 2 -1  1
6388215590188314414
6 1 5 0 -1  1
6388255838206619176
7 3 6 2 -1  1
6388365032839815331
5 4 3 2 -1  1
6388529837938919051
4 5 4 0 -1  1
6388741087349284883
7 3 4 0 -1  1
6388760872129386447
5 4 4 4 -1  1
6388890699683368994
2 1 1 1 -1  1
6389112561636034108
3 3 4 2 -1  1
6389159387171255425
6 2 5 2 -1  1
6389283610954767135
4 7 3 6 -1  1
6389429589480104096
4 3 3 3 -1  2
6389448851674833304
4 1 2 3 -1  1
6389472846420963472
5 5 6 4 -1  1
6389480423309412911
4 1 3 1 -1  1
6389601369346035951
7 5 7 4 -1  1
6389633152920808411
7 6 7 7 -1  1
6389707384622092074
5 2 5 3 -1  1
6389913645989566705
4 5 5 3 -1  1
6389923271835056705
6 6 7 5 -1  1
6389969843882583690
4 7 5 7 -1  1
6389988260298853406
7 6 5 6 -1  1
6390083914843798672
6 7 4 7 -1  1
6390189093470901938
6 4 6 1 -1  2
6390242019666061975
6 1 5 1 -1  1
6390323756081165300
7 6 7 7 -1  1
6390349285069583950
5 5 3 4 -1  1
6390403697768820602
7 3 4 0 -1  1
6390471842817709761
3 0 0 0 -1  1
6390492651130344486
4 2 3 0 -1  1
6390628477650743006
7 1 5 1 -1  1
6390798821408684829
7 4 7 6 -1  1
6390874009959795868
5 5 4 3 -1  1
6390889584438304784
5 0 4 1 -1  1
6390995860459063501
5 0 4 1 -1  1
6391206465630729721
5 2 4 3 -1  1
6391346908027427640
4 0 2 0 -1  1
6391486929292717405
6 4 4 4 -1  1
6391616331117895095
4 4 3 6 -1  1
6391743243669921606
7 5 7 4 -1  1
6391760941609261703
5 0 6 2 -1  1
6391923768353818757
7 5 7 4 -1  1
6392047324120494736
4 0 5 1 -1  1
6392056481550829075
7 5 7 2 -1  1
6392060929941488483
5 1 6 3 -1  1
6392089970619537318
3 5 1 7 -1  1
6392177498671428033
5 7 4 7 -1  1
6392182154623531837
1 0 7 0 -1  1
6392215095275141757
6 6 4 6 -1  1
6392483054401944061
6 5 4 4 -1  1
6392610823673591493
6 3 5 2 -1  1
6393068735708104585
6 5 6 6 -1  1
6393261306547070275
5 1 5 2 -1  1
6393494583281431921
7 3 7 1 -1  1
6393578104171998052
5 0 6 1 -1  1
6393744590700041623
6 6 5 6 -1  1
6393768999772113062
6 3 5 5 -1  1
6393872175572421360
5 6 6 5 -1  1
6393886318952273713
3 2 1 4 -1  4
6393957593529862718
4 1 3 1 -1  1
6394001430430018309
4 2 3 2 -1  2
6394066887275120751
1 2 1 3 -1  1
6394123356281222276
7 1 6 3 -1  2
6394223005662425732
7 0 2 0 -1  1
6394226679096319844
5 2 6 4 -1  1
6394227247261089893
3 2 2 1 -1  1
6394246218025488356
6 3 4 5 -1  1
6394264682139174391
4 6 3 6 -1  1
6394458791384034907
5 6 5 5 -1  1
6394620246814731639
5 2 4 2 -1  1
6394628576925906129
6 3 7 2 -1  1
6394977690453479263
7 5 4 2 -1  1
6394995154163972141
6 1 5 2 -1  1
6396161914636252056
6 3 7 5 -1  1
6396241016627619554
1 7 1 4 -1  2
6396246558011056717
6 0 5 0 -1  1
7 1 6 3 -1  1
6396287808836571644
5 5 3 4 -1  1
6396290257579482776
5 4 5 3 -1  1
6396337717445473874
7 1 5 0 -1  1
6396411807522998218
7 3 0 3 -1  1
6396511581135131013
7 4 7 6 -1  2
6396723296297444885
0 4 0 5 -1  2
6396827640517498395
0 4 2 2 -1  1
6396841269434407485
5 5 3 6 -1  1
6396982598157413230
5 5 7 4 -1  1
6396985543772196737
7 4 0 4 -1  1
6397109483467351955
6 4 6 3 -1  1
6397199938407629510
3 4 1 3 -1  1
6397396022034822368
7 5 4 5 -1  1
6397403923859874047
6 1 7 1 -1  1
6397427584984911515
7 1 6 3 -1  1
6397681792051165665
4 3 3 3 -1  1
6397686220172691179
7 0 7 1 -1  1
6397847000722390759
7 3 7 2 -1  1
6397911214886669102
4 3 3 2 -1  1
6397990266212427512
5 2 5 0 -1  1
6398033767643154740
7 7 7 6 -1  1
6398037993980725702
5 7 4 6 -1  1
6398065467229062262
3 3 3 2 -1  1
6398201129381961151
6 6 5 6 -1  1
6398327098026047186
6 4 3 1 -1  2
6398416779338283166
6 3 6 4 -1  1
6398483553210285370
6 1 5 0 -1  1
6398502215332038388
7 6 6 6 -1  1
6398549735972145933
5 5 4 4 -1  1
6398741121601953004
5 0 4 2 -1  1
6398764006713887052
6 6 5 5 -1  1
6398859465531404370
7 3 7 2 -1  2
6399073476232665213
1 1 3 1 -1  1
6399079987101650283
4 3 2 2 -1  1
6399126289936304464
5 2 3 1 -1  1
6399135403391330539
4 4 5 2 -1  1
6399258440094207275
5 4 4 3 -1  1
6399328700688430880
5 1 6 1 -1  1
6399379975267913924
7 6 7 7 -1  1
6399561410973023400
7 4 7 5 -1  1
6399588681115140308
1 4 1 6 -1  1
6399900536954239028
6 5 4 3 -1  1
6400114385322531263
1 2 3 3 -1  1
6400332749153482187
7 1 5 0 -1  1
6400362520357781957
6 4 5 6 -1  1
6400512078292230301
5 5 3 4 -1  1
6400524089499442907
7 5 4 2 -1  1
6400530490620932463
5 5 4 3 -1  1
6400633479633069007
6 5 5 7 -1  1
6400732898812145433
7 6 6 4 -1  2
6400808286884989059
7 4 7 0 -1  1
6400991093036889209
4 5 6 3 -1  1
6401223977992685095
6 6 5 4 -1  1
6401283372863570909
4 0 3 2 -1  1
6401295836755139162
6 7 5 6 -1  1
6401396263184595071
7 3 5 3 -1  1
6401505511621563244
7 5 6 6 -1  1
6401648068862195376
4 4 5 4 -1  1
6401940520831779249
4 2 3 2 -1  1
6401993508994211378
7 2 7 1 -1  2
6402105712969164112
7 0 7 2 -1  1
6402323889924385788
7 2 3 2 -1  1
6402351992418610274
0 5 0 2 -1  1
6402372500128540255
4 4 2 5 -1  1
6402382627450467276
6 5 5 5 -1  1
6402449259196505869
6 5 4 5 -1  1
6402480296084468419
2 3 1 3 -1  1
6402494706630577751
7 5 7 4 -1  1
6402851795422186965
4 2 7 2 -1  1
6402941064376614431
5 2 7 3 -1  1
6403131700417774515
4 5 3 5 -1  1
6403159136891504439
7 5 7 2 -1  1
6403324926491437538
6 4 5 4 -1  1
6403325222911114715
7 5 6 4 -1  1
6403339764258094414
0 7 6 7 -1  1
6403513543599358666
7 3 6 3 -1  1
6403673316137741023
6 2 6 1 -1  1
6403757276938657421
7 5 7 0 -1  1
6403784005775540189
5 1 5 0 -1  1
6403949054002549340
7 6 6 4 -1  1
6404059922872206186
3 5 3 3 -1  1
6404190580225360666
3 0 2 2 -1  1
6404412355022402732
7 2 5 4 -1  1
6404544074870658388
5 6 3 5 -1  1
6404566867319652598
4 7 1 7 -1  1
6404685201202489368
4 2 3 4 -1  1
6404914335409814416
7 5 7 2 -1  1
6404934286955622493
5 2 3 3 -1  3
6404987252039955194
7 0 7 2 -1  1
6405831821349687120
4 3 3 4 -1  1
6405936315829053004
7 2 4 5 -1  1
6406066124505506541
5 2 4 2 -1  1
6406186524044558439
4 3 2 4 -1  1
6406239602517930245
5 3 6 4 -1  1
6406411998883654303
2 4 7 4 -1  1
6406900092587465735
7 2 3 6 -1  1
6406904991971346779
5 3 5 2 -1  1
6407084260458207062
6 3 4 2 -1  2
6407127251799734782
7 0 7 6 -1  1
6407309462355826394
6 4 4 3 -1  1
6407427404346316520
7 2 4 2 -1  1
6407450267814800868
3 1 2 1 -1  1
6407613829223110080
2 2 2 1 -1  1
6407760230676821226
3 2 3 3 -1  1
6407831545320597547
7 5 6 6 -1  1
6407891458461722506
3 4 2 4 -1  1
6408027960638656747
3 4 4 2 -1  1
6408041980039484627
5 1 6 2 -1  1
6408065684802969967
6 6 6 7 -1  1
6408170412518177830
2 6 6 2 -1  1
6408185473374248967
6 6 5 6 -1  1
6408253038182116736
7 3 7 4 -1  1
6408504854262409480
5 3 7 5 -1  1
6408518915511114918
3 1 3 4 -1  1
6408627684179268020
7 5 6 6 -1  1
6408647741086613705
6 2 7 2 -1  1
6408725190466133795
7 3 6 3 -1  1
6409000942185432412
4 7 6 6 -1  1
6409133025822026425
7 5 7 3 -1  1
6409137527547426864
5 5 5 4 -1  1
6409151746972132781
6 4 5 4 -1  1
6409257579592116099
7 3 7 2 -1  1
6409287339482521454
5 3 6 4 -1  1
6409416242929449724
7 7 7 3 -1  1
6409423027128114574
3 1 3 2 -1  1
6409910246523445602
5 4 4 5 -1  1
6410212233502482975
3 2 2 4 -1  1
6410496857644519994
6 5 4 5 -1  1
6410731761518511873
6 3 4 3 -1  2
6411036162090293545
7 1 5 1 -1  1
6411258150254899649
7 2 5 4 -1  1
6411273740445914744
1 0 5 0 -1  1
6411385027504942057
6 0 4 0 -1  1
6411457118674112655
6 1 1 1 -1  1
6411658606440141529
7 2 6 3 -1  1
6411687402626437295
6 5 5 5 -1  1
6411729968865878984
7 5 3 5 -1  2
6411813978801335765
0 1 0 6 -1  1
6411895031961043615
6 7 5 7 -1  1
6412192065810645360
6 6 3 3 -1  1
6412367747706567692
4 4 4 3 -1  1
6412401669592846762
7 6 5 6 -1  1
6412527447204042925
5 1 4 1 -1  1
6412538076705461887
3 6 2 5 -1  1
6412599219163261100
5 2 4 1 -1  1
6412915498712476915
5 2 2 5 -1  1
6413107359028375623
6 3 2 7 -1  1
6413188900527627132
7 5 6 4 -1  1
6413623262557816251
4 4 3 3 -1  1
6413728886663325958
7 0 7 2 -1  1
6413806134757313344
3 6 4 7 -1  1
6414085472265256927
5 1 6 0 -1  1
6414376578743895542
6 2 5 3 -1  1
6414384196003702256
6 3 5 1 -1  1
6414457912185023122
7 5 6 4 -1  1
6414461234487590033
4 3 3 4 -1  1
6414605380589309221
6 3 4 2 -1  1
6414684516713190446
5 5 3 4 -1  1
6414743224092855786
6 0 5 1 -1  1
6415079764805930412
4 4 5 4 -1  1
6415105935157588459
5 6 4 5 -1  1
6415264001805821138
6 4 4 6 -1  1
6415462370629315248
6 3 6 2 -1  1
6415552430974346130
4 4 3 3 -1  1
6415554356417783004
3 0 2 0 -1  1
6415557151013826949
7 6 5 5 -1  1
6415731148585868921
4 7 3 7 -1  1
6415939668404157383
7 6 7 5 -1  1
6415998080738179842
2 6 4 5 -1  1
6416093990704712463
3 7 2 7 -1  1
6416262297403217860
0 3 6 3 -1  1
6416379261311956479
3 6 2 4 -1  1
6416385429673753428
6 2 5 2 -1  1
6416458502282382231
3 2 1 3 -1  1
6416596359688495121
6 7 5 7 -1  1
6416612541016676135
6 0 4 0 -1  1
6 0 5 0 -1  1
6416792912386786957
7 2 7 3 -1  1
6416870775325331081
5 4 4 4 -1  1
6416881264565990765
4 6 3 5 -1  1
6416915453314974145
6 3 4 1 -1  1
6416971757602153437
4 3 3 2 -1  1
4 3 3 3 -1  1
6 2 4 2 -1  1
7 5 6 4 -1  1
6416978000190040748
6 4 6 5 -1  1
6417277640212871425
3 5 1 3 -1  1
6417352065909451542
4 2 3 2 -1  1
6417576539232674433
4 4 3 5 -1  1
6417642315739485205
4 3 2 2 -1  1
6417677431641006414
5 2 4 0 -1  1
6417691954285680163
2 0 3 0 -1  1
6417832819522024281
7 2 6 3 -1  1
6418130318707197086
5 4 5 5 -1  1
6418213876105276509
5 7 4 6 -1  1
6418405503434314911
2 2 0 4 -1  1
6418444394665274489
6 1 5 1 -1  1
6418477292871884749
4 0 3 0 -1  1
6418675943407448762
5 1 4 2 -1  1
6418705414956196633
6 4 2 0 -1  1
6418765262941068722
7 2 3 6 -1  1
6418787883292365233
2 5 1 5 -1  1
6418900727802551320
5 6 2 3 -1  1
6418912522469411913
4 3 3 3 -1  1
6418938754729319652
7 4 7 6 -1  1
6419018337358659476
1 5 1 6 -1  1
6419020054619499597
5 4 3 4 -1  1
6419067181529512480
5 3 4 4 -1  1
6419393571688800455
7 5 5 5 -1  1
6419585263186225974
7 2 0 2 -1  1
6419588145806988506
6 6 1 1 -1  1
6419947837124743420
7 0 7 3 -1  1
6420341546237368799
7 0 7 1 -1  1
6420530032761764653
6 2 7 2 -1  1
6420911384528363643
3 2 1 2 -1  1
6421054308033201292
1 1 0 3 -1  1
6421362061742862034
4 5 4 4 -1  1
6421365884462153018
6 6 4 4 -1  1
6421441217101920903
5 4 2 1 -1  1
6421544768970609318
6 6 7 6 -1  1
6421586460834442787
4 3 3 3 -1  1
6421702611692816380
6 2 7 0 -1  1
6422129104835312900
4 2 3 4 -1  1
6422135884516810830
4 3 5 5 -1  1
6422620606402440410
6 5 4 5 -1  1
6422801979735928917
5 6 4 4 -1  1
6422894997820672673
6 6 4 6 -1  1
6423422229496344401
5 5 4 6 -1  1
6423603799626581494
6 5 5 6 -1  1
6423826635287165598
7 1 5 0 -1  1
6424004804137867996
7 4 0 4 -1  1
6424079327712409105
7 0 7 3 -1  1
6424158105541015089
5 5 6 3 -1  1
6424320965330860390
4 5 5 4 -1  1
6424562719177458151
6 2 4 0 -1  1
6424601687636914444
4 5 4 3 -1  1
6424628661210613945
4 3 1 6 -1  1
6424858820885539013
3 6 1 5 -1  1
6425053176073244688
7 6 7 5 -1  1
6425108778309983912
6 4 4 5 -1  1
6425157853412734267
6 3 6 1 -1  1
6425178098034942800
2 0 1 1 -1  2
6425546600278263770
6 2 5 2 -1  1
6425765198862276480
1 1 5 5 -1  1
6425928185334079636
3 5 4 5 -1  1
6426119257246635597
7 5 5 5 -1  1
6426138582757168366
6 3 3 3 -1  1
6426341819817273661
7 4 6 4 -1  1
6426361626095659781
4 3 2 2 -1  1
6426361731990163747
5 2 4 3 -1  1
6426372454328857131
6 2 5 3 -1  2
6426448067078969280
4 5 3 6 -1  1
6426558885890145409
4 5 3 4 -1  1
6426581514336240427
1 0 0 0 -1  1
6426686175053136394
6 4 5 5 -1  1
6426734365375575453
4 5 3 5 -1  1
6426773285724066524
5 2 4 3 -1  1
6426775600524911449
7 0 7 2 -1  1
6426968601785924622
6 0 5 0 -1  1
6426984336085275433
4 0 3 1 -1  1
6427213873721466134
5 4 6 5 -1  1
6427271010516699037
6 3 5 3 -1  1
6427685738329900549
5 5 3 4 -1  1
6427737366396132674
7 1 5 2 -1  3
6427842588561359982
2 4 1 3 -1  1
6428023705682969387
4 7 3 6 -1  1
6428531708878385322
5 3 4 4 -1  1
6428533631743905524
5 0 4 0 -1  1
6428567402022441467
6 3 5 1 -1  1
6428625856125174061
7 4 7 5 -1  1
6428632801112496062
4 2 3 3 -1  1
6428830749356881217
7 3 0 3 -1  1
6428832925688415778
5 0 2 0 -1  1
6428956010079490837
7 5 1 5 -1  1
6428973573529146494
6 4 3 1 -1  1
6429239728456087683
4 2 3 0 -1  1
6429242066508618214
5 3 3 3 -1  1
6429582168579448736
7 4 7 3 -1  1
6429737185795693838
6 7 5 7 -1  1
6429951240086107546
6 4 5 6 -1  1
6430358488291713290
2 4 1 5 -1  1
6430418788981590659
6 3 5 4 -1  1
6430537106642911111
4 2 4 3 -1  1
6431085146997803727
6 5 5 7 -1  1
6431378099367482942
6 4 7 5 -1  1
6431414547806543930
4 5 3 4 -1  1
6431492708666298987
7 1 7 0 -1  1
6431554859311117137
5 5 6 3 -1  1
6431714802265798691
2 1 0 1 -1  1
6432057041480334086
4 7 3 6 -1  1
6432059273055689211
1 6 6 1 -1  1
6432322708298946951
7 4 7 3 -1  1
6432719006801350918
4 3 6 4 -1  1
6432755055017023024
3 4 5 3 -1  1
6433079679370033704
2 3 4 4 -1  1
6433155553615340799
5 1 1 1 -1  1
6433221938965866120
3 5 4 5 -1  1
6433528072461458528
5 2 4 3 -1  1
6433570223167701638
2 0 1 0 -1  2
6433606188008939328
4 1 3 1 -1  1
6433700982755256396
7 4 7 5 -1  1
6434387877939050695
7 1 6 3 -1  1
6434530822763792050
6 7 5 7 -1  1
6434698040325178733
5 2 5 6 -1  2
6434937825180996452
6 6 5 6 -1  1
6435496389407165858
6 7 5 7 -1  1
6435508725345476699
4 1 3 1 -1  1
6435660886679103329
5 5 4 4 -1  1
6435674835537532686
4 2 3 3 -1  1
6435822451015777547
3 6 5 5 -1  1
6436008411157232080
5 4 4 4 -1  1
6436589756051956602
6 6 5 6 -1  1
6436691585896084939
7 0 7 2 -1  1
6436914385358176183
3 6 4 7 -1  1
6436957411372426633
6 6 6 7 -1  1
6436987376018915498
6 2 1 2 -1  1
6437161567952341036
4 4 2 5 -1  1
6437166160254286458
6 5 5 5 -1  1
6437166822443763768
5 0 4 0 -1  1
6437458894571894511
5 2 6 4 -1  1
6437644015068319979
6 5 5 4 -1  1
6437685697868408522
6 4 7 3 -1  1
6437692057925066331
6 5 7 6 -1  1
6438348243191935140
6 0 0 0 -1  1
6438424213551356692
1 2 1 3 -1  1
6438436196928324331
7 2 3 2 -1  1
6438449906557206395
6 3 4 4 -1  1
6438524087259119596
6 0 4 0 -1  1
6438668630353947715
4 2 3 0 -1  1
6438735681530184095
3 5 2 4 -1  1
6438974000635804240
7 0 7 2 -1  1
6438983494950397649
3 1 5 0 -1  1
6439175502729601449
6 7 7 6 -1  1
6439252710337265226
7 2 6 3 -1  1
6439260712119790796
7 3 6 2 -1  2
6439337173561621732
2 2 1 2 -1  1
6439715916902502636
4 1 7 1 -1  1
6439814923991565031
5 2 7 3 -1  1
6439958910923735899
2 6 3 6 -1  1
6439986908063317755
3 1 2 2 -1  1
6440072250051782095
6 7 5 7 -1  1
6440432942099322335
5 1 6 1 -1  3
6440562560968013384
4 7 5 7 -1  1
6440690688268647150
5 1 7 3 -1  1
6440693697288133270
7 5 5 5 -1  1
6440754973111927965
5 7 4 7 -1  1
6441013052941112480
6 6 3 3 -1  2
6441060736703322473
6 2 5 4 -1  1
6441088772537166615
4 2 2 0 -1  1
6441202888456960916
3 7 2 7 -1  1
6441259409102914704
4 0 4 1 -1  1
6441383459886368499
7 0 7 5 -1  1
6441489737610298156
3 5 1 6 -1  1
6 0 5 0 -1  1
6441662130492560587
6 4 5 3 -1  2
6441781712987709341
4 3 3 4 -1  1
6442068476116586810
3 4 5 6 -1  1
6442170213822303718
5 6 6 4 -1  1
6442266502692335015
3 1 2 1 -1  1
6442373074030274191
5 5 5 4 -1  1
6442385281583143333
4 0 6 0 -1  1
6442444966395981028
4 3 5 4 -1  1
6442699550704044691
3 1 1 2 -1  1
6442789213287063813
4 4 5 5 -1  1
6442884576792151267
5 5 4 3 -1  1
6442913191456439661
7 3 7 4 -1  1
6442935468340707364
6 4 5 4 -1  1
6443081655782646089
0 4 0 5 -1  1
6443101503898085445
4 7 0 3 -1  1
6443140854858381422
6 5 5 5 -1  1
6443240591162168586
7 2 6 3 -1  1
6443276590181331989
0 1 0 4 -1  1
6443287159381136113
6 1 4 1 -1  1
6443317042458154434
4 2 3 3 -1  1
6443382914853693980
7 4 7 5 -1  1
6443412102446808834
7 5 5 6 -1  1
6443467261045409447
7 1 5 0 -1  1
6443546861359478556
4 1 2 3 -1  1
6443578039089174723
7 2 7 5 -1  1
6444237194128434230
1 2 2 3 -1  1
6444365846770678322
6 3 5 3 -1  1
6444396498452431166
6 4 5 6 -1  1
6444459994571353278
4 0 6 2 -1  1
6444503950561545209
5 5 3 4 -1  6
6444603590760841196
3 5 5 5 -1  1
6444822179879255058
6 0 4 0 -1  1
6444895691113122962
7 5 7 4 -1  1
6444989650670362477
7 3 7 4 -1  1
6445125490609675899
4 2 3 3 -1  1
6445138121962706124
7 5 6 4 -1  1
6445164872959213682
5 6 4 5 -1  1
6445309955268024283
6 4 5 4 -1  3
6445346360815721049
7 6 5 5 -1  2
6445599712286741563
4 2 2 3 -1  1
6445699655038304862
6 3 4 4 -1  1
6445781926054865191
7 4 7 2 -1  1
6445822750573547996
7 1 6 3 -1  2
6446183823045641805
7 4 5 2 -1  1
6446277620296417121
1 4 7 4 -1  1
6446334843172902987
4 7 3 6 -1  1
6446586319872572670
3 4 2 2 -1  2
6446620264383839879
4 2 3 3 -1  1
6446625833326005560
7 6 6 5 -1  1
6446707270965190756
5 3 4 3 -1  1
6446753470280713236
7 4 7 6 -1  1
6446788645438379203
5 3 4 3 -1  1
6446828063871408515
6 7 5 7 -1  1
6446972141872506031
2 5 3 4 -1  1
6447111099048720000
3 4 6 1 -1  1
6447155735670388821
3 3 2 5 -1  1
6447236124861596871
4 3 2 4 -1  1
6447392026807731846
7 6 6 6 -1  1
6447405742976177527
4 6 3 7 -1  1
6447807575373649351
7 4 7 7 -1  1
6447906566146616969
7 2 3 6 -1  1
6447998558445973883
4 0 3 0 -1  1
6448002278406613588
6 3 5 1 -1  1
6448252874876170148
7 6 7 7 -1  1
6448445667478100863
5 4 4 3 -1  2
6448627761057072229
4 3 0 3 -1  1
7 6 6 5 -1  1
6448692219280413799
7 5 7 6 -1  1
6448779019434852599
5 2 6 2 -1  1
6448799151224861940
7 3 6 2 -1  1
6448800383350877648
5 6 4 6 -1  1
6449090844480683301
1 5 0 5 -1  1
6449095594467104835
7 4 7 2 -1  1
6449462845555174973
6 4 7 3 -1  1
6449578932618376101
4 1 6 2 -1  2
6449673306644548690
5 3 4 3 -1  1
6449810584717339062
6 3 4 4 -1  1
6449890938072351340
5 4 4 2 -1  1
6449970678634334210
5 3 4 3 -1  1
6450170879821503389
6 3 4 3 -1  1
6450279267927961046
7 2 6 2 -1  1
6450580645582282577
3 3 5 4 -1  1
6451402287562778812
7 4 3 0 -1  1
6451621872999011101
7 3 7 5 -1  1
6451653677768328667
7 7 7 6 -1  1
6451787650528086600
5 3 2 6 -1  2
6451821019456402500
6 2 4 0 -1  1
6451828805397688435
6 4 5 5 -1  1
6451857831433148736
3 2 2 2 -1  1
6451998336908068332
7 2 6 2 -1  1
6452133881378576053
7 3 0 3 -1  1
6452167148989053229
5 6 5 3 -1  1
6452267836663337715
7 4 7 6 -1  1
6452380655725323881
6 6 7 5 -1  1
6452428952641094908
6 6 7 7 -1  1
6452535482516655963
5 2 3 1 -1  1
6452537649415278327
5 0 0 5 -1  1
6452567684801053160
2 2 3 1 -1  1
6452587856317144397
7 3 7 0 -1  1
6452627047555808601
5 1 4 0 -1  1
6452805300297047162
6 5 5 4 -1  1
6452857829119505239
5 6 3 5 -1  1
6453144066255379624
3 4 2 4 -1  1
6453683217373224718
4 2 4 3 -1  1
6453813587120322350
6 5 5 6 -1  1
6453899877073181776
7 5 5 4 -1  1
6453936121027537437
4 4 6 3 -1  1
6454015474570523924
4 4 3 4 -1  1
6454062064207797913
5 6 5 4 -1  1
6454167852782773306
6 4 3 1 -1  1
6454338915976218673
7 3 6 2 -1  1
6454438549282223374
7 1 6 0 -1  1
6454990211797217811
5 3 5 4 -1  1
6455083421893572890
4 3 3 2 -1  1
6455089824637242273
7 6 5 5 -1  1
6455185361080530257
7 4 7 3 -1  1
6455392738966798687
7 6 6 4 -1  1
6455420489323698447
0 0 0 3 -1  1
6455523591315650918
7 4 7 6 -1  1
6455589657246521017
7 5 6 4 -1  1
6455889037278437749
4 4 4 0 -1  1
6456229981380305278
7 5 4 2 -1  1
6456379448530020566
4 3 2 2 -1  1
6456489712298037835
5 7 0 2 -1  1
6456572105663670593
7 0 1 0 -1  1
6456610309388319507
3 1 1 2 -1  1
6457098738508564700
7 1 5 2 -1  1
6457117334648705495
7 3 6 2 -1  1
6457232278015116875
7 4 7 6 -1  1
6457369769642903431
6 5 6 6 -1  1
6457450407311720395
7 0 7 3 -1  1
6457461904306762144
7 0 7 2 -1  1
6457572355624993368
6 7 4 7 -1  1
6457609402912446775
0 0 0 5 -1  1
6457817738932046844
5 1 2 1 -1  1
6457863980264766695
5 2 6 4 -1  2
6457900082787794205
7 6 5 5 -1  1
6458000738191169357
7 0 7 5 -1  1
6458213913590361407
3 0 5 0 -1  1
6458250224110185747
7 5 7 2 -1  1
6458254293734159441
7 5 7 6 -1  1
6458543190136173232
0 1 0 0 -1  1
6458635725034819743
6 4 5 4 -1  1
6458688218435150446
6 3 5 4 -1  1
6458877394485029610
7 7 7 5 -1  1
6459078730589215286
5 3 4 3 -1  1
6459377023636740786
4 2 2 0 -1  1
6459409281509785327
4 0 3 0 -1  1
6459454051550678260
5 2 3 3 -1  1
6459612085695841861
7 6 6 7 -1  3
6459641636790860469
7 4 7 6 -1  1
6459687717868454101
3 6 2 7 -1  1
6459730335485661777
7 5 7 2 -1  1
6459737144327336293
5 0 2 3 -1  1
6459906383892317694
5 6 1 2 -1  1
6459913979323071835
4 7 3 6 -1  1
6460355930351725564
6 3 5 3 -1  1
6460380594494411139
4 1 3 2 -1  1
6460426270907711102
5 5 3 6 -1  1
6460441668731394182
6 3 4 4 -1  1
6460837879528113236
3 4 2 3 -1  1
6460889280472423819
6 0 5 0 -1  1
6460939270644133613
7 3 4 3 -1  1
6461063500290162978
6 3 5 3 -1  3
6461116859870589341
6 4 7 3 -1  1
6461525350915204528
4 6 0 6 -1  1
6461569057522419438
5 4 5 3 -1  1
6461731391547174454
1 4 0 4 -1  1
6461739069590419176
7 4 7 6 -1  1
6461783664345756602
5 0 3 0 -1  1
6461811219135616277
7 5 6 4 -1  1
6462264050603020468
6 1 5 1 -1  1
6462618646059523642
4 2 3 1 -1  1
6462817144498916205
7 5 6 4 -1  1
6462863397028784701
6 0 6 1 -1  1
6462915220909696040
1 0 1 4 -1  1
6463018776401208542
4 2 3 2 -1  1
6463103262860933391
3 7 7 7 -1  1
6463181131816800160
7 3 5 1 -1  1
6463222211557925507
4 5 3 4 -1  1
6463244353725645358
6 4 6 6 -1  1
6463396530499694815
4 7 4 5 -1  1
6463612501590460178
3 4 4 2 -1  1
6463617511894830638
5 1 6 2 -1  2
6463679257911475924
6 4 5 3 -1  1
6463813385685058647
7 5 7 6 -1  1
6463984453895364813
7 5 7 4 -1  1
6464048416536063876
2 6 4 6 -1  1
6464282745757803467
4 1 7 1 -1  1
6464345361018551774
5 5 6 6 -1  1
6464426019233823908
2 3 1 3 -1  1
6464613014279296181
2 7 1 5 -1  1
6464837858488494225
5 5 7 3 -1  1
6464916651533758649
7 3 6 3 -1  1
6464931460027239043
6 5 6 4 -1  1
6465005234818717552
6 7 0 7 -1  1
6465146412871004644
7 3 5 1 -1  1
6465286922807999413
7 6 5 5 -1  1
6465317136953630900
6 3 5 5 -1  1
6465472441814459280
5 0 5 2 -1  1
6465635645206971612
6 3 4 3 -1  1
6465731601448819527
7 3 6 2 -1  1
6465918667270992706
6 1 7 2 -1  1
6466248274708935181
4 0 3 0 -1  1
6466315906819494522
3 3 3 7 -1  1
6466323654771238216
3 0 2 0 -1  1
6466709912423173249
7 6 6 6 -1  3
6466737555553076235
5 5 4 5 -1  1
6466876229456289185
6 5 5 5 -1  1
6466972196654259644
7 3 6 4 -1  1
6467395880021271633
6 2 5 2 -1  1
6467526638068883643
3 0 7 0 -1  1
6467668479286594661
5 3 6 4 -1  1
6467684715860210387
6 7 4 7 -1  1
6467704848323675263
6 6 5 5 -1  3
6467729978716340557
3 4 2 6 -1  2
6467778433781921860
1 6 2 6 -1  1
6467881135679592205
5 5 4 3 -1  1
6467881425341293713
5 1 6 3 -1  1
6467893578731803937
7 0 6 0 -1  1
6468010713929154852
0 6 0 0 -1  1
6468123127627697908
7 6 6 4 -1  1
6468383103224994334
7 5 6 6 -1  1
6468443605639849207
6 7 5 7 -1  1
6468616429439604420
6 4 4 4 -1  1
6468654480999714495
7 0 7 1 -1  1
6468728802509593404
3 3 4 5 -1  1
6468872050221336146
7 5 5 4 -1  2
6468964196895167474
2 3 3 5 -1  1
6468979403005871084
6 3 5 3 -1  1
6469279302569703912
7 3 5 5 -1  1
6469326499620159700
4 5 3 4 -1  1
6469340433928907734
5 5 4 5 -1  2
6469456129458922322
4 5 5 5 -1  1
6469462083906189981
7 1 6 3 -1  1
7 3 6 3 -1  10
6469620140394201500
6 5 6 4 -1  1
6469678571798803491
6 4 4 4 -1  1
6469724744292713192
6 2 5 3 -1  1
6469759460540525790
0 0 3 3 -1  1
6469814685060724913
4 7 3 7 -1  1
6469859980489053942
3 4 2 3 -1  1
6470067653452495159
6 7 5 7 -1  1
6470088827318101048
6 1 5 1 -1  1
6470377155356465997
6 7 4 7 -1  1
6470556602965509454
2 2 0 2 -1  1
6470711326310485509
7 5 5 7 -1  1
6470776857211013022
4 3 3 4 -1  1
6470850677333168153
6 3 5 1 -1  1
6471012624598908592
5 2 4 0 -1  1
6471069979040455729
5 3 4 3 -1  1
6471197003423605939
7 4 7 6 -1  1
6471202603463778383
7 4 7 3 -1  1
6471523208612646619
6 3 2 3 -1  1
6471805841165793791
5 2 2 5 -1  1
6471985616377647248
6 6 4 6 -1  1
6472063710030926556
5 2 3 3 -1  1
6472312218611721030
5 4 4 4 -1  1
6472324696961117352
4 0 3 1 -1  1
6472554033998142380
6 0 4 0 -1  2
6472614704721674546
3 4 3 6 -1  1
6472900298734165991
5 4 6 3 -1  1
6472981916753425927
7 3 4 0 -1  1
6473252692944689836
6 7 5 6 -1  1
6473534783313162952
5 1 5 2 -1  1
6473542199372316314
5 7 5 6 -1  1
6473563622476659491
5 2 7 3 -1  1
6473619217581331554
6 4 5 3 -1  1
6474007846962059976
3 1 5 3 -1  1
6474314165602917181
6 6 5 6 -1  1
6474589433687760438
6 5 5 5 -1  1
6474880222885254978
7 4 4 1 -1  3
6474900929387808039
6 5 6 6 -1  1
6474955224465810032
2 7 7 7 -1  1
6475140600782619926
4 1 3 1 -1  1
6475301520898085445
6 6 5 7 -1  1
6475380409498644405
7 6 0 6 -1  1
6475609059165358002
4 3 4 2 -1  2
6475643156765270083
7 5 7 6 -1  1
6475715648657979490
4 3 1 0 -1  1
6475750819614003383
3 3 3 6 -1  1
6475964632325244136
7 0 7 2 -1  1
6476020805896231658
7 2 6 1 -1  1
6476224972844012006
7 3 7 6 -1  1
6476245681270489050
7 4 5 4 -1  1
6476247758404160031
6 1 4 3 -1  1
6476611599293508754
0 5 2 7 -1  1
6476728661998102199
1 4 0 4 -1  1
6477130965422159585
4 4 1 1 -1  1
6477216414623191376
6 6 7 6 -1  1
6477242057171647094
6 5 3 5 -1  1
6477252190068315440
5 2 5 7 -1  1
6477290400117045194
7 4 7 6 -1  1
6477373719796200315
6 1 5 1 -1  1
6477511261090708549
5 7 4 6 -1  1
6477756165835700193
5 5 3 4 -1  1
6477813713647914238
6 7 7 5 -1  1
6478003010268295867
7 4 7 6 -1  1
6478175554105319641
5 6 4 6 -1  1
6478199662747963536
4 0 6 2 -1  1
6478245577310208312
5 5 3 4 -1  1
6478298680253422948
4 4 2 4 -1  1
6478332445564623201
3 1 2 1 -1  1
6478380653288237869
5 2 6 2 -1  1
6478473530366956018
6 3 6 5 -1  1
6478594771414156032
7 2 6 3 -1  1
6478604841527003865
3 5 2 6 -1  1
6478810083245549627
4 3 6 4 -1  1
6478861502787532566
7 2 1 2 -1  1
6479060047101933724
5 0 1 0 -1  1
6479082084959050574
5 2 5 1 -1  1
6479086841561994784
3 0 3 1 -1  1
6479174482846941318
4 5 3 5 -1  1
6479346871627245565
0 0 0 6 -1  1
6479470536008519038
7 1 5 1 -1  1
6479482844909096975
7 0 7 2 -1  1
6479545116308988272
6 3 5 5 -1  1
6479566862677443865
6 2 5 2 -1  1
6479575365483643842
7 3 6 2 -1  1
6479748058490448213
4 2 3 3 -1  1
6479796326314262252
6 3 4 2 -1  1
6479979734553005020
5 5 4 3 -1  1
6480113065658078281
5 4 3 5 -1  1
6480137823317332845
1 0 2 0 -1  1
6480191363548624803
7 5 4 2 -1  1
6480275799793412011
6 1 4 1 -1  1
6480285393169494313
7 5 6 5 -1  1
6480402606062820130
4 2 5 1 -1  1
6480495609072217831
7 3 6 3 -1  1
6480518238842713324
5 4 4 5 -1  1
6480540993516487163
7 5 6 4 -1  1
6480677297405490440
7 2 7 0 -1  1
6480693092451739501
6 7 4 7 -1  1
6480774204382112039
7 4 7 6 -1  1
6480847120228966319
6 6 7 5 -1  1
6480857444702624976
4 3 3 2 -1  1
6480941444725164134
6 0 4 0 -1  1
6481201495614918765
7 1 6 3 -1  1
6481258573105379385
6 4 5 6 -1  3
6481339539446853670
6 3 5 2 -1  1
6481519019372531254
6 0 6 3 -1  1
6481786510462034715
4 4 6 3 -1  1
6481882308454095229
7 3 4 0 -1  1
6482080061981381592
4 2 3 3 -1  1
4 4 3 3 -1  1
6482130066491036071
5 7 4 7 -1  1
6482212557958660168
6 3 6 5 -1  1
6482298437890808336
7 5 6 4 -1  1
6482408422876627295
4 6 3 6 -1  1
6482481766013109844
3 2 4 4 -1  1
6482699591596343392
0 5 3 5 -1  1
6482797278507399578
5 4 4 4 -1  1
6482973643842778112
5 5 4 3 -1  1
6483053674165137237
5 6 4 6 -1  1
6483081809258030733
5 0 4 0 -1  1
6483546529344765880
6 3 5 4 -1  3
6483700011799119258
7 0 7 4 -1  1
6483717291202725109
7 0 7 1 -1  1
6483756881141739660
6 4 5 5 -1  1
6483855890942376520
6 2 4 2 -1  1
6483869722978927811
4 6 3 6 -1  2
6483901878713946856
7 5 6 4 -1  1
6484682752066532619
7 3 6 4 -1  1
6484888473288682431
5 1 2 4 -1  1
6484909976017651768
4 3 1 0 -1  1
6485026231315254627
7 5 6 4 -1  1
6485119429260571840
5 4 4 3 -1  1
6485177341966256688
4 3 3 3 -1  2
6485246186509818919
7 7 5 7 -1  1
6485290130118106452
6 5 6 4 -1  1
6485319412464451052
6 5 5 5 -1  1
6485490945978507929
5 5 7 4 -1  1
6485648260644385038
7 0 7 3 -1  1
6485660637659870698
6 6 6 5 -1  1
6485839342306165774
7 4 1 4 -1  1
6485850016366051245
6 3 4 2 -1  1
6485874393126444575
6 3 4 3 -1  1
6486044134157925698
5 6 3 6 -1  1
6486271291640145724
7 3 6 4 -1  1
6486312078742952213
6 5 4 5 -1  1
6486533341483514151
7 5 7 2 -1  1
6486618174499533043
7 6 6 7 -1  1
6486722372744326120
2 5 4 4 -1  1
6486928064981486858
4 0 1 0 -1  1
6486978962131927322
5 2 1 6 -1  1
6487017410773425846
4 5 2 5 -1  1
6487161301077749397
1 4 1 3 -1  1
6487246755502548476
6 2 4 0 -1  1
6487263390765012659
4 2 4 4 -1  1
6487381766485232848
3 0 2 1 -1  1
6487410568731674977
6 5 4 5 -1  1
6487523327743542811
6 6 7 5 -1  1
6487732439691930437
5 5 4 4 -1  1
6487868239108106710
6 3 4 4 -1  1
6487899235744561719
6 3 7 4 -1  1
6488175066220655965
6 2 5 1 -1  1
6488348567814929833
7 3 5 1 -1  1
6488725075717189669
6 7 5 7 -1  1
6488809012038567951
3 2 2 3 -1  1
6489012156656828237
6 4 4 6 -1  1
6489029204412086377
4 2 5 4 -1  1
6489037159060725169
5 7 4 6 -1  1
6489048513018217960
3 1 3 2 -1  1
6489217672584677579
7 4 6 4 -1  1
6490114920241304183
7 2 6 1 -1  1
6490377874293800978
6 5 4 3 -1  1
6490441707771673640
7 6 7 7 -1  1
6490444970417564785
6 3 5 5 -1  1
6490452842088797424
6 6 5 7 -1  1
6490977269119264399
1 5 0 5 -1  2
6491083197708494048
7 2 6 1 -1  1
6491224401131360500
1 0 5 0 -1  1
1 2 6 2 -1  1
6491240052015438586
6 2 4 2 -1  1
6491373019597309142
6 1 5 2 -1  1
6491434844236722599
6 3 5 1 -1  1
6491561892830469849
5 4 4 2 -1  1
6491585828754081985
5 4 4 4 -1  1
6491599376088321220
2 2 2 1 -1  1
6491831508178998569
5 3 4 1 -1  1
6492276226323230666
5 6 5 5 -1  1
6492388688873119195
4 5 4 4 -1  2
6492459065095037272
4 4 3 3 -1  1
6492507494516059992
4 6 3 6 -1  1
6492668028169007220
6 5 6 6 -1  1
6492864693099050694
4 5 5 4 -1  1
6492886900116645423
6 6 5 7 -1  1
6492910885373338821
4 4 4 3 -1  1
6492953474822149174
5 6 4 6 -1  1
6493027299988376730
5 4 4 4 -1  1
6493147213689183763
7 1 6 0 -1  1
6493375556898133905
7 2 6 3 -1  2
6493451980007200105
5 6 7 4 -1  1
6493615545128102652
6 5 5 5 -1  1
6493669902255689563
5 2 4 1 -1  1
6493888738700605202
4 3 1 3 -1  1
6493914638517104709
5 3 5 2 -1  1
6494027270564969705
7 5 6 6 -1  2
6494035498195778372
1 2 6 2 -1  1
6494182513811270548
6 2 5 3 -1  1
6494696602646665654
7 5 7 4 -1  1
6494959958466722053
3 2 3 3 -1  1
6495087109404478473
2 6 4 7 -1  1
6495122302623435045
5 5 7 3 -1  2
6495160520245818976
7 4 7 2 -1  1
6495203679109193544
5 4 4 4 -1  1
6495412628540685761
3 1 5 2 -1  1
6495420039203905636
4 2 3 2 -1  1
6495766203204340822
7 6 7 7 -1  1
6495766816094399363
1 2 1 1 -1  1
6495772929450855383
5 5 6 3 -1  1
6495821436740473841
6 6 7 6 -1  1
6495833169320282275
7 5 4 5 -1  1
6496246376840266581
7 2 6 3 -1  4
6496281508993090095
6 4 5 4 -1  1
6496379470853793921
4 4 7 1 -1  1
6496392468255620309
0 7 0 4 -1  1
6496439408050273150
7 3 6 5 -1  1
6496449391524569198
7 4 7 6 -1  1
6496477372230987865
6 1 4 1 -1  1
6496584025323684610
7 3 7 0 -1  1
6496854487811083690
5 4 5 6 -1  1
6497363440449355963
6 0 5 0 -1  1
6 4 5 5 -1  4
6 7 5 7 -1  1
6497471887199342515
5 5 5 4 -1  1
6497481722483185500
5 7 3 6 -1  1
6497634482662936178
4 0 4 2 -1  1
6498154145668147551
7 4 7 2 -1  1
6498192435143231726
4 3 3 3 -1  1
6498272000688900679
5 1 5 2 -1  1
6498532493267472980
7 7 6 6 -1  1
6498587488082456456
4 2 5 1 -1  1
6498601348914508506
5 0 4 0 -1  1
6498697483590030053
7 5 5 4 -1  1
6498788858975073518
6 7 4 7 -1  3
6498890708413449803
3 6 2 5 -1  1
6499092223148691906
7 5 6 4 -1  1
6499327266770690310
6 3 7 4 -1  1
6499342261456467959
6 0 7 0 -1  1
6499702602401608730
5 6 4 6 -1  1
6499751464244207562
6 4 4 6 -1  2
6499820008961416348
4 5 1 2 -1  1
6499837890060549345
4 2 3 1 -1  1
6499950906418562846
4 5 5 5 -1  1
6500030680493857303
2 3 4 4 -1  1
6500046333991201882
4 4 3 4 -1  2
6500163675122831048
7 3 5 1 -1  1
6500196180350955648
1 0 2 0 -1  1
6500246233105558237
6 6 5 7 -1  1
6500445718008096797
7 2 2 2 -1  1
6500651299097422295
3 4 2 3 -1  1
6500725249837998531
5 3 6 2 -1  1
6501134393409627094
6 2 5 2 -1  1
6501245360785956489
7 2 6 3 -1  1
6501280828414153876
6 3 5 1 -1  1
6501341236851091081
4 0 5 1 -1  1
6501413369816652173
3 0 0 3 -1  1
6501432706480203198
6 2 4 4 -1  1
6501543364235027884
7 1 5 1 -1  1
6501573776072900491
7 3 1 3 -1  1
6501600156671808135
6 5 5 5 -1  1
6501629220587994216
1 2 0 2 -1  1
6501814079496181814
7 6 6 5 -1  1
6501869857087001989
3 5 5 4 -1  1
6502074638162912742
7 2 7 4 -1  1
6502306092266873991
7 4 7 5 -1  1
6502367386022804662
7 4 0 4 -1  1
6502613751902526733
4 5 2 3 -1  1
6502859260410105083
4 3 2 2 -1  2
6503113443855249616
6 0 6 3 -1  1
6503116150485345299
6 2 4 2 -1  1
6503380100948233380
7 4 5 6 -1  1
6503401588710996939
6 5 6 4 -1  1
6503541983854258089
7 0 7 5 -1  3
6503663700138378697
7 3 4 6 -1  1
6503938138099150825
5 2 6 4 -1  1
6504164533182421034
5 5 7 3 -1  2
6504279945174298084
6 3 2 3 -1  1
6504316966395717807
0 0 0 1 -1  1
6504381961202884536
5 0 4 0 -1  1
6504419664875951398
5 2 4 4 -1  1
6504539451255968066
3 2 4 3 -1  1
6504555991665158933
5 1 4 0 -1  1
6504572293260570782
3 3 3 5 -1  1
6504916063150495105
7 0 6 0 -1  1
6504918307920795603
4 0 3 0 -1  1
6504978332437317346
5 2 7 0 -1  1
6505148165964546129
5 0 4 1 -1  1
6505261528238663242
4 3 5 5 -1  3
6505402619097260088
5 4 4 3 -1  3
6505582111125701424
3 3 5 2 -1  1
6505705250853288451
5 4 3 2 -1  1
6505771565285231905
5 2 3 3 -1  1
6506164796031621982
5 1 6 3 -1  1
6506240703008141664
5 5 7 4 -1  1
6506257816471297657
2 3 1 3 -1  1
6506281403918728590
7 4 7 6 -1  1
6506409648011401923
6 4 7 5 -1  1
6506419824282957002
2 0 3 0 -1  1
6506718880561429158
1 1 2 1 -1  1
6506910977245094388
7 2 6 2 -1  2
6506955153763802104
4 2 2 2 -1  1
6506957485065424454
6 2 5 2 -1  1
6507234391483600350
1 0 1 2 -1  1
6507236129793856799
6 4 5 5 -1  1
6507297273405258915
5 5 6 3 -1  1
6507374591496150137
6 6 3 3 -1  1
6507396390428795840
6 5 6 6 -1  1
6507492637447914715
5 5 6 3 -1  1
6507631223265288220
5 2 4 3 -1  1
6507668816324151433
5 2 6 0 -1  1
6507792053407973569
1 3 0 2 -1  1
6507864267931429721
7 5 4 2 -1  1
6508087333674084730
7 5 7 4 -1  1
6508397978987937131
3 3 0 3 -1  1
6508405572622046873
4 3 3 3 -1  1
6508596314739289049
5 5 4 7 -1  1
6508725922546634568
4 2 3 2 -1  1
6508799073822462549
3 7 2 7 -1  1
6508977348600906133
7 5 7 6 -1  2
6509063842153412619
5 1 3 0 -1  1
6509075747787000013
7 1 7 0 -1  1
6509246175534416139
1 4 7 4 -1  1
6509467296612812725
3 0 2 0 -1  1
6509565095516369087
6 4 4 2 -1  1
6509811472210355262
7 3 5 3 -1  1
6509824538983193170
7 4 0 4 -1  1
6509859079494800199
7 4 7 6 -1  1
6509957334099123160
6 5 5 5 -1  1
6510224215083194412
6 0 4 0 -1  1
6510509273362270343
6 6 6 5 -1  1
6510908248920981594
4 4 2 4 -1  2
6511148205589719155
5 1 6 0 -1  1
6511393950273893282
5 3 4 2 -1  1
6511408355690916798
3 4 2 2 -1  1
6511588013754234261
4 7 5 5 -1  1
6511668815721173205
4 3 3 2 -1  1
6511782557785499554
0 4 1 6 -1  1
6511854666681363475
3 3 2 2 -1  1
6512003144105949134
4 1 2 2 -1  1
6512191696289917337
3 3 5 1 -1  1
6512367518541930005
3 1 2 3 -1  1
6512399152192397502
0 5 0 7 -1  1
6512457087597341314
7 2 6 2 -1  1
6512500244521608114
6 6 7 6 -1  1
6512511464614697447
4 3 3 2 -1  1
6512626901198099440
2 4 2 6 -1  1
6512646813289021310
5 4 3 2 -1  1
6512677858899235279
5 3 3 5 -1  1
6513228762224593693
7 2 6 3 -1  1
6513321260406051838
7 3 4 0 -1  1
6513358747176638116
7 3 7 2 -1  1
6513376808439196883
5 3 4 2 -1  1
6513767008600004343
1 6 1 5 -1  1
6513968860373635647
1 0 1 6 -1  1
6514151354900361788
6 5 4 3 -1  1
6514153359365040834
5 5 6 4 -1  1
6514465465759229115
6 4 5 4 -1  1
6514591132285632463
4 2 3 3 -1  2
6514933640132868638
3 5 2 6 -1  1
6515297766340181112
6 4 5 2 -1  1
6515471292711514204
6 3 6 4 -1  1
6515491023194768367
5 2 2 5 -1  1
6515571506499222648
7 4 7 2 -1  1
6515632566956798166
6 1 0 7 -1  3
6515663748913798030
3 1 0 4 -1  1
6516062599398460563
5 2 4 2 -1  1
6516070880209359176
1 2 0 2 10  1
6516079644477745597
4 0 4 5 -1  1
6516134771754269112
6 2 4 2 -1  1
6516213179311281158
7 2 6 3 -1  1
6516216056419206636
0 2 1 2 -1  1
6516293854379958607
4 3 3 2 -1  1
7 1 6 3 -1  1
7 4 7 6 -1  8
6516509903470106148
7 4 7 6 -1  1
6516537710107958594
6 7 5 7 -1  2
6516670581948310773
6 1 5 1 -1  1
6516719965273187225
4 4 3 4 -1  2
6516826036683808005
4 2 5 0 -1  1
6516851505087119365
3 7 3 6 -1  1
6516857433211552235
4 5 5 3 -1  1
6517064582018785542
7 4 7 6 -1  1
6517067348458450467
5 3 4 4 -1  1
6517145477250052631
1 1 3 2 -1  1
6517195274925849646
1 6 0 6 -1  1
6517279849399927271
6 3 3 6 -1  1
6517318551801549337
6 6 6 4 -1  1
6517360663457258813
6 6 4 5 -1  1
6517485805202426888
5 2 4 0 -1  1
6517517049104987794
6 4 5 6 -1  2
6517734715813577856
1 0 1 1 -1  1
6517841809869082949
4 3 3 1 -1  1
6517882686109232307
2 6 6 2 -1  1
6517894416151347322
7 5 6 4 -1  2
6518046581123338859
4 2 5 1 -1  1
6518362728852116533
5 5 6 4 -1  1
6518515582389911171
6 4 5 5 -1  1
6518612374157891025
7 2 6 1 -1  1
6518803948129998651
6 0 4 0 -1  1
6519013128280915594
5 2 7 3 -1  1
6519450007114449340
5 0 4 0 -1  1
6519469470104745237
0 7 0 4 -1  1
6519602363249392830
7 2 5 1 -1  1
6519993233261753731
7 2 2 2 -1  1
6520052067008877423
7 6 7 5 -1  1
6520091772479256054
7 1 6 1 -1  1
6520367658691006185
5 3 4 4 -1  1
6520414965643876919
6 4 5 6 -1  1
6520696609341609451
3 5 2 3 -1  1
6520734420901544188
5 5 4 3 -1  1
6520812910446704341
5 5 4 3 -1  1
6520873352179822730
7 4 5 5 -1  1
6520904024815256201
1 4 3 4 -1  1
6520916570019879607
6 5 5 5 -1  1
6521275437290416040
7 3 7 2 -1  1
6521351490983101915
7 2 5 4 -1  1
6521365405529526717
6 1 5 1 -1  1
6521538520420919614
6 1 2 1 -1  1
6521577998912790454
5 6 4 7 -1  1
6521663718578759501
7 7 7 5 -1  1
6521692129850650307
5 4 3 2 -1  1
6521779902843208745
4 2 5 4 -1  1
6521780756978536621
4 2 3 2 -1  2
6521834226459984542
6 1 4 3 -1  1
6521856267831046002
4 3 3 3 -1  1
6521881025392751144
3 6 4 5 -1  1
6522029843656615352
5 5 3 4 -1  1
6522126585246809127
6 3 5 4 -1  1
6522226317409125436
0 0 6 0 -1  1
6522236607411123754
6 3 6 5 -1  1
6522346681559603610
7 3 0 3 -1  1
6522411552795406219
7 1 5 2 -1  1
6522468284208811438
7 3 7 2 -1  1
6522524964352067803
6 7 5 6 -1  1
6522706917256116827
6 4 3 7 -1  1
6522723594898006694
4 4 0 0 -1  1
6522813970264848438
7 4 7 2 -1  1
6522829854395488767
4 2 2 0 -1  1
6522865541819560494
5 5 3 7 -1  1
6522989642486482968
5 2 4 0 -1  1
6523168727944736272
7 7 6 6 -1  1
6523220675058039584
5 3 5 6 -1  1
6523321849133236078
6 3 5 3 -1  1
6523521146889221044
7 2 6 3 -1  1
6523704646822798696
7 0 7 1 -1  1
6523859615857840343
5 5 4 4 -1  1
6523976898775043655
3 5 7 5 -1  1
6524303689343650724
0 4 4 4 -1  1
6524303727670224491
2 2 1 1 -1  2
6524390043083600082
3 2 0 5 -1  1
6524419121767582462
6 3 4 3 -1  1
6524542076234491569
3 5 3 4 -1  2
6524671067142866869
7 1 5 0 -1  2
6524985299829448790
4 5 4 7 -1  1
6525028489903504882
4 6 3 6 -1  1
6525228630153747968
5 3 4 1 -1  1
6525268157251359290
0 1 0 3 -1  1
6525323694140351466
6 1 5 2 -1  1
6525549104710062506
0 3 0 5 -1  1
6525572187720865816
3 0 4 0 -1  1
6525661464802458908
5 5 6 3 -1  1
6525755718740195324
4 4 5 2 -1  1
6525928428833169639
7 3 6 4 -1  1
6526028317232948130
1 2 2 3 -1  1
6526055976096443600
3 5 5 4 -1  1
6526179936599501493
6 3 4 4 -1  1
6526253616176184697
7 1 7 0 -1  1
6526526245534064500
6 4 5 4 -1  1
6526697731972476753
4 3 3 3 -1  1
6526861754894517183
7 4 7 3 -1  1
6526906336553574603
5 5 3 4 -1  1
6526942442880833855
6 0 5 0 -1  1
6527002946007339374
4 6 3 6 -1  1
6527288158525891697
3 2 2 2 -1  1
6527291512659693425
6 0 5 0 -1  1
6527553273163610564
6 3 4 4 -1  1
6527764183150670204
6 6 5 6 -1  1
6527857834282666261
4 6 4 4 -1  1
6528142535177619887
7 7 7 6 -1  1
6528154379668245680
7 5 1 5 -1  1
6528590474469816116
6 6 5 6 -1  2
6528645017875860460
5 6 4 6 -1  1
6528738321556401722
7 3 5 3 -1  1
6528817918319159461
5 2 5 1 -1  1
6528847076428246788
7 4 7 3 -1  1
6528877368498372463
5 5 6 3 -1  1
6529021380343203871
7 0 7 2 -1  1
6529406884634923628
3 4 5 5 -1  1
6529438295713644070
7 2 7 0 -1  1
6529760672058546259
3 6 3 3 -1  1
6529833071331063362
5 2 4 3 -1  1
6529921693154497523
4 4 3 3 -1  1
6530013113207467100
7 4 5 4 -1  1
6530159443873128270
6 1 5 1 -1  1
6530395845598152429
6 4 6 5 -1  1
6530397714585827702
5 3 4 4 -1  1
6530552764429160720
7 2 3 6 -1  1
6531052688096828085
7 5 7 3 -1  1
6531304171619905629
5 6 4 5 -1  1
6531349989787376314
4 3 5 2 -1  1
6531379059494482958
7 3 6 2 -1  1
6531451823486556173
3 5 3 2 -1  1
6531542467378631956
6 1 5 0 -1  1
6531596921067671694
4 5 3 5 -1  1
6531612928008622991
5 3 4 4 -1  1
6531796225930032194
4 4 3 4 -1  1
6532054003088656061
7 7 6 6 -1  1
6532067962692603472
6 3 6 2 -1  1
6532099883316993412
6 2 4 2 -1  1
6532226140210536759
4 2 5 4 -1  1
6532363085916205761
4 6 3 6 -1  1
6532434871288468211
7 5 6 4 -1  1
6532462095562421976
7 0 7 1 -1  1
6532564344324995788
7 4 7 6 -1  1
6532627344167748651
6 1 7 0 -1  1
6532639654975899631
6 5 6 3 -1  1
6532677178113147376
6 1 5 1 -1  1
6532685620788615947
6 3 5 3 -1  1
6532868612087888897
6 5 4 5 -1  1
6533296567310056646
6 2 4 2 -1  1
6533472690412536083
5 5 4 5 -1  1
6533557282231185694
6 3 7 3 -1  1
6533620247599102685
4 1 3 1 -1  1
6533691139224312770
6 0 6 2 -1  1
6 5 4 5 -1  1
6533697043299645019
6 0 4 0 -1  1
6533785942812147139
5 6 4 7 -1  1
6533844851156088036
2 5 2 7 -1  1
6534181958618681699
6 5 1 0 -1  1
6534397993031606904
7 5 0 5 -1  1
6534559073469778274
4 4 6 4 -1  1
6534910894113758051
7 1 5 2 -1  2
6535333705814165112
7 3 1 3 -1  1
6535366307382171250
3 1 2 3 -1  1
6535403752512942447
6 3 6 0 -1  1
6535414883652386304
6 1 5 1 -1  1
6535462936148960071
1 2 2 2 -1  1
6535570878643946919
5 0 3 1 -1  1
6535624915244777139
7 6 5 5 -1  1
6535748383901688035
6 3 5 3 -1  5
6535988219200001083
5 2 4 1 -1  1
6536049498776831784
1 5 4 2 -1  1
6536241652733076296
6 0 5 2 -1  1
6536338474996485933
5 6 5 5 -1  1
6536352378559953387
4 3 3 2 -1  3
7 5 3 1 -1  1
6536540130177047115
6 6 5 6 -1  2
6536565039904323851
3 3 0 6 -1  1
6536884392598753855
6 3 4 1 -1  1
6536998813716191319
5 3 7 1 -1  1
6537090932819597682
6 2 5 3 -1  1
6537167582119650797
7 0 7 3 -1  1
6537170540827502233
6 1 5 1 -1  1
6537198103585043997
6 7 4 7 -1  1
6537283035078309262
7 4 6 2 -1  1
6537403602448610314
2 3 1 5 -1  1
6537448786350359949
4 4 6 4 -1  1
6537622025059953118
4 2 5 3 -1  1
6537777048063930595
7 5 7 3 -1  1
6537835896722041525
7 3 6 4 -1  1
6538039436148042422
7 5 6 6 -1  1
6538334304825738269
4 3 2 5 -1  1
6538392265200131119
5 2 4 1 -1  1
6538529299019936640
6 5 5 5 -1  1
6538819639440771539
0 6 0 3 -1  1
6538891105656402257
4 2 3 3 -1  1
6538988433867508549
7 4 7 6 -1  1
6539028080969720506
6 7 5 6 -1  1
6539183151784943301
1 1 2 3 -1  1
6539328684342754425
4 2 5 3 -1  1
6539389523101927548
3 4 2 5 -1  1
6539531030847559180
3 5 3 4 -1  1
6539538136323228103
7 1 5 2 -1  1
6539750266100657552
3 1 5 3 -1  1
6539759863471703623
7 3 6 2 -1  1
6539949777017956486
3 3 5 3 -1  2
6540001915580143313
3 2 1 1 -1  1
6540068081063951141
2 3 2 5 -1  1
6540272051478950413
2 1 1 3 -1  1
6540597077237937754
7 3 4 6 -1  1
6540676754090429833
0 1 0 5 -1  1
6540738285050489948
2 4 1 5 -1  2
6540826362993930928
7 2 6 1 -1  1
6540867512258488046
4 3 3 5 -1  1
6540876047239041993
6 5 5 5 -1  1
6541044222750447551
7 5 3 5 -1  1
6541208983529285890
4 4 4 0 -1  1
6541337581463143044
4 0 6 1 -1  1
6542056865929126461
4 5 2 3 -1  1
6542240575813674645
6 3 5 2 -1  1
6542408286466777601
6 6 4 6 -1  1
6542846584818428178
3 4 4 6 -1  1
6543293554022591407
0 3 1 2 -1  1
6543334497126627294
5 2 4 0 -1  1
6543402490562031811
5 5 3 6 -1  3
6543403422321395785
1 4 3 4 -1  1
6543470236669597380
4 2 5 4 -1  1
6543569216900364398
7 3 7 0 -1  1
6543634089994859548
6 0 4 0 -1  1
6543805952073076150
5 4 3 6 -1  1
6543882581459848175
3 1 5 0 -1  1
6543905845427624761
4 3 3 2 -1  2
6543956382059396614
2 3 1 1 -1  1
6544012785607414197
7 4 6 2 -1  1
6544141284433865026
6 7 5 7 -1  1
6544544291176865126
4 6 4 5 -1  1
6544615264361287049
5 4 4 4 -1  1
6544676508741146744
4 4 3 4 -1  1
6544753494835583015
5 4 7 2 -1  1
6544941152702551610
4 7 5 5 -1  2
6545002235072977251
6 1 2 1 -1  1
6545015768494617841
7 2 3 2 -1  1
6545079629800012284
5 1 1 1 -1  1
6545313080921078224
4 5 3 4 -1  1
6545621979242364913
6 4 6 2 -1  1
6545660464382659322
7 3 6 2 -1  1
6545756957671714029
4 6 3 5 -1  1
6545861942968788246
7 3 6 4 -1  1
6545988519299967059
7 3 5 1 -1  1
6546059831303820105
7 5 5 6 -1  1
6546374580590841167
2 4 2 2 -1  1
6546388088025685907
5 5 3 4 -1  1
6546462506440385186
5 5 4 5 -1  1
6546539723354055950
6 7 5 6 -1  1
6546585568044623908
4 3 3 2 -1  1
6546624539634340791
5 7 6 5 -1  1
6546792470250925504
3 5 0 5 -1  1
6546795254570980845
6 3 3 6 -1  1
6546831014505017647
5 3 4 3 -1  2
6547093656104021718
2 1 1 1 -1  1
6547378403723469223
5 1 4 1 -1  2
6547399797743117964
6 7 5 7 -1  1
6547510867285608298
7 4 7 6 -1  1
6547563020282491399
4 1 3 1 -1  1
6547678179940403535
7 5 7 4 -1  1
6547721025822974231
7 4 3 4 -1  1
6547771108920955804
7 3 5 3 -1  1
6547773592180925155
6 4 3 1 -1  1
6547793771814866272
6 5 4 5 -1  1
6547975322451124506
6 1 5 1 -1  1
6548014698491086617
6 7 5 7 -1  1
6548155813181468796
3 6 3 7 -1  1
6548233517244288492
4 0 7 3 -1  1
6548384717918964244
0 2 4 2 -1  1
6548561719386750482
4 0 3 0 -1  1
6548664297111966265
7 4 7 6 -1  1
6548788499252790672
7 1 3 1 -1  1
6548821916444317596
6 4 5 6 -1  1
6548977125674830544
3 1 5 2 -1  1
6548988924552438618
7 0 7 2 -1  1
6549405525317703082
5 7 4 7 -1  1
6549481004266991219
6 3 7 2 -1  1
6549505660231893380
6 4 5 3 -1  1
6549511174116638222
6 0 4 0 -1  1
7 3 6 2 -1  1
7 5 3 1 -1  4
7 5 5 3 -1  2
6549719314172458804
7 1 6 3 -1  1
6549836815625811950
6 3 4 3 -1  1
6549906732662792381
6 5 5 5 -1  1
6549932594789411600
7 4 7 2 -1  1
6549959347894747288
7 3 5 3 -1  1
6550121633554005268
7 3 7 7 -1  1
6550193471893218030
5 7 6 6 -1  1
6550320060779562445
7 1 6 3 -1  1
6550796332195865740
1 5 5 1 -1  1
6550913039336984642
7 1 7 2 -1  1
6550986987737522087
7 2 7 5 -1  1
6551000555288800149
7 0 4 0 -1  1
6551204924151728237
7 3 6 4 -1  1
6551237019992302420
5 5 3 6 -1  1
6551303367023338437
5 4 7 2 -1  1
6551500903640536996
7 6 7 7 -1  1
6551633746241053144
4 3 3 3 -1  1
6552112053983367507
6 6 3 3 -1  1
6552163064254458265
7 3 4 3 -1  1
6552193520941256794
6 5 5 5 -1  1
6552243232080954039
2 5 1 5 -1  1
6552317190938017497
6 1 5 1 -1  1
6552368424081649846
4 6 3 7 -1  1
6552542095794370873
5 7 3 7 -1  1
6552575462308010373
7 0 2 0 -1  1
6552612495902853204
7 1 6 3 -1  2
6552631957275226104
4 0 1 0 -1  1
6553256822649725666
1 2 1 4 -1  1
6553342411847669577
7 6 7 3 -1  1
6553449006557007060
4 0 4 3 -1  1
6553490040589924827
6 3 7 4 -1  2
6553556168645326338
5 2 3 4 -1  1
6553835959503273820
6 1 7 2 -1  1
6554003071537007192
5 4 4 4 -1  1
6554247401768932908
2 7 4 5 -1  1
6554252061209438882
7 6 6 7 -1  1
6554419454300479148
6 3 3 0 -1  1
6554490118353640345
6 5 3 5 -1  1
6554643063031490770
2 6 2 5 -1  1
6554664627244337707
6 0 5 0 -1  1
6554683738024361307
4 2 3 1 -1  1
6554963085710096606
5 5 3 6 -1  1
6554996321904816359
2 3 3 3 -1  1
6555049701300724946
6 3 1 3 -1  1
6555152991677386010
4 3 5 4 -1  1
6555227185676338829
4 2 6 2 -1  1
6555403618167381109
4 7 3 7 -1  1
6555404494700737231
6 6 6 7 -1  1
6555476448363788950
7 4 0 4 -1  1
6556195279266727474
5 2 5 0 -1  1
6556295800847587103
3 7 2 6 -1  1
6556326402351461391
5 5 4 7 -1  1
6556419299787657590
4 2 6 3 -1  1
6556569934296509621
7 6 6 5 -1  1
6556593635373773783
3 3 2 3 -1  1
6556607903555583493
6 4 5 5 -1  1
6556712069888996988
3 5 3 6 -1  1
6556808438204045853
5 6 5 5 -1  1
6556892590914702995
6 0 5 1 -1  1
6557023422409885863
6 4 7 5 -1  1
6557100430831719462
4 0 3 0 -1  1
6557203431206068659
3 1 3 4 -1  1
6557256059342299688
7 0 7 3 -1  1
6557430364365817314
2 1 1 1 -1  1
6557669922269893920
6 6 5 5 -1  1
6558553024124021371
4 1 1 1 -1  1
6558831026889955032
7 2 5 4 -1  1
6559329385587854681
3 4 2 5 -1  1
6559346557483405202
5 7 4 7 -1  1
6559406521322086884
2 0 3 0 -1  1
6559461432310208071
7 5 5 6 -1  1
6559471173978026021
7 2 3 6 -1  1
6559651642042632427
7 0 7 2 -1  1
6559688380548498056
6 6 7 5 -1  1
6560274271945901813
7 0 7 2 -1  1
6560519417576773851
7 1 6 3 -1  1
6560984822427452699
4 3 7 0 -1  2
6561005120181583043
4 5 6 7 -1  1
6561017158278508586
1 1 2 3 -1  1
6561044549380254238
6 4 6 5 -1  1
6561205196941226501
7 6 7 7 -1  1
6561205712799642139
5 0 3 1 -1  1
6561226515505455625
6 7 4 7 -1  1
6561282189940035158
5 5 3 4 -1  2
6561287460106342426
7 1 6 1 -1  1
6561468498357359348
6 1 5 2 -1  1
6561549287345801826
0 3 6 3 -1  1
6561586697967648207
6 4 5 5 -1  1
6561792679044945101
6 3 5 3 -1  1
6561852221069720802
5 5 4 3 -1  1
6562034474160620032
5 5 6 4 -1  2
6562062866417431383
4 2 3 3 -1  1
6562161425852640484
4 2 1 5 -1  1
6562272897533039391
6 0 5 0 -1  290
6 5 4 5 -1  8
6 6 5 6 -1  5
7 5 3 1 -1  2
7 5 4 2 -1  2
7 6 5 5 -1  133
7 6 6 4 -1  1
6562346651326786670
5 3 4 1 -1  1
6562517249384285964
7 1 3 1 -1  1
6562522198734261297
7 2 3 6 -1  1
6562770778052824964
5 4 4 4 -1  1
6562818694265934171
6 2 5 2 -1  1
6562904072401952495
1 3 1 2 -1  1
6563000810950349497
5 2 4 2 -1  1
6563157121014925015
5 5 6 4 -1  1
6563189030229290912
6 5 5 5 -1  1
6563334462008063752
7 6 6 6 -1  1
6563427956149288346
2 6 4 6 -1  1
6563449439258187822
5 2 3 1 -1  1
6563453813984324240
7 3 5 3 -1  1
6563483193542675409
6 4 4 4 -1  1
6 6 5 6 -1  1
6563505344495680362
1 2 6 7 -1  1
6563816975560280175
6 5 6 4 -1  1
6563977557229331677
6 5 6 0 -1  1
6564142962484518806
5 7 4 6 -1  1
6564201814690478061
6 1 4 1 -1  1
6564226610841391259
1 6 3 4 -1  1
6564588162897407656
6 6 5 5 -1  1
6564693182314904794
5 4 4 4 -1  1
6564749902617913141
7 6 6 7 -1  1
6564882770306010866
7 6 7 7 -1  1
6564940160410889650
4 7 3 7 -1  1
6564981281602635122
5 1 5 0 -1  1
6564985826288704650
6 6 4 6 -1  1
6565290313505887978
5 3 4 2 -1  1
6565471077035836316
1 1 0 1 10  1
6565511378306532650
3 2 2 0 -1  1
6565624559663623049
7 6 7 0 -1  1
6565662199833117774
7 2 7 3 -1  1
6565819836422015391
4 3 3 4 -1  1
6565986851510303358
3 6 2 5 -1  1
6565998367810605827
6 6 5 7 -1  1
6566070369669729605
4 3 3 4 -1  1
6566084129676499400
6 5 5 4 -1  1
6566426342185378512
4 4 5 5 -1  1
6566608482128162612
5 5 3 6 -1  1
6566614886413496432
7 1 6 1 -1  1
6566752965715427933
6 1 5 1 -1  1
6566979830276697711
6 1 5 1 -1  1
7 4 7 6 -1  1
6567102034869758337
7 3 6 4 -1  1
6567409771615734004
4 2 3 3 -1  1
6567411813177351053
5 4 6 3 -1  2
6567446927103347021
5 2 6 4 -1  1
6567486663155783507
4 2 3 2 -1  1
6567503042986079972
7 5 6 6 -1  1
6567674048219625716
5 0 4 0 -1  2
6567769540715230125
5 1 4 2 -1  1
6567891956677969162
4 5 3 6 -1  1
6568014526017392981
5 1 7 1 -1  1
6568129053330864941
7 0 7 1 -1  1
6568262388481358374
5 6 4 5 -1  1
6568264605512267454
5 3 4 3 -1  1
6568458646194375572
7 7 5 7 -1  1
6568977003607043209
6 7 4 7 -1  4
6569026382241292231
6 7 4 7 -1  1
6569077310987416473
5 6 6 6 -1  1
6569239590317975826
0 3 0 5 -1  1
6569411694789435607
6 4 5 4 -1  1
6569445537781064210
7 4 7 6 -1  1
6569451270905735285
3 0 6 3 -1  1
6569587168114034758
4 1 3 1 -1  1
6569611618206032957
6 6 5 6 -1  1
6569634820229747842
3 1 2 2 -1  1
6 1 5 1 -1  4
6 2 4 2 -1  1
7 4 7 6 -1  35
6569657487608951250
7 4 7 2 -1  1
6569679138705236726
4 7 4 6 -1  1
6569842422617556398
3 1 3 0 -1  1
6569943259442511682
4 2 3 2 -1  1
6570132446388306933
5 1 4 1 -1  1
6570290190614386400
7 0 7 4 -1  1
6570312816416550847
7 3 6 4 -1  3
6570315744992493010
7 3 6 4 -1  1
6570446730243693234
6 0 4 0 -1  1
6570761841399573699
5 2 3 1 -1  1
6570840269892842771
6 4 7 3 -1  1
6570904303208866181
4 1 4 2 -1  1
6570905324078896205
5 2 4 2 -1  1
6571632857472409434
6 4 6 3 -1  1
6571868256971985073
6 0 4 0 -1  1
6571904043089406246
2 3 4 4 -1  1
6571942645497953153
2 7 3 6 -1  2
6572022383623298746
7 4 7 3 -1  1
6572260079189760519
4 2 5 1 -1  1
6572738005025232310
6 5 6 6 -1  2
6572791253929081542
6 5 4 5 -1  1
6572792674148382006
3 6 2 6 -1  1
6572876367665871022
5 4 6 5 -1  1
6572906585542434033
3 6 2 5 -1  1
6573091544522092618
5 4 4 3 -1  1
6573118211067175455
7 6 6 5 -1  1
6573486243837608383
7 6 7 7 -1  2
6573825073020117900
3 6 4 7 -1  1
6574015027548956102
4 5 3 5 -1  2
6574101582656160890
7 3 7 7 -1  1
6574317883635332987
7 0 7 1 -1  1
6574367704093422322
6 5 5 4 -1  1
6574393038940648727
6 3 7 5 -1  1
6574743220840332867
4 2 3 4 -1  1
6574767646773200942
7 6 6 5 -1  1
6574847577438944381
6 1 6 0 -1  1
6574954263883742937
7 2 4 2 -1  1
6575207120783502823
5 5 4 3 -1  1
6575243471046461992
7 6 6 5 -1  1
6575298190067281858
5 6 4 6 -1  1
6575636960150220192
7 2 6 4 -1  1
6575670390827856800
2 3 1 2 -1  1
6576087743150656924
4 6 3 5 -1  1
6576233242983899336
6 2 5 2 -1  1
6576335240801271856
3 4 1 3 -1  1
6576348318643172511
5 2 4 0 -1  1
6576526363559566627
5 5 7 4 -1  1
6576613790202053348
4 5 2 6 -1  1
6576676200498830663
1 5 2 6 -1  1
6576878680710755181
6 2 7 0 -1  1
6576935319781046368
5 5 4 5 -1  1
6577038219550316985
4 7 3 7 -1  1
6577046568457586626
5 5 4 3 -1  1
6577057845152090476
5 1 4 1 -1  1
6577222290934882228
7 6 7 7 -1  2
6577257483675630226
7 3 7 2 -1  2
6577414618329065887
5 3 4 2 -1  1
6577420425662194088
5 4 5 5 -1  1
6577589621937784403
7 2 6 1 -1  1
6577979076039832695
1 1 2 2 -1  1
6578036469608311255
6 3 4 2 -1  1
6578172388240047023
6 4 5 3 -1  1
6578404822493437601
3 0 2 0 -1  3
6578448411696382603
1 2 1 6 -1  1
6578474231543040760
7 0 7 4 -1  1
6578480670005852364
7 2 4 5 -1  1
6578498159235449204
6 2 4 4 -1  1
6578538274804075235
7 1 7 6 -1  1
6578964343059990227
2 0 6 0 -1  1
6579258764616682753
5 5 3 7 -1  1
6579318662305285569
2 7 1 7 -1  1
6579557945389633687
2 3 0 5 -1  1
6579651071338676647
6 3 7 5 -1  1
6579732940221946631
6 3 4 2 -1  1
6579846075025357115
5 3 4 2 -1  1
6579880928516097080
5 4 4 5 -1  2
6579924402215069355
4 4 3 4 -1  1
6579938669878001260
3 6 2 6 -1  1
6580224441744495514
6 4 5 5 -1  1
6580323372803851107
7 4 7 2 -1  3
6580482405668127042
6 1 5 1 -1  1
6580527850546740595
3 7 3 6 -1  1
6580605571509082921
6 3 5 1 -1  1
6580742672581149930
5 1 3 2 -1  1
6581009804483759745
3 7 4 7 -1  1
6581033485331465020
5 1 4 2 -1  1
6581562609519962992
6 3 5 3 -1  1
6581585091750503861
7 5 6 4 -1  1
6581605157025489484
4 5 3 6 -1  1
6581806307734148306
6 3 6 6 -1  1
6581837159135805862
7 7 7 0 -1  1
6581925407805139023
6 4 5 2 -1  1
6582141386432462317
7 4 7 6 -1  1
6582246122585206394
7 3 7 2 -1  1
6582330445070795958
5 0 4 0 -1  1
6582602212985232945
5 5 6 5 -1  1
6582726806209690535
7 4 7 6 -1  1
6582799720405464798
7 3 5 2 -1  1
6582901158838163547
5 6 4 6 -1  1
6583018386038544592
7 5 7 3 -1  1
6583362674773363733
7 2 3 6 -1  1
6583463075641514452
2 1 5 4 -1  1
6583747241748465104
7 3 6 4 -1  1
6583758332065383299
7 3 7 4 -1  1
6583919723346105641
6 6 5 5 -1  1
6584049172857331595
5 3 4 4 -1  1
6584068683687582550
1 0 2 0 -1  1
6584117367204052668
7 3 5 2 -1  1
6584315953815418307
5 7 4 7 -1  1
6584368699420579649
6 2 4 1 -1  1
6584692265640691069
4 1 3 1 -1  1
6584797179409983110
6 3 7 1 -1  1
6584864178874320118
7 4 6 3 -1  1
6585120044207458102
7 5 5 6 -1  1
6585144007211544145
7 3 5 3 -1  1
6585149444495275071
1 3 0 1 -1  1
6585570902018014082
6 3 6 0 -1  1
6586029213364421132
6 1 5 1 -1  1
6586105478818000751
3 1 2 2 -1  1
6586135046429032684
7 5 6 4 -1  1
6586259094197929583
7 2 3 2 -1  1
6586278414591000894
5 6 6 6 -1  1
6586511834643370705
6 6 3 3 -1  1
6586698398801219121
4 4 3 3 -1  2
6586832920010719858
5 6 4 6 -1  1
6586835995664315164
6 6 5 4 -1  1
6586958045611821596
7 5 7 4 -1  2
6587119593253145198
2 7 5 7 -1  1
6587482505764831432
7 5 7 4 -1  1
6587536435776984264
3 6 4 7 -1  1
6587706376565154591
4 2 5 0 -1  1
6588244305576681442
7 6 7 5 -1  1
6588436453989743958
6 6 4 6 -1  1
6588476947366549169
6 3 5 2 -1  1
6588609695655154418
7 3 3 3 -1  1
6588650473481649118
7 1 6 0 -1  1
6588878921425656159
6 6 7 7 -1  1
6589201132965093168
7 4 7 6 -1  1
6589235843659593682
4 0 2 1 -1  1
6589270567090588877
6 4 5 4 -1  2
7 3 5 1 -1  2
6589549952276751189
5 6 4 7 -1  1
6589570513342352033
6 3 4 3 -1  1
6589606599063967572
5 6 4 6 -1  1
6589687416500652041
1 6 2 7 -1  1
6589855471007093667
7 6 7 5 -1  1
6590121983452707476
4 3 0 3 -1  1
6590134637259030692
5 5 5 4 -1  1
6590159125201321622
1 1 0 3 -1  1
6590231487811294130
4 5 4 7 -1  1
6590402426216988547
4 0 7 0 -1  1
6590507981944347547
4 7 3 7 -1  1
6590527528061306015
7 2 4 5 -1  1
6590643499393109678
1 1 1 6 -1  1
6590732926448098795
7 1 7 2 -1  2
6590777436909721134
3 6 2 5 -1  1
6590805467969167027
7 3 6 2 -1  1
6590845011161258859
2 5 1 6 -1  1
6591030278251121502
7 6 7 7 -1  1
6591035728736657708
6 1 4 1 -1  1
6591061517663107199
6 7 5 6 -1  1
6591101999077794783
5 2 4 4 -1  1
6591152071393567207
4 4 3 3 -1  1
6591190894235926669
7 2 4 5 -1  1
6591229810531146222
6 1 5 1 -1  1
6 2 5 2 -1  15
7 1 6 3 -1  9
6591649791764963447
5 5 5 4 -1  1
6591785905987262667
4 0 6 2 -1  1
6591812334629256517
2 3 4 4 -1  1
6592031751351046174
0 3 1 5 -1  1
6592066557331962822
5 5 6 3 -1  1
6592175271463188318
6 4 7 4 -1  2
6592202645353898375
4 1 3 1 -1  1
6592509142334688340
6 4 4 2 -1  1
6592778205399180339
5 6 6 7 -1  1
6592931155746581926
5 1 6 1 -1  1
6593130083738721824
5 3 0 3 -1  1
6593283342218812344
5 7 4 5 -1  1
6593481269213693394
7 4 7 6 -1  1
6593484348961354851
3 4 4 3 -1  1
6593719913501880593
3 3 3 5 -1  1
6594051730012391460
3 3 2 3 -1  1
6594077855609987029
6 7 4 7 -1  1
6594212409207085685
6 5 4 5 -1  2
6594472294956299908
5 4 3 4 -1  1
6594704198773372314
4 4 4 3 -1  1
6594750182601203027
3 0 1 0 -1  1
6594754363632598753
4 6 2 4 -1  1
6594848195362715315
7 3 6 3 -1  1
6594919770344364386
5 2 3 1 -1  1
6595022940910829890
6 4 5 5 -1  2
6595090914880343186
3 2 2 2 -1  1
6595173804902930458
4 2 2 1 -1  1
6595277412649639131
4 0 3 1 -1  1
6595398590159516439
5 3 4 3 -1  1
6595754239071316745
4 7 3 7 -1  1
6595902848364637328
5 2 4 0 -1  1
6596181877528267659
4 3 3 2 -1  1
6596200457769342182
6 1 5 2 -1  1
6596223023126847574
5 6 4 5 -1  1
6596400989971410587
7 3 6 3 -1  1
6596683427602967657
4 0 3 0 -1  1
6596721690350499337
6 0 4 0 -1  1
6597058968130796934
3 4 2 4 -1  1
6597373053121693266
6 3 4 2 -1  2
6597472320094983347
4 4 4 5 -1  1
6597552141481447069
7 4 7 2 -1  1
6597758774483226344
5 2 6 4 -1  1
6598074236062904435
6 6 5 7 -1  1
6598196305362110669
6 4 5 3 -1  1
6598222257408081585
6 6 5 5 -1  1
6598405663019403938
5 4 4 4 -1  1
6598414598752819558
5 5 3 4 -1  1
6598494076733634168
5 2 4 2 -1  1
6598808303617164357
6 4 5 5 -1  1
6598944892228020372
4 4 5 6 -1  1
6598989240012606283
7 5 6 6 -1  2
6599095025421813387
4 7 5 6 -1  1
6599185444862432229
7 1 7 2 -1  1
6599190393692548124
6 1 5 2 -1  1
6599620897596949867
7 5 7 4 -1  1
6599950979337402170
4 2 2 3 -1  1
6599962718480711284
7 0 7 2 -1  1
6600105555803803520
7 2 6 1 -1  1
6600249475026783269
6 7 4 7 -1  1
6600288477854287686
5 1 5 7 -1  1
6600466012509076687
5 4 3 2 -1  1
6600497228190198487
6 4 5 2 -1  1
6600579145715775514
4 2 3 2 -1  1
6600667294137569689
7 4 4 7 -1  1
6600782134353988604
5 3 4 4 -1  1
6600826402904786620
6 4 6 6 -1  1
6600904014204407626
7 3 5 1 -1  1
6601173874122569548
7 2 7 1 -1  1
6601350801287565498
4 3 4 4 -1  1
6601585033302830945
7 7 4 4 -1  1
6601673770356348116
5 2 4 0 -1  1
6601673785075944805
6 2 6 1 -1  1
6602038911163639181
6 2 5 2 -1  1
6602101847618903476
4 4 3 3 -1  1
6602129554833127931
5 3 5 4 -1  1
6602268793421903068
4 3 3 2 -1  2
6602320616092268285
4 2 5 1 -1  1
6602331870285152376
5 4 4 4 -1  2
6602332048269796193
6 5 5 5 -1  1
6602367908541429354
6 4 4 5 -1  1
6602408463411000305
6 2 4 0 -1  1
6602645166962209104
5 6 3 5 -1  1
6602994109500976365
7 2 7 1 -1  1
6603097287821357701
6 2 6 4 -1  2
6603127343783661225
6 4 5 3 -1  2
6603312276279288956
7 5 6 5 -1  2
6603335399444713476
5 7 4 6 -1  1
6603475160177055700
7 1 5 2 -1  1
6603613949935457564
3 3 1 1 -1  1
6603902984121715935
7 5 6 6 -1  5
6603936411593760521
6 0 4 0 -1  1
6603976346972057331
4 2 3 3 -1  2
6 3 5 3 -1  1
6604095023383541369
6 5 4 5 -1  1
6604138948685332669
4 0 3 0 -1  1
6604207086494991882
7 0 7 2 -1  1
6604321081811942474
6 7 4 7 -1  1
6604477519480060911
6 0 6 2 -1  1
6604537455024042626
7 4 7 6 -1  6
6604640301499969599
3 3 2 2 -1  1
6604693852473812167
6 5 5 6 -1  1
6604861756977245973
5 0 4 0 -1  1
6604864644062636411
7 4 6 4 -1  1
6604909895799304765
0 3 0 0 -1  1
6605299586471115630
5 1 4 3 -1  2
6605420377850151741
6 6 5 5 -1  1
6605678347596095930
4 6 3 7 -1  1
6605684140320829901
7 6 7 5 -1  1
6606485380325182193
5 4 4 4 -1  2
6606630183122044355
6 6 6 5 -1  1
6606697113517422311
6 4 5 3 -1  1
6606738115388086048
6 7 4 7 -1  1
6606742888211382088
5 1 4 2 -1  1
6606743401267548232
5 4 6 3 -1  1
6606885247982697295
3 3 5 4 -1  1
6607081511408168651
6 2 5 3 -1  2
6607163818664334434
5 1 4 1 -1  1
6607238765038262426
6 2 5 2 -1  1
6607285185901945413
7 5 5 3 -1  1
6607593066319011370
6 6 4 6 -1  1
6607735334446051194
6 2 4 2 -1  1
6608114090982863319
4 6 4 4 -1  1
6608116522711111378
5 2 4 0 -1  1
6608365403502214226
5 5 3 4 -1  1
6608375405274713214
6 6 5 6 -1  1
6608380037794872491
7 2 5 4 -1  1
6608455781247210726
3 4 1 4 -1  1
6608506183043433609
6 4 4 6 -1  1
6608567216319085140
5 2 4 0 -1  2
6608690095705532629
5 1 4 1 -1  1
6608871785614417025
5 5 3 6 -1  1
6608886886663266165
7 5 6 5 -1  1
6609169325698445572
6 0 4 0 -1  1
6609429567848787284
3 4 6 4 -1  1
6609713679379990749
6 4 5 5 -1  1
6610036425574819125
5 1 4 1 -1  1
6610092106276416661
7 4 7 2 -1  1
6610117453894187643
6 5 4 5 -1  1
6610247056406303640
7 3 7 4 -1  1
6610340396733508552
6 5 5 4 -1  1
6610770975913762121
5 7 4 6 -1  1
6610780221931055564
4 2 3 3 -1  1
6610879579485865568
4 1 2 1 -1  1
6611353444439095959
3 4 4 3 -1  1
6611624445658342429
6 5 5 5 -1  1
6611628524774435324
7 1 6 1 -1  1
6611630627822468141
7 2 6 3 -1  1
6611646348768142976
6 5 5 5 -1  1
6611790105314278703
6 7 4 7 -1  1
6611819905822371176
4 6 5 4 -1  1
6611901060773758891
6 3 5 2 -1  1
6611930466336541931
6 5 4 5 -1  1
6612075672406611890
2 2 4 4 -1  1
6612086326491227499
4 6 3 6 -1  1
6612110639214797361
6 6 5 6 -1  1
6612311010842552109
2 2 3 4 -1  1
6612334353917967412
6 3 5 1 -1  1
7 0 7 2 -1  1
7 5 6 4 -1  4
6612641032360364203
5 5 4 3 -1  1
6612652436780131732
7 6 7 5 -1  2
6612805542216639912
4 6 3 5 -1  1
6612902389869588088
5 3 4 3 -1  1
6613051942839807762
5 2 3 1 -1  1
5 5 4 3 -1  2
6613421067577213378
4 7 3 6 -1  1
6613439534626382828
7 2 7 3 -1  1
6613528376604118055
4 4 3 3 -1  2
6613549517378002894
6 4 6 3 -1  1
6613830266424972507
6 4 6 3 -1  1
6613878772027163928
2 2 1 2 -1  1
6614405406251017091
7 6 6 4 -1  1
6614578177434373168
3 1 2 1 -1  1
6614653474032951393
7 1 5 1 -1  1
6614703651671924080
4 7 2 5 -1  1
6614805326494287141
6 0 7 1 -1  1
6614819590104972352
5 3 4 4 -1  1
6614913551263598316
7 0 7 3 -1  1
6615056868778519209
6 4 7 3 -1  1
6615102245282524856
5 5 4 5 -1  2
6615230362140455689
6 6 5 6 -1  1
6615417374385569633
5 5 3 6 -1  1
6616286313175730365
4 3 2 2 -1  1
6616333486095420523
7 2 6 1 -1  1
6616400529921506513
7 3 4 0 -1  1
6616500917765500974
4 7 5 7 -1  1
6616514778252166871
6 2 5 2 -1  1
6616645585642686075
3 0 6 0 -1  1
6616667403999204408
1 1 3 0 -1  1
6617142048148135438
3 5 3 6 -1  1
6617367125695226174
7 6 6 6 -1  1
6617406646001071449
6 7 5 5 -1  1
6617576990647809973
6 1 5 2 -1  1
6617622440511822445
5 0 7 0 -1  1
6617651244747467409
7 3 5 3 -1  1
6617661288897196303
5 0 4 0 -1  1
6617828494156536628
7 0 6 1 -1  1
6617864087087023610
6 2 4 2 -1  6
6 4 5 4 -1  1
7 1 6 3 -1  1
7 2 3 6 -1  1
7 2 4 5 -1  1
7 6 5 5 -1  2
6617894694828273223
7 6 7 5 -1  1
6617975884630927982
6 4 5 6 -1  1
6618197693282321950
7 3 6 3 -1  1
6618372464593363311
5 1 3 0 -1  1
6618396486070470707
7 5 7 2 -1  1
6618442841437163628
5 7 5 5 -1  2
6618531769393711512
5 5 4 7 -1  1
6618546445827920075
4 1 3 1 -1  1
6618666133106990755
4 4 5 6 -1  1
6618892164166434317
6 4 6 5 -1  1
6618982266410831116
5 7 4 7 -1  3
6619135782636906521
5 6 7 6 -1  1
6619155720922669164
7 5 7 4 -1  1
6619279441195422799
2 0 7 5 -1  1
6619393124716706623
7 4 7 3 -1  1
6619435984256033190
5 1 1 1 -1  1
6619487470199210919
2 5 2 7 -1  1
6619903905129745544
5 7 3 5 -1  1
6620164540848289490
6 5 5 5 -1  1
6620174439626069953
7 0 7 3 -1  1
6620406133955246184
3 6 5 7 -1  1
6620420942920627474
6 4 7 5 -1  1
6620485967423803264
6 3 4 1 -1  1
6620721940534126128
4 4 2 3 -1  1
6620757665755268011
5 0 6 2 -1  1
6620791875023334170
6 6 7 7 -1  1
6620794556225391367
3 0 0 0 -1  1
6620827909454124574
6 4 7 5 -1  1
6620925842914967673
7 2 5 4 -1  1
6620936431321722110
5 3 5 1 -1  1
6620990809073541519
1 2 6 2 -1  1
6621323243654227904
7 0 6 0 -1  1
6621366435627460761
7 2 5 4 -1  1
6621439768796440936
4 4 4 0 -1  1
6621494424152205985
1 4 2 4 -1  1
6621551498163073814
6 4 5 3 -1  1
6621565677522681330
4 5 3 5 -1  1
6621632252505308107
1 1 0 2 -1  1
6621752532598062677
4 6 0 2 -1  2
6621905928230963538
6 3 5 2 -1  1
6621908007944554066
7 3 2 3 -1  1
6621938643888295687
5 5 6 3 -1  2
6622071581252381086
1 3 2 3 -1  1
6622074012586046570
4 2 4 4 -1  1
6622136869491765888
7 0 7 2 -1  1
6622204674975116963
6 0 5 1 -1  1
6622368890173835391
7 1 5 0 -1  1
6622444018320502063
5 3 4 4 -1  1
6622453890846837736
7 6 7 5 -1  1
6622457396635203070
6 3 5 3 -1  1
6622622120811677520
4 0 7 0 -1  1
6622723140633296130
3 0 0 0 -1  1
6622792999520713415
7 5 5 4 -1  1
6622821741476937076
6 5 4 5 -1  1
6622825094763539430
7 6 6 6 -1  1
6623008798365738267
6 6 5 6 -1  1
6623023674166247833
3 4 2 4 -1  1
6623057672050720428
3 7 2 7 -1  1
6623065930148052298
7 4 7 6 -1  1
6623125445207724244
7 2 6 1 -1  1
6623214965543467604
0 5 5 5 -1  1
6623717903403977176
6 3 4 4 -1  1
6623749493718534703
6 0 5 0 -1  1
6623803884708211277
7 5 7 4 -1  1
6624131056518690890
7 2 6 1 -1  2
6624227990121640531
3 6 2 5 -1  1
6624235699970397001
6 6 5 6 -1  1
6624258708265239381
4 6 3 5 -1  1
6624308639504548159
2 2 1 1 -1  1
6624569038991599070
6 0 4 0 -1  1
6624614768235675299
5 2 4 2 -1  1
6624639350468011134
6 6 4 7 -1  1
6624774192803320208
6 4 5 6 -1  1
6624779114561981135
4 5 2 7 -1  1
6624792847423553572
7 3 6 2 -1  1
6624822339426712596
2 2 0 2 -1  1
6624910235483613893
4 6 3 6 -1  1
6624919663198614402
5 4 4 5 -1  1
6624988916611406844
3 1 2 2 -1  1
6625094029354790063
7 2 6 3 -1  1
6625126008814912921
7 4 7 6 -1  1
6625174183071969200
6 6 7 7 -1  1
6625174705904635115
6 1 7 2 -1  1
6625297610652621079
3 5 2 3 -1  1
6625606808300478819
6 0 4 0 -1  1
6625656126117393540
6 6 5 4 -1  1
6625904783366199290
7 2 6 3 -1  1
6626043921470303047
6 7 5 7 -1  1
6626090605131232659
5 2 4 3 -1  1
6626240889991992141
5 3 4 4 -1  1
6626287026534673021
4 5 3 4 -1  1
6626407499602152393
5 5 3 4 -1  1
6626480082167141639
6 3 5 3 -1  1
6626774227981204208
7 6 6 6 -1  1
6626802619510525558
5 1 7 1 -1  1
6627122219898246160
4 4 5 3 -1  1
6627403428084507844
0 0 3 0 -1  1
6627619555495938702
6 5 5 5 -1  1
6627680113000937991
6 4 6 6 -1  1
6627710368078921943
3 3 2 2 -1  2
6627711059071945043
6 1 3 4 -1  1
6627733477311705134
7 6 6 4 -1  1
6627902581875304641
6 5 5 4 -1  1
6628002118310324220
5 6 4 7 -1  1
6628423476825334197
5 1 1 5 -1  1
6628722083973521345
5 0 3 1 -1  1
6628724725983948880
3 4 1 5 -1  1
6628732499606281844
5 0 7 2 -1  1
6628917813796360996
4 0 4 2 -1  1
6628987249237813213
6 5 5 6 -1  1
6629079058140057740
5 3 5 5 -1  1
6629292495072089983
4 7 3 6 -1  1
6629530041981378246
6 5 7 3 -1  3
6629571247522299922
5 5 4 4 -1  1
6629691716391180119
4 3 4 1 -1  1
6629994353310136675
7 3 3 3 -1  1
6630202960340383043
5 2 4 3 -1  1
6630280480814938886
7 0 7 5 -1  1
6630370701519626337
5 5 3 4 -1  1
6630530209092923792
3 2 3 3 -1  1
6630566300562263533
3 5 4 4 -1  1
6630780016658107287
5 3 4 4 -1  1
6630968470352802080
7 7 7 3 -1  1
6631050744518562304
7 2 3 2 -1  1
6631063218037663473
5 5 4 7 -1  1
6631256863516651722
3 2 2 2 -1  1
6631302043994119636
4 2 3 0 -1  1
6631762134754393625
6 3 5 3 -1  1
6631832151684540994
5 1 3 2 -1  1
6632160752880957046
6 3 5 3 -1  1
6632186026259435791
4 5 3 5 -1  1
6632392395109006346
6 1 5 1 -1  1
6632514693737739578
7 0 5 0 -1  1
6632676555684273299
5 0 1 0 -1  1
6632794658276742512
7 2 7 1 -1  1
6632798348301279806
6 3 5 3 -1  1
6632960162577624763
7 1 6 0 -1  1
6633068346361524890
6 2 4 4 -1  1
6633106467126946305
7 2 5 3 -1  1
6633577405340337238
7 3 5 5 -1  1
6633592230748575538
5 1 7 3 -1  1
6633791818216128927
4 3 1 0 -1  1
6634113851320343321
2 0 1 1 -1  1
6634144526202765302
6 6 7 5 -1  1
6634173336464833101
3 1 3 4 -1  1
6634516434763749983
6 1 5 2 -1  1
6634535151076182050
5 6 4 6 -1  1
6634551399673517136
7 3 7 2 -1  1
6634735638929088071
7 6 7 5 -1  1
6634815467704548797
3 1 6 4 -1  1
6634830545976379562
4 2 4 7 -1  1
6634840454756160353
6 6 2 2 -1  1
6634854742662140585
7 0 6 1 -1  2
6635215274700395620
6 2 6 1 -1  1
6635555556534238452
0 4 2 6 -1  1
6635580972657079933
5 4 3 2 -1  1
6635785235821825723
5 5 4 3 -1  3
6636068714889817623
7 4 7 3 -1  1
6636211919956241146
6 1 4 1 -1  5
6636465078189629505
6 2 1 2 -1  1
6636563544246157518
6 6 7 5 -1  1
6636577045103514624
5 4 4 4 -1  1
6636837266567176059
5 3 3 5 -1  1
6636896660853752254
7 5 7 2 -1  1
6636897511640599309
2 3 3 1 -1  1
6637043243581704547
5 3 3 2 -1  2
6637587929710318913
3 5 5 5 -1  1
6637600105973114206
6 3 4 5 -1  1
6637634936909009174
5 1 4 3 -1  1
6637709367708726049
5 0 4 0 -1  1
6637768408663447921
3 2 0 5 -1  1
6637844207234185584
7 4 7 6 -1  1
6637946387871339534
3 2 1 1 -1  1
6638360595573000989
5 1 3 2 -1  1
6638512695865659053
7 2 5 0 -1  1
6638748539393300227
7 2 3 6 -1  1
6638771034044897763
7 2 4 5 -1  2
6638879867987186193
6 7 5 7 -1  1
6639333680483541881
7 1 5 2 -1  1
6639499282158670615
6 1 5 2 -1  1
6639534046056093649
7 0 7 3 -1  1
6639776423535403194
7 1 6 3 -1  1
6639800388959577241
6 4 4 6 -1  1
6640007295467331429
7 0 7 2 -1  1
6640260735870255977
6 1 6 4 -1  1
6640283084799530842
7 4 7 1 -1  1
6640475070839211476
4 4 4 6 -1  1
6640631161019070137
6 2 4 2 -1  1
7 0 4 0 -1  1
6640635823694465869
4 5 5 4 -1  1
6640922910329615455
3 4 2 4 -1  1
6641111767912018096
4 7 3 5 -1  1
6641241878626523635
7 0 7 1 -1  1
6641245807803508753
2 2 3 0 -1  1
6641424627356328852
6 4 5 4 -1  1
6641581371506400543
3 5 2 5 -1  2
6641669452817057153
6 0 5 2 -1  1
6641802103018353080
3 1 5 0 -1  1
6641937160393563033
7 4 6 4 -1  2
6642060810757095149
6 0 5 0 -1  1
6642251138845207669
7 3 7 4 -1  1
6642611469220183666
4 4 0 0 -1  1
6642766586336807659
7 4 6 3 -1  1
6642792246627600182
3 1 1 3 -1  3
6642917604607916580
5 0 4 1 -1  1
6642961188811239980
6 3 5 1 -1  1
6642993225722415922
6 6 5 7 -1  1
6642995592114230569
2 1 3 1 -1  1
6643410540054614929
2 0 3 1 -1  1
6643434837927612150
5 1 4 1 -1  1
6643506539321935407
5 2 3 3 -1  1
6643565993378865485
5 3 4 3 -1  1
6643642212380716569
7 6 6 7 -1  1
6643657952756168322
6 1 4 3 -1  1
6644231910264890315
0 5 1 6 -1  1
6644266541074487693
6 3 7 4 -1  1
6644714235531001100
7 3 7 6 -1  1
6644762039354602628
7 5 6 5 -1  1
6645075609949899842
6 5 5 5 -1  1
6645227609891747306
3 2 4 4 -1  1
6645366442003638470
2 4 3 5 -1  1
6645369243528800961
4 6 3 5 -1  1
6645620368078183096
7 5 6 6 -1  2
6645671392725272159
5 0 7 0 -1  1
6645679582230755936
5 7 4 7 -1  1
6645842703258578408
3 1 5 2 -1  1
6645858036630243798
3 1 2 1 -1  1
6646303975205464513
5 7 4 7 -1  1
6646346902163207034
1 1 5 5 -1  1
6646379456077808343
6 6 5 6 -1  1
6646540347784139318
7 3 6 2 -1  3
6646616960059233131
7 4 6 2 -1  2
6646781106123633480
4 5 4 2 -1  1
6646864994451476147
7 6 6 5 -1  1
6646883402489604890
6 4 5 5 -1  1
6646894061378050501
3 2 2 4 -1  1
6647038133823550468
6 3 7 5 -1  1
6647149483675347644
6 6 4 6 -1  1
6647267078008528044
6 6 5 6 -1  1
6647384110268968552
6 7 5 7 -1  1
6647530665551358993
6 5 5 6 -1  1
6647624196812083535
2 4 3 4 -1  1
6647659807254878460
4 1 5 2 -1  1
6647730913211067316
6 6 5 5 -1  1
6647854838603980653
2 2 5 2 -1  1
6648039841510286295
5 2 4 2 -1  1
6648232681763758270
5 6 4 6 -1  1
6648369977391636071
4 3 2 2 -1  1
6648545106503108821
7 3 4 0 -1  1
6648643562597175685
6 5 5 4 -1  1
6648828112928637895
6 4 4 4 -1  1
6649109083709948851
5 5 6 3 -1  1
6649202856343071146
6 1 4 1 -1  1
6649379878347895232
7 2 3 2 -1  1
6649380245032723528
6 4 7 5 -1  1
6649450676306253370
1 7 1 5 -1  1
6649591863396517720
6 1 4 3 -1  1
6649803665198756970
3 3 3 6 -1  1
6649898725689772480
5 3 6 2 -1  1
6649977010064565205
7 3 4 3 -1  1
6650087020143267408
0 4 0 7 -1  1
6650348358915792724
5 4 4 4 -1  3
6650380465943181314
7 7 7 3 -1  1
6650474559142386287
7 6 6 6 -1  1
6650496491894339417
7 4 7 1 -1  1
6650505538519175536
7 0 7 3 -1  1
6650638691045551907
6 5 4 5 -1  1
6650771048861866572
7 6 6 5 -1  1
6650941674945467866
6 3 5 2 -1  1
6650960932641569262
5 5 4 6 -1  1
6651166001957833032
3 6 2 5 -1  1
6651749730101607897
3 4 2 6 -1  1
6651814728149863079
7 5 2 5 -1  1
6652077155097458453
6 2 5 2 -1  1
6652077596159202137
7 2 6 1 -1  6
6652120108101678188
5 5 7 6 -1  1
6652219072647221996
6 5 5 5 -1  1
6652269727649187934
6 1 5 2 -1  1
6652401613006544050
6 3 4 4 -1  1
6652595275629590394
7 3 4 3 -1  1
6652732982796812420
7 3 7 4 -1  1
6652751680236551438
6 2 4 2 -1  1
6652879040584672710
6 4 5 4 -1  1
6652958942234787972
3 4 3 5 -1  1
6653187783052624339
5 2 6 4 -1  1
6653393245031167798
3 3 4 4 -1  2
6653397458991173290
3 3 6 0 -1  1
6653447189933369297
7 1 6 3 -1  1
6653495609138271067
7 2 5 4 -1  1
6653517319803183361
5 6 4 6 -1  1
6653621374681395197
7 6 7 5 -1  1
6653632102021510740
6 4 6 2 -1  1
7 6 6 6 -1  1
6654014404204340364
4 4 3 4 -1  1
6654025272954719057
3 2 4 3 -1  1
6654056178133914476
5 2 7 2 -1  1
6654082388353694463
3 4 4 6 -1  1
6654577096981357776
7 5 6 5 -1  1
6654587004739523013
6 3 7 5 -1  1
6654647371024949033
6 6 5 6 -1  1
6 7 4 7 -1  1
6654684446773678700
7 5 7 4 -1  1
6654827141563158330
2 2 6 2 -1  1
6654982611927188453
5 3 5 2 -1  1
6655084742154609339
7 1 5 2 -1  1
6655252590672443285
2 1 4 3 -1  1
6655416040194511958
7 2 6 1 -1  1
6655517809673184613
6 6 5 7 -1  1
6655591633376897030
2 0 3 0 -1  1
6655613890492661671
3 7 5 5 -1  1
6655651857436917165
7 4 7 3 -1  1
6655826763427341259
7 4 7 6 -1  1
6655974683472428203
5 2 3 3 -1  1
6656164582012138262
7 2 6 3 -1  1
6656187051475827162
5 0 4 0 -1  1
6656223557254221747
2 2 2 0 -1  1
2 2 7 2 -1  1
6656391904741356915
5 4 4 3 -1  1
5 5 4 3 -1  2
6656623441631558004
5 4 3 2 -1  1
6656685808380442482
6 3 5 5 -1  1
6656700515639570287
3 0 2 2 -1  1
6656968311936855670
5 2 4 3 -1  1
6657189748673498821
5 3 6 2 -1  1
6657201131534588746
7 6 5 5 -1  2
6657226425713562861
6 3 5 1 -1  1
6657326069668002603
5 5 5 6 -1  1
6657422522647870435
3 0 3 5 -1  1
6657492407637640491
5 5 1 1 -1  1
6657588517920866198
2 4 5 1 -1  1
6657857812259918608
4 3 3 2 -1  1
6658387718561221935
5 4 3 3 -1  1
6658412288072611944
2 4 4 5 -1  1
6658584194681747356
5 7 4 7 -1  1
6658616458231555990
3 2 6 2 -1  1
6658674348619167421
6 2 4 2 -1  1
6658674454685687780
4 5 4 4 -1  1
6658680020104765760
5 5 5 4 -1  1
6658715125089758184
6 5 6 6 -1  1
6658826732881824224
7 0 1 0 -1  1
6658971340563010923
2 1 1 2 -1  1
6659090634273839098
7 3 7 2 -1  1
6659162376713747865
7 2 6 3 -1  1
6659359862493845090
7 1 7 0 -1  1
6659459972692515925
4 4 6 3 -1  1
6659528240088254606
6 3 5 3 -1  1
6659657628730947827
5 4 3 5 -1  1
6659703961525607266
5 4 4 6 -1  1
6659720305840201399
5 2 4 2 -1  1
6660043094808074459
5 5 3 5 -1  2
6660117662719897417
3 2 4 3 -1  1
6660148084990210915
7 6 6 6 -1  1
6660335148032647887
7 5 7 2 -1  1
6660347697691893607
1 2 3 0 -1  1
6660449363997155902
7 7 7 6 -1  1
6660453915562210502
4 7 5 6 -1  1
6660563857316220551
6 1 7 1 -1  1
6660597114871874664
4 6 3 5 -1  1
6660634816976625765
7 0 2 0 -1  1
6660863415688257138
7 4 6 5 -1  1
6660925213431005280
7 3 7 4 -1  1
6660942414288111510
7 0 6 0 -1  1
6660974588663061646
7 4 7 2 -1  1
6660978696981258476
6 5 5 6 -1  1
6661078507152338794
2 3 4 4 -1  1
6661278115451723648
7 5 5 7 -1  1
6661405726523481241
6 0 4 0 -1  1
6661408447568524858
7 2 6 3 -1  1
6661421000772800396
5 5 7 4 -1  1
6661458521837809696
7 6 6 5 -1  1
6661727236019090560
7 5 7 3 -1  1
6661758606018974444
6 5 4 7 -1  1
6661794321885600299
3 1 5 3 -1  1
6661972999552373895
6 3 6 2 -1  1
6662128113639249494
7 5 5 5 -1  1
6662312247998120270
3 4 4 4 -1  1
6662361893271415086
7 7 6 6 -1  1
6662669065933676597
6 4 7 3 -1  1
6662670004858281702
7 6 7 7 -1  1
