6960062397882533493
3 1 5 2 -1  1
6960278769201547940
7 7 7 6 -1  1
6960290612073846003
6 0 3 3 -1  1
6960520188365706411
7 2 4 5 -1  1
6960565768837169577
6 4 5 3 -1  1
6960613634746482587
6 1 6 2 -1  1
6960648883364278032
6 5 4 5 -1  1
6960752074756458250
6 1 4 1 -1  1
6960916568848576737
4 2 5 0 -1  1
6960982940543210618
5 4 6 3 -1  1
6961611993793915277
6 3 0 3 -1  2
6961711378919501072
4 1 3 1 -1  1
6961777816244285137
6 2 5 3 -1  1
6961940141274586582
5 7 4 6 -1  1
6962088686118869734
7 4 7 6 -1  1
6962321540022423425
6 4 5 5 -1  1
6962486297624402694
3 4 5 3 -1  2
6962590842020956957
4 1 3 1 -1  1
6962611997316373924
6 4 5 3 -1  1
6962757140344878714
7 3 7 4 -1  1
6962982663688630703
5 1 4 3 -1  1
6963000746197298804
3 2 2 0 -1  1
6963288083080475473
5 1 4 2 -1  1
6963445730642397497
0 2 0 1 -1  1
6963637011930906948
4 2 5 1 -1  1
6963749176532898181
5 3 4 4 -1  1
6963864975547083804
6 5 4 5 -1  1
6963897319256818567
4 5 3 4 -1  1
6963957815432791031
1 0 1 2 -1  1
6964017259130445085
5 5 6 4 -1  1
6964357519159161214
0 4 0 5 -1  1
6964519116010853094
7 5 7 0 -1  1
6964612284456796111
6 3 5 3 -1  1
6964657859841620513
7 5 6 6 -1  1
6964696324162540948
7 0 7 2 -1  1
6964759690762226337
0 3 4 3 -1  1
6964807805360255698
5 3 5 5 -1  1
6965326761481574351
5 5 7 4 -1  2
6965517372211900113
6 0 4 0 -1  2
6965582657287332961
4 0 3 0 -1  1
6965584592256720447
6 1 7 0 -1  1
6965739367037679703
6 7 7 7 -1  1
6965912528055313723
5 2 5 0 -1  1
6965943828824380215
7 2 4 5 -1  1
6965998018346868235
7 3 7 1 -1  1
6966075659716061047
4 7 4 4 -1  1
6966326062540987318
4 4 3 4 -1  1
6966615339690998253
6 2 5 2 -1  1
6966692535944400189
4 0 4 3 -1  2
6966710782291119211
7 6 6 5 -1  1
6966770578863507621
5 0 1 0 -1  1
6966812410443773422
4 2 3 2 -1  2
6 3 4 3 -1  1
6966929904119275210
7 6 7 5 -1  1
6967168051216653025
6 4 4 2 -1  1
6967171174906434776
4 6 2 7 -1  1
6967179855711243554
4 3 3 4 -1  1
6967276774141236948
5 5 4 4 -1  1
6967313427409629610
6 5 5 5 -1  1
6967435907486571268
6 3 5 5 -1  1
6967487234986067511
5 3 4 3 -1  1
6967549096121118515
5 2 4 1 -1  1
6967563804531817823
5 2 3 3 -1  1
6967909500741541590
5 7 4 6 -1  1
6967919383972631517
3 4 2 3 -1  1
6968005963025913149
3 5 2 5 -1  1
6968088735589152572
5 6 5 3 -1  1
6968195353796966381
7 4 5 4 -1  1
6968436946492490225
1 4 0 4 -1  1
1 4 1 5 -1  1
6968526061720382388
6 1 3 1 -1  1
6968735077394841994
6 3 6 6 -1  1
6969186543499721230
4 2 3 0 -1  1
6969203506247838559
4 2 2 3 -1  1
6969514337525976914
2 4 3 5 -1  1
6969557947341623687
5 4 7 2 -1  1
6969592783134449441
6 1 4 3 -1  1
6969858055208067510
4 1 3 2 -1  2
6970068888536642999
4 3 3 2 -1  21
6 2 5 2 -1  244
6 4 5 4 -1  71
7 1 5 2 -1  1
6970125971002420045
6 3 7 3 -1  1
6970148543790320706
6 1 5 1 -1  1
6970614603113348063
5 5 4 3 -1  1
6970760315015333244
1 0 4 3 -1  1
6971053885289091254
7 1 6 1 -1  1
6971107481902258327
6 1 3 4 -1  1
6971146158836380527
7 1 6 3 -1  3
6971270575196021739
7 3 7 1 -1  1
6971503149946057010
3 1 1 1 -1  1
6971525925669154346
5 5 5 2 -1  1
6971553168865785003
7 2 5 0 -1  1
6971733237484273575
5 0 0 0 -1  1
6971841562502128079
6 4 6 2 -1  1
6972019495799700045
4 2 3 4 -1  1
6972215819202255582
7 3 7 1 -1  1
6972270981781114149
5 4 1 0 -1  1
6972271999396611896
5 5 6 4 -1  1
6972642069378040091
7 3 3 7 -1  1
6972714366771111194
5 5 7 4 -1  1
6972728019450161106
5 6 4 6 -1  1
6972797404056243102
6 1 5 1 -1  1
6972822522118547422
5 2 4 2 -1  1
6972847251258022255
4 3 3 4 -1  1
6972922379686223515
7 1 5 2 -1  1
6973096805213957850
6 4 5 5 -1  1
6973330173190258341
6 7 5 7 -1  1
6973362355427386983
5 6 7 5 -1  1
6973432025672542639
6 4 7 3 -1  1
6973507613417292839
7 5 3 1 -1  1
6973509156793403047
6 1 4 1 -1  1
6973598253961687091
7 3 6 1 -1  1
6973672094183578408
7 3 6 2 -1  1
6973794693552501895
4 5 2 3 -1  1
6974004804857513924
7 0 2 0 -1  1
6974610646706962628
7 4 7 6 -1  1
6974680386827789354
7 6 6 5 -1  4
6974712199438638595
4 3 3 4 -1  1
6974737983747166757
4 5 3 5 -1  1
6974804439386131048
5 4 6 3 -1  2
6974899180802916228
2 3 4 2 -1  1
6974905726830742006
1 1 1 0 -1  1
6975076182861022097
7 4 7 6 -1  1
6975324724509143043
7 0 7 2 -1  1
6975378805918240284
5 2 6 4 -1  1
6975493822803927587
5 5 4 5 -1  1
6975647323045165443
5 4 4 4 -1  1
6975788139200131285
6 4 5 4 -1  1
6975796732815557975
5 2 4 2 -1  1
6975982368470834944
4 0 5 2 -1  1
6976230057726636109
0 4 7 4 -1  3
6976412880104992349
6 7 5 7 -1  1
6976421020375004291
6 2 5 2 -1  1
6976455271301886415
4 1 5 2 -1  1
6976458574773284073
2 5 2 1 -1  1
6976776599793132398
7 7 7 6 -1  1
6976778255594510187
1 0 1 2 -1  2
6976809000970082374
6 6 6 7 -1  1
6976927334061261294
7 5 7 4 -1  2
6976945320615256469
4 2 5 3 -1  1
6977351458244774099
7 7 7 4 -1  1
6977356714185703882
5 6 4 7 -1  1
6977845550996398476
7 4 7 6 -1  1
6977962397933928171
6 1 4 1 -1  1
6978117545141758620
4 4 3 3 -1  1
6978176614584440084
6 1 5 2 -1  1
6978335056056162360
7 3 4 3 -1  1
6978646622298659506
2 6 0 4 -1  1
6978687973867851206
6 3 4 2 -1  1
6978806759016522246
5 3 4 2 -1  1
6978966451877886705
4 2 3 3 -1  1
6978986967860078435
6 2 5 2 -1  1
6979009163785708353
7 3 6 2 -1  1
6979085865324764990
1 2 1 3 -1  1
6979107764715945124
4 2 6 1 -1  1
6979148300122716397
7 1 4 4 -1  1
6979413877244128017
7 1 6 0 -1  1
6979486233648327290
4 0 3 0 -1  1
6979587561022814919
3 2 4 3 -1  1
6979613346309183168
4 6 3 6 -1  1
6979683219988023212
5 5 6 4 -1  1
6979693946389281093
4 3 3 2 -1  1
6979733868071274685
6 2 5 3 -1  1
6979763189592170736
7 4 7 6 -1  1
6979853715560774064
6 4 4 4 -1  1
6980091004752108152
4 4 2 3 -1  1
6980145041208733231
6 7 4 7 -1  1
6980325055458169293
3 1 4 3 -1  1
6980332105320603767
4 3 6 4 -1  1
6980438010504722645
7 5 4 2 -1  1
6980440853109540647
0 5 0 2 -1  1
6980671648396265231
7 0 7 4 -1  1
6980782731299630868
7 1 7 2 -1  1
6981332177810767745
4 2 4 6 -1  1
6981357506762649410
5 5 4 3 -1  2
6981362780545742939
3 6 4 7 -1  1
6981413595836183252
5 6 4 5 -1  1
6981420306434045132
5 4 6 5 -1  1
6981492067720595143
6 2 4 2 -1  1
6981585259875145020
7 3 6 3 -1  3
6982134952492508884
4 4 3 4 -1  1
6982224627169928042
6 5 5 5 -1  1
6982282706982290782
3 4 2 2 -1  1
6982482194531463653
6 5 5 5 -1  1
6982671783368905806
3 1 2 1 -1  1
6983099350656380839
3 4 6 4 -1  1
6983729319705263904
4 3 2 2 -1  1
6983874816744712557
6 5 5 5 -1  1
6983881189432214983
3 4 5 4 -1  1
6983970778685524637
4 6 3 6 -1  1
6984048426375960843
6 3 5 1 -1  1
6984382955206657574
4 5 3 4 -1  1
6984433164576338592
5 2 3 3 -1  1
6984741985651021029
5 4 4 5 -1  1
6984756517214348207
3 3 4 2 -1  1
6984899578969759779
2 6 2 4 -1  1
6 4 6 5 -1  1
6984916802391558843
2 0 3 1 -1  1
6984954146249915021
6 1 7 2 -1  1
6985031784657170533
5 0 7 2 -1  1
6985279512813323577
6 5 4 5 -1  1
6985398506978981507
7 5 6 6 -1  4
6985406020746634832
5 1 7 3 -1  1
6985466379826938055
4 1 2 1 -1  1
6985570823980757524
6 6 5 7 -1  1
6985580424299953094
2 5 1 5 -1  3
7 3 7 2 -1  3
6985691794801820951
6 6 7 6 -1  1
6985776751885720908
2 7 3 6 -1  1
6985878462033765850
1 4 2 4 -1  1
6985881826145088354
5 0 3 0 -1  1
6986123135868161069
2 2 3 1 -1  1
6986140482367328177
4 4 2 3 -1  1
6986291315706982118
3 1 4 2 -1  1
6986512633926624734
7 1 6 3 -1  1
6986567050352488315
5 7 4 7 -1  1
6986617984224472442
6 7 4 7 -1  1
6986932560199079002
3 3 2 2 -1  1
6987068090204168299
7 3 6 4 -1  1
6987088158266924281
3 3 2 5 -1  1
6987129756724229816
4 0 4 2 -1  1
6987271907387004277
6 6 5 6 -1  1
6987283754898914586
3 1 6 4 -1  1
6987285128861162310
5 6 3 7 -1  2
6987328145359276335
4 5 6 4 -1  1
6987515436002244848
7 4 5 4 -1  1
6987647989171262673
7 1 6 3 -1  1
6987664408338639477
7 4 1 4 -1  1
6987792525442772844
6 3 5 1 -1  1
6987818398710400348
1 1 4 1 -1  1
6987888023903031391
3 6 2 4 -1  2
6988034613601262367
1 2 2 3 -1  1
6988080939607434167
6 3 7 5 -1  1
6988096315854808440
3 5 4 7 -1  1
6988190509323457143
4 3 6 2 -1  1
6988206796276821660
7 6 6 7 -1  1
6988218069210179591
7 3 3 3 -1  1
6988520216073151846
2 7 1 7 -1  1
6988887800552756209
7 7 7 6 -1  1
6989036830267111470
7 2 3 6 -1  1
6989633545130995291
5 2 3 4 -1  1
6989635201596305867
7 6 6 5 -1  1
6989762449310602551
6 5 7 6 -1  1
6989811009834358658
5 6 4 4 -1  1
6989861925427653181
6 4 6 5 -1  1
6990221965291058825
7 5 5 7 -1  1
6990289496903000340
5 4 7 3 -1  1
6990602615507656184
7 5 6 4 -1  1
6990707962401695442
3 6 4 6 -1  1
6990844360178496848
7 3 6 3 -1  1
6990986157362698984
2 2 1 1 -1  1
6991023603330398579
7 2 6 2 -1  1
6991025888064222778
5 1 7 2 -1  1
6991156377100430056
6 6 7 5 -1  1
6991208824257930289
7 3 7 4 -1  1
6991672500978464946
6 3 5 3 -1  1
6991872217918022499
6 6 5 5 -1  1
6992025926215934585
4 0 4 2 -1  1
6992115271980451483
0 2 0 1 -1  2
6992486126175793368
3 3 7 3 -1  1
6992500344857378355
2 2 1 2 -1  1
6992533344038098594
3 3 5 1 -1  1
6992550301610408907
5 3 4 4 -1  1
6992568867140526687
3 3 2 3 -1  1
6992778669774331729
3 5 1 4 -1  1
6992839623043515868
6 7 5 7 -1  1
6992955868276937150
5 5 6 3 -1  1
6993091821198301445
5 3 4 4 -1  1
6993115978080728421
5 5 6 3 -1  1
6993321392026419449
6 6 5 6 -1  1
6993401158280960643
6 4 7 5 -1  1
6993556162035231578
5 7 4 7 -1  1
6993594602035413329
6 3 5 3 -1  1
6993896634757572749
4 3 3 2 -1  1
6 2 5 2 -1  3
6 4 5 4 -1  6
6993913399331517537
7 5 7 4 -1  1
6994042856106130251
7 3 6 2 -1  3
6994091765202759367
0 3 3 6 -1  1
6994197549793697686
6 5 5 5 -1  1
6994314590138897376
6 6 5 7 -1  1
6994546613824845249
6 5 5 4 -1  1
6994559499682342877
5 4 4 5 -1  1
6994605796208365948
5 2 3 1 -1  1
6994638695238745475
2 3 0 4 -1  1
6994872081814266361
0 6 2 6 -1  1
6994951328686290476
7 5 7 3 -1  1
6995167814238893907
7 4 7 6 -1  1
6995327914559776301
4 4 4 0 -1  1
6995438414250807210
7 2 4 5 -1  1
6995498873633359320
7 3 4 3 -1  1
6995555430933087273
7 3 7 2 -1  1
6995862893126477421
6 3 6 0 -1  1
6995970812923838939
7 2 6 3 -1  1
6995984017014473796
7 4 7 6 -1  1
6996261629696673133
6 5 7 4 -1  1
6996496362011039161
5 6 3 6 -1  1
6996546509396745735
7 4 6 4 -1  1
6996891119306627766
4 2 3 4 -1  1
6997784886457170942
4 1 3 0 -1  1
6997786550928021983
3 6 5 4 -1  1
6997831260122872584
4 5 2 6 -1  1
6997864748697907199
4 5 3 5 -1  1
6998509749154962741
7 4 1 4 -1  1
6998588401139322855
6 3 5 3 -1  1
6998781554658229608
5 2 2 2 -1  1
6999244832143535955
5 4 4 3 -1  1
6999299077576815493
7 1 7 0 -1  1
6999325110200204636
5 4 5 2 -1  1
6999366323649084811
4 4 5 2 -1  1
6999533760363699481
3 1 2 2 -1  1
6999651504226501654
5 7 4 7 -1  1
6999710384846466424
3 2 5 2 -1  1
6999711901746751610
5 1 6 2 -1  1
6999938056340692949
7 3 6 4 -1  1
7000174646227867316
6 0 4 0 -1  1
7000228320557696099
3 6 5 4 -1  1
7000258015830360259
4 4 5 6 -1  1
6 3 4 2 -1  2
7000377618876214735
7 1 6 3 -1  1
7000395400394606734
6 6 5 5 -1  1
7000407240613120886
1 0 0 0 -1  1
7000430359831026058
5 6 6 7 -1  1
7000688474228855872
4 4 5 2 -1  1
7000949289486541946
7 4 6 4 -1  1
7001047506858766436
7 0 7 1 -1  1
7001079272198146912
5 3 4 2 -1  1
7001152427011149925
7 3 6 4 -1  1
7001172696086600780
7 4 6 4 -1  1
7001208489823304531
5 5 4 7 -1  1
7001244648271443215
7 6 6 6 -1  1
7001340910566884772
5 4 5 6 -1  1
7001448058443133331
5 0 4 0 -1  1
7001521087921945457
4 6 6 7 -1  2
7001586679357265392
4 0 6 2 -1  1
7001625266437495130
4 3 2 4 -1  1
7001663401165662300
3 5 4 4 -1  1
7001710785228635489
4 4 3 3 -1  1
7001723952052430473
7 1 7 0 -1  1
7001925587379373427
7 3 4 0 -1  1
7001942223304855672
0 0 3 0 -1  1
7002941238222912125
7 6 6 5 -1  1
7003008834973137802
6 3 4 4 -1  1
7003170312217028555
6 2 6 1 -1  1
7003380799424142581
5 4 4 4 -1  1
7003498335705670936
3 1 2 2 -1  1
7003504355284566984
6 4 6 7 -1  1
7003832433222284705
5 3 4 5 -1  1
7003903542470043958
5 3 5 2 -1  1
7004088209170174192
2 2 1 1 -1  1
7004235531470255061
4 2 3 2 -1  1
7004285650743622953
1 5 1 2 -1  1
7004316032142744500
4 0 0 0 -1  1
7004346746972871333
6 2 6 3 -1  1
7004842484350261244
5 2 4 3 -1  1
7004913383542124711
6 1 0 1 -1  1
7005237037983856218
2 2 0 3 -1  1
7005460034396744865
6 2 5 3 -1  1
7005563366941352703
6 6 4 6 -1  1
7005651962960104730
4 6 3 6 -1  1
7005682337969890324
3 3 1 5 -1  1
7005745139299308132
3 6 2 7 -1  1
7005859455872820589
3 0 0 3 -1  1
7005894794580394593
7 6 7 5 -1  1
7005894945712478752
3 1 4 1 -1  1
7006287080932837386
3 2 2 2 -1  1
7006393081773260838
7 0 4 0 -1  1
7006478935081437180
5 4 3 5 -1  1
7006590763888893738
5 5 4 4 -1  1
7006801768218623198
6 7 5 7 -1  2
7006965706952648667
6 7 5 7 -1  1
7006994640505536885
5 2 3 2 -1  1
7007066204179907536
7 2 7 1 -1  1
7007067580431556085
6 7 5 6 -1  1
7007216645762876980
5 7 0 2 -1  1
7007228302859182573
4 5 3 5 -1  1
7007380483557753052
7 2 6 3 -1  2
7007438181825391010
4 2 3 4 -1  1
7007493975283508838
7 4 7 6 -1  5
7007681147076396530
5 2 4 2 -1  2
7007776725133453095
1 3 1 0 -1  1
7007981431041225487
4 5 4 6 -1  1
7008028140366988243
7 3 7 4 -1  1
7008384730349462971
6 6 1 1 -1  1
7008544002282090876
6 4 5 3 -1  1
7008581761655539763
4 1 6 1 -1  1
7008759043108158859
6 2 5 3 -1  1
7008822908052964385
1 0 1 5 -1  1
7009047184385705790
6 7 5 7 -1  1
7009299572373411578
4 2 4 0 -1  1
7009571891837669815
6 4 5 3 -1  1
7009633691788817432
6 3 4 5 -1  1
7009751212198041448
6 4 7 5 -1  1
7009760462469016525
5 3 4 4 -1  1
7009971037484925535
1 0 0 0 -1  1
7010022971549565458
7 5 7 0 -1  1
7010040481011372241
4 6 0 2 -1  1
7010104921281670087
5 2 5 1 -1  1
7010364155727110095
6 7 4 7 -1  1
7010531201332498125
5 2 6 4 -1  1
7010951572202307873
7 3 6 3 -1  1
7011048999997772943
4 0 7 3 -1  1
7011166308165420393
4 4 2 6 -1  1
7011481224038857380
4 0 3 1 -1  1
7011496202326757121
4 3 5 2 -1  1
7011529721760494537
7 5 5 3 -1  1
7011693377596323876
7 3 5 3 -1  1
7011839876966761790
4 2 3 4 -1  1
7011844118619518937
7 3 6 2 -1  1
7011926298195364722
7 1 5 2 -1  1
7012074664693265619
6 3 1 3 -1  1
7012206999916997032
5 5 6 4 -1  2
7012213804487340005
4 0 4 2 -1  1
7012302562090693432
4 4 5 2 -1  1
7012346871355255786
6 3 6 2 -1  1
7012545179085345659
4 0 4 3 -1  1
7012778040588580530
3 1 2 0 -1  1
7012803084712862618
3 6 3 2 -1  1
7012948480556941655
1 0 0 0 -1  1
7012973435382353972
5 4 4 3 -1  3
7013137260570437550
5 5 4 5 -1  1
7013137370776380149
4 3 3 4 -1  1
7013294478396514857
5 2 4 2 -1  1
7013478944077247574
7 6 6 6 -1  1
7013564559663160991
2 5 1 4 -1  1
7013618329001457030
6 4 5 5 -1  1
7014054920306704875
7 5 6 5 -1  1
7014081614954167789
6 4 7 3 -1  1
7014127844120852627
5 3 2 6 -1  1
7014144592038132663
4 4 3 6 -1  1
7014146495687315965
6 7 5 7 -1  1
7014158529354490802
3 1 6 4 -1  1
7014479421501282160
4 0 2 1 -1  1
7014512178806281413
4 1 3 2 -1  1
7014739091750409294
4 2 3 3 -1  1
7014828329149944763
7 3 6 2 -1  1
7014948043600585071
4 2 2 3 -1  1
7015022377416879987
4 5 5 6 -1  2
7015059070985451862
5 4 7 2 -1  1
7015367305494951370
1 5 3 4 -1  1
7015372875586132711
7 1 5 2 -1  1
7015473742690081396
7 6 7 7 -1  1
7015530840298857399
7 1 6 1 -1  1
7015699387283921804
5 7 6 6 -1  1
7015772529113742460
5 1 5 7 -1  1
7016117178842549943
6 5 5 5 -1  1
7016598013831527829
7 1 6 1 -1  1
7016668694131934173
5 4 7 4 -1  1
7016695576564137598
6 4 5 5 -1  1
7016729786406069750
6 7 6 6 -1  1
7016855815788704821
7 1 6 1 -1  1
7016970155772772776
3 7 6 4 -1  1
7017275406193076507
6 2 5 3 -1  1
7017342185739778557
5 0 7 0 -1  1
7017388789730776609
5 2 4 3 -1  1
7017476376373518750
4 4 3 3 -1  1
7017674494680682852
7 6 1 6 -1  1
7017677431913266112
7 2 7 7 -1  1
7017698762328378277
7 3 7 4 -1  1
7017723320395300526
6 1 5 1 -1  1
7017871947977463686
5 7 4 6 -1  1
7017973918230223162
7 4 5 3 -1  1
7017993864452456232
2 3 1 3 -1  1
7018155923753435574
7 2 7 3 -1  1
7018449122829126245
3 1 4 3 -1  1
7018556565734558893
7 4 7 6 -1  1
7018617874613715898
6 7 5 7 -1  1
7018705326566443540
6 6 3 3 -1  1
7018713247445449627
1 0 1 3 -1  1
7018794704816941368
7 0 7 2 -1  1
7018883723761655382
1 1 3 1 -1  1
7019050180650183271
5 5 7 3 -1  1
7019258298903071145
7 0 7 1 -1  1
7019331556527173206
4 5 4 3 -1  1
7019444556692205994
7 2 7 1 -1  1
7019496620198459967
6 4 6 3 -1  1
7019600881776761892
7 6 7 7 -1  1
7019943874496708554
6 7 5 7 -1  1
7020008558705376847
4 1 3 1 -1  1
7020038759379761453
3 1 4 0 -1  1
7020462437738774729
5 2 3 2 -1  2
7020670069530689675
2 1 2 6 -1  1
7020704886087424696
7 5 7 4 -1  1
7020727002899677426
6 2 6 4 -1  1
7020938673016404660
2 1 0 1 -1  1
7020966958066718725
2 7 2 6 -1  1
7021192029518825897
5 2 4 2 -1  1
7021204632315237127
0 6 2 4 -1  1
7021236694512447649
6 2 4 3 -1  1
7021633572783332804
6 5 5 4 -1  1
7021702282448965264
7 5 6 6 -1  1
7021874646896557393
7 7 4 7 -1  1
7022153438027332621
5 5 3 4 -1  1
7022230591063117062
7 2 5 4 -1  1
7022234943286488659
7 3 5 5 -1  1
7022256307575485350
5 5 5 6 -1  1
7022440776976943279
3 2 3 0 -1  1
7022789044344427499
1 4 0 3 -1  1
7022957335225175663
7 0 7 1 -1  1
7023256779421679747
6 5 7 6 -1  1
7023520040146947051
6 3 4 2 -1  1
7023535385829684937
4 7 3 6 -1  2
7023699341696017171
3 4 3 2 -1  1
7023738992422035177
5 2 3 1 -1  1
7023902049916285242
4 1 3 0 -1  1
7023963575980524301
5 2 7 2 -1  1
7024000735927667389
3 6 2 6 -1  1
7024270072441375049
7 3 5 3 -1  1
7024450871839433508
5 5 5 6 -1  1
5 5 6 4 -1  1
7024460399445835916
7 7 7 6 -1  1
7024691021084638239
7 2 5 4 -1  1
7025045614907853351
6 6 4 4 -1  1
7025139336140338652
6 5 5 5 -1  1
7025165281407981949
7 3 4 0 -1  1
7025280126920701931
6 7 4 7 -1  1
7025306180850585437
6 1 5 1 -1  1
7025351599259976240
6 7 5 7 -1  1
7025359633118215323
5 1 1 1 -1  1
7025366569636825778
3 1 3 2 -1  1
7025409258229421681
2 3 1 3 -1  1
7025763698327174354
6 3 4 4 -1  1
7025855418091571590
6 0 1 0 -1  1
7026085394558358250
0 5 3 5 -1  1
7026088852958942603
4 5 3 4 -1  1
7026389035609827797
7 3 1 3 -1  1
7026463147583623445
0 4 3 7 -1  1
7026483840132581207
2 3 5 3 -1  1
7026494673957793579
6 7 4 7 -1  1
7026516652730129115
7 2 3 6 -1  2
7026582470454325300
3 7 4 6 -1  1
7026815008740615421
7 4 6 4 -1  1
7026833879081216641
4 2 5 3 -1  1
7026981423228047372
6 3 6 0 -1  1
7027377407363890444
6 4 5 3 -1  1
7027821556736998206
7 5 7 3 -1  1
7028053500552419075
3 4 2 4 -1  1
7028086304946032787
5 3 4 1 -1  1
7028213736294266942
6 3 2 3 -1  1
7028282961632103950
6 0 6 4 -1  1
7028583557341669791
6 2 4 2 -1  1
7028604241536042892
6 7 7 6 -1  1
7028827984966333116
6 4 5 4 -1  1
7028935652496987739
7 3 6 3 -1  1
7029144891060617879
4 3 5 2 -1  1
7029178296621462303
6 1 4 1 -1  1
7029365658982518148
5 3 3 5 -1  1
7029611430402485222
3 4 1 5 -1  1
7029979882987803684
7 4 7 0 -1  3
7030090056076166422
7 2 5 4 -1  1
7030148047149011766
1 5 1 3 -1  1
7030182162027857268
6 1 4 3 -1  1
6 1 7 2 -1  1
7030228527617425080
4 1 3 2 -1  1
7030273295324210869
6 4 5 5 -1  1
7030295672326354875
7 4 6 4 -1  1
7030333932132056145
5 2 6 4 -1  1
7030512672442756721
1 4 1 1 -1  1
7030514383957550686
5 0 4 0 -1  1
7030529262534411368
6 5 6 4 -1  1
7030555500137317774
3 3 2 3 -1  1
7030556372050550469
7 6 6 6 -1  1
7030874743201695355
4 3 6 4 -1  1
7030877601136504511
5 1 7 2 -1  1
7030972648942354454
1 5 3 4 -1  1
7030992035240693710
7 3 0 3 -1  1
7031186226912940030
6 2 4 3 -1  1
7031197431409962444
4 3 4 7 -1  1
7031436776526393404
5 5 4 3 -1  1
7031496644201800334
6 4 3 7 -1  1
7031535718646813179
6 3 1 3 -1  1
7031559090340038400
7 5 7 4 -1  1
7031622540800889419
2 2 2 7 -1  1
7031633495020917590
7 2 6 1 -1  1
7031688166437838471
6 2 5 4 -1  1
7031786919394231117
6 4 5 3 -1  1
7031808042523256330
6 4 7 5 -1  1
7031819684673109638
7 2 7 1 -1  1
7032011414769138614
4 0 3 0 -1  5
7032012617446352660
4 3 4 4 -1  1
7032037662657968567
4 2 3 3 -1  1
7032137441077279327
7 3 4 3 -1  1
7032190745654903116
2 1 2 4 -1  1
7032313824693399478
0 2 0 3 -1  1
7032316769397831245
4 6 1 3 -1  1
7032461546808512531
4 3 2 2 -1  1
7032578790206591034
4 3 2 2 -1  1
7032830125132602156
4 1 4 0 -1  1
7032978597500028046
7 1 7 0 -1  1
7033040148974645720
6 3 5 3 -1  2
7033059610025296218
2 2 3 1 -1  1
7033077397527256956
7 3 4 0 -1  1
7033165461864942941
7 6 7 5 -1  1
7033615810248229190
4 4 3 3 -1  1
7033651220570756425
7 1 5 0 -1  1
7033693677183198841
7 4 6 6 -1  1
7033984079701377244
6 3 5 5 -1  1
7034039378962799798
6 5 5 4 -1  1
7034144010013633265
7 3 7 0 -1  1
7034331009144038175
6 3 5 2 -1  1
7034571647286731863
3 3 3 6 -1  1
7034575761497202684
7 6 7 5 -1  1
7034680564909211600
2 4 2 0 -1  1
7034732036033316855
6 7 4 7 -1  1
7034761373366347776
2 3 1 2 -1  1
7034768408350583122
3 2 2 2 -1  1
7034823512988060836
5 4 3 6 -1  1
7034920981016713288
6 2 5 2 -1  1
7034930783749677648
7 4 5 2 -1  1
7034990451284785973
7 5 6 6 -1  1
7035051161632456936
4 0 3 0 -1  2
7035122188025457974
4 2 5 1 -1  1
7035173726630911467
5 4 5 2 -1  1
7035256303591020053
4 5 5 6 -1  1
7035324864533613769
5 2 4 2 -1  1
7035628366649790873
1 6 2 6 -1  2
7035727827607947689
3 4 5 3 -1  1
7035797306515628975
6 4 5 4 -1  1
7035914586040943188
7 3 6 4 -1  1
7036242872265244095
7 5 6 6 -1  1
7036850576458992162
4 1 3 1 -1  1
7036932334615722984
7 0 7 2 -1  1
7037038222071202575
5 1 5 2 -1  1
7037180142975081223
6 3 5 3 -1  17
7037278654118391871
4 0 5 0 -1  1
7037351523158764800
4 0 6 0 -1  1
7038041106218499001
5 2 3 3 -1  1
7038102292527363687
6 4 3 7 -1  1
7038243583391201030
3 4 2 5 -1  1
7038280368921214971
6 5 5 5 -1  1
7 6 6 4 -1  2
7038304068904841644
4 7 4 0 -1  1
7038682237920994611
7 3 6 4 -1  1
7038767051080155302
7 2 7 1 -1  1
7038811855589971152
6 3 4 4 -1  1
7039065518069282287
5 2 6 3 -1  1
7039158984452305807
1 3 2 4 -1  1
7039332946200110586
6 7 5 6 -1  1
7039344157447686048
7 6 7 7 -1  1
7039651839584614127
5 0 4 0 -1  1
7039699334333726412
6 5 4 5 -1  1
7039812478901528438
5 5 3 3 -1  1
7039936944901383410
4 3 2 1 -1  1
7040121359814800329
7 4 7 5 -1  1
7040231599500123669
4 7 4 4 -1  1
7040335944743551174
4 2 3 2 -1  1
7040475446449877177
1 6 0 6 10  1
7040839463989391653
3 0 4 1 -1  1
7040873844155054648
4 2 2 4 -1  1
7040950985529547495
6 6 5 5 -1  1
7041367123435287981
6 7 4 7 -1  1
7041581449793621441
7 3 5 3 -1  1
7041653132156588936
6 4 4 2 -1  1
7041692008676512073
7 7 7 4 -1  1
7041729626700307276
7 3 4 0 -1  1
7042042481401970788
7 5 7 3 -1  1
7042570142096275670
2 1 4 1 -1  1
7042796716500576765
6 4 5 6 -1  1
7042964829853927737
6 5 5 4 -1  1
7043251295136098686
5 2 7 0 -1  1
7043281094956024950
4 4 6 4 -1  1
7043368725020370049
7 4 7 2 -1  1
7043369985736245205
6 7 5 7 -1  1
7043393720942671447
7 5 7 4 -1  1
7043422737294862481
7 0 7 1 -1  1
7043603613578858573
6 0 3 0 -1  1
7043741849045549201
5 5 6 3 -1  1
7043837847235829144
4 2 3 2 -1  1
7043946405359778254
7 6 6 6 -1  1
7043960129490358232
2 5 3 6 -1  1
7044005478691943537
7 6 6 5 -1  1
7044116381411193451
5 5 3 4 -1  1
7044156035507840345
6 4 7 3 -1  1
7044179039366975041
7 6 6 7 -1  1
7044185110175971962
7 2 6 0 -1  1
7044190185301400966
4 2 6 2 -1  1
7044254357914498854
6 7 5 7 -1  3
7044310224485252582
7 6 5 5 -1  1
7044328760261760530
3 1 6 1 -1  1
7044555337399892887
4 5 3 4 -1  2
7044795195651833474
2 3 3 5 -1  3
7044852347597698344
6 4 5 5 -1  1
7045101258376522784
7 0 7 7 -1  1
7045227477578793337
6 2 3 2 -1  1
7045259674695386274
7 4 7 3 -1  1
7045304549218840873
6 4 6 2 -1  1
7045371109984170349
6 7 5 7 -1  1
7045448221669020823
3 2 4 4 -1  1
7045514653231339831
3 0 5 2 -1  1
7045688275617764270
5 4 5 6 -1  1
7045690014702433174
7 7 6 7 -1  1
7045738616352877453
5 4 3 6 -1  1
7045779242993437101
7 5 3 5 -1  1
7045961372944982243
5 4 3 3 -1  1
7045983933233109732
7 1 5 2 -1  1
7046007556791591031
5 1 5 3 -1  1
7046313479804726285
3 6 0 3 -1  1
7046324886151122372
5 4 4 4 -1  1
7046418612919952696
7 3 7 7 -1  1
7046800308602860699
7 3 6 4 -1  1
7047074988941044062
4 1 4 4 -1  1
7047096835067027949
6 3 6 1 -1  1
7047243267059479479
6 1 7 2 -1  1
7047247730909433498
6 2 6 5 -1  1
7047392114647994634
7 0 7 2 -1  1
7047412944175522569
6 3 4 4 -1  1
7047431325132220548
6 1 5 2 -1  1
7047514589033757005
5 1 6 0 -1  1
7047682347313941551
6 5 6 4 -1  1
7047739426283294098
5 6 4 5 -1  1
7047743858693728140
3 5 4 3 -1  1
7048008809024398641
4 3 6 5 -1  1
7048115143111073410
5 5 6 4 -1  1
7048120890664533951
5 0 4 0 -1  1
7048399407721199975
1 7 3 5 -1  1
7048504305205655102
6 1 5 1 -1  1
7048511451014556974
7 5 7 4 -1  1
7048602006431323289
5 4 3 5 -1  1
7048871353972395577
5 2 3 1 -1  1
7048917854730162473
7 1 7 0 -1  1
7049196666513985950
4 1 5 0 -1  1
7049377308680948621
6 1 5 2 -1  1
7049432802174707549
5 6 4 6 -1  1
7049751819140343820
7 5 7 3 -1  1
7049785238801852072
6 0 4 0 -1  1
7 3 5 1 -1  1
7049878733606628044
7 3 4 0 -1  1
7050228009503486131
7 7 7 0 -1  1
7050363822589761662
2 7 0 6 -1  1
7050389721556570868
4 1 1 4 -1  1
7050533082081449762
7 5 6 6 -1  1
7050596704539388712
4 3 3 2 -1  1
7050697922629874643
5 3 5 1 -1  1
7050992270920795913
5 2 4 3 -1  1
7051058683539817368
7 5 7 4 -1  2
7051245228808874372
5 2 0 7 -1  1
7051311803126458885
6 7 5 7 -1  1
7051363896836906567
5 4 3 2 -1  1
7051484384762742305
5 5 3 4 -1  1
7051972345262929556
7 0 6 2 -1  1
7052006882432779936
7 2 7 5 -1  2
7052271368337780753
7 2 2 2 -1  1
7052302781352650426
4 3 1 6 -1  1
7052456278398393932
2 7 1 7 -1  2
7052588916245077246
6 4 6 1 -1  1
7052596149747487678
4 3 3 3 -1  1
7052759830824281051
7 3 7 4 -1  1
7052872153518550164
6 4 5 4 -1  1
7052980531635950064
7 2 6 1 -1  1
7053005393116631264
7 5 7 4 -1  1
7053068835098222517
7 0 6 1 -1  1
7053164118892081201
5 1 4 0 -1  1
7053232722541230072
2 3 6 3 -1  1
7053521000019347870
4 1 3 1 -1  5
7053600235071788155
5 7 4 6 -1  1
7053618519272762464
5 5 6 3 -1  1
7053667258928939975
6 2 5 2 -1  1
7053712500998197674
6 1 5 1 -1  1
7053734069264417210
7 7 0 7 -1  1
7053835595317063344
7 2 4 2 -1  1
7053974223476683303
4 6 1 3 -1  1
7054025278164017702
4 4 5 6 -1  1
7054176437986333272
3 5 2 5 -1  1
7054264840065765667
6 0 5 0 -1  1
7054278883621109178
6 1 5 2 -1  1
7054454780496549837
7 3 6 2 -1  1
7054509018303075202
4 6 3 7 -1  1
7054599242942004222
7 0 7 1 -1  1
7054665942090744981
7 5 6 3 -1  1
7054766069299495843
7 2 2 2 -1  1
7054843620681557592
4 5 7 5 -1  1
7055018074907715095
7 3 5 1 -1  4
7055111430523421663
7 0 7 3 -1  1
7055261367679472015
6 7 5 6 -1  1
7055272767330017769
6 0 5 0 -1  1
7055401327629929548
3 1 4 2 -1  1
7055492857410660894
7 3 7 4 -1  1
7055505251185440582
1 0 2 0 -1  1
7055520488813700415
7 0 7 3 -1  1
7055716639675647345
5 5 4 5 -1  1
7055745670215323433
7 3 7 2 -1  1
7055757317094423380
7 4 4 4 -1  1
7055760778875463420
4 5 6 7 -1  1
7056044252732219197
6 2 4 2 -1  1
7056246771527783096
6 1 4 1 -1  1
7056247111491576825
6 1 5 2 -1  1
7056347676019269302
3 3 4 1 -1  1
7056609389464170832
7 5 3 5 -1  2
7056613731600860629
4 1 3 0 -1  1
7056695994651224784
4 5 3 6 -1  1
7056737630370375647
3 1 2 1 -1  1
7056791579651543634
7 1 5 2 -1  2
7056950214403575281
5 4 4 4 -1  1
7057213892435223965
4 6 3 7 -1  1
7057322851717994698
7 4 7 1 -1  1
7057486981204556119
6 5 6 4 -1  1
7057507687157380591
7 6 6 4 -1  1
7057571360895807432
5 5 4 5 -1  1
7057677776983368609
4 1 3 0 -1  3
7057882051589302475
3 1 2 1 -1  1
7057922660706637242
4 3 2 4 -1  1
7058033819174541103
7 2 6 3 -1  1
7058097618550878670
0 5 4 5 -1  1
7058246293925229772
7 4 7 2 -1  1
7058309177254264062
7 2 3 6 -1  1
7058493558921685171
6 3 5 4 -1  1
7058577552104546329
3 0 2 1 -1  1
7058736227415461385
7 0 7 3 -1  1
7058857416910162821
6 7 5 7 -1  1
7058954244700402326
1 0 2 0 -1  1
7059310928770950353
5 2 4 2 -1  1
7059407609443702292
7 4 6 4 -1  1
7059454506582875803
0 4 2 6 -1  1
7059473917833346242
4 2 3 1 -1  1
7059479571341517782
7 1 6 3 -1  2
7059493414251695790
3 3 5 1 -1  1
7060052082783859473
7 2 4 2 -1  1
7060197596690516682
5 5 4 4 -1  1
7060253202250744668
5 5 6 6 -1  1
7060400938739321307
7 1 7 0 -1  2
7060466770922118513
7 2 3 2 -1  1
7060504784647934178
5 4 2 4 -1  1
7060671117634891725
6 3 4 2 -1  1
7060846610589377041
4 1 2 0 -1  1
7060965274896619722
7 0 7 5 -1  1
7061114386603387997
6 7 5 6 -1  2
7061254314422562349
6 7 6 6 -1  1
7061555943762465880
7 2 7 1 -1  1
7061579567604148183
6 2 5 2 -1  1
7061600235767182443
3 6 5 5 -1  1
7061715927422839246
7 7 5 5 -1  1
7061782530556819232
3 0 2 0 -1  1
7061850379843566713
6 1 4 1 -1  1
7062762376845275708
4 4 5 4 -1  1
7062818323900499243
7 5 3 1 -1  1
7062950623787657002
6 3 5 5 -1  1
7063017914016770221
7 4 0 4 -1  1
7063030272661696741
6 3 5 5 -1  1
7063046085180117066
5 5 4 7 -1  1
7063132250206759808
5 1 4 1 -1  1
7063184772377151064
2 1 2 6 -1  1
7063215474027078856
6 7 4 7 -1  1
7063355337662835865
2 2 0 4 -1  1
7063367109999161806
2 1 1 1 -1  1
7063613604917856667
7 3 3 3 -1  1
7063672907476741588
6 2 7 3 -1  1
7063788657480398664
7 3 4 0 -1  1
7063994724447549498
7 2 5 1 -1  1
7064001947498376638
7 7 6 6 -1  1
7064102728544150823
1 0 3 1 -1  1
7064178085700551504
5 2 4 3 -1  1
7064389280847756668
4 0 7 3 -1  1
7064405539452079899
5 1 3 2 -1  1
7064793604757948801
3 2 2 2 -1  2
7064878029161787431
3 1 2 1 -1  1
7064968532095865640
7 0 7 2 -1  1
7065244735848220620
6 0 6 1 -1  1
7065279207001135033
6 2 4 2 -1  1
7065374032902174358
6 6 5 7 -1  1
7065556268722311766
5 2 5 3 -1  1
7065678326924709837
5 2 4 2 -1  1
7065971784716993751
3 0 2 0 -1  1
7065980619769052781
5 1 6 2 -1  2
7066220059853845145
7 5 5 4 -1  3
7066422544246945433
7 2 6 3 -1  1
7066506716425303408
5 0 4 1 -1  1
7066577284988002840
3 2 0 5 -1  1
7066687032539552443
7 0 7 5 -1  1
7066817364679047261
2 3 6 3 -1  1
7066942784024760830
6 0 5 0 -1  1
7067139496000696909
7 5 6 4 -1  1
7067381984638190389
4 7 3 7 -1  1
7067680351871944586
2 6 1 5 -1  1
7067926783271221532
5 1 5 4 -1  1
7068103929308325331
6 4 5 3 -1  1
7068123458706918790
3 5 2 4 -1  1
7068229724292927286
6 3 5 3 -1  1
7068307405888293016
1 3 3 3 -1  1
7068506000111995051
7 5 5 6 -1  1
7068816565585572618
5 5 2 2 -1  1
7069408718200859578
4 1 3 1 -1  1
7069443828012478996
7 0 7 1 -1  1
7069603514558745766
6 4 7 3 -1  1
7069902654664465079
4 7 3 6 -1  1
7069995332905628446
7 1 6 1 -1  1
7070280133318056663
4 0 7 0 -1  1
7070317083194611713
3 7 3 6 -1  1
7070458219532973223
5 6 4 6 -1  1
7070671124474827972
2 2 3 2 -1  1
7070672873114361986
7 3 6 4 -1  1
7070709030638539988
7 6 6 5 -1  1
7070839437893036820
3 1 5 3 -1  1
7070891710269322189
6 3 5 2 -1  2
7071130860867186784
5 3 4 2 -1  1
7071160934935910780
5 2 4 0 -1  1
7071243885101993947
2 1 2 2 -1  1
7071335372598644810
4 7 2 6 -1  1
7071369235335637477
7 2 6 1 -1  1
7071554808764365874
6 6 5 7 -1  1
7071609339697558775
6 4 3 4 -1  1
7071700185069183572
4 4 6 5 -1  1
7071899188296125307
7 6 7 7 -1  2
7072176239990140870
7 5 3 5 -1  1
7072325297779083916
4 1 7 1 -1  1
7072363656429338724
7 1 6 1 -1  1
7072570459111207578
7 4 7 2 -1  1
7072665943015471171
7 2 5 2 -1  3
7072752856488687390
3 7 4 7 -1  1
7072789129031936961
4 7 5 5 -1  1
7073129323044374301
6 1 5 0 -1  1
7073160520974373544
4 0 2 2 -1  1
7073172350203138410
7 1 6 1 -1  1
7073186143661880036
7 1 7 2 -1  1
7073192331926615081
6 6 4 6 -1  1
7073324173700680194
7 5 5 3 -1  1
7073599174946272585
6 0 5 1 -1  1
7073679057755305562
7 1 6 3 -1  1
7073821771608309275
6 2 5 2 -1  1
7073956768513264771
5 2 3 3 -1  1
7074178398205949892
7 5 7 2 -1  1
7074307360760047751
7 3 5 1 -1  1
7074385140504180694
5 3 4 4 -1  1
7074731118090578774
6 4 6 3 -1  1
7074903593850914636
6 1 5 1 -1  1
7074983133777701383
6 4 4 2 -1  1
7075108322759495853
5 1 2 4 -1  1
7075249190609505002
7 1 7 0 -1  1
7075287361064162730
7 5 6 5 -1  1
7075486088948429401
6 4 4 5 -1  1
7075577618857052875
4 7 3 6 -1  1
7075595017321449264
5 1 5 4 -1  1
7075699328023369119
6 6 4 6 -1  1
7075711715851220257
7 6 7 5 -1  1
7075725178438216949
2 0 6 4 -1  1
7075856472055498691
7 3 2 3 -1  1
7076215016322437096
5 3 4 3 -1  1
7076269943962214718
5 0 4 0 -1  1
7076603901058428541
4 1 3 1 -1  1
7077004026997503055
5 0 4 2 -1  1
7077225696309732566
6 4 5 4 -1  1
7077301649286882125
3 0 6 3 -1  1
7077532266105582168
6 3 4 3 -1  2
6 3 5 3 -1  1
7077570318426719447
6 1 3 4 -1  1
7077665184737664360
5 5 5 4 -1  1
7077666600844201482
7 3 5 5 -1  1
7078032118206796480
6 1 5 2 -1  1
7078149617444887406
7 5 6 6 -1  1
7078429712704361867
3 5 3 4 -1  1
7078782327361150741
7 4 7 6 -1  1
7078918424370213415
5 6 4 6 -1  1
7078972800425761048
5 5 6 3 -1  1
7079266175700995701
5 3 4 2 -1  1
7079371294941712367
3 1 0 4 -1  1
7079410398438008456
7 0 7 3 -1  1
7079553109387612016
7 0 7 2 -1  1
7079656921521307864
5 3 6 2 -1  1
7079696786247070209
5 3 6 4 -1  1
7079810412918588627
7 3 6 3 -1  2
7079995145255575512
5 6 5 3 -1  1
7080243164730532900
5 0 4 1 -1  3
7080358407465947517
5 2 3 1 -1  3
7080381780471343114
4 7 3 7 -1  1
7080869331051649154
5 7 4 5 -1  1
7081025198757223313
4 1 3 1 -1  1
7081122029245786547
4 6 3 6 -1  1
7081558314862131522
6 3 0 3 -1  1
7081626552867335094
4 5 3 5 -1  1
7081654046921717134
7 2 7 6 -1  1
7081708663475891972
7 2 6 1 -1  1
7081735603360417925
4 4 3 4 -1  1
7081741138090901849
3 3 2 3 -1  1
7081796694800905461
6 3 5 5 -1  2
7081857687374201878
4 2 3 2 -1  1
7082232079113596508
3 5 5 3 -1  1
7082243647128209687
6 3 4 5 -1  1
7082272310881068284
3 6 2 5 -1  1
7082301846757421200
7 7 7 5 -1  1
7082305523495062906
7 5 7 3 -1  1
7082394957010675509
5 0 4 0 -1  1
7082510105331015832
4 2 3 2 -1  1
7082565288640324453
5 0 2 3 -1  1
7082689640631639969
3 5 2 3 -1  1
7082712174898492244
6 2 7 2 -1  1
7082753304615145678
3 0 5 1 -1  1
7082854353104838113
7 4 7 1 -1  1
7082896360697324536
1 0 1 6 -1  1
7082993102035106305
4 6 5 6 -1  1
7083007197399485238
5 4 4 4 -1  1
7083169943354358810
7 5 6 4 -1  1
7083207203084913741
6 5 5 4 -1  1
7083238886822797183
6 0 5 0 -1  1
7 5 6 6 -1  20
7083316603856707901
3 6 2 6 -1  1
7083479821363112979
7 5 6 4 -1  1
7083653751110749183
6 7 4 7 -1  1
7083997670473508760
3 2 2 1 -1  1
7084248628274959401
6 5 5 5 -1  1
7084382907306848762
5 4 6 2 -1  1
7084760394149655061
4 5 1 2 -1  2
7084767307232107370
5 5 4 3 -1  1
7084781844760515153
5 2 4 4 -1  1
7084937085754753952
7 6 6 7 -1  1
7084972173978594235
5 4 4 4 -1  1
7085156636308133970
7 5 7 3 -1  1
7085589299841926189
6 3 6 4 -1  1
7085596564056304735
7 3 3 3 -1  1
7085709549407600813
3 1 3 0 -1  1
7085836832706998135
0 3 0 2 -1  1
7086087432372701381
7 7 7 6 -1  1
7086103498988061576
7 5 4 2 -1  1
7086132052306267289
7 4 6 4 -1  1
7086162159061579597
5 5 4 7 -1  1
7086207828379990333
7 1 4 1 -1  1
7086301426930493013
7 3 0 3 -1  1
7086391847941092953
4 0 3 1 -1  1
7086419567676795301
6 4 4 4 -1  7
6 4 5 4 -1  7
7 3 5 1 -1  1
7086537141910780909
6 1 0 7 -1  1
7086632018000910594
5 4 4 4 -1  1
7086863406949826169
6 1 5 1 -1  1
7086882143937157703
3 3 3 1 -1  1
7086971703276417774
6 5 4 5 -1  1
7087060494693119259
6 3 4 2 -1  1
7087121643174205579
4 3 5 4 -1  1
7087309097790822584
5 4 5 1 -1  1
7087424615855190416
7 0 0 0 -1  1
7087503156364381177
2 5 1 6 -1  1
7087815817186530584
4 0 4 5 -1  1
7087992817951447930
5 2 1 6 -1  1
7088162373099544507
1 7 0 7 -1  1
7088591453349060883
7 2 3 6 -1  1
7088628819450551560
6 2 4 2 -1  6
7088644352257298331
6 2 4 2 -1  6
7088685822207180415
5 5 4 4 -1  1
7 3 6 3 -1  1
7088690013376457379
6 2 6 1 -1  1
7088767463348745060
5 0 4 1 -1  1
7088811418065242268
3 4 4 3 -1  1
7088851033468223342
5 7 4 7 -1  1
7088879645564255057
4 4 5 3 -1  1
7089046593319764524
3 3 1 1 -1  1
7089105542587832459
7 3 6 4 -1  1
7089107073189055995
6 4 6 2 -1  3
7089148045840649603
7 4 7 7 -1  1
7089517965287981545
6 3 3 0 -1  1
7089518822044657178
7 5 7 4 -1  2
7089677915935446691
4 5 6 5 -1  1
7089712000527259875
6 4 6 2 -1  1
7089853547670601037
7 5 7 3 -1  1
7089863455138331057
6 0 5 0 -1  2
7 5 6 4 -1  8
7089886303367630302
5 4 7 4 -1  1
7089950011831756099
5 4 4 3 -1  1
7090105966072088791
6 3 4 4 -1  2
7090162705041317287
5 2 4 3 -1  1
5 4 4 3 -1  4
7090269621041969238
4 2 1 2 -1  1
7090285121485808619
6 3 5 3 -1  1
7090353178719099309
6 4 5 4 -1  1
7090491178217338175
5 0 4 0 -1  1
7090631451777524325
7 5 6 6 -1  1
7090643326988681635
6 4 5 6 -1  1
7090674378815009416
3 4 2 3 -1  1
7090681844307038361
4 6 3 6 -1  2
7090837231665607879
7 2 5 4 -1  1
7090946591265594373
2 1 1 2 -1  1
7091039592628986106
1 3 1 1 -1  1
7091098735848086355
5 2 5 1 -1  1
7091171184331221238
5 5 4 3 -1  1
7091574145262498633
4 4 2 6 -1  1
7091578301884668874
1 5 6 5 -1  1
7091843447847422367
3 7 4 5 -1  1
7091890220000263981
5 5 4 7 -1  2
7091977460778034575
6 4 5 3 -1  1
7092139789218713623
7 2 5 4 -1  1
7092384201563496349
3 4 4 2 -1  1
7092490007506946701
6 0 1 0 -1  1
7092790369067093281
5 6 0 1 -1  1
7092814893973158394
6 7 5 7 -1  1
7092825009042295875
7 4 7 6 -1  1
7092852383931119611
5 0 4 0 -1  1
7092889087789253444
7 5 6 4 -1  1
7092911796728507286
7 4 5 4 -1  1
7093279696043473473
0 4 3 1 -1  1
7093307385943551901
5 5 6 3 -1  2
7093502041396224134
6 0 5 0 -1  1
6 1 5 1 -1  2
6 2 4 2 -1  1
6 3 4 3 -1  389
6 3 5 3 -1  29
6 4 5 4 -1  57
6 5 4 5 -1  29
6 6 5 6 -1  21
7 1 5 2 -1  2
7 6 5 5 -1  994
7093585746461191353
5 6 6 7 -1  1
7093611403736447370
5 7 5 6 -1  2
7093782704520310271
5 1 4 2 -1  1
7093816290547070310
5 1 5 0 -1  1
7093968165533652984
4 5 3 4 -1  1
7094027568669418750
1 3 4 3 -1  1
7094058523933883816
6 3 5 4 -1  1
7094071270317877348
3 6 2 5 -1  1
7094184747923567163
3 3 1 5 -1  1
7094196537216500300
7 2 4 5 -1  1
7094228176334851043
5 4 3 5 -1  1
7094332562533004986
1 2 3 2 -1  1
7094386844090457964
7 4 7 6 -1  1
7094534722441107491
3 6 2 6 -1  1
7094535933186046903
7 0 7 2 -1  1
7094609196577572696
5 5 4 3 -1  1
7094833118333093541
5 6 7 7 -1  1
7094907382931115814
3 2 2 2 -1  1
7094968358255480682
7 0 7 2 -1  1
7094972705493203903
6 3 5 4 -1  1
7095213931986953595
7 3 4 3 -1  1
7095455217368090049
7 3 7 6 -1  1
7095634340038934336
7 6 5 5 -1  1
7096151790957427615
3 2 2 2 -1  1
7096416198084567988
5 2 4 0 -1  1
7096490522888051946
7 5 7 3 -1  1
7096753660359645031
6 7 5 7 -1  1
7096764162205424660
4 0 6 1 -1  3
7096780576620172486
5 1 6 3 -1  1
7096926848009509131
6 1 7 3 -1  1
7097210631408780702
7 3 6 2 -1  1
7097221815768877486
6 4 4 6 -1  2
7097390112519074175
7 1 5 0 -1  1
7097669365839255197
5 6 1 6 -1  1
7097712133732191428
5 5 4 5 -1  1
7097781959994669016
4 1 5 2 -1  1
7097826145530630687
7 1 7 2 -1  1
7097900280300829983
4 7 3 7 -1  1
7098063352403223186
7 3 0 3 -1  1
7098242585316082200
4 4 3 5 -1  1
7098536137703222582
5 4 4 3 -1  1
7098577975181006352
4 4 3 4 -1  1
7098628415545055428
5 7 4 7 -1  1
7098725738727288618
6 2 5 2 -1  1
7098977257352530415
5 5 7 4 -1  1
7099103585090350722
3 4 2 4 -1  1
7099210486765047199
6 7 5 7 -1  1
7099266607033670798
5 2 7 3 -1  1
7099343527852734721
6 5 5 5 -1  1
7099389819900397034
6 2 7 3 -1  1
7099830964761459745
4 2 5 4 -1  1
7099847051390808004
6 0 5 0 -1  2
7100111366743592577
7 5 5 4 -1  1
7100144223890650164
1 6 4 6 -1  1
7100157316107132232
7 1 6 3 -1  1
7100249097891854502
6 3 7 2 -1  1
7100601955417170474
4 4 3 3 -1  1
7100830805174852714
5 5 3 4 -1  1
7100866629447588101
7 5 6 4 -1  1
7101218157915360006
7 3 4 6 -1  1
7101226942738474164
7 1 6 1 -1  1
7101272538605541926
5 5 6 3 -1  1
7101385366745021755
6 3 6 4 -1  1
7101452510201614165
5 5 4 3 -1  1
7101462976218623130
6 5 5 6 -1  1
7101577889688355220
7 5 4 5 -1  1
7101658755035128697
5 5 4 4 -1  1
7101686661540259133
1 2 2 1 -1  1
7101716788738876322
6 4 5 3 -1  1
7101793128527753151
5 5 4 3 -1  1
7102017482051550709
6 3 4 2 -1  1
7102054740258045125
2 1 3 0 -1  1
7102060142650568577
5 5 4 3 -1  1
7102065372738435197
6 4 3 1 -1  1
7102129727493896594
4 4 4 3 -1  1
7102259959199600826
6 6 5 7 -1  1
7102263162533603159
5 5 4 4 -1  1
7102291812650089093
6 5 4 7 -1  1
6 5 7 4 -1  1
7102322543915838755
4 4 3 4 -1  1
7102362921608417398
2 2 4 3 -1  1
7102460551536880837
6 3 5 4 -1  1
7102507381283730331
6 6 7 6 -1  1
7102510087988622260
5 2 4 2 -1  1
7102547690088776433
5 6 2 6 -1  1
7102575534074061754
6 1 4 1 -1  1
7102790719118213271
7 2 7 4 -1  1
7102857902332259326
3 2 2 2 -1  1
7102887025428987116
7 5 6 5 -1  1
7102917985601688306
4 2 3 4 -1  1
7102993278025683091
6 6 3 3 -1  1
7103313356156054099
4 5 3 4 -1  4
7103546878342362674
4 2 6 4 -1  1
7103714712939396329
6 4 6 5 -1  1
7103716053011352501
5 0 0 0 -1  1
7103734200690845428
2 1 1 1 -1  1
7103876711312348542
4 5 3 4 -1  1
7103946341794096719
7 4 7 5 -1  1
7103959077475276762
4 5 3 4 -1  1
7103995867827458872
7 3 7 6 -1  1
7104009871964808046
7 0 7 1 -1  1
7104381226289397023
7 6 7 7 -1  1
7104443370455420876
2 0 3 0 -1  1
7104452167076599906
6 4 5 3 -1  1
7104625715242862436
7 4 7 2 -1  1
7104661536952231145
5 0 3 2 -1  1
7104784812320702113
7 7 7 3 -1  1
7104785061140047116
7 0 7 2 -1  1
7104910123712534690
6 3 5 5 -1  1
7104960554309800913
6 2 7 4 -1  1
7104973007679391061
1 1 1 4 -1  1
7104976925298906689
4 2 3 3 -1  1
7105014192411276200
3 2 4 3 -1  1
7105081202018892263
4 1 3 1 -1  1
7105224276670644182
5 2 4 0 -1  1
7105325525508136483
6 6 4 6 -1  1
7105640666585677769
4 0 3 2 -1  1
7105645772210842973
6 0 5 0 -1  1
7105727256678944504
3 0 2 1 -1  1
7106116481574589774
6 6 4 6 -1  1
7106147296909545158
1 4 1 7 -1  1
7106288647175292845
4 0 3 0 -1  1
7106413113974066559
6 7 5 6 -1  1
7106450822561269185
6 5 4 5 -1  1
7106684798374362729
7 4 7 6 -1  1
7107042729848788349
7 7 7 3 -1  1
7107099867045186702
6 6 6 5 -1  1
7107322511896711610
5 2 3 4 -1  1
7107408953025887675
6 3 7 5 -1  1
7107417331145174093
6 7 5 7 -1  1
7107417370444045757
5 1 1 1 -1  1
7107464344107670438
6 2 7 2 -1  1
7107487897022288768
5 5 4 4 -1  1
7107553137383848929
7 4 7 5 -1  1
7107809726063901264
6 2 6 3 -1  1
7107829989574479755
7 7 7 6 -1  3
7107843289354021958
4 2 3 3 -1  1
7107893349970128689
7 4 7 6 -1  1
7107957801936368502
5 1 6 1 -1  1
7108071968283752148
5 4 3 5 -1  1
7108090327477312523
6 1 3 4 -1  1
7108339626195016410
7 4 7 2 -1  1
7108517599457207045
5 2 6 4 -1  1
7108614371398184770
4 1 3 1 -1  1
7108753676171596737
6 3 5 3 -1  1
7109248576766528875
7 3 7 2 -1  1
7109254734738875091
6 4 5 3 -1  1
7109352131119001891
4 7 3 7 -1  1
7109465861545040632
5 5 4 6 -1  1
7109639342541769565
6 7 5 7 -1  1
7109702841238649584
5 2 3 3 -1  1
7109752423047503744
6 6 7 5 -1  1
7110026146789975646
2 2 2 3 -1  1
7110094010403768480
3 4 5 3 -1  1
7110441032201668889
6 6 5 6 -1  1
7110559555291992117
7 5 7 6 -1  1
7110806580313038717
3 4 2 4 -1  1
7110861388890048585
6 4 7 3 -1  1
7110926308674512147
7 4 0 4 -1  1
7111050349719046992
7 6 5 6 -1  1
7111103610611989686
6 4 7 5 -1  1
7111200051002755973
7 3 6 3 -1  1
7111233272280191755
7 0 7 3 -1  1
7111303968012578649
0 7 0 1 -1  1
7111810691353491609
6 2 4 4 -1  1
7111904825044270948
5 3 4 3 -1  1
7111970576019434240
6 1 5 1 -1  1
7111993210809829634
7 5 7 3 -1  1
7112078779765824063
7 2 7 4 -1  1
7112100614771520899
6 4 5 4 -1  1
7112129052993265725
7 5 7 4 -1  2
7112309310245774184
4 7 5 5 -1  3
7112585107935491376
7 5 7 6 -1  1
7112719199116165277
3 3 2 3 -1  1
7112730705810757076
7 3 6 3 -1  1
7112751698834869273
6 6 5 5 -1  2
7112846828853296487
7 3 5 1 -1  1
7112902424451002027
4 4 3 4 -1  1
7113073876834703647
3 1 1 2 -1  1
7113237399447836810
6 4 5 5 -1  1
7113269540680106324
7 6 6 7 -1  1
7113755011873029836
7 4 5 4 -1  1
7113806554343701592
6 6 5 5 -1  1
7113888251734946606
6 3 7 5 -1  1
7114384339417988246
3 6 1 5 -1  1
7114497042742121543
0 0 0 1 -1  1
7114546570345992099
4 1 3 0 -1  1
7114689865053808828
5 4 4 3 -1  1
7114722069653091505
7 2 2 7 -1  1
7114843418325009327
6 3 5 2 -1  1
7114959069878687557
2 0 1 2 -1  1
7115182745305148638
4 2 6 2 -1  1
7115196146908009515
7 3 6 3 -1  1
7115206257626526021
7 2 6 1 -1  1
7115229393723355526
5 2 6 4 -1  1
7115233591122377691
6 3 5 1 -1  1
7115715949635005044
7 0 7 2 -1  1
7115774861335479200
4 5 3 5 -1  1
7115983355300989380
7 5 6 4 -1  1
7116077841152674202
5 0 7 2 -1  1
7116092003208488954
4 3 3 3 -1  1
7116151581219208470
7 2 3 6 -1  1
7116199002201187099
6 4 5 4 -1  1
7116324718268895552
0 4 0 7 -1  1
7116341213219197127
7 5 7 2 -1  1
7116442241148389065
5 3 4 4 -1  1
7116493684149900262
7 6 7 5 -1  1
7116601776441783832
1 2 0 2 -1  2
7116620311946705100
7 4 4 4 -1  1
7116702513229044929
6 7 5 7 -1  1
7116775057518103324
7 0 7 1 -1  1
7116942132800798550
6 6 5 5 -1  1
7116999168060288369
6 0 5 0 -1  2
7117187667631412506
5 3 4 2 -1  1
7117220550081644426
4 4 2 5 -1  1
7117363441047668357
5 1 4 2 -1  1
7117390878401568024
4 7 3 6 -1  1
7117450390310283645
6 3 7 4 -1  1
7117516158715050306
4 7 3 6 -1  1
7117846494692757532
6 4 5 4 -1  1
7118009509410980505
3 5 2 5 -1  1
7118092700587092159
7 2 6 3 -1  1
7118350378061625353
7 0 7 1 -1  1
7118352709267764894
4 2 2 2 -1  1
7118367872179622789
5 4 4 5 -1  1
7118483374972697428
4 2 3 3 -1  1
7118625614379264852
7 5 7 4 -1  1
7119058006737460586
6 3 6 4 -1  1
7119084062443552832
4 4 3 5 -1  1
7119226019833905188
3 2 2 0 -1  1
7119541342166905810
2 4 3 5 -1  1
7119634372765802609
0 1 3 4 -1  1
7119653998224371661
4 4 3 5 -1  1
7119690076959915960
2 6 3 7 -1  1
7119726644139049214
5 0 4 0 -1  1
7119781816911684839
7 4 5 6 -1  1
7119881577824832281
6 4 5 4 -1  1
7120216489488318100
5 2 3 4 -1  3
7120274817892860983
5 1 7 2 -1  1
7120368415278272672
6 7 3 4 -1  1
7120391540991146270
3 6 4 5 -1  2
7120523875007228858
3 6 4 7 -1  1
7120648176831952519
4 6 5 6 -1  1
7120765144500551759
5 3 6 3 -1  1
7120784293568572529
3 4 2 4 -1  1
7120872636815412480
6 3 5 1 -1  1
7121111213925837157
2 6 4 7 -1  1
7121183320371315930
4 4 3 6 -1  1
7121209955442552166
6 6 4 5 -1  1
7121370910126836369
5 2 4 4 -1  1
7121374396656068704
6 3 4 3 -1  2
7121472870405913163
7 1 7 0 -1  1
7121732206103001319
3 4 4 2 -1  1
7121925386718691228
7 4 7 6 -1  1
7122059553437552083
7 5 7 6 -1  1
7122083867697548111
6 0 4 0 -1  1
7122212946352757754
5 2 3 3 -1  1
7122255548718224276
4 5 5 5 -1  1
7122347505499066952
3 6 2 5 -1  1
7123079949533643104
3 4 5 3 -1  1
7123183100023492747
6 5 5 6 -1  1
7123212517400102066
1 7 2 7 -1  1
7123307175724343634
6 4 4 4 -1  2
7123695607668106930
4 7 2 5 -1  1
7123824866949219048
6 3 4 2 -1  1
7123967211962719230
7 2 5 0 -1  3
7124553373287578479
6 4 3 1 -1  1
7124612731531913065
7 4 7 2 -1  1
7124762202545199715
6 7 5 7 -1  1
7124880801640885708
4 2 2 3 -1  1
7125035631355077389
6 3 5 3 -1  1
7125656818452025285
4 3 4 5 -1  1
7125734269536690454
3 7 3 6 -1  1
7125765990226865269
4 3 3 4 -1  1
7125778660383927184
6 6 5 7 -1  1
7 4 2 4 -1  1
7125832143988434188
7 3 6 4 -1  2
7125970369539910130
6 0 7 1 -1  1
7126076364341165509
6 4 4 4 -1  1
7 1 5 2 -1  2
7126132849070111017
7 5 7 4 -1  1
7126277387694797747
3 2 2 2 -1  1
7126310397641441184
6 3 4 4 -1  1
7126510092295135045
4 2 1 2 -1  1
7126513053976249258
7 0 7 2 -1  1
7126593687728907780
7 5 6 6 -1  1
7127415069248367840
4 4 4 3 -1  1
7127510912821497933
7 0 7 4 -1  1
7127567799969062686
5 5 6 3 -1  1
7127858761774520350
1 5 3 6 -1  1
7127934566407432847
6 2 6 0 -1  1
7128167584110623388
7 2 4 5 -1  1
7128347729809433539
2 7 7 2 -1  1
7128368689388697102
7 4 6 5 -1  1
7128494735267165405
7 5 3 1 -1  2
7128649778783118144
7 4 5 4 -1  1
7128729553240604516
3 5 7 1 -1  2
7128868781681754788
5 1 4 0 -1  1
7129009653697234468
7 3 4 3 -1  1
7129159380014697426
6 3 5 5 -1  1
7129247619074098052
1 1 2 1 -1  1
7129604548071547474
6 1 4 1 -1  4
7 2 6 3 -1  1
7129615015365063834
7 5 6 6 -1  2
7129735945782615971
3 6 5 4 -1  1
7129798626343970571
7 5 5 7 -1  1
7129817417626200816
6 7 5 6 -1  1
7129897787156141110
6 3 5 3 -1  1
7129988082177526740
3 4 7 4 -1  1
7130093278306439353
7 6 7 7 -1  2
7130106392827041997
4 7 3 6 -1  1
7 2 5 4 -1  1
7130141971310395829
5 5 4 4 -1  1
7130195725167916156
7 5 6 6 -1  1
7130364966019570901
4 0 3 1 -1  1
7130411799156077966
5 4 3 6 -1  1
7130423581282315969
1 5 1 7 -1  1
7130986647293854535
7 2 6 2 -1  1
7131020105915558952
6 4 6 5 -1  1
7131176357314327547
4 4 6 3 -1  1
7131204297777927155
4 6 4 5 -1  1
7131387657718681470
4 2 7 5 -1  1
7131419204547869528
4 4 3 4 -1  1
7131580885800409320
5 5 4 5 -1  1
7131592106707357537
3 2 3 5 -1  1
7131627897872873610
3 2 4 3 -1  1
7131668295062285595
5 5 1 5 -1  1
7131699815480273803
5 1 3 1 -1  1
7131739359959517245
6 5 4 5 -1  1
7131804439314737338
4 0 3 0 -1  1
7131807384662713913
5 5 3 4 -1  1
7131984743252077257
4 1 3 1 -1  1
7132237253505825217
6 7 4 7 -1  1
7132249993285312704
5 5 4 6 -1  1
7132395079796362886
5 3 7 3 -1  1
7132412631859068880
4 4 2 5 -1  1
7132413002895952508
5 2 7 1 -1  1
7132529142630269819
6 0 5 0 -1  1
7132983292886873448
6 3 7 4 -1  1
7133183635561921687
7 0 7 5 -1  1
7133321900120890509
4 5 5 6 -1  1
7133512262920695324
7 3 7 0 -1  1
7133559701796098760
7 3 6 3 -1  1
7133599886181295501
7 2 5 4 -1  1
7133971228619789292
7 0 7 4 -1  1
7134109048470799938
7 2 4 5 -1  1
7134188681961385747
6 2 4 4 -1  1
7134533812299324843
6 3 7 5 -1  1
7134837241712764489
4 7 5 6 -1  1
7134911945589714701
4 3 5 1 -1  1
7135025239239093229
2 2 3 3 -1  1
7135426599185792334
3 0 2 1 -1  1
7135474811356871485
6 4 6 2 -1  1
7135681896310669551
2 5 3 7 -1  1
7135938988718471999
5 2 4 2 -1  1
7135946078532031881
6 1 4 1 -1  1
7135974678979023490
0 1 1 0 -1  1
7136121258597606595
6 4 5 3 -1  2
7136299433291861071
7 0 7 3 -1  1
7136304314731570558
1 5 3 4 -1  1
7136341061628516898
4 2 3 3 -1  1
7136364524916461947
7 4 7 6 -1  2
7136388726149445423
3 4 1 3 -1  1
7136561998934528291
5 2 4 3 -1  7
7136767403882330323
7 4 7 3 -1  4
7136910767039076813
4 0 1 0 -1  1
7137159885767634685
7 4 7 6 -1  1
7137565765502516589
4 5 3 4 -1  1
7137645803495210538
7 0 7 1 -1  1
7137823402669538946
7 3 7 5 -1  1
7137857153959861302
5 2 4 0 -1  1
7137984722386567527
7 0 7 2 -1  1
7138220204210006689
3 6 4 7 -1  1
7138375343165596068
3 3 2 4 -1  1
7138460341449988380
5 1 4 2 -1  1
7138476109783513501
7 2 6 2 -1  1
7138481266035581487
5 4 4 4 -1  1
7138517703727816048
7 0 7 1 -1  1
7138570869082051353
5 2 4 1 -1  1
7138700740061266291
6 0 5 0 -1  1
7138701945760826815
6 6 4 4 -1  1
7139107393544097745
5 4 7 4 -1  1
7139312971756891154
6 7 7 6 -1  1
7139459527072737478
1 1 3 3 -1  1
7139651825155170399
5 7 5 1 -1  1
7139722663869289250
6 0 5 0 -1  1
7 2 6 3 -1  1
7139810021377872627
2 1 4 0 -1  1
7140125556522464612
5 3 5 2 -1  1
7140146040809073657
3 5 2 5 -1  1
7140249871130637214
6 0 4 0 -1  1
7140255669855259219
3 2 7 2 -1  1
7140544629406596698
6 2 7 2 -1  1
7140901602633037258
6 6 5 6 -1  2
7140942199610233195
7 5 6 6 -1  8
7140943180381152759
4 5 3 4 -1  1
7140972658140402317
6 5 5 5 -1  1
7141318903250958930
6 3 4 5 -1  1
7141566325076425461
4 5 2 4 -1  1
7142036043574600600
5 1 2 4 -1  1
7142176195203704246
5 1 5 2 -1  1
7142410058162841941
3 1 2 3 -1  1
7142420523547072006
4 2 3 3 -1  2
7142689996606485388
6 2 4 3 -1  1
7143088852342386090
7 2 5 4 -1  1
7143116592109295444
6 1 7 2 -1  2
7143336330961145236
7 3 3 3 -1  1
7143422732481012550
4 2 3 3 -1  1
7143686167439637802
6 5 7 4 -1  1
7143872896194994513
6 1 5 1 -1  1
7143919265691894492
7 5 5 3 -1  1
7143933741766513234
5 5 3 4 -1  1
7144078184272569419
6 7 5 6 -1  1
7144352988212373654
4 4 4 7 -1  1
7144467432646625658
5 1 4 1 -1  1
7144470084170669456
5 1 4 1 -1  1
7144482272311817786
7 3 6 4 -1  1
7144598072139176200
7 2 5 4 -1  1
7144620979761252002
7 5 7 1 -1  1
7144786578664263324
3 2 4 2 -1  1
7144861063661756949
7 2 5 4 -1  1
7144920263825271249
2 1 1 1 -1  1
7145061422796474991
4 4 6 3 -1  1
7145253926714906625
7 6 7 5 -1  1
7145275477792517751
4 1 2 3 -1  1
7145392198292665433
7 2 6 3 -1  1
7145613614308563396
6 5 4 5 -1  1
7145627920963336705
7 1 5 2 -1  1
7145757348314378136
3 1 2 0 -1  1
7145806424454733487
3 1 4 1 -1  1
7145815290677704243
2 3 1 1 -1  1
7145890858213629082
5 0 4 0 -1  1
7146110670767395092
6 1 5 1 -1  1
7146195531771566572
4 0 5 0 -1  1
7146272635421445658
7 0 6 0 -1  1
7146292501669368868
5 6 4 6 -1  1
7146633835907498680
3 4 2 4 -1  1
7146715175212915105
4 1 3 2 -1  2
7146891280101639948
6 4 0 4 -1  1
7147208976801112054
6 3 7 5 -1  1
7147235179610796442
4 7 4 5 -1  1
7147372403362616848
3 3 2 2 -1  4
7147383841231607508
6 2 5 2 -1  1
7147498380229256259
5 3 6 4 -1  1
7147532766650640416
5 2 5 5 -1  1
7147547575215498042
5 4 6 4 -1  1
7147577159273614895
7 5 6 4 -1  1
7147631875801751527
4 7 3 7 -1  1
7147635999726476271
4 7 3 6 -1  1
7147737730216563238
6 1 4 1 -1  1
7147880659209250919
7 4 4 4 -1  1
7147889846392191997
3 3 5 4 -1  1
7147942252887866384
6 4 7 3 -1  1
7148158277635671594
4 2 5 1 -1  1
7148395980598062981
5 5 4 3 -1  1
7148550542902953000
5 4 4 3 -1  1
7148600488089174507
7 5 6 6 -1  13
7148709625753625460
7 4 7 6 -1  1
7148830970545699274
5 4 3 6 -1  1
7149035673077313637
0 1 1 1 -1  1
7149115189238357238
7 2 6 3 -1  1
7149334110057112987
6 1 5 1 -1  1
7149480850756383883
5 1 4 1 -1  1
7149608155851328901
7 4 7 3 -1  1
7149851551897370204
6 1 4 1 -1  1
7149857654561867240
1 6 2 5 -1  1
7149972186106572969
1 2 2 2 -1  1
7149972661171781365
4 5 3 5 -1  1
7150204972876260421
6 4 7 2 -1  1
7150223566054745200
6 5 5 5 -1  1
7150280259677937531
1 6 1 5 -1  1
7150416121654467317
6 3 5 3 -1  1
6 4 5 4 -1  1
7150529693594092753
7 6 5 5 -1  1
7150569463784769041
4 3 4 2 -1  1
7150828244815485683
4 2 2 1 -1  1
7150841593458505524
1 7 1 6 -1  1
7151076392332526205
4 1 3 1 -1  1
7151196848865566780
7 4 5 5 -1  1
7151203209215440394
4 1 3 2 -1  1
7151216484900759640
7 5 6 6 -1  1
7151252488282701903
0 4 4 4 -1  1
7151542718560605680
7 0 7 2 -1  1
7151561762502660835
4 5 4 0 -1  1
7151598695595232317
6 5 5 5 -1  1
7151695088050212043
6 1 7 2 -1  1
7151828200883327848
5 2 6 4 -1  1
7151837367470299728
7 0 7 2 -1  1
7151903376184925442
3 1 2 3 -1  1
7151928852224011078
7 3 7 4 -1  1
7152023179310748530
6 3 6 4 -1  1
7152202667377147966
7 4 7 6 -1  1
7152221069863195628
3 4 2 4 -1  1
7152237430142362007
3 1 6 4 -1  1
7152268984804867275
7 5 6 4 -1  1
7152382460166005874
6 6 5 5 -1  1
7152496567936198403
6 7 4 7 -1  1
7152521285158588949
4 2 5 1 -1  1
7152675341597643514
6 7 5 6 -1  1
7152842327284916739
6 4 4 2 -1  2
7153006090126732422
7 3 5 1 -1  1
7153083340426091991
5 5 7 3 -1  1
7153213313195192702
5 2 6 4 -1  1
7153257397723865104
4 2 2 3 -1  1
7154052521112767760
2 2 3 3 -1  1
7154117355426564339
7 2 5 4 -1  1
7154214576918424453
7 0 7 2 -1  1
7154303878685897674
7 3 4 0 -1  1
7154338500780349436
6 6 6 7 -1  1
7154410991919083677
6 5 4 5 -1  1
7154608194739051833
4 1 3 2 -1  1
7154809485901204185
3 4 4 3 -1  1
7155033143484956094
7 2 6 3 -1  1
7155079305542777517
5 2 4 2 -1  1
7155276442780205618
7 4 7 6 -1  1
7155278645536065727
6 0 6 1 -1  1
7155307040831892530
4 2 3 1 -1  1
7155379949764650697
7 1 6 1 -1  1
7155572277931250991
7 3 4 0 -1  1
7155609171601555853
5 3 6 2 -1  1
7155869700072419156
5 3 4 2 -1  1
7156054048638537119
5 2 6 4 -1  1
7156123706659485544
7 3 4 0 -1  1
7156211291546241750
6 0 6 1 -1  1
7156272725837212053
6 6 7 5 -1  1
7156279962876406583
4 2 3 3 -1  1
7156281674530216497
6 6 5 5 -1  1
7156328314029422511
5 3 0 3 -1  1
7156362482896852201
6 4 5 4 -1  3
7156688266657746166
4 1 3 2 -1  1
7156723832259421925
4 3 5 2 -1  1
7156954124671543415
6 3 5 1 -1  1
7156986051279713105
7 6 6 6 -1  1
7157089993634415650
5 6 3 7 -1  1
7157118815699544684
7 5 7 2 -1  1
7157166974640970701
6 7 5 7 -1  1
7157196345801079274
1 1 1 0 -1  1
7157713948185081779
2 2 1 1 -1  1
7157832722188575169
4 2 6 0 -1  1
7157956123277937827
7 1 5 2 -1  1
7157961345526459427
5 5 4 4 -1  1
7158114917618442507
7 2 0 2 -1  1
7158237161639220522
7 5 5 3 -1  1
7158251413200313778
5 5 6 6 -1  1
7158365864587149885
2 0 3 1 -1  1
7158619175676546234
7 4 7 6 -1  1
7158637538804671183
7 2 3 6 -1  1
7158708783378463552
6 2 6 0 -1  1
7158718274310984743
6 3 7 5 -1  1
7158759452628375961
3 1 5 2 -1  1
7158784357293614262
5 4 6 3 -1  1
7158820450875171345
3 6 3 5 -1  1
7158822044852971222
5 5 4 4 -1  1
7158976201857537515
5 2 3 3 -1  1
7159026055925979921
4 5 3 5 -1  1
7159062201833199316
2 0 3 1 -1  1
7159064527083231172
7 2 7 1 -1  1
7159149372826176917
4 3 3 4 -1  1
7159532589963749004
6 1 7 0 -1  1
7159556855040544046
7 5 6 4 -1  3
7159653912810982553
4 6 0 6 -1  1
7159865900934941752
3 4 2 2 -1  1
7159889672479961412
3 4 4 6 -1  1
7160004870660718685
4 5 5 3 -1  1
7160056741932505279
6 3 4 4 -1  1
7160273668815678641
0 1 2 0 -1  1
7160405434193909456
5 2 4 2 -1  1
7160671527143803536
6 7 5 7 -1  1
7160714634205571165
1 4 2 4 -1  1
7160804278374303702
5 5 4 5 -1  1
7160934809122107943
7 4 7 6 -1  3
7161089401321690912
7 6 6 6 -1  1
7161232549491971312
4 3 3 4 -1  1
7161270946875984145
5 3 3 5 -1  1
7161314045973701202
4 5 4 4 -1  1
7161432714316851991
3 1 4 3 -1  1
7161472502154137684
2 0 4 2 -1  1
7161548948756111397
7 1 5 2 -1  1
7161652443106272478
4 4 3 4 -1  1
7161678644878649407
3 1 2 0 -1  1
7161723705820448943
6 6 7 7 -1  1
7161858433212162676
7 4 7 3 -1  1
7161936845530487072
6 7 5 7 -1  1
7162093315059578380
4 7 3 5 -1  1
7162207787305572998
4 6 5 5 -1  1
7162217299951701182
3 1 1 2 -1  1
7162289306758941202
3 5 2 6 -1  1
7162481708170778905
6 4 4 4 -1  1
7162624151024446338
1 2 1 5 -1  1
7162796853451583251
7 0 7 1 -1  1
7162811104488445399
7 7 7 3 -1  1
7162891986615569589
4 1 6 1 -1  1
7162973076725063589
6 3 6 2 -1  1
7163021419093387036
7 3 6 4 -1  1
7163072063164689070
6 4 4 6 -1  1
7163164695205618569
6 4 5 6 -1  1
7163172828862275545
4 2 2 4 -1  1
7163263915132166636
4 3 3 1 -1  1
7163264629479404835
7 5 6 4 -1  1
7163292054832178004
4 1 3 1 -1  2
7163364053922521349
6 2 5 1 -1  1
7163475561167468429
4 3 2 3 -1  1
7163501400043503553
7 4 6 4 -1  1
7163842492181392234
6 1 4 1 -1  1
7164168778825140185
6 6 7 5 -1  2
7164295749079896314
5 3 4 4 -1  1
7164303085290847631
7 5 7 3 -1  1
7164322876571910020
2 4 0 4 -1  2
7164371915501213414
7 2 6 1 -1  1
7164411181026830207
7 3 5 2 -1  1
7164486913285776715
4 5 6 3 -1  2
7164563089905418730
6 5 4 5 -1  1
7164574089039641888
7 3 6 3 -1  1
7164627267326113173
4 2 5 3 -1  2
7164644573604829235
5 0 4 0 -1  1
7164897262260778653
7 1 6 3 -1  1
7165286405579499548
7 5 7 3 -1  1
7165335814314614754
7 0 7 1 -1  1
7165482164470740561
3 0 2 0 -1  1
7165490465887676068
6 2 5 2 -1  1
7165498331580801000
1 4 1 7 -1  1
7165506085203965036
4 0 3 0 -1  1
7165583520658807920
7 7 7 0 -1  1
7165629347515617185
5 2 4 2 -1  1
7165830877307524608
7 0 2 0 -1  1
7165875458070604573
6 3 5 3 -1  2
7165942767645400177
6 3 5 4 -1  1
7166034587426224787
0 7 0 1 -1  1
7166238332718066191
5 5 4 3 -1  1
7166412674886292549
6 2 4 2 -1  1
7166485992922997015
0 6 0 0 -1  1
7166556279360654948
5 2 4 1 -1  1
7166561017823565899
7 0 7 2 -1  1
7166872465414402000
4 2 3 2 -1  1
7 1 5 2 -1  1
7166898056418105812
3 4 2 4 -1  1
7167033157500602960
6 4 1 4 -1  1
7167056999375774689
5 2 4 2 -1  1
7167057612967349524
6 6 5 5 -1  1
7167092366608521193
4 4 3 4 -1  1
7167316351833435281
5 3 5 4 -1  1
7167573386280321962
4 2 4 7 -1  1
7167705237867162596
7 3 6 3 -1  1
7167911862916413986
0 1 0 2 -1  1
7167971888122486293
5 5 4 4 -1  1
7168092112138802787
0 7 0 2 -1  1
7168104697179434114
6 3 5 2 -1  1
7168381670475797318
4 0 5 2 -1  1
7168927253424288505
7 2 6 1 -1  1
7169056289254155754
6 7 5 7 -1  1
7169163849853301377
6 4 4 2 -1  1
7169244700249015372
5 2 3 3 -1  1
7169585736779038000
7 2 6 4 -1  1
7169648056140849164
6 1 5 1 -1  1
7169657094341273747
7 4 6 4 -1  1
7169729764074618979
2 6 2 7 -1  1
7169743464426289676
6 4 5 4 -1  1
7169767628435408436
7 0 7 4 -1  1
7169909228142338618
4 5 3 5 -1  1
7169977798777235314
7 2 6 3 -1  3
7170142720335228256
5 5 6 4 -1  1
7170184695767318807
6 6 5 6 -1  1
7170191858650102897
7 3 6 4 -1  1
7170328457070879957
2 0 1 0 -1  1
7170417604380349982
5 2 4 3 -1  1
7170602348639625407
2 3 1 3 -1  1
7170768786990282530
5 3 4 1 -1  1
7170880170855106093
7 5 5 3 -1  1
7171004878619071699
7 5 6 6 -1  4
7171014644549688581
3 0 2 0 -1  1
7171083772799240614
1 4 1 2 -1  1
7171424704996379950
2 2 4 3 -1  1
7171593052766180293
5 4 4 2 -1  1
7171772415204870572
6 3 4 4 -1  1
7171922317927108702
6 6 7 5 -1  2
7172017371687757045
6 2 1 7 -1  1
7172151845536318176
4 3 2 4 -1  1
7172229417919025652
6 1 5 2 -1  1
7172526559823898195
5 1 4 3 -1  1
7172579653650720617
6 2 4 2 -1  4
7172622099044903374
7 3 7 4 -1  1
7172648567076498162
4 1 3 2 -1  1
7173183110175951340
7 2 6 2 -1  1
7173231288185008636
3 0 3 6 -1  1
7173604394982373468
4 3 2 1 -1  1
7173630239094090249
4 0 3 0 -1  1
7173741186712318367
7 0 7 2 -1  1
7173840830488593329
3 0 4 0 -1  1
7173844751233203710
7 3 5 5 -1  1
7173866936560079238
3 1 2 2 -1  1
7173994283166433751
6 2 4 2 -1  1
7 5 5 3 -1  2
7174879849857043018
6 4 7 5 -1  1
7174990130840707860
4 7 5 5 -1  1
7175096081914998306
7 6 7 7 -1  1
7175258047469633164
4 0 4 4 -1  1
7175845838063205303
6 1 6 2 -1  1
7175965539907278718
2 6 1 5 -1  1
7176153352163162877
6 4 5 5 -1  1
7176255530678207132
7 5 7 3 -1  1
7176385723121580755
6 5 4 5 -1  1
7176451701239064084
3 0 5 1 -1  1
7176742200611176864
0 2 2 2 -1  1
7176802192520161849
4 4 5 3 -1  1
7176876086242412099
4 5 3 5 -1  1
7176900144029542170
4 4 3 4 -1  1
7177017545612633600
5 2 7 1 -1  1
7177043665852376864
4 5 6 3 -1  1
7177059995669355250
7 2 2 2 -1  1
7177347072550588401
6 6 5 6 -1  2
7177367530099697863
5 6 4 6 -1  1
7177508743078453264
5 1 4 2 -1  1
7178222671353641588
7 0 7 5 -1  1
7178253711022898122
6 4 7 5 -1  1
7178492004110370863
7 4 7 3 -1  1
7178662598172187343
7 2 5 4 -1  1
7178711552218219209
6 5 5 4 -1  1
7178895484143683404
6 5 4 5 -1  1
7178976862789045518
4 5 0 1 -1  1
7179260782651234436
6 3 5 3 -1  1
7179405504436897851
7 3 4 3 -1  1
7179518065394853417
4 5 4 1 -1  1
7179559872551191222
2 0 1 0 -1  1
7179600392587858744
1 1 1 3 -1  1
7179684087286504960
6 0 5 0 -1  2
7179795993657410517
7 6 7 5 -1  1
7179882600215126859
4 4 2 6 -1  1
7180070122094130999
6 7 5 5 -1  1
7180337563620432497
7 0 7 2 -1  1
7180395074647223742
4 2 4 1 -1  1
7180507695657252357
7 0 7 3 -1  2
7180542754255791199
5 4 4 4 -1  1
7180596373492768841
4 5 3 5 -1  1
7180600856546054219
5 1 3 2 -1  1
7180743798948576569
6 4 5 6 -1  1
7180750879557723161
6 0 5 0 -1  1
7180878351417913778
5 2 4 1 -1  1
7180880458628419181
5 5 5 3 -1  1
7180894327843109467
4 1 3 1 -1  1
7180994368693829373
7 5 7 3 -1  1
7181037385029766500
7 0 7 4 -1  1
7181074830674827250
6 2 6 0 -1  1
7181212570164487765
4 1 3 2 -1  1
7181255909461807236
6 5 7 3 -1  2
7181263030080888766
4 5 4 2 -1  1
7181473313349967179
5 2 3 3 -1  1
7181634513741323852
6 7 5 7 -1  1
7182208813919802832
6 4 4 4 -1  1
7182479432415269534
3 3 2 5 -1  1
7182693375385655000
4 1 1 4 -1  1
7182747637604147283
6 3 5 1 -1  1
7182992338979122621
5 5 4 5 -1  1
7183137229522533106
3 4 2 6 -1  1
7183248696963399938
7 4 5 4 -1  1
7183586517209584873
5 6 4 6 -1  1
7183887234204161347
0 4 1 4 -1  1
7183930070478943775
6 3 5 2 -1  1
7184005925378491310
1 3 0 2 -1  1
7184014883982416859
4 7 2 6 -1  1
7184092889185695914
6 6 5 5 -1  1
7184231674787220600
5 3 6 2 -1  3
7184369898491786344
5 1 0 6 -1  1
7184429532184507700
6 3 5 3 -1  1
7 6 5 5 -1  4
7184459692001853053
6 5 4 5 -1  1
7184489112191647131
1 0 1 1 -1  1
7184532069627906949
6 4 5 3 -1  1
7184790790046188999
6 6 5 7 -1  1
7184840150918120562
6 6 5 7 -1  1
7185008229038373819
7 1 7 2 -1  1
7185008276528545786
7 4 5 6 -1  1
7185178204820404104
5 3 3 4 -1  1
7185224682501409167
5 5 4 4 -1  1
7185769020450955552
4 4 4 5 -1  1
7185894810984617881
5 2 6 4 -1  2
7185989793065320023
1 6 3 5 -1  1
7186158540992431894
5 1 4 1 -1  1
7186245965553594302
4 6 3 7 -1  1
7186338857560392590
5 2 4 2 -1  1
7186435447459987580
2 3 1 3 -1  1
7186564921481455665
5 5 6 7 -1  1
7186678060837676577
5 3 6 2 -1  1
7186797516458352185
7 6 6 6 -1  1
7186817676551522703
6 2 6 4 -1  1
7186822564583223935
7 4 7 3 -1  1
7186979207540829616
5 1 3 2 -1  1
7187087953430864342
6 1 4 1 -1  1
7187096067644450501
6 5 5 5 -1  1
7187115771963295564
2 1 1 1 -1  1
7187330637220271664
1 1 3 1 -1  1
7187598520896276848
5 4 6 3 -1  1
7187774114133804515
6 1 7 2 -1  1
7187801797296030768
6 6 5 7 -1  1
7187817691285025854
7 5 4 5 -1  1
7187882473766456016
7 4 6 3 -1  1
7188012740894185583
5 7 4 6 -1  1
7188073730980723378
5 4 7 4 -1  1
7188232871910367390
6 4 5 4 -1  1
7188357405235483798
4 2 3 2 -1  1
7 0 7 2 -1  1
7188418045306286500
7 0 7 2 -1  1
7188441971516176640
6 4 7 4 -1  1
7188531778844437332
2 1 3 1 -1  1
7188778772054208439
5 0 4 2 -1  1
7188856005490079877
7 4 7 5 -1  1
7188965779553163559
6 6 5 5 -1  1
7188972737396230014
5 3 4 2 -1  1
7188974984167898456
4 0 3 1 -1  2
7189103906306538789
5 7 4 7 -1  1
7189166087052029411
3 3 6 3 -1  1
6 4 7 5 -1  1
7189202251884154272
6 7 1 7 -1  1
7189234019565116959
6 6 4 6 -1  1
7189234287337708374
7 5 7 2 -1  1
7189391289635210160
2 1 1 1 -1  2
7189426446920172909
7 1 5 2 -1  1
7189445307649034576
6 3 7 1 -1  1
7189484986275351229
5 2 5 3 -1  1
7189551937191238771
3 4 2 4 -1  1
7189588402786040611
5 0 4 0 -1  1
7189647331791869144
4 1 3 1 -1  1
7189744454130220747
4 4 4 0 -1  1
7189772982898287591
7 6 7 7 -1  1
7189951578447185684
6 4 1 4 -1  1
7189956966512984033
7 3 6 4 -1  1
7189984316347558020
3 7 3 6 -1  1
7190019647558686945
5 5 4 7 -1  1
7190052945274080750
5 5 3 6 -1  1
7190091291490543201
5 2 4 2 -1  1
7190340631435309748
6 6 5 6 -1  2
7190355361600885663
5 7 5 6 -1  1
7190458111755145932
7 6 5 6 -1  1
7190697509060328125
4 0 4 3 -1  1
7190883207041087039
5 5 3 4 -1  2
7190888643321123873
5 5 2 2 -1  1
7191220921582347681
2 2 1 3 -1  1
7191298869009364505
6 6 5 6 -1  1
7191502846398365423
7 3 7 0 -1  1
7191542174530025532
7 2 4 5 -1  1
7191659022342503706
5 2 4 2 -1  1
7191750853037684542
5 4 7 3 -1  1
7191776223412859557
6 4 7 4 -1  1
7191795828446738349
4 3 3 3 -1  1
7191973411270186418
6 4 5 6 -1  1
7192022675336223679
6 4 6 3 -1  2
7192118774893885280
7 6 7 7 -1  1
7192401326268946971
3 3 4 3 -1  1
7192504224449206350
6 3 4 2 -1  1
7192507678311032919
5 4 6 3 -1  1
7192626122846678413
5 5 6 4 -1  1
7192627978735899146
6 7 4 6 -1  1
7192788145264278471
2 3 2 4 -1  1
7192835573084616593
5 1 4 1 -1  1
7192986015667577174
6 5 5 5 -1  2
7193155126190160391
6 1 5 1 -1  3
7193540502067746388
3 3 4 5 -1  1
7193563408799872770
5 1 3 3 -1  1
7193740136312611975
6 7 5 7 -1  1
7193925417518402738
4 1 3 1 -1  1
7194054921815369250
1 3 3 1 -1  1
7194481522690443562
3 6 4 7 -1  1
7194939137784668499
5 1 4 3 -1  1
7194960388368001432
7 6 6 6 -1  1
7195013273633648858
6 6 4 5 -1  1
7195197256965722445
7 5 5 4 -1  1
7195213359661202177
5 7 4 7 -1  2
7195287733103473411
5 2 3 4 -1  1
7195491162320086717
2 1 3 0 -1  1
7195541521955396731
7 3 6 3 -1  1
7195778196054796143
3 5 2 5 -1  1
7196050235316316493
5 7 4 6 -1  1
7196150793471201868
4 2 3 3 -1  3
7196174987422823283
4 3 6 4 -1  1
7196365255377503673
6 2 5 2 -1  1
7196424310985929244
5 3 4 3 -1  1
7196453219517984097
1 3 3 3 -1  1
7196488741764823077
7 1 6 3 -1  1
7196726328107130954
6 0 4 0 -1  1
7196772797396637765
6 0 4 0 -1  1
7196927711185414766
6 1 5 0 -1  3
7 0 7 2 -1  3
7196960429384157131
4 2 3 2 -1  1
7197555179949995990
4 2 3 3 -1  1
7197620663514110357
1 1 2 2 -1  1
7197651115443303860
7 6 7 5 -1  1
7197865919669691340
4 3 3 2 -1  1
7198202813607630462
7 2 7 1 -1  1
7198247518045783613
7 6 3 6 -1  1
7198257498960654718
6 1 3 4 -1  1
7198434017479349881
7 2 3 2 -1  1
7198497675040521659
6 5 6 4 -1  1
7198752943175752171
5 1 4 0 -1  1
7198794346456826702
4 3 3 4 -1  1
7198982148308100435
5 3 6 4 -1  1
7199081492579584437
4 3 2 5 -1  1
7199158060827347275
6 7 7 6 -1  1
7199158610009122476
6 1 4 1 -1  1
7199178982853669389
7 4 7 6 -1  2
7199489446185994887
6 5 5 4 -1  1
7199572903914301174
5 2 4 4 -1  1
7199900742472104613
6 2 6 3 -1  2
7200350299218340434
5 5 3 4 -1  1
7200660966655540286
2 0 1 0 -1  1
2 0 2 2 -1  1
7200668988195137540
4 6 2 7 -1  1
7200901929114766427
7 2 6 3 -1  1
7200991950237912906
6 1 5 1 -1  1
7201053216017364841
7 5 7 1 -1  1
7201087484292815390
7 3 7 4 -1  1
7201380051887076806
7 2 1 2 -1  1
7201436736862979064
3 7 2 6 -1  1
7201542566263173468
6 1 4 1 -1  1
7201543839735446010
6 5 5 5 -1  1
7201551098462708456
7 0 7 4 -1  1
7201693436808707867
2 5 1 5 -1  1
7202115407913801292
4 4 3 4 -1  1
7202126778464103500
7 3 7 2 -1  1
7202316445911504856
2 7 2 0 -1  1
7202406423130924127
7 5 6 4 -1  1
7202409275027764305
7 0 7 3 -1  1
7202443576140707657
7 2 4 2 -1  1
7202491777567376602
4 0 3 0 -1  1
7202552375496156466
6 5 4 5 -1  1
7202700884106460993
7 3 5 4 -1  1
7202718570981584245
3 3 2 3 -1  1
7202959491889141577
2 4 2 1 -1  1
7202979650595971600
5 5 3 4 -1  1
7203011337410568323
5 1 3 2 -1  1
7203068910538754282
6 3 5 3 -1  1
7203132813454809520
3 6 2 7 -1  1
7203165113819798689
7 3 6 2 -1  1
7203423436010186961
7 2 3 6 -1  1
7203556794720338304
5 6 4 6 -1  1
7203622005129245297
4 2 6 4 -1  2
7204060335710819800
6 4 4 3 -1  1
7204553474570164799
6 7 5 7 -1  1
7204663789330786271
4 2 6 1 -1  1
7204794483203135641
7 2 5 2 -1  1
7204937022014506239
6 5 5 5 -1  1
7204943282305624003
0 3 1 4 -1  1
7205504255467390394
6 3 4 3 -1  1
7205589915926081416
5 3 1 7 -1  1
7205651738898832140
3 6 3 3 -1  1
7205831391430998753
5 5 6 3 -1  1
7205876688317699156
5 5 4 5 -1  1
7206059728275011135
3 6 2 7 -1  2
7206212791902890799
7 6 7 7 -1  1
7206579745930992044
6 7 5 7 -1  1
7206886809933366887
7 0 1 0 -1  1
7206949251942907977
4 5 4 6 -1  1
7207020861635069719
6 2 7 3 -1  1
7207068440235997775
7 3 4 0 -1  1
7207112636306974325
7 3 3 3 -1  1
7207146530491043235
6 2 5 2 -1  1
7207272324933716314
7 2 6 2 -1  1
7207520615321188306
6 4 5 3 -1  1
7207532318636535421
6 5 7 6 -1  1
7207723721808737196
6 3 7 5 -1  1
7208164049900478152
7 2 5 0 -1  1
7208504348049944499
6 6 4 6 -1  1
7208542052866482719
6 3 5 3 -1  1
6 7 4 7 -1  1
7208563798116271202
0 2 2 3 -1  1
7208577079102871189
5 5 3 7 -1  1
7208580319535145139
5 5 4 5 -1  1
7209071052336997518
7 3 4 3 -1  1
7209171641933582953
3 0 3 7 -1  1
7209190375951201334
7 3 7 5 -1  1
7209242217960502099
6 2 5 2 -1  1
7209350191501875197
3 4 6 4 -1  1
7209539389395079313
6 6 5 6 -1  1
7209755628739486218
4 6 1 6 -1  1
7209833612290560465
6 6 7 7 -1  1
7209926764599328133
2 6 0 5 -1  1
7209932683758029253
5 6 4 6 -1  1
7210119076191831874
5 6 3 7 -1  1
7210630502912241699
6 3 6 4 -1  1
7210648243851245260
6 2 7 1 -1  1
7210724980151848904
7 6 6 7 -1  1
7210859701292706043
3 1 4 2 -1  1
7210937951890732573
5 5 4 7 -1  1
7211091474612021229
4 4 2 3 -1  1
7211267124125684125
6 1 4 1 -1  3
7211286212862928444
6 6 4 4 -1  1
7211903080806152673
3 1 3 2 -1  1
7211979350316757824
4 2 2 1 -1  1
7212204449896760377
7 4 7 5 -1  1
7212267608228466505
7 5 5 3 -1  1
7212579502364268781
7 6 7 7 -1  1
7212596335690530342
4 4 2 3 -1  1
7212997768740629201
3 4 4 6 -1  1
7213052285242925263
6 4 5 5 -1  2
7213194389529352930
3 4 4 5 -1  1
7213247818298825945
7 0 7 4 -1  1
7213966091744066554
4 6 5 7 -1  1
7214047180901156820
5 2 7 4 -1  1
7214571911294991329
7 5 4 5 -1  1
7214827977931228305
6 3 5 3 -1  1
7214880310533316077
4 5 3 5 -1  1
7215114766767748710
7 3 2 3 -1  1
7215167035454875733
4 4 3 6 -1  1
7215203062913774149
6 4 4 3 -1  1
7215216251981275049
6 4 5 4 -1  1
7215377200970154680
6 2 4 2 -1  1
7215449892797701400
6 6 7 5 -1  1
7215654773064258436
1 3 1 5 -1  1
7215794783036538552
7 4 7 6 -1  1
7215827006626137345
5 5 6 7 -1  1
7215950282006055187
3 5 3 7 -1  1
7215964570835043671
2 4 4 5 -1  1
7216167871683694031
4 5 4 0 -1  1
7216308774930796947
4 3 2 2 -1  3
6 4 5 4 -1  3
7216492871050665540
4 3 1 3 -1  2
7216528955265343604
5 5 4 4 -1  1
7217064947837742362
7 6 6 7 -1  1
7217122031421877774
3 3 2 2 -1  1
7217137766999743466
4 5 3 4 -1  1
7217277475345039536
7 4 5 3 -1  1
7217452866590437046
4 3 7 0 -1  2
7217456424075339541
7 7 7 6 -1  1
7217669670803885288
5 7 4 7 -1  1
7217747973978244431
4 0 3 0 -1  1
7217808647203363062
4 7 5 5 -1  1
7217920771675477485
5 2 3 3 -1  1
7218087537673705227
2 7 2 5 -1  1
7218206153864230935
5 2 4 2 -1  1
7218260766340604088
7 4 6 5 -1  1
7218266891445117783
5 4 4 5 -1  1
7218332945624526260
5 6 7 5 -1  1
7218345981450133529
4 7 5 5 -1  1
7218387195571061342
2 1 3 2 -1  1
7218397514621388497
5 3 4 3 -1  1
7218446463012737698
7 6 7 5 -1  1
7218451940810425174
5 1 4 1 -1  1
7218463316693551383
3 5 1 4 -1  1
7218486507731610469
5 3 7 3 -1  1
7218884233807795126
6 2 7 1 -1  1
7218984130069319438
7 3 6 3 -1  1
7219016499484712486
0 2 0 3 -1  1
7219341243640536283
6 6 5 6 -1  1
7219951789421002430
6 2 5 2 -1  1
7219993647603511893
4 0 3 2 -1  1
7220016562883961151
6 4 6 6 -1  1
7220053113819845038
2 4 4 3 -1  1
7220156458190979838
5 4 6 6 -1  1
7220723611276265516
3 7 1 7 -1  1
7220766235744068872
5 1 4 1 -1  1
7220818476897533892
7 0 7 2 -1  1
7220990825216873472
4 2 3 2 -1  1
7221004636519781275
7 6 7 7 -1  1
7221515248155720864
5 5 4 5 -1  1
7221666593053333615
4 6 3 5 -1  1
7221787311637136775
5 6 5 4 -1  1
7221879354010050238
6 6 5 6 -1  1
7221881544959810972
5 3 4 5 -1  1
7221916008514248129
7 3 6 4 -1  1
7221946105417399588
0 2 0 5 -1  1
7222015663710433312
5 3 6 5 -1  1
7222048022854744389
5 1 5 6 -1  2
7222086231501443427
4 1 3 1 -1  2
7222319394158755286
3 4 2 2 -1  1
7222332901478483566
5 4 6 4 -1  3
7222424091739740599
6 0 2 4 -1  1
7222444850567157467
6 4 6 5 -1  1
7222492931832353312
7 1 7 3 -1  1
7222985688643320772
7 1 7 4 -1  1
7223023768137046380
3 0 2 0 -1  1
7223316169793687118
7 4 7 6 -1  1
7223525433902871831
6 3 5 5 -1  1
7223586003576939843
7 4 7 3 -1  1
7223866331099903857
0 4 4 4 -1  1
7223868964727814791
5 5 6 3 -1  1
7223934190932182385
3 4 5 6 -1  1
7223970944490910755
5 5 3 3 -1  1
7224039372961478766
5 4 5 3 -1  1
7224216307753843671
1 4 0 4 -1  1
7224287582527231204
5 7 6 6 -1  1
7224303294242536559
3 2 2 1 -1  1
7224372766562170104
3 3 2 3 -1  1
7224400549758770970
6 7 4 7 -1  1
7224556598494969398
3 4 5 5 -1  2
7224696514217600258
7 0 7 2 -1  1
7224857368516699169
6 5 5 4 -1  1
7224860748717531904
3 6 7 2 -1  1
7225086970135591549
4 0 2 0 -1  1
7225156387398190994
7 2 6 3 -1  1
7225232647775007091
6 6 5 6 -1  1
7225237788343580400
6 0 7 0 -1  1
7225571347542661990
0 7 1 6 -1  1
7225573587785648075
6 6 5 7 -1  1
7225693870647660291
3 7 2 7 -1  1
7225810080934956109
5 5 4 5 -1  1
7225820747491240133
6 3 4 3 -1  2
6 6 5 6 -1  1
7 1 5 2 -1  3
7225878520843527845
5 3 7 1 -1  1
7225944545612165143
6 6 4 6 -1  1
7225998651850734972
5 6 3 7 -1  1
7226020959348961240
2 2 2 5 -1  1
7226044286861091456
7 3 7 2 -1  1
7226127001976900557
7 6 6 6 -1  1
7226253139356989219
7 6 6 7 -1  1
7226264481801100759
7 6 6 7 -1  1
7226394637092779293
6 6 4 6 -1  1
7226455545508377376
6 2 7 3 -1  1
7226457176079082890
4 4 3 4 -1  2
7226457645627415411
5 0 4 0 -1  1
7226459953948205743
5 7 4 6 -1  1
7226485270799820592
5 3 4 4 -1  1
7226652060333592432
7 0 7 2 -1  3
7226728362502168157
5 7 4 5 -1  1
7226798119492833856
3 0 2 2 -1  1
7226952594823800653
6 5 5 5 -1  1
7226978669969153101
6 5 5 6 -1  1
7227022393906182241
2 6 1 6 -1  1
7227051214591884938
2 3 5 0 -1  1
7227255355107819582
7 5 3 1 -1  1
7227264752676862473
5 1 3 1 -1  1
7227420718025703163
0 1 0 3 -1  1
7227703547569527848
3 7 5 5 -1  1
7227706329183187688
1 1 2 3 -1  1
7227825803931056294
3 0 2 0 -1  1
7227911047041871352
6 3 5 5 -1  1
7227913480065532629
4 1 3 3 -1  1
7227944415281942451
7 1 7 5 -1  1
7228301103965615725
5 4 4 4 -1  1
7228386140312604881
4 2 4 6 -1  1
7228648863551100818
4 6 3 7 -1  1
7228695215322700134
7 0 7 2 -1  1
7229282443057327357
1 5 1 2 -1  1
7229456779482189163
1 5 3 7 -1  1
7229650554513343739
7 4 7 5 -1  1
7229786389935304410
2 7 3 6 -1  1
7229925223104716602
5 5 6 3 -1  1
7230200132868365692
4 5 3 5 -1  1
7230681650849448290
7 4 3 4 -1  1
7230871675799552138
7 1 7 4 -1  1
7230951748363254756
6 5 4 5 -1  1
7231022690796751974
7 5 4 2 -1  1
7231149665978009111
5 2 4 2 -1  1
7231222388089098567
7 4 7 2 -1  1
7231318682824713242
5 7 4 7 -1  1
7231444428960048690
6 0 5 0 -1  1
7231602175924352404
7 3 5 5 -1  1
7231689637455502247
2 2 3 2 -1  1
7231782803665543608
5 2 6 4 -1  2
7231851450771102011
4 4 3 5 -1  2
7232363568784690513
5 6 4 6 -1  1
7232681939679255417
7 2 6 4 -1  1
7232917112305878473
7 5 7 4 -1  1
7232962656771454537
7 0 7 2 -1  1
7233114734326033170
6 3 5 3 -1  1
7233133647225340832
7 4 5 2 -1  1
7233434777772903556
7 4 7 2 -1  1
7233449303620046164
7 4 7 3 -1  1
7233467410472669488
6 3 4 4 -1  1
7233514395567305775
7 5 7 4 -1  1
7233565001038979075
7 1 7 2 -1  1
7233645488358412104
3 0 1 0 -1  1
7233653783979208594
3 2 1 2 -1  1
7233707989595213463
4 4 3 4 -1  1
7233722343802395480
4 4 3 5 -1  1
7233859697496628504
7 3 6 2 -1  1
7233984712407632578
5 4 4 3 -1  2
7234018122559804671
7 4 5 4 -1  1
7234119349340757115
7 4 6 4 -1  1
7234215363396119045
5 0 7 0 -1  1
7234369592226214357
5 5 4 6 -1  1
7234369594398570310
1 5 3 3 -1  1
7234403169259414335
6 4 5 5 -1  1
7234610372604842547
7 0 7 3 -1  1
7234612214943128932
7 5 6 6 -1  1
7234738242768213887
4 1 2 2 -1  1
7234849615179838120
5 5 4 3 -1  1
7234873473355070126
7 1 5 0 -1  1
7234969717223409778
1 3 1 4 -1  2
7235055125948208530
6 6 4 6 -1  1
7235084474053882891
6 4 6 5 -1  1
7235282560448660656
6 1 5 1 -1  1
7235329134052169247
6 3 6 4 -1  1
7235390255187644477
4 4 5 3 -1  2
7235404253872931693
3 3 2 3 -1  1
7235423172233228210
3 6 2 5 -1  1
7235564522600390729
4 2 3 2 -1  1
7235602474417690479
0 7 0 5 -1  1
7235992332610071281
7 0 7 2 -1  1
7236064805338405868
4 6 3 5 -1  1
7236085844904937898
7 2 7 1 -1  1
7236313291275618833
7 4 7 2 -1  1
7236348037953590736
7 2 4 2 -1  2
7236528473383094521
4 7 2 7 -1  1
7236779173163404845
7 6 6 5 -1  1
7236846187153191780
5 5 4 7 -1  1
7236871400849736283
6 5 6 6 -1  1
7236880573296244024
4 0 3 2 -1  1
7236911775022259033
4 5 7 2 -1  1
7237100240075743732
6 2 6 6 -1  1
7237148284392539703
4 0 4 1 -1  1
7237233143338104933
7 4 7 6 -1  1
7237275287249618268
5 5 4 3 -1  1
7237345083653675935
4 3 3 3 -1  1
7237370870879727482
6 6 3 3 -1  1
7237412144280315706
6 1 5 1 -1  1
7237453995283832555
3 5 2 4 -1  1
7237543814896030014
4 2 6 2 -1  1
7237570799574557836
3 6 5 5 -1  1
7237789971503113357
5 5 4 5 -1  1
7237827502704618896
5 5 6 7 -1  1
7237922113128616575
6 2 6 1 -1  1
7238270023919213114
7 2 3 2 -1  1
7238291017344129207
4 0 5 1 -1  1
7238447266590722207
5 2 4 0 -1  1
7238461641992386499
5 0 4 0 -1  1
7238574791686085461
5 1 5 2 -1  1
7238720093002157818
5 5 5 6 -1  2
7238743612195237988
7 3 0 3 -1  1
7238785405309564153
7 3 6 4 -1  1
7238809164066100468
6 0 5 0 -1  2
6 2 4 2 -1  3
7 1 5 2 -1  1
7238894258772951049
6 5 5 5 -1  1
7239034362829252888
6 1 4 1 -1  1
7239116060175212456
3 6 4 7 -1  1
7239516864161700723
4 5 3 4 -1  1
7239908274850229688
5 6 4 6 -1  1
7239963111474422630
4 3 3 2 -1  1
7240000966023456788
6 0 4 0 -1  1
7240025347275761009
6 1 4 3 -1  1
7240039969643058422
3 0 2 1 -1  1
7240090471835133853
6 5 4 5 -1  1
7240119282774650541
6 0 2 4 -1  1
7240192851059514142
4 6 5 6 -1  1
7240383270184101830
6 0 0 0 -1  1
7240445234147696128
4 3 3 4 -1  1
7240506633983689610
4 5 6 4 -1  1
7240594114385837828
6 7 5 6 -1  1
7240623361120243065
6 0 5 1 -1  1
7240671488881413832
4 7 3 7 -1  1
7240885737498400169
6 6 7 4 -1  1
7240901434868014120
6 1 6 3 -1  1
7240937210873210042
4 5 3 4 -1  1
7241117246954863054
6 3 6 1 -1  1
7241135015045258506
5 3 6 4 -1  1
7241372686194140729
4 3 1 6 -1  1
7241426205211445599
6 4 2 0 -1  1
7241599411719446252
6 3 5 2 -1  1
7241636447937736225
7 2 6 3 -1  1
7241694507020055033
4 4 3 4 -1  1
7241759363941508506
6 6 4 6 -1  1
7241771460939246937
6 4 1 4 -1  1
7241889452748798873
6 5 5 5 -1  1
7241897236806715436
2 5 1 5 -1  1
7241922596008164754
3 0 2 2 -1  1
7241957920925894873
6 6 5 5 -1  1
7241999438648496293
1 0 1 1 -1  1
7242102438828530871
7 2 6 1 -1  1
7242482784822628716
6 6 7 5 -1  1
7242851119442168907
5 3 6 2 -1  1
7242907659357285153
5 3 4 3 -1  1
7243000707078368315
7 3 7 4 -1  1
7243053910070308979
6 5 5 5 -1  1
7243069661682471734
4 3 3 3 -1  1
7243078133983428740
6 3 5 3 -1  1
7243159346220846846
5 5 4 6 -1  2
7243238701445658181
3 0 2 0 -1  1
7243367739561429289
6 1 4 1 -1  1
7243424752453314518
6 1 6 5 -1  1
7243459575406020902
6 7 7 6 -1  1
7243633368412322301
6 2 5 3 -1  1
7243901266013254579
1 1 1 4 -1  1
7244202596965719952
7 0 0 0 -1  1
7244218470820870295
5 3 4 5 -1  1
7244226436151599010
7 1 4 1 -1  1
7244416594422875632
5 5 4 5 -1  1
7244473447689094763
7 4 3 4 -1  1
7244506755439523534
4 1 3 1 -1  1
7244735908510910170
7 2 5 2 -1  1
7244844042346684632
6 4 3 4 -1  1
7244960065410143909
7 4 7 5 -1  1
7244965422186526997
0 7 0 5 -1  1
7245019430098950660
7 4 7 2 -1  1
7245165136372022294
2 2 1 2 -1  1
7245273928993977511
4 5 3 5 -1  1
7245478325819206022
5 0 4 0 -1  2
7 3 6 2 -1  1
7245572037122592201
5 0 6 0 -1  1
7245589635925851546
6 2 4 1 -1  1
7245651420023567280
5 7 4 6 -1  1
7245889117989517829
7 3 6 3 -1  1
7246112978149874357
6 2 4 2 -1  1
7246241884575127519
6 3 4 3 -1  1
7246323466546629597
5 6 6 5 -1  1
7246557914288820017
5 1 4 2 -1  1
7246610136606898844
5 3 4 2 -1  1
7246687635554244590
6 3 5 4 -1  1
7246707034866903266
6 0 4 0 -1  1
7246948836646561511
6 3 3 3 -1  1
7246951474585621839
6 5 4 5 -1  1
7246954504965880037
6 4 6 3 -1  1
7247049962521090654
5 2 4 1 -1  1
7247138733111171863
4 0 3 2 -1  1
7247170761669575728
5 6 4 5 -1  1
7247226641576980415
5 2 5 3 -1  1
7247303090725331365
5 4 2 1 -1  1
7247633516798625308
7 0 7 2 -1  1
7247723099390553868
7 4 7 6 -1  1
7247744531033435744
6 7 5 7 -1  1
7247760356380024529
5 4 3 6 -1  1
7247839459773822894
7 5 7 4 -1  1
7248085679225106565
4 4 5 3 -1  1
7248145206315524083
6 1 4 1 -1  1
7248344190570875821
7 4 7 6 -1  4
7248378509645262903
4 4 5 5 -1  1
7248420195094064190
6 0 5 0 -1  1
7248423110131706685
0 0 0 6 -1  1
7248428095347421742
4 3 5 4 -1  1
7248508435371813806
7 0 7 3 -1  1
7248527230097360128
4 4 5 5 -1  2
7248540005212521958
6 2 7 3 -1  1
7248594345852058743
6 4 3 7 -1  1
7248832569502948693
4 3 3 3 -1  1
7248969236276216606
3 4 6 4 -1  1
7249006055524289928
6 3 5 4 -1  1
7249040785368106046
6 5 6 3 -1  1
7249051040642116336
7 1 7 3 -1  1
7249417516838741974
7 5 6 6 -1  1
7249657924041718786
6 7 4 7 -1  1
7249726304298529080
6 5 6 4 -1  1
7249794055801772197
5 1 6 0 -1  1
7249955442786261593
1 2 1 4 -1  1
7249969650916511138
5 5 3 4 -1  1
7250047328824209147
6 1 5 2 -1  1
7250293323030967000
6 1 5 1 -1  1
7250316342233084398
2 3 3 3 -1  1
7250486668519042609
6 6 5 6 -1  1
7250492322666640960
3 7 1 7 -1  1
7250529509629483087
0 5 5 5 -1  1
7250602639007080055
7 0 7 2 -1  1
7250674237922756652
2 6 3 7 -1  1
7250680695752356059
1 3 2 2 -1  1
7250776112217200806
6 1 4 3 -1  1
7250810382737727666
5 5 2 2 -1  1
7250975068823424529
2 0 1 0 -1  1
7250984655458048830
5 5 6 3 -1  1
7251003951368577002
5 3 3 5 -1  1
7251034522933881896
7 4 7 6 -1  1
7251118768611934974
6 2 7 3 -1  1
7251174103256187334
6 2 7 1 -1  1
7251682791301788644
6 0 4 2 -1  1
7251911096846677964
6 7 4 7 -1  1
7252041443825260362
3 1 2 1 -1  1
7252100702615481208
5 5 1 5 -1  1
7252228808288838473
6 3 7 4 -1  1
7252414397298819643
2 6 3 6 -1  1
7252445206684435221
7 6 6 4 -1  1
7252646565523231417
7 5 7 1 -1  1
7252699670077292409
3 4 4 6 -1  1
7252736469761915370
7 0 7 2 -1  1
7252981342080288665
6 4 5 6 -1  1
7253345768339780131
1 6 4 3 -1  1
7253360960601967938
6 7 6 4 -1  1
7253451737715819587
6 3 5 1 -1  1
7253523686156523021
6 7 4 7 -1  2
7253579043916548691
6 7 5 7 -1  1
7253678855119731954
5 5 6 4 -1  1
7253850210931651414
6 6 7 5 -1  1
7254137971083468406
7 3 7 7 -1  1
7254268343311403625
5 2 6 2 -1  1
7254367878306019925
7 5 5 7 -1  1
7254433080799871981
5 3 1 7 -1  1
7254550583462854226
7 0 7 4 -1  1
7254741455962177089
7 4 4 1 -1  1
7254855880770629335
7 4 6 3 -1  2
7254893851095433280
6 5 6 6 -1  1
7254982731754513186
7 4 7 6 -1  1
7255062803392284331
7 4 7 3 -1  1
7255270800770942890
4 4 5 3 -1  1
7255401905175195750
0 5 0 3 -1  1
7255644392532915018
7 1 5 2 -1  1
7255839870576521792
7 6 5 7 -1  1
7255870168490909256
5 5 3 4 -1  1
7255929467447679290
7 0 5 0 -1  4
7255956005911262259
7 5 6 4 -1  1
7256012057784763433
7 1 7 3 -1  1
7256470724928289412
1 7 2 5 -1  1
7256510558874167458
4 0 2 0 -1  3
7256516322005638690
7 6 6 5 -1  1
7256713272822261835
7 2 7 1 -1  1
7257005524035233463
4 1 3 1 -1  1
7257115475538241105
1 0 1 5 -1  1
7257182434408332074
4 5 6 5 -1  1
7257223074522538195
4 4 3 2 -1  1
7257384642934226923
2 1 2 6 -1  1
7257606242482744451
7 1 5 1 -1  1
7257777525526642159
4 4 3 5 -1  1
7257801238253430726
5 6 4 5 -1  1
7257801918255534947
6 4 6 1 -1  1
7257810833774220515
5 0 2 0 -1  1
7257969903034053781
5 4 5 6 -1  1
7257979934603766199
4 0 7 3 -1  1
7258105892679511115
7 3 6 4 -1  1
7258143764928826098
5 6 3 4 -1  1
7258378624045544451
3 1 2 2 -1  1
7258439057963568819
7 4 5 6 -1  1
7258812817418173008
7 1 7 3 -1  1
7258858604940710054
5 3 3 2 -1  1
7258931163595528254
5 2 4 3 -1  1
7259109961944526486
5 1 4 0 -1  1
7259211742850584003
7 1 6 3 -1  1
7259374757199792123
0 0 5 0 -1  1
7259466856030889604
2 2 3 3 -1  1
7259584191124612617
5 2 4 3 -1  1
7259617339748296263
7 2 6 3 -1  1
7259723547513223824
7 5 5 4 -1  1
7259907531845465739
6 5 2 5 -1  1
7259920566268796982
6 1 4 3 -1  1
7260202932627546369
4 4 5 4 -1  1
7260354402759759845
6 1 5 1 -1  1
7260368802373041221
5 3 4 3 -1  1
7260624706996488489
4 2 1 5 -1  1
7260629318583365649
6 3 4 3 -1  1
7260634799883772502
6 2 4 0 -1  1
7260785086430977645
6 5 5 6 -1  1
7260786466262074422
5 2 3 0 -1  1
7260803646968457562
4 5 3 5 -1  1
7260845456195272163
4 7 3 6 -1  1
7260967506557435294
7 6 6 6 -1  1
