7558602253030130656
5 5 3 3 -1  1
7558738585673851735
7 3 6 4 -1  1
7558809512733467560
7 2 5 3 -1  1
7558811415891580479
4 2 3 2 -1  1
7558994221005604706
3 2 3 0 -1  1
7559290081281145482
7 6 7 5 -1  1
7559350081662714994
3 5 3 3 -1  1
7559398900541645615
6 2 7 1 -1  1
7559541745958910252
6 5 5 5 -1  1
7559595994659733082
7 5 7 4 -1  1
7559807654972775393
3 3 2 1 -1  1
7559879198313612813
6 6 4 6 -1  1
7560132097295054776
0 3 0 4 -1  1
7560180326780333294
5 3 4 4 -1  1
7560427147349328074
6 4 5 3 -1  1
7560818799191802979
4 0 3 0 -1  1
7560860339754059343
3 2 4 1 -1  1
7561002413167034300
3 4 3 5 -1  1
7561018521720981810
6 6 5 6 -1  1
7561029768368731175
6 7 5 7 -1  1
7561227261118085603
3 4 2 5 -1  1
7561345662321593385
6 2 4 2 -1  1
7561517462517880505
7 0 7 1 -1  1
7561598193093099341
7 4 7 3 -1  1
7561611383797109124
6 1 7 2 -1  1
7561649442716066911
7 1 7 2 -1  1
7561727289168114786
6 0 0 0 -1  1
7562055092159459260
2 7 0 5 -1  1
7562078525801355090
3 0 2 0 -1  1
7562283277616229240
7 1 3 1 -1  1
7562334703221460124
6 1 4 3 -1  1
7562353341454964524
7 1 5 2 -1  1
7562456650583506285
4 5 5 7 -1  1
7562466148388317452
7 6 6 6 -1  1
7562682435346332668
7 4 5 6 -1  1
7562769253628015711
6 1 4 1 -1  1
7562863184579984809
4 5 3 5 -1  1
7563119282995195623
7 0 7 1 -1  1
7563155714571540947
5 5 4 4 -1  1
7563157482078506907
5 6 4 7 -1  1
7563264000974149817
6 2 6 4 -1  1
7563272779452436618
7 5 7 4 -1  1
7563305810123300236
4 1 3 1 -1  1
7563314361091307587
5 7 7 6 -1  1
7563319760877600181
7 4 5 4 -1  2
7563331874201936848
4 5 3 4 -1  1
7563504290325072938
4 4 3 2 -1  1
7563533644877014988
5 5 4 3 -1  1
7563675731505894103
6 4 7 5 -1  1
7563773724443375374
6 3 5 2 -1  1
7563872742712723825
1 1 3 1 -1  2
7563921895368241776
7 5 7 4 -1  1
7564050470692192816
2 0 0 2 -1  1
7564111757042426568
7 5 6 6 -1  1
7564131355456583924
5 5 6 3 -1  1
7564295468280283740
7 0 7 4 -1  1
7564309721086644622
6 3 5 5 -1  1
7564539244968372315
5 2 7 4 -1  1
7564645113092534951
4 3 3 2 -1  1
7564688323321833876
5 3 7 1 -1  1
7564717548822448482
2 6 2 3 -1  1
7564809574900478690
6 5 3 2 -1  1
7564928605385287344
7 4 7 6 -1  2
7564986537702146756
0 3 0 5 -1  1
7565153415024471227
5 0 4 0 -1  1
7565189505817379701
7 4 7 3 -1  1
7565416022829523163
7 7 7 4 -1  1
7565464972565435986
7 4 7 6 -1  1
7565711856755407208
6 1 4 3 -1  1
7566009493352591949
6 3 5 4 -1  1
7566012962975863811
4 7 3 5 -1  1
7566023672519340224
6 4 4 2 -1  1
7566064112676118496
6 5 6 4 -1  1
7566149400250845911
3 4 4 5 -1  1
7566332828311326963
6 4 4 2 -1  1
7566340165664178853
6 5 7 4 -1  1
7566444435258291300
0 3 0 4 -1  1
7566804352656086860
6 5 6 6 -1  1
7566970148719846184
5 4 4 6 -1  1
7567155558645685211
4 0 3 0 -1  1
7567304767656687138
7 0 6 0 -1  1
7567322214046980022
7 6 6 6 -1  1
7567893196658756490
7 5 6 4 -1  1
7567899584541585754
7 5 6 6 -1  1
7567939753394747018
5 4 4 5 -1  1
7567979531404486035
2 1 1 2 -1  1
7568029933452308706
6 5 5 5 -1  1
7568133311064288718
6 6 7 6 -1  2
7568148336356307205
7 3 4 6 -1  1
7568523954451591241
5 4 4 3 -1  1
7568670598996364273
7 1 7 0 -1  1
7568805191823722270
0 0 0 4 -1  1
7568828624167850034
7 4 7 6 -1  1
7568940562849381682
6 4 0 4 -1  2
7569097911447529173
6 4 6 2 -1  1
7569415826077836741
5 2 4 3 -1  1
7569439983124719509
5 0 4 0 -1  1
7569653979341081044
4 3 3 4 -1  1
7569728894218953809
4 2 3 2 -1  1
7569837615044772694
0 2 2 2 -1  1
7569946089871313381
3 3 5 5 -1  1
7569975188076145626
7 4 7 6 -1  1
7570003187456723908
4 2 6 4 -1  1
7570023451871329377
6 4 5 4 -1  1
7570077452074604022
6 3 7 4 -1  1
7570215007011812806
7 4 7 6 -1  1
7570839539943021529
5 5 4 3 -1  1
7570938690471360660
6 0 4 0 -1  1
7571149909959408794
6 0 4 0 -1  2
7571186880408489531
5 5 3 6 -1  1
7571495729529313278
7 7 7 1 -1  1
7571547810833289988
5 7 4 6 -1  1
7572123939660280394
4 3 6 4 -1  1
7572293342853720561
7 3 6 4 -1  1
7572324736203587774
4 2 5 1 -1  1
7572408919975778932
6 0 5 1 -1  1
7572440734380041693
6 3 5 3 -1  1
7572453682046115545
7 0 7 3 -1  1
7572489795762913760
6 6 5 6 -1  1
7572504940223390039
7 4 7 6 -1  1
7572525895793219684
6 3 5 5 -1  1
7572581059742151011
1 5 0 3 -1  1
7572619985360742272
6 0 7 0 -1  1
7572934638347971084
0 5 6 5 -1  1
7572985186757479012
5 4 4 4 -1  1
7573100456837217398
4 2 3 3 -1  1
7573447044360007231
7 1 6 3 -1  1
7573496326132028465
7 2 7 4 -1  1
7573577716667944030
3 1 2 0 -1  1
7573669190530967013
0 3 0 2 -1  1
7574008068015905676
7 0 7 4 -1  2
7574319515316309196
7 0 7 4 -1  1
7574323706627462189
4 1 5 0 -1  1
7574354740599623039
1 0 1 1 -1  1
7574388311073494745
4 3 3 1 -1  2
7574722662520392757
6 1 5 2 -1  1
7574970610363654429
5 3 4 3 -1  1
7575005319031453063
4 1 7 4 -1  1
7575951858987915982
4 5 3 6 -1  1
7575999797412001251
2 5 3 7 -1  1
7576039085452304840
7 0 7 2 -1  1
7576131852241415546
5 4 3 2 -1  1
7576227428363685516
6 3 4 2 -1  1
7576276661895792231
1 7 1 5 -1  1
7576371435003405373
7 3 3 3 -1  1
7576373732025944199
7 3 6 3 -1  2
7576375380842664239
6 1 0 7 -1  3
7576682125964699525
6 6 5 6 -1  1
7576912340396536222
4 4 4 6 -1  1
7577080063121258098
7 1 6 3 -1  1
7577198141611436491
4 1 4 3 -1  1
7577254948780691371
6 5 6 4 -1  1
7577471241552829413
7 2 7 1 -1  1
7577814621888020525
3 6 4 4 -1  1
7577870962858005280
3 2 0 5 -1  1
7578160102222046316
3 1 6 4 -1  1
7578180819024832693
7 3 5 1 -1  1
7578206199009340502
6 6 1 1 -1  1
7578308883749523436
6 6 6 5 -1  1
7578499418456173063
3 7 1 7 -1  1
7578616663451721435
6 5 5 5 -1  1
7578643221917678033
5 5 4 7 -1  1
7578860277023445191
7 2 6 3 -1  1
7578883932837307111
5 4 4 3 -1  1
7578915313133324397
7 3 7 1 -1  1
7579025081953671673
5 5 6 3 -1  1
7579076459063820544
3 4 1 3 -1  1
7579199519362801083
5 6 4 6 -1  1
7579205447579221121
5 1 1 1 -1  2
7579395090682027942
7 0 2 0 -1  1
7579627759441940463
7 6 7 7 -1  1
7579715014872315659
3 7 4 7 -1  1
7579741287855244400
6 6 6 7 -1  1
7579856385467556785
7 0 7 1 -1  1
7579998875743782736
1 3 3 4 -1  1
7580034592460131007
7 1 6 3 -1  1
7580157105304490520
4 4 3 4 -1  1
7580433597012764729
3 2 2 2 -1  1
7580468824071489296
6 7 6 6 -1  1
7580488670753957300
5 3 6 2 -1  1
7580492720142260222
6 4 3 7 -1  1
7580952625305650056
7 5 6 6 -1  1
7581066689380061956
4 4 3 5 -1  1
7581222049614339937
5 0 4 0 -1  1
7581273780524639908
5 1 6 1 -1  1
7581396442302552306
6 3 5 1 -1  1
7581424814003854444
5 1 6 2 -1  1
7581565580027877208
7 6 6 4 -1  1
7581606024579544693
7 4 7 5 -1  1
7581748947350274625
2 6 1 6 -1  1
7581786241641560704
7 2 3 6 -1  1
7581852801534914550
7 2 6 2 -1  1
7582065804372979027
7 6 6 5 -1  1
7582143028999762311
7 1 1 1 -1  1
7582174178874599708
7 0 7 2 -1  1
7582199766151368416
7 0 7 2 -1  1
7582211036187021980
7 7 7 6 -1  1
7582370385379354921
4 2 5 4 -1  3
7582440519715482786
7 3 7 0 -1  2
7582545607494315915
6 3 4 4 -1  1
7582548608685071391
4 0 7 3 -1  1
7582709717711620596
2 5 3 6 -1  1
7582840166953262214
3 6 1 6 -1  1
7582913129822105749
6 4 5 3 -1  1
7583022407943336129
5 4 4 4 -1  1
7583208859900011536
6 0 4 0 -1  1
7583237090157357941
6 2 5 2 -1  1
7583449623555217480
7 1 6 3 -1  1
7583595302237132040
2 2 0 3 -1  1
7583606685617870789
7 4 6 4 -1  1
7583886589014397861
7 5 6 4 -1  1
7583996774163874097
3 2 4 4 -1  1
7584223258270352930
5 3 3 4 -1  1
7584423319677006262
5 3 5 5 -1  1
7584568610512394678
4 4 6 3 -1  1
7584679374413411903
7 2 3 6 -1  1
7585052173619611638
7 4 7 2 -1  1
7585106028279122494
6 4 5 4 -1  1
7585229729528474252
4 2 6 4 -1  1
7585308394384671837
4 2 3 1 -1  1
7585493008571567725
7 3 5 3 -1  2
7585702495594384196
2 4 2 6 -1  1
7585757723607573190
6 2 5 3 -1  1
7585837508802756730
6 1 5 1 -1  1
7585971569025986885
6 6 5 6 -1  1
7586033807686085250
7 6 5 5 -1  1
7586059930471307508
6 3 4 2 -1  1
7586125915521741418
2 5 3 4 -1  1
7586300259664479437
3 5 1 4 -1  1
7586428691591409620
6 7 5 5 -1  1
7586582337461090764
5 7 6 5 -1  1
7586631507744427280
7 3 6 2 -1  1
7586913015739513337
1 1 1 2 -1  1
7586950763668208750
3 5 2 6 -1  1
7586953914843681032
6 2 5 2 -1  2
7587096174718466634
3 1 2 1 -1  1
7587110445343124830
6 6 7 5 -1  1
7587191891155765635
6 4 5 3 -1  1
7587323563072119491
6 0 4 0 -1  2
7587341648220266667
4 6 3 5 -1  1
7587453775983378380
6 5 4 5 -1  1
7587630375070984222
6 4 6 3 -1  1
7587864044634721903
6 1 5 1 -1  1
7587948809622757831
1 3 3 2 -1  1
7588038866603577659
5 6 4 7 -1  1
7588132119104178712
5 2 4 3 -1  1
7588219779497342572
6 4 2 0 -1  1
7588349452895668899
4 0 3 0 -1  1
7588492614370435753
7 3 7 2 -1  2
7588553590624676806
6 3 4 3 -1  11
7588686651230449895
3 3 5 3 -1  1
7588696673347147049
6 1 4 3 -1  1
7588773647876173452
3 5 2 5 -1  1
7588845188676013701
5 1 7 2 -1  1
7588904363218517704
6 3 6 1 -1  1
7588988436532227580
6 4 7 3 -1  1
7588995095039795857
6 2 6 3 -1  1
7589127295214189988
5 2 4 4 -1  1
7589433927393147636
6 4 4 4 -1  1
7589519384785651630
7 4 7 6 -1  1
7589533042199499738
2 3 1 3 -1  1
7589770134908954558
2 2 2 4 -1  2
7589779872253091199
4 4 3 4 -1  1
7589798863239296522
4 5 2 5 -1  1
7590023723396675800
6 6 5 6 -1  1
7590043366865979528
7 5 7 3 -1  1
7590415264401680780
5 5 4 7 -1  2
7590513780316043119
7 6 4 6 -1  1
7590626680873561314
7 1 5 2 -1  1
7591075965021873038
2 2 2 1 -1  1
7591088320124715798
5 2 4 4 -1  1
7591144663553311133
7 0 7 3 -1  1
7591172364499603318
5 3 4 3 -1  1
7591214931079170002
5 5 6 7 -1  1
7591319055358095373
2 0 5 0 -1  1
7591351492956348176
7 5 6 6 -1  1
7591484743153177672
6 2 5 2 -1  1
7591560384976547626
6 0 5 0 -1  1
7591612042374255558
6 3 6 4 -1  1
7591649050852556905
6 3 4 4 -1  1
7591735202341309554
5 5 4 6 -1  1
7591746474019063347
2 0 3 0 -1  1
7591779492786433922
7 3 4 3 -1  1
7591806688368640026
5 5 3 4 -1  1
7591856043033568815
7 2 7 4 -1  1
7592072076039869354
7 6 7 7 -1  1
7592155486280428348
2 2 0 3 -1  1
7592156305788600218
7 0 7 4 -1  1
7592183702178178861
6 5 4 5 -1  1
7592191533024528380
6 4 6 3 -1  1
7592301555209862202
3 1 4 2 -1  1
7592330796279218508
7 0 6 2 -1  1
7592359908673712604
4 2 3 2 -1  1
7592366511567500120
4 1 3 3 -1  1
7592425497688296133
5 6 4 6 -1  1
7592595443039625093
0 6 1 6 -1  1
7592623123847048471
4 5 3 5 -1  1
6 1 3 4 -1  1
7592662747969174876
7 2 4 5 -1  7
7592924048412274571
7 5 6 4 -1  1
7592944046654948205
6 6 5 6 -1  1
7593082817174730426
6 2 7 3 -1  1
7593096662122929220
3 0 6 3 -1  1
7593148461592893400
7 1 2 1 -1  1
7593215059648881894
3 2 2 2 -1  1
7593276254874297389
6 4 5 3 -1  1
7593484826332026004
5 3 4 3 -1  1
7593580227622902853
7 4 6 5 -1  1
7593607269484374004
5 4 3 4 -1  1
7593697726152792412
4 5 6 5 -1  1
7593705294152316257
5 4 5 7 -1  1
7593838225492370331
6 7 4 7 -1  2
7593888239872811596
6 6 5 4 -1  1
7594020749474575941
4 7 3 5 -1  1
7594034964455996311
7 2 6 1 -1  1
7594185829826613680
3 6 1 5 -1  1
7594213698023814876
6 3 5 3 -1  1
7594220976794584475
6 6 5 6 -1  1
7594575032114651431
6 4 3 1 -1  1
7595263839938276964
0 3 4 3 -1  1
7595278141943846646
5 3 4 5 -1  2
7595369796975846193
3 4 3 6 -1  1
7595395881121500132
6 1 5 0 -1  2
7595559717689591071
6 4 5 5 -1  1
7595583428805725675
3 3 4 5 -1  1
7595612746770511671
7 0 7 1 -1  1
7595753503876859226
5 3 4 4 -1  1
7595858634006175590
4 7 5 6 -1  1
7595896264923616648
4 2 3 3 -1  1
7595897979209101998
5 2 3 3 -1  1
7596077770023332321
7 3 6 3 -1  1
7596087123515618085
5 6 4 5 -1  1
7596132296337468741
6 6 4 6 -1  1
7596175108574549258
6 2 5 2 -1  1
7596184793628185316
3 7 2 6 -1  1
7596321291390575967
6 2 5 1 -1  1
7596400098299089110
4 3 3 3 -1  1
7596469011428394536
1 1 0 1 -1  1
7596475648975156585
7 1 6 3 -1  1
7596641915535059444
7 1 6 3 -1  1
7596705772239532292
7 5 4 2 -1  1
7596766453567789815
1 1 2 1 -1  1
7596816565509069402
6 2 4 2 -1  1
7596955919117389019
1 2 0 3 -1  1
7596994756083778134
4 2 5 3 -1  1
7597010980592436407
3 4 2 4 -1  1
7597046552599394456
5 2 7 4 -1  2
7597132518792386949
6 4 4 5 -1  1
7597610315173382209
6 6 7 7 -1  1
7597715429526440936
6 4 4 4 -1  1
7598140834420686629
6 4 5 4 -1  7
7598182220009842726
6 6 5 6 -1  1
7598339760119551325
5 5 5 3 -1  1
7598505836240113772
6 0 5 0 -1  1
7598621064620313121
7 6 6 5 -1  2
7598691465420614127
7 2 4 5 -1  1
7598703583918996469
4 3 3 4 -1  1
7598788493077742696
7 5 6 4 -1  1
7598842487379748672
4 6 3 7 -1  1
7598846073039553949
7 4 5 4 -1  1
7599076953939501384
6 5 5 3 -1  1
7599197485765636162
5 1 4 1 -1  1
7599431132679525365
2 3 2 5 -1  1
7599462299987301599
3 6 2 5 -1  1
7599568734596684403
5 7 6 6 -1  1
7599633777251566068
6 7 5 7 -1  1
7600068559791014388
6 6 4 6 -1  1
7600177296095487923
6 2 7 1 -1  3
7600521281173981322
6 4 5 4 -1  1
7600859808627052121
3 1 2 1 -1  1
7600867034322047887
5 4 4 4 -1  1
7601101366699856167
5 3 4 3 -1  1
7601148741948671232
4 2 3 2 -1  1
7601305355562761198
4 5 5 7 -1  2
7601403787508918493
6 2 4 2 -1  1
7601545677745939480
6 0 4 0 -1  1
7601549391876681003
7 1 6 3 -1  1
7601647893907886419
5 3 6 3 -1  1
7601697839038416898
6 0 5 0 -1  1
7601790588368412126
3 4 0 1 -1  1
7601974728535292870
2 7 2 4 -1  2
7602256004255741870
2 4 3 2 -1  1
7602284618503213468
6 5 5 5 -1  1
7602438562588533069
5 5 4 7 -1  1
7602541292408734107
5 1 3 0 -1  1
7602591303487860303
7 6 7 7 -1  1
7602817425511644143
7 6 6 5 -1  1
7602890211316558803
6 3 5 5 -1  1
7602924942834377258
3 3 2 3 -1  1
7603363486790778425
6 6 5 6 -1  1
7603435616776220013
6 5 6 6 -1  1
7603447784129728329
7 0 7 2 -1  1
7603459696906822901
0 6 0 5 -1  2
7603501644405606033
6 5 4 5 -1  1
7603689883111904289
4 5 5 5 -1  2
7603966704981393809
7 1 5 1 -1  1
7604083823993036252
7 2 6 3 -1  1
7604100926792664945
5 4 4 5 -1  1
7604172068606982609
7 5 5 4 -1  1
7604195845609643041
5 2 3 3 -1  1
7604269953374408856
7 0 7 4 -1  1
7604350441570064045
0 0 2 0 -1  1
7604385919419929302
7 5 3 1 -1  1
7604685303884275858
5 2 4 3 -1  1
7604732613240278781
5 3 6 4 -1  1
7605075419953484992
3 3 2 4 -1  1
7605141332559116890
6 6 4 4 -1  1
7605170338129832982
6 3 4 2 -1  1
7605400932807008125
4 2 3 3 -1  1
7605402360157531124
6 0 5 0 -1  1
7605418178448708701
5 5 3 4 -1  1
7605421837006983463
1 3 3 5 -1  1
7605452203806274433
7 6 7 5 -1  1
7605835984309182800
4 7 7 4 -1  1
7605999580393342938
2 4 1 4 -1  1
7606095274337222058
7 0 3 0 -1  1
7606280450137849310
1 4 0 3 -1  1
7606444455046041702
6 5 6 6 -1  1
7606694472160899769
3 3 2 3 -1  1
7606876148310696146
3 2 3 1 -1  1
7606889626432788413
4 0 3 1 -1  1
7606890020251192283
3 3 1 5 -1  2
7606897365545111671
4 6 3 7 -1  1
7607055974789431795
7 0 7 2 -1  1
7607182261701278023
6 2 5 3 -1  1
7607249449204872871
6 5 4 5 -1  1
7607317816150238919
7 3 7 4 -1  2
7607429057744411379
6 0 5 1 -1  1
7607479943836589900
7 2 5 4 -1  1
7607633581658368914
3 6 1 7 -1  1
6 5 4 5 -1  1
7 3 5 5 -1  1
7607649556726082421
4 4 3 3 -1  1
7607709077563043773
6 3 5 1 -1  1
7607722279869672634
7 4 7 6 -1  1
7607872459904817706
4 4 2 5 -1  1
7607919444260040480
5 1 6 3 -1  2
7607962898985554389
2 3 3 1 -1  1
7608140622193221217
4 3 3 3 -1  1
7608308635096033515
4 0 4 6 -1  1
7608343307248120523
5 5 6 4 -1  1
7608356679146488585
7 4 5 4 -1  1
7608401030781758763
7 5 6 6 -1  1
7608432815523611420
4 6 3 6 -1  1
7608543681955375374
4 0 3 0 -1  1
7609024801185503751
7 4 7 6 -1  1
7609064448091688310
7 2 2 2 -1  1
7609588462586138095
7 0 7 4 -1  1
7609600517555273314
4 3 3 2 -1  1
7609663079232325624
4 7 3 7 -1  1
7609681918237902649
7 6 6 7 -1  1
7609893942145628104
2 1 1 2 -1  1
7610266857340230317
5 1 6 3 -1  1
7610343527769530654
2 3 0 3 -1  1
7610387354589475254
4 2 2 3 -1  1
7610449804751580514
5 6 6 6 -1  1
7610450230718979385
2 3 1 4 -1  1
7610479768096194300
2 2 3 1 -1  1
7610557088222453402
7 2 7 1 -1  1
7610886636797688272
7 1 5 2 -1  1
7611019312286731476
4 0 2 0 -1  1
7611127947099341641
4 2 3 3 -1  1
7611171688633691296
7 3 7 2 -1  1
7611301171100906576
6 2 5 1 -1  1
7611367962976339151
6 2 4 2 -1  2
7611389306538702773
3 4 3 7 -1  1
7611487252069525277
5 0 4 0 -1  1
7611493495952325314
6 1 5 1 -1  1
7611686921052217031
3 6 6 3 -1  1
7611691358256394283
7 3 5 3 -1  2
7611850729937247125
6 7 4 7 -1  1
7611914551302041114
3 1 2 2 -1  1
7611987225126879169
7 4 7 6 -1  1
7611997835546161641
6 6 1 1 -1  1
7612012873116479466
3 3 2 2 -1  1
7612043118183640872
7 0 7 3 -1  1
7612058463870145251
5 5 4 3 -1  1
7612076322127850469
7 0 7 2 -1  1
7612124414301364201
2 4 1 4 -1  1
7612155835378789360
6 6 5 6 -1  1
7612208584212470037
3 1 1 1 -1  1
7612224968016745987
7 3 6 3 -1  1
7612434868707128667
3 5 3 4 -1  1
7612481948106207438
0 6 0 0 -1  1
7612556428428501422
4 6 5 5 -1  1
7612736732852237162
2 0 2 2 -1  1
7612856120299896435
3 7 7 3 -1  1
7612990533029592111
6 2 5 3 -1  1
7613112811685814693
5 2 4 4 -1  1
7613274845310184701
7 5 7 4 -1  1
7613297493828694630
5 2 4 2 -1  1
7613361943112398818
6 7 4 5 -1  1
7613546961727487899
7 7 6 6 -1  1
7613607343503770543
4 2 2 0 -1  1
7613654211214988177
6 1 5 2 -1  1
7613720955158180333
4 2 3 3 -1  1
7613725028439189133
3 4 2 4 -1  1
3 4 2 5 -1  1
7613778942721339105
4 3 6 2 -1  1
7613845688034310304
5 0 4 0 -1  1
7613904512489954524
6 3 5 1 -1  1
7614049448288968579
7 2 6 1 -1  1
7614282874290964962
5 5 7 4 -1  1
7614318758438169330
7 2 3 6 -1  1
7614353459344571736
6 4 4 3 -1  1
7614565137444926902
4 3 3 5 -1  1
7614601567375549613
4 6 3 7 -1  1
7614705941067282311
3 0 2 1 -1  1
7614713818272229142
5 6 6 7 -1  1
7614778552897817015
4 0 3 0 -1  1
7614808292243019323
4 3 3 3 -1  1
7614968796078047110
5 2 4 4 -1  1
7615036128472064487
6 1 5 2 -1  1
7615119367049232558
6 7 5 7 -1  1
7 2 6 1 -1  4
7615200952821288602
7 0 7 3 -1  1
7615414144704875798
6 1 5 1 -1  1
7615456063151579843
6 3 5 1 -1  1
7615538026399276559
4 0 3 0 -1  1
7615678532585267564
7 0 7 4 -1  1
7615731106999450449
4 5 3 6 -1  1
7615810666553897759
5 0 4 0 -1  1
7616065967491470392
4 6 3 6 -1  1
7616161387305696946
7 3 7 5 -1  1
7616223325969847066
7 0 7 4 -1  1
7616240470939856016
6 3 4 3 -1  1
7616342032211214173
7 4 7 6 -1  1
7616566400128440957
5 2 3 1 -1  1
7616609135111500989
4 0 3 0 -1  1
7616654869352731543
7 4 7 6 -1  1
7616762222405270036
5 5 4 5 -1  1
7616885215215156710
4 1 3 1 -1  1
7617072282605107410
6 6 5 7 -1  1
7617121327422677487
7 2 2 2 -1  1
7617402100569410974
6 1 4 1 -1  1
7617407660838904793
6 7 4 7 -1  1
7617574753065785115
6 5 5 5 -1  1
7617626244907135926
7 0 7 1 -1  1
7617672120087244009
6 5 5 5 -1  1
7617689177065646766
0 1 0 3 -1  1
7617722692958426182
4 4 5 3 -1  1
7617806945869903257
6 4 4 4 -1  3
7617886926375361417
7 6 7 5 -1  1
7617887683183821292
5 5 6 3 -1  1
7618004837982756676
7 2 5 4 -1  1
7618137924935959928
0 6 0 7 -1  1
7618192746747881376
3 2 2 1 -1  1
7618219837113489650
5 4 4 3 -1  1
7618298609142762886
6 3 6 2 -1  2
7618461970950978607
5 4 6 3 -1  1
7618518831714530856
4 1 3 2 -1  1
7618558166886235566
6 5 6 4 -1  2
7618585297519423017
5 4 6 3 -1  1
7618608208628282772
7 5 6 4 -1  1
7618857970652673633
4 6 3 6 -1  1
7618878552351289687
6 2 7 1 -1  1
7619153329074651630
6 2 7 1 -1  2
7619261025113270037
3 5 6 5 -1  1
7619493639705059349
7 6 5 7 -1  1
7619958907211748065
7 2 5 4 -1  1
7620224728812466842
6 4 7 2 -1  2
7620444429459633694
6 0 5 0 -1  1
7620526528087475899
7 1 3 1 -1  1
7620969634818561173
4 2 6 0 -1  1
7621181588872849725
4 7 3 5 -1  1
7621191490506596792
3 6 2 5 -1  1
7621213095247517045
4 6 2 7 -1  1
7621233484181161832
1 5 2 3 -1  1
7621234644251371878
6 3 5 4 -1  1
7621398285004059795
5 2 4 3 -1  1
7621431085363265524
7 1 5 2 -1  1
7621492864567282765
4 3 5 2 -1  1
7621564997722412730
2 4 1 4 -1  1
7622159248554816872
6 5 6 6 -1  1
7622821821358291782
4 5 6 3 -1  1
7623085372654036098
7 5 6 4 -1  1
7623457237799923891
7 2 7 1 -1  1
7623519998665444292
7 0 7 4 -1  1
7623553936789776066
6 0 5 1 -1  1
7623742269199849790
7 1 4 4 -1  1
7623815365380239419
7 1 6 3 -1  1
7623840467926340004
5 4 4 3 -1  2
7624283952774160237
7 0 7 2 -1  2
7624522333907430434
5 7 4 7 -1  1
7624550648944633757
5 2 5 3 -1  1
7624639906739136687
7 6 6 5 -1  2
7624645129774460816
3 2 4 4 -1  1
7624655487722383498
2 3 5 3 -1  1
7624811446878873228
2 2 2 0 -1  1
7624833849502491143
5 2 6 2 -1  1
7625009159693162513
4 2 3 3 -1  4
7625204837923783844
5 3 6 2 -1  2
7625399129577666638
5 6 4 6 -1  1
7625399713358945829
6 4 5 5 -1  3
7625408219814841004
6 1 7 2 -1  1
7625446986723646434
6 2 4 4 -1  1
7625587476689275382
7 7 1 7 -1  1
7625706305090829761
4 7 5 5 -1  1
7625719853268952755
5 5 3 3 -1  1
7625912085819643787
4 4 3 4 -1  1
7626674903503672602
5 5 4 7 -1  1
7626727988930267751
7 0 7 4 -1  1
7626744729496408070
7 4 7 3 -1  1
7626898683114464298
4 2 4 1 -1  1
7626939984979907677
4 0 4 3 -1  1
7626941600227569477
7 6 6 6 -1  1
7627056240623827846
5 4 7 4 -1  1
7627258816917790277
3 0 6 3 -1  1
7627320468052639454
7 1 5 2 -1  2
7627420018023450393
4 6 3 7 -1  1
7627477653982921421
6 2 4 2 -1  1
7627621352077748545
6 2 6 1 -1  1
7627651213902972017
6 4 5 3 -1  1
7627663033111381851
7 5 7 3 -1  1
7627689572363628393
2 2 3 4 -1  1
7627707310540109049
0 7 3 4 -1  1
7627739784441670943
3 2 4 1 -1  1
7627856798464848003
5 6 3 5 -1  1
7628103087293017137
6 3 5 3 -1  1
7628163149949741172
7 4 7 5 -1  1
7628297404640147940
6 4 4 5 -1  1
7628518158935952719
4 0 3 0 -1  1
7628667472790874844
1 1 3 2 -1  1
7628700720629983742
6 7 4 7 -1  1
7628961376035067048
6 2 5 2 -1  1
7629439207123522264
5 0 4 0 -1  1
7629493955618018178
6 7 5 7 -1  1
7629591127446318645
4 4 3 3 -1  1
7629696729724069879
7 4 5 6 -1  1
7629743772287735371
4 2 4 1 -1  1
7629896498624500635
4 3 3 3 -1  1
7630049153701633036
7 5 6 5 -1  1
7630217128046076823
6 3 7 5 -1  1
7630218341377727872
5 4 4 5 -1  1
7630295425608428642
4 4 3 3 -1  1
7630407591530593639
5 5 6 3 -1  1
7630415177080274536
4 0 5 1 -1  1
7630424522424061668
6 7 4 7 -1  1
7630577612970185587
7 7 7 4 -1  1
7630620576003527037
6 2 5 2 -1  1
7630659833560099422
6 6 5 5 -1  1
7630805725748871671
5 5 4 4 -1  1
7630883746478460689
6 1 3 4 -1  1
7630965233883686152
6 1 5 1 -1  1
7630973798959476908
7 3 0 3 -1  2
7631028047658784671
7 6 6 6 -1  1
7631102188287674489
6 4 7 3 -1  1
7631128628254391538
3 4 2 2 -1  1
7631362937855705374
4 3 3 1 -1  1
7631381553085689523
4 7 6 6 -1  1
7631394556668617915
7 4 1 4 -1  1
7631426643576858562
4 0 4 3 -1  1
7631547549500861795
6 6 5 7 -1  1
7631901759070542505
4 3 3 1 -1  1
7632076057644752809
7 3 4 6 -1  1
7632118960282881917
5 3 6 2 -1  1
7632285234710116891
6 3 4 4 -1  1
7632290198654843287
4 4 5 5 -1  1
7632330417536773630
6 5 5 4 -1  1
7632433798955080855
3 6 3 7 -1  1
7632460902849586762
5 2 4 4 -1  1
7632577605230792412
7 4 7 2 -1  1
7632725079685217808
7 1 1 1 -1  1
7632746423259284661
4 3 3 4 -1  1
7633182856842888614
7 5 7 4 -1  2
7633291233314936303
6 1 4 1 -1  1
7633308568919961197
5 5 3 4 -1  1
7633368935849811400
7 0 7 1 -1  1
7633498959185578964
5 1 4 2 -1  1
7633509362017972206
6 7 5 6 -1  1
7633737139395276661
4 3 3 4 -1  1
7633792800078669303
7 1 5 1 -1  1
7633874626719887245
3 6 2 6 -1  1
7633924890733866846
7 3 6 3 -1  1
7634041128296709345
0 2 2 4 -1  1
7634208731578298933
3 5 1 3 -1  1
7634238437546174621
4 4 3 2 -1  1
7634569293122806370
7 3 7 4 -1  1
7634578622443776414
3 0 2 0 -1  3
7634628770434532154
7 1 6 1 -1  1
7634636388993920914
1 6 0 4 -1  1
7634840700771690068
4 5 3 4 -1  1
7635157708215081313
7 5 7 1 -1  1
7635231217032382690
4 7 6 6 -1  1
7635256708477042630
5 5 4 3 -1  1
7635406096067282927
2 6 1 6 -1  1
7635472692414077364
7 5 5 3 -1  1
7635539035392634331
4 3 4 2 -1  1
7635760682680723484
4 7 3 6 -1  1
7635797610813835720
5 0 4 1 -1  1
7635857747273488642
6 1 4 1 -1  2
7636274578595939512
5 4 4 4 -1  1
7636362704695381619
7 1 6 3 -1  1
7636422936589060870
6 4 5 5 -1  1
7636429131055858321
2 5 1 5 -1  1
7636529713957167418
6 4 5 4 -1  1
7636901175991122244
6 5 4 5 -1  1
7637020955574938933
7 2 6 2 -1  1
7637061353757999910
7 3 7 4 -1  1
7637220212229971093
5 6 4 6 -1  1
7637245097360627107
7 6 5 6 -1  1
7637250616300772156
4 0 3 1 -1  1
7637413391654423338
7 4 7 6 -1  1
7637520447647318578
6 5 6 4 -1  1
7637560142115353974
1 1 4 1 -1  1
7638008336948063201
6 3 5 4 -1  1
7638127218901167124
5 2 3 0 -1  1
7638382842861191220
3 7 2 7 -1  1
7638862748020869396
7 3 1 3 -1  1
7639136739000730634
5 4 5 3 -1  1
7639250355938470404
2 3 0 4 -1  1
7639337268936707658
6 1 5 1 -1  1
7639543035486669029
6 2 5 2 -1  1
7639547113152643283
6 7 5 7 -1  1
7639660791130086345
3 5 5 6 -1  1
7639675395854981325
5 2 4 2 -1  1
7639722064320385590
7 2 6 3 -1  1
7639761141163024977
7 0 7 1 -1  1
7639879987048323471
7 6 5 5 -1  1
7639971833595199498
0 3 2 4 -1  1
7639991873217161150
6 6 7 6 -1  1
7640008778849382998
5 4 3 2 -1  1
7640061137058018758
6 2 4 2 -1  1
7640110947032371715
5 4 2 7 -1  1
7640398280004060739
2 3 2 1 -1  1
7640404287737232762
5 2 1 6 -1  1
7640423613804710786
7 0 5 1 -1  1
7640445174587130863
5 5 3 4 -1  1
7640741262975377556
4 2 3 2 -1  1
7640806995929378471
5 3 4 3 -1  1
7640970618580186749
7 0 3 4 -1  1
7640995996957625703
7 6 6 4 -1  1
7641003051030307986
7 6 6 5 -1  1
7641140169953064979
6 3 4 4 -1  1
7641198769898377511
7 1 7 0 -1  1
7641815351886697077
6 3 4 3 -1  1
7641827708819931971
7 4 7 6 -1  1
7641854579966318018
4 2 7 5 -1  1
7641991801277188151
6 3 4 4 -1  1
7642002150920512843
2 4 1 4 -1  1
7642021740597245825
7 4 7 6 -1  1
7642031527091971761
5 3 4 4 -1  1
7642131918092283826
5 5 4 6 -1  1
7642207357396141810
3 4 3 3 -1  1
7642253285248679348
7 3 0 3 -1  1
7642337798193222920
6 6 5 6 -1  1
7642353500510796516
5 5 6 3 -1  1
7642417376303223150
6 3 4 3 -1  1
7642454558907575677
5 5 6 3 -1  1
7642462431271124486
5 3 4 3 -1  1
7642474466232790096
3 7 2 6 -1  1
7642487974900256733
7 3 6 3 -1  1
7642670795957452922
6 0 4 0 -1  1
7642782401783735407
6 7 5 7 -1  1
7642914302810729786
7 3 6 2 -1  1
7642925310247277805
4 5 5 6 -1  1
7642946244935918562
5 2 6 3 -1  1
7643203771940014974
6 1 4 1 -1  1
7643278886994422268
6 0 4 0 -1  1
7643297576297233898
1 3 1 1 -1  1
7643449352267766932
7 3 6 3 -1  1
7643493584910598690
7 6 6 4 -1  1
7643579175114351221
1 2 0 1 -1  3
7643605998632888325
5 6 4 6 -1  1
7643961190834306579
4 4 4 3 -1  1
7644004368249742941
6 2 5 2 -1  1
7644175847766944469
4 2 3 1 -1  1
7644592601769975996
7 6 7 7 -1  1
7645459002906318595
6 1 5 0 -1  1
7645519588862118302
1 5 2 6 -1  1
7645961224903886783
6 0 7 0 -1  1
7645980046975386540
5 6 4 6 -1  1
7646094627679162061
6 4 0 4 -1  1
7646241727649704146
6 0 5 0 -1  1
7646568539424723490
6 3 7 4 -1  1
7646614458645431597
6 6 5 6 -1  1
7646666539123580178
0 3 3 3 -1  1
7646994031099185269
2 7 5 4 -1  1
7647090432407783944
6 7 5 7 -1  1
7647098428112723063
6 7 6 6 -1  2
7647475395624827814
4 3 2 2 -1  1
7647498827323530245
5 3 4 2 -1  1
7647570559719848070
7 5 6 4 -1  1
7647622959281783526
6 4 7 5 -1  1
7647850692365278811
4 3 3 4 -1  1
7648022962171781244
7 3 5 5 -1  16
7648059554641073604
6 0 5 0 -1  1
7648092735135116223
4 2 3 2 -1  1
7648195607963319645
4 4 3 6 -1  1
7648202010773590218
6 7 6 6 -1  1
7648207625507834801
7 5 6 4 -1  1
7648243882220771833
3 3 4 4 -1  2
7648375604051615522
7 5 7 4 -1  1
7648394020237324585
3 1 5 2 -1  1
7648511810545448390
3 7 3 6 -1  1
7648580932780318138
4 2 3 1 -1  1
7648666210379078560
7 2 6 1 -1  1
7648712232653360092
7 2 5 4 -1  1
7648935495150666082
7 0 7 2 -1  1
7648942999489024403
7 4 0 4 -1  1
7649031998691220435
7 3 4 0 -1  1
7649674935586938026
6 1 5 2 -1  1
7649690787507839873
7 4 7 3 -1  1
7649723604422237637
7 5 7 4 -1  1
7649772385928903251
6 5 4 5 -1  1
7649877579388301140
7 5 4 2 -1  1
7650097113144044667
6 6 5 6 -1  1
7650520370376211189
7 5 7 4 -1  13
7650851346041136689
6 1 6 2 -1  1
7651081220057116836
6 3 5 3 -1  1
7651084254221909618
6 3 5 3 -1  1
7651122077406900088
6 3 5 2 -1  1
7651163336804891549
7 3 6 2 -1  1
7651698936720300760
7 4 7 1 -1  1
7651743527495177989
5 2 4 2 -1  1
7651825212144540000
7 1 7 0 -1  1
7651912604681759193
5 5 4 5 -1  1
7651948705126437572
4 2 5 1 -1  2
7652122096833979719
7 2 6 2 -1  1
7652135213762041398
4 6 3 6 -1  1
7652227434046254035
5 5 7 3 -1  1
7652290473829028338
7 0 2 0 -1  1
7652408054613888059
7 0 7 1 -1  1
7652529866687447798
7 5 6 4 -1  1
7652721988395084868
5 2 4 3 -1  1
7652730104092656303
7 1 5 2 -1  1
7652965993038370437
5 5 3 4 -1  3
7653097275342401396
4 2 5 4 -1  1
7653117983694362695
5 0 6 1 -1  1
7653137355052119736
5 1 3 2 -1  1
7653160709947636371
6 3 6 1 -1  1
7653210505608487828
5 5 4 7 -1  1
7653232891741345111
7 2 6 2 -1  1
7653259225558919040
5 7 4 7 -1  1
7653701077494601126
6 4 7 5 -1  1
7653834568380444457
4 0 3 0 -1  1
7654142708637878975
5 6 6 7 -1  1
7654179953437279739
5 3 4 3 -1  1
7654212650777820859
4 0 3 1 -1  1
7654265132086884346
0 2 1 4 -1  2
7654366705116740863
5 5 3 4 -1  1
7654552362828482984
4 7 3 6 -1  1
7654647864449757940
5 2 4 2 -1  1
7654862664340873695
5 5 6 3 -1  1
7655002460484424496
6 7 4 7 -1  1
7655090698460950662
6 5 6 4 -1  1
7655155806848291673
6 7 2 3 -1  1
7655334458042427748
7 2 5 1 -1  1
7655437931774539202
4 3 5 4 -1  1
7655783157832541498
3 6 4 7 -1  1
7655822094059222705
5 6 4 6 -1  1
7656196768443053202
4 6 3 6 -1  1
7656212971163042058
3 3 2 3 -1  1
7656253721876251609
7 5 6 6 -1  1
7656277080895716326
6 6 5 6 -1  1
7656303362984341161
5 1 6 3 -1  1
7656479500461270184
7 2 4 5 -1  1
7656484710702585193
4 7 3 5 -1  1
7656650458039698658
1 1 2 2 -1  1
7656989450850784260
7 3 4 6 -1  1
7657521536861273206
7 4 7 6 -1  1
7657889621160546611
4 5 4 7 -1  1
7657947726000734197
4 1 0 5 -1  1
7657980519192495285
3 5 3 3 -1  1
7658098238397566872
3 0 2 0 -1  1
7658119800460626330
7 4 7 6 -1  1
7658188705974074343
4 4 3 5 -1  1
7658483432103523167
7 3 6 3 -1  1
7658566414962199682
4 3 3 2 -1  1
7658666961627386452
5 5 4 5 -1  1
7658685422523396149
5 2 3 2 -1  1
7658690692518521748
6 5 4 5 -1  1
7658808648802059363
4 5 5 5 -1  1
7658972987514410376
7 2 6 1 -1  1
7659063929073723539
4 6 5 6 -1  1
7659348885319313896
7 5 7 2 -1  1
7659389052051319414
4 2 4 0 -1  2
7659435223320401989
5 5 4 3 -1  1
7659484839500297080
6 4 4 4 -1  1
7659558861723232960
7 3 5 3 -1  1
7659576585545861603
7 5 7 4 -1  1
7659618851869727657
2 1 0 3 -1  1
7659711768493926262
5 4 4 3 -1  1
7659716332397136256
7 6 6 6 -1  2
7659756856915044751
7 4 7 6 -1  1
7659811559983295595
5 4 3 6 -1  1
7660174138402345433
5 3 4 2 -1  3
7660353898203729766
7 4 7 2 -1  1
7660682481324602401
6 7 5 6 -1  1
7660707247243104486
4 0 6 0 -1  1
7660732107902192670
4 0 3 0 -1  1
7660936863960634486
7 2 6 3 -1  1
7661076885486252186
6 1 5 1 -1  1
7661250817151989296
7 4 6 4 -1  1
7661313442247443448
4 4 3 3 -1  1
7661389789332927490
7 2 6 3 -1  1
7661554689129115618
7 0 7 2 -1  1
7661595083425376616
7 4 7 3 -1  1
7661745842269702633
7 3 6 4 -1  1
7661949705682825578
7 4 6 2 -1  1
7661968652436225383
6 4 4 3 -1  1
7662073984797519025
7 3 2 3 -1  2
7662118443180279682
5 4 6 5 -1  1
7662192268965117251
3 5 2 6 -1  2
7662307240076376722
5 2 4 2 -1  1
7662406070439647234
4 3 3 2 -1  1
7662484252336862273
7 5 7 4 -1  1
7662542992872443489
6 3 5 2 -1  2
7662560919395542735
7 6 6 6 -1  1
7662594536321565214
7 0 7 1 -1  1
7662623802248062830
6 3 5 1 -1  1
7662691247984300340
1 6 0 6 -1  1
7662715690811858194
7 6 6 5 -1  1
7662809340431531696
5 5 7 3 -1  1
7662858963711818281
4 5 3 4 -1  1
7662985022931694417
5 2 4 4 -1  1
7662988399773712635
5 4 4 4 -1  1
7663073705925564353
7 3 6 2 -1  1
7663317046426760858
5 1 7 2 -1  1
7663621036067409775
7 5 7 4 -1  1
7663692162441439789
6 3 5 5 -1  1
7663977280608357234
7 1 3 1 -1  1
7664274361978988036
3 0 5 2 -1  1
7664376292736769663
2 0 1 1 -1  1
7664445403984750450
5 1 7 1 -1  1
7664480693720452263
4 4 5 6 -1  1
7664487526308075702
3 4 4 6 -1  2
7664520052422379081
6 3 5 2 -1  1
7664843338317077021
4 5 4 6 -1  1
7664882282275632039
6 5 5 5 -1  1
7664907313312922336
5 0 4 0 -1  1
7664997675448180614
7 4 0 4 -1  1
7665042836986610429
6 2 6 1 -1  2
7665615197939395913
4 2 3 4 -1  1
7665712200626745534
4 0 1 3 -1  1
7665948244566154192
7 2 6 1 -1  2
7666013851493442456
1 0 2 0 -1  1
7666269391242729094
4 3 3 3 -1  1
7666282524408331648
7 1 7 3 -1  1
7666401719622693693
4 2 3 3 -1  4
7666564218365842797
4 5 6 3 -1  1
7666892522627251905
6 4 7 4 -1  1
7666894761090450479
7 5 7 2 -1  1
7666964964464805309
5 7 3 7 -1  1
7667105545348668867
5 5 3 4 -1  1
7667124840708845067
7 2 7 1 -1  1
7667140458513871111
5 4 4 3 -1  1
7667146731150824379
6 6 4 6 -1  5
7667326845544356587
3 1 2 2 -1  1
7667601673569020924
5 2 5 4 -1  2
7667701094704180179
7 3 6 3 -1  2
7667765141444643091
6 3 7 4 -1  1
7667848149072455210
6 6 5 6 -1  1
7667890295892106687
6 6 7 6 -1  1
7667899062446308864
4 3 4 4 -1  1
7668018853173596013
6 6 5 7 -1  1
7668197692341427145
3 4 4 6 -1  1
7668270709617699974
5 5 4 7 -1  1
7668328059167738781
4 1 3 1 -1  1
7668520791374422252
4 4 2 3 -1  1
7668533537248663255
1 5 2 5 -1  1
7668658466691141267
7 6 7 5 -1  1
7668835751717505449
4 5 3 4 -1  1
7668863688596746260
7 2 6 1 -1  1
7668922187366712011
7 4 6 4 -1  2
7668939212664520890
5 6 7 7 -1  1
7668968676660000197
4 4 3 3 -1  1
7669163236335908443
1 7 6 2 -1  1
7669286963827247990
1 1 3 2 -1  1
7669351777972187710
3 3 4 1 -1  1
7669440037593047804
4 2 5 4 -1  1
7669443903204208690
4 4 5 2 -1  1
7669540645766016241
1 6 4 3 -1  1
7669922237797603910
1 1 1 7 -1  1
7670090324634054628
6 1 5 2 -1  1
7670104211348004100
0 0 0 1 -1  1
7670223867221774154
7 5 5 3 -1  1
7670600005535873443
3 4 4 5 -1  1
7670618298240444013
6 6 5 7 -1  1
7671084608301558787
6 3 4 2 -1  1
7671371242153538668
7 4 7 3 -1  1
7671730778807469135
3 4 4 6 -1  1
7671835410029363291
4 5 3 4 -1  1
7671872124698821086
6 2 7 1 -1  1
7672188254330047324
5 5 6 3 -1  1
7672227637131257425
4 3 6 2 -1  1
7672258981378611317
7 0 7 3 -1  2
7672307919256620929
4 3 2 1 -1  1
7672336714373677297
0 6 0 7 -1  1
7672380779977840833
5 5 6 3 -1  7
7672425886695534932
5 5 6 7 -1  1
7672467597611159657
5 1 7 3 -1  1
7672469001944956961
6 2 5 1 -1  1
7672715793484725174
7 2 6 1 -1  1
7672728921862765011
7 3 6 4 -1  1
7672753262449832538
7 3 5 5 -1  1
7672905594377517195
7 3 6 3 -1  1
7673018084729687821
1 1 1 0 -1  1
7673039939857737616
5 3 4 4 -1  1
7673043944812622839
2 1 2 2 -1  1
7673056337151482495
7 2 6 2 -1  1
7673270383813092847
6 7 4 7 -1  1
7673433272635470273
5 6 4 5 -1  1
7673470500280055834
7 4 7 2 -1  1
7673639526037093789
4 3 3 2 -1  1
7673648967019585062
6 5 5 4 -1  1
7673859584408481678
7 4 6 3 -1  1
7673951201696543640
6 5 5 5 -1  1
7674021180639567609
5 2 4 3 -1  1
7674326720371795596
6 5 5 6 -1  1
7674471711117195425
6 6 5 6 -1  1
7674626578085111403
5 2 6 4 -1  1
7674786637251136995
7 5 7 0 -1  1
7674801086741166787
5 4 4 5 -1  1
7674815031852999381
7 3 7 4 -1  1
7675042831189933841
6 7 5 7 -1  1
7675153446389730613
7 6 7 7 -1  1
7675313923121882663
5 5 4 7 -1  1
7675379076272324899
2 3 6 3 -1  2
7675682860781966637
5 5 5 0 -1  1
7675916720718392653
6 5 7 6 -1  1
7676057360274811033
1 7 1 6 -1  1
7676117841173292266
7 3 6 2 -1  1
7676231072121666362
4 2 3 4 -1  1
7676676737706921395
3 5 3 2 -1  1
7676860874258432162
5 4 6 5 -1  1
7676878692457786001
5 4 4 4 -1  1
7676985288344150892
6 7 5 6 -1  1
7677020575170505186
5 4 7 4 -1  1
7677174689642546023
5 6 4 5 -1  1
7677405176081491807
7 2 4 5 -1  1
7677445015533017561
5 6 4 6 -1  1
7677533342103227269
6 4 5 5 -1  1
7677635437874348961
5 5 3 4 -1  1
7677669092867571218
2 3 4 4 -1  3
7677736812656398555
7 4 3 4 -1  1
7677775499406618929
7 3 4 3 -1  1
7677870325600180888
3 2 1 3 -1  1
7677910545240956437
5 2 4 3 -1  1
7677956302718043107
5 7 4 6 -1  1
7678045201237881513
5 2 5 3 -1  1
7678082046979776399
4 2 4 1 -1  1
7678204613427497758
7 5 6 4 -1  1
7678245973373299698
4 3 3 3 -1  1
7678394807379240535
4 7 3 7 -1  3
7678396019206969556
5 2 3 2 -1  1
7678446067306869694
4 4 2 5 -1  1
7678651406864990761
3 1 2 2 -1  1
7678687303332411753
4 7 4 6 -1  1
7678755179440627463
5 5 3 6 -1  1
7679034561127464882
5 5 6 3 -1  1
7679044556200493916
7 4 7 6 -1  1
7679105212340691297
5 1 6 2 -1  1
7679174294759659197
4 4 3 4 -1  1
7679327123932257835
3 3 5 1 -1  1
7679425386201737796
7 0 7 1 -1  1
7679614432371437554
6 1 7 0 -1  1
7679702250113449977
0 3 0 4 -1  1
7680045108704814428
5 5 4 6 -1  1
7680046524093015877
6 4 7 5 -1  1
7680120626279012090
6 4 4 2 -1  1
7680261206709112471
7 4 5 4 -1  1
7680474339720934161
6 2 5 3 -1  2
7680515834546752121
6 4 5 4 -1  1
7680560939615749405
5 5 3 4 -1  2
7680802370581599082
5 4 4 4 -1  1
7680825885152116068
3 4 5 3 -1  1
7680916673138908857
6 1 5 2 -1  2
7681000358446959832
6 6 5 6 -1  1
7681011066919930738
5 1 4 1 -1  1
7681103348826313936
5 5 5 0 -1  1
7681117833924224387
3 1 4 3 -1  1
7681207476263639329
2 0 4 1 -1  1
7681238628521666920
1 2 2 1 -1  1
7681313679339792832
3 4 4 3 -1  1
7681328306759629942
3 2 2 2 -1  1
7681354008909179350
7 6 6 7 -1  1
7681428267463999632
6 1 5 1 -1  10
6 3 4 3 -1  1
7 1 5 2 -1  1
7681478018907937439
7 2 7 3 -1  1
7681918815464505109
6 1 6 0 -1  1
7681966410008449597
6 6 3 3 -1  1
7681995459961482721
4 4 5 5 -1  1
7682236019093127429
3 3 3 1 -1  1
7682356002838980095
6 6 3 3 -1  1
7682410727197905786
4 3 6 1 -1  1
7682496205338713999
6 4 5 3 -1  1
7682551730484469377
6 5 5 5 -1  1
7682556934681324250
5 2 4 4 -1  1
7682776626590002418
5 3 5 1 -1  1
7683111735855336577
6 7 7 7 -1  1
7683438141966986507
4 2 6 0 -1  1
6 7 5 7 -1  1
7683548776961154020
5 3 4 4 -1  1
7683633686884061941
3 2 4 1 -1  1
7683763986623127726
3 4 5 3 -1  2
7683890163751140647
5 3 4 3 -1  1
7683969040627950051
6 3 3 0 -1  1
7684192908637605198
4 7 4 6 -1  1
7684195448812102202
7 3 6 3 -1  1
7684305761482401320
5 2 3 4 -1  1
7684404663012400464
6 5 4 5 -1  1
7684411695905505949
1 6 3 6 -1  1
7684473896912734164
7 3 0 3 -1  1
7684483216416881821
5 2 7 3 -1  1
7684509196450651859
6 5 3 5 -1  1
7684650129410892159
7 0 7 2 -1  1
7684754279557599985
3 3 0 3 -1  1
7684792154812897096
7 3 4 6 -1  1
7685018928644702875
7 4 7 6 -1  6
7685108660315427113
7 5 7 4 -1  1
7685444800967058485
5 3 4 3 -1  1
7685459139994503576
6 5 4 5 -1  1
7685762330877351905
7 0 7 2 -1  1
7685831479170863912
6 2 4 2 -1  1
7686011625075778555
4 2 6 3 -1  1
7686253053653411068
3 7 2 6 -1  1
7686263819775457269
6 4 7 4 -1  1
7686297596515240038
4 4 5 5 -1  1
7686314901176506089
7 0 7 1 -1  1
7686370890033042327
7 2 6 3 -1  2
7686482869104284452
6 4 5 5 -1  1
7686514241773876196
5 4 5 6 -1  1
7686786989055935822
7 6 7 5 -1  1
7687260860155881283
3 5 5 5 -1  1
7687268944885933791
2 4 1 4 -1  1
7687343877153557484
6 5 7 5 -1  1
7687408602091071935
5 3 4 3 -1  1
7687588624219864007
7 3 7 4 -1  1
7687680306433736653
4 2 7 2 -1  1
7687715958595142971
6 6 5 6 -1  1
7688032091674116274
7 2 4 5 -1  2
7688045132858944659
3 6 5 7 -1  1
7688055980332279458
1 5 3 5 -1  1
7688091383999419994
7 6 7 7 -1  1
7688182981981175172
4 7 3 7 -1  1
7688294534783259402
5 2 4 2 -1  1
7688471393221811161
3 1 6 4 -1  1
7688908274435137093
5 4 5 1 -1  1
7689069894186681977
6 3 3 0 -1  1
7689109676152122077
6 5 4 5 -1  1
7689283397554904359
5 0 4 0 -1  1
7689316090400059494
7 5 6 4 -1  1
7689487074936724725
6 6 7 5 -1  1
7689672175376702945
7 5 7 4 -1  1
7689679161859765991
3 2 2 2 -1  1
7689773354607025555
7 3 5 2 -1  1
7689774655178630738
3 6 3 4 -1  1
7690046522288690159
6 4 5 4 -1  1
7690133769707867366
5 4 2 1 -1  1
7690367262802708977
7 7 7 6 -1  1
7690395184278916087
7 4 4 4 -1  1
7690397008488291325
5 5 4 5 -1  1
7690777367153262391
6 0 5 0 -1  1
7691025862971847485
6 1 5 1 -1  1
7691193625748557784
7 1 6 3 -1  1
7691314082375545332
7 2 6 1 -1  1
7691322872253578171
5 0 7 0 -1  1
7691532644726568773
3 1 4 1 -1  1
7691567907378240378
6 3 4 3 -1  112
7 5 6 6 -1  100
7691732758203685871
6 4 5 5 -1  1
7691826046401124319
6 6 5 5 -1  1
7692046585640972463
6 2 5 2 -1  1
7692270180618806083
7 1 7 0 -1  1
7692361176861174233
5 4 3 3 -1  1
7692387617484469993
6 3 5 5 -1  1
7692444919779339885
6 5 4 5 -1  1
7692548165913500934
3 2 5 2 -1  1
7692789635008131016
4 3 3 1 -1  1
7692857603336031563
4 4 5 3 -1  1
7692890675734404217
5 1 7 2 -1  1
7693025001425068393
6 7 5 7 -1  1
7693065439727823731
6 6 6 5 -1  1
7693118109023247610
0 5 2 6 -1  1
7693124125143821854
3 1 2 1 -1  1
7693292921514694883
6 6 5 5 -1  1
7693313547672715254
7 5 7 4 -1  1
7693349094886150760
4 2 3 2 -1  1
7693366687857702554
5 4 5 3 -1  1
7693432287497704434
3 5 1 5 -1  1
7693652837038587737
7 6 6 5 -1  1
7693772923778517479
0 0 7 0 -1  1
7693954378964884308
4 3 3 2 -1  1
7694245614385413894
4 4 3 4 -1  1
7694252406129330395
6 1 4 1 -1  1
7694422769138454558
1 2 4 5 -1  1
7694458957043576166
6 5 5 5 -1  1
7694681006157568739
4 7 3 6 -1  1
7694726526545346986
4 2 3 4 -1  1
7694772945250713737
6 3 4 2 -1  1
7694895622791121976
4 5 3 6 -1  1
7694990166675894800
7 1 5 2 -1  1
7695578290976549266
3 5 0 5 -1  1
7695645735225636165
1 7 1 2 -1  1
7695687937492943312
7 7 6 6 -1  1
7695720973184930333
7 5 6 6 -1  1
7695979964403072049
7 1 5 2 -1  1
7695984043134356260
5 0 4 1 -1  1
7696022337456267334
6 2 4 2 -1  1
6 4 4 4 -1  2
7 1 5 2 -1  1
7696191327901010506
6 5 5 5 -1  1
7696203892967000662
4 0 4 3 -1  1
7696379259596386250
4 4 4 2 -1  1
7696460638359448828
6 6 5 5 -1  1
7696500171339242889
7 6 7 7 -1  1
7696658613597906391
7 2 6 1 -1  1
7696758958491992149
6 7 4 6 -1  1
7696862859203726308
5 5 2 2 -1  2
7696921688857325990
3 4 4 3 -1  2
7696922634339046469
1 0 1 1 -1  1
7696951608404329570
4 0 3 1 -1  1
7697027814785306053
5 2 4 0 -1  1
7697148416445377351
6 0 5 1 -1  1
7697173648085982290
6 2 4 2 -1  1
7697204879345589454
6 2 4 2 -1  2
7697386053574117100
6 2 5 3 -1  1
7697418447625733646
5 4 4 4 -1  1
7697458660838340927
2 3 5 6 -1  1
7697471125592535482
6 1 5 1 -1  1
7697535942201462081
7 2 6 2 -1  1
7697734290316247071
7 3 6 3 -1  1
7697734912384977909
7 2 5 3 -1  1
7697861782639003759
3 5 2 7 -1  1
7698143631237262992
4 5 7 2 -1  1
7698150125333644859
5 5 3 4 -1  1
7698274784438864425
5 4 3 3 -1  1
7698375205822797401
3 3 6 3 -1  1
7698391375231600108
4 3 5 1 -1  1
7698492991673547709
4 2 3 2 -1  1
7698794781625204787
6 3 5 2 -1  1
7698937697879057854
6 0 4 0 -1  1
7699033162931595264
7 4 5 4 -1  1
7699128201076382674
7 5 7 6 -1  1
7699156698066094991
2 7 1 7 -1  1
7699196296338635744
6 7 5 7 -1  1
7699459011717632689
7 3 7 1 -1  1
7699846983985507226
5 0 4 1 -1  1
7699933022799431107
3 5 4 3 -1  1
7700152015471413956
5 2 7 3 -1  3
7700318596815938812
6 5 7 4 -1  1
7700407752553446775
3 3 3 6 -1  1
7700910861167190270
5 5 4 4 -1  1
7700976006922670057
4 0 3 1 -1  1
7701048958111689494
7 7 7 4 -1  1
7701233447569360378
3 6 6 3 -1  1
7701276518224520818
3 1 2 0 -1  1
7701396986405429791
7 2 1 2 -1  1
7701421754932053549
6 4 4 2 -1  1
7701649056362144395
6 0 6 1 -1  1
7701672558459271142
4 4 3 6 -1  1
7701686678239147784
6 2 4 2 -1  1
7701923267146625407
6 3 6 2 -1  1
7702047793781553984
6 4 5 4 -1  3
7702228907604296458
6 1 4 1 -1  1
7702232982156515595
4 3 3 4 -1  1
7702515955374390160
1 1 2 2 -1  2
7702623139666050718
7 5 5 3 -1  1
7702660198876692966
7 5 7 4 -1  1
7703151149607156768
7 4 7 3 -1  1
7703189331945834677
7 4 4 7 -1  1
7703336108420010270
7 3 6 3 -1  1
7703348448745436472
6 4 1 4 -1  1
7703538874023893907
5 6 4 6 -1  1
7703708094854461447
6 4 4 4 -1  1
7704100045381154716
7 6 6 7 -1  1
7704260756393472720
3 6 4 7 -1  1
7704466866149167809
7 6 6 5 -1  1
7704658217751746748
7 5 6 4 -1  2
7704705910253896409
3 2 2 2 -1  1
7705177827899823798
6 2 5 1 -1  2
7705493683736837282
7 1 6 3 -1  1
7705522453643427236
4 5 2 5 -1  1
7705596404875452761
5 3 4 3 -1  1
7705615459305909972
6 7 5 7 -1  1
7705673024069684414
4 3 5 1 -1  1
7705774863829416086
7 2 7 5 -1  1
7706315684222097637
6 1 7 3 -1  1
7706490093998366254
7 7 7 4 -1  1
7706579467759232582
7 2 6 1 -1  1
7706874866686021213
3 3 3 2 -1  1
7707141058184335756
7 3 7 4 -1  2
7707234486282774398
6 6 5 6 -1  1
7707332956758453330
7 3 5 5 -1  1
7707883444526540086
5 7 1 7 -1  1
7707886862355334619
0 3 0 5 -1  1
7707941650469549476
1 2 0 2 -1  3
7708087487851255522
6 3 5 5 -1  1
7708106083738227401
4 7 2 6 -1  1
7708336246622538124
3 0 2 0 -1  1
7708408909253506668
7 4 7 5 -1  1
7708519449667621463
3 7 2 7 -1  1
7708572521607709885
6 6 5 7 -1  1
7708688136483129711
4 5 4 4 -1  1
7708989556106010720
5 2 5 5 -1  1
7709053125140874306
6 7 7 5 -1  1
7709319171938007420
5 2 4 4 -1  1
7709395170668123991
6 4 5 4 -1  1
7709435111737721790
1 5 2 4 -1  1
7709486302913084974
7 1 7 5 -1  1
7709555860182045575
5 5 4 7 -1  1
7709950169797841159
7 0 0 0 -1  1
7710078683518711649
5 0 4 0 -1  1
7710118300477288194
2 4 4 6 -1  1
7710249610183372305
7 4 7 5 -1  1
7710386865220569722
3 7 3 5 -1  1
7710438231159713671
2 4 1 4 -1  1
7710549113650063088
2 5 1 5 -1  1
7710692136397920269
4 2 5 1 -1  1
7710818802180173446
5 4 4 3 -1  1
7710825693377910793
6 3 4 1 -1  1
7710868002184611745
7 3 6 4 -1  1
7710896438462681597
5 1 4 1 -1  1
7711075867733695357
4 0 3 0 -1  1
7711301415172044903
5 1 2 4 -1  1
7711381862884748170
6 2 7 2 -1  1
7711559900450099972
4 3 1 3 -1  1
7711688860501384091
4 1 3 2 -1  3
7711744080285564190
6 0 4 0 -1  2
7711808635948146910
4 2 5 4 -1  1
7711817902770312698
7 3 7 2 -1  1
7711954219791917735
5 1 5 4 -1  1
7712048874981639057
7 5 7 3 -1  1
7712192124004502837
6 5 4 5 -1  1
7712281614990603619
1 1 3 1 -1  2
7712324769123327871
5 5 6 3 -1  1
7712436585688889191
3 3 7 3 -1  1
7712458366686781358
7 5 5 5 -1  3
7712621536263203600
6 5 4 5 -1  1
7712642069920015792
7 4 7 2 -1  1
7712686492072239199
7 6 6 6 -1  1
7712824088822680167
1 3 2 3 -1  1
7712959530502737781
6 6 5 6 -1  1
7712987344760603042
6 4 5 6 -1  1
7712993471779320028
6 6 6 7 -1  2
7713061493202456849
3 1 3 2 -1  1
7713127382924261620
5 4 6 5 -1  1
7713138748104318150
7 2 3 2 -1  1
7713171674505461623
6 6 7 5 -1  1
7713182337779452003
7 4 6 3 -1  2
7713302235725300144
7 5 6 6 -1  1
7713869732672935262
5 3 3 4 -1  1
7714060743473640910
4 2 3 4 -1  1
7714134154461507898
5 1 4 3 -1  1
7714295924958459037
6 1 7 1 -1  1
7714341292343794790
7 2 5 4 -1  1
7714533842328827383
7 2 6 2 -1  1
7714809663594069163
4 3 3 2 -1  1
7714836035870033190
7 2 6 2 -1  1
7715215811907021887
7 4 7 6 -1  1
7715332350525632587
6 6 5 5 -1  1
7715450642076862106
5 1 3 2 -1  1
7715503947791817505
3 7 2 7 -1  1
7715554364439523934
1 1 2 1 -1  1
7715564887682702408
6 4 5 5 -1  1
7715687085254430900
3 6 4 4 -1  1
7715969963695163258
4 5 3 6 -1  1
7716443769101693981
5 0 4 1 -1  1
7716613728740373315
6 7 6 6 -1  1
7716710748867350463
4 7 3 6 -1  1
7716945033275242048
6 2 5 0 -1  1
7717056220305100747
5 1 3 3 -1  1
7717173633927793024
4 2 3 4 -1  1
7717221338096808792
7 3 6 4 -1  1
7717339062284911454
3 2 2 4 -1  1
7717392897470238463
7 4 1 4 -1  1
7717524011671083096
5 5 6 6 -1  1
7717617590952535400
7 4 7 6 -1  1
7717631129424234815
5 3 5 2 -1  1
7717714770628807074
3 5 3 7 -1  1
7717716475654552156
6 5 5 6 -1  1
7717831103541210488
4 1 3 1 -1  1
7717831988255602270
3 3 4 5 -1  1
7717921641825024430
5 6 4 5 -1  1
7717931188852053845
6 6 5 6 -1  1
7718208494204260306
7 3 6 4 -1  1
7718385984613062562
1 7 2 7 -1  1
7718420216750240755
6 4 4 5 -1  1
7718437608169000218
6 0 2 0 -1  1
7718493095463025746
3 3 1 4 -1  1
7718501513668356264
5 7 4 7 -1  1
7718549084952866989
4 4 3 3 -1  1
7718570324403364214
5 5 3 4 -1  1
7718640865477414388
7 5 4 2 -1  1
7718711784613730906
3 5 4 5 -1  1
7718804944996206958
4 1 3 1 -1  1
7718912769787311682
5 6 4 6 -1  1
7719065875181879537
4 4 3 4 -1  1
7719127584004436062
5 5 3 5 -1  1
7719422581790681744
5 4 3 6 -1  1
7719471121672333594
6 2 4 2 -1  1
7719683269709945109
4 5 3 4 -1  1
7719711931968173883
6 4 4 6 -1  1
7719777488186183084
2 0 2 2 -1  1
7719794908104713555
0 3 0 0 -1  1
7719905028349475505
6 2 6 1 -1  1
7719970783121360380
3 4 2 5 -1  1
7720038864093223370
1 3 3 4 -1  1
7720075277534140706
7 2 6 1 -1  1
7720089748551388206
0 0 5 0 -1  1
7720316231716544046
6 1 5 2 -1  1
7720406536482867443
4 4 5 3 -1  1
7720439956071704411
5 2 3 1 -1  1
7720456795732948547
6 4 5 6 -1  1
7720502397225015392
4 3 2 2 -1  1
7720808393969976143
5 5 7 3 -1  1
7720838329619755135
5 7 4 7 -1  1
7720903152722090929
3 6 5 5 -1  1
7720917110950907916
5 1 6 3 -1  1
7721110758457007762
7 4 4 7 -1  1
7721131006502348130
5 5 4 4 -1  1
7721182137413055239
3 2 4 0 -1  1
7721206512056697901
7 3 7 7 -1  1
7721316339493009525
2 1 3 2 -1  1
7721337934066077418
6 6 5 7 -1  1
7721437594666590352
3 4 2 5 -1  1
7721564602444031882
6 1 4 1 -1  1
7721638170478358947
5 4 5 5 -1  1
7721947411630003336
7 0 7 3 -1  1
7721976600935865098
2 3 1 1 -1  1
7722197017864515762
5 5 7 4 -1  2
7722295307133183449
0 1 0 2 -1  1
7722299965220053983
7 4 6 3 -1  1
7722498742498932462
6 0 4 0 -1  1
7 3 4 0 -1  1
7 3 6 2 -1  1
7722513970721358897
4 3 3 3 -1  1
7722628146612233034
6 1 2 5 -1  1
7722904390690620696
7 7 6 6 -1  1
7722998915766282417
5 5 2 2 -1  1
7723084471047535632
6 4 4 4 -1  1
7723098208515170187
6 0 4 0 -1  1
7723499901868090756
5 3 4 3 -1  1
7723717929041878437
6 7 4 7 -1  2
7723779389433022160
5 6 4 5 -1  1
7723815407542279587
4 6 3 6 -1  1
7723926049578747321
6 1 4 1 -1  1
7723934795410419727
4 6 3 5 -1  1
7723973767863344037
7 5 7 4 -1  1
7724155907489240278
7 3 4 6 -1  1
7724378197873668874
6 7 5 6 -1  1
7724384936203491124
7 6 7 7 -1  1
7724489729857172468
7 6 6 5 -1  2
7724499524340179616
4 2 3 3 -1  1
7724549400931315875
4 5 6 4 -1  9
6 7 5 7 -1  3
7 2 6 3 -1  2
7 3 7 4 -1  7
7 5 6 4 -1  1
7724566379465371598
7 3 5 1 -1  1
7724734415749057950
4 0 3 0 -1  1
7724827516684759652
7 3 7 7 -1  1
7725020953251723566
4 4 3 3 -1  1
7725598945149980740
7 7 7 5 -1  1
7725757904417095424
0 0 0 4 -1  1
7725783070632979799
4 6 3 5 -1  1
7725804620582505749
7 3 6 4 -1  1
7725819546099786984
6 3 2 7 -1  1
7726029176234155995
4 4 3 4 -1  1
7726358164593955486
7 2 7 1 -1  1
7726549658001030499
6 2 7 1 -1  1
7726581981769587627
4 2 6 2 -1  1
7726592449093467474
5 5 7 4 -1  1
7726607027469594584
7 3 4 6 -1  1
7726653160000366144
7 6 6 6 -1  1
7726688581137834529
5 7 4 6 -1  1
7726837611629954972
7 1 5 2 -1  1
7726880964220174527
3 1 3 2 -1  1
7727081115508185353
4 6 0 2 -1  1
7727115237470352860
7 5 7 4 -1  1
7727320792829089453
6 0 4 0 -1  1
7727637872950682158
6 7 4 7 -1  1
7727840696611397769
5 4 4 5 -1  1
7728406734848981307
3 0 5 1 -1  1
7728447931830580003
7 2 6 1 -1  1
7728622230091012812
7 0 7 2 -1  1
7728681339235992421
3 6 2 5 -1  3
7728726657734714773
7 5 7 4 -1  1
7728736362243379758
7 5 7 4 -1  1
7728800168951343502
7 5 6 7 -1  1
7728852075586407335
6 1 6 3 -1  1
7729008718753506864
4 3 3 3 -1  1
7729034389975477651
7 0 2 5 -1  1
7729098603130455413
6 3 4 4 -1  1
7729157531959073166
5 2 4 0 -1  1
7729240729601365568
1 0 3 0 -1  1
7729386776142336791
6 5 5 4 -1  1
7729450564155418726
6 3 6 4 -1  1
7729472278940092014
5 6 4 6 -1  1
7729534753914467492
6 5 5 5 -1  1
7729609972300139721
3 7 3 6 -1  1
7729700479145873969
7 0 3 0 -1  1
7729758488758488854
5 0 4 1 -1  1
7729875525647891984
5 5 3 4 -1  1
7730173086988826097
6 2 5 2 -1  1
7730239808545720530
6 7 3 4 -1  1
7730334237232129116
7 3 3 3 -1  1
7730754180882507160
4 7 5 6 -1  1
7730828439058196234
5 5 6 4 -1  1
7730891874222105907
7 6 6 5 -1  1
7730968694576178337
6 4 5 4 -1  1
7730978797281978058
7 3 5 5 -1  1
7731118655471223945
7 1 5 1 -1  1
7731353598423169181
7 1 7 5 -1  1
7731505890938754786
2 3 3 5 -1  1
7731544947314245912
7 4 7 6 -1  1
7731561060418879964
4 3 3 2 -1  1
7731564401520657232
5 2 6 4 -1  1
7731618479707286622
4 5 1 2 -1  1
7732133859679992927
7 0 7 1 -1  1
7732197196001733378
1 2 3 1 -1  1
7732350745152083684
5 5 3 3 -1  1
7732397508706436605
7 2 6 1 -1  2
7732585676965429966
6 1 5 2 -1  7
7732593054893759230
2 7 1 6 -1  1
7732737654432646188
5 3 3 4 -1  1
7732811337569712936
4 7 3 5 -1  1
7732869834899208270
7 0 7 2 -1  1
7732912143533028473
3 1 7 5 -1  1
7732920689380269472
7 3 7 4 -1  1
7732922832131157983
7 4 7 6 -1  1
7732967208117622555
2 1 2 0 -1  2
7733071132123064870
6 3 6 5 -1  1
7733143433658475361
7 4 7 6 -1  1
7733226214874638132
1 0 2 0 -1  1
7733229954357717372
7 3 6 2 -1  1
7733255822821752661
7 3 7 2 -1  1
7733388807014006723
7 4 7 6 -1  2
7733915043478902906
3 7 1 7 -1  1
7733975123974645436
6 4 5 4 -1  1
7 2 3 6 -1  2
7734003508042344637
4 3 3 4 -1  1
7734149024765742112
3 7 2 6 -1  2
7734179167308174401
6 7 5 7 -1  1
7734250106507582700
7 4 6 3 -1  1
7734538640742479467
4 2 3 3 -1  1
7734547732273737162
7 0 7 3 -1  1
7734771436552418210
7 5 7 3 -1  1
7734854715283847163
7 6 6 7 -1  1
7734990365804806156
7 0 5 0 -1  1
7735046520958832232
3 0 3 4 -1  4
7735114506736642830
6 2 6 4 -1  1
7735118848902646015
4 4 3 2 -1  1
7735205997740439572
7 3 6 3 -1  1
7735345471223576100
3 0 0 0 -1  3
7735364594830566100
6 7 6 6 -1  1
7735414977781026374
5 5 7 3 -1  1
7735437467834541731
7 7 6 6 -1  1
7735492678466142021
7 3 3 7 -1  1
7735585961700648528
5 1 3 3 -1  1
7735799603922658162
7 3 6 3 -1  1
7735812511223198184
7 4 7 6 -1  1
7735896690514425989
6 2 5 2 -1  1
7735981972876551513
6 6 5 5 -1  1
7736160380010026608
4 5 6 7 -1  1
7736311082085351503
7 0 7 3 -1  1
7736485943164460043
6 5 5 6 -1  1
7736775605046402603
2 2 2 1 -1  1
7736814686340197234
4 2 1 5 -1  1
7737104993577927237
7 2 5 3 -1  1
7737155627636800529
7 1 5 1 -1  1
7737222719665249560
6 7 5 7 -1  1
7737318335173041763
6 2 6 1 -1  1
7737584693551015897
6 4 3 1 -1  1
7737597979590417642
2 0 0 2 -1  1
7737608781745748738
7 0 7 3 -1  1
7737860880676153339
5 0 4 0 -1  1
7738031415740104331
4 2 3 3 -1  1
7738085395732324786
4 2 3 3 -1  1
7738335313230744325
5 5 4 5 -1  1
7738711854902491736
2 2 2 0 -1  1
7738804688989633732
6 4 4 4 -1  1
7739025165515640755
7 3 6 3 -1  1
7739338385668981083
2 0 1 0 -1  1
7739358002361453676
2 2 3 2 -1  1
7739424660652783120
6 5 5 5 -1  1
7739486155380016667
3 3 2 2 -1  1
7739541004043425510
6 6 7 5 -1  1
7739585359114539679
3 6 2 4 -1  1
7739585750457421379
7 1 6 0 -1  1
7739966479267001939
2 6 0 4 -1  1
7740003487551565199
6 1 5 1 -1  1
7 4 7 6 -1  3
7740029684031726598
5 5 5 4 -1  1
7740058063073000461
2 3 1 3 -1  1
7740219237612862872
7 4 6 4 -1  1
7740406394249289046
6 1 4 1 -1  3
7740413726776846396
7 7 7 6 -1  1
7740754015993148189
7 5 6 4 -1  1
7740978467596293968
5 1 3 2 -1  1
7740998071544950416
4 0 3 1 -1  1
7741069959923189817
4 0 3 0 -1  1
7741446993857929684
6 6 5 6 -1  1
7741557978221755374
3 7 2 7 -1  1
7741572680283115042
5 3 6 2 -1  1
7741624153493756692
2 7 3 6 -1  1
7741699017123263609
5 2 4 2 -1  1
7741736534097343065
2 5 1 5 -1  1
7741856270114938938
5 1 4 3 -1  1
7741960111148975062
7 6 6 5 -1  1
7742090356974205824
7 3 5 1 -1  1
7742191487541970933
0 3 0 7 -1  1
7742333780006772999
7 3 6 4 -1  1
7742352737417082258
6 4 5 5 -1  1
7742579033539690671
5 5 4 7 -1  1
7742643128084684075
5 2 4 4 -1  1
7742751155468726742
7 5 6 4 -1  1
7742797135556476063
7 2 6 2 -1  1
7742849670263854604
7 3 0 3 -1  3
7743162809720148620
6 3 4 4 -1  1
7743417266422191748
5 2 4 3 -1  1
7743470860259698880
7 5 6 6 -1  1
7743511413929926373
4 4 3 5 -1  1
7743556313987064222
6 5 5 6 -1  1
7743588878284379020
6 5 6 4 -1  1
7744287583145557788
5 5 6 4 -1  1
7744340068294460677
7 3 5 3 -1  1
7744379110127662717
5 2 3 3 -1  1
7744464457961638076
4 3 3 1 -1  1
4 3 6 4 -1  1
7744534615532368723
5 1 4 1 -1  1
7744551667336668370
5 1 4 1 -1  1
7744667150837108713
1 0 1 4 -1  1
7744688945686551077
7 5 6 5 -1  1
7744769410301149893
5 2 3 3 -1  1
7744779425528081133
6 5 5 4 -1  1
7744821111526375498
7 1 7 5 -1  1
7744852788694747300
4 0 3 0 -1  1
7745138587567211420
7 2 1 2 -1  1
7745153345412090754
7 5 7 0 -1  1
7745263760132603678
7 1 7 0 -1  1
7745372096555899131
1 3 5 3 -1  1
7745509202633103711
7 2 6 3 -1  1
7745738785092596118
5 7 4 7 -1  1
7745741385505228030
5 5 4 7 -1  1
7745767218647444339
6 5 5 6 -1  1
7745869020219772770
5 4 4 3 -1  1
7745891523454797146
4 0 6 2 -1  1
7745995603020103056
4 3 3 2 -1  1
7746039016002154781
4 0 3 0 -1  1
7746091156830071028
5 7 4 7 -1  1
7746432832917783652
7 2 4 5 -1  1
7746510098273466256
7 4 7 0 -1  1
7746844395071513804
4 3 3 2 -1  1
7746877082656836466
5 3 5 6 -1  1
7746893381244483987
3 2 2 1 -1  1
7747063455650629898
5 7 0 7 -1  1
7747140007765167560
7 2 6 1 -1  1
7747203392375092682
4 2 7 5 -1  1
7747534662870692466
2 5 7 0 -1  1
7747604371021343659
7 0 7 1 -1  1
7747865761142190426
7 1 7 3 -1  1
7747987456869129432
6 5 6 2 -1  1
7748039840256733998
4 5 3 5 -1  1
7748068469016091306
3 3 1 5 -1  1
7748200963918665146
5 4 2 4 -1  1
7748233632749415163
2 2 1 2 -1  1
7748245184226331952
6 2 5 2 -1  1
7748400744093842427
7 4 7 6 -1  1
7748478778812526978
7 1 5 1 -1  3
7748821737086558541
5 7 4 7 -1  1
7749068265582710816
4 4 7 4 -1  1
7749135750248422686
7 1 6 3 -1  2
7749268363418210185
5 1 4 2 -1  1
7749320971709051136
4 2 7 2 -1  1
7749360677402166639
7 2 6 3 -1  1
7749523893599917965
7 3 7 2 -1  1
7749554957849895059
4 2 3 3 -1  1
7749573353061588763
3 2 5 2 -1  1
7749659443391616877
6 6 3 3 -1  1
7749869912820599006
7 6 5 5 -1  1
7749925147214803435
5 4 4 3 -1  1
7749933929564226780
5 5 4 6 -1  2
7749956879113642007
5 2 6 4 -1  1
7749982593507591686
6 3 5 3 -1  1
7750008322572194831
5 4 4 4 -1  1
7750315762655430574
2 5 0 3 -1  1
7750357251483121452
7 5 6 4 -1  1
7750416919589240031
5 1 7 3 -1  2
7750461749394695204
7 4 7 2 -1  1
7750552381250341855
6 4 4 3 -1  1
7750870319921349190
6 0 5 0 -1  1
7751044206766479276
7 6 6 6 -1  1
7751114564106704891
4 0 3 2 -1  1
7751224678409300560
7 4 7 6 -1  1
7751238557626052924
5 1 3 3 -1  1
7751388773519971908
1 4 3 5 -1  1
7751515367530568467
5 1 4 1 -1  1
7751573563442641334
6 0 5 2 -1  1
7751603228139353813
6 7 5 7 -1  1
7751779039421819488
7 2 4 5 -1  1
7752158425467204805
2 5 3 5 -1  2
7752204133309233824
1 0 7 0 -1  1
7752211326879965029
4 1 3 1 -1  1
7752273422518033298
7 3 7 2 -1  1
7752383198736297214
7 0 7 2 -1  1
7752388946521243470
2 6 4 6 -1  1
7752393666907756500
6 1 4 1 -1  1
7752475519247374865
5 5 4 4 -1  2
7752581697865215455
4 5 1 5 -1  1
7752590522227579661
7 3 5 5 -1  1
7752614725105899930
7 6 6 5 -1  1
7752624537938434759
2 3 7 3 -1  1
7752676804757620327
7 7 2 7 -1  1
7752842999710523232
7 3 6 2 -1  1
7752852319863060165
7 1 7 2 -1  3
7752901623364104015
4 2 2 3 -1  1
7752916481454082828
4 5 7 5 -1  1
7752932394560044616
5 3 6 4 -1  1
7753182640434737967
5 0 4 0 -1  1
7753283182713495495
7 4 6 2 -1  1
7753386730090889703
7 4 7 6 -1  1
7753429515989404956
5 5 4 4 -1  1
7753717055316777490
6 3 7 2 -1  1
7753723175251644681
5 5 3 7 -1  1
7753769128980622535
5 6 2 6 -1  1
7753863514448086811
7 1 2 1 -1  1
7753907407346896677
5 6 4 6 -1  1
7753913226347711044
4 1 3 2 -1  1
7753968250765279203
7 0 7 4 -1  2
7754029627921785912
1 1 2 2 -1  1
7754221672185651402
2 3 4 1 -1  1
7754292447367264037
5 0 4 2 -1  1
7754468197308508943
3 4 2 2 -1  1
7754489694658398444
7 1 5 2 -1  1
7754616298139088121
6 7 4 6 -1  1
7754769878282813973
7 1 7 5 -1  1
7754905328243820098
6 4 4 4 -1  1
7754964134662177637
6 1 6 0 -1  1
7755090330994955428
3 4 1 3 -1  3
7755492442969806599
6 2 5 3 -1  1
7755628691742830716
7 5 7 6 -1  1
7755699972930912691
5 4 4 3 -1  1
7756107714623875768
6 1 4 1 -1  15
7 5 6 4 -1  1
7756184457773174165
4 3 2 3 -1  1
7756244952594784488
7 5 3 1 -1  1
7756645054961907071
5 5 4 3 -1  2
7756653843338731971
6 3 4 2 -1  1
7756759874090604936
4 1 0 1 -1  1
7756879108267978216
5 4 4 4 -1  1
7756893278913120260
4 6 4 5 -1  1
7756899411139585954
5 0 4 0 -1  1
7757011077207573013
7 2 6 1 -1  1
7757552343514082802
4 2 6 4 -1  1
7757606549721813146
6 3 5 5 -1  1
7757648607630048947
7 3 5 1 -1  1
7757652838956569760
5 2 6 2 -1  2
7757664881954001057
7 4 7 6 -1  2
7757683991032316122
5 0 6 2 -1  1
7757768732499907842
7 7 7 2 -1  1
7758097297521291829
6 5 4 5 -1  1
7758196445847008443
6 2 4 2 -1  1
7758513776033462677
4 3 3 3 -1  1
7758521908425135560
5 7 7 7 -1  1
7758759670020388174
1 5 3 5 -1  1
7758787322865785428
5 1 2 4 -1  1
7758824838589976785
4 1 4 4 -1  1
7758920986709664110
5 0 4 0 -1  1
7758935709299261249
5 4 4 4 -1  1
7759135937749538613
5 4 4 3 -1  1
7759324958741928258
6 0 5 0 -1  1
7759330931934734744
0 4 2 6 -1  1
7759346506278587990
0 5 1 4 -1  1
7759416191158213343
4 4 3 3 -1  1
7759690151304511404
7 0 7 3 -1  1
7759947588105267227
3 2 4 1 -1  1
7760195428078336192
5 5 5 6 -1  1
7760221518039639448
0 0 2 0 -1  1
7760276570301662484
7 4 5 4 -1  1
7760325170396983353
6 1 5 1 -1  1
7760337290190360791
6 4 5 6 -1  1
7760559375401132623
4 5 2 4 -1  1
7760767945458236883
4 6 6 4 -1  1
7760837257376004144
1 1 1 0 -1  2
7760921631848029129
6 7 5 7 -1  1
7761020644876266853
4 4 4 6 -1  1
7761032955583747541
7 5 4 2 -1  1
7761149201328585607
6 2 6 1 -1  1
7761257935938758454
4 2 5 1 -1  1
7761270201520033762
7 5 0 5 -1  1
7761300147782209508
4 0 3 0 -1  1
7761427446966435019
4 0 3 0 -1  1
7761520276196874088
4 1 3 0 -1  2
7761595088768659456
7 0 4 0 -1  1
7761654188809615716
2 3 4 2 -1  1
7761723612673811438
7 5 7 4 -1  1
7761837411304080730
6 3 6 2 -1  1
7761840084161643791
3 0 2 1 -1  1
7761878934088174489
7 0 7 7 -1  1
7761906785318379645
7 3 3 3 -1  1
7761961373879501423
2 3 3 3 -1  1
7762145206115901554
4 5 5 6 -1  1
7762407906430948566
5 2 4 0 -1  1
7762884667274814566
5 3 2 0 -1  2
7762885007733370651
7 2 6 1 -1  1
7763065211329730395
7 2 6 2 -1  1
7763130884220626055
7 3 4 3 -1  1
7763150880250772283
4 2 2 2 -1  1
7763386193280845516
7 0 7 2 -1  1
7763518156543505677
2 0 1 0 -1  3
7763655281715763831
5 3 4 3 -1  2
7763658550348245024
3 6 4 5 -1  2
7763683354542977341
2 6 0 5 -1  1
7763829760033574526
6 7 5 7 -1  1
7763863887165924054
7 6 7 7 -1  1
7764032728963843592
4 1 3 1 -1  1
7764117006875115286
3 0 5 2 -1  1
7764185890253754787
6 4 4 5 -1  1
7764382450370342304
7 5 7 4 -1  1
7764390386836944509
7 5 7 3 -1  1
7764731240998461226
6 1 5 1 -1  1
7764741675439689031
6 2 4 2 -1  1
7764879478699953849
7 0 7 2 -1  1
7764966461830875191
2 6 1 7 -1  1
7765018098819059019
1 3 0 5 -1  1
7765522088868410076
5 2 4 2 -1  1
7765666499934322639
6 3 7 4 -1  1
7765785246467606101
6 5 4 5 -1  1
7765964320819500474
6 5 5 4 -1  1
7766202258220228631
7 6 7 7 -1  1
7766549262244318805
7 3 7 2 -1  1
7766698843859577831
7 2 7 1 -1  2
7766806637846174687
5 2 4 3 -1  1
7766836212756334000
5 2 2 2 -1  1
7766901637822067746
3 2 4 0 -1  1
7766907881859667703
4 7 3 7 -1  1
7766944429563349783
4 1 3 2 -1  1
7767207871262828453
7 4 0 4 -1  1
7767284906891344650
7 5 6 4 -1  1
7767440036563604221
0 0 2 0 -1  2
7767524383311279785
7 5 7 6 -1  1
7767562397052793148
5 4 4 4 -1  1
7767567447190605076
5 2 4 3 -1  1
7767853491207087562
5 6 6 7 -1  1
7767909967489933014
7 1 6 0 -1  1
7768011837331665320
4 1 3 0 -1  1
7768224728346625087
6 6 5 7 -1  1
7768580689888830712
3 1 4 2 -1  2
7768728160957702444
7 4 7 2 -1  1
7768864029309601733
7 3 5 5 -1  1
7768903070630566201
6 2 7 3 -1  1
7768922013660927876
7 4 7 6 -1  1
7769169169608250364
5 1 5 0 -1  1
7769266838528977728
2 0 1 0 -1  1
7769358943406500716
7 2 6 1 -1  1
7769443529451771304
7 0 7 3 -1  1
7769451669816948109
3 3 6 0 -1  1
7769539689511879625
6 7 6 6 -1  1
7769579845423759986
6 2 1 2 -1  1
7769604653294193337
6 6 3 6 -1  1
7769663517007351849
7 0 7 1 -1  1
7769721993968438039
6 4 5 3 -1  1
7769752813515475177
5 5 3 4 -1  1
7769778369140984920
7 0 7 4 -1  1
7769864818234466015
6 4 6 3 -1  2
7769966547728642049
4 1 3 2 -1  1
7770025035210486554
6 4 5 5 -1  1
7770033017226235852
5 5 4 3 -1  1
7770099785822206568
7 0 7 2 -1  1
7770454950978234479
4 3 3 4 -1  1
7770746285657917373
7 4 1 4 -1  1
7771183649868866152
7 2 6 1 -1  1
7771519277302047175
2 0 4 1 -1  1
7771631734341314813
6 1 5 0 -1  1
7771732124558129963
6 3 4 2 -1  1
7771748224238849481
7 5 7 4 -1  1
7771748389227174225
7 6 7 7 -1  1
7771830998645998624
5 1 6 0 -1  1
7771890016427180423
6 6 5 5 -1  1
7772212489846485198
6 7 7 7 -1  2
7772365675705223625
5 4 4 4 -1  1
7772496797670287408
6 4 7 4 -1  1
7772856464371628863
7 3 7 4 -1  1
7772958543727505581
5 4 7 3 -1  1
7772977356477302478
5 2 4 3 -1  4
7772985757381937656
3 1 2 2 -1  1
7773116152714168049
5 2 3 1 -1  1
7773533096752114593
7 3 6 2 -1  1
7773680879074814636
5 4 7 5 -1  1
7773739677221651454
5 5 6 4 -1  2
7773791733322902294
7 6 7 3 -1  1
7773834592282519024
3 5 2 6 -1  1
7774014525579574182
6 3 5 2 -1  1
7774164621008742237
7 2 2 7 -1  1
7774511345942816967
7 7 7 6 -1  1
7774811554627462842
4 6 4 5 -1  2
7774941340689180097
5 6 7 5 -1  1
7775166651472877244
7 7 7 4 -1  1
7775184611740218356
6 3 7 4 -1  1
7775310687557793369
6 2 4 2 -1  1
7775609748645338153
7 2 2 2 -1  1
7775745072695209008
7 3 6 3 -1  2
7775814854608456302
1 6 0 4 -1  1
7775860506477356349
7 6 6 7 -1  1
7775977186040278561
4 2 5 3 -1  1
7776171501763857839
3 4 1 5 -1  1
7776213511869404047
5 5 5 2 -1  1
7776447371615671086
7 1 6 3 -1  1
7776509231980593262
6 0 5 0 -1  1
7776554708841601182
6 0 4 0 -1  1
7776580278255396835
6 3 5 2 -1  1
7776729136753134077
7 3 6 2 -1  1
7776766174965929112
6 0 5 0 -1  1
7776965425786876440
2 3 2 6 -1  1
7776980840471994415
4 0 3 2 -1  1
7777100901354233077
4 2 3 3 -1  1
7777307443824681326
4 2 6 0 -1  1
7777409665488019886
6 0 4 0 -1  1
7777505468044829867
3 2 3 6 -1  1
7777614545414531075
5 3 4 3 -1  1
7777668995625444649
6 3 6 4 -1  1
7777715501761682015
5 5 3 4 -1  1
7778087407171634031
4 7 3 6 -1  1
7778143553432481189
7 3 6 2 -1  1
7778357041616236966
5 7 7 5 -1  1
7778403650650513208
7 3 7 0 -1  1
7778538138659576099
5 3 4 4 -1  1
7778642065455459811
7 3 6 4 -1  1
7778644247740773797
7 1 7 0 -1  1
7778829257279491831
7 2 7 3 -1  1
7778876801187057424
7 4 3 4 -1  1
7778913683623874730
6 4 7 3 -1  1
7779019805952444022
7 7 7 6 -1  1
7779122026963274117
7 3 5 5 -1  1
7779164841783608217
5 0 4 0 -1  1
7779227779926201904
7 6 5 5 -1  24
7779330242660056169
7 3 0 3 -1  1
7779366634832959997
5 6 6 7 -1  1
7779494585470468975
2 2 2 3 -1  1
7779577555101051487
7 3 4 6 -1  1
7779793738496793261
2 5 2 6 -1  1
7780087535358592733
6 3 5 5 -1  1
7780329021020038780
4 5 5 4 -1  1
7780381528044820641
5 0 4 1 -1  1
7780474730123360493
6 2 3 5 -1  1
7780555116994869582
5 5 4 3 -1  1
7780573972201384316
5 2 4 2 -1  1
7781062042447095044
5 3 6 2 -1  1
7781189318333920021
5 5 3 4 -1  1
7781323052379804373
5 5 3 4 -1  1
7781328215513732292
3 2 1 0 -1  1
7781684525142597622
4 5 4 4 -1  1
7781823804996395036
5 4 3 3 -1  2
7781910181719697335
5 1 3 1 -1  1
7781969112521135896
0 1 0 3 -1  1
7782144576148593484
7 3 7 2 -1  1
7782323387755880624
6 7 5 7 -1  1
7782422513390608632
4 5 6 3 -1  1
7782958025388762735
7 1 5 2 -1  1
7783340777941317255
7 5 7 6 -1  1
7783582476605441738
5 2 4 0 -1  1
7783833636656201988
6 5 5 5 -1  1
7783897449402001875
3 7 2 7 -1  1
7783957160374633074
5 4 5 3 -1  1
7784065631061901879
2 1 3 1 -1  1
7784134477647210228
2 5 1 5 -1  1
7784289750023489446
7 5 5 5 -1  1
7784595604402728510
7 0 7 3 -1  1
7784667196059242764
4 5 3 5 -1  1
7784726145996401031
6 6 5 6 -1  1
7785061627355005005
6 6 4 4 -1  2
7785174984167494135
4 3 5 4 -1  1
7785374052480553497
7 3 7 4 -1  1
7785445865897353246
4 7 4 2 -1  1
7785497966393038506
5 5 4 6 -1  1
7785562774710328402
6 7 5 7 -1  1
7785691522328547256
3 0 2 2 -1  1
7785782411464890845
2 6 2 0 -1  1
7786177308590597461
7 6 6 6 -1  1
7786356097056766558
4 5 7 5 -1  1
7786411781507326341
6 3 4 2 -1  1
7786454164467803686
7 3 6 2 -1  1
7786493865104751601
6 4 5 4 -1  1
7786628661313999155
0 5 0 6 -1  1
7786804148652937876
6 6 7 6 -1  1
7786914152006637458
3 3 3 0 -1  1
7787261305074205473
5 4 3 3 -1  1
7787423754489042896
2 0 2 3 -1  1
7787475647464789181
5 3 4 2 -1  1
7787854164102224368
6 1 5 2 -1  1
7788095821086185435
7 1 6 1 -1  1
7788114731016637911
6 3 6 2 -1  1
7788173422646289478
7 7 4 7 -1  1
7788176119082209094
7 1 5 2 -1  3
7788216133165298583
6 6 5 5 -1  1
7788311390929206317
7 4 7 3 -1  1
7788323997173445780
5 6 4 5 -1  1
7788352491042466974
6 2 5 4 -1  1
7788415662645950216
2 0 4 0 -1  1
7788650692706376159
7 0 1 0 -1  1
7788764638494067895
6 6 5 7 -1  1
7789086338792215333
0 6 0 5 -1  2
7789248215416480824
1 0 2 0 -1  1
7789259761258020402
5 4 4 5 -1  1
7789397511299475870
5 2 4 2 -1  1
7789558479983614233
7 3 3 7 -1  1
7789632323735282082
5 4 4 3 -1  1
7789650546633550036
4 6 5 6 -1  1
7789688175162467112
7 5 7 2 -1  1
7 5 7 4 -1  1
7789942593516978532
4 2 0 6 -1  1
7790074844045302039
7 3 7 2 -1  1
7790261661820805252
5 3 4 3 -1  1
7790731358473592835
5 4 6 3 -1  1
7790882846593487461
7 7 3 7 -1  1
7791017113861127177
7 2 6 2 -1  1
7791035460300854591
1 2 5 6 -1  1
7791056010524308518
7 5 7 6 -1  1
7791227417531555660
5 0 6 1 -1  1
7791336225662489082
4 2 3 2 -1  1
7791461924449060123
6 3 4 2 -1  1
7791802454351798590
7 2 3 6 -1  1
7791873771875168845
3 1 5 2 -1  1
7791974126135847136
3 2 2 2 -1  1
7791992465014442365
6 0 4 0 -1  1
7792070739227098658
7 1 4 1 -1  1
7792106190891481566
7 6 5 6 -1  1
7792226344969673969
7 0 7 4 -1  1
7792234017137594032
6 5 5 5 -1  1
7792329578593491151
5 5 4 3 -1  1
7792382564999383530
7 0 2 5 -1  1
7792849882284502206
4 3 3 2 -1  1
7793175358074227590
6 5 5 4 -1  1
7793416178171133178
3 5 3 6 -1  1
7793519278779624247
4 3 3 2 -1  1
7793585909653766976
1 4 2 5 -1  1
7793800039382124121
5 1 4 0 -1  1
7793903967762295706
6 0 4 0 -1  1
7794009848215739007
6 4 7 3 -1  1
7794026304729482544
4 3 5 2 -1  1
7794037935150127101
6 4 4 6 -1  1
7794216894799797790
6 0 5 1 -1  1
7794218799908994299
6 3 4 1 -1  1
7794247840145306098
4 2 2 1 -1  2
7794542709394530913
6 7 4 7 -1  1
7794626843725005178
2 4 1 6 -1  1
7795062386182291501
6 3 5 3 -1  1
7795094431714866183
6 5 7 7 -1  1
7795155437628060095
7 0 6 0 -1  1
7795330155515803303
7 2 5 4 -1  1
7795331632965386307
6 4 5 3 -1  1
7795464573250244662
2 6 2 5 -1  1
7795645880767563487
1 7 0 7 -1  1
7795862298291114267
4 4 5 3 -1  1
7795879798777865155
7 4 6 4 -1  1
7795896307422085346
4 0 3 0 -1  1
7795983330710013534
3 2 2 1 -1  1
7795991125198502561
5 3 6 4 -1  1
7796426586275737972
7 4 7 3 -1  1
7796487350657842829
7 5 6 5 -1  1
7796522380201153338
6 7 5 7 -1  4
7796618259616182581
7 5 7 7 -1  1
7796653179088197555
7 1 6 3 -1  2
7 5 6 4 -1  1
7796700983076965362
3 2 2 2 -1  1
7796801309699789053
6 1 5 0 -1  1
7796846934098417793
5 7 4 5 -1  2
7796979842741362616
7 3 7 0 -1  1
7797045981841124019
6 3 4 4 -1  1
7797078201450206126
6 2 4 2 -1  1
7797093894870628052
5 4 3 2 -1  1
7797107269986679529
5 2 3 3 -1  1
7797118019807877560
6 4 4 2 -1  1
7797131653239900907
6 5 6 6 -1  1
7797171478391946766
7 1 7 2 -1  1
7797469161099510021
2 3 2 2 -1  1
7798156935701938315
7 3 6 4 -1  1
7798286040416042358
5 1 3 3 -1  1
7798668674819940834
4 2 5 0 -1  1
7798897333675491397
7 4 0 4 -1  1
7798928759826113876
3 2 3 1 -1  3
7799058911427170296
5 1 5 2 -1  1
7799081744860581523
6 1 5 1 -1  1
7799119440958756288
4 5 3 5 -1  1
7799148606643199346
5 5 3 4 -1  8
7 5 6 6 -1  3
7799308248820447683
5 3 4 3 -1  1
7799591152030729372
7 2 6 1 -1  1
7799630421016125042
5 0 5 3 -1  1
7799691721869074420
5 3 6 2 -1  1
7799771254460507346
0 7 0 4 -1  1
7799792465543773714
4 4 3 6 -1  1
7799865598329207376
5 4 4 3 -1  1
7799890355537496354
5 0 4 0 -1  1
7800098864043278920
7 1 7 3 -1  1
7800572701763988280
6 1 4 3 -1  2
7800619305352643381
2 0 5 0 -1  2
7800657325886704880
5 5 4 7 -1  1
7800724374596006581
7 3 5 3 -1  1
7800871514861761357
4 3 5 1 -1  2
7800947818059651914
0 3 1 3 -1  1
7800978945020438351
4 3 3 1 -1  1
7801123166574144228
5 5 5 4 -1  1
7801168592927335954
2 1 1 2 -1  1
7801175546350394403
6 0 4 0 -1  2
7801353117905085420
4 0 3 1 -1  1
7801418806392441193
3 2 4 3 -1  1
7801668232816946082
6 5 4 5 -1  1
7802346788688254731
4 2 4 6 -1  2
7802600490120903350
4 2 3 0 -1  1
7802745469516987996
7 4 3 0 -1  1
7802768600206864871
4 4 3 5 -1  1
7802795951658079853
7 2 0 2 -1  1
7802801302966680945
4 4 4 5 -1  1
7802855979145763117
4 2 5 2 -1  1
7802875153236123652
7 6 5 5 -1  1
7802884693155936517
3 7 2 7 -1  1
7802918696939797444
3 1 6 4 -1  1
7803104027330037027
6 3 5 3 -1  1
7803160221644236758
6 0 7 1 -1  1
7803268030604261082
7 0 4 0 -1  1
7803418635164656311
4 4 3 4 -1  1
7803479292184781047
7 0 7 4 -1  1
7803837967493799116
4 5 3 4 -1  1
7803946744113896133
3 6 3 5 -1  1
7804170974673444934
7 3 7 5 -1  1
7804406536246759439
4 2 3 3 -1  1
7804584343557277898
7 4 7 2 -1  1
7804922085846381925
6 3 7 4 -1  1
7804984540457600947
3 3 1 1 -1  2
7805096923206611899
6 0 5 0 -1  1
7805428912431079130
6 1 5 0 -1  1
7805450167578900749
3 0 2 0 -1  1
7805843968437266807
6 5 5 5 -1  1
7805846373742155649
5 2 3 1 -1  1
7805862127437384294
7 3 6 2 -1  1
7806152122966573263
6 7 5 7 -1  1
7806157853391034223
6 3 5 3 -1  1
7806285675502619934
7 2 7 3 -1  1
7806400114027664579
0 2 0 3 -1  2
7806400610890906465
7 3 7 6 -1  1
7806662416986659518
2 5 0 5 -1  1
7806675336646462374
6 1 5 1 -1  1
7806733952138178324
6 3 4 4 -1  1
7806771814179100921
3 5 0 2 -1  1
7806880920485993222
4 3 3 3 -1  4
7806885791223126837
7 5 4 2 -1  1
7806928073686052875
7 6 7 5 -1  1
7806964363414304839
1 5 5 1 -1  1
7806965939708970745
3 6 2 5 -1  1
7807266065363951767
7 5 7 4 -1  1
7807312408461081975
4 6 3 6 -1  1
7807392848247299623
7 1 5 0 -1  1
7807394814540449932
7 0 7 2 -1  1
7807539851696972517
6 6 5 6 -1  2
7807631974125882943
7 3 5 5 -1  2
7807772588733894754
3 7 4 6 -1  1
7807895106635318137
6 3 5 2 -1  1
7807914092940483303
5 4 7 3 -1  1
7807962386911855503
5 5 4 4 -1  1
7807984786236234459
6 0 5 2 -1  1
7807990077462266214
6 1 7 2 -1  1
7808140679386707643
3 7 2 7 -1  2
7808478983421964918
7 3 5 5 -1  1
7808541792133589653
7 0 7 4 -1  1
7808555071737868435
6 3 6 5 -1  1
7808646003191753671
6 5 5 6 -1  1
7809237059611641213
5 6 5 7 -1  1
7809295935516572248
4 1 3 1 -1  1
7809342704311621360
6 5 6 6 -1  1
7809482017668725774
5 3 6 3 -1  1
7809485966136102418
7 2 6 1 -1  1
7809492074777092821
5 2 7 2 -1  1
7809628703864095038
5 2 4 2 -1  1
7809757088922872598
6 7 4 7 -1  1
7809772327308608495
5 2 4 3 -1  1
7809805839441675217
1 1 2 0 -1  3
7809827637663959321
7 3 5 5 -1  1
7809887648186255221
3 0 2 2 -1  1
7809963539865180640
6 4 5 4 -1  1
7809983137442942285
2 3 4 3 -1  1
7810014304376912025
2 4 2 6 -1  1
7810156832616410741
5 3 4 3 -1  1
7810238377247236576
4 1 3 2 -1  1
7810244903796875106
7 3 3 3 -1  1
7810490441316821077
2 6 2 4 -1  1
7810531807767375930
5 7 6 5 -1  1
7810798114974643738
2 0 1 2 -1  1
7810823689896277124
7 0 5 0 -1  1
7810893255010482819
5 2 5 1 -1  1
7811096894148905637
6 5 5 5 -1  1
7811157393090855893
5 1 4 2 -1  1
7811208271567556996
6 3 5 3 -1  4
7 3 6 2 -1  1
7811231604423041458
3 0 2 1 -1  1
7811267084624922531
7 5 5 3 -1  1
7811332937406609052
4 2 5 4 -1  1
7811436703398777307
4 7 3 6 -1  1
7811499841624848931
7 3 6 2 -1  1
7812004540812445143
6 3 7 4 -1  1
7812297341858060846
5 7 4 6 -1  1
7812420712118022024
5 5 6 3 -1  1
7812534809979139246
3 4 2 4 -1  1
7812666081043012084
4 3 5 5 -1  1
7812879363830392555
7 1 5 2 -1  1
7813057863513257863
6 4 4 2 -1  1
7813189777590969893
5 4 6 3 -1  1
7813243285882948006
4 5 5 6 -1  1
7813467821554870403
0 3 3 0 -1  2
7813632079637850664
6 6 5 6 -1  1
7813702942667596539
5 4 3 6 -1  1
7813704864631858425
6 4 6 2 -1  1
7813758735847192881
4 4 2 5 -1  1
7813804665972949329
6 6 5 5 -1  1
7813877755435591867
5 2 4 2 -1  1
7813934672440839093
7 0 7 1 -1  1
7814026429899455447
5 3 4 4 -1  1
7814246493240782049
4 2 3 2 -1  1
7814271375959334822
7 5 7 2 -1  1
7814289184123483890
2 2 4 1 -1  1
7814643031747097452
5 5 4 3 -1  1
7814656165645460631
5 1 4 1 -1  1
7814681425570229883
5 5 4 7 -1  1
7814746151688405602
4 7 3 7 -1  1
7815179066825450587
7 5 7 4 -1  1
7815313059569937532
1 2 2 1 -1  1
7815399759403358551
5 2 5 6 -1  1
7815504392989504642
5 7 5 6 -1  1
7815785357885890874
7 4 6 5 -1  1
7815913473109696102
4 5 3 5 -1  1
7816153220906207480
6 3 5 1 -1  1
7816193493270600052
6 3 5 1 -1  3
7816407506203775693
5 4 4 3 -1  1
7816468463745480095
7 4 7 1 -1  1
7816564754375667279
5 0 4 1 -1  1
7816717389189636227
5 6 6 5 -1  1
7816768589685345942
5 0 4 0 -1  1
5 2 4 3 -1  1
6 7 5 7 -1  1
7816807158025173235
6 3 7 3 -1  1
7816936479593174281
3 2 2 0 -1  1
7817100500278039745
5 2 3 1 -1  1
7817340106099104283
0 2 1 1 -1  1
7817361707673259840
6 2 5 2 -1  1
7817362913049160872
4 3 5 5 -1  1
7817428781622128068
6 0 6 1 -1  1
7817543550123403450
4 3 3 4 -1  1
7817545627292127267
7 6 6 7 -1  1
7817687715084250133
4 0 5 0 -1  1
7817716599520247188
6 6 7 5 -1  1
7817742101318574374
7 0 7 3 -1  2
7817746736560766555
6 7 5 7 -1  1
7817879959571214834
4 5 3 3 -1  3
7818045984492975658
6 2 6 3 -1  2
7818212699766810898
7 4 7 6 -1  1
7818240711172349836
7 4 7 2 -1  1
7818454812253736730
5 1 5 3 -1  1
7818763164771356759
6 2 4 2 -1  1
7818944438548132714
5 7 4 7 -1  1
7 5 6 6 -1  6
7819110777231651867
6 7 5 7 -1  1
7819183859547212018
6 0 2 4 -1  2
7819227491687813295
6 3 5 4 -1  1
7819627843538457937
6 3 4 3 -1  3
7819737915732667939
0 5 1 4 -1  1
7819840973322984325
7 5 7 2 -1  1
7820446161631273135
7 2 6 1 -1  1
7820472511978743143
5 4 4 5 -1  1
7820644711217213983
7 6 7 7 -1  1
7820775145314574693
4 4 3 4 -1  1
7820891790616305778
6 4 5 3 -1  1
7821022979732483571
3 2 2 2 -1  1
7821270503805504713
0 4 3 4 -1  1
7821274609764853385
4 4 3 4 -1  1
7821346382109914909
7 6 7 7 -1  1
7821498096494803547
3 5 3 3 -1  1
7821620794025362033
7 3 3 7 -1  1
7821724768988601125
6 6 4 6 -1  1
7821954471710356016
6 1 7 0 -1  1
7822599052149755170
4 5 3 6 -1  1
7822803104177988882
5 6 6 5 -1  1
7822819477477457614
5 5 7 4 -1  1
7822827338124697702
5 6 3 7 -1  1
7822869311072674864
5 5 3 3 -1  2
7822964662148924317
4 2 3 3 -1  1
7823046323308137357
4 3 6 2 -1  1
7823230918075908639
6 2 6 4 -1  1
7823338406114224532
4 1 3 2 -1  1
7823358475103557261
6 0 4 0 -1  1
7823743078156256858
4 0 6 1 -1  1
7823797036790165745
7 4 7 6 -1  1
7824201156498545252
4 2 5 3 -1  1
7824245114764364859
3 2 5 0 -1  1
7824281766701535084
4 3 5 3 -1  2
7824437473806301172
5 0 4 0 -1  1
7824759358857060829
5 3 6 2 -1  1
7824802328331895533
4 3 3 4 -1  1
7824938569229705346
5 6 1 2 -1  1
7825130316936998887
7 0 7 3 -1  1
7825454744106225723
4 5 4 6 -1  1
7826049538908762263
4 4 3 4 -1  1
7826167903189745331
6 2 5 0 -1  1
7826182253339519997
3 7 2 7 -1  1
7826735207222279004
7 0 7 4 -1  1
7826790117891232950
7 6 6 5 -1  1
7826819838578323022
7 4 7 6 -1  1
7826937330973481140
7 2 4 2 -1  1
7827045020732773599
6 5 4 5 -1  1
7827281337316574103
5 0 7 2 -1  1
7827357182754161567
0 5 3 5 -1  1
7827368459731783526
7 4 4 4 -1  1
7827411634981050921
4 5 4 3 -1  1
7827721478587164464
6 4 7 4 -1  1
7827903163596102869
7 1 0 1 -1  1
7827903356372500109
6 7 5 7 -1  1
7828227344239923696
6 7 7 7 -1  1
7828699994931536071
4 4 3 5 -1  1
7828705088023715768
6 6 1 1 -1  1
7828724650754078779
4 5 4 1 -1  1
7828841277852391802
2 2 3 3 -1  1
7828905124477657328
6 1 4 3 -1  1
7829055765770695694
2 2 7 2 -1  1
7829062200744583691
7 7 7 6 -1  2
7829245852479320875
3 2 5 3 -1  1
7829363973833561453
4 3 3 2 -1  1
7829407281807608576
6 5 5 5 -1  1
7829525381611142381
5 6 4 5 -1  1
7829793267268939750
7 2 6 3 -1  1
7829808194735640375
6 7 4 7 -1  1
7 4 7 6 -1  1
7829837521570750449
7 5 7 4 -1  4
7830042923406070417
6 5 7 4 -1  1
7830183221152704244
5 5 3 4 -1  1
7830225440226345058
5 5 4 4 -1  1
7830387605292361786
6 4 6 5 -1  1
7830461287325480253
6 7 5 7 -1  1
7830621052858288401
0 5 1 4 -1  1
7830787245634590811
7 3 7 0 -1  1
7830795277189197085
3 0 4 1 -1  1
7831254067339396752
7 0 7 2 -1  1
7831417633201742192
7 6 6 4 -1  4
7831434911910024393
7 0 7 3 -1  1
7831637222605524939
6 2 6 0 -1  1
7831724528833199468
7 6 7 7 -1  1
7831819224006074342
4 5 2 4 -1  1
7832054297232863910
6 4 7 3 -1  1
7832346602490844564
7 2 5 0 -1  1
7832373826725423784
7 6 6 5 -1  1
7832383029988409419
5 2 6 4 -1  1
7832530806001907206
6 3 5 5 -1  2
7832550059157719210
7 1 5 2 -1  1
7832696968311377856
3 1 2 2 -1  1
7833046202347335927
6 2 5 1 -1  1
7833087647851739123
7 2 6 3 -1  1
7833353833873253173
4 3 3 5 -1  1
7833404224673073996
7 6 6 5 -1  1
7833708461796245129
7 6 6 5 -1  1
7833864939035839422
1 6 1 7 -1  1
7834044624191139498
3 4 1 3 -1  1
7834106895356677724
7 5 7 4 -1  1
7834128891252730120
5 5 6 3 -1  1
7834136201991045349
5 4 3 4 -1  1
7834162256277240771
6 6 5 6 -1  1
7834271691895068737
7 1 4 1 -1  1
7834413121262602119
7 5 7 4 -1  1
7834452706333018394
6 4 7 5 -1  1
7834469725358978247
2 0 2 2 -1  1
7834639577871025465
6 2 5 2 -1  1
7834697744123587604
7 3 7 2 -1  1
7834771654939366824
7 4 7 6 -1  1
7834810238905748598
5 3 6 4 -1  1
7834811328692780813
4 4 3 2 -1  1
7834837145666834916
6 6 5 6 -1  1
7834902345472652278
5 6 4 6 -1  1
7835070583847590486
6 6 5 6 -1  1
7835185884621087477
3 1 0 4 -1  1
7835217711503023620
3 3 3 4 -1  1
7835460662762273309
5 3 6 4 -1  2
7835619566361877973
5 4 3 2 -1  1
7836188752276787039
6 4 4 4 -1  1
7836190749411848213
6 4 5 5 -1  1
7836600040458155281
6 5 4 5 -1  3
7836788526473347368
0 5 0 3 -1  1
7837093598519115354
5 6 4 6 -1  1
7837135635192407471
7 0 6 0 -1  1
7837147433349408328
2 0 1 0 -1  1
7837265701060309963
6 1 4 1 -1  1
7837498913390114835
7 3 6 2 -1  1
7837515408073731927
7 3 6 4 -1  1
7837529778305068457
4 3 7 3 -1  1
7837591903771471783
5 0 4 1 -1  1
7837641396737525159
4 2 3 3 -1  1
7837786090762676252
4 0 3 0 -1  1
7837919626160222338
4 3 3 4 -1  1
7838153912885276980
6 5 0 5 -1  1
6 5 6 0 -1  1
7838516449642684927
7 4 7 3 -1  1
7838909132300974592
6 2 5 4 -1  1
7839681506278851251
2 3 4 5 -1  2
7839905147682262056
6 4 3 7 -1  1
7839971689070840546
5 5 4 6 -1  1
7839972672108982445
7 3 6 4 -1  1
7840260188427413196
2 3 3 4 -1  2
7840318354171825151
5 6 4 6 -1  2
7840367855476901498
7 4 7 2 -1  1
7840503838206700978
5 5 4 6 -1  1
7840579127932289587
4 5 5 6 -1  1
7 1 6 3 -1  1
7840614232367970780
4 2 3 2 -1  1
7840667580307848450
5 5 4 3 -1  4
7840695469218195765
6 7 5 7 -1  1
7840863284651861316
1 4 4 1 -1  1
7840886239618997959
1 7 2 7 -1  1
7840981703805123672
2 5 1 5 -1  1
7841163989624550631
5 5 3 4 -1  2
7841412449297381553
7 6 2 1 -1  1
7841488188574547724
6 2 5 2 -1  1
7841554121501818797
5 5 4 5 -1  1
7841638569001009255
7 2 7 1 -1  1
7841802906583249652
5 7 7 5 -1  1
7841805576290873164
6 4 4 2 -1  2
7841947907428499523
7 5 3 5 -1  1
7841969878577884046
4 1 1 4 -1  1
7842032969896795247
5 4 4 4 -1  2
7842096705102039632
3 6 2 4 -1  1
7842230866775703985
5 5 4 5 -1  1
7842342708261690493
7 5 7 3 -1  1
7842543082884123845
5 2 6 0 -1  1
7842562011463473231
4 3 2 5 -1  1
7842742458057396132
4 4 7 4 -1  1
7842873763697907982
6 2 4 2 -1  22
7 4 7 6 -1  1
7842877210424431147
6 4 5 5 -1  1
7842892763793073270
5 2 3 1 -1  1
7842986640041884558
6 6 5 6 -1  1
7843154294450874978
7 1 5 2 -1  1
7843162991986620124
5 5 4 7 -1  3
7843391107700165063
7 3 2 3 -1  1
7843455105564576789
3 7 4 6 -1  1
7843562062512183913
5 5 4 5 -1  1
7843707408040899277
7 5 5 3 -1  2
7843718187629285474
7 0 7 2 -1  1
7843720500921768707
7 5 6 6 -1  1
7843759194794035570
7 3 5 3 -1  1
7843786065390082928
7 5 7 4 -1  1
7844071128373710973
7 3 6 3 -1  1
7844185207743473561
5 5 4 3 -1  1
7844190160565697995
6 6 4 4 -1  1
7844209165033902730
4 2 3 3 -1  1
7844295441227227308
7 5 7 4 -1  1
7844352373537450504
6 5 5 5 -1  1
7844498370069295279
6 3 5 1 -1  1
7844555047303514640
7 0 7 2 -1  1
7844761711362087869
7 1 5 0 -1  1
7844771261574385960
4 5 5 4 -1  1
7844900714510604140
4 0 7 3 -1  1
7845112780230108783
5 4 4 5 -1  2
7845356786677556028
4 3 5 2 -1  1
7845425442115799699
7 0 7 1 -1  1
7845459751542283543
6 4 4 4 -1  14
6 4 5 4 -1  5
6 6 5 6 -1  2
7 1 5 2 -1  2
7845502892291412642
5 6 5 5 -1  1
7845801118754493262
7 5 6 4 -1  1
7845811080896458939
4 6 4 4 -1  1
7845811181436084618
4 7 3 7 -1  1
7845833470250789220
6 6 5 6 -1  1
7845955175038926839
5 6 4 5 -1  1
7846026789707158595
6 2 4 0 -1  1
7846117787729820131
1 0 1 4 -1  1
7846123284120139311
6 6 5 6 -1  1
7846307915893587055
6 6 5 6 -1  1
7846352879908681882
1 4 1 3 -1  1
7846427845980587651
5 3 3 2 -1  1
7846652969683046767
7 3 5 3 -1  1
7846730049092060961
4 2 3 3 -1  1
7847106610130796037
5 2 4 4 -1  1
7 5 6 4 -1  1
7847125728683788947
5 0 6 1 -1  1
7847476874275960367
5 5 3 3 -1  1
7847645324628121045
0 2 0 3 -1  1
7847830588591537213
5 5 3 4 -1  1
7847839871475463791
5 0 4 0 -1  1
7848035982793118425
7 2 6 1 -1  1
7848067403492663114
7 0 7 1 -1  1
7848203680346826961
7 3 5 5 -1  1
7848292320535756936
4 3 3 2 -1  1
7848357555215764025
5 2 5 1 -1  1
7848438859024764768
5 2 3 3 -1  1
7848461399505038524
7 3 6 4 -1  1
7848867081757265461
6 1 6 0 -1  1
7849047788685827433
4 5 3 4 -1  1
7849131641913200206
3 7 4 6 -1  1
7849196994455278644
3 6 2 5 -1  2
7849349928996831867
6 6 7 5 -1  1
7849409115435236775
5 2 3 4 -1  1
7849423544471656792
2 0 3 1 -1  1
7849480427308333618
7 2 6 3 -1  1
7849618136007470478
7 0 2 0 -1  1
7849784718218538338
5 6 4 6 -1  1
7849853905158699695
5 1 3 0 -1  1
7849883311071415408
6 2 6 4 -1  2
7849887217676982418
3 1 3 7 -1  1
7849897283681722282
3 4 3 3 -1  1
7849950126076409136
1 5 3 3 -1  1
7849968074986125985
4 7 3 6 -1  1
7850049637835054453
3 6 2 6 -1  1
7850050312266631901
7 1 2 1 -1  1
7850067547867530557
4 0 5 2 -1  1
7850302692814248990
7 2 5 0 -1  1
7850307169888520302
4 1 3 3 -1  1
7850357729166826175
7 1 5 2 -1  1
7850393726998718126
1 6 3 5 -1  1
7850626919588272785
3 1 3 0 -1  1
7850627937261450380
7 3 6 3 -1  1
7850698092199377820
7 7 1 7 -1  1
7850736447177097317
7 6 5 5 -1  2
7850819251152105796
5 6 4 6 -1  1
7850998283149898210
4 3 4 4 -1  1
7851051165952646724
5 6 4 5 -1  1
7851198859007182764
6 2 5 2 -1  1
7851228127448509209
5 0 6 1 -1  1
7851244317891493399
6 3 7 5 -1  1
7851265438294136559
6 2 5 2 -1  1
7851636307698528403
1 4 1 1 -1  1
