9655050530240154294
4 4 4 5 -1  1
9655067856125259063
6 7 4 7 -1  1
9655098450650340527
7 1 7 5 -1  1
9655152042593101444
4 3 3 2 -1  1
9655178144418810860
6 1 7 2 -1  1
9655211298805206769
5 0 6 1 -1  2
7 5 7 4 -1  2
9655374643196743770
4 1 2 3 -1  1
9655426788748960088
5 7 5 6 -1  1
9655452093527122924
7 1 6 3 -1  1
9655483226760911675
5 1 7 3 -1  1
9655581583591428526
3 6 2 6 -1  1
9655808774894699317
4 4 6 6 -1  1
9655843571748006804
5 5 7 3 -1  1
9656053529182288028
3 5 2 5 -1  1
9656114368430275232
7 3 7 0 -1  1
9656295619771052034
6 1 5 1 -1  1
9656493925065871822
1 4 4 4 -1  2
9656556840434597559
4 4 3 3 -1  1
9656768567443551845
5 7 4 6 -1  1
9656789871851899175
5 1 4 1 -1  1
9656792026864586927
6 5 6 4 -1  1
9656946911858341436
6 1 1 6 -1  1
9656963867915991551
7 5 6 4 -1  1
9657170975179514584
3 4 1 3 -1  1
9657177649645479629
7 1 5 2 -1  2
9657340610684557290
5 3 3 1 -1  1
9657375830544534880
7 5 7 4 -1  1
9657495976009036258
7 1 6 3 -1  1
9657521503322400241
7 5 6 6 -1  4
9657618329625967692
1 2 2 4 -1  1
9658066381517042992
7 4 6 3 -1  1
9658143864089783170
4 6 6 4 -1  1
9658190567555329058
7 6 6 5 -1  1
9658234769396669491
3 2 2 4 -1  1
9658276322138349795
3 6 4 5 -1  1
9658367909478986240
7 4 7 3 -1  1
9658398746647937283
3 1 3 5 -1  1
9658518703187153975
7 4 7 2 -1  1
9658520781256110262
1 1 2 0 -1  1
9658771320323787976
2 4 4 5 -1  1
9658771730724031299
3 2 0 2 -1  1
9658782582154393093
7 1 6 1 -1  1
9658822254234881387
5 3 3 4 -1  1
9658906022468169368
7 5 7 4 -1  1
9659045107326925761
3 1 2 2 -1  1
9659059538139703579
0 5 7 5 -1  1
9659190680178237150
6 2 5 2 -1  1
9659203540941743877
5 5 6 6 -1  1
9659393443666133510
5 5 4 7 -1  1
9659498794061902352
3 3 2 4 -1  1
9659512435115999037
7 2 5 4 -1  1
9659616412020288702
7 5 6 5 -1  1
9659768319435528838
6 1 4 1 -1  12
6 4 4 4 -1  2
6 4 5 4 -1  3
6 6 5 6 -1  10
9659800155125010423
7 2 1 2 -1  1
9659825697358269889
7 5 3 5 -1  1
9660150218109292221
3 3 5 4 -1  1
9660340118869313446
4 5 5 3 -1  2
9660355107717351691
6 7 4 7 -1  1
9660391986346343572
6 3 4 4 -1  1
9660445881758817173
4 2 4 3 -1  1
9660614478108313292
3 2 3 1 -1  1
9660923972912259864
5 3 6 4 -1  1
9660960840953765329
5 4 6 3 -1  1
9661468242295252297
3 6 2 7 -1  1
9661508316142685249
7 5 5 5 -1  2
9661613569284989580
4 1 3 1 -1  1
9661647208539391081
6 3 6 4 -1  1
9661717928004096935
6 1 5 0 -1  1
9661772026897355382
2 2 5 5 -1  1
9661868327179802998
2 1 2 0 -1  1
9661943810812257427
3 4 4 5 -1  1
9662156714370106345
2 3 3 3 -1  1
9662196074265033497
5 0 4 0 -1  1
9662256852695947728
3 5 6 2 -1  1
9662384361350257005
7 4 7 3 -1  1
9662462784455084622
4 7 0 7 -1  1
9662856630701274036
5 3 5 5 -1  1
9662904783363522294
7 6 7 5 -1  1
9662919096866692474
6 7 5 7 -1  1
9662946725145842353
7 4 7 6 -1  1
9663076989113710875
4 3 1 6 -1  1
9663119711889809759
4 1 3 2 -1  1
9663411195853202867
7 2 4 2 -1  1
9663574197211016791
3 3 4 1 -1  1
9663654438170985696
3 6 1 4 -1  1
9663777169728091203
5 1 1 1 -1  1
9664135286226208767
6 1 3 4 -1  1
9664339825048581655
7 1 5 1 -1  1
9664362958357614267
6 6 5 7 -1  1
9664387910723066560
7 1 3 1 -1  1
9664392050276608099
7 5 7 7 -1  1
9664502316518029187
5 4 3 2 -1  1
9664617838962909132
7 5 7 2 -1  1
9664646488478374552
5 5 4 7 -1  1
9664696786936421691
7 6 6 7 -1  1
9664752489974391507
3 4 2 6 -1  1
9664862259339359189
6 3 7 4 -1  1
9665193679683313336
7 2 6 3 -1  1
9665262427839808971
7 5 7 3 -1  1
9665516679043655477
5 4 3 4 -1  2
9665585292831063930
3 7 3 6 -1  1
9665812696178322633
1 3 4 3 -1  1
9665879013532202124
7 2 1 2 -1  1
9666175316501363853
5 2 4 0 -1  1
9666205964568931580
4 6 3 6 -1  1
9666319688968967992
4 4 3 5 -1  1
9666430813969995882
3 1 1 2 -1  1
9666465348772619231
3 7 1 6 -1  1
9666520732394878266
4 2 3 3 -1  1
9666595158594976741
4 6 2 4 -1  1
9666650400028485108
4 0 3 0 -1  1
9666805279113654331
7 4 5 4 -1  1
9666872788846475443
6 7 5 7 -1  1
9666940157107516113
5 6 3 5 -1  2
9666982245897451976
6 1 4 1 -1  1
9667029189431824689
7 5 7 4 -1  1
9667037374080476188
1 1 1 3 -1  1
9667074781077910544
3 5 7 5 -1  1
9667172707479569698
6 6 5 7 -1  1
9667255696134427056
5 0 4 0 -1  1
9667391288715657390
5 6 4 4 -1  1
9667401603019092561
2 3 0 1 -1  1
9667444593093352125
7 3 5 1 -1  1
9667504810187290272
7 6 6 6 -1  1
9667740863009220006
2 1 1 1 -1  1
9667858831315551555
5 1 7 2 -1  1
9667886970671731348
6 4 6 3 -1  1
9667995526171089481
5 3 7 1 -1  1
9668001021289197302
7 4 3 4 -1  1
9668049420923268528
7 2 5 4 -1  1
9668049919511698950
4 4 3 2 -1  1
9668050169170340710
7 1 5 2 -1  1
9668108644267319447
5 1 4 2 -1  1
9668209498725989613
3 2 3 3 -1  1
9668220528836954863
4 2 5 3 -1  1
9668279417571256296
5 5 4 4 -1  1
9668282292917465143
6 1 4 1 -1  1
9668468539817796651
4 2 7 5 -1  1
9668516703041062077
5 3 7 1 -1  1
9668667802061993778
7 4 6 6 -1  1
9668739336590231709
7 3 6 4 -1  1
9669138675225858779
5 6 4 6 -1  1
9669188237630234747
5 7 4 7 -1  1
9669341934404157311
5 2 3 4 -1  1
9669345338536566311
6 0 4 0 -1  1
9669375939791610190
4 6 1 6 -1  1
9669544771412786269
5 2 7 3 -1  1
9669668471227128025
7 2 5 2 -1  2
9669830586815749393
1 5 3 3 -1  2
9670099389015929813
6 4 4 5 -1  1
9670275419261913517
6 3 7 3 -1  1
9670526360041191654
7 5 0 5 -1  1
9670612128664002138
7 4 6 3 -1  1
9670678083991688777
7 6 7 5 -1  1
9670725365830355282
5 4 7 4 -1  1
9670833100620121619
7 0 7 1 -1  1
9670841101937235285
7 5 6 6 -1  1
9670932139770797290
7 3 7 5 -1  1
9670972352876497455
5 7 0 7 -1  1
9671290800323682799
4 2 3 3 -1  1
9671351579664794898
7 6 5 5 -1  1
9671496292308353257
6 4 7 3 -1  1
9671747875322735575
7 6 6 7 -1  1
9671961697599186133
7 3 6 3 -1  1
9672096888134628791
6 3 4 2 -1  1
9672146372064466062
7 3 7 1 -1  1
9672149627702090734
7 4 3 4 -1  1
9672343655203014728
5 5 3 7 -1  1
9672430473771819961
7 5 6 5 -1  1
9672935010860255136
2 3 4 3 -1  1
9672936770798964591
7 4 7 6 -1  2
9672974677817251320
3 2 4 1 -1  1
9673018849744126385
6 6 4 6 -1  1
9673083781865259948
6 1 5 2 -1  1
9673320973061550958
7 1 3 1 -1  1
9673758350191179414
6 4 5 3 -1  1
9673814654768126493
5 2 4 4 -1  1
9673931960860831921
7 3 7 1 -1  1
9673932583133605306
6 5 4 5 -1  1
9673959231274527344
5 4 4 5 -1  1
9674035525088367773
4 1 3 1 -1  1
9674064656283181787
5 3 5 6 -1  1
9674263736199686027
7 2 5 4 -1  1
9674275731241807083
6 1 4 1 -1  1
9674385094640749619
1 1 0 0 -1  1
9674441024326793156
7 6 7 5 -1  2
9674570799293200673
1 3 5 7 -1  1
9674579795785898638
4 4 5 6 -1  1
9674630441013549782
4 5 4 1 -1  1
9674752928022266318
5 2 4 3 -1  1
9675005033173219509
5 5 6 6 -1  1
9675039635115279301
4 4 3 4 -1  1
9675144523459746704
6 6 4 6 -1  1
9675361348026109631
6 6 4 6 -1  1
9675378532464833740
7 5 7 3 -1  1
9675493745953839914
7 6 7 7 -1  1
9675558145546377667
7 0 2 0 -1  1
9675577364248923537
3 5 7 5 -1  1
9675658841845639003
0 0 2 1 -1  1
9675973017808418069
5 3 3 2 -1  1
9676034555953464905
6 4 5 3 -1  1
9676418219134597527
6 1 4 1 -1  1
9676655353442174935
5 2 4 2 -1  1
9676688613993954861
5 4 6 5 -1  1
9676699044288654155
7 0 7 4 -1  1
9677035815662040323
7 2 5 1 -1  1
9677108256043013697
7 6 6 5 -1  1
9677403526207831251
5 2 6 4 -1  1
9677451235633025903
7 7 7 3 -1  1
9677607639007907854
7 1 7 5 -1  1
9677644504765940979
7 4 6 4 -1  1
9677810742541396241
5 2 4 0 -1  1
9677987351393157129
5 6 4 5 -1  1
9678050311615682452
7 4 7 6 -1  1
9678231801676261122
5 2 6 4 -1  1
9678274214648475057
1 3 1 1 -1  1
9678343894729046231
0 2 4 6 -1  1
9678389125872619647
7 6 6 6 -1  1
9678738467662397336
5 3 4 2 -1  1
9679225418810437617
7 3 4 3 -1  1
9679324712490826557
7 4 5 3 -1  1
9679673967751521384
6 5 6 6 -1  1
9680233266896383888
6 6 5 7 -1  1
9680274873952938723
2 6 4 6 -1  1
9680294701997643746
1 4 3 6 -1  1
9680389129849235310
6 0 6 2 -1  1
9680443502570660258
6 2 6 1 -1  1
9680665781190527961
1 2 1 0 -1  1
9680707467560399171
1 6 0 6 10  1
9680831430202592273
6 6 6 5 -1  1
9680969800647408521
5 4 3 6 -1  2
9680984537270918155
4 4 3 3 -1  1
9681075783154210966
4 3 3 3 -1  2
9681103997741518778
5 3 4 2 -1  1
9681198488967085556
4 1 3 2 -1  1
9681740215122222370
5 5 5 4 -1  1
9681774333828445349
6 5 4 5 -1  1
9681784937395706906
7 4 6 4 -1  1
9682097289539677613
6 5 5 4 -1  1
9682206082979072279
6 6 5 6 -1  1
9682834249471497842
5 2 4 4 -1  1
9682839093829653619
6 5 4 5 -1  1
9682873830119745914
7 2 7 1 -1  2
9682997586360443651
7 0 0 0 -1  1
9683196342037265252
4 1 2 1 -1  1
9683335511575477954
6 3 4 2 -1  1
6 7 5 7 -1  2
9683372740547121963
3 5 2 6 -1  1
9683407050129046441
6 7 5 7 -1  1
9683428395015095544
7 3 7 1 -1  1
9683953937337697018
6 1 5 0 -1  1
9684203495148618821
3 4 2 4 -1  1
9684322414085489463
7 3 6 2 -1  1
9684322885144731080
5 5 7 5 -1  1
9684433690426041212
6 5 6 3 -1  1
9684575538580759585
5 5 5 4 -1  1
9684581753053456647
4 3 2 2 -1  42
9684674753007196577
6 3 4 2 -1  1
9684707098490438490
7 4 7 6 -1  1
9685091949893057279
5 6 5 7 -1  1
9685107615983110506
5 4 4 3 -1  1
9685264495416792772
7 3 4 0 -1  1
9685389258259776469
3 6 6 3 -1  1
9685756254917563963
4 4 1 1 -1  1
9685827221915535632
5 3 3 4 -1  1
9686061812520981543
5 2 4 4 -1  1
9686111754227768827
7 5 7 2 -1  1
9686439393670287179
6 3 7 2 -1  1
9686452295908984666
7 3 7 4 -1  1
9686692269011454125
5 6 4 6 -1  1
9686846217979789574
5 4 4 3 -1  1
9687228284848859803
7 3 5 1 -1  1
9687275688406229543
7 7 6 6 -1  2
9687412880801295615
3 2 4 2 -1  1
9687429590506583401
6 2 5 3 -1  1
9687479613667743580
2 4 1 3 -1  1
9687555354466126111
6 0 5 0 -1  1
9687690985990975728
7 2 6 1 -1  1
9687719950680546056
6 6 3 3 -1  1
9687834998188167766
2 2 5 2 -1  1
9688027144645714445
6 5 6 4 -1  1
9688087160396132695
6 7 5 7 -1  1
9688106700353606163
6 3 5 1 -1  1
9688344049880745244
7 5 6 4 -1  1
9688603113016528013
7 6 5 5 -1  1
9688810262989284344
5 6 3 7 -1  1
9688948604209351536
7 5 7 7 -1  1
9689146492123984368
4 2 3 2 -1  1
9689158380595099034
5 2 3 3 -1  1
9689159265058138189
5 2 6 4 -1  1
9689539618978525652
7 5 6 3 -1  1
9689810215717685549
6 2 4 2 -1  1
9689928639947777346
4 2 5 1 -1  1
9689977622720093320
5 7 4 6 -1  1
9690102009649811198
7 0 7 2 -1  1
9690271037494150110
7 4 7 6 -1  1
9690361376576090046
5 2 7 3 -1  1
9691031805404900534
1 1 1 3 -1  1
9691051547536009360
7 2 6 1 -1  1
9691068987050857029
7 3 6 2 -1  1
9691154064297789214
7 5 6 4 -1  1
9691182905370108683
7 3 6 3 -1  1
9691386010207091250
6 5 6 4 -1  1
9691440766648041361
6 3 5 1 -1  1
9691442942281270016
7 3 5 5 -1  1
9691626852173819757
5 4 4 3 -1  1
9691824279340217978
7 4 7 6 -1  1
9692035263410150730
7 1 2 1 -1  1
9692156344076934621
6 2 7 2 -1  1
9692364477983173513
2 5 3 4 -1  1
9692517173436343092
6 5 5 4 -1  1
9692603726655210023
2 1 1 1 -1  1
9692765172105335734
7 4 7 5 -1  1
9692870815342208909
7 5 7 3 -1  1
9692874620854554994
5 2 1 6 -1  1
9693019733288731769
6 4 7 3 -1  1
9693032849825206920
7 6 6 6 -1  1
9693124838211666421
2 6 2 5 -1  1
9693131960327039721
5 2 1 2 -1  1
9693162280822788600
3 6 4 5 -1  1
9693389070611906200
0 4 0 0 -1  1
9693465720750831722
3 0 2 0 -1  1
9693467588368647202
7 5 6 4 -1  1
9693568148289604405
1 2 1 0 -1  3
9693597148870732555
4 3 5 5 -1  1
9693609410137399055
7 0 7 1 -1  1
9693659205744800909
5 5 4 3 -1  1
9693939500247474097
6 5 3 5 -1  2
9693968270027266934
5 7 4 5 -1  2
9694140687590021406
6 2 6 1 -1  1
9694192766257689179
6 4 4 4 -1  1
9694303029165015705
5 2 4 2 -1  1
9694303427324352898
6 2 5 3 -1  1
9694401870348377869
3 7 3 5 -1  1
9694542393227939248
6 2 4 2 -1  4
7 4 7 6 -1  4
9694548231674331828
6 5 5 5 -1  1
9694691535388730533
4 4 2 2 -1  1
9694892406026716056
6 1 5 0 -1  1
9695159202714302300
3 4 1 5 -1  1
9695221453991584845
4 2 5 1 -1  2
9695250839599715302
6 3 5 2 -1  1
9695300351219780393
5 5 4 5 -1  1
9695346149805527319
5 2 3 3 -1  1
9695425469349465178
5 2 4 4 -1  1
9695489910498504773
7 4 7 2 -1  1
9695600475795649541
7 5 7 4 -1  1
9695617171804803130
6 1 5 1 -1  2
9695640786283158297
6 4 3 1 -1  1
9695650384834633596
4 3 5 3 -1  1
9695700204572595718
3 4 5 5 -1  1
9695781919969621197
4 3 3 4 -1  1
9695816568295376754
5 5 6 7 -1  1
9696049734314818398
3 5 5 3 -1  1
9696161130422315011
3 0 2 0 -1  1
9696238654859355385
5 2 0 2 -1  1
9696383560598489810
7 0 7 3 -1  1
9696459730029057354
1 1 4 4 -1  1
9696537264554007478
5 4 4 4 -1  1
9696895950637551479
2 7 2 2 -1  1
9697281671701630586
6 5 5 5 -1  1
9697291705273841259
5 1 3 2 -1  1
9697542639266040179
4 4 5 2 -1  1
9697589817987642760
7 5 7 2 -1  1
9697721798836449014
7 6 7 5 -1  1
9697734130110974304
5 2 5 3 -1  1
9697747349676658387
6 6 5 5 -1  1
9697838609194331355
6 4 6 0 -1  1
9697865257139415401
5 5 3 4 -1  1
9697998086093387031
6 4 5 5 -1  1
9698101702224792611
7 6 7 5 -1  1
9698199713738171785
4 5 3 5 -1  1
9698207994139247611
5 4 4 3 -1  1
9698550173224038606
5 5 3 4 -1  1
9698554311469690450
4 7 5 6 -1  1
9698574741445649550
6 6 5 5 -1  1
9698591952758956355
3 0 0 0 -1  1
9698708456422339159
4 1 3 1 -1  1
9698764461301209931
7 4 7 3 -1  1
9698977642011786280
4 2 3 0 -1  1
9698979672646254222
4 2 3 2 -1  1
9699201184585637424
6 1 5 2 -1  1
9699675630280481709
5 2 4 2 -1  1
9699707679031875710
7 2 3 2 -1  1
9699769716128139309
6 2 1 2 -1  1
9699773792368995462
6 0 5 0 -1  1
9699870285899528641
3 3 2 3 -1  1
9700231777317161423
4 5 5 6 -1  1
9700327765450119437
6 3 5 3 -1  1
9700401458259321916
0 2 1 3 -1  1
9700442855880960551
5 1 3 2 -1  1
9700613691343864198
2 1 1 1 -1  1
9700617227076006639
6 4 5 5 -1  1
9700662803927134533
6 3 5 5 -1  1
9700764040074146795
7 1 5 2 -1  1
9700786414592570872
5 1 5 5 -1  3
9700920376334390866
6 0 4 0 -1  1
9700982599243568004
6 4 6 0 -1  1
9701180786924910727
7 0 7 1 -1  1
9701202609777129549
5 3 4 3 -1  1
9701226117541831299
4 7 3 7 -1  1
9701296114194492151
6 4 5 4 -1  1
9701738126074336280
6 7 5 6 -1  1
9701844188889258334
2 3 4 3 -1  1
9702111811480928867
4 7 1 7 -1  1
9702153851006293121
7 0 7 1 -1  1
9702154313542987560
4 1 3 1 -1  1
9702238577746331077
7 5 5 7 -1  1
9702394327088196039
4 3 5 5 -1  1
9702491079706037070
2 3 4 3 -1  1
9702560832983300689
2 0 1 0 -1  1
9702600602457397657
6 1 4 1 -1  1
9702756060552065959
4 6 1 6 -1  1
9702943976830697770
7 4 7 6 -1  1
9703211075226909872
5 4 5 3 -1  1
9703473949329430538
2 0 2 2 -1  1
9703919082753279104
4 4 3 3 -1  1
9704012268421310996
4 2 3 4 -1  2
9704016824873083271
5 3 6 4 -1  1
9704195100237545247
4 1 3 1 -1  1
9704626657381463936
2 2 1 2 -1  1
9705096016679834996
4 5 3 4 -1  1
9705102130399851095
3 6 2 5 -1  1
9705212548691483400
6 4 5 3 -1  1
9705218231166463064
7 2 0 2 -1  1
9705218996404430193
5 2 6 3 -1  1
9705423579404971918
6 1 4 1 -1  1
9705559688461316348
7 6 6 5 -1  1
9705569158447237987
2 0 1 0 -1  1
9705570724085052577
4 7 5 5 -1  1
9705693527987177608
7 0 7 5 -1  1
9706015190003148733
2 4 0 4 -1  1
9706165649769502743
4 0 3 1 -1  1
9706250206083257654
7 1 6 3 -1  1
9706311558329921640
3 0 1 2 -1  1
9706314011324046945
5 3 4 4 -1  1
9706567089353666548
4 3 3 2 -1  22
7 5 3 1 -1  29
7 5 6 4 -1  22
9706842326534807986
6 1 4 3 -1  1
9706865371127295064
7 5 7 1 -1  1
9706979285752092259
6 2 6 3 -1  1
9707085146699513625
2 2 1 4 -1  1
9707191367424670811
2 1 2 0 -1  1
9707238561317073134
3 1 2 2 -1  1
9707315872780116951
5 5 4 5 -1  1
9707395261366006109
7 0 0 0 -1  1
9707426796497582365
7 3 0 3 -1  1
9707489527955220232
5 5 4 4 -1  1
9707571328724605465
6 7 1 7 -1  1
9707898782656906878
7 1 5 2 -1  2
9708017752749135123
4 4 6 3 -1  1
9708212122645236942
6 5 5 5 -1  1
9708260329097368717
4 3 3 2 -1  1
9708291835627202785
4 4 5 6 -1  1
9708408879412930306
6 7 4 7 -1  1
9708415481721353748
5 1 7 3 -1  1
9708435897037448776
3 0 1 1 -1  1
9708436533569521153
6 3 7 3 -1  1
9708467084158668347
6 2 5 2 -1  1
9708627950338704397
5 3 6 4 -1  1
9708762271632368008
2 4 3 6 -1  1
9708802219987678513
7 7 7 2 -1  2
9708897639197733016
4 3 2 1 -1  1
9708965866449612548
7 2 4 5 -1  1
9708995707852057316
3 4 0 7 -1  1
9709000272308340267
3 5 2 5 -1  2
9709258218489558752
3 3 3 6 -1  1
9709294316876450170
0 2 1 2 -1  1
9709414846912607577
5 5 4 7 -1  1
9709566507321185742
6 4 5 3 -1  1
9709858961966504458
7 5 7 4 -1  1
9709864793919498160
7 4 7 2 -1  1
9709926297299456630
3 4 2 2 -1  1
9710792308724257831
4 2 2 3 -1  1
9711000252383133419
6 1 6 3 -1  1
9711120301007075289
7 3 7 1 -1  1
9711166393913848880
3 4 6 1 -1  1
9711267997204103033
5 2 4 2 -1  1
9711380794142258269
7 4 7 6 -1  1
9711423825901320436
7 2 6 1 -1  1
9711512816219040216
4 0 3 0 -1  1
9711561567176703899
5 7 5 6 -1  1
9711646840907746695
6 5 4 5 -1  1
9711672162154451496
7 6 6 6 -1  1
9711798047193648835
6 4 5 4 -1  1
9712225139524291105
5 5 6 4 -1  1
9712552689496057578
5 6 3 5 -1  1
9712575284753865674
6 4 5 4 -1  1
9712775220701042661
7 4 7 6 -1  1
9712859496353339121
7 0 7 3 -1  1
9713115267970769153
7 3 6 2 -1  1
9713162220037576239
6 6 5 6 -1  2
9713253329879467092
3 0 2 1 -1  1
9713263333178360389
5 5 4 5 -1  1
9713361017944975135
7 0 7 2 -1  1
9713449722590305766
7 5 5 3 -1  1
9713506528166688599
6 0 5 0 -1  1
6 1 4 1 -1  1
9713555162624434174
4 6 3 6 -1  1
9713561643004014096
5 5 6 5 -1  1
9713769654636537457
6 3 5 3 -1  1
9713896776933135101
7 2 3 6 -1  1
9713946267634384582
5 5 5 0 -1  1
9714417936203923051
3 6 0 6 -1  1
9714495690101111719
7 1 5 2 -1  4
9714504542736705421
3 6 3 7 -1  1
9714705097340041177
5 6 5 5 -1  2
9714943407064483722
3 5 5 6 -1  1
9715232480595700526
4 0 3 1 -1  1
9715233913941634566
5 5 6 3 -1  1
9715320421193000143
4 4 5 4 -1  2
9715409025014577066
6 3 7 5 -1  1
9715440846001761874
5 2 3 3 -1  1
9715846642623099903
6 5 4 5 -1  3
9715980453725151748
7 3 4 0 -1  1
9716005874182350326
5 2 4 2 -1  1
9716214689297817824
6 6 6 5 -1  1
9716431300694790254
1 7 2 7 -1  1
9716594029445909557
6 3 5 2 -1  1
9716857167601139411
5 4 4 2 -1  1
9716876691512526286
1 7 0 6 -1  1
9716886418318599765
7 0 7 2 -1  1
9717028137674618732
4 0 3 1 -1  2
9717340864606929579
5 0 5 3 -1  1
9717369309642718637
6 1 5 2 -1  1
9717695537234608183
5 7 4 7 -1  1
9717736077656558983
6 3 3 0 -1  1
9717872915536270914
6 4 5 3 -1  1
9717950865559606747
7 5 7 4 -1  1
9718082147059435369
7 1 6 3 -1  1
9718130894819075375
4 3 4 6 -1  1
9718157721758084905
6 4 4 4 -1  1
6 4 5 4 -1  1
7 0 7 2 -1  1
9718441809057116844
7 6 6 5 -1  1
9718743670241713875
4 2 3 2 -1  1
9718797417599917721
6 6 5 5 -1  1
9718975876657142223
7 5 6 4 -1  1
9718979449060886790
4 4 2 4 -1  1
9719216848692059717
1 0 4 0 -1  1
9719240405171596660
3 0 2 0 -1  1
9719259218429643092
7 7 7 5 -1  1
9719293316244444475
7 0 0 0 -1  1
9719320294508353943
5 4 6 3 -1  1
9719663628457370420
6 2 4 1 -1  1
9719752699370556834
4 3 2 1 -1  3
9719781904812136678
4 3 3 2 -1  1
9720020791728864960
4 3 3 1 -1  1
9720259746270434928
6 4 5 4 -1  1
9720522916437133706
5 4 4 3 -1  1
9720526813359567194
6 5 5 5 -1  1
9720550200062930219
7 1 6 3 -1  1
9720695655482253646
6 6 4 6 -1  1
9721077101310298346
5 1 3 2 -1  1
9721104360068895775
7 0 7 3 -1  1
9721241006334245580
6 4 6 6 -1  1
9721313527887899462
5 3 5 6 -1  1
9721337615467185673
7 4 3 4 -1  1
9721429220507431305
7 5 6 6 -1  1
9721531956717167784
3 3 5 4 -1  1
9721635651330197879
7 0 7 4 -1  1
9721820353778536010
6 0 5 1 -1  1
9721890724498907414
7 4 6 4 -1  1
9722064491065661796
1 3 0 5 -1  1
9722106012608718858
4 0 5 0 -1  1
9722124742193030238
1 6 2 6 -1  1
9722139681888041119
7 3 7 5 -1  1
9722195092262079079
6 4 7 2 -1  1
6 6 4 6 -1  2
9722236130791119264
6 0 5 0 -1  1
9722269441492265708
5 7 6 7 -1  1
9722306712944980861
6 0 5 0 -1  1
7 2 3 6 -1  1
9722310051321331098
7 2 5 4 -1  1
9722400671314567680
7 3 6 2 -1  1
9722690484360257845
7 3 4 3 -1  1
9722745261447475378
6 0 5 1 -1  1
9722835428861883471
7 3 6 1 -1  1
9723164189257183077
7 0 7 1 -1  1
9723229055503320315
6 3 4 3 -1  2
9723234271792313164
5 1 6 3 -1  1
9723296474535928134
0 7 3 4 -1  1
9723372275040565391
0 4 4 4 -1  1
9723572371192457937
4 7 3 7 -1  1
9723815136529960792
6 7 5 7 -1  1
9723832104156546439
6 6 7 5 -1  2
9723841017644877019
7 4 6 4 -1  1
9724035153153691369
5 7 4 7 -1  1
9724069797970730827
3 3 4 2 -1  1
9724075736048896747
5 1 7 0 -1  1
9724132118804297206
7 2 5 0 -1  2
9724177965837316408
1 4 1 5 -1  1
9724490426073471232
6 1 5 2 -1  1
9724544716077496691
1 7 3 5 -1  1
9724666853110580240
4 5 3 6 -1  1
9724676614882890439
7 2 5 4 -1  1
9724696540016047647
7 4 4 1 -1  1
9724953878488194949
6 4 4 5 -1  1
9724968666072814152
6 3 5 3 -1  1
9725150656067333476
5 0 2 3 -1  2
9725350297902360230
5 2 4 0 -1  1
9725377857386054669
0 3 2 2 -1  2
9725385581084389225
7 0 7 2 -1  1
9725971800018349656
3 0 6 3 -1  1
9726069907281312471
2 3 3 3 -1  1
9726111697318789164
6 0 1 5 -1  1
9726169543163725676
7 2 4 5 -1  1
9726293268111688137
5 0 5 1 -1  1
9726362916535298393
4 0 4 1 -1  1
9726371672029251649
7 5 7 6 -1  1
9726437987951274973
7 5 6 4 -1  1
9726543168586180181
5 2 4 0 -1  1
9726661528219555170
2 5 3 4 -1  1
9726715266314762198
7 5 7 4 -1  1
9727022202983217602
5 1 6 2 -1  1
9727022388942765097
5 5 6 3 -1  1
9727228097408307547
5 3 3 5 -1  1
9727266226834667196
4 4 1 7 -1  1
9727279263971225256
5 5 7 3 -1  1
9727371948845244312
7 4 7 5 -1  2
9727689802215404408
5 2 3 3 -1  1
9727763820168856270
6 2 5 3 -1  1
9728206408335892246
6 1 4 1 -1  1
9728287341173243117
7 4 7 6 -1  1
9728523615107280875
0 3 0 4 -1  1
9728528846915660424
5 6 2 6 -1  1
9728568151030176880
7 1 7 2 -1  1
9728627616455633787
4 4 3 4 -1  1
9728682243684221093
7 4 7 3 -1  1
9728837670140968876
7 4 7 6 -1  1
9728917532869341304
7 2 5 0 -1  1
9728967373262804489
3 1 2 2 -1  1
9729004384123378077
7 5 3 5 -1  1
9729221309863304097
2 2 0 2 -1  2
9729359708495783754
6 6 5 6 -1  3
7 4 7 5 -1  2
9729401438343823850
5 2 3 4 -1  1
9729490347021218214
6 4 4 4 -1  1
9729630584160542265
6 7 5 6 -1  1
9729782154301159109
3 6 3 5 -1  1
9729840281824832561
7 5 7 4 -1  2
9729927990821794833
7 6 6 5 -1  1
9729965664477884900
7 0 7 1 -1  1
9729967717797971951
7 1 7 2 -1  1
9729971019113696134
6 4 5 4 -1  1
9730034913237594844
7 2 6 1 -1  1
9730152843517405603
0 2 0 6 -1  2
9730223611206757961
4 2 3 2 -1  1
9730609365542467518
1 4 1 5 -1  1
9730659015678886965
6 6 4 6 -1  1
9730763370704376303
4 7 2 5 -1  1
9730772908168448697
6 1 5 2 -1  1
9730893540379956193
5 4 5 3 -1  1
9730949196044859078
7 5 7 4 -1  1
9731075548600236037
4 0 3 0 -1  1
9731081096691401680
4 0 6 2 -1  1
9731222397211692548
7 3 2 3 -1  2
9731322121565064574
5 5 4 3 -1  1
9731416779011070423
5 0 6 2 -1  1
9731444277296923014
6 7 7 5 -1  1
9731454871106437343
5 4 4 5 -1  1
9731605516146328870
7 5 7 4 -1  1
9731616463191657759
6 0 4 0 -1  1
9731735175339800933
5 3 2 0 -1  1
9731765970425385016
5 3 4 3 -1  1
9731801327082268619
6 7 6 6 -1  1
9731844565294171033
5 1 5 2 -1  1
9731918469864200577
5 1 7 3 -1  1
9731982891527994363
6 6 5 7 -1  1
9732017961360522117
5 5 5 2 -1  1
9732021028155055771
4 2 2 2 -1  1
9732047257276982690
5 3 5 1 -1  1
9732137839202692104
0 3 2 2 -1  1
9732256519528372982
7 6 6 7 -1  1
9732680116075861832
7 3 3 3 -1  1
9732684460581133495
7 5 7 2 -1  1
9732749449859465338
7 3 6 3 -1  1
9732776828684612212
5 5 4 3 -1  1
9732870908018549676
7 5 6 6 -1  1
9733000951436414766
3 1 4 2 -1  2
9733058193795167799
7 2 6 1 -1  1
9733086782562495625
7 4 7 6 -1  35
9733096159163120513
3 6 1 4 -1  1
9733118586295927037
5 1 4 2 -1  1
9733164468208600515
6 5 4 6 -1  1
9733292799190856598
4 4 4 2 -1  1
9733565284795369731
7 6 7 5 -1  1
9733580089230817360
7 0 5 0 -1  3
9733682725667008660
1 6 3 4 -1  1
9733895355691937943
6 5 5 5 -1  1
9733921245360967000
7 4 5 3 -1  1
9734033510676314623
7 1 5 2 -1  1
9734423227772751777
7 3 7 4 -1  1
9734591542933150459
6 0 4 0 -1  1
9734667485882360303
4 4 1 1 -1  1
9734667775228753713
7 6 6 7 -1  1
9734762209137463087
3 5 2 5 -1  1
9734780846192212534
7 5 6 6 -1  2
9734810502206700102
6 6 4 6 -1  1
9734829824343441391
5 4 4 6 -1  1
9735001235793825115
6 3 5 5 -1  1
9735005411081569150
6 6 5 5 -1  1
9735024273303298918
7 0 7 3 -1  1
9735164631546736345
5 6 4 6 -1  1
9735197009604514583
6 6 5 7 -1  1
9735509181111314718
3 2 2 2 -1  1
9735571740471956203
7 5 7 2 -1  1
9735854334601800509
5 4 2 1 -1  1
9735886906431703429
5 3 4 3 -1  1
9735954856466246126
5 5 7 4 -1  1
9735978682022783962
6 4 5 3 -1  1
9736584245206373816
6 4 4 3 -1  3
9736819257266604180
4 0 7 3 -1  1
9737305037506185325
4 4 3 5 -1  1
9737510710019641218
7 3 4 0 -1  1
9737842476896314038
7 4 6 4 -1  1
9738101598677086527
6 7 5 7 -1  1
9738342301970523081
7 7 6 7 -1  1
9738547090576759532
6 7 5 7 -1  2
9738879419472033134
7 3 3 3 -1  1
9738892542509684085
4 1 4 7 -1  1
9739105757638472644
6 3 5 2 -1  1
9739286923947970924
2 6 3 4 -1  1
9739402651807458448
4 4 5 2 -1  1
9739536477382482903
6 1 4 3 -1  1
9739585143246385011
7 5 6 4 -1  1
9740106985586334058
6 4 6 6 -1  1
9740136228965330092
5 0 6 1 -1  1
9740379729788544640
5 7 4 6 -1  1
9740380110974898409
7 3 5 1 -1  1
9740408392544505673
3 2 1 3 -1  1
9740651537788957148
4 4 6 3 -1  1
9740652353611358088
5 1 4 2 -1  1
9740736099109598536
3 4 2 3 -1  1
9740736551069194931
5 5 6 3 -1  1
9740828162309052162
6 3 7 3 -1  1
9740880536310953038
4 5 3 5 -1  1
9740914260553604912
5 5 6 6 -1  2
9740922129067076830
7 3 6 4 -1  1
9741054677844773039
5 4 4 3 -1  1
9741092394463723977
6 6 5 6 -1  1
9741361742624658595
3 4 4 6 -1  1
9741389610481617941
5 3 5 5 -1  1
9741441414775069351
7 2 2 2 -1  1
9741544757450617679
3 2 2 2 -1  1
9741663625941758200
7 1 5 2 -1  1
9741851153996587842
5 7 4 6 -1  1
9741908853360568662
3 5 3 2 -1  1
9741967030216350553
7 5 6 6 -1  1
9742027201771635180
3 4 2 4 -1  1
9742087869413870913
3 4 3 6 -1  1
9742312713805211622
7 5 5 3 -1  1
9742339118806669889
6 5 4 5 -1  1
9742359185712758461
7 3 6 3 -1  1
9742427912948964367
7 1 7 0 -1  1
9742503172418598961
2 4 7 4 -1  1
9742768068848708884
6 5 5 5 -1  1
9742959549399200359
6 5 7 6 -1  1
9742969848679107424
4 1 4 5 -1  1
9743001546370635244
4 0 3 0 -1  1
9743235169835758062
3 6 2 5 -1  1
9743242978331127854
7 6 5 5 -1  7
9743419127362550857
7 4 7 6 -1  1
9743700007331328862
6 3 4 2 -1  1
9743717587474868158
7 4 7 6 -1  1
9743984079631363934
5 3 4 2 -1  1
9744044451445825174
7 0 7 1 -1  1
9744054538257161357
1 3 1 0 -1  1
9744123593529651144
2 2 2 3 -1  2
9744326593717671912
7 4 7 6 -1  1
9744327899538212216
3 5 2 5 -1  1
9744356860995605189
6 6 6 5 -1  1
9744373395650099759
7 6 7 4 -1  1
9744377727007117971
7 4 7 0 -1  1
9744377925687482364
5 4 5 3 -1  1
9744423432745308711
5 3 4 3 -1  1
9744603985999006688
4 1 4 2 -1  1
9744785716843558156
3 7 3 6 -1  1
9744929419068985320
6 5 4 5 -1  1
9744976514499725508
5 6 4 6 -1  1
9745008501003847471
7 2 6 3 -1  1
9745340126187033744
5 0 1 4 -1  1
9745360669273759723
7 1 6 3 -1  1
9745460605322441185
7 4 1 4 -1  1
9745540082078054491
2 5 3 7 -1  1
9745571295616759609
3 4 2 6 -1  1
9745614277763817730
7 5 5 5 -1  1
9745671748004869638
7 4 7 6 -1  1
9745843233725207128
4 0 3 0 -1  1
9745864901392535182
6 5 5 5 -1  1
9745902755762002961
4 4 2 3 -1  1
9746055795955418371
6 4 5 5 -1  1
9746073206950953416
6 4 7 3 -1  1
9746163252103208185
5 2 4 1 -1  1
9746367947943610790
6 3 7 2 -1  1
9746498394712606423
7 2 7 1 -1  1
9746513440887852693
6 2 4 2 -1  1
9746700072385780829
7 2 6 1 -1  1
9746974796701903108
7 4 7 6 -1  1
9747208998489898852
0 4 2 4 -1  1
9747218952792225592
6 4 5 3 -1  1
9747449473445201665
7 3 5 5 -1  1
9747673013385350958
6 6 4 6 -1  1
9747807780165215751
5 6 6 5 -1  1
9748008884355502409
5 0 4 0 -1  1
9748015913848496361
4 4 3 3 -1  1
9748289184903754697
5 3 4 4 -1  1
9748309860181121563
6 7 5 7 -1  1
9748723133748175001
5 7 4 6 -1  1
9748723319116250332
7 6 3 6 -1  1
9748982883670883923
0 3 3 3 -1  1
9749209904131740257
7 5 7 3 -1  1
9749250756703015243
5 4 4 3 -1  1
9749272762616791304
6 1 7 0 -1  1
9749454465740999507
3 3 2 2 -1  1
9749675327740519126
5 2 4 2 -1  1
9749767088600569247
4 7 4 4 -1  1
9749824766852090039
2 2 3 4 -1  1
9749930913413179982
5 4 4 4 -1  1
9750009044474446109
4 5 5 6 -1  1
9750455314516296725
3 6 3 3 -1  1
9750517397643382029
5 4 3 3 -1  1
9750526359918111678
4 4 4 2 -1  1
9750546115952593676
7 2 6 3 -1  11
9750746987130064051
6 1 2 5 -1  1
9750770584863650497
6 3 5 4 -1  1
9750802990245793034
3 6 2 7 -1  1
9750961591271426604
5 5 4 5 -1  1
9751137799240312182
4 3 3 2 -1  3
9751156713629056846
3 6 4 4 -1  1
9751183146081006216
2 1 0 0 -1  1
9751252347365434781
6 0 6 2 -1  2
9751275360686850213
7 5 7 3 -1  1
9751455170959251728
5 2 4 2 -1  1
9751549010473453233
7 4 7 6 -1  1
9751585187268779766
3 4 2 2 -1  1
9751715102913169250
7 6 5 5 -1  1
9751967017486557761
5 2 4 0 -1  1
9752009430714429603
7 4 6 6 -1  1
9752139623598744817
5 6 4 6 -1  1
9752384333842490562
7 6 6 5 -1  1
9752424600087736450
3 4 5 5 -1  1
9752669960969606150
5 3 5 0 -1  1
9752680413446377673
5 2 5 1 -1  1
9752736392183206868
7 3 5 5 -1  2
9752905452184805102
5 2 3 3 -1  1
9752950756306205681
6 3 5 5 -1  1
9752955389048307420
7 0 7 1 -1  1
9752958444760299094
5 5 3 4 -1  1
9753486987320149022
5 2 3 1 -1  1
9753574584356560165
7 3 7 2 -1  1
9753835454405127883
6 1 5 2 -1  1
9753874897161676264
4 4 3 4 -1  1
9754232743470886312
4 1 2 3 -1  1
9754272244565648866
5 4 4 4 -1  1
9754288599199741259
7 0 7 2 -1  1
9754398166862858979
4 3 3 2 -1  1
9754883715711042871
7 5 6 6 -1  1
9754892306384434490
3 3 0 3 -1  1
9754895210759598911
3 6 2 5 -1  1
9755098044317694016
6 3 6 2 -1  1
9755235251930658204
7 1 6 1 -1  2
9755495095071079363
4 2 3 0 -1  1
9755514904021236176
4 5 0 5 -1  1
9755729202266496933
6 1 2 5 -1  1
9755866903326784364
6 4 4 5 -1  1
9755960831630804639
5 7 4 6 -1  2
9756195629941538025
4 4 3 2 -1  1
9756202821745883103
3 7 2 7 -1  1
9756231888182214077
7 2 6 1 -1  1
9756307606777946350
7 4 7 6 -1  1
9756541473334390257
5 7 0 2 -1  1
9756960928931013474
2 6 3 5 -1  1
9756984493500607460
6 1 4 3 -1  1
9757000654301628944
7 6 7 7 -1  1
9757267873647020376
5 2 6 4 -1  1
9757337296701597543
3 1 6 1 -1  1
9757360867831198455
5 1 5 2 -1  1
9757373910009168302
5 2 3 1 -1  1
9757654772127908441
7 0 7 1 -1  1
9757793143061106583
6 4 2 0 -1  1
9757894232036222351
2 1 3 1 -1  1
9757925471625163104
3 4 2 5 -1  1
9757963980293590122
4 6 3 4 -1  1
9758187362177980101
3 6 1 6 -1  1
9758265895070785063
6 6 4 6 -1  1
9758284958679538345
7 7 6 6 -1  1
9758312968938305286
6 3 4 2 -1  1
9758472214997223655
6 0 6 3 -1  1
9759188818807527566
7 3 3 7 -1  2
9759390085590731662
7 4 4 4 -1  1
9759507341634167599
7 2 6 3 -1  1
9759672492181377355
0 1 3 1 -1  1
9759714921891788549
1 3 0 3 10  1
9759756999139765924
7 2 2 7 -1  1
9760140023789092446
7 1 5 2 -1  1
9760140858689416675
6 3 7 4 -1  1
9760169343865678779
7 1 5 2 -1  1
9760247267727612351
4 1 5 2 -1  1
9760367048158622853
4 0 3 1 -1  1
9760612603642007033
6 7 5 7 -1  1
9760931439828960329
4 1 7 1 -1  1
9760941507291759481
0 3 5 3 -1  1
9761323202253347611
7 2 6 3 -1  1
9761325646735237421
7 2 5 0 -1  1
9761421509431518083
7 3 6 3 -1  1
9761481364244970389
3 7 4 6 -1  1
9761680681595881331
6 4 5 5 -1  1
9761715834804132156
4 6 1 3 -1  1
9761802125133506345
6 4 5 5 -1  1
9761815102539558574
4 3 3 2 -1  1
6 7 5 7 -1  1
9762059842200682681
5 4 4 5 -1  1
9762094994459691230
7 2 6 3 -1  1
9762192443920529552
6 4 3 1 -1  2
9762262734446218234
5 3 4 3 -1  1
9762324353880059788
5 3 4 4 -1  1
9762334808205216995
5 5 5 1 -1  1
9762431578539684923
4 6 5 6 -1  1
9762547651731916852
4 1 3 0 -1  1
9762634781362181202
7 5 7 3 -1  1
9762693312826635561
7 3 4 3 -1  3
9762810696734607362
7 6 6 7 -1  1
9762964855174941833
5 1 6 2 -1  2
9762973956386155526
7 2 6 1 -1  1
9762989682119136186
7 5 7 4 -1  1
9763010385867190083
6 3 0 3 -1  1
9763018742481756311
1 3 0 4 -1  1
9763150374236836800
5 2 3 3 -1  1
9763376172720647947
5 3 6 2 -1  1
9763429628671622760
4 7 3 7 -1  1
9763698382988736699
5 5 4 5 -1  1
9763733940439659770
6 4 5 3 -1  1
9763735411354894828
3 2 1 1 -1  1
9763787732637000533
5 4 6 3 -1  3
9764036110729327494
4 4 5 3 -1  1
9764164033419487485
5 5 6 3 -1  1
9764168851852490422
6 3 7 5 -1  1
9764230360027183968
4 5 3 7 -1  1
9764427842107011532
6 3 5 3 -1  4
7 5 4 2 -1  3
9764514121309440431
6 4 6 3 -1  1
9764596843278317870
4 0 7 0 -1  1
9764800564471658455
5 3 4 1 -1  1
9764807006530042338
7 2 6 3 -1  2
9765039136773676595
6 4 6 3 -1  1
9765261826444285231
4 2 5 4 -1  1
9765291754170226181
4 0 3 0 -1  1
9765544575088397865
7 3 5 1 -1  1
9765658754620884374
7 0 1 6 -1  1
9765938288355354145
1 0 7 0 -1  1
9766253349834176276
7 2 7 5 -1  1
9766285347394196069
7 5 7 4 -1  1
9766417411533080370
4 3 2 1 -1  1
9766482234019001009
4 4 1 4 -1  1
9766541995814990730
4 2 2 3 -1  1
9766588553063011251
7 5 7 2 -1  1
9766612008386143664
7 5 6 4 -1  1
9767117386071532323
5 5 3 4 -1  1
9767360248915305637
6 4 5 5 -1  1
9767543982164597309
5 5 3 4 -1  1
9767583013646374289
4 6 2 6 -1  1
9767692236990641371
6 2 4 2 -1  1
9767796192891239117
5 0 4 0 -1  1
9767820001744568321
7 5 6 6 -1  1
9767846339964875637
7 0 7 2 -1  1
9767921508836501969
4 3 3 4 -1  1
9768172341007657034
7 1 4 1 -1  1
9768295478180631217
7 3 5 1 -1  1
9768440961379071263
2 2 1 2 -1  1
9768491843108714443
1 4 3 4 -1  2
9768772410599184697
4 0 1 3 -1  1
9768934341127495196
7 2 6 1 -1  1
9769191968893085310
5 6 4 5 -1  1
9769231863536406448
6 0 5 0 -1  1
9769244226078832228
2 3 4 1 -1  2
9769753862280931679
5 2 4 0 -1  1
9769886450276811707
7 5 6 4 -1  1
9769942857411707647
4 5 5 7 -1  1
9769955668506505105
1 0 0 0 -1  1
9770117569852719406
6 3 5 1 -1  1
9770239731014984020
7 0 7 2 -1  1
9770856872757283167
7 1 5 2 -1  1
9770868174682275764
3 4 4 2 -1  1
9770950689914985438
4 2 3 3 -1  1
9771081776207730305
7 2 6 3 -1  1
9771189719284653490
7 3 7 4 -1  1
9771391428076044228
0 0 0 7 -1  1
9771396641898435564
5 5 3 6 -1  1
9771572764212931716
5 4 3 2 -1  1
9771653511047321994
1 1 7 1 -1  1
9771818852496768173
7 6 7 7 -1  1
9771979860467874993
6 2 5 2 -1  1
9772206067642932465
7 6 6 7 -1  1
9772312802131769729
6 1 5 3 -1  1
9772368353585499595
3 5 2 7 -1  1
9772384839842678874
4 3 1 3 -1  1
9772463110064947154
0 4 0 3 -1  1
9772626731359657875
3 5 2 6 -1  2
9772650181789142035
6 3 3 0 -1  1
9772655535191338406
7 6 6 7 -1  1
9772812356396005324
4 4 3 4 -1  1
9772894177467066898
7 7 7 6 -1  1
9772992283001597106
7 6 5 7 -1  1
9773004216375687072
4 4 3 5 -1  1
9773186343426689319
7 5 7 4 -1  1
9773190938194087057
7 6 6 7 -1  1
9773214695407695333
6 6 4 6 -1  1
9773312825586506129
5 1 4 1 -1  1
9773719668654464864
7 4 5 6 -1  1
9773765699168473885
7 3 6 3 -1  1
9773929134866389898
5 2 3 3 -1  1
9773968241892231728
3 4 0 4 -1  1
9774040195184183196
6 4 6 2 -1  1
9774123808266605062
1 0 1 2 -1  1
9774379722580206941
3 6 2 5 -1  1
9774415857196249815
3 7 5 7 -1  1
9774516345901168269
7 4 0 4 -1  1
9774529020791468420
7 5 7 4 -1  1
9774530287215759752
5 6 4 6 -1  1
9774560476069801557
6 1 6 4 -1  1
9774599696577016363
5 1 4 1 -1  1
9774612158631692300
6 0 5 0 -1  1
9774689189177263542
5 6 4 6 -1  1
9774936639693096588
0 4 2 4 -1  1
9775252134443479233
5 5 5 1 -1  1
9775294402922928245
5 3 6 2 -1  1
9775332145708412836
6 0 5 0 -1  1
9775338629617238770
0 3 6 3 -1  1
9775534323493522444
7 1 6 3 -1  2
7 5 6 4 -1  1
9775566448294069960
7 4 7 6 -1  1
9775799731554151803
4 5 3 5 -1  2
9775933545106081830
6 3 4 4 -1  1
9775972311383867742
7 4 6 4 -1  1
9776336356230415575
7 4 6 2 -1  1
9776416696397945763
5 3 4 3 -1  1
9776482049136585620
5 3 4 3 -1  1
9776523235263040791
6 6 5 6 -1  1
9776547913985522378
5 0 4 1 -1  1
9776591157390278696
4 4 3 5 -1  2
9776827307929162145
1 7 4 4 -1  1
9776830630031236879
3 4 6 1 -1  1
9776844871924400818
7 3 6 2 -1  2
9776903987703160835
6 2 5 2 -1  2
9777182597049112131
5 5 4 5 -1  1
9777459231745805231
0 7 0 3 -1  1
9777758749587884853
6 4 5 6 -1  1
9777839661478327516
4 4 2 5 -1  1
9777907633625156207
4 5 6 7 -1  1
9778083883175769248
5 3 6 4 -1  1
9778164845862321202
7 1 7 3 -1  1
9778200127542319321
6 4 6 5 -1  1
9778208502569778154
0 2 2 4 -1  1
9778255528034438013
6 7 5 6 -1  1
9778341489634540250
4 3 3 3 -1  1
9778346110530816692
7 5 5 5 -1  1
9778443532758182675
6 3 4 4 -1  1
9778484248905095554
3 6 2 7 -1  1
9778546131109990051
5 1 4 0 -1  1
9778629505327692102
2 3 3 1 -1  1
9778742118611766327
5 0 4 1 -1  1
9779146741067355186
6 3 4 4 -1  1
9779149703446337411
5 7 4 5 -1  1
9779251803664069666
7 4 6 5 -1  1
9779284276871871621
6 1 5 1 -1  1
7 3 5 1 -1  1
7 5 6 4 -1  1
9779384254767623762
6 4 1 4 -1  1
9779628145485925459
7 5 3 1 -1  1
9779671209261229432
3 1 2 1 -1  1
9779886045960290794
5 4 4 3 -1  1
9779907937096656477
0 5 0 6 -1  1
9779918794778646082
1 2 3 3 -1  1
9780161620287966704
4 5 5 7 -1  1
9780287548810879767
1 4 2 2 -1  1
9780333586426255908
7 5 2 0 -1  1
9780478952860234216
4 3 3 4 -1  1
9780498125242425929
7 3 6 4 -1  1
9780505909812894249
5 3 6 3 -1  1
9780532120937995195
4 6 3 6 -1  1
9780556762654697701
7 6 7 7 -1  1
9780592459441901914
7 1 6 3 -1  1
9780986494091911918
7 3 3 3 -1  1
9781007057538226592
5 1 6 2 -1  1
9781083855478199278
2 4 1 4 -1  1
9781101342501794226
5 5 4 5 -1  1
9781149835140944961
4 3 6 4 -1  1
9781285077412089227
3 5 2 7 -1  1
9781287915267612749
3 4 2 2 -1  1
9781295094807087757
7 2 6 1 -1  3
9781527400800217937
7 3 5 1 -1  1
9781667883705345839
4 2 3 2 -1  1
9781731388255989628
1 1 1 3 -1  1
9781800070406746833
7 6 7 7 -1  1
9781997406812060743
6 1 6 0 -1  1
9782061993119412117
7 6 5 5 -1  1
9782296413267312512
7 3 7 4 -1  1
9782423978882795790
5 0 5 7 -1  2
9782642735484196612
7 5 7 4 -1  1
9782702472973062892
7 2 6 3 -1  1
9782722512023849776
4 1 3 2 -1  1
9782863185614220921
4 0 3 2 -1  1
9782869147021157951
5 6 4 4 -1  1
9782978066609268378
1 2 3 3 -1  1
9783148313792490965
7 6 6 5 -1  1
9783505632605192901
5 3 4 1 -1  1
9783949939338919917
5 5 6 4 -1  1
9784031842209064764
6 6 3 3 -1  1
9784140660653024801
5 0 4 0 -1  1
9784319811590700144
6 3 7 2 -1  1
9784415799039610245
7 3 6 4 -1  1
9784450800067744469
7 3 6 2 -1  1
9784505237614821798
4 4 3 6 -1  1
9784726748099300984
6 1 6 2 -1  1
9785003264373214925
7 0 7 2 -1  1
9785155313308583634
5 2 4 2 -1  1
9785167448848735482
6 3 4 3 -1  1
9785220072911034941
4 1 4 5 -1  3
9785266629167718398
5 5 6 3 -1  1
9785328778379586642
1 3 5 3 -1  1
9785335962249616078
7 3 5 1 -1  1
9785337192853281643
7 5 7 2 -1  1
9785375369958634533
4 1 3 1 -1  1
9785415318071969615
6 6 4 4 -1  1
9785903176530975334
6 1 5 1 -1  1
9785962349959285109
4 0 3 0 -1  1
9786033323872264418
7 4 7 6 -1  1
9786064732773593438
5 5 6 6 -1  1
9786111205892494842
4 5 3 5 -1  1
9786126326316885741
6 7 5 7 -1  1
9786214524916629565
5 5 6 7 -1  1
9786256970265659693
6 1 4 3 -1  1
9786297918535733416
4 7 3 7 -1  2
9786375859535523436
6 1 3 1 -1  1
9786415407273339260
1 2 2 0 -1  1
9786461727788970939
6 4 6 3 -1  1
9786707437482340881
7 0 7 2 -1  1
9786881169702641349
5 2 6 4 -1  1
9786901415422937448
5 2 5 0 -1  1
9786962548584698457
7 6 6 6 -1  1
9787277993578463758
5 5 4 5 -1  2
9787279000242202366
4 5 4 4 -1  2
9787330782554571810
4 1 4 3 -1  1
9787384313968152383
5 6 2 3 -1  1
9787414090705915412
6 6 7 6 -1  1
9787533354643743184
1 1 1 3 -1  1
9787581722141162045
6 7 4 7 -1  1
9787607968682582504
6 6 5 5 -1  1
9787762604479552310
7 2 7 3 -1  1
9787781442509087845
5 6 4 5 -1  1
9787978080419199158
6 4 5 3 -1  1
9788023414505321300
2 4 2 5 -1  1
9788057647659506916
6 2 6 3 -1  1
9788061107767946468
5 5 3 4 -1  1
9788153340954421438
7 2 6 1 -1  1
9788175799093089749
5 3 4 2 -1  1
9788212650506081333
3 3 2 4 -1  1
9788278506546309413
6 5 3 5 -1  1
9788321200563148467
3 6 2 7 -1  1
9788470402953670638
6 4 5 2 -1  1
9788562691558379923
5 1 1 1 -1  1
9788671662702523322
4 3 1 0 -1  1
9788786891044036143
7 5 6 6 -1  1
9788892943550602409
7 0 7 1 -1  1
9789023673948768300
6 6 5 6 -1  1
9789077333179804920
7 0 7 1 -1  1
9789084550511345576
7 3 5 4 -1  1
9789166419372407244
6 3 4 2 -1  1
9789214246595462853
4 4 5 5 -1  1
9789656495871590229
6 6 7 5 -1  1
9789664990058496055
5 1 7 3 -1  1
9789829619110792516
1 6 3 6 -1  1
9790036941030821818
7 3 5 3 -1  1
9790161371160300744
5 5 7 3 -1  1
9790359013406993679
3 3 4 1 -1  1
9790407189389162488
7 4 4 4 -1  1
9790460760169461221
4 4 3 4 -1  2
9790510778639031031
4 3 3 4 -1  1
9790639515135350210
3 1 2 2 -1  2
9790801861743213426
0 0 0 5 -1  1
9790859975839690555
7 3 4 3 -1  1
9791051460484411088
6 3 5 5 -1  1
9791158769147015845
6 1 4 1 -1  1
6 7 5 7 -1  1
9791232169233826187
3 4 0 1 -1  1
9791432416091362376
6 5 7 5 -1  1
9791533324825598438
6 3 5 5 -1  1
9791590912417686139
7 4 5 2 -1  1
9791742239885259763
6 6 5 6 -1  1
9791835071777243349
4 1 3 0 -1  9
9791911477061760054
4 4 3 4 -1  1
9792311198170483737
4 3 5 1 -1  1
9792501881543007908
3 2 2 2 -1  1
9792509179326924122
5 4 6 2 -1  1
9792522354253749534
3 5 1 3 -1  1
9792714088808322867
5 3 7 1 -1  1
9792883357037956465
7 1 5 0 -1  1
9793016137812431147
0 2 3 5 -1  1
9793057520736811317
6 6 6 5 -1  1
9793216659361787838
6 3 7 4 -1  1
9793328220242291142
5 1 1 1 -1  1
9793335141885252857
6 3 4 2 -1  1
9793384970146426621
1 2 1 5 -1  1
9793438833293283489
5 3 5 2 -1  1
9793529940655782251
6 2 3 5 -1  1
9793680366360581835
6 4 6 0 -1  1
9793822671691653961
6 1 4 1 -1  1
9793905894981806682
6 3 4 4 -1  1
9794057166544915095
4 2 3 3 -1  1
9794200079179909427
4 6 3 5 -1  1
9794250751216681825
6 0 5 0 -1  1
9794275716613033415
6 0 4 0 -1  1
9794346980593763383
5 5 3 4 -1  1
9794541860034873454
7 2 5 4 -1  1
9794689095915540383
7 1 6 3 -1  1
9794698235955460237
4 1 3 1 -1  1
9794711726921909460
2 4 4 5 -1  1
9794948802292762982
7 5 7 3 -1  1
9795051873030572313
6 5 6 4 -1  1
9795055039704364880
3 2 2 2 -1  1
9795366037534613516
7 4 7 6 -1  1
9795374647023216434
7 4 6 4 -1  1
9795427342904081576
6 7 5 7 -1  3
7 3 7 4 -1  1
9795491859625991057
6 7 5 7 -1  1
9795569030098492130
6 0 5 0 -1  1
9795807349103391448
4 1 3 1 -1  1
9795807715587343377
6 6 5 5 -1  1
9795989033768761294
5 4 4 3 -1  1
9796120341790348319
4 0 3 1 -1  1
9797425481742521535
6 1 4 1 -1  1
9797497495732443893
3 0 1 2 -1  1
9797674277338492047
4 3 3 5 -1  2
9797689897840321806
3 1 6 4 -1  1
9797715883671494207
7 6 6 7 -1  1
9797860660720543636
6 0 4 0 -1  1
9797898216162672876
4 4 4 7 -1  1
9797917853043045707
6 2 5 4 -1  1
9798248828045528563
0 2 7 2 -1  1
9798345302483939980
6 3 2 7 -1  1
9798386835459313818
5 4 3 5 -1  1
9798552120212715007
4 3 6 3 -1  1
9798695624205031102
4 3 5 1 -1  1
9798718036272435371
7 6 7 5 -1  1
9798762857221537138
4 0 3 0 -1  1
9798834697215137722
3 7 3 5 -1  1
9798836371741810190
5 6 4 5 -1  1
9798872784055222490
4 7 3 7 -1  1
9799035249261829062
4 4 5 5 -1  1
9799066378447569093
5 6 4 4 -1  1
9799147601631733861
2 1 2 3 -1  1
9799238267278014223
4 3 3 4 -1  1
9799298469080271126
7 7 7 6 -1  1
9799616664703463476
5 2 4 2 -1  1
9799661259767172784
4 5 4 6 -1  1
9799734708716724940
5 1 6 2 -1  1
9799912259674069559
3 6 4 5 -1  1
9799939254082578889
6 2 4 2 -1  2
9800134640221457992
7 2 6 4 -1  1
9800330612542391079
7 0 7 1 -1  1
9800360113156150228
4 3 3 3 -1  1
9800384824528644542
6 4 6 3 -1  1
9800499030726650509
5 5 3 6 -1  1
9800563347280139132
6 2 5 2 -1  1
9800587869451274311
7 1 5 2 -1  2
9801044224666841531
4 3 2 2 -1  1
9801055721289362297
5 1 3 2 -1  1
9801128933777848080
7 6 6 6 -1  1
9801147955964119276
5 4 6 2 -1  1
9801196452384519804
4 5 3 4 -1  1
9801331005576823975
5 1 6 3 -1  2
9801533347544193543
7 6 7 7 -1  1
9801566723483892746
6 6 5 6 -1  1
9801639774883554382
7 5 6 5 -1  1
9801676717747297449
4 0 4 1 -1  1
9801746324272652586
2 3 5 3 -1  1
9801837899685632995
1 6 0 6 -1  1
9801896294562502213
2 2 3 2 -1  1
9801905014670903496
6 1 3 4 -1  1
9802054615317401961
6 3 4 1 -1  1
9802126771252074920
5 6 4 6 -1  1
9802389960655286443
7 1 6 3 -1  2
9802698587886999135
1 3 1 4 -1  1
9802836285281803679
6 6 7 6 -1  1
9802931276650944268
5 4 4 3 -1  1
9803025014788360766
5 1 0 1 -1  1
9803164988111274589
7 2 0 2 -1  1
9803182485437303553
5 2 7 1 -1  1
9803303369366743550
2 2 3 3 -1  1
9803697815983155129
7 4 7 6 -1  1
9803706086062047171
3 1 3 2 -1  1
9803775751928408418
1 7 3 6 -1  1
9804027751158066211
6 7 5 7 -1  1
9804041131761302646
1 0 0 0 -1  1
9804080029351144922
5 5 3 3 -1  1
9804161034368800216
6 1 3 4 -1  1
9804233234722073627
6 4 4 4 -1  1
9804263173432746794
4 0 3 0 -1  1
9804453357720277276
7 3 3 3 -1  1
9804593859414640667
2 4 2 3 -1  1
9804904399499698637
6 3 5 1 -1  2
9804932044505227721
4 0 1 0 -1  1
9804942039249147344
2 3 4 4 -1  1
9804965429284443868
5 6 2 3 -1  1
9805557651618051714
3 1 1 2 -1  1
9805563197698744968
7 6 7 5 -1  1
9805675873959104355
5 3 4 4 -1  1
9806054603322076364
7 6 5 7 -1  1
9806108655594688440
7 6 7 7 -1  1
9806274156627071854
3 0 2 0 -1  1
9806292531353489077
4 1 3 3 -1  1
9806374429387849241
7 5 7 2 -1  1
9806954543854928529
5 2 7 0 -1  1
9807052753370940909
3 2 2 1 -1  1
9807100061831714668
3 6 2 7 -1  1
9807235649588623610
3 1 2 1 -1  1
9807377643984461209
5 5 3 4 -1  1
9807474350274145771
6 0 5 1 -1  1
9807944737891043199
6 3 3 6 -1  1
9807950905650123410
7 7 6 7 -1  1
9808114308136839921
7 2 7 3 -1  1
9808146153219157729
6 4 4 6 -1  1
9808237446652398370
7 3 5 1 -1  1
9808298257337837060
5 2 3 1 -1  1
9808335039737864503
3 0 2 1 -1  1
9808395922345121793
6 3 5 3 -1  2
9808413039806855336
6 0 4 0 -1  1
9808808733313139776
7 2 4 2 -1  1
9809111269682684510
5 5 6 3 -1  1
9809186196740896122
4 1 4 0 -1  1
9809444679062019491
6 2 0 2 -1  1
9809690866363885918
6 3 6 2 -1  2
9810033794770186267
5 7 5 6 -1  1
9810166643807740886
7 4 7 6 -1  1
9810218104221064761
7 0 7 1 -1  1
9810219999497015300
6 0 5 0 -1  1
9810873785285299543
5 5 4 6 -1  1
9810888506876965451
5 3 4 4 -1  1
9810956694235190536
7 1 4 1 -1  1
9811047872096610314
7 4 6 5 -1  1
9811131575676612490
7 7 7 4 -1  1
9811288008572288952
6 0 6 1 -1  1
9811571001765184504
4 2 3 3 -1  1
9811630541659685533
7 3 5 5 -1  1
9811706462262903439
7 4 7 5 -1  1
9811754682821871770
5 1 3 0 -1  1
9811802677900049641
7 4 7 6 -1  1
9811819490842913625
6 6 5 5 -1  1
9811820285506216404
5 3 7 5 -1  1
9811947884240153671
7 5 7 4 -1  1
9812700488334446128
5 3 4 5 -1  1
9812732742833267469
7 5 7 4 -1  1
9812938732416335430
7 5 7 3 -1  1
9813100197343602444
7 4 3 4 -1  1
9813337509038801310
2 2 1 0 -1  1
9813569266889076415
7 4 7 5 -1  1
9813690947972464999
6 2 4 4 -1  3
9813923764374721107
7 3 5 5 -1  1
9814004794169795975
3 6 4 4 -1  1
9814121184083290403
4 3 5 4 -1  2
9814216301337274620
6 5 4 5 -1  1
6 6 5 7 -1  1
9814283507445714283
4 4 5 5 -1  1
9814356593336863841
4 4 3 2 -1  2
9814365492309718906
7 4 7 3 -1  1
9814404506270279725
2 5 2 1 -1  2
9814430343418890863
5 6 4 4 -1  1
6 1 4 1 -1  1
9814467093980132588
7 4 6 4 -1  1
9814957419038724975
6 6 5 6 -1  1
9814967606647700878
7 5 7 1 -1  1
9815063368748389203
5 0 4 0 -1  1
9815118800980889852
3 0 2 2 -1  1
9815162586879272056
6 2 6 3 -1  1
9815173751621201340
5 2 3 1 -1  1
9815204897722884320
6 5 6 6 -1  1
9815222801608065358
7 0 7 5 -1  1
9815225658364150192
6 5 7 4 -1  1
9815241708544223518
3 2 2 2 -1  1
9815344159165599849
0 6 3 3 -1  1
9815380137720802360
4 5 3 5 -1  1
9815442611450597287
5 2 7 4 -1  1
9815499673327686290
7 5 6 4 -1  2
9815604779287084493
6 2 5 4 -1  1
9815765010232757774
4 4 2 5 -1  1
9815857679130193094
5 5 6 5 -1  2
9815860014865406556
7 6 6 5 -1  1
9815919572934269785
6 1 5 1 -1  1
9816128106615144755
6 3 3 0 -1  1
9816137998297650957
7 0 2 0 -1  1
9816199276474560241
7 4 7 3 -1  1
9816242567056890434
3 5 3 1 -1  1
9816301396204299491
4 1 2 3 -1  1
9816346149502196742
7 5 6 4 -1  1
9816393722910869679
7 5 7 4 -1  1
9816464537813994728
6 5 6 6 -1  1
9816498517579375976
7 4 7 1 -1  1
9816506102377047066
6 2 7 3 -1  2
9816855003981652313
5 6 4 5 -1  1
9816891289367196849
7 6 7 5 -1  1
9816933441155098228
5 3 6 3 -1  1
9816954615671099501
5 5 4 4 -1  1
9816980566200120606
5 3 4 5 -1  1
9817032430926556552
4 1 3 2 -1  1
9817147091500815668
4 2 3 3 -1  2
9817246232502856389
2 1 1 2 -1  1
9817292231816646535
0 3 0 0 -1  1
9817315448965467666
6 3 4 3 -1  2
6 3 5 3 -1  8
9817323237464541350
7 4 7 6 -1  1
9817369236738238112
0 3 0 6 -1  1
9817402799499179497
6 7 4 7 -1  1
9817500660236618041
2 5 1 5 -1  1
9817515654625776588
7 5 6 4 -1  1
9817633238142916001
4 6 5 7 -1  1
9817652362519217708
6 0 5 1 -1  1
9817854877976384877
6 1 7 2 -1  2
9817930319287070503
4 4 4 3 -1  1
9818250207464997890
7 3 6 4 -1  1
9818255158043135496
6 6 5 6 -1  1
9818388634094092883
7 2 4 5 -1  1
9818638647383866752
1 1 0 1 -1  1
9819041551427828440
4 6 2 5 -1  1
9819160636004587538
6 3 5 3 -1  1
9819210632869542702
7 6 7 7 -1  1
9819264488613189964
6 4 5 5 -1  1
9819279713900396746
6 4 4 4 -1  1
9819336074014964276
7 4 7 2 -1  1
9819538578695855958
4 3 3 4 -1  1
9819684914575767802
6 6 4 4 -1  1
9819929080584641709
5 4 4 4 -1  1
9819984319739154662
4 2 5 4 -1  1
9820307576550233744
3 0 5 1 -1  1
9820445424441300217
4 0 3 0 -1  1
9820723191829600330
5 3 4 4 -1  1
9820811058360430365
7 5 6 4 -1  1
9820854236500615011
5 1 3 2 -1  1
9820905312631307645
6 1 5 3 -1  1
9821033956068322273
6 7 5 7 -1  1
9821089042061935786
6 2 5 1 -1  1
9821136834229540539
7 0 7 3 -1  1
9821199776277356927
6 7 4 7 -1  2
9821289020513089217
7 2 7 4 -1  1
9821964896500984333
6 6 5 6 -1  1
9822509314999072448
7 4 7 3 -1  1
9822547227291893987
3 2 3 3 -1  1
9822698648437834934
5 4 4 4 -1  1
9822781075413386867
3 6 1 5 -1  1
9822977999291065857
6 4 7 3 -1  1
9823015250138149720
6 5 4 5 -1  1
9823380576444620297
7 5 3 5 -1  1
9823419947463141882
6 5 5 6 -1  1
9823569358023733473
4 2 1 2 -1  1
9823794483004449351
4 6 3 7 -1  1
9823986839323970497
7 5 3 1 -1  1
9824003856044314758
1 1 1 7 -1  1
9824093634723435375
5 5 6 3 -1  1
9824306555953549294
7 2 6 2 -1  2
9824402856839668879
2 3 0 5 -1  1
9824585622769730601
6 2 6 1 -1  1
9824725106821649871
4 0 4 3 -1  1
9824740801096641380
7 6 7 5 -1  1
9824756284887067767
6 4 5 4 -1  1
9824767626525206108
7 5 7 4 -1  1
9825042599853861766
6 7 6 5 -1  1
9825186941594169372
7 4 6 4 -1  3
9825409733938383057
7 2 6 3 -1  1
9825463139272885510
3 3 6 6 -1  1
9825510317661194625
5 1 4 1 -1  1
9825667303865270959
4 3 3 2 -1  1
9825712421920403557
6 7 5 7 -1  1
9825782704373155166
6 3 5 2 -1  1
9825816071998531697
4 2 3 4 -1  1
9825928494758648974
5 7 7 7 -1  1
9825960713153247475
6 6 5 5 -1  1
9826262478037753236
5 1 7 2 -1  1
9826357653862670099
4 3 3 2 -1  1
9826446166688702349
6 1 4 1 -1  1
7 1 5 0 -1  1
7 1 6 3 -1  1
9826472987675319439
7 1 6 3 -1  1
9826612919428398174
7 6 6 6 -1  1
9826781384657308299
5 2 4 2 -1  1
9826866245978127816
6 7 4 7 -1  1
9826894197863341653
4 6 3 6 -1  1
9827050802226105570
6 6 5 5 -1  1
9827058368913366830
6 6 5 6 -1  1
7 1 5 2 -1  1
7 6 5 5 -1  1
9827130265590002104
3 0 2 1 -1  1
9827419314435822291
6 7 5 7 -1  1
9827523642577726348
7 4 7 5 -1  1
9828005428934699661
5 4 3 5 -1  1
9828099035660954477
7 3 6 2 -1  1
9828103388241816685
6 3 5 4 -1  1
9828192766652914221
3 6 5 4 -1  1
9828273690945751524
6 6 6 0 -1  2
9828281962184390740
7 4 6 3 -1  1
9828386544596671513
5 4 4 4 -1  1
9828448290532283229
4 5 3 5 -1  1
9828485154280726019
6 2 4 2 -1  1
9828603543379385085
5 0 3 0 -1  1
9828671479656391702
3 1 2 2 -1  4
9828742052187104533
6 1 5 1 -1  3
9828948928402520256
5 3 4 4 -1  1
9829080272854402249
4 4 3 4 -1  2
9829110192408821731
7 2 6 1 -1  1
9829126102560216278
7 3 6 4 -1  1
9829171642997276323
5 5 4 3 -1  1
9829429248744142715
3 3 2 4 -1  1
9829560943688319641
5 3 5 0 -1  1
9829665391961413924
6 6 5 5 -1  1
9829717528333724135
6 6 5 7 -1  1
9829742703930687995
5 7 1 3 -1  1
9829764248254730272
6 7 5 6 -1  1
9829856954532715156
4 1 4 7 -1  1
9829965593334863992
5 7 4 7 -1  1
9830291704244447419
4 3 3 3 -1  1
9830547190755507294
5 0 6 1 -1  1
9830599471019713928
6 7 5 6 -1  1
9830712269072680708
6 7 4 7 -1  1
9830838918750755557
7 5 4 2 -1  1
9830853389372473047
5 4 3 5 -1  1
9830863591236987947
6 1 7 1 -1  1
9831028210378705336
5 4 6 3 -1  1
9831032882268443261
7 4 6 2 -1  1
9831039337453239140
7 6 7 7 -1  1
9831083147843958202
5 6 5 5 -1  1
9831117626032179064
4 0 2 1 -1  2
9831226090888433814
3 2 4 2 -1  1
9831321197438241290
7 6 7 7 -1  1
9831419162724567192
4 2 3 2 -1  1
9831459654361150128
6 7 5 7 -1  1
9831462604007996054
6 3 4 3 -1  1
9831464768161326365
7 3 4 3 -1  1
9831505670909222562
3 2 5 0 -1  1
9831536777943588424
7 6 7 5 -1  1
9831551734687272246
5 2 1 6 -1  1
9831762604184954489
5 5 3 4 -1  1
9831901536411852660
7 3 5 1 -1  1
9831961899564458781
5 4 6 3 -1  1
9832121006137841840
6 4 5 5 -1  1
9832505395778933434
7 4 5 4 -1  1
9832556244358243963
7 3 5 3 -1  1
9832572169111119741
4 5 5 3 -1  2
9832619071231948347
2 2 6 6 -1  1
9832665092630379992
6 0 4 0 -1  1
9832669888446906051
6 5 5 6 -1  1
9832837138432089051
2 4 1 4 -1  3
9832875545787774586
2 6 3 6 -1  1
9832915168727270685
7 1 7 0 -1  1
9832919464966607738
7 5 5 3 -1  4
9833306602053723930
5 4 6 4 -1  1
9833359820841549954
7 2 5 0 -1  1
9833446960154079410
4 1 1 1 -1  1
9833567353304361244
2 3 1 4 -1  1
9833599257044712182
3 3 5 3 -1  1
9833610118273256043
7 6 7 7 -1  1
9833986095729344014
1 1 2 0 -1  1
9834011816448555890
3 1 3 3 -1  1
9834023256738498420
6 5 5 4 -1  1
9834287661510680695
3 1 2 2 -1  1
9834462140396808447
6 5 7 6 -1  1
9834562618148598696
6 3 4 2 -1  1
9834799546917416481
7 4 6 5 -1  1
9834817928861571255
5 5 6 7 -1  1
9834855724936305433
6 4 4 2 -1  1
9834875499519362978
1 4 0 4 -1  1
9835137673176279953
6 4 7 3 -1  1
9835181328210156192
7 5 5 5 -1  1
9835335298862424405
2 4 4 5 -1  1
9835339118243525207
7 6 6 6 -1  1
9835851807178984868
5 4 6 2 -1  1
9836059032574849402
4 3 6 4 -1  1
9836306779633279017
6 1 4 1 -1  1
9836433589180817934
6 7 5 7 -1  1
9836566308775780813
3 0 5 2 -1  1
9836986237437299025
4 7 3 7 -1  1
9837173817568972318
6 5 5 6 -1  1
9837235705082257075
3 3 2 2 -1  1
9837294000810088946
5 4 4 5 -1  1
9837298675022297131
7 1 2 1 -1  1
9837326101804812927
4 4 6 6 -1  1
9837368206619057060
6 5 4 5 -1  1
9837447586408572068
7 0 7 4 -1  1
9837579210932050349
5 5 4 6 -1  1
9837584832585174589
7 7 5 7 -1  1
9837596631145548609
3 1 4 2 -1  1
9837642680998928931
6 5 4 5 -1  1
9838043378104982477
5 5 4 6 -1  1
9838158951729420870
7 3 4 3 -1  1
9838190449168728627
7 3 6 3 -1  1
9838261467234183976
1 6 0 7 -1  1
9838361405317736178
3 1 5 2 -1  1
9838518380680321091
4 6 4 7 -1  1
9838656640783636485
7 0 7 1 -1  1
9838743424075233975
6 7 5 7 -1  1
9838930193166546087
4 1 3 1 -1  1
9839023373782374447
6 4 3 1 -1  2
9839045745352096919
5 2 4 0 -1  1
9839049029903637463
5 4 4 3 -1  1
9839222583355652398
7 2 7 4 -1  1
9839231785155965609
6 3 4 4 -1  1
9839241786140964276
6 4 5 4 -1  1
9839651820793227135
6 3 4 2 -1  1
9839785608317568563
5 4 4 6 -1  1
9839902791542834388
1 2 0 2 -1  1
9840158174880707563
5 2 4 2 -1  1
9840214948705784246
6 6 5 6 -1  1
9840346886515001206
4 0 3 0 -1  1
9840486692811248001
6 6 5 5 -1  1
9840513761155517747
4 6 5 7 -1  1
9840626908008192434
6 6 6 5 -1  1
9840765837068391853
5 2 3 3 -1  1
9840985666081579436
5 4 4 3 -1  1
9841328619508664991
7 4 6 5 -1  1
9841409357875863899
4 3 3 2 -1  1
5 4 4 4 -1  1
9841917766945381601
6 3 5 4 -1  1
9841946308930164428
5 0 5 1 -1  1
9841981158369190671
5 5 4 7 -1  1
9842027524048954137
7 5 6 4 -1  1
9842034522261652569
7 2 7 3 -1  1
9842170285192288400
7 2 7 5 -1  1
9842205499094979426
5 5 6 4 -1  1
9842325079430654653
3 4 2 3 -1  1
9842386170700909061
7 1 6 3 -1  1
9842786994264451365
4 6 3 6 -1  1
9842934856616188033
4 0 3 1 -1  1
9843010889645693510
7 2 3 6 -1  1
9843373930294678494
7 2 6 3 -1  1
9843469590145439318
6 0 4 0 -1  1
9843520461449753757
7 2 7 1 -1  1
9843603158749100313
6 4 5 5 -1  1
9843826690246592675
7 6 7 3 -1  1
9844029350727154815
5 5 3 6 -1  1
9844244332902677137
3 7 4 6 -1  1
9844252125976631195
7 7 7 5 -1  1
9844510286296402712
2 6 1 6 -1  1
9844548145741320555
6 4 7 3 -1  1
9844595777928648014
7 5 5 5 -1  1
9844740452924437495
7 5 7 3 -1  1
9844829884581588787
3 6 2 6 -1  1
9844968320998096433
6 3 7 5 -1  1
9845027664470316557
4 0 5 0 -1  1
9845110390230228284
5 1 6 3 -1  1
9845350087858912708
6 6 5 5 -1  1
9845633114409006792
6 3 5 1 -1  1
9845907178127473983
4 5 5 5 -1  1
9845915258942225409
5 1 7 2 -1  1
9846050999255990698
6 2 5 2 -1  1
9846067503597068590
7 3 7 5 -1  1
9846246343384782922
4 5 2 3 -1  1
9846273025616012375
7 2 7 1 -1  1
9846310025332360416
7 4 7 6 -1  1
9846392799665537494
7 4 4 4 -1  1
9846797402130904606
2 2 0 2 -1  1
9846876443511294737
7 3 6 1 -1  1
9847015319034039267
4 4 3 4 -1  1
9847234716191301548
4 3 3 3 -1  1
9847295510307757488
6 4 7 2 -1  1
9847491500069510415
6 5 4 5 -1  1
9847609243720406888
5 6 5 5 -1  1
9847650397848532727
5 6 6 7 -1  1
9847738732422212969
7 5 6 4 -1  1
9847757020673859520
7 3 6 4 -1  1
9848287082346162081
5 0 0 5 -1  1
9848395192180047183
4 7 0 7 -1  1
9848455131381909439
6 1 4 1 -1  2
9848578413463643420
4 2 3 2 -1  1
9848650670168925253
4 4 6 3 -1  1
9848880778174325633
3 6 2 6 -1  2
9848948812417112264
5 4 4 5 -1  1
9849046358458951339
4 6 4 7 -1  1
9849052236095221991
4 2 3 3 -1  1
9849324305165306974
6 2 6 1 -1  1
9849367395672833581
6 6 5 7 -1  1
9849412838491600131
5 5 5 4 -1  1
9849560640218735466
6 5 5 5 -1  1
9849742864503793303
5 4 3 2 -1  1
9849754447262982810
5 3 4 4 -1  1
9849845235375840000
2 1 1 1 -1  1
9849965389201612665
2 2 0 4 -1  1
9850109467001307045
7 5 5 4 -1  2
9850114845621922512
3 1 5 3 -1  1
9850143619994307255
3 0 4 1 -1  1
9850179607732526028
7 3 7 2 -1  1
9850182643133071410
5 4 5 6 -1  1
9850249771375568392
7 0 6 0 -1  1
9850815961994128649
1 4 4 7 -1  1
9851033779541399864
6 1 5 2 -1  1
9851047444840394776
7 1 6 3 -1  1
9851109090930780446
7 5 7 3 -1  1
9851132831722642525
6 1 5 1 -1  1
9851189703185438108
7 6 7 7 -1  1
9851369695089404123
7 3 7 4 -1  1
9851413895889535375
7 2 6 2 -1  1
9851502101192185904
5 5 4 5 -1  1
9851806372372722838
7 0 7 4 -1  1
9851866660498453148
2 5 4 4 -1  1
9851875551755246973
7 0 7 2 -1  1
9851969816658984516
6 5 5 5 -1  1
9852082994847905446
7 4 7 2 -1  1
9852151313326345777
5 1 4 2 -1  1
9852598463242158047
4 5 5 4 -1  1
9852706941210263698
1 0 1 6 -1  1
9852713937914087744
6 3 4 4 -1  1
9853039392178462638
6 6 4 6 -1  1
9853214325464906904
4 3 3 1 -1  1
9853438479451416116
5 1 4 1 -1  2
9853451799526143862
7 5 7 3 -1  1
9853484623629886442
2 0 0 0 -1  1
9853488606349805144
5 4 5 3 -1  1
9853578255160886955
1 0 0 0 -1  1
9854022614135943345
6 7 5 7 -1  1
9854109592053427518
6 7 5 7 -1  1
9854205737175165653
2 5 6 5 -1  2
9854245986763346592
6 7 4 7 -1  1
9854381555552484121
4 4 3 3 -1  1
9854530173448631197
5 0 4 0 -1  1
9854568110941270833
7 4 7 6 -1  1
9854729950256203558
5 5 4 3 -1  1
9854768789930471967
4 5 5 3 -1  1
9854817478383134953
5 5 6 3 -1  1
9854848879087940696
6 3 4 2 -1  1
9854917723510157506
4 4 5 2 -1  1
9855017261335328117
7 2 2 7 -1  1
9855047145761553111
3 0 2 0 -1  1
9855219240390917033
3 3 4 4 -1  1
9855265642807394433
4 4 4 6 -1  1
9855338393830178404
2 7 3 6 -1  1
9855487266422358422
6 3 4 1 -1  1
9855571726361660522
3 7 1 7 -1  1
9855616102112498431
5 5 4 7 -1  1
9855795370089346124
6 4 4 2 -1  1
9855828572566967611
6 6 7 5 -1  1
9855864242761572131
7 3 6 4 -1  2
9855908049799743292
6 4 5 3 -1  1
9855975498503089227
6 5 5 6 -1  1
9855992751803866199
3 2 3 0 -1  1
9856044718757529747
6 6 5 6 -1  1
9856090356637462912
6 4 4 2 -1  1
9856133352947603602
3 0 2 1 -1  1
9856302404161660606
4 1 7 1 -1  1
9856651331100859282
7 2 2 2 -1  1
9857153047480517814
7 0 7 2 -1  1
9857178393283631666
4 6 3 6 -1  1
9857396194609781818
5 6 3 7 -1  1
9857489528410364190
7 2 6 1 -1  1
9857509808531582973
6 1 6 4 -1  1
9857680608371772256
6 1 4 1 -1  1
9857814470421121496
7 6 6 7 -1  1
9857910201890569195
4 7 3 6 -1  2
9858004732795785313
7 3 5 1 -1  1
9858025825823509240
5 0 4 1 -1  1
9858107268693329528
6 1 5 2 -1  1
9858217640775104813
5 3 1 3 -1  1
9858280235736824915
5 5 3 4 -1  16
6 1 4 1 -1  41
6 3 5 3 -1  1
7 5 4 2 -1  8
7 5 6 4 -1  184
9858537595137571813
5 5 3 6 -1  1
9858539742416713556
5 6 6 4 -1  1
9858565200921678582
5 5 6 4 -1  1
9858603865317585619
5 4 4 3 -1  6
9858751499676810904
7 6 6 7 -1  1
9858829305450203639
7 5 7 4 -1  1
9859138661244100167
6 1 5 2 -1  1
9859148801317508679
1 2 0 1 -1  1
9859216192758813143
7 3 7 4 -1  1
9859440707990265534
7 0 6 0 -1  1
9859443362671904345
6 2 5 3 -1  1
9859501042424754352
5 5 4 5 -1  1
9859576770650478309
6 6 6 4 -1  1
9859661360247255511
7 1 7 3 -1  1
9859907211025446007
3 2 2 0 -1  1
9860229484299973435
0 4 2 5 -1  1
9860522293207233641
5 7 4 7 -1  2
9860539222966959664
4 6 2 4 -1  1
9860706247031464299
4 6 3 6 -1  1
9860964969709494041
4 2 2 3 -1  1
9861026836954179065
7 4 7 3 -1  1
9861029254922317549
6 4 5 5 -1  1
9861102529417992288
6 4 1 4 -1  1
9861212853004862595
6 1 3 1 -1  1
9861550773370919699
6 5 5 4 -1  1
9861883653147629212
6 5 4 5 -1  1
7 5 5 3 -1  2
9861903828750973765
5 2 4 3 -1  1
9862157693311345348
5 2 6 4 -1  1
9862381659374526710
6 3 7 5 -1  1
9862580725385892908
4 4 6 2 -1  1
9862665169229174346
5 1 4 0 -1  1
9862712192774566907
4 4 3 3 -1  1
9862843229849305920
7 0 6 0 -1  1
9862851890000327473
3 6 5 5 -1  1
9863041500420792670
7 1 6 3 -1  1
9863088581712520043
6 1 6 2 -1  1
9863164944309939992
1 3 1 5 -1  1
9863247235884265901
5 0 4 1 -1  1
9863392890364715456
4 0 3 0 -1  1
9863393277481088941
4 5 3 6 -1  1
9863593555534064454
4 5 3 4 -1  3
9863704412595319455
4 5 3 6 -1  1
9863913190744881946
7 2 6 3 -1  1
9863918070479734055
5 3 4 2 -1  1
9863932046815317734
0 7 0 0 -1  1
9864261366760776750
5 2 4 0 -1  1
9864545705964226986
6 6 5 6 -1  1
9864660918010393373
5 3 6 3 -1  1
9864872070677020790
6 3 7 1 -1  1
9864959033925926006
5 3 5 2 -1  1
9864984608616642195
7 0 7 3 -1  1
9865032182695940770
6 4 6 5 -1  1
9865122973188893640
1 4 2 4 -1  1
9865202568611195697
1 4 3 6 -1  1
9865277954281957900
6 5 5 5 -1  1
9865313485492616415
3 1 5 1 -1  1
9865342277396512542
7 2 6 3 -1  1
9865401236789298936
6 5 5 5 -1  1
9865430886688139287
3 6 4 7 -1  1
9865444052505776417
7 3 6 4 -1  1
9865491743647977161
7 3 3 3 -1  1
9865833186115781869
0 2 0 4 -1  1
9865850008369538495
7 5 6 6 -1  1
9865925690295297708
7 3 4 0 -1  1
9865962320997173138
6 3 5 1 -1  1
9866060918807979805
5 6 6 6 -1  1
9866376135963377163
6 7 4 7 -1  1
9866458109020576791
6 6 4 6 -1  1
9866540031044445825
0 5 3 2 -1  1
9866737002803249233
6 3 4 2 -1  1
9866738593469231994
6 1 5 1 -1  1
9866811954588901203
4 7 5 7 -1  1
9867162508848572296
7 2 7 0 -1  1
9867288957889030104
1 5 0 5 -1  1
9867468550248525997
4 0 6 2 -1  1
9867480799988597661
5 1 4 0 -1  3
9867498133354421098
5 3 4 2 -1  1
9868144847869027281
6 3 2 7 -1  1
9868245547697090732
6 2 5 2 -1  1
9868249936033563478
6 6 5 5 -1  1
9868269756975701962
7 5 7 2 -1  1
9868289554093196313
5 7 4 6 -1  1
9868644067130094509
6 2 5 2 -1  1
9868785699121969499
7 3 6 4 -1  1
9868933773627918002
3 4 1 4 -1  1
9869003032582383566
7 5 7 4 -1  1
9869167165005793240
6 1 5 1 -1  1
9869264635014760104
5 6 3 4 -1  1
9869267501073520614
5 0 0 5 -1  1
9869304216694480591
6 4 5 4 -1  1
9869404328345504890
7 4 7 6 -1  2
9869441926924920219
6 3 4 3 -1  1
9869614868896258704
6 3 5 2 -1  1
9869864432075947884
7 0 7 1 -1  1
9870083403110496766
3 6 4 4 -1  1
9870103840126726555
2 4 3 2 -1  1
9870178627253448598
5 5 4 5 -1  1
9870220973271294074
4 4 3 4 -1  1
9870281873648187008
5 5 3 4 -1  1
9870716489290862997
5 3 0 3 -1  1
9870762841286978921
4 4 4 3 -1  1
9870889690489433698
5 4 4 3 -1  1
9871033129089231735
7 1 6 3 -1  1
9871075867129303678
5 5 4 3 -1  1
9871171473040201094
4 2 3 2 -1  1
9871320361094976840
6 6 7 7 -1  2
9871832593507764228
6 7 5 7 -1  1
9871868437683903995
7 1 3 1 -1  1
9872111742693230681
6 7 7 6 -1  2
9872136678366596106
5 5 3 6 -1  1
9872168829404208060
5 1 4 2 -1  1
9872512160072197798
6 4 5 5 -1  1
9872644522953953812
3 1 2 0 -1  1
9872648654483544121
6 5 5 5 -1  1
9872732365984219721
7 1 2 1 -1  1
9872803508926963401
5 5 5 0 -1  1
9872817813389117466
4 4 5 4 -1  1
9872847551666122830
7 2 5 0 -1  1
9873116075136203877
3 6 2 6 -1  1
9873145931014889005
5 2 3 0 -1  1
9873268180602622202
4 2 5 4 -1  1
9873342624790875289
0 4 3 7 -1  1
9873354378562226671
6 4 7 5 -1  1
9873466873888787312
7 4 7 6 -1  17
9873686788472247744
3 6 4 5 -1  1
9873778765606565081
1 2 3 1 -1  1
9873879890675278554
7 0 7 1 -1  1
9873900955754851361
3 0 1 1 -1  1
9873905065259261234
7 4 7 6 -1  1
9873975777013903815
4 4 3 4 -1  1
9874215172290619096
5 5 3 4 -1  1
9874246830181255304
5 2 4 4 -1  1
9874620222602183359
6 0 6 6 -1  1
9874672099919955580
0 0 1 0 -1  1
9874692491898832047
0 0 3 0 -1  1
9874724914294975968
6 4 4 4 -1  4
9875036556472447558
7 4 7 6 -1  2
9875103135009266858
6 4 5 6 -1  1
9875139313747340995
7 2 6 1 -1  2
9875149633483849724
6 3 4 2 -1  1
9875507041380094155
3 3 2 3 -1  1
9875679778313762825
4 4 4 0 -1  1
9875760701474876416
3 3 3 4 -1  1
9875821460981346814
0 3 1 3 -1  1
9875833976540380662
7 1 6 1 -1  1
9875952721716592296
7 0 7 3 -1  1
9876027766680317106
7 0 7 1 -1  2
9876213077470988816
0 5 3 5 -1  1
9876262316798395117
4 4 2 5 -1  2
9876272263640594982
6 1 3 1 -1  2
9876739950012714974
7 2 7 4 -1  1
9876758125337468477
7 1 7 2 -1  1
9876971716872693453
5 5 4 5 -1  1
9877061067371488933
6 0 2 0 -1  1
9877119424410744519
5 5 4 3 -1  1
9877214911162202955
4 2 3 2 -1  1
9877453034861379630
7 4 7 6 -1  1
9877459695167763398
6 1 3 4 -1  1
9877506569458690848
6 1 7 2 -1  1
9877588374683243323
5 5 4 7 -1  1
9878247877892221887
6 1 5 1 -1  1
9878430228940118951
6 4 4 6 -1  1
9878446765458650076
5 2 7 3 -1  1
9878465631399604311
5 1 1 5 -1  1
9878475708017778925
6 2 6 1 -1  1
9878481901259256569
2 4 1 4 -1  1
9878524846309638025
5 5 3 4 -1  1
9878569670549184197
4 0 3 0 -1  1
9878626674514932817
6 3 5 4 -1  2
9878958422828065145
6 2 4 2 -1  1
9878994184107732994
5 4 4 5 -1  1
9879036067005229618
1 1 1 2 -1  1
9879102902606425965
6 3 4 2 -1  1
9879220207491033806
6 2 3 5 -1  1
9879300956179598165
4 3 3 5 -1  1
9879354520040050421
5 5 4 4 -1  1
9879396711394067807
7 6 7 7 -1  1
9879474077320152548
0 2 1 2 -1  1
9879481061312674266
5 5 7 4 -1  3
9879723291448828511
7 4 6 4 -1  2
9879777474119425586
3 7 2 7 -1  1
9880104046442578924
1 1 1 2 -1  1
9880148953597238960
7 2 5 4 -1  2
9880162897274662303
6 5 4 5 -1  1
9880543647403905014
6 3 6 2 -1  2
9880572318209651843
2 2 1 4 -1  1
9880711672103601736
2 1 4 1 -1  1
9880779436322396727
4 5 3 6 -1  1
9880948747515944004
3 5 2 4 -1  1
9881377723508230945
5 6 4 6 -1  1
9881388329147538694
7 6 6 7 -1  1
9881545764806657793
7 4 6 4 -1  1
9881777338845823168
6 2 6 3 -1  1
9881825311711161665
6 5 5 5 -1  1
9881848099362934393
6 4 4 5 -1  1
9882073798600153761
6 3 5 5 -1  1
9882081936929970246
7 1 5 2 -1  1
9882201477963804363
7 2 6 3 -1  1
9882320999380224638
7 3 5 3 -1  1
9882426724088964801
1 4 1 3 -1  1
9882471009302325021
2 7 1 7 -1  1
9882798022290799400
3 1 5 2 -1  1
9882861040816857499
1 1 1 0 -1  1
9882895328162642789
5 0 4 0 -1  1
9882971332346161249
7 1 5 2 -1  4
9883006463099935677
6 0 5 0 -1  4
6 2 5 2 -1  1
7 6 5 5 -1  2
9883113545200141540
7 7 7 6 -1  1
9883218638117041920
7 0 3 0 -1  1
9883436497819786781
7 3 7 4 -1  1
9883460873730324434
6 4 7 3 -1  1
9883514623116298007
6 4 4 3 -1  1
9883609951886522283
5 6 4 4 -1  1
9883634817057899538
6 6 4 6 -1  1
9883686991698484671
5 3 4 3 -1  1
9883699533015409693
7 3 0 3 -1  1
9883714155655459831
6 7 5 7 -1  1
9884228374043958156
3 2 4 2 -1  1
9884362347296069643
7 5 7 4 -1  1
9884918691292183659
2 6 2 4 -1  1
9884963245869703212
4 5 5 4 -1  1
9884977346536068520
6 4 5 2 -1  1
9885106722980248481
7 2 6 3 -1  1
9885208847870440331
7 3 7 2 -1  2
9885291495492497421
5 4 0 4 -1  1
9885326381314556546
6 6 5 6 -1  1
9885369505639901801
6 4 4 6 -1  1
9885598656127839385
7 6 5 5 -1  2
9885755200431656971
6 5 5 4 -1  1
9885811594121578973
7 5 7 0 -1  1
9885852805892010130
5 5 6 3 -1  1
9885938613398429677
4 1 3 1 -1  1
9885949058662518810
7 5 5 7 -1  1
9886032466623550343
4 7 3 7 -1  1
9886049158605937324
6 4 5 3 -1  1
9886246925196027381
3 0 1 1 -1  1
9886263393796166194
6 7 7 6 -1  1
9886344983529293530
7 0 7 6 -1  1
9886359553961035702
7 0 6 0 -1  1
9886398634461008310
1 4 4 4 -1  1
9886542981803058125
4 0 5 2 -1  1
9886555153907973053
3 1 4 3 -1  2
9886621411648943689
1 1 3 2 -1  1
9886672197600326463
7 0 6 2 -1  1
9886765540086829694
6 3 4 2 -1  1
9886793453372771725
5 4 4 4 -1  1
9887069039770473441
7 4 7 6 -1  1
9887069218758709599
4 7 7 7 -1  1
9887523847034916090
7 1 6 2 -1  1
9887688322074754506
3 2 4 4 -1  1
9887702000577730606
5 5 4 5 -1  1
9888456352742725219
4 5 0 5 -1  1
9888484132174140372
7 2 6 1 -1  1
9888654345740381691
3 5 6 5 -1  1
9888670460514488309
7 4 7 1 -1  1
9888731244363227551
6 5 5 5 -1  1
9888777622217347896
0 0 7 0 -1  1
9888941510709424171
7 4 7 5 -1  1
9888954808984468984
7 1 7 3 -1  1
9889052844352536660
5 0 0 0 -1  1
9889087520774986936
4 3 2 1 -1  1
9889112357441822997
7 4 7 6 -1  1
9889245348400584559
5 1 7 1 -1  1
9889304377453785828
6 4 6 1 -1  2
9889967625449593228
7 2 6 1 -1  1
9890056109157511835
5 5 3 5 -1  1
9890246578653200154
6 6 7 5 -1  1
9890270124642520666
7 6 6 6 -1  1
9890310862441328891
2 1 4 2 -1  1
9890422443809861790
5 6 4 7 -1  1
9890425002426571535
2 3 3 5 -1  1
9890548867525239717
3 7 2 7 -1  1
9890680920589955838
2 4 1 5 -1  1
9890684226122602174
2 4 1 3 -1  1
9890684378196002570
5 0 4 2 -1  1
9890723399973034026
6 6 5 6 -1  1
9890840400135528423
6 3 5 5 -1  6
9890881551487146202
6 0 6 1 -1  1
9891191044307736248
4 2 3 1 -1  1
9891324493241303955
5 2 4 1 -1  1
9891365006174999559
6 1 7 2 -1  1
9891374452203146005
7 1 6 3 -1  1
9891493598154132290
5 5 4 5 -1  1
9891588725821857198
7 2 6 1 -1  1
9891625959273613340
2 7 2 5 -1  1
9891645062239317965
5 5 4 4 -1  1
9891683267281284400
5 5 4 3 -1  1
9891764371865155187
7 5 7 6 -1  1
9891900300163243924
7 5 6 6 -1  1
9892011103854226384
2 1 4 0 -1  1
9892087652359257330
5 5 3 4 -1  1
9892165718511346828
4 4 3 3 -1  2
9892206648121183444
6 4 7 4 -1  1
9892595253701093193
5 4 7 2 -1  1
9892850919061689553
7 3 3 7 -1  1
9892880362694081820
6 2 5 1 -1  1
9892916057043887180
7 6 7 7 -1  1
9892921943034068451
7 4 7 0 -1  1
9893088321106436572
7 4 7 3 -1  2
9893136373109564772
1 4 3 2 -1  1
9893197981006444689
6 2 4 2 -1  1
9893246626682173065
5 5 6 7 -1  1
9893271449920136065
7 5 7 3 -1  1
9893376037973488887
5 5 4 5 -1  1
9893379736828923774
5 0 2 3 -1  1
9893480668988693071
7 5 3 1 -1  1
9893721926580556892
7 3 7 4 -1  1
9893819084391270895
7 6 6 7 -1  1
9893999361308395654
3 5 1 6 -1  1
9894081377331809250
7 3 6 2 -1  1
9894271321186430878
3 4 2 2 -1  1
9894290778033186415
6 0 4 0 -1  5
9894447668881382785
4 0 7 0 -1  1
6 2 4 2 -1  1
9894560109217756766
6 3 5 5 -1  1
9894977530300904333
4 5 3 6 -1  1
9895099375493521727
3 1 5 0 -1  1
9895442915500158282
7 1 5 2 -1  3
9895455643213707837
7 0 7 2 -1  1
9895656305680752074
0 0 7 0 -1  1
9895718489980240233
7 0 7 2 -1  1
9895833210966043931
5 1 3 2 -1  1
9895858216641774406
5 4 4 2 -1  1
9895881919555421620
1 5 5 5 -1  1
9896060100449985530
6 5 6 6 -1  1
9896264397069763700
6 7 5 7 -1  1
9896416492081578767
4 1 3 2 -1  1
9896540031597051400
3 2 2 4 -1  1
9896555244230284590
2 1 5 4 -1  1
9896642626310063017
4 2 3 2 -1  1
9896655117134824684
4 7 2 6 -1  1
9896901904251825215
5 4 4 4 -1  1
9896933629132793073
5 5 6 7 -1  1
9896934608682594742
7 1 7 0 -1  1
9897056177183969655
3 1 2 1 -1  1
9897384251386825716
0 1 3 4 -1  1
9897649692895770747
5 6 4 6 -1  1
9897690441503954619
6 6 7 5 -1  1
9897699142586303517
7 1 6 3 -1  1
9897800941382855842
6 5 5 4 -1  2
9897893542181666942
4 0 7 3 -1  1
9897960584805422670
5 4 5 7 -1  1
9898291242457991264
5 6 4 7 -1  2
9898309210463828709
5 4 4 4 -1  1
9898445820226524768
6 4 5 4 -1  7
9898726410394425896
6 2 7 1 -1  1
9898800287350322416
7 4 4 4 -1  1
9899007395159850240
7 7 7 3 -1  1
9899047893075394488
7 7 0 7 -1  1
9899063286648090772
7 3 3 3 -1  1
9899110542745372245
6 6 4 6 -1  1
9899149061522856018
7 4 5 2 -1  2
9899325572511868546
5 7 4 7 -1  1
9899353201931960655
4 3 3 4 -1  2
9899393612314733255
6 0 4 0 -1  1
9899467518777671316
4 7 3 7 -1  1
9899538806327180069
7 6 6 5 -1  1
9899800190911258344
6 7 4 7 -1  1
9899807471914108621
7 1 5 2 -1  1
9899810787439554474
7 3 7 0 -1  1
9899863561437211879
6 2 6 3 -1  1
9899876951043059322
7 4 7 6 -1  1
9899881966604972970
4 1 3 1 -1  1
9900081451576864225
7 2 6 2 -1  1
9900121035809108146
6 3 5 3 -1  1
9900229239757356293
5 5 6 4 -1  1
9900470495556493004
7 2 5 2 -1  1
9900470878717765760
0 3 6 3 -1  1
9900581254890000929
7 4 4 7 -1  1
9901012663053745484
6 7 5 7 -1  1
9901239312540068363
5 5 6 3 -1  1
9901613079167879307
7 0 7 3 -1  1
9901720707496751799
7 0 7 2 -1  1
9901785233000839085
6 2 5 2 -1  3
7 0 7 1 -1  1
9902088398116146327
4 5 4 1 -1  1
9902280919853852800
5 1 5 0 -1  1
9902287543186970650
5 3 4 3 -1  1
9902315577932469247
6 4 6 2 -1  1
9902522066149988197
6 5 4 5 -1  1
9902597338705011860
3 6 2 5 -1  1
9902631960808459198
7 6 6 6 -1  1
9902905407735989177
5 3 4 2 -1  2
9902958856130477672
7 2 6 2 -1  1
9902961217280601174
3 1 5 1 -1  1
9903075708996592583
7 4 5 4 -1  1
9903100140962045048
6 5 5 4 -1  1
9903219012741028997
5 7 4 7 -1  1
9903226926397051965
6 6 2 2 -1  1
9903251953945414476
5 5 4 6 -1  1
9903713713141272124
7 4 2 4 -1  1
9903720268769090217
5 0 4 1 -1  1
9903877191767441413
4 5 5 4 -1  2
9903961876343078647
6 3 5 2 -1  1
9904057584931252495
7 5 4 2 -1  1
9904732461614067765
4 2 3 1 -1  1
9904829644500534483
5 2 3 4 -1  1
9904836416263214567
6 3 6 2 -1  1
9904852728823599108
1 2 4 2 -1  1
9904879891086741097
7 4 7 6 -1  1
9905390012841422322
5 6 6 4 -1  1
9905402061250509072
7 1 5 2 -1  1
9905508155547858054
3 1 6 1 -1  1
9905603779921571050
4 3 3 4 -1  1
9905717042381568871
7 3 7 5 -1  1
9905916167810815247
6 3 5 5 -1  1
9906070850973026996
6 2 5 2 -1  1
9906154570289000625
7 2 6 1 -1  1
9906300638445146564
5 5 3 5 -1  1
9906618498105574009
6 6 7 5 -1  1
9906817281012053823
7 1 6 3 -1  1
9906844585582123119
5 5 4 7 -1  1
9906928866286904963
5 3 6 2 -1  2
9906956306610045315
6 5 5 4 -1  1
9906957419028183836
7 1 7 0 -1  1
9907047569774322736
6 5 5 5 -1  1
9907175294652971222
4 6 6 4 -1  1
9907299593142221574
7 4 7 6 -1  1
9907389767356956284
7 3 5 5 -1  1
9907552100363355370
5 4 4 3 -1  1
9907569941538846463
4 7 3 7 -1  1
9907625421351439260
4 3 4 2 -1  1
9907729788389519784
4 4 3 5 -1  1
6 5 5 5 -1  1
9907907642953669279
7 3 7 2 -1  1
9907949602315313213
7 1 2 1 -1  1
9908219121606024420
4 1 4 4 -1  1
9908221203646346889
6 2 2 6 -1  1
9908403485011036392
5 2 7 0 -1  1
9908567154656651354
4 6 2 4 -1  1
9908617968948802234
7 0 6 0 -1  1
9908635384029001476
6 3 7 2 -1  1
9908776686918068317
7 1 6 3 -1  1
9908808326211260447
2 1 1 1 -1  1
9908978294853860200
4 0 2 0 -1  1
9909175705051852790
5 6 4 7 -1  1
9909283638746771439
6 4 5 5 -1  1
9909297716338067338
7 4 7 6 -1  1
9909306346580954150
4 6 3 6 -1  1
9909375937152395257
6 4 3 1 -1  1
9909381387751113113
5 0 3 1 -1  1
9909657132961673024
6 3 6 4 -1  1
9909839327638511562
7 1 5 2 -1  1
9909960219179513228
7 7 7 6 -1  1
9910223221911554951
5 2 4 2 -1  1
9910350134966328207
3 6 4 5 -1  1
9910484941589968593
4 4 5 3 -1  1
9910527752576556676
6 4 5 3 -1  1
9910528901479865463
7 5 2 5 -1  1
9910684749510386302
3 5 4 3 -1  1
9910766187937319658
5 6 6 4 -1  1
9910938362404279150
6 3 7 4 -1  1
9911023156296067595
6 5 5 4 -1  1
9911377084989274001
6 2 5 3 -1  1
9911514521809846743
7 1 6 1 -1  1
9911525526911221997
6 2 4 2 -1  1
9911607985666398881
6 2 5 3 -1  1
9911687830938357582
6 6 5 5 -1  1
9911770603974726080
5 5 4 3 -1  1
9911830475040438215
7 5 4 2 -1  1
9911923794292175128
7 0 7 2 -1  1
9912055779051932606
7 5 7 3 -1  1
9912270986912684666
3 3 5 5 -1  1
9912290123073991356
5 6 4 5 -1  1
9912306960500960556
4 7 5 6 -1  1
9912467640646417397
0 4 3 4 -1  1
9912500169829047940
3 1 4 2 -1  1
9912517447096317338
2 2 4 1 -1  1
9913207010667611923
5 5 4 5 -1  1
9913227340913294633
1 1 2 2 -1  1
9913521110268921583
3 0 1 1 -1  1
9913668445931092290
4 7 3 6 -1  1
9913872075354594863
5 5 6 3 -1  1
9913920191538172499
7 2 6 1 -1  1
9913942000125281282
7 4 7 6 -1  1
9914334382288443796
6 2 7 1 -1  1
9914462953358465571
7 4 7 6 -1  1
9914638334270195289
4 2 3 3 -1  1
7 1 5 2 -1  1
9914825040869234435
6 1 5 1 -1  1
9914872081668328684
6 2 5 3 -1  1
9914910199141088101
6 5 5 5 -1  1
9914934424758638664
7 7 6 6 -1  1
9914982863262546952
6 6 5 7 -1  1
9915313130068055484
5 2 7 4 -1  1
9915412172206801010
7 4 6 4 -1  1
9915562900466504286
5 4 4 4 -1  1
9915589835271457137
5 6 4 7 -1  1
9915661480744161994
7 3 5 1 -1  1
9915667400169663534
5 5 6 5 -1  1
9915801313842085778
4 5 3 6 -1  1
9916255401644024906
6 3 7 1 -1  1
9916419609550539591
7 5 5 7 -1  1
9916518360942204325
5 7 4 7 -1  1
9916730657991943346
6 2 6 3 -1  1
9916746220442603949
6 4 5 5 -1  1
9916778061554574186
7 5 7 3 -1  1
9916848078896320917
4 0 3 0 -1  1
9916857034112600361
7 2 4 5 -1  1
9916950207741377404
7 5 4 5 -1  1
9916956994577175044
3 1 2 3 -1  1
9916963750883392066
6 7 5 7 -1  3
9917174781966051015
7 5 3 5 -1  2
9917194468488794372
3 2 3 1 -1  1
9917196992370509503
7 5 5 3 -1  2
9917439290129538116
7 3 7 1 -1  1
9917463195680039074
6 6 3 3 -1  1
9917666674486741064
6 3 4 4 -1  1
9917810653441187387
3 2 2 1 -1  1
9917822101818537578
6 5 4 5 -1  2
9918015187191796744
7 2 7 3 -1  1
9918154192156422231
5 3 5 6 -1  1
9918591062918683609
6 2 4 3 -1  1
9918702616814118399
7 4 6 4 -1  1
9918787204292575186
5 5 3 4 -1  1
9919359269474002909
6 2 5 3 -1  1
9919413584396777013
6 1 5 1 -1  1
9919490530338517254
7 1 7 2 -1  1
9919619266074659549
5 3 4 3 -1  1
9919791806446144133
5 6 4 6 -1  1
9919826039792939292
7 5 7 4 -1  1
9919904808678769445
5 7 7 5 -1  1
9919989519880462605
0 0 0 5 -1  1
9920028669605215133
7 4 5 4 -1  1
9920053956605675177
7 6 6 6 -1  1
9920112049891984582
6 6 7 4 -1  1
9920523415360844972
7 4 7 6 -1  1
9920624263407163974
6 3 7 2 -1  1
9920633987007569183
6 4 5 3 -1  1
9920663153215939571
6 4 5 5 -1  1
9920766491135428586
7 6 3 6 -1  1
9920877865759656823
6 4 4 2 -1  1
9920972389856516490
4 3 5 5 -1  1
9921237686765841199
6 1 7 0 -1  1
9921526649253411745
0 0 0 3 -1  1
9921536739903978338
2 3 3 4 -1  1
9921786678054468255
6 3 4 2 -1  1
9921825302216100630
0 3 6 3 -1  1
9921912048427163860
6 5 5 5 -1  1
9922054045614432655
7 2 6 3 -1  1
9922063998218765946
7 5 5 3 -1  2
9922203719001514074
6 4 7 3 -1  1
9922354143322182757
5 5 4 4 -1  1
9922696673303384109
3 1 2 2 -1  6
9922714797002281900
7 3 5 1 -1  1
9922809087552035020
4 2 5 4 -1  1
9923209275678341226
1 6 0 5 -1  1
9923296205425111631
4 2 4 1 -1  1
9923347956513138571
7 6 7 7 -1  1
9923441647668476986
7 1 5 2 -1  1
9923484129633289863
4 0 3 0 -1  1
9923496914960823402
6 2 5 3 -1  1
9923588703569335577
7 6 6 6 -1  1
9923629101327921683
4 4 1 4 -1  1
9923637045215232338
4 2 6 4 -1  1
9923691738487720139
6 2 5 2 -1  1
9923713113415309531
7 2 1 2 -1  1
9923822057561553602
5 3 6 2 -1  1
9923933238131997015
4 3 5 4 -1  1
9923947747904405230
6 0 2 0 -1  1
9923980380486181612
7 1 6 3 -1  1
9924368845244582460
1 3 1 0 -1  1
9924371841051372167
4 2 3 2 -1  1
9924375338115940032
7 2 6 1 -1  1
9924566801601996133
6 6 5 5 -1  1
9924594179933953338
6 1 5 2 -1  1
9924618790156453412
7 4 3 4 -1  1
9925003004371355484
7 6 7 3 -1  1
9925143687708466345
7 0 7 3 -1  1
9925234918536632059
7 5 5 5 -1  1
9925310764897315198
4 7 5 6 -1  1
9925522720542043329
6 3 5 5 -1  1
9925563241594843433
7 1 5 0 -1  1
9925809601788445325
4 2 2 3 -1  1
9925825220064508047
6 5 5 5 -1  1
9925835212493942963
6 5 5 5 -1  1
9925839401340325690
4 1 0 1 -1  1
9926116449693239877
1 0 1 1 -1  1
9926688951121071560
6 6 5 5 -1  1
9926716479123131355
5 5 3 4 -1  1
9926790133220211266
3 1 0 1 -1  1
9926955026784056065
5 7 3 5 -1  2
9926976423617323071
6 2 6 3 -1  1
9927059534730423055
4 0 6 2 -1  1
9927064582802833185
5 2 3 1 -1  1
9927163899840321641
6 2 5 2 -1  5
7 4 7 6 -1  6
9927195834329990583
4 4 3 4 -1  1
9927251385891758994
5 3 5 5 -1  1
9927260431893847720
7 4 7 6 -1  1
9927836336924757055
4 0 3 0 -1  1
9927863205910012863
6 3 4 3 -1  1
9927908790189978347
7 0 7 4 -1  1
9927975443218076159
4 2 3 4 -1  1
9928136732452028357
6 3 4 2 -1  1
9928242617746797441
7 5 5 6 -1  1
9928261731185337184
3 4 2 4 -1  1
9928320614859935320
4 3 3 4 -1  1
9928601591375332348
7 0 7 2 -1  1
9928774743553925896
6 5 4 5 -1  1
9929194447914777535
1 2 2 2 -1  1
9929222084709602216
6 5 5 4 -1  1
9929276612902967123
6 7 4 7 -1  1
9929800761015371897
6 3 7 4 -1  1
9929813533249064426
2 5 2 2 -1  1
9929972780720250511
3 1 1 3 -1  1
9930075025211369449
5 0 5 1 -1  1
9930246977954331877
7 3 5 5 -1  1
9930252497766448388
7 0 7 4 -1  1
9930472233971530620
5 3 6 3 -1  1
9930568285709284110
3 1 5 0 -1  1
9930747728747883416
7 3 4 6 -1  1
9930753221533536732
4 1 3 1 -1  1
9930807219593698760
5 1 6 2 -1  1
9930809204852218190
7 3 5 1 -1  1
9930822626403929055
7 4 7 6 -1  1
9930915488401371327
4 0 3 0 -1  1
9931051359593187354
1 7 4 4 -1  1
9931093547685667362
7 2 6 3 -1  1
9931116389242203746
6 3 4 2 -1  1
9931498405978393804
6 0 5 0 -1  1
9931556155775596247
4 2 4 0 -1  1
9931647418919280002
6 2 5 2 -1  1
9931653986153326825
6 4 7 3 -1  1
9931911728517533725
6 4 5 5 -1  1
9931992938621166387
3 0 2 0 -1  1
9932085660356135497
6 6 5 5 -1  1
9932171871964519787
7 6 6 6 -1  1
9932211594225484158
7 4 7 1 -1  1
9932220181947081565
2 6 2 4 -1  1
9932491060701369932
3 3 4 3 -1  1
9932735331227537433
7 1 7 0 -1  1
9932810230147790733
5 3 4 3 -1  1
9932865122605894921
4 2 3 3 -1  1
9932924247436575565
3 7 2 6 -1  1
9933182280282719237
4 0 3 0 -1  1
9933245540466472615
4 6 2 6 -1  1
9933446023297081427
0 4 1 6 -1  1
9933889958655925552
4 3 5 2 -1  2
9933976674330297091
2 6 4 4 -1  3
9934050347742004893
7 3 4 3 -1  1
9934501802265789843
4 5 5 4 -1  1
9934570605579523700
3 2 4 1 -1  1
9934638914333084401
4 7 3 7 -1  1
9934719068472917042
2 0 1 1 -1  1
9934861132945216650
7 3 4 0 -1  1
9935140919080140246
6 3 6 2 -1  1
9935291459253152166
6 7 5 7 -1  1
9935372057528863953
4 5 2 5 -1  1
9935834051706163803
3 7 6 4 -1  1
9936203689176558746
5 1 4 2 -1  1
9936247582357337376
2 3 1 2 -1  1
9936358126270005296
7 4 7 6 -1  1
9936416310364338985
7 5 7 3 -1  1
9936464182351563964
7 7 7 5 -1  1
9936707286303728004
6 4 7 5 -1  1
9936839939710010598
2 3 2 0 -1  1
9936952589056730640
6 4 7 3 -1  1
9937092427770258076
7 3 7 2 -1  1
9937139926584500983
7 5 5 3 -1  1
9937361014245189979
6 5 5 5 -1  1
9937497552911745874
1 1 0 1 10  1
9937560863782135382
3 1 3 2 -1  1
9937772667681465069
7 5 7 3 -1  1
9937915510824403458
4 2 2 1 -1  1
9937988791749747823
6 6 7 6 -1  1
9938052110493899472
5 3 4 5 -1  1
9938322124181190030
5 7 2 7 -1  1
9938387418481031129
7 5 6 4 -1  2
9938411360198384860
3 4 4 6 -1  1
9938542511319639995
7 4 4 7 -1  1
9938737963174427644
3 4 5 4 -1  1
9938750334015454845
4 3 3 2 -1  1
9938798743310806912
4 1 3 2 -1  3
9939012049713689836
5 4 5 5 -1  1
9939623320855157522
5 5 6 4 -1  2
9939756773279320316
6 3 5 3 -1  1
9939903036255682250
4 4 3 5 -1  1
9940103532421375712
2 1 2 3 -1  1
9940338756472046033
5 3 1 7 -1  1
9940376474392117438
7 2 6 1 -1  1
9940606344545430758
5 5 3 6 -1  3
9940639029488310382
3 0 2 0 -1  1
9940686550871794008
4 0 4 1 -1  1
9940869065525530874
6 2 5 3 -1  2
9940952647103716590
4 5 3 4 -1  2
9940974331599180006
6 3 5 3 -1  1
9941035670391064147
6 6 5 6 -1  1
9941084495651135671
6 1 4 3 -1  1
9941104510307729797
7 2 3 6 -1  1
9941161777047538690
7 6 7 7 -1  1
9941420461432366507
6 2 6 4 -1  1
9941512740579171826
5 0 4 2 -1  1
9941586697707745569
4 1 3 1 -1  1
9941761045032958617
6 1 3 4 -1  1
9941768957762268057
4 0 4 2 -1  1
9941995530014997581
6 3 4 3 -1  1
9942284430444187840
6 6 5 5 -1  1
9942351459125443015
7 5 6 5 -1  1
9942443443858775553
6 3 5 2 -1  1
9942446159426815854
4 4 3 4 -1  1
9942602501294616451
2 6 7 1 -1  1
9942708319828507298
6 4 4 2 -1  1
9942816865168768155
5 3 5 5 -1  1
9942929121531762279
6 3 5 5 -1  1
9942983750480691840
7 2 6 3 -1  1
9943074364626014679
7 3 4 6 -1  1
9943134056576208793
5 3 6 2 -1  1
9943304847050164197
5 2 4 3 -1  1
9943370843539838445
5 2 4 2 -1  1
9943384393445217575
7 3 1 3 -1  1
9943398716754063301
5 5 6 4 -1  3
9943487869358643392
7 6 6 5 -1  1
9943502017083096142
5 2 4 2 -1  1
9943531052287318906
7 5 7 3 -1  1
9943686998170084456
5 3 4 2 -1  1
9943701607658350276
1 1 1 4 -1  1
9943917053163763547
5 4 3 6 -1  1
9944000947832821121
7 5 6 4 -1  1
9944086861471929801
4 4 3 4 -1  1
9944172282519062264
6 2 4 2 -1  1
7 1 6 3 -1  1
9944187869400565788
3 0 2 0 -1  3
9944189220920492844
5 4 4 3 -1  1
9944282031441007679
5 3 2 0 -1  1
9944307512531617720
7 6 7 7 -1  2
9944327488582293284
7 4 7 6 -1  3
9944372321539145636
3 1 2 1 -1  1
9944423139960402726
7 2 5 4 -1  1
9944548689222389019
4 3 4 2 -1  1
9944846559659624006
1 2 1 3 -1  1
9944850968341909176
5 4 4 5 -1  1
9944953321064967117
3 2 2 4 -1  1
9945042587469617106
5 0 4 0 -1  1
9945236909475469942
7 6 5 5 -1  2
9945307093355634754
4 1 3 1 -1  1
9945522528416203869
7 4 7 2 -1  1
9945574136615648291
6 6 5 6 -1  1
9945692014346837291
4 5 6 5 -1  1
9945702997140305465
6 3 5 4 -1  1
9945745662325779050
7 1 5 1 -1  1
9945788042212752138
6 4 6 3 -1  1
9946123644482780935
6 3 3 0 -1  1
9946156255871836625
5 2 4 2 -1  2
9946201711323529897
6 1 5 2 -1  1
9946252647346737511
6 0 5 1 -1  1
9946380139677468558
6 3 5 4 -1  1
9946384088146598495
7 3 6 4 -1  1
9946760661472951332
4 3 2 2 -1  1
9946857117666544303
4 2 3 4 -1  1
9947048348110044172
5 5 4 3 -1  1
9947264125140764022
6 5 5 6 -1  1
