9947270947518253382
7 4 7 6 -1  1
9947271059549271207
7 2 6 1 -1  1
9947346177327542951
3 5 2 6 -1  1
9947396514828955385
6 7 5 6 -1  1
9947435429288553658
6 3 4 1 -1  1
9947443655478720756
5 3 2 6 -1  1
9947633504214992829
6 0 4 0 -1  1
9947696596569500698
5 0 4 1 -1  2
9948048317371292028
4 4 5 3 -1  1
9948118694275174965
1 5 3 3 -1  1
9948199643625833470
6 0 4 1 -1  1
9948236190491274181
3 1 3 0 -1  1
9948488239000999892
6 3 5 5 -1  1
9948532145543730227
2 7 1 6 -1  1
9948546173424522031
1 7 6 7 -1  1
9948905329924733464
3 4 2 3 -1  2
9949100031151903258
6 5 6 7 -1  1
9949109342619115985
7 3 5 5 -1  1
9949344343070206529
5 7 3 5 -1  1
9949389436696808704
6 7 5 7 -1  1
9949533289857879470
4 4 3 4 -1  1
9949574136614135129
5 2 4 2 -1  1
9949587875084310316
7 2 0 2 -1  1
9949592289331028779
5 5 4 4 -1  1
9949676135829587280
6 5 7 3 -1  1
9949722323516016761
7 4 7 6 -1  1
9949787028796829727
7 1 5 2 -1  8
9950309278819337411
7 6 5 5 -1  1
9950347458484957974
7 2 6 1 -1  1
9950360982867398857
7 0 7 2 -1  1
9950376148012536015
3 2 2 1 -1  1
9950400254558319989
6 3 6 4 -1  1
9950410949114063567
6 6 4 4 -1  1
9950521426467106009
5 1 2 1 -1  1
9950553145992163642
5 5 4 6 -1  1
9950575919357400294
5 6 4 5 -1  1
9950681020072279321
1 7 3 7 -1  1
9950925202587541841
4 7 4 6 -1  1
9951265558852835448
5 2 4 2 -1  1
9951353856048233562
5 2 6 4 -1  1
9951473036127371335
5 7 5 5 -1  1
9951482443119783089
5 4 4 3 -1  1
9951491216363719162
5 2 3 0 -1  1
9951580160311920843
6 4 6 3 -1  1
9951699787296157533
3 5 2 6 -1  1
9951789490791414515
5 2 6 4 -1  3
9951970379242166991
7 2 7 5 -1  1
9952235282039904902
7 5 7 4 -1  1
9952361722060736690
6 4 4 6 -1  1
9952484797492301261
5 5 4 4 -1  1
9952762031866963641
5 2 6 3 -1  1
9952922729779354412
5 0 4 0 -1  1
9953112884551925194
4 1 7 1 -1  1
9953201470462523444
1 2 1 1 -1  1
9953243140989135260
5 5 4 3 -1  1
9953252500387548585
7 5 7 4 -1  1
9953300755164780959
7 6 7 7 -1  1
9953436566779584737
4 3 3 3 -1  1
9953597090990853264
7 5 6 5 -1  1
9953717693742586903
2 2 5 2 -1  1
9953878537365623161
5 5 3 6 -1  1
9953881066745413517
7 5 7 2 -1  1
9954075704252693532
4 3 2 2 -1  1
4 3 5 1 -1  1
6 2 4 2 -1  1
7 4 7 6 -1  1
9954193553948265314
5 4 4 4 -1  1
9954550482503672199
5 2 2 2 -1  1
9954609562532381338
5 2 4 2 -1  1
9954660419941535338
7 4 6 2 -1  1
9954719911523556454
6 6 5 6 -1  4
7 5 4 2 -1  2
9954816796517320188
4 1 3 0 -1  1
9954901606836800870
6 1 4 1 -1  1
9954916639889470392
7 0 7 3 -1  1
9954924170751553532
3 6 2 6 -1  1
9954947800288562592
7 5 7 2 -1  1
9955104234715458283
5 5 6 7 -1  1
9955230690775571669
7 4 7 6 -1  1
9955291960497292137
1 3 1 6 -1  1
9955464973858421748
6 5 1 0 -1  1
9955604811782990936
5 5 6 3 -1  1
9955631728154926356
5 5 4 4 -1  1
9955795842903082207
3 4 0 4 -1  1
9955797973113166503
5 3 6 2 -1  1
9956172284122936051
3 6 4 4 -1  1
9956202442869270499
3 2 4 4 -1  1
9956523905940498632
5 4 4 4 -1  1
9956561235525829737
1 7 3 6 -1  1
9956613902999338011
1 7 5 7 -1  1
9956735814299645933
4 5 3 4 -1  1
9956780828753596581
3 2 2 0 -1  1
9956884174977965076
3 6 5 5 -1  1
9957033934997193438
4 4 3 5 -1  1
9957134062289796257
6 4 5 6 -1  1
9957222817433495886
6 0 6 5 -1  1
9957275492571186584
7 5 7 4 -1  1
9957323530512903936
7 2 6 3 -1  1
9957420431376523477
7 0 2 5 -1  1
9957431135011119748
5 1 4 3 -1  1
9957855295177389340
7 2 5 4 -1  1
9958073960054827073
1 2 0 2 -1  1
9958078149310879392
2 3 5 6 -1  1
9958166165855685321
7 4 7 5 -1  1
9958238058130107143
7 1 6 3 -1  1
9958289968546726538
3 1 6 4 -1  1
9958347111619048548
0 3 0 1 -1  1
9958375854788665097
5 6 5 1 -1  1
9958471784786685979
5 7 5 6 -1  1
9958773297552352645
7 0 7 1 -1  1
9958933511958335662
7 0 0 0 -1  1
9958970444728701101
7 6 7 5 -1  2
9959611463578180836
6 7 5 7 -1  1
9959946806678405004
3 4 5 5 -1  1
9960143003432133694
4 4 1 1 -1  1
9960605983928744487
7 6 6 4 -1  1
9960866017833582774
6 6 5 5 -1  1
9960889402602834066
6 2 4 2 -1  2
9961019495071608354
6 6 5 6 -1  1
9961166951985448056
6 3 4 4 -1  1
9961220701049085206
6 7 5 7 -1  1
9961240272956534546
6 7 5 6 -1  2
9961479194286569883
6 2 7 1 -1  1
9961847277588858438
4 0 3 0 -1  1
9962105479136426855
3 2 0 5 -1  1
9962277745261586810
1 2 2 2 -1  1
9962383422811118722
5 6 4 7 -1  1
9962386814223381057
4 6 4 4 -1  1
9962553719669413576
6 3 5 2 -1  1
9962960471922541317
6 6 5 6 -1  1
9963002698424378612
6 6 7 6 -1  1
9963120533728681451
5 3 5 4 -1  1
9963398576845584384
7 1 3 1 -1  1
9963444842928433422
3 5 5 4 -1  1
9963462251252012545
7 5 7 4 -1  1
9963661185747833183
0 4 1 5 -1  1
9963884933383237099
3 2 4 4 -1  1
9964066722132702347
7 1 5 2 -1  2
9964194010753948092
5 1 4 2 -1  1
9964227585702216557
3 2 6 2 -1  1
9964696773186529164
7 4 7 6 -1  1
9964749856125213655
2 5 3 5 -1  1
9964911721850284418
6 6 7 6 -1  1
9964952700639302246
6 3 5 4 -1  2
9965109271126237623
7 7 4 7 -1  1
9965281601642054067
4 3 2 2 -1  1
9965354774812906211
1 0 1 1 -1  1
9965389468913511228
5 3 4 2 -1  1
9965537873775954821
6 6 5 5 -1  1
9965782768120667991
5 5 3 6 -1  1
9965853821600137327
5 0 4 0 -1  1
9965933255437890623
6 5 5 4 -1  1
9966081638185495479
4 4 3 4 -1  1
9966143459905641445
4 6 3 7 -1  2
9966243611847860393
7 6 6 5 -1  1
9966249754805834739
4 1 2 3 -1  1
9966290396348122660
6 4 4 3 -1  1
9966312399185322000
6 2 5 4 -1  1
9966682903944379880
3 3 2 5 -1  1
9966774128248336385
1 1 4 4 -1  1
9966966612563414055
7 5 5 4 -1  1
9967162091873368115
2 1 2 6 -1  1
9967194435310073834
6 4 4 4 -1  1
9967837462935485266
3 1 3 5 -1  1
9967886620848487628
7 2 6 3 -1  1
9967920076796417607
3 4 4 6 -1  1
9967972538590591939
4 0 3 0 -1  1
9968003884692821853
3 6 7 2 -1  1
9968052757026136881
7 2 5 4 -1  1
9968124393522728088
5 2 4 2 -1  1
9968237778334306770
5 7 2 4 -1  1
9968529050267351298
2 5 3 6 -1  1
9968621316097787428
5 5 4 5 -1  1
9968868713737155533
6 3 5 2 -1  1
9968895086634103758
0 7 0 3 -1  1
9969018710720766606
7 0 6 1 -1  1
9969033722661558718
7 7 7 6 -1  1
9969348629951388439
7 2 6 1 -1  1
9969395989401846070
2 2 1 3 -1  1
9969452467029335255
6 2 6 5 -1  2
9969453090608711965
7 6 6 6 -1  1
9969531491306362014
2 3 1 3 -1  1
9969597635104566161
6 3 6 2 -1  1
9969779587568244096
3 1 4 2 -1  1
9969984293578701739
5 3 6 5 -1  1
9970092929931255891
6 6 7 5 -1  1
9970314960780851577
4 1 3 2 -1  1
9970315596355996957
7 2 0 2 -1  1
9970397963824212611
1 4 4 7 -1  4
9970471663399185342
3 2 2 1 -1  1
9970595262257178967
1 3 4 6 -1  2
9970686281996593327
5 4 6 5 -1  1
9970814628638283485
6 3 5 4 -1  1
9970841998498268840
6 3 5 4 -1  1
9970955411095386453
6 3 3 6 -1  1
9970957399911116296
7 5 6 5 -1  1
9971085924196366698
6 2 6 3 -1  1
9971529518726361872
2 2 0 2 -1  1
9971614701497691973
5 4 4 6 -1  2
9971693278983538310
4 2 3 2 -1  1
9971856991961130607
4 2 6 0 -1  1
9972146382235938051
5 0 5 7 -1  1
9972344975482246270
3 3 2 3 -1  1
9972430855404180902
3 3 7 3 -1  1
9972721417487631976
7 4 7 6 -1  1
9972760134056536734
6 5 4 5 -1  1
9972926139117095565
6 2 7 3 -1  1
9973165135595247087
7 6 6 7 -1  1
9973335768567706928
5 5 6 3 -1  1
9973337136434878158
6 2 6 1 -1  1
9973527211154498819
7 0 7 2 -1  1
9973775039966063844
5 3 3 3 -1  1
9973812220058856632
1 3 0 2 -1  1
9973860904378381924
6 1 7 0 -1  1
9974073839181569554
7 2 6 3 -1  3
9974204893335423508
5 7 5 6 -1  1
9974229974986560264
5 2 0 2 -1  1
9974242416914488721
7 3 7 1 -1  1
9974532446458470674
6 3 2 7 -1  1
9974563184796112694
5 4 4 3 -1  1
9974755032417638946
6 7 5 7 -1  1
9974913837715403338
4 3 3 2 -1  1
9975019654237693925
2 2 2 0 -1  1
9975112494800444092
6 1 5 2 -1  1
9975132131151996690
4 5 3 6 -1  1
9975478905602838626
6 6 5 6 -1  2
9975834138489902554
5 2 6 3 -1  1
9976043834604439363
7 0 7 3 -1  1
9976122341781985286
5 4 4 3 -1  1
9976226336716991859
5 2 4 2 -1  1
9976243662175398998
7 0 7 1 -1  1
9976371107614222748
6 4 5 4 -1  2
9976539067061924766
6 3 4 4 -1  1
9976646729268795241
2 1 4 2 -1  1
9976727710184897134
7 0 7 1 -1  1
9976731193329538661
4 0 3 0 -1  3
9976813120850070368
6 1 4 1 -1  1
9976973786037191944
6 5 4 5 -1  1
9977026657432375882
4 4 3 4 -1  1
9977077186362981598
7 6 6 7 -1  1
9977209442881637354
5 6 5 5 -1  1
9977217707202262591
6 5 5 5 -1  1
9977232163506147639
0 0 3 0 -1  1
9977238219402653657
6 2 6 1 -1  1
9977272199825867374
3 0 1 0 -1  1
9977484335893250536
6 1 4 3 -1  1
9977593814369859720
6 1 6 2 -1  1
9977790338779937853
2 2 4 4 -1  1
9977847394938617762
5 6 7 7 -1  2
9978072257117486278
7 6 6 5 -1  1
9978098209716688710
3 6 5 5 -1  1
9978310483567991461
7 4 7 3 -1  1
9978536135241367717
7 7 7 4 -1  1
9978541958126296002
0 5 0 6 -1  1
9978581350730045404
5 3 4 5 -1  1
9978751901227818870
6 4 5 3 -1  2
9978757733797282535
6 1 1 6 -1  1
9978792043142038353
7 1 5 1 -1  1
9978953903997272944
6 5 5 5 -1  1
9979001794485505179
5 7 3 7 -1  1
9979045536864651643
7 6 6 5 -1  1
9979072194603501094
2 2 3 3 -1  1
9979107322888674054
3 3 5 4 -1  1
6 4 4 4 -1  1
9979143560930737357
6 3 5 2 -1  2
9979157761221633921
7 5 6 3 -1  1
9979184740670487946
2 2 1 1 -1  1
9979198784494244359
6 0 3 3 -1  1
9979664304916794673
7 2 4 5 -1  1
9979675868519613619
6 7 4 6 -1  1
9979804442082004280
7 1 7 2 -1  1
9979827591450281735
5 3 5 2 -1  1
9979880064416385358
7 5 4 2 -1  1
9980459629513600567
4 4 3 3 -1  6
7 5 3 1 -1  1
9980500960194622119
6 2 5 1 -1  1
9980608678963265257
4 7 3 6 -1  1
9980622981844315609
7 1 5 2 -1  1
9981621080531236681
4 2 7 2 -1  1
9981632409677011501
7 5 7 6 -1  1
9981671129750888871
2 1 1 3 -1  1
9981719502446742836
6 0 4 0 -1  1
9981751823110084909
6 1 4 1 -1  2
9981776421663646840
4 5 3 5 -1  1
9981817892938352360
7 3 4 0 -1  1
9981862428948621653
6 1 7 2 -1  1
9982261652892114569
6 5 2 1 -1  1
9982387264610651735
6 1 6 3 -1  1
9982389193906396250
6 5 7 3 -1  1
9982466904019994421
5 5 4 7 -1  1
9982600632530339777
6 4 5 5 -1  5
9982913569057817741
7 1 5 0 -1  1
9983105938969451760
6 7 6 6 -1  1
9983223901415168863
6 6 5 6 -1  1
9983267837122360126
6 7 5 7 -1  1
9983277999088667539
7 0 2 0 -1  1
9983436095717784147
6 1 5 1 -1  1
9983458004389355800
6 5 6 4 -1  1
9983491856058795939
6 3 4 4 -1  1
9983680526543124077
6 7 5 7 -1  2
9983831413903932387
7 7 3 7 -1  1
9983847072189346125
4 3 3 4 -1  1
9983872297539337028
1 6 1 3 -1  1
9984067486781873255
2 5 6 5 -1  1
9984226711757008125
6 5 5 4 -1  1
9984250010559594521
6 2 7 1 -1  1
9984254582312885575
6 6 4 4 -1  1
9984371679703802204
7 4 7 6 -1  1
9984457893988004239
7 6 6 7 -1  1
9984768621276906644
2 1 1 2 -1  1
9984898929352123804
7 6 5 5 -1  5
9985184522809333622
1 5 0 4 -1  1
9985283566160486090
6 0 5 0 -1  1
9985412721938533531
6 5 5 5 -1  1
9985495888379599260
2 2 2 1 -1  1
9986189404998936727
5 1 2 4 -1  1
9986629546244179755
7 3 7 1 -1  1
9986805257321618009
4 0 3 0 -1  1
9986816819884928350
5 4 7 4 -1  1
9986959107670267440
6 6 7 6 -1  1
9986967441464547821
4 2 6 1 -1  1
9987105140762339971
6 2 5 1 -1  1
9987142280375425032
6 1 4 1 -1  1
9987198105066389679
7 2 7 4 -1  1
9987266204162743851
3 0 6 3 -1  1
9987298096696706414
4 6 3 6 -1  1
9987470982023431741
6 2 4 2 -1  1
9987516871081514768
7 2 6 3 -1  1
7 5 4 2 -1  1
9987735465890822218
4 2 3 2 -1  1
9988012200561231341
2 0 2 1 -1  1
9988014361770831038
3 1 2 2 -1  1
9988186245714224388
5 4 5 1 -1  1
9988201183153955040
6 3 5 3 -1  1
9988235448159891003
6 2 5 0 -1  1
9988347491041232295
4 0 3 0 -1  1
9988423203876363388
7 5 6 4 -1  1
9988507390423951015
7 2 7 3 -1  1
9988621513924462878
5 1 4 3 -1  1
9988623441708186656
5 5 4 7 -1  1
9988625285946125245
1 3 1 1 -1  1
9988790353099720572
7 2 7 0 -1  1
9988948931666696691
7 6 6 6 -1  1
9988998230779983516
5 2 4 2 -1  1
9989154175953525661
7 2 7 0 -1  1
9989193646551600712
5 6 4 4 -1  1
9989214100434533424
2 6 1 6 -1  1
2 6 2 0 -1  1
9989546891700275867
6 0 4 0 -1  1
9989823083970987212
7 4 7 6 -1  1
9989895170549183578
4 4 5 3 -1  1
9989903230891471521
4 7 3 6 -1  1
9989929049968638180
7 1 5 2 -1  3
9990075693038755884
6 7 5 7 -1  1
9990301131771971326
4 5 2 3 -1  1
9990405226102049796
7 3 0 3 -1  1
9990551625960807976
2 1 1 1 -1  1
9990742906438909486
7 3 5 1 -1  1
9990932658879301772
7 4 5 4 -1  1
9990985322602011931
6 0 5 0 -1  1
9991024366897269364
4 6 4 5 -1  1
9991030929335496186
7 6 6 7 -1  1
9991046041119536443
6 0 5 0 -1  1
6 3 4 3 -1  2
9991456464080788091
7 6 7 7 -1  1
9991764798073435008
4 3 5 5 -1  1
9991897517498368331
7 3 5 1 -1  1
9991986046535981261
5 6 4 6 -1  1
9992035048450550051
7 4 6 3 -1  1
9992147884480129540
6 3 7 2 -1  1
9992231074263859227
4 2 3 3 -1  1
9992458736189940617
7 0 7 2 -1  1
9992502654066630040
1 2 1 4 -1  1
9992554128520058870
2 0 3 1 -1  1
9992785753417871153
5 5 6 5 -1  1
9992877544523777754
6 3 4 1 -1  1
9993177401122993900
7 3 0 3 -1  1
9993352424359404083
5 3 6 4 -1  2
9993388379156599857
5 4 3 2 -1  1
9993388878647729146
6 7 4 7 -1  1
9993514250747514387
7 4 7 5 -1  1
9993529902447183757
7 5 6 6 -1  1
9993579691622822332
6 7 5 7 -1  1
9993741804173328255
7 1 5 2 -1  1
9993878253807252793
6 5 6 4 -1  1
9994338030782565885
4 5 4 4 -1  1
9994710269541896382
7 7 4 7 -1  1
9994745454658563718
2 5 2 4 -1  1
9994807806849705115
7 4 6 4 -1  1
9994864895248572256
7 3 6 3 -1  1
9995038711534016092
6 4 4 4 -1  1
9995064181980678914
4 4 3 5 -1  1
9995255954634482857
5 3 1 7 -1  1
9995278622633235529
7 3 6 4 -1  1
9995312718999151541
5 5 7 6 -1  1
9995859200534077666
7 4 7 6 -1  1
9996059569271769893
7 4 6 4 -1  1
9996252535356206177
6 3 2 7 -1  1
9996263422150840502
4 3 2 2 -1  1
9996283684834826005
1 0 6 5 -1  1
9996347895164329014
0 5 1 5 -1  1
9996402483793427257
6 4 6 3 -1  1
9996511735064355640
1 0 4 3 -1  1
9996533815050582374
5 5 7 4 -1  3
9996568890544830575
5 6 3 5 -1  1
9996702233946512840
7 6 6 7 -1  1
9996866760085167608
4 1 4 2 -1  1
9996901383833609133
7 4 7 2 -1  1
7 5 4 2 -1  1
9997000745530175722
6 7 4 7 -1  1
9997191439132285880
3 2 2 1 -1  1
9997550897717819660
6 5 5 4 -1  1
9997711144967740506
3 7 2 6 -1  1
9997763444483277585
4 1 3 1 -1  2
9998019626449736882
7 1 7 2 -1  1
9998039398309696763
4 3 3 4 -1  1
9998265872157246759
3 0 2 2 -1  1
9998273248477121525
7 3 4 0 -1  1
9998274607046672471
7 2 7 3 -1  1
9998483198267020173
4 5 3 6 -1  1
9999002337181724487
6 4 4 3 -1  1
9999060429310842802
5 3 3 1 -1  1
9999062356259097341
4 4 3 6 -1  1
9999090921924443553
5 2 1 2 -1  1
9999108400386952700
5 1 5 0 -1  2
9999114754528739375
7 2 6 3 -1  1
9999134551921843605
3 3 6 0 -1  1
9999228928895483435
7 3 3 7 -1  1
9999349927746281855
4 7 3 6 -1  1
9999360266499270604
0 3 3 3 -1  1
9999635106370429623
7 3 0 3 -1  2
9999654865506090097
5 1 1 5 -1  1
9999687277902264008
4 7 5 5 -1  1
9999855115185938876
5 5 5 6 -1  1
9999943565694681649
6 2 4 4 -1  1
10000393955137176925
3 6 2 5 -1  1
10000543810999812917
5 0 7 0 -1  1
10000710697440723528
7 6 6 6 -1  1
10000777679448414727
6 5 7 7 -1  1
10000861008993738872
5 5 5 3 -1  1
10000865599405765092
2 2 1 1 -1  1
10000995331200159703
6 0 4 0 -1  1
6 7 4 7 -1  1
10001048198089577218
6 5 4 4 -1  1
10001106815913547418
7 5 5 7 -1  1
10001118412684177400
6 5 5 4 -1  1
10001401548719035570
5 2 4 0 -1  1
10001721728804548477
5 5 7 4 -1  1
10001724953058947999
3 0 3 4 -1  1
10001777537991225717
4 3 4 1 -1  1
10001896254042662822
6 1 4 1 -1  2
10001998874084431089
6 6 5 6 -1  1
10002046336970690126
3 0 6 3 -1  1
10002049088092212376
4 2 3 1 -1  1
10002077628211344396
5 2 3 1 -1  1
10002439402753170468
5 4 4 4 -1  1
10002851214856187577
7 3 6 5 -1  1
10002897911907798462
5 2 4 1 -1  3
10002959747867751327
5 1 7 2 -1  1
10003291201901895344
5 7 4 7 -1  1
10003480959972343229
5 4 4 3 -1  1
10003860405871950002
6 7 3 7 -1  1
10003987364089226731
4 4 3 3 -1  1
10003991439427932394
6 1 6 3 -1  1
10003993281828343142
5 6 6 5 -1  1
10004026119794450234
7 2 5 4 -1  1
10004047083057578829
7 6 6 7 -1  1
10004142891513358326
6 7 5 6 -1  1
10004152687246706891
1 1 0 0 -1  1
10004163790556326503
5 3 3 2 -1  1
10004177469324428477
6 6 5 5 -1  1
10004219141147553663
5 1 3 2 -1  1
10004317610426048027
6 3 5 3 -1  1
10004423889010218732
7 6 7 7 -1  1
10004593127666972142
5 6 7 5 -1  1
10004594232732600186
4 7 6 5 -1  1
10004620713307671069
7 4 0 4 -1  1
10004664760666624831
6 0 7 2 -1  1
10004928659425634289
4 7 3 5 -1  1
10004967762082256789
4 2 3 2 -1  1
10005013687601408274
4 0 4 3 -1  1
10005072554200009821
6 4 4 6 -1  1
10005608680962965763
7 2 6 3 -1  1
10005911388644484016
6 7 5 7 -1  1
10005952108786160099
6 2 5 3 -1  1
10005985163804678914
7 5 7 6 -1  1
10006013464313554565
6 4 5 4 -1  3
10006174821358470676
6 1 4 3 -1  1
10006324435272941867
3 2 2 1 -1  1
10006715212221254492
3 7 0 7 -1  1
10006731959659896397
6 3 7 2 -1  1
10006990530948912038
7 6 3 6 -1  1
10007225360125759282
2 5 5 5 -1  2
10007236584152630402
3 6 4 7 -1  1
10007347082372783197
6 3 4 4 -1  1
10007551394634879696
7 1 5 2 -1  1
10007601933887231774
6 7 5 7 -1  1
10007745166967128236
5 3 4 3 -1  1
10007834466616582293
6 4 5 5 -1  1
10008372242389548390
7 5 5 5 -1  3
10008589387041954957
7 3 5 2 -1  1
10008607628323858795
4 6 3 4 -1  1
10008817850676654040
7 1 5 2 -1  1
10008905034847774070
6 3 5 4 -1  1
10009233898921432791
7 5 4 2 -1  1
10009298814703201405
5 1 4 2 -1  1
10009568519407796924
6 6 5 5 -1  1
10009601956278109497
6 2 4 2 -1  1
10009769800535058278
7 3 6 2 -1  1
10009834361103737865
4 6 0 6 -1  1
10010036338135046191
1 1 1 7 -1  1
10010110740254469457
7 6 6 5 -1  1
10010580563568628778
7 3 1 3 -1  1
10010613195380422036
4 1 3 0 -1  1
10010907683699064126
7 1 6 3 -1  1
10010954777069562929
3 0 2 0 -1  1
10011101100001459618
4 2 5 4 -1  2
10011122931521487218
7 2 6 3 -1  1
10011211721256846299
7 2 5 4 -1  1
10011304148828208303
4 0 3 2 -1  1
10011490077319618100
7 5 5 4 -1  1
10011557046619804011
6 3 5 4 -1  2
10011706539193133811
7 0 7 5 -1  1
10011707992013638198
6 6 7 5 -1  1
10011743067096906822
7 0 7 2 -1  1
10011793190687618944
7 4 6 3 -1  1
10011802810868958164
7 5 7 2 -1  1
10011811967079553480
5 7 4 7 -1  1
10011900058297985500
5 0 2 3 -1  1
10011991502239056342
6 1 4 1 -1  1
10012004804044245210
7 7 7 6 -1  1
10012177136084774982
4 0 3 2 -1  1
10012269605371077089
6 0 4 0 -1  1
7 2 5 4 -1  1
10012431140550777876
1 2 0 4 -1  1
10012636321624696689
4 3 3 2 -1  1
10012783046491518871
7 3 4 3 -1  1
10012923142816294255
7 4 6 6 -1  1
10012976397388525323
4 1 3 1 -1  1
10013079071830760227
4 3 3 2 -1  1
6 2 4 2 -1  2
6 2 5 2 -1  4
7 1 5 2 -1  1
10013280465824400796
7 1 5 2 -1  1
10013440564350636297
6 3 5 3 -1  1
10013500279446517062
5 6 4 7 -1  1
10013595140691596805
6 5 5 4 -1  1
10013681854621018165
7 3 6 3 -1  1
10013900080318530171
7 6 6 7 -1  1
10014047315381752714
7 1 5 1 -1  1
10014380683531227443
5 4 0 4 -1  1
10014411784933934086
6 4 4 4 -1  2
10014447064737699395
5 2 6 4 -1  1
10014755371261269932
6 5 7 5 -1  1
10014784404836421763
2 0 0 0 -1  1
10014802873251699497
6 1 4 3 -1  1
10014842239897090295
5 3 7 3 -1  1
10014965149253780189
5 4 4 4 -1  1
10015034408778078694
4 7 3 6 -1  1
10015214732639234304
6 4 4 2 -1  1
10015350582275382384
2 1 3 1 -1  1
10015440417602266852
6 4 4 2 -1  1
10015800037684086061
6 3 5 3 -1  2
10015830781154945552
7 3 7 2 -1  1
10015848194021981157
5 2 3 1 -1  1
10016075383843897735
4 3 3 2 -1  1
7 1 6 3 -1  1
10016210015543777565
7 2 7 1 -1  1
10016223252230508434
7 4 7 6 -1  1
10016344136882266115
3 1 2 2 -1  1
10016373167835854290
2 6 6 6 -1  1
10016468532922519006
6 4 6 3 -1  1
10016497158004194993
7 1 6 3 -1  1
10016500729354784843
5 7 3 5 -1  1
10016650834465537182
3 2 1 4 -1  1
10016664037950717064
5 2 6 1 -1  1
10016764183144830279
2 4 1 3 -1  1
10017056826039026201
4 4 5 6 -1  2
10017429819765529260
7 3 4 3 -1  1
10017543292022088287
7 6 5 5 -1  1
10017742864080041014
3 3 2 3 -1  1
10018435763289192049
6 7 4 7 -1  1
10018485589785770930
4 5 2 7 -1  1
10018786815770082923
6 5 7 4 -1  1
10018895727466417579
4 7 4 6 -1  1
10018955763101026919
5 1 4 1 -1  1
10019178134553820405
6 1 4 1 -1  1
10019510962332206322
6 1 5 2 -1  1
10019638410906365036
5 3 7 2 -1  2
10020043956567027388
5 3 3 4 -1  1
10020101157328526175
7 3 5 1 -1  1
10020123218240435369
3 4 2 4 -1  1
10020388106560172961
7 4 6 4 -1  1
10020406673505233500
5 2 5 4 -1  1
10020475358166406052
4 2 4 3 -1  1
10020648773629254058
7 1 6 3 -1  1
10020743298436054505
6 6 7 7 -1  1
10020911082162389378
7 6 7 7 -1  2
10021292354284510991
7 4 6 5 -1  1
10021347246606861526
7 1 5 2 -1  1
10021714649671792421
4 4 3 5 -1  1
10021796836689845203
7 3 4 3 -1  1
10021821785533383535
6 1 4 1 -1  1
10021881255920428660
2 7 1 7 -1  1
10022156241292587911
7 2 3 6 -1  1
10022359890655482351
0 0 4 0 -1  3
10022399912714221230
6 2 4 2 -1  1
10022451846183505705
1 0 2 0 -1  1
10022485996690379465
5 6 4 5 -1  1
10022859783860268556
6 2 5 2 -1  1
10022929931602252313
5 7 4 6 -1  1
10023210136692273686
5 6 4 5 -1  3
10023321335440826779
6 3 4 2 -1  1
10023365308091763501
7 0 1 0 -1  1
10023422986191543305
5 3 1 3 -1  1
10023467059480344597
5 3 4 3 -1  2
10023766665834162086
6 3 5 4 -1  3
10024062232447885505
7 0 7 1 -1  1
10024084708376705530
1 2 2 1 -1  1
10024192902142770286
7 6 5 5 -1  1
10024312418551577668
4 4 3 4 -1  1
10024325272046471316
3 6 7 2 -1  1
10024346036832694374
5 7 4 7 -1  1
10024406447720716050
3 7 2 7 -1  1
10024467600509664927
2 4 0 4 -1  1
10024634313562038226
4 2 3 1 -1  1
10024651019165813505
7 3 0 3 -1  1
10024998431855925463
5 5 4 5 -1  1
10025162971900601947
4 3 3 4 -1  1
10025252133125350664
3 0 2 0 -1  1
10025273101080105113
6 5 5 4 -1  3
10025283226759630725
4 0 3 1 -1  1
10025442707009768519
5 5 4 3 -1  1
10025584375066813716
7 4 7 6 -1  1
10025707996831760120
6 3 4 3 -1  1
6 3 5 3 -1  1
10025805738831861475
6 5 4 5 -1  1
10025809453350769158
4 7 3 7 -1  1
10026230381448087793
4 2 3 1 -1  1
10026409941320138101
7 3 6 4 -1  1
10026629582127568589
7 3 6 3 -1  1
10026767087402277956
4 6 6 5 -1  1
10026781073224097872
5 2 4 0 -1  1
10026854977778213494
6 6 5 7 -1  1
10027119722836727187
7 5 7 4 -1  1
10027210637683117291
6 0 5 0 -1  1
10027240434872561559
5 4 4 4 -1  1
10027338007603895115
3 6 2 5 -1  1
10027389713106332994
0 1 2 3 -1  1
10027425442178758829
1 5 2 6 -1  1
10027503078891491489
4 0 3 0 -1  1
10028218398099194825
7 5 6 4 -1  1
10028602666915444448
2 1 1 1 -1  1
10028677396059564894
5 0 5 3 -1  1
10028770704683798132
6 6 4 6 -1  1
10028805116343850779
6 1 6 3 -1  1
10028933590849960408
3 0 2 0 -1  1
10029074756799025298
6 7 4 7 -1  1
10029272538805324082
6 2 4 2 -1  1
6 4 4 4 -1  11
7 1 5 0 -1  1
10029311126673595179
5 6 4 6 -1  1
10029334207020880100
7 2 1 2 -1  3
10029383737563361157
6 6 5 6 -1  1
10029432475410582641
7 2 4 5 -1  1
10029557344641499447
6 7 5 6 -1  1
10029563511857372564
6 1 6 2 -1  2
10029715645356133909
7 0 7 1 -1  1
10029745586698286964
6 2 5 1 -1  1
10029802955046301864
5 5 3 4 -1  2
10029945127912167946
7 6 6 6 -1  1
10030265058388438759
7 0 7 3 -1  1
10030372323800362617
6 7 4 6 -1  1
10030426910275415644
7 4 7 6 -1  1
10030619942671281093
4 3 3 1 -1  1
10030703494150854349
5 1 3 2 -1  1
10030795477995234959
5 2 3 1 -1  1
10030865992370277616
5 5 4 3 -1  1
10030938695371048554
6 3 4 4 -1  1
10030994280274153805
2 1 2 5 -1  1
10031060127391434534
6 1 5 3 -1  1
10031445166464479760
7 5 6 6 -1  1
10031784876306552695
4 5 3 6 -1  1
10031888204758727792
6 4 5 2 -1  1
10031930885543123109
6 7 5 7 -1  1
10032155856911296739
7 5 7 3 -1  1
10032176750843263474
7 5 7 4 -1  1
10032259801119685315
5 6 4 5 -1  1
10032266763322972259
4 5 3 4 -1  1
10032343412890128684
7 6 7 5 -1  1
10032365186697512948
7 6 6 5 -1  1
10032489649924715210
6 4 3 7 -1  1
10032742942555215461
7 3 7 4 -1  1
10032913658452095309
7 3 3 3 -1  1
10032971228761275077
5 2 4 2 -1  1
10033105144378662628
3 0 4 0 -1  1
10033444043508903537
5 5 7 4 -1  1
10033448672133516370
7 1 5 2 -1  1
10033845688323705001
4 4 3 3 -1  1
10033856898699523541
5 3 4 3 -1  1
10033891628088866958
5 5 4 5 -1  1
10034014180995835699
6 7 5 7 -1  1
10034140348904322685
7 6 7 5 -1  1
10034144176711947372
7 5 7 2 -1  2
10034246064619066557
4 3 3 5 -1  1
10034359212763093937
1 5 3 4 -1  1
10034587575482771535
4 4 5 6 -1  1
10034717019553711234
7 3 4 0 -1  1
10034781457853651768
7 5 6 5 -1  1
10034783762351289531
5 1 3 1 -1  1
10034876532957941032
7 5 6 4 -1  1
10035055884719238959
5 2 4 3 -1  1
10035531045398055030
1 6 3 6 -1  2
10035535004006377245
5 1 6 1 -1  1
10035613332822360921
4 2 3 4 -1  1
10035781292532714982
5 1 6 2 -1  1
10035861624405430135
3 1 7 5 -1  2
10036180947194343363
7 6 7 7 -1  1
10036383804488976035
6 6 5 7 -1  1
10036416121491802190
4 7 3 5 -1  1
10036664465294895242
5 1 3 0 -1  1
10036738300338551295
7 0 7 2 -1  1
10037758606114655984
7 0 7 3 -1  1
10037811302883928031
4 3 4 0 -1  1
10038018052532898427
7 5 5 3 -1  2
10038174419926867582
4 0 3 0 -1  1
10038371377682187836
4 4 3 6 -1  1
10038551142800198835
4 5 3 4 -1  1
10038589172892420901
3 4 2 4 -1  1
10038633816447867122
3 1 5 3 -1  1
10038887610093510334
4 7 3 7 -1  1
10039079395263683241
6 4 7 6 -1  1
10039200387081041457
7 7 7 5 -1  1
10039254635019341818
1 2 2 0 -1  1
10039376738004400721
6 4 7 5 -1  1
10039816026708449947
5 6 5 5 -1  1
10039825552389310112
5 1 4 0 -1  1
10040046661943455659
4 2 7 2 -1  1
10040143029467441995
6 5 5 4 -1  1
10040240112800052315
7 7 7 6 -1  1
10040327399231878124
5 4 4 3 -1  1
10040373899667219712
3 4 2 4 -1  1
10040486354960500741
4 3 3 2 -1  1
10040855867798384043
0 6 0 4 -1  1
10040978543324257329
6 1 7 0 -1  1
10041059639217953749
6 1 1 6 -1  1
10041310766724980044
6 5 5 4 -1  2
10041396693137903667
7 5 7 2 -1  1
10041439900820256475
4 3 5 1 -1  1
10041512298522309350
7 4 7 5 -1  1
10041586483224890884
6 2 5 2 -1  1
10041590230883901681
1 1 3 1 -1  1
10042088773089313508
7 7 7 4 -1  1
10042129362491029998
5 2 3 3 -1  1
10042171510737466767
7 2 7 1 -1  1
10042289747415821617
6 0 5 0 -1  1
10042310288426521527
4 2 3 3 -1  1
10042315223397891636
6 6 5 5 -1  1
10042332969922975081
5 6 4 6 -1  1
10042554011442952698
6 1 7 1 -1  1
10042704693396005938
5 7 0 2 -1  1
10042772206558073053
4 7 5 5 -1  1
10042795100722351040
3 2 3 6 -1  1
10042798584780795257
2 3 1 5 -1  1
10042846298895835694
1 3 2 2 -1  1
10042993726441036938
5 4 4 3 -1  1
10043072924951951206
6 1 6 5 -1  1
10043095777233100566
6 7 4 7 -1  1
10043132179005990045
2 7 0 7 -1  1
10043206834418861638
7 0 7 7 -1  1
10043329590385687169
2 3 3 1 -1  1
10043379695706653975
3 4 6 1 -1  1
10043403339804286879
3 0 2 1 -1  1
10043501298148981523
6 1 4 2 -1  1
10043535529231432401
2 4 2 3 -1  1
10043536649631144813
6 4 3 1 -1  1
10043605753313964562
6 5 6 6 -1  1
10043720245699247714
1 2 2 1 -1  1
10043996668905744961
6 7 5 7 -1  1
10044116245690624800
6 3 6 4 -1  1
10044212708588129776
7 4 7 3 -1  1
10044290538207514161
6 0 6 1 -1  1
10044556771243538770
7 3 6 4 -1  1
10044782660899796641
7 7 3 7 -1  1
10044787283519068782
7 4 7 6 -1  1
10044821171447036153
5 5 4 3 -1  1
10044878443734497321
6 7 5 7 -1  1
10044887748567233160
6 0 5 1 -1  1
10045488622750997064
6 5 5 5 -1  1
10045625008817464554
3 6 5 4 -1  1
10045626945552104823
7 2 4 5 -1  1
10045668276743593869
6 5 4 5 -1  1
10045740052789793119
5 5 4 3 -1  1
10045775367415419116
7 3 6 4 -1  1
10045803506101115579
7 2 5 2 -1  1
10045888801298387191
3 1 5 3 -1  1
10045947870021843562
7 0 7 7 -1  1
10046034245213152767
7 0 7 3 -1  1
10046076039132605792
2 6 0 4 -1  1
10046134634837688431
1 7 0 7 -1  1
10046172418159286777
6 6 4 6 -1  1
7 5 5 3 -1  1
10046374264280655889
7 3 3 3 -1  1
10046863133278652348
6 3 4 2 -1  1
10047005863431683954
4 2 3 3 -1  1
10047027874831194345
7 3 5 1 -1  1
10047072112610135741
6 2 5 2 -1  1
10047135274542760551
7 6 7 7 -1  1
10047194759593201642
6 1 1 1 -1  1
10047352228195622825
5 4 6 3 -1  2
10047376424025102798
5 6 3 5 -1  2
10047382752855844787
4 2 3 1 -1  1
10047504522446623627
7 4 3 4 -1  1
10047608518108318789
7 5 4 2 -1  3
10047682146044637776
6 2 7 3 -1  1
10047781482331487995
3 2 2 2 -1  1
10047914571827110105
7 2 6 1 -1  1
10047953999090051458
1 0 0 0 -1  1
10048084969053695531
2 1 1 1 -1  1
10048159417353013263
3 3 2 4 -1  1
10048244738179244539
4 6 3 7 -1  1
10048295458158346279
7 6 6 7 -1  1
10048386121634929415
5 7 5 3 -1  1
10048405941838819384
7 1 5 2 -1  1
10048490245621442714
5 4 6 5 -1  1
10048511722326086286
4 5 1 5 -1  1
10048533852923503613
7 0 7 1 -1  1
10048616837806627523
4 4 5 6 -1  1
10048659247338974953
6 1 7 2 -1  1
10048797040132564626
4 0 3 1 -1  1
10048879576889342623
7 2 7 1 -1  1
10049392835569381767
7 4 7 6 -1  1
10049505423437752258
5 0 6 1 -1  1
10049820600035466512
7 2 0 2 -1  1
10049958522295079883
7 5 5 7 -1  1
10049990837507254537
6 2 4 2 -1  4
10049995849050083273
7 0 7 3 -1  1
10050014226824674089
5 5 1 5 -1  1
10050030914550600572
2 4 1 5 -1  1
10050041554930405759
5 4 4 4 -1  1
10050097692848546370
5 5 3 6 -1  1
10050144103605099804
7 0 7 1 -1  1
10050405645532848072
4 3 6 2 -1  1
10050568026161695101
6 3 7 1 -1  1
10050583526830299751
7 1 4 1 -1  1
10050655137100229377
3 2 2 2 -1  1
10050792563480428275
3 5 3 4 -1  1
10050834192148144723
3 1 2 0 -1  3
10050841072257151720
7 2 6 1 -1  1
10050897180121336094
6 3 5 4 -1  1
10051121949480868106
5 7 6 6 -1  1
10051172247916172162
3 4 5 6 -1  1
10051176362232978581
7 5 7 4 -1  1
10051245589158023282
6 7 4 7 -1  1
10051321838219246551
4 2 5 4 -1  1
10051504931662948621
4 3 3 4 -1  8
10051691093546525617
7 4 7 6 -1  1
10051739887955835557
7 0 7 3 -1  1
10051772355976317476
7 3 6 4 -1  1
10051889499291478867
7 0 7 3 -1  1
10051923207204993503
3 4 6 1 -1  1
10052253559862011655
6 1 4 1 -1  2
10052468644562534451
7 1 7 3 -1  1
10052565561091428206
4 2 5 2 -1  1
10052577473904989444
6 6 7 7 -1  1
10052631870108890937
6 0 4 0 -1  1
10052669409802472792
7 3 1 3 -1  1
10052801773608117733
7 4 7 3 -1  1
10053015233903761261
5 1 6 2 -1  1
10053264973991922797
5 1 4 1 -1  1
10053403697620087137
7 2 7 3 -1  1
10053524706744424296
7 0 7 1 -1  1
10053553126718291616
0 7 5 7 -1  1
10053973701454306299
4 0 5 1 -1  1
10054050927877804379
1 1 2 0 -1  2
10054308262675274419
7 2 6 1 -1  1
10054662953521794212
4 3 3 2 -1  1
10055098316112722760
5 6 4 5 -1  1
10055098764505239079
3 1 2 2 -1  1
10055261053573348517
7 4 3 4 -1  2
10055267559280961689
7 5 6 4 -1  1
10055308948348778698
6 4 4 4 -1  1
10055356337998252402
6 6 2 2 -1  1
10055405437493163357
6 0 5 1 -1  1
10055461182663149199
1 1 0 1 -1  1
10055475824246062252
7 5 7 3 -1  1
10055809126098171034
4 6 2 6 -1  1
10055938781637142348
5 2 4 2 -1  1
10055960693667076087
6 4 5 4 -1  1
10056165214315475118
7 5 7 3 -1  1
10056219795356412777
1 4 1 7 -1  1
10056474432009790820
7 5 4 2 -1  1
10056720193818880780
6 2 4 4 -1  2
10056758359939161548
3 7 3 2 -1  1
10057422063410012542
5 5 4 3 -1  1
10058303145994682967
6 0 5 0 -1  1
10058330122308104007
5 1 4 0 -1  1
10058411408890943013
3 4 2 4 -1  1
10058491029323197195
7 3 0 3 -1  1
10058582481700661418
6 5 5 4 -1  1
10058659331455538664
5 5 4 3 -1  1
10058686096078616312
5 4 5 3 -1  1
10058728105390204342
7 4 7 6 -1  1
10058832325722633467
4 5 3 5 -1  1
10058839695549363542
7 3 4 3 -1  1
10058851781916980587
7 2 6 1 -1  1
10058913343523908020
5 6 6 5 -1  1
10058940862569728043
6 6 1 1 -1  1
10059132396846817195
5 2 4 2 -1  1
7 1 6 3 -1  2
10059134503370695033
6 0 5 0 -1  1
10059150240613152979
5 5 5 7 -1  3
10059214475660322647
6 2 4 0 -1  1
10059375046349815913
5 3 4 3 -1  1
10059449821823046614
6 1 4 1 -1  1
6 7 4 7 -1  1
10059452646103657831
5 4 5 5 -1  1
10059532457971270321
7 3 7 5 -1  2
10059840582620583195
5 5 7 4 -1  1
10060002317797684221
7 4 7 6 -1  2
10060080460075781082
6 0 4 0 -1  1
10060338937996339717
5 5 1 1 -1  1
10060349554668505084
7 0 7 1 -1  7
7 2 6 3 -1  1
10060390882060933641
5 6 4 6 -1  1
10060443491476125581
7 7 6 7 -1  1
10060740453115418970
6 3 4 4 -1  1
10060814080227209065
5 5 5 3 -1  1
10061006195093543102
5 5 3 4 -1  1
10061187813888216575
3 7 2 5 -1  1
10061249617430338099
6 2 5 2 -1  1
10061313729869063523
6 4 5 4 -1  1
10061336266233064853
3 0 5 1 -1  1
10061430402043720158
5 0 4 2 -1  1
10061660636100811949
6 4 4 3 -1  1
10061696566981808497
7 6 5 5 -1  1
10061722391922309005
6 2 4 0 -1  1
10061852028872117313
5 2 6 1 -1  1
10061971744511745887
7 4 7 6 -1  1
10062031798000761366
6 6 5 5 -1  1
10062111376559525881
6 6 5 6 -1  1
10062514135469933451
7 0 7 1 -1  1
10062582311286572930
6 2 4 2 -1  1
10062857505351744956
5 5 6 4 -1  1
10063084909827776743
4 6 3 6 -1  1
10063296105663515533
4 5 3 4 -1  1
10063624641670667993
5 5 6 7 -1  1
10063647198871503449
0 1 0 5 -1  1
10063743045569153878
3 6 3 5 -1  1
10063986833449648640
7 2 6 4 -1  1
10064024083924510437
7 0 7 3 -1  1
10064107510826764375
7 6 6 6 -1  1
10064325679767910694
5 2 6 4 -1  1
10064374269218857662
4 1 2 1 -1  1
10064491012965063458
4 3 3 4 -1  1
10064555900106317934
4 3 4 7 -1  1
10064566011223852882
6 4 5 2 -1  1
10064572228046251047
6 6 5 6 -1  1
10064641315492357391
7 2 6 3 -1  1
10064642390420823537
7 1 6 0 -1  1
10064955559382540514
7 0 7 1 -1  1
10065016647259401492
4 5 2 6 -1  1
10065071791789219196
4 2 5 3 -1  1
10065128776103505192
4 1 3 1 -1  1
10065169813210043838
5 5 6 3 -1  4
10065457574857661967
7 5 3 1 -1  1
10065603783576321292
5 3 1 7 -1  1
10065708408355296049
7 3 4 3 -1  1
10066069662534685132
2 5 3 6 -1  1
10066491304647219265
4 3 3 2 -1  1
10066629695497196075
6 2 5 2 -1  1
10066832658372150848
7 5 7 3 -1  1
10066937584780617652
0 1 1 2 -1  1
10066949501587554018
4 5 4 6 -1  1
10067324165856858375
6 0 5 0 -1  1
10067518475300460370
4 4 5 4 -1  1
10067813571311504066
6 1 7 2 -1  1
10067854206043276546
5 3 6 4 -1  1
10068056194395810350
7 0 7 1 -1  1
10068127566805145798
6 3 5 2 -1  1
10068151270287407659
3 1 2 1 -1  1
10068172938249262108
3 5 2 7 -1  1
10068214307499604021
5 2 3 3 -1  1
10068253526671769930
6 4 5 6 -1  1
10068294761978224690
6 3 4 1 -1  1
10068484092507495412
3 4 4 3 -1  1
10068672727188309911
7 6 5 5 -1  1
10068681632271935232
7 2 3 6 -1  1
10069076657754941165
6 5 5 4 -1  1
10069080692350674111
6 2 6 0 -1  1
10069097399130700755
5 5 3 4 -1  1
10069190241066940014
7 3 6 2 -1  1
10069415399302627536
4 0 5 0 -1  1
10069629848498013654
7 2 6 2 -1  1
10069703142846908725
5 3 4 3 -1  1
10069722152070118031
6 4 4 2 -1  1
10069869737046082001
4 3 6 5 -1  1
10069888355630728520
7 3 3 7 -1  1
10069895818677346061
6 4 4 2 -1  1
10069963981560313250
5 7 4 6 -1  1
10070071903326891119
2 4 3 5 -1  1
10070112712147519466
7 3 7 1 -1  1
10070163117700911352
4 4 3 2 -1  1
10070180557101151368
6 3 5 5 -1  1
10070251498868242267
5 5 4 7 -1  1
10070400066478767627
5 2 6 4 -1  1
10070502589600204572
5 3 5 2 -1  1
10070516481450233724
3 3 3 0 -1  1
10070581605012098791
6 4 5 5 -1  1
10070664062207939738
5 4 5 3 -1  1
10070664642092540737
6 2 6 1 -1  1
10070726835489751564
6 4 7 5 -1  1
10070899711964556043
4 5 5 6 -1  1
10070920637825495600
3 4 6 4 -1  1
10071086976959493981
7 5 7 4 -1  1
10071310677567302628
6 3 4 2 -1  1
10071333315390054562
6 2 7 1 -1  1
10071437324453640946
7 0 6 0 -1  1
10071666900710932846
5 2 7 1 -1  1
10071685302994623325
5 3 7 5 -1  1
10071874990603885696
6 4 7 4 -1  1
10071888320422046865
6 6 6 5 -1  1
10071946977654709871
4 6 5 4 -1  1
10072037323483646704
5 5 4 7 -1  2
10072177108410891628
6 5 5 5 -1  1
10072298522589479022
2 3 4 1 -1  1
10072406550859145740
6 3 6 5 -1  1
10072609624743338877
6 2 4 2 -1  3
10072613124939854889
2 4 0 3 -1  1
10072729827849033639
6 5 7 5 -1  1
10072736763536392125
5 4 4 5 -1  1
10072766002694805349
7 3 7 4 -1  1
10072825942536745979
1 4 1 2 -1  1
10073161409059924085
0 1 1 0 -1  1
10073395867588086210
4 1 5 3 -1  1
10073444033461768025
6 4 4 4 -1  1
10073510791732142583
6 1 6 2 -1  1
10073590360788117425
5 7 4 7 -1  1
10073692273793802807
7 4 7 3 -1  2
10073865830242753982
7 1 6 1 -1  2
10074001336797820454
2 1 3 2 -1  1
10074071004979373078
3 2 4 1 -1  1
10074095082484439836
4 0 3 0 -1  1
10074176911595732322
7 4 6 5 -1  3
10074207383875599484
6 7 4 7 -1  1
10074267251617793531
6 1 5 1 -1  2
10074396049514649565
5 2 4 3 -1  1
10074933115149549957
3 1 2 3 -1  1
10074955707551918109
4 6 3 6 -1  1
10074975878676832186
7 3 5 1 -1  1
10075066781415941990
3 2 5 2 -1  1
10075416192256788404
2 0 1 1 -1  1
10075487761653644640
7 4 6 3 -1  1
10075571393198632168
6 2 4 2 -1  1
10075630581240625245
7 3 7 5 -1  1
10075712308430490770
7 6 5 5 -1  2
10075913537113986298
3 3 2 3 -1  1
10076063679969485056
7 1 5 2 -1  1
10076077769480464546
2 4 3 4 -1  1
10076108553840545233
4 2 3 3 -1  1
10076148014067907818
1 4 1 1 -1  1
10076291232529628713
7 4 7 1 -1  1
10076391541558455893
7 3 6 2 -1  1
10076517453927359932
4 6 3 6 -1  1
10076546825324999482
4 7 1 7 -1  1
10076556864310461345
2 4 2 1 -1  1
10076616394196149887
7 7 7 6 -1  1
10076747896421623946
7 3 5 3 -1  1
10076769965301746844
5 5 3 4 -1  1
10076816370639862449
3 6 4 7 -1  1
10076821839907785500
7 0 7 2 -1  2
10076831669011246818
3 1 2 0 -1  1
10076911049628469956
7 0 4 0 -1  1
10077143993582445038
7 0 7 2 -1  1
10077227787700584884
1 0 2 1 -1  1
10077254045465198406
7 1 7 3 -1  1
10077341255391488704
7 6 7 7 -1  1
10077635332295485314
6 4 6 5 -1  2
10077725531123039358
6 4 4 4 -1  1
10077897260767075747
7 3 5 1 -1  1
10077951633488998342
6 7 7 6 -1  1
10078008840490208232
7 1 5 0 -1  1
10078039763294818238
1 2 1 5 -1  1
10078062484490866406
5 5 4 7 -1  1
10078098357060625892
4 5 3 5 -1  1
10078124077672438609
7 0 7 2 -1  1
10078189589002258780
6 2 5 3 -1  2
10078234098888177246
4 5 3 4 -1  1
10078270957968229935
6 1 4 1 -1  1
10078357068367341284
5 2 6 1 -1  1
10078827345187630824
3 4 0 4 -1  1
10078873240132137042
7 4 7 6 -1  1
10079060054577278148
4 4 4 5 -1  1
10079184960941729041
5 3 4 4 -1  3
10079222431948663930
5 5 3 6 -1  1
10079238078202575275
6 6 5 6 -1  1
10079390073976214129
7 0 6 0 -1  1
10079597902331360705
4 2 3 3 -1  7
10079906515928863810
6 3 4 2 -1  1
10080084804703267532
6 3 4 4 -1  1
10080171079283875951
7 0 7 2 -1  1
10080226781705211877
7 5 7 2 -1  1
10080301576997264941
7 3 5 5 -1  1
10080592040594494544
6 1 4 1 -1  3
10080638940567696395
6 3 5 3 -1  1
10080664584594939483
3 7 3 5 -1  1
10080877101185019329
6 0 5 0 -1  1
10081032035748366852
6 3 7 4 -1  1
10081177309231188579
7 2 7 3 -1  1
10082158182853375154
4 4 3 3 -1  1
10082377557146667125
5 3 4 3 -1  1
10082397257555435324
6 3 5 3 -1  2
10082768864438060227
6 0 5 0 -1  2
10082797646635069804
4 3 3 1 -1  1
10082952493738989492
6 4 4 2 -1  1
10083052150532353212
5 3 4 4 -1  1
10083096145653530665
7 0 7 6 -1  1
10083100445251493960
4 4 5 5 -1  1
10083252803135039377
5 5 5 6 -1  1
10083411173598629306
7 0 7 4 -1  1
10083444390132603904
5 7 4 7 -1  1
10083586186723280541
6 3 5 2 -1  1
10083624640563522522
5 4 4 4 -1  1
10083634609917135007
0 3 0 6 -1  1
10083743977516216857
1 5 2 6 -1  1
10084038535785089927
6 0 5 0 -1  1
7 6 5 5 -1  6
10084166486597914347
7 0 7 2 -1  1
10084177037849508321
2 3 3 1 -1  1
10084497478927798603
4 5 3 5 -1  1
10084529932913023488
4 3 3 3 -1  1
10084849349005354490
3 3 2 3 -1  1
10084874793437411782
6 7 5 7 -1  2
10084993659081655849
7 6 6 6 -1  1
10085080677797980487
5 1 4 1 -1  1
10085236474559978244
6 3 4 2 -1  1
10085268296562304768
3 3 5 2 -1  1
10085322514717965117
7 0 7 2 -1  1
10085601891000963252
7 1 5 2 -1  1
10085680091987147962
1 0 1 2 -1  1
10085796513007746052
4 2 4 4 -1  1
10086104425649677824
3 4 2 5 -1  1
10086108641290028089
5 5 6 6 -1  1
10086300807387220488
6 1 4 1 -1  2
6 4 4 4 -1  1
7 1 6 3 -1  2
10086388216786993255
7 3 7 6 -1  1
10086553229273140757
5 6 4 6 -1  1
10086918397246022846
7 2 6 1 -1  1
10086988138216169460
7 3 5 3 -1  1
10087074968125891090
4 2 3 3 -1  1
10087122843587668583
1 4 6 4 -1  2
10087371020960934109
5 3 4 4 -1  1
10087435078222612503
6 7 5 7 -1  1
10087747326353344101
6 1 4 1 -1  1
10088062412153788227
6 0 4 0 -1  1
10088065517828396971
5 5 4 3 -1  1
10088105466830839008
7 6 7 5 -1  1
10088193292686707700
7 7 6 5 -1  2
10088242872201810028
4 1 3 1 -1  1
10088748570377199216
7 4 5 3 -1  1
10088960848314218325
6 2 6 5 -1  1
10088966653869087065
3 3 4 2 -1  1
10089224048146623945
7 4 6 4 -1  1
10089242625393175843
7 3 6 3 -1  1
10089292633455565918
4 1 3 1 -1  1
10089515496571828787
4 6 6 5 -1  1
10089568315421586014
2 3 1 3 -1  1
10089647423380568447
0 5 1 6 -1  1
10089862754362794260
6 0 5 0 -1  1
10090126061744841996
6 0 5 1 -1  1
10090185250377525694
3 5 5 4 -1  1
10090245301374585253
6 3 5 1 -1  1
10090305178351629444
7 0 7 1 -1  2
10090417316414509551
7 0 7 1 -1  1
10090435364047346372
5 1 4 1 -1  3
10090865794506068078
5 1 5 3 -1  1
10090938143009953501
5 4 3 2 -1  1
10091027916213970886
7 3 7 4 -1  1
10091121732229160329
3 4 5 3 -1  1
10091153950016803371
5 5 5 4 -1  1
10091205031422505715
7 3 6 2 -1  1
10091228590244263649
6 2 1 2 -1  1
10091259811582851308
7 1 5 1 -1  1
10091466044148591273
1 4 2 2 -1  2
10091803787035938583
6 3 5 3 -1  1
7 6 6 4 -1  3
10092154141244646677
5 0 4 0 -1  1
10092462860710522555
7 4 7 6 -1  1
10092526028610978826
5 5 3 4 -1  1
10092697798721926589
7 4 6 2 -1  1
10092726647709501212
7 3 6 2 -1  1
10092801864709721635
6 7 7 7 -1  1
10092859815665881964
5 0 4 1 -1  1
10093174068299810891
5 2 4 0 -1  1
10093331935900483381
6 1 4 3 -1  1
10093438134398081343
7 5 3 1 -1  1
10093631635684827561
5 6 6 5 -1  1
10093635868599843916
1 7 0 7 -1  1
10093877529808938453
6 6 4 4 -1  1
10094063854188265901
5 1 3 2 -1  1
10094087990486394771
5 4 7 2 -1  1
10094166388135976915
0 1 1 2 -1  1
10094222287715335869
5 6 2 3 -1  1
10094247656516449653
7 4 7 6 -1  1
10094253117656453533
4 5 3 5 -1  1
10094514045001304238
4 3 3 4 -1  1
10094545023978334759
5 1 4 0 -1  1
10094611436937494908
7 6 5 5 -1  1
10094670074020948071
6 7 5 7 -1  1
10094746923192094679
5 5 6 3 -1  1
10095105947489085938
6 4 6 3 -1  1
10095118716084490072
6 2 6 3 -1  1
10095256228757267902
5 3 4 4 -1  1
10095347923864059503
3 3 3 4 -1  1
10095575150705438200
7 6 6 4 -1  1
10095591971204322075
6 3 5 3 -1  1
10095594316426454183
5 6 4 6 -1  1
10095652384741494308
2 1 4 2 -1  1
10095654124312897704
5 2 4 0 -1  1
10095966102418706606
1 2 3 2 -1  1
10096122817611411613
5 5 5 2 -1  1
10096530761220243793
6 4 0 4 -1  1
10096865253343524395
7 1 7 2 -1  1
10096932886524146546
7 3 7 1 -1  1
10096939911342815113
4 4 7 4 -1  1
10096948661168839467
5 1 5 4 -1  1
10097182442246243902
6 4 4 4 -1  1
10097353285181975753
6 4 6 3 -1  3
10097601203582730031
7 2 5 0 -1  1
10097774799409630626
3 7 4 6 -1  1
10097917872018568401
7 2 0 2 -1  1
10098212488326387391
6 6 5 7 -1  1
10098781538511849854
1 6 4 3 -1  1
10098857298836891157
4 0 3 1 -1  1
10098899926145101237
6 0 6 7 -1  1
10098928501170519953
4 3 2 2 -1  1
10098935753987620618
6 6 5 5 -1  1
10099036914394795912
3 2 3 4 -1  1
10099042169167817775
6 3 4 2 -1  1
10099335996884615480
7 0 7 3 -1  1
10099635267514851908
5 3 5 4 -1  1
10099876545159669080
7 6 7 7 -1  1
10100047949907932024
7 7 7 6 -1  1
10100122502331296390
7 1 7 4 -1  1
10100469210926409606
6 1 5 1 -1  1
10100475171782301115
6 6 7 5 -1  1
10100477246486034480
7 3 7 5 -1  1
10100701445678732209
6 0 5 0 -1  2
10100740489730074416
4 4 0 4 -1  1
10100748525890970831
7 3 7 1 -1  3
10100833811163950617
7 4 5 4 -1  1
10100841782282924488
0 0 0 3 -1  2
10100948905272669692
7 3 6 4 -1  1
10101194235626753733
7 2 6 1 -1  1
10101286187295737197
7 2 3 6 -1  1
10101306367117689860
5 5 3 4 -1  1
10101590790504242495
6 2 5 3 -1  1
10101840790855740995
6 7 4 7 -1  1
10101989048412307488
5 5 6 3 -1  1
10102119399706376366
6 2 4 4 -1  1
10102345216617615989
6 4 6 2 -1  1
10102484353877687285
4 2 4 7 -1  1
10102759076392517744
7 3 6 2 -1  1
10102893436414636548
7 0 7 3 -1  1
10102996139542987940
7 3 5 1 -1  2
10103076328483265830
1 1 1 5 -1  1
10103304532000769557
7 3 6 2 -1  1
10103382935242425236
7 2 5 4 -1  3
10103601321384548129
5 5 3 6 -1  1
10103706307817669153
7 0 7 2 -1  1
10103758406027210043
4 3 3 3 -1  1
10103765118476040918
6 6 5 6 -1  1
10103863076333091517
2 4 4 6 -1  1
10103933614566608536
7 4 7 5 -1  2
10104725489537107203
7 5 6 4 -1  1
10104801153572334231
2 1 3 2 -1  1
10105026365468906966
3 3 2 4 -1  1
10105048921995837707
7 5 4 5 -1  1
10105096840898643711
3 7 2 5 -1  1
10105211842115045515
5 1 6 2 -1  1
10105255677171906750
1 4 3 4 -1  1
10105265681439620383
5 3 4 4 -1  1
10105305934098033475
5 3 6 2 -1  1
10105340811180694332
6 7 4 7 -1  1
10105370543719359083
7 0 7 2 -1  1
10105385968131470794
6 6 5 7 -1  1
10105466436095890658
5 7 4 6 -1  1
10105995013495698633
5 2 3 2 -1  1
10106307639708945058
5 4 4 3 -1  1
10106373277816180188
4 5 5 4 -1  1
10106736812893288913
6 1 5 2 -1  2
10106879704170471105
4 1 3 0 -1  1
10106899529890070171
3 5 2 6 -1  1
10106902318173599676
4 3 6 4 -1  3
10106906213155078574
3 4 2 6 -1  1
10107032097002386343
7 6 6 4 -1  1
10107060843062844695
2 1 1 2 -1  1
10107075566870054531
3 0 2 1 -1  1
10107092975045462533
5 6 4 6 -1  1
10107211141011153605
7 4 7 6 -1  1
10107296400051362583
4 3 3 2 -1  2
10107421488522503278
4 3 5 3 -1  1
10107605419632245853
5 7 4 7 -1  1
10107694990653192525
6 4 7 5 -1  2
10107806437437082388
6 1 4 1 -1  1
10108230223110666841
2 6 3 7 -1  1
10108231995835667303
3 0 4 2 -1  1
10108269483640697888
2 5 2 3 -1  1
10108416236247597091
7 5 5 4 -1  1
10108551489080274640
5 3 4 3 -1  1
10108903737663745946
6 3 5 4 -1  1
10109069026905370037
7 2 2 2 -1  1
10109291652833724773
5 5 4 5 -1  1
10109424835444539839
0 5 3 2 -1  1
10109461990454372795
5 6 6 5 -1  1
10109581351379326474
2 2 1 2 -1  1
10109619248256600446
2 3 3 5 -1  1
10109660590326908433
7 7 5 7 -1  1
10109675918549905450
6 7 7 6 -1  1
10109783306920494118
7 5 5 5 -1  1
10109784317601616875
3 1 2 3 -1  1
10109841527807606149
6 6 7 5 -1  1
10109849416944500525
7 7 0 7 -1  1
10110233550257791978
6 7 4 6 -1  1
10110341868606933422
4 3 0 7 -1  1
10110397071041454138
6 1 5 2 -1  2
10110397833278155675
7 3 7 1 -1  1
10110506220657990805
5 1 6 0 -1  1
10110820342256019945
7 3 6 3 -1  1
10110888660413496392
5 0 3 1 -1  1
10110891002885085138
3 1 2 1 -1  1
10110892330206605561
0 1 4 5 -1  1
10110993521005173640
6 3 6 4 -1  2
10111163389746523487
7 3 3 3 -1  1
10111177978418273644
6 3 4 3 -1  1
10111226896407540611
4 4 3 4 -1  1
10111272016903986997
4 2 3 2 -1  1
10111614906398227782
7 3 1 3 -1  1
10111836047477282795
6 5 6 1 -1  1
10111860197117524859
5 5 4 5 -1  1
10111870927116308500
1 4 3 4 -1  1
10111894700300187209
6 7 4 7 -1  1
10111900781615999637
6 4 5 5 -1  1
10111980332822871586
7 4 7 3 -1  1
10112191144984862405
4 6 4 7 -1  1
10112197199323152726
7 2 3 6 -1  1
10112404978419849689
7 6 5 6 -1  1
10112408450455610593
4 5 3 5 -1  1
10112460271639369101
5 4 6 4 -1  1
10112852682467130898
7 2 1 2 -1  1
10113082035992992064
6 4 4 5 -1  1
10113149188494881970
7 3 3 3 -1  2
10113275824841403482
6 7 5 7 -1  1
10113482075643308802
7 5 6 6 -1  1
10113507449493301419
4 1 3 1 -1  1
10113698805395289805
7 3 6 3 -1  1
10113865690520384223
6 4 5 5 -1  1
10114057879048912293
6 6 7 6 -1  1
10114112745249884766
5 0 4 0 -1  1
10114118624930367823
3 2 1 4 -1  1
10114260298142895888
6 2 4 4 -1  1
10114603315047223663
7 1 7 2 -1  1
10114721798373736353
2 2 0 0 -1  1
10114722766313368912
6 7 6 6 -1  1
10114813279500802336
6 4 5 4 -1  1
10114874629566230482
7 2 7 5 -1  1
10115205813781382661
6 1 4 1 -1  1
10115953290754793623
3 1 2 2 -1  1
10115960699986004104
5 2 4 1 -1  1
10115978445207702426
5 1 4 3 -1  1
10116062320763926135
3 4 4 2 -1  1
10116306122908715912
1 2 3 2 -1  1
10116468608542322228
7 5 7 3 -1  1
10116558154369684875
4 7 3 7 -1  1
10116579696569278111
5 1 4 2 -1  1
10116893626098446927
7 4 7 6 -1  1
10116978520531256550
3 5 2 6 -1  1
10117054074705901841
3 1 2 2 -1  1
10117322584539677468
3 4 5 2 -1  1
10117454627828927675
4 6 3 5 -1  1
10117513807689619524
5 6 4 4 -1  1
10117532345743800078
4 6 3 6 -1  1
10117573038181445328
5 5 4 7 -1  1
10117750025883911918
6 6 7 6 -1  1
10117775122215168190
6 6 5 5 -1  1
10117811609682034524
6 6 4 6 -1  3
10118151673616802974
7 1 5 2 -1  1
10118165381007598541
4 7 5 6 -1  1
10118248520149495510
6 3 5 2 -1  1
10118471044185735941
2 0 1 1 -1  1
10118533680510032067
6 4 4 5 -1  1
10118622563589460675
3 5 2 5 -1  2
10118641831109013868
5 3 2 0 -1  1
10119095490832035967
7 3 6 2 -1  1
10119145920988841025
7 2 6 3 -1  1
10119480357762381503
7 3 6 2 -1  1
10119808604594386619
6 1 5 2 -1  1
10119843152545807223
3 1 2 0 -1  1
10119868528502203840
4 3 5 3 -1  3
4 3 6 3 -1  3
4 3 7 3 -1  1
10119899886116731567
4 3 5 5 -1  1
10119933421955929561
6 5 6 4 -1  1
10119981713626513201
1 4 4 1 -1  2
10120110847162560585
5 4 3 2 -1  1
10120125525240930901
2 6 1 6 -1  1
10120142907131214432
2 1 1 1 -1  1
10120223687474943614
7 2 5 4 -1  2
10120478667925346061
7 2 6 3 -1  1
10120482958273627896
5 7 4 7 -1  1
10120667338470045218
6 7 5 7 -1  1
10120738679085046262
4 3 2 2 -1  1
10120795306625452968
5 7 6 6 -1  1
10120915777493450086
6 3 4 3 -1  3
10120999192809427934
6 1 5 1 -1  1
10121000088840263579
2 7 3 6 -1  1
10121001372253095830
1 2 1 6 -1  1
10121045864023623841
6 5 4 5 -1  1
10121063407455562685
7 2 6 3 -1  1
10121114852773470603
5 5 3 6 -1  1
10121213144652283721
4 6 2 7 -1  1
10121495378101221699
5 4 4 3 -1  1
10121595662338854636
6 1 5 2 -1  1
10121690457705837605
5 2 6 4 -1  1
10122098133625057006
6 2 5 1 -1  1
10122246511707047063
7 4 4 4 -1  1
10122291859889256329
7 5 6 4 -1  1
10122320744984255914
4 2 3 3 -1  1
10122349657981004589
4 6 3 7 -1  1
10122509038079882029
3 3 5 1 -1  1
10122812350858269886
5 2 4 4 -1  1
10123039380894536229
5 5 5 6 -1  1
10123098733797473182
5 7 4 7 -1  1
10123312151897120456
7 4 7 6 -1  1
10123414534355037845
7 3 6 3 -1  1
10123639037509067477
7 5 2 0 -1  1
10123701819933809058
6 2 4 2 -1  1
10124024782553171456
7 0 7 3 -1  1
10124070579358924921
7 1 7 2 -1  1
10124367163057075092
6 3 5 5 -1  2
10124658787914065498
7 0 0 0 -1  1
10124679785632646862
6 0 5 0 -1  2
10124806750766187492
6 2 4 2 -1  1
10125131165424038674
6 6 3 3 -1  1
10125190836445156578
6 3 5 4 -1  2
10125248367270282963
6 6 5 6 -1  3
10125377063464794361
4 2 5 0 -1  1
10125523514900297650
7 5 6 5 -1  1
10125813611784082540
7 2 3 6 -1  1
10125890546476887380
7 0 7 4 -1  1
10126102194795560443
0 7 1 6 -1  1
10126126440556964518
6 6 4 6 -1  1
10126205743102850748
5 4 4 3 -1  1
10126353767856733394
7 1 7 4 -1  1
10126395387094635634
5 5 3 4 -1  1
10126498699649917360
6 3 4 5 -1  1
10126608061567941238
3 1 2 2 -1  1
10126802991276125716
6 1 5 3 -1  1
10126958133650046281
6 4 5 5 -1  1
10126990070805422937
7 6 5 6 -1  1
10127141337935625460
3 3 2 2 -1  1
10127250594370015963
7 5 7 2 -1  1
10127324382566094167
7 5 7 4 -1  1
10127365494593695974
7 5 4 2 -1  1
10127427559261361618
5 1 6 2 -1  1
10127679348376362975
7 4 6 3 -1  1
10127729231149568390
7 5 7 4 -1  1
10127908638017133338
4 3 5 1 -1  1
10127910481993381696
6 0 5 0 -1  1
10127962532082907600
5 2 4 0 -1  1
10128070315737781743
7 0 7 2 -1  1
10128115632657326542
6 4 4 6 -1  1
10128258570940939414
1 6 0 7 -1  1
10128366300927427160
6 3 5 4 -1  1
10128555794883871169
7 5 7 4 -1  1
10128627039216895878
7 2 5 2 -1  1
10128684645239373325
3 3 4 5 -1  1
10128778574943303369
6 0 5 0 -1  1
10129105603172882768
6 4 6 3 -1  1
10129366021360521588
6 7 5 7 -1  1
10129810067488017852
7 3 6 4 -1  1
10129914401030551190
5 3 3 3 -1  1
10130107613818108788
4 1 3 1 -1  1
10130157625352707788
6 6 4 6 -1  1
10130197061381231706
5 5 5 1 -1  1
10130416264268930832
5 1 4 2 -1  1
10130818366538013395
6 6 5 6 -1  2
7 1 5 2 -1  1
10130904695088125607
5 5 4 7 -1  1
10131020602130880442
4 2 5 1 -1  2
10131122251156487429
4 7 5 5 -1  2
10131470945657942088
5 5 4 4 -1  2
10131747345694734203
5 7 4 5 -1  1
10131826856394013145
7 5 6 6 -1  1
10131872707210084927
7 2 7 1 -1  1
10132006282735463597
4 2 3 3 -1  1
10132193578180651019
7 3 7 5 -1  1
10132209319415491285
7 1 6 3 -1  2
10132346925691781369
7 6 6 7 -1  1
10132429242850116139
7 5 6 4 -1  1
10132447917080953128
1 2 5 2 -1  1
10132486995276824378
7 2 6 1 -1  1
10132555971726678918
6 3 6 0 -1  1
10132557862116339338
3 1 2 3 -1  1
10132607962280035368
6 6 1 1 -1  1
10132639521536787204
4 0 6 2 -1  1
10132643077195337808
7 5 7 4 -1  1
10132729632901109050
5 4 6 4 -1  1
10132771393098225608
4 0 3 0 -1  1
10132772361046278688
6 6 5 7 -1  1
10133045939840418628
2 5 1 5 -1  1
10133444064832552418
3 0 2 1 -1  1
10133444112368109620
6 4 5 5 -1  1
10133722655293407901
6 2 4 2 -1  1
10133726617754522224
5 7 5 3 -1  1
10133739992246851329
3 5 7 1 -1  1
10133911964285131258
7 3 2 3 -1  1
10133997040662712782
6 1 3 4 -1  1
10134116698187854751
5 1 4 1 -1  1
10134186536648825738
5 0 4 1 -1  1
10134324339234776878
4 7 3 7 -1  1
10134330937916684519
5 5 7 6 -1  1
10134484344341766767
5 4 4 3 -1  2
5 5 4 7 -1  1
7 1 5 0 -1  2
10134526070980494174
5 0 0 5 -1  1
10134560437684513904
3 5 4 7 -1  3
10134612026857488603
4 7 2 7 -1  1
10134685707957090060
6 3 5 3 -1  1
10134818635372809692
6 3 7 4 -1  2
10134906150676898360
7 3 7 2 -1  1
10134996821930334091
7 6 5 5 -1  2
10135054012076051388
7 1 7 2 -1  1
10135267457884601412
1 1 1 2 -1  1
10135378754679836675
7 2 6 1 -1  1
7 5 6 4 -1  1
10135421259226349751
4 3 3 3 -1  1
10135452298143580538
5 5 6 3 -1  1
10135642349097258991
5 2 5 4 -1  2
10135796621075116556
7 5 7 2 -1  1
10135816873614275565
6 1 5 1 -1  1
10135879454309119889
7 4 5 4 -1  1
10136081117119276079
6 7 5 6 -1  1
10136086119718247347
7 5 7 4 -1  1
10136366538889556635
5 1 4 1 -1  1
10136413341352503940
6 1 1 1 -1  1
10136518286162275243
4 3 6 1 -1  1
10136757442593669265
3 0 5 2 -1  1
10136857951291513022
5 7 4 6 -1  1
10136874820579357267
6 4 7 4 -1  1
10136885387512271502
3 4 4 5 -1  1
10136965518816816393
5 4 4 6 -1  1
10137069827518724455
7 5 7 4 -1  1
10137178797477425887
5 6 4 5 -1  1
10137238961188279029
6 0 5 0 -1  1
10137271726095130672
7 2 5 4 -1  2
10137700102408002921
7 4 7 6 -1  1
10137714561961844058
1 1 0 0 -1  1
10137907631877262118
5 5 4 5 -1  1
10137967286885475336
3 5 4 7 -1  1
10138143524067928160
7 3 4 3 -1  1
10138159902164883054
5 0 4 2 -1  1
10138191196736775834
7 2 5 4 -1  1
10138239369958980631
7 3 6 2 -1  2
10138290122014278403
7 4 7 3 -1  2
10138324814143188063
5 4 7 2 -1  1
10138524011776713469
6 7 5 7 -1  1
10138689391213781801
5 3 6 5 -1  1
10138782290634384373
4 6 2 6 -1  1
10138909065078835685
6 4 4 4 -1  3
7 6 5 5 -1  6
10138946086374239873
5 4 2 1 -1  1
10138954219004064371
5 7 0 2 -1  1
10138972025240364573
6 3 5 2 -1  1
10139019603754785984
4 7 4 3 -1  1
10139022118159208146
6 6 5 7 -1  1
10139143101074568817
0 7 3 7 -1  1
10139277098407516268
3 6 2 7 -1  1
10139421506634136161
5 3 5 2 -1  1
10139429744319026874
6 4 7 5 -1  1
10139485952387007069
3 3 4 3 -1  1
10139567563626179427
5 5 6 3 -1  1
10139661449585141602
5 6 5 4 -1  1
10139959768278940405
6 3 4 1 -1  1
10140007035850309258
6 6 5 6 -1  1
10140314086663080158
2 3 2 6 -1  1
10140404233843148682
7 6 6 7 -1  1
10140695606863560853
7 3 6 3 -1  1
10140732668455236796
7 3 0 3 -1  2
10140879328317130128
4 7 1 4 -1  1
10140909286173263367
7 5 7 4 -1  1
10140965815483582741
4 6 6 7 -1  1
10141219074524627167
6 1 4 1 -1  1
10141239986708574359
5 5 4 6 -1  1
10141450016134775599
5 5 3 6 -1  1
10141631816188040181
6 3 6 4 -1  1
10141680808312007426
6 2 4 2 -1  1
10141957747254425988
3 6 5 7 -1  1
10141990710761826888
6 4 5 4 -1  1
10142056812158802278
6 6 5 6 -1  1
10142066467826178069
5 5 3 3 -1  1
10142232149510945628
5 5 4 6 -1  1
10142358058465404493
4 4 3 3 -1  1
10142530100416300498
4 3 1 6 -1  1
10142548714481597773
5 2 4 2 -1  1
10142554521898598556
6 4 5 2 -1  1
10142726477600884459
5 3 5 4 -1  1
10142840451563966998
7 4 7 6 -1  1
10142901774721845270
6 4 4 2 -1  1
10142927789554791517
7 3 7 0 -1  1
10142936183088139365
4 2 3 2 -1  1
10143033830172722297
6 4 7 3 -1  1
10143205167065455129
5 2 4 1 -1  1
10143428283406804334
5 5 5 0 -1  1
10143501874222683756
7 4 4 1 -1  3
10143744164877301037
4 4 3 3 -1  1
10143783344299502108
5 4 4 3 -1  1
10143829290869926553
6 0 6 1 -1  1
10143848603065008675
7 1 2 1 -1  1
10143934005867357904
6 2 5 2 -1  1
10144108251371435228
2 2 1 2 -1  1
10144243050178248686
6 2 7 3 -1  1
10144244680862685343
6 4 6 3 -1  1
10144328558602829988
7 3 0 3 -1  1
10144378256084983912
7 5 3 1 -1  1
10144560371291447099
4 1 4 5 -1  1
10144622187309111513
5 4 4 5 -1  1
10144781209280591323
6 5 7 4 -1  1
10144930336015795352
5 3 4 3 -1  1
10144970945020879441
5 4 4 5 -1  1
10145053803709541439
6 2 7 2 -1  1
10145114247690540330
6 3 4 2 -1  1
10145187656774888489
7 5 6 6 -1  1
10145209811731641092
7 4 6 2 -1  1
10145283021530529584
4 2 5 1 -1  1
5 2 6 4 -1  2
6 0 5 0 -1  3
10145308212981416569
7 5 7 0 -1  1
10145323821788778110
5 1 5 2 -1  1
10145332227590643495
5 2 6 2 -1  2
10145554670068438588
4 2 3 3 -1  10
10145569162294938941
7 4 5 6 -1  1
10145570480647692378
6 6 5 6 -1  1
10145635482928660484
7 6 7 7 -1  1
10145732610452330116
2 2 2 3 -1  1
10145786612281462455
6 6 3 6 -1  1
10146003398669983131
7 4 6 5 -1  1
10146539691048844082
7 5 7 0 -1  2
10146677686658296060
6 6 5 6 -1  1
10146708518615263595
6 1 5 1 -1  2
10146765277355163934
6 4 5 4 -1  1
10146862298229335543
5 0 4 0 -1  1
10147019504864312623
6 0 1 0 -1  1
10147139490348538582
7 6 6 6 -1  1
10147324556812631521
4 5 3 4 -1  1
10147478100996434459
5 6 3 6 -1  1
10147676192959742774
5 6 6 7 -1  1
10147748056441762274
3 3 2 2 -1  1
10147750240681023494
6 0 5 0 -1  1
10147901688069765114
0 2 3 5 -1  1
10147924717139807994
6 5 4 5 -1  1
10147963807194438123
5 2 4 4 -1  1
10147972023084894303
6 5 4 5 -1  1
10148223841220509003
4 2 3 2 -1  1
10148287236181244879
5 5 6 6 -1  1
10148487146140503787
6 3 4 4 -1  1
10148563539747932009
6 3 5 5 -1  1
10148571308402704270
3 2 2 4 -1  1
10148712381967473592
3 2 2 2 -1  1
10148730560854085021
3 0 4 1 -1  1
10148736295197143201
7 6 5 5 -1  1
10148818124607692922
6 3 7 4 -1  1
10148890728997720457
3 5 4 5 -1  1
10149152763668791948
6 3 3 0 -1  1
10149163771610304970
6 5 5 4 -1  1
10149235705981364004
1 0 1 1 -1  1
10149242739869214850
7 3 7 4 -1  1
10149343328595488444
6 5 4 5 -1  1
10149353631324402769
5 5 5 4 -1  1
10149405775116124793
3 5 2 6 -1  1
10149468537468888862
6 3 5 3 -1  1
10149673912549757222
6 3 6 2 -1  1
10150021749467958579
6 1 5 1 -1  1
10150147970366094852
6 4 7 5 -1  1
10150273604552045630
7 0 7 1 -1  1
10150602570830499430
6 6 5 6 -1  1
10150732058155031081
7 4 3 0 -1  1
10150829504386770651
5 5 5 4 -1  1
10150907456305300759
5 6 4 5 -1  1
10151015022660811973
7 2 6 3 -1  1
10151151253777714068
7 4 7 2 -1  1
10151203052813242018
6 2 6 3 -1  1
10151209221884532220
7 0 7 1 -1  1
10151320009564122344
6 5 4 5 -1  1
10151411331645132310
7 0 7 2 -1  1
10151542832050839925
5 0 4 2 -1  1
10151660560014061014
0 6 1 5 -1  1
10151722720593224846
7 2 5 4 -1  1
10151730296515873130
4 4 3 4 -1  1
10151783227314409734
6 2 4 2 -1  1
10151811250455399488
5 2 4 2 -1  1
10152129547141228310
6 2 4 0 -1  1
10152261875491067184
2 2 0 0 -1  1
10152421629652481341
4 7 4 0 -1  1
10152443704358119254
7 6 5 5 -1  1
10152455299547983603
4 2 6 4 -1  1
10152536854676935479
7 3 1 3 -1  1
10152565382470061915
7 2 4 5 -1  1
10152817400204528939
4 4 3 5 -1  1
10153000311976036035
6 3 5 1 -1  2
10153061934920594963
2 7 0 7 -1  1
10153116094801881246
7 0 7 2 -1  1
10153213194049349554
2 1 3 2 -1  1
10153299045162633708
7 4 7 0 -1  1
10153434864501763800
4 0 3 0 -1  1
10153704990581315883
6 1 5 0 -1  1
10153781321421254107
7 7 5 7 -1  1
10154004790600393927
1 5 4 2 -1  1
10154054363084320559
6 3 5 3 -1  2
10154116439947408178
4 4 5 4 -1  1
10154220716093560337
6 3 7 1 -1  1
10154246489026974820
7 3 6 3 -1  1
10154300039093095888
5 0 4 1 -1  1
10154544128667766995
1 7 3 5 -1  1
10154582901331435797
6 5 4 5 -1  1
10154604188549614171
6 1 5 1 -1  1
10154714714768902690
2 2 4 4 -1  1
10154815555163876253
3 5 3 6 -1  3
10154826199225864644
6 3 7 2 -1  1
10155045757995841246
7 4 3 4 -1  1
10155090337381722213
5 6 6 5 -1  1
10155105842606806754
5 2 5 4 -1  1
10155220688656263650
6 0 4 0 -1  1
10155268724617904270
7 5 7 4 -1  1
10155395862363493275
3 1 5 3 -1  1
10155437127892137894
6 6 4 4 -1  1
10155748012890395583
6 3 6 4 -1  1
10155813754397108816
5 3 5 2 -1  1
10155816207536302604
2 0 1 0 -1  1
10155915389118771997
2 3 0 4 -1  1
10156090140887531868
1 0 2 1 -1  1
10156273884966136319
4 2 2 4 -1  1
10156422809547971085
7 3 6 2 -1  1
10156479506421367446
2 2 4 2 -1  1
10156673267459810577
6 7 4 5 -1  1
10156884931491983823
6 2 5 4 -1  1
10157618513483012887
3 3 5 5 -1  1
10157889151972293959
5 3 4 3 -1  1
10158030798453886641
4 1 3 0 -1  1
10158058612474196871
6 6 5 6 -1  1
10158255356418667970
7 5 7 4 -1  1
10158463702491093879
7 3 4 3 -1  1
10158507274368661340
6 7 5 7 -1  1
10158559606649019113
6 6 3 3 -1  1
10158690579274681397
5 4 5 3 -1  2
10158697205309577647
3 2 2 1 -1  1
10158818905235451183
5 1 7 2 -1  1
10158861196887651236
7 3 7 4 -1  1
10158902064301541369
4 2 5 4 -1  1
10159141145754659502
6 1 0 7 -1  1
10159291315055375787
2 1 3 2 -1  1
10159408918858430266
5 1 7 2 -1  1
10159610956679007022
7 2 6 1 -1  2
10159859804486927586
0 0 0 3 -1  1
10159888915771717456
4 6 3 6 -1  1
10159939496057777971
0 3 0 2 -1  1
10159951337633377357
1 0 2 0 -1  1
10160083807912918215
6 3 2 7 -1  2
10160197424758799756
4 3 3 4 -1  21
10160279881755761229
1 5 3 4 -1  1
10160633534125220516
1 2 5 2 -1  1
10160656153307304129
5 5 2 2 -1  1
10160740389329855294
3 3 2 4 -1  1
10160771006393325206
5 3 4 4 -1  1
10161025295998102054
7 3 5 5 -1  2
10161039154784357527
7 5 4 5 -1  3
10161116280657212061
1 1 2 3 -1  1
10161164382394437717
7 5 5 3 -1  1
10161294717337737339
6 7 7 6 -1  1
10161308384538972274
5 4 4 5 -1  1
10161440392386368765
6 4 4 6 -1  1
10161521174178001911
7 2 3 6 -1  1
10161537188974581476
6 2 4 2 -1  1
10161621613447646522
1 7 0 7 -1  2
10161628607781793929
7 5 6 5 -1  1
10161687082963200943
7 2 4 5 -1  1
10161701876543026320
7 2 6 1 -1  1
10161938942929545419
6 2 0 2 -1  1
10161958009053462381
7 6 6 5 -1  1
10162081508643764811
6 4 5 4 -1  1
10162086591732992840
4 4 3 4 -1  1
10162144137512454204
6 2 5 2 -1  1
10162162373262025635
7 4 5 4 -1  1
10162261040708481625
5 1 1 5 -1  1
10162436003781529804
7 1 6 3 -1  1
10162445875568280749
1 6 2 6 -1  1
10162492919944181158
6 5 6 6 -1  2
10162647291560628928
5 7 4 7 -1  2
10162818989496285068
6 4 4 3 -1  1
10162854236746767715
4 6 3 6 -1  1
10162858544616365484
7 3 6 2 -1  1
10163040260474234996
7 2 3 2 -1  1
10163132918796845279
3 4 0 4 -1  2
10163146416916266269
5 4 4 4 -1  1
10163339589926472590
5 3 4 2 -1  1
10163348816447869576
5 6 4 5 -1  1
10163376945511278893
6 3 7 4 -1  1
10163603326853169329
6 2 7 1 -1  1
10164029697495289463
7 4 0 4 -1  1
10164061014213057770
5 7 4 6 -1  1
10164080318896405680
7 4 5 4 -1  1
10164179441780376579
7 4 3 4 -1  1
10164370604706278438
5 4 4 3 -1  1
10164405475204610261
6 6 5 6 -1  1
10164410948468003742
6 5 5 5 -1  1
10164576794469815127
2 3 4 1 -1  1
10164607916529099686
3 6 2 4 -1  1
10164761945056430120
6 6 7 5 -1  1
10164878009322663654
3 4 4 5 -1  1
10164889883792746726
5 1 4 0 -1  1
10165021399488285978
7 5 7 4 -1  1
10165371943139728966
5 6 4 6 -1  1
10165375023888400409
6 4 5 3 -1  1
10165381700527880777
5 5 3 4 -1  1
10165504399352102192
7 2 3 6 -1  1
10165521428078708187
6 5 6 4 -1  1
10165965887096031847
3 3 1 5 -1  1
10166000423361506327
6 7 5 7 -1  1
10166103229017092623
5 4 4 6 -1  1
10166108705114189082
5 0 6 2 -1  1
10166216048539283721
5 1 3 2 -1  2
10166288203241189672
4 2 3 3 -1  2
10166316763594991607
7 7 7 3 -1  2
10166318693140626546
5 5 6 3 -1  1
10166517167548977975
7 1 7 2 -1  1
10166702520206444367
6 4 4 2 -1  1
10166730015286096571
2 1 2 3 -1  1
10166993347685388121
4 3 2 4 -1  1
10167055119041512378
5 4 4 4 -1  1
10167084054507905981
3 4 1 3 -1  1
10167098536934451918
3 4 4 3 -1  2
10167130486570895967
3 7 3 6 -1  1
10167256033452337646
6 5 4 5 -1  1
10167444616641100544
5 3 4 2 -1  1
10167514861078770158
2 4 3 4 -1  1
10167666642919169471
6 3 7 1 -1  1
10167889796202657300
3 1 6 4 -1  1
10168082710937879448
5 3 4 2 -1  1
10168195134123145575
7 5 6 4 -1  1
10168218211496010686
7 3 5 5 -1  1
10168310092920722481
7 2 5 4 -1  1
10168452463836437849
2 0 3 2 -1  1
10168486145303993297
5 2 3 0 -1  1
10168531447737230700
5 6 6 5 -1  1
10168648890261305932
4 7 3 7 -1  1
10168703169185503789
5 3 3 1 -1  1
10168734601746406833
6 6 5 6 -1  1
10168880866149204582
4 3 3 5 -1  1
10169057219357235298
7 2 6 3 -1  1
10169160054451088303
5 2 7 2 -1  1
10169289263064748187
7 0 0 0 -1  1
10169300056028695650
5 6 6 5 -1  1
10169389554474078285
6 3 4 2 -1  1
10169442194127600556
5 5 3 4 -1  1
10169468178128244896
7 3 7 2 -1  1
10169556605517095806
7 0 7 2 -1  1
10169660210668577754
6 2 7 1 -1  1
10169688573444642895
7 1 6 3 -1  1
10169771884133108010
2 7 1 7 -1  1
10169951720908199886
7 6 7 0 -1  1
10170245827706153339
7 2 6 1 -1  1
10170251347433663539
4 5 3 6 -1  1
10170408327419138024
6 6 5 5 -1  1
10170487559638005139
0 2 1 2 -1  1
10170519861581839293
5 6 5 7 -1  1
10170566163948923763
4 5 3 5 -1  1
10170617109805996454
3 0 7 0 -1  1
10170924969520220884
7 0 7 2 -1  1
7 3 6 2 -1  1
10171255152821519389
1 2 3 3 -1  1
10171298826837737348
6 1 7 2 -1  1
10171517952639971469
5 1 5 3 -1  1
10171756108850401471
3 5 4 3 -1  1
10171825234272987244
7 5 5 7 -1  1
10172008028603820471
4 5 5 4 -1  1
10172037595863322458
6 7 5 7 -1  1
10172198986209542807
5 7 4 7 -1  1
10172271663442947149
4 1 3 2 -1  1
10172345510468199535
3 1 4 2 -1  1
10172456318939237740
5 1 5 4 -1  1
10172596243081797413
5 0 5 1 -1  1
10172727494696266314
1 2 1 5 -1  3
10172742978597243502
1 7 3 5 -1  1
10172767374196501657
7 2 4 2 -1  1
10172788081200775023
5 1 6 2 -1  1
10172985760380745582
6 0 5 0 -1  1
10173181565604592652
1 0 5 0 -1  1
10173251052989408878
4 4 3 3 -1  1
10173306052478961047
7 4 6 3 -1  2
10173378584901429761
6 3 5 2 -1  1
10173413946183820398
5 6 3 5 -1  1
10173476834914440890
5 6 4 6 -1  1
10173697204135786026
7 2 6 4 -1  1
10173755569156009807
1 7 1 1 -1  1
10173779545293961897
7 1 3 1 -1  1
10173990759527610492
7 3 6 3 -1  1
10174088986389968026
7 3 6 3 -1  1
10174225771116558339
5 1 7 3 -1  1
10174242970343761482
7 2 2 7 -1  1
10174248000537672099
7 2 5 0 -1  4
7 5 6 6 -1  1
10174364779667431264
6 4 7 5 -1  1
10174511491026683137
7 3 5 1 -1  1
10174577024527086397
4 4 3 3 -1  1
10174785269135174404
7 6 0 6 -1  1
10174979302876654403
0 2 0 0 -1  1
10175047967817045656
7 2 7 0 -1  1
10175056037167724552
6 4 5 3 -1  1
10175194576853426561
0 0 0 2 -1  1
10175198034454778708
4 2 3 3 -1  1
7 1 5 2 -1  5
10175215248526293471
7 3 6 4 -1  1
10175281349998912992
6 1 3 4 -1  1
10175401160646139518
5 6 3 7 -1  1
10175637016213295662
7 3 5 1 -1  1
10175772209610425404
1 0 1 2 -1  1
10175988604097042594
6 6 7 5 -1  1
10176043187560111628
3 1 0 4 -1  1
10176055666036192438
4 6 3 7 -1  1
10176358560537273909
6 6 4 6 -1  1
10176525630438532632
4 1 3 0 -1  1
10176668838023740123
6 3 5 4 -1  1
10176846971292521536
7 6 7 7 -1  1
10176907767427484549
3 1 1 2 -1  1
10177023794620880961
3 4 5 3 -1  1
10177157589884939352
7 4 7 5 -1  1
10177265892612819769
0 2 2 2 -1  1
10177287239384687722
6 6 7 7 -1  2
10177308016507302681
4 2 5 2 -1  1
10177389793386043016
3 3 3 1 -1  2
10177396719209499785
5 5 7 3 -1  1
10177468628065470417
6 4 5 6 -1  1
10177552196536057295
7 2 6 2 -1  1
10177591667774955353
6 7 5 7 -1  1
10177592046595937033
6 1 5 2 -1  3
10177695094879474865
7 6 6 6 -1  1
10177916591635107093
7 3 7 2 -1  1
10178057029377478821
6 4 5 4 -1  1
10178104429333614225
5 4 4 4 -1  1
10178141081692637907
7 5 6 4 -1  2
10178151212566385483
3 4 2 2 -1  1
10178168385648126836
3 0 2 0 -1  1
10178436788560542364
1 3 6 3 -1  1
10178437911329335812
6 1 5 1 -1  1
10178501496740915829
6 3 5 3 -1  1
10178531735884871835
4 7 3 7 -1  1
10178594493988921332
5 6 7 7 -1  2
10179017144718013920
7 0 7 2 -1  1
10179431306597544964
5 6 4 7 -1  2
10179468039714827914
6 3 3 3 -1  1
10179500050865938752
7 0 7 3 -1  1
10179535606315128359
6 5 4 5 -1  1
10179630483155895101
6 5 5 6 -1  1
10179832921983508430
4 2 2 3 -1  2
10179936828475915347
5 5 4 3 -1  1
10179960065713626772
6 3 5 3 -1  1
10180024399537527695
2 0 1 1 -1  1
10180214109777762433
4 7 3 6 -1  1
10180412842381870335
7 2 6 3 -1  1
10180426713102707717
5 5 4 7 -1  1
10180431901849040116
6 3 5 3 -1  1
10180479018347708797
5 7 4 7 -1  1
10180535701833654880
5 1 4 1 -1  1
10180639864308461372
6 1 1 6 -1  1
10180711488680502194
7 5 7 6 -1  1
10181176702074731847
1 5 1 2 -1  1
10181273819409855292
5 2 5 6 -1  1
10181400128185857248
7 0 7 4 -1  1
10181536304400279378
0 0 2 0 -1  1
10181639669293895344
2 4 2 5 -1  1
10181685630966166944
5 1 3 2 -1  1
10181856573706813266
7 5 7 1 -1  1
10181956812609779907
5 6 4 7 -1  1
10181994114227847859
5 5 3 4 -1  1
10182188060447018685
4 3 5 5 -1  1
10182202803455727737
5 5 4 5 -1  1
10182302317691805815
3 2 5 1 -1  1
10182441576064525489
4 3 3 5 -1  1
10182478000717436740
4 1 3 2 -1  3
10182524091011244763
6 2 4 2 -1  1
10182672057884831048
6 6 5 6 -1  1
10182811893664443584
6 1 5 1 -1  3
10182993141797294093
5 5 4 3 -1  1
10183017378028953823
7 2 7 4 -1  1
10183082661734277981
6 3 5 4 -1  1
10183083680314505684
7 3 6 2 -1  1
10183186940148311107
1 3 1 7 -1  1
10183338613394948271
5 5 4 5 -1  1
10183448382311095892
4 4 3 5 -1  1
10183451479404058884
3 4 3 2 -1  1
10183533184047604007
6 4 5 5 -1  1
10183597626077972773
5 0 6 2 -1  2
10183599069856631065
7 2 6 1 -1  1
10183653165705868663
6 3 4 2 -1  1
10183678880260037489
6 0 5 0 -1  1
10183816563290504307
7 3 6 2 -1  1
10184150887577660823
7 5 7 4 -1  2
10184347241417288798
6 6 4 6 -1  1
10184565945974137468
5 4 3 2 -1  1
10184582586828245951
3 3 5 5 -1  1
10184812385424717801
6 3 4 3 -1  1
10185235281029072244
5 2 4 2 -1  1
10185776509360395572
5 5 5 2 -1  1
10185860474135667196
5 7 4 6 -1  1
10185918574877431352
2 5 4 3 -1  1
10185994306384050414
6 7 5 7 -1  1
10186073666904637400
6 6 5 5 -1  1
10186186445762536723
2 2 1 4 -1  1
10186206353732400707
6 3 5 3 -1  1
10186263069037553687
7 4 7 6 -1  1
10186328418275581828
6 4 5 6 -1  1
10186331468328098058
3 4 5 5 -1  1
10186883791403663982
3 5 4 7 -1  1
10186993928629317127
3 6 5 7 -1  1
10187149860822267412
6 2 4 2 -1  1
10187176832425877809
7 3 0 3 -1  1
10187197483740750131
5 1 4 1 -1  1
10187364369946156086
7 6 7 5 -1  1
10187688310702151407
7 6 6 6 -1  1
10187962937759325349
6 7 5 7 -1  1
10188271821297200594
7 6 5 5 -1  1
10188548897939359174
4 1 4 0 -1  1
10188658431237495068
4 7 2 6 -1  1
10188735105197742484
7 0 7 2 -1  1
10188745367255787909
3 6 1 7 -1  1
10188839030893067573
5 4 4 2 -1  1
10188933688846876065
5 5 4 4 -1  1
10188962719766809602
5 7 4 7 -1  1
10189134801727997124
4 0 3 0 -1  1
10189142600941943150
5 3 4 3 -1  1
10189157043290509860
1 0 2 0 -1  1
10189296326858868586
4 3 3 2 -1  1
10189383914921579852
6 0 5 0 -1  1
10189529712636112889
6 1 6 0 -1  1
10189598631542781244
7 6 6 6 -1  1
10189627548017893182
6 4 5 4 -1  1
10189718228859849113
2 3 1 3 -1  1
10189772135584521288
4 2 2 4 -1  1
10189812223931563151
1 1 3 2 -1  1
10189819796583458099
6 1 3 4 -1  1
10190171740463179997
5 0 5 1 -1  1
10190334855175370145
7 6 5 5 -1  6
10190489885125078862
5 4 4 3 -1  1
10190560238762928575
7 1 7 2 -1  1
10190942783610390379
7 3 6 3 -1  1
10191001295081492124
4 4 3 2 -1  1
10191299704198598609
5 3 4 2 -1  1
10191337635261794041
6 7 5 7 -1  1
10191354855822443218
3 6 2 6 -1  1
10191427812650793598
6 7 5 6 -1  1
10191481458847694591
1 1 1 2 -1  1
10191493105702854958
6 7 7 6 -1  1
10191596473522713357
2 3 1 3 -1  1
10191630592378596521
5 6 4 5 -1  1
10191793842596042225
7 1 0 1 -1  1
10191797405489616988
6 7 7 5 -1  1
10192024264151289966
6 7 4 7 -1  1
10192109341934523529
7 1 6 0 -1  1
10192250448024694761
7 7 6 7 -1  1
10192371705327945073
4 0 3 1 -1  1
10192550579921037453
6 1 2 5 -1  2
10192603960916511096
6 0 5 0 -1  1
10192791870645932212
5 5 3 4 -1  1
10192872753736043924
7 2 4 2 -1  2
10193010673893686658
6 1 4 1 -1  1
10193017015355772964
5 7 4 6 -1  1
10193108274441850164
6 0 5 0 -1  1
10193180153678057666
6 0 5 0 -1  1
10193385147005071394
4 5 3 5 -1  1
10193392777823888614
7 5 7 2 -1  1
10193430293569955348
5 4 2 7 -1  1
10193541984468594969
5 3 4 4 -1  1
10193571606975635371
7 3 7 6 -1  1
10193744547757137970
3 1 3 2 -1  1
10193877602526762426
5 2 4 2 -1  1
10193948475104233271
4 3 3 4 -1  1
10194064926635660946
4 6 3 6 -1  1
10194182966584591955
5 3 4 2 -1  1
10194256487296236843
4 4 3 4 -1  1
10194393852646925644
7 0 7 3 -1  1
10194430023813434376
3 5 3 3 -1  1
10194430750832988016
6 5 5 5 -1  1
10194504204744047632
7 7 6 6 -1  1
10194599068105548419
1 6 1 1 -1  1
10194657900653427280
5 0 7 2 -1  1
10194836221735613950
2 1 0 1 -1  1
10195089420375165244
7 3 7 2 -1  1
10195601895965508637
6 6 7 6 -1  1
10195849781383723339
6 7 7 6 -1  1
10195882404798717951
4 3 5 1 -1  1
10196033507675112780
5 5 6 3 -1  1
10196153533560361150
3 0 1 2 -1  1
10196221782977723889
6 5 4 5 -1  1
10196510508837624238
4 4 3 3 -1  1
10196649714440186805
7 3 7 5 -1  1
10196809524147412995
5 5 5 3 -1  2
10196844998805094155
5 3 5 2 -1  1
10196977421648013082
3 1 2 0 -1  1
10197202040081266863
7 7 6 6 -1  1
10197234908407485226
5 4 3 2 -1  1
10197281368361326340
2 2 1 2 -1  1
10197292608805109986
7 4 7 3 -1  1
10197301909849063712
1 1 3 1 -1  1
10197403987262207386
4 4 3 6 -1  1
10197461651859991787
1 1 3 2 -1  1
10197483992241329055
5 4 4 3 -1  1
10197503046888769858
7 2 6 2 -1  1
10197529928835547608
3 1 1 3 -1  1
10197656173791308651
7 1 6 1 -1  1
10197664440141988237
7 2 5 4 -1  1
10197671893860600787
3 1 4 3 -1  1
10197846636445367028
3 1 4 0 -1  1
10197997140790398665
3 6 2 5 -1  1
10198147805669384551
4 0 3 0 -1  1
10198167184325885686
7 5 1 5 -1  1
10198203791122539852
7 2 7 5 -1  1
10198221028972082305
1 5 2 5 -1  1
10198303584269468253
6 5 4 5 -1  1
10198865677192251240
4 5 3 4 -1  1
10199131248943210644
6 4 4 5 -1  1
10199247943770303738
0 7 0 6 -1  1
10199277746678589377
7 2 5 2 -1  1
10199304464612147542
3 6 5 6 -1  1
10199397248499751852
6 2 3 5 -1  1
10199438935997064346
5 2 3 1 -1  1
10199536818882454692
1 5 1 0 -1  1
10199567580557595996
7 2 3 6 -1  1
10199575380012781519
6 5 5 4 -1  1
10199641391702205550
7 3 5 1 -1  1
10199803692222823486
0 4 5 4 -1  1
10199933015895609901
5 4 6 4 -1  1
10200014634960668882
3 3 4 2 -1  1
10200020678060389668
6 5 5 4 -1  1
10200045081678238362
4 2 3 3 -1  1
10200077304333272127
7 2 5 2 -1  1
10200419367754874395
6 6 5 6 -1  1
10200426738961823533
6 6 5 5 -1  1
10200438613523115232
5 5 6 5 -1  1
10200626236690671220
5 5 3 3 -1  1
10200639540844530311
4 4 6 2 -1  1
10200744017198346479
6 3 0 3 -1  1
10200900532800783571
0 1 0 5 -1  1
10200955125607976790
5 2 3 1 -1  1
10201072572855040344
5 4 5 3 -1  1
10201287367145377818
6 2 6 3 -1  1
10201786458154045779
6 4 4 4 -1  1
10201801933902318642
5 5 2 2 -1  1
10201816314731612773
5 5 4 5 -1  1
10201852525881537340
7 4 7 3 -1  1
10202104544645476832
6 6 5 7 -1  1
10202121637852135089
7 3 6 4 -1  1
10202150175793215013
2 3 1 3 -1  1
10202257986160879746
6 3 5 3 -1  2
10202283783023100270
7 1 6 1 -1  1
10202423569450491230
4 3 3 1 -1  1
10202516948598904221
5 3 3 1 -1  1
10202651296191623583
4 4 2 2 -1  1
10202719369352924617
7 1 6 3 -1  1
10202726057215183835
7 5 7 2 -1  1
10202842250365105223
7 0 0 0 -1  1
10202870817453765345
7 2 6 1 -1  1
10202884164530366134
1 3 0 3 -1  1
10202970900613772118
7 6 6 4 -1  1
10203033015012449324
5 2 2 2 -1  1
10203092371322860168
7 6 5 6 -1  1
10203285613733292429
4 2 6 4 -1  1
10203487129868412254
7 1 0 1 -1  1
10203594351028183136
7 7 6 7 -1  1
10203637152435086606
6 3 3 6 -1  1
10203781444152825182
3 0 4 0 -1  1
10204281552905902664
6 2 4 2 -1  1
6 3 5 3 -1  2
7 1 5 2 -1  1
10204370593021335728
5 4 3 5 -1  1
10204681715666764530
4 6 3 7 -1  1
10204869090920410114
3 6 2 6 -1  1
10204920192731150861
5 7 3 5 -1  3
10204928449535705404
0 1 2 2 -1  1
10204983339097871257
3 1 6 4 -1  1
10205164585206656587
4 5 3 5 -1  1
10205214821074385404
5 3 5 6 -1  1
10205471137201685272
7 3 4 3 -1  1
10205963647541375242
7 0 7 2 -1  1
10206151883085382246
5 2 4 1 -1  1
10206213115355996412
6 3 4 1 -1  1
10206366224186807922
7 0 2 5 -1  1
10206684956125028386
6 6 5 7 -1  1
10206705211560037614
5 2 4 0 -1  3
10206737453004295126
7 3 6 3 -1  1
10206866078875521711
5 5 7 4 -1  1
10206971685589582609
6 5 5 4 -1  1
10207037858633650009
5 1 3 3 -1  1
10207328952142286813
4 3 3 2 -1  2
6 6 5 6 -1  2
7 2 4 5 -1  2
10207508582445531716
2 2 5 5 -1  1
10207573132074322848
6 0 6 1 -1  1
10207774031109337124
7 2 5 2 -1  1
10207853003072260201
6 4 5 2 -1  1
10208076244920662878
0 4 0 7 -1  1
10208127897573082412
4 3 3 3 -1  1
10208329531123097912
4 5 3 3 -1  1
10208687265496210661
6 6 5 7 -1  1
10208735387178399593
3 4 4 6 -1  1
10208785110458996879
5 2 4 2 -1  1
10208870618482322025
7 6 7 5 -1  1
10208912285418688289
3 2 2 1 -1  1
10209107124395455333
4 2 6 0 -1  1
10209319615041136172
6 3 7 4 -1  1
10209488634120098406
0 3 0 4 -1  1
10209667538377451589
4 6 3 6 -1  1
10209713937331417816
7 6 6 7 -1  1
10209754782047255676
7 4 7 2 -1  1
10209853469667872218
6 3 5 3 -1  3
10209897303400565406
6 6 2 6 -1  1
10210042079843865798
7 5 7 0 -1  2
10210069713126253755
3 1 2 2 -1  2
10210078964648763963
7 6 5 5 -1  2
10210147386325178910
5 1 4 2 -1  1
10210467275375415873
4 7 5 6 -1  1
10210576487128240542
7 2 3 2 -1  1
10210676306071296219
6 5 5 5 -1  1
10210749554453972118
1 3 1 4 -1  1
10210923633196775577
7 4 0 4 -1  1
10211152910831348635
5 2 4 3 -1  1
10211187977323516175
7 5 6 5 -1  1
10211393371984045435
6 4 5 3 -1  1
10211423144344623705
4 5 4 6 -1  1
10211589898978119199
5 1 6 1 -1  2
10211730963123875137
6 3 5 3 -1  1
10211751661950423210
6 2 4 2 -1  5
10211804756855575856
7 3 4 0 -1  1
10211950396029969268
6 2 6 4 -1  1
10212006426669680296
3 2 4 0 -1  1
10212019551412730503
7 1 7 2 -1  1
10212078205115887267
0 6 0 5 -1  1
10212091726985345331
6 3 7 3 -1  1
10212120807522679066
4 4 3 5 -1  1
10212177366936534947
7 0 7 1 -1  1
10212464135944889599
5 3 4 3 -1  1
10212499226101112775
7 3 7 2 -1  1
10212510681188693199
6 1 4 1 -1  1
10212643860491515745
6 6 5 6 -1  1
10212744674920285845
4 4 3 5 -1  1
10212799440278434861
5 5 4 3 -1  1
10212912805194366859
7 5 7 4 -1  1
10212934218725700805
6 5 5 5 -1  1
10212980869320893792
7 5 7 3 -1  1
10213037276276951072
2 7 1 6 -1  1
10213089084802750187
2 7 2 6 -1  1
10213110773541406068
5 2 6 4 -1  1
10213161542604135649
5 5 3 4 -1  1
10213277826081658520
6 7 4 7 -1  1
10213367846086933345
1 0 1 1 -1  1
10213430603706309261
6 4 4 3 -1  1
10213518750934954674
6 5 7 4 -1  1
10213616678010542330
1 1 1 2 -1  1
10214097487057356970
5 5 6 3 -1  1
10214333604792988485
6 2 7 0 -1  1
10214361675361866227
5 2 6 1 -1  1
10214414650673382194
4 2 3 2 -1  1
10215051256575857792
6 7 5 7 -1  1
10215126682301835422
6 3 7 4 -1  1
10215185107831403815
6 1 5 2 -1  1
10215407539186396265
2 5 4 4 -1  1
10215576778979941309
4 7 3 7 -1  1
10215577709221467517
5 3 3 4 -1  1
10215598136817867446
3 1 4 2 -1  1
10215628800623602391
7 2 5 2 -1  1
10215630619005685060
7 3 7 4 -1  1
10215682989359477216
7 3 7 2 -1  1
10215716897660546019
6 3 7 5 -1  1
10215889878328041634
7 0 6 0 -1  1
10215927464525940492
5 3 5 4 -1  2
10216009127811513713
6 1 5 1 -1  1
7 5 7 3 -1  2
10216019518405234225
3 1 0 4 -1  1
10216020555352909245
4 0 6 0 -1  1
10216107207504377409
6 6 6 5 -1  1
10216185109288155259
6 4 0 4 -1  1
10216346472112060694
6 4 5 3 -1  1
10216433789459255290
1 1 1 3 -1  1
10216619347211606044
7 5 7 4 -1  1
10216630284655574392
7 1 5 2 -1  1
10216740659023998191
7 0 7 2 -1  1
10216771033078787782
5 7 4 7 -1  1
10216980022857749418
3 4 2 2 -1  1
10217214110538122774
4 0 3 1 -1  1
10217516985570491660
7 2 5 0 -1  1
10217549673150649739
6 4 5 6 -1  1
10217586690243142275
5 2 3 3 -1  1
10217647500831982532
6 6 5 6 -1  1
10217808533734996302
6 4 7 3 -1  1
10217935402750520498
6 1 5 2 -1  1
10218026680185814546
6 6 3 3 -1  1
10218227472169726447
6 7 7 6 -1  1
10218252154808022917
2 6 1 7 -1  1
10218256790108005281
7 5 6 5 -1  1
10218424346385446102
7 2 3 6 -1  1
10218461693611528118
4 2 2 3 -1  1
10218488185496860070
3 4 5 3 -1  2
10218499804626689427
5 5 6 3 -1  2
10218505807352693529
4 3 3 3 -1  1
10218508504958980712
5 5 4 5 -1  1
10218518178607378297
5 5 3 4 -1  1
10218544504823382892
7 6 6 6 -1  2
10218691207970164875
7 3 4 3 -1  1
10218707922881506927
4 4 3 4 -1  1
10218953479796093674
5 5 4 4 -1  1
10219042277341708791
6 2 6 3 -1  1
10219050262697000480
5 4 5 3 -1  1
10219101192815566643
0 2 0 1 -1  1
10219343230944287292
5 1 3 2 -1  1
10219539839521428322
3 2 2 3 -1  1
10219663092790541624
7 4 7 6 -1  1
10219793317694345598
7 4 7 6 -1  1
10219826434540336497
6 4 5 4 -1  3
10220371965263644890
5 5 5 4 -1  1
10220640501252759845
3 1 2 0 -1  2
10220695998719713183
4 4 5 2 -1  1
10220715597580965058
7 3 5 5 -1  1
10220838383503309216
3 2 7 2 -1  1
10220852076107694994
6 3 3 0 -1  1
10221137109774910968
4 5 3 6 -1  1
10221151949556204966
1 0 2 1 -1  1
10221240365406523996
7 2 5 2 -1  1
10221255346130692087
3 7 1 5 -1  1
10221404227019922192
4 4 3 4 -1  1
10221462208009044826
6 3 6 2 -1  1
10221817406233468240
6 3 4 2 -1  1
10222293227781926988
3 5 3 4 -1  1
10222518876218577052
4 2 5 1 -1  1
10222753103386444519
6 2 4 2 -1  1
10222801590322637577
5 0 3 2 -1  1
10222808578125618477
6 3 5 3 -1  1
10222914591490333917
6 2 7 3 -1  1
10223075345755612576
2 4 4 2 -1  1
10223234967580733313
7 5 7 4 -1  1
10223439438186233543
7 5 6 6 -1  1
10223629973309155056
3 0 3 4 -1  1
10223653277746552583
7 5 6 6 -1  1
10223706993507370318
6 4 5 4 -1  3
7 1 6 3 -1  1
10223769652123120318
7 6 6 6 -1  1
10223919862127790406
3 3 2 4 -1  1
10224156493468498775
7 2 5 0 -1  1
10224187283329296700
5 7 4 6 -1  1
10224327027991634240
6 4 4 3 -1  1
10224663430326463005
3 4 2 2 -1  1
10224694828413545530
5 3 7 4 -1  1
10224764168893125108
5 6 4 5 -1  1
10224857476528765613
6 3 5 3 -1  10
10225032741598963397
7 6 7 5 -1  2
10225226298148364895
5 3 4 4 -1  1
10225299007386070417
4 2 3 1 -1  1
10225314297959021145
5 4 4 3 -1  1
10225611097427757047
0 2 2 2 -1  1
10225642883417233667
7 4 7 0 -1  1
10225696424083622348
6 6 5 5 -1  1
10225742842660451389
6 4 5 3 -1  1
10225746303626501353
2 2 1 1 -1  1
10225774867151702458
5 4 4 3 -1  3
10226241959519307680
6 3 5 2 -1  1
10226355577654660597
7 6 5 5 -1  1
10226380349111445847
7 4 7 3 -1  1
10226522650886624174
6 4 5 3 -1  1
10226555899516159597
7 0 7 1 -1  1
10226972593129715772
5 6 4 5 -1  1
10226993093870299613
3 2 2 2 -1  1
10226995973415725150
6 6 5 6 -1  1
10227014588405903307
7 5 6 5 -1  1
10227024399743493770
3 4 3 7 -1  1
10227091838490641124
7 2 7 0 -1  1
10227289331008154394
6 5 7 5 -1  1
10227517529070943046
3 6 2 5 -1  1
10227729512553155446
7 1 4 1 -1  1
10227919161782350826
6 7 4 7 -1  1
10228287863328379945
7 3 1 3 -1  1
10228364447255977967
4 3 3 3 -1  1
10228488089493785009
5 2 4 0 -1  1
10228507124142871024
7 2 6 1 -1  1
10228918655119300475
7 5 6 6 -1  1
10228951968436447285
7 5 6 6 -1  1
10229039947074050094
5 4 4 3 -1  1
10229087574171417601
7 6 7 5 -1  1
10229114838195447205
3 4 5 3 -1  1
10229121812220450736
6 2 6 1 -1  1
10229122417298949794
5 4 4 4 -1  1
10229313671171966337
4 6 5 6 -1  1
10229349321749268637
6 0 6 3 -1  1
10229350970887699445
5 5 4 5 -1  1
10229383092062493667
1 2 2 2 -1  1
10229449572360178427
6 2 7 3 -1  1
6 3 6 4 -1  1
10229471013602462116
3 2 6 5 -1  1
10229659590275775174
7 2 4 5 -1  1
10229736314647832284
4 5 3 4 -1  1
10229941356802417048
4 0 3 0 -1  1
10230013359540439559
3 7 4 7 -1  1
10230117392743192345
7 2 5 4 -1  1
10230262305660964739
4 5 5 6 -1  1
10230273053286806832
6 7 5 5 -1  1
10230311595275476889
7 0 7 2 -1  1
10230621668515500618
6 4 6 2 -1  1
10230684534088373217
5 5 6 3 -1  1
10231102433350130474
5 6 4 6 -1  1
10231131082228494938
7 6 7 0 -1  1
10231389309737580566
5 7 4 7 -1  1
10231453101962323845
6 4 6 3 -1  1
10232066375135884155
3 4 1 5 -1  1
10232119590861427390
3 5 2 6 -1  2
10232235129250737701
7 0 7 1 -1  1
10232298617437433505
4 6 6 4 -1  1
10232349832091673345
4 5 7 2 -1  1
10232373776961293516
6 1 5 0 -1  1
10232543143025630722
6 6 3 3 -1  1
10232775545982030594
5 6 6 5 -1  1
10232925817241185127
7 2 7 1 -1  1
10233121724503026997
7 4 5 4 -1  1
10233127003129672890
3 6 2 5 -1  1
10233248946821942369
5 5 4 3 -1  1
10233316996932355317
5 3 7 4 -1  1
10233477866044410327
1 3 4 3 -1  1
10233496691761048537
5 5 4 7 -1  1
10233498650660497789
0 0 1 0 -1  1
10233520371899090464
7 2 7 3 -1  1
10233594969457996717
7 2 5 4 -1  1
10233644928614289288
6 2 6 4 -1  1
10233853195517409310
7 5 6 5 -1  1
10234023062042120302
7 6 6 7 -1  1
10234062470726665891
7 6 7 7 -1  1
10234133205574283825
5 5 6 3 -1  1
10234376066107962835
6 0 5 0 -1  1
10234496362272097411
6 1 5 1 -1  2
10234602217356882410
7 2 0 2 -1  1
10234602843875052969
7 4 4 7 -1  1
10234938819786369687
7 0 7 1 -1  2
10234986588002182524
1 2 1 0 -1  1
10235336249552278437
5 2 3 3 -1  1
10235378597377343305
5 5 6 6 -1  1
10235444651662616477
5 6 6 5 -1  1
10235513763755409164
7 3 7 5 -1  1
10235889014847621248
7 0 7 3 -1  2
10235917827053220281
2 3 1 2 -1  1
10235956271887155480
3 4 3 5 -1  1
10236128731557385587
7 6 7 1 -1  1
10236182554601061588
5 1 5 0 -1  1
10236514037766188149
5 5 3 4 -1  2
10236588405826829000
7 1 6 2 -1  1
10236655718321025722
4 1 3 1 -1  1
10236704009564313298
4 0 1 0 -1  1
10237103748259414299
6 6 7 6 -1  1
10237230619292899496
6 4 5 6 -1  3
10237239180165608106
6 4 4 6 -1  1
10237274714240216096
7 2 6 1 -1  1
10237552763340039449
6 1 4 1 -1  1
10237604833985216270
7 6 7 7 -1  1
10237652831190395362
4 3 3 2 -1  1
7 2 4 5 -1  2
10237821959488454919
6 3 3 6 -1  1
10237909414733278245
5 1 2 4 -1  1
10238089594806119313
7 3 7 0 -1  1
10238384329477773202
6 6 5 7 -1  1
10238635792385906737
7 2 0 2 -1  1
10238689444344788169
6 7 5 6 -1  1
10238703196586258107
4 1 3 1 -1  1
10239096449475671691
4 0 1 0 -1  1
10239417656111806004
7 4 6 4 -1  1
10239422460887950722
5 6 6 7 -1  1
10239441034784454099
7 6 6 6 -1  1
10239467177875669929
7 7 7 3 -1  1
10239568578809877656
5 6 4 5 -1  1
10239875629168787951
6 4 5 5 -1  2
10240575749819730016
6 2 4 3 -1  1
10240787608865350422
3 2 3 3 -1  2
10241236956090601879
5 2 6 4 -1  1
10241654660057434245
6 3 3 6 -1  1
10241799805361546099
4 4 5 6 -1  1
10241935354638864350
3 5 2 6 -1  1
10242173786304737586
6 5 5 5 -1  1
10242181492165286675
3 4 5 4 -1  1
10242463903651570299
5 0 4 1 -1  1
10242490078312766290
7 3 5 5 -1  1
7 5 3 1 -1  3
7 5 4 2 -1  15
7 6 5 5 -1  14
10242491908830956782
5 4 3 6 -1  1
10242802533914687528
6 1 7 2 -1  1
10242944284793771181
6 4 4 5 -1  1
10242966694560921814
4 5 7 2 -1  1
10242978241139469947
7 3 7 5 -1  1
10243220496642574315
6 3 2 3 -1  1
10243242930391820714
1 3 3 2 -1  1
10243265075876754953
6 4 2 4 -1  1
10243306638757961954
7 0 6 1 -1  1
10243400073979735777
7 1 7 0 -1  1
10243410928559837901
5 4 4 4 -1  1
10243522941996765885
4 4 7 4 -1  1
10243590859077185184
7 1 1 1 -1  1
10243642121772766416
5 7 4 7 -1  1
10243716003156302268
3 6 5 4 -1  1
10243846384131857892
3 6 4 7 -1  1
10243857935394807658
7 5 6 6 -1  1
10244097311135244867
6 0 5 0 -1  1
10244315797936777879
6 1 5 2 -1  1
10244432013144635654
4 6 3 6 -1  1
10244781184066265581
2 7 3 5 -1  1
10244812015699346671
4 3 3 4 -1  1
10245126556828041162
7 3 6 4 -1  1
10245267236244493158
6 3 5 4 -1  1
10245308734214102352
5 4 6 3 -1  1
10245429763431346384
3 6 2 5 -1  1
10245616809484149697
7 5 7 4 -1  1
10245835802076133795
5 2 3 1 -1  1
10245848377202310710
0 5 0 4 -1  1
