10537213542334259739
6 4 3 1 -1  1
10537376249835942008
6 1 5 2 -1  1
10537582608508267553
1 3 1 2 -1  1
10537673937369204332
7 6 6 6 -1  1
10537688913141537123
6 3 5 2 -1  1
10537813401593469929
4 4 3 4 -1  1
10537870668023045158
7 4 7 6 -1  1
10538047263909454094
5 7 3 7 -1  1
10538145724533539149
6 3 4 3 -1  2
10538225042912705549
7 3 3 3 -1  1
10538247967695954878
6 3 6 4 -1  2
10538493141844177409
5 5 4 3 -1  1
10538513458912614475
7 3 0 3 -1  1
10538676737308980597
5 6 6 5 -1  1
10538795312696449698
7 5 7 4 -1  1
10538863082360982504
7 3 1 3 -1  1
10539118491245269338
4 1 1 4 -1  1
10539334734488624564
7 4 6 5 -1  1
10539639830004010445
5 5 5 3 -1  1
10539690816360123502
6 4 5 3 -1  1
10539760368485809834
5 4 6 3 -1  1
10539878344999212116
6 3 4 3 -1  2
7 4 7 6 -1  18
10540475740134494204
7 6 6 5 -1  1
10540508689956629955
6 7 7 6 -1  2
10540541616239706700
2 2 4 2 -1  1
10540965049808783534
3 1 2 2 -1  1
10541185404464138653
2 5 2 6 -1  1
10541207730669347187
3 3 4 3 -1  1
10541239011640515010
5 3 6 2 -1  1
10541348991279797638
3 3 4 4 -1  1
10541428095692390755
6 7 5 7 -1  1
10541447981262258044
4 3 4 7 -1  1
10541632569488783971
7 3 0 3 -1  1
10541927923080968230
2 1 3 3 -1  1
10542044796975183472
7 1 6 3 -1  1
10542232214589420044
5 3 6 2 -1  1
10542468196821402200
6 1 5 1 -1  1
10542545095308251530
7 0 7 1 -1  1
10542619613900195030
6 3 5 2 -1  1
10542673528531166442
4 3 3 4 -1  1
10542730539748216526
4 7 3 5 -1  2
10542878981161507899
4 2 5 1 -1  1
10542917592588780037
7 4 6 6 -1  1
10542986779873212613
4 4 7 4 -1  1
10543016631567265806
2 7 1 6 -1  1
10543030173566375084
1 6 2 5 -1  1
10543737799535808877
3 1 4 0 -1  1
10543769235728517806
3 7 6 4 -1  1
10543797480103720462
6 3 4 2 -1  2
10543923319496565148
7 4 6 4 -1  1
10543941732392876483
7 0 0 0 -1  1
10543986380729934729
6 4 4 6 -1  1
10544046605434765112
6 3 6 0 -1  1
10544051596064885884
7 2 6 1 -1  1
10544119636465222942
6 7 5 7 -1  1
10544187967705527997
6 1 4 1 -1  1
10544285918200188555
5 0 4 1 -1  1
10544694884829146191
6 2 5 3 -1  2
10544891953922807152
1 2 2 2 -1  3
10544915235532026729
5 5 4 4 -1  1
10545060620912803414
5 2 4 1 -1  1
10545881193293106713
6 4 7 4 -1  1
10545941910644377881
7 2 6 3 -1  1
10545946786748525665
5 5 4 3 -1  1
10546009275894551204
7 6 6 4 -1  1
10546031350641249546
7 3 7 2 -1  1
10546113547504545653
6 1 4 1 -1  1
10546391681892579577
5 6 4 6 -1  1
10546516029390861685
5 4 5 3 -1  1
10546550393012622651
5 6 4 6 -1  1
10546603045977927049
3 5 5 5 -1  1
10546931427192693172
6 3 6 4 -1  1
10547033368443838108
2 4 1 2 -1  1
10547049901889448086
6 7 4 7 -1  1
10547446953368317846
4 6 5 7 -1  1
10547591192879655630
1 3 2 3 -1  1
10547591601262323919
6 0 5 0 -1  1
10547667086967827431
5 2 5 3 -1  1
10547704672874023592
7 2 4 5 -1  1
10548021518707114616
7 7 6 7 -1  1
10548543163461334301
1 1 4 4 -1  1
10548563286247351092
6 3 6 6 -1  1
10548646483566636191
6 4 4 3 -1  1
10548830026388504177
4 1 3 2 -1  1
10548970765640514364
1 7 4 4 -1  1
10549200509850832662
7 0 0 0 -1  1
10549349857378085543
5 4 5 3 -1  1
10549465347165060595
6 3 7 2 -1  1
10549483369824709272
4 2 3 4 -1  1
10549614086638906826
3 5 2 5 -1  1
10549652239655583887
1 2 2 3 -1  1
10549694248345536439
6 2 4 2 -1  1
10549796089600062658
3 1 2 1 -1  1
10550035945082739800
6 5 7 5 -1  1
10550157687357146340
3 5 4 6 -1  1
10550158365654787181
6 7 5 7 -1  2
7 5 5 3 -1  2
10550223170726367514
7 6 7 5 -1  1
10550421150948901475
7 1 7 2 -1  1
10550515333009334366
4 3 5 3 -1  1
10550533341112687491
7 4 7 5 -1  1
10550538686584883115
6 7 5 7 -1  1
10550606596226100180
5 2 3 1 -1  1
10550677469101763907
6 4 4 2 -1  1
10551066810483368451
3 4 4 2 -1  1
10551147852391140362
2 3 1 3 -1  1
10551240239736159703
6 3 4 3 -1  1
10551360063255724733
2 1 1 2 -1  1
10551433167241544813
4 0 5 1 -1  1
10551488348056814219
1 1 3 1 -1  1
10551620069694757316
4 2 3 3 -1  1
10551684566867069281
7 5 6 4 -1  1
10551790715565929049
5 6 6 4 -1  3
10551881190596582637
4 0 3 0 -1  2
10552104991308350024
7 3 6 2 -1  1
10552120525499079571
7 4 6 4 -1  1
10552263098644999597
5 0 4 0 -1  1
10552292860050745175
6 7 5 7 -1  1
10552314930782103366
6 7 7 6 -1  1
10552315814365312622
2 4 1 5 -1  1
10552316500419241900
5 1 4 0 -1  1
10552363978385365579
3 1 3 2 -1  1
10552507205626010707
5 1 6 2 -1  1
10553006366558008666
3 7 5 7 -1  1
10553014110816556811
6 4 4 6 -1  1
10553126859395072473
5 5 6 3 -1  1
10553254878104515059
5 5 4 3 -1  1
10553267403584954871
4 0 5 0 -1  1
10553387264630415033
4 3 3 2 -1  1
10553434178420851995
3 4 1 3 -1  1
10553439855123296866
4 1 6 2 -1  1
10553480789047823645
7 1 7 2 -1  1
10553489622206798175
5 5 7 4 -1  2
6 7 5 7 -1  1
10553622543224197706
3 3 2 3 -1  1
10554053303142915072
6 3 5 3 -1  1
10554071832844151003
6 2 5 2 -1  1
10554083196132080519
6 6 5 7 -1  1
10554129364399164160
3 2 4 4 -1  1
10554168095608948955
5 6 6 4 -1  2
10554237335106547832
7 4 7 2 -1  1
10554289099764358873
6 2 7 2 -1  1
10554315940449303725
6 3 4 3 -1  1
10554571657765523324
7 2 6 1 -1  1
10554620743785506280
5 1 3 2 -1  1
10554669169319802106
5 3 4 3 -1  1
10554954038083128840
6 2 7 2 -1  1
10555756534221173460
5 4 3 6 -1  1
10555773359596770771
7 2 6 1 -1  1
10555778696332723037
6 6 5 5 -1  1
10555792511615741573
6 5 4 5 -1  1
10555857875412192481
7 5 6 4 -1  1
10555861741769429005
5 5 3 4 -1  1
10555890541444563356
3 3 4 3 -1  1
10555993978199009302
7 4 7 6 -1  1
10556019539098126634
6 4 4 5 -1  1
10556272626309155733
7 3 7 5 -1  1
10556354471347781930
6 0 4 0 -1  1
10556425434430947931
7 0 7 1 -1  1
10556571579319033658
5 4 3 3 -1  1
10556634222966207665
6 5 7 6 -1  1
10556668796671754474
7 5 7 3 -1  1
10556670985690788150
6 1 4 1 -1  1
10556900584655950242
7 2 7 1 -1  1
10556923170449851971
6 6 5 7 -1  1
10557042818595214527
7 5 6 4 -1  1
10557424085534625572
5 4 4 3 -1  1
10557648433195414203
5 1 4 1 -1  2
10557719793569412477
5 1 3 0 -1  1
10557756069783286946
6 4 4 3 -1  1
10558075234640981948
1 3 0 5 -1  1
1 3 2 1 -1  1
10558351570012529273
5 2 7 1 -1  1
6 6 5 6 -1  3
10558486146597112513
6 7 5 7 -1  1
10558574714388343333
6 3 5 2 -1  1
10558974267594813766
5 4 5 7 -1  1
10559007049396431685
7 6 6 5 -1  1
10559153102206955793
7 0 7 2 -1  1
10559338666200460320
6 0 4 0 -1  1
10559533812526379655
3 2 3 6 -1  1
10559783957306516061
7 2 3 2 -1  1
10559888513004370468
6 3 5 3 -1  2
7 1 5 2 -1  11
7 5 3 1 -1  4
7 6 5 5 -1  34
10560008657863548658
7 5 7 4 -1  1
10560235831289253716
4 3 6 4 -1  1
10560372189943884520
7 3 5 3 -1  1
10560437803089550842
7 0 7 1 -1  1
10560517806988651243
5 5 6 4 -1  1
10560540128602032332
7 7 7 6 -1  1
10560661389694660900
5 6 6 7 -1  1
10560705742480239175
5 6 3 6 -1  1
10560735564439828454
7 6 6 6 -1  1
10560882263370731684
7 5 4 2 -1  1
10560896243673818990
6 2 6 1 -1  1
10560946672573375125
5 7 4 6 -1  1
10560969256434380675
5 3 4 3 -1  1
10560984192411050632
7 4 7 3 -1  1
10561562240210728877
4 4 3 3 -1  1
10561575131943713916
7 1 5 0 -1  1
10561618260690711220
6 0 5 0 -1  1
10561692632751787109
5 7 4 7 -1  1
10561782999572441444
6 1 7 2 -1  1
10561926964080619669
5 7 2 4 -1  1
10561958133230037558
6 1 4 1 -1  1
10562540573954055847
7 2 5 4 -1  2
10562846589273624836
6 2 4 2 -1  1
10563183257540921706
6 0 5 0 -1  1
10563259574507439842
6 6 5 5 -1  1
10563320361784360876
7 6 6 7 -1  1
10563392514649574148
5 4 5 2 -1  1
10563441220506866556
7 2 1 2 -1  1
10563777582053974529
6 4 6 6 -1  1
10563790920793399654
6 0 4 0 -1  1
10563830934138307169
7 5 4 2 -1  1
10564000671854486055
6 1 4 1 -1  1
10564051312054767507
7 1 5 2 -1  1
10564078716351216018
7 2 5 4 -1  1
10564165256693304813
6 2 6 3 -1  1
10564316862667764449
5 5 7 6 -1  1
10564367973813508950
6 0 5 0 -1  1
10564475144187448290
5 3 6 3 -1  1
10564596997926210531
7 2 7 1 -1  1
10564727416175853500
5 5 4 6 -1  4
7 0 7 1 -1  2
10564784803934649356
4 6 7 3 -1  1
10564786179507642827
5 1 6 3 -1  2
10565161766830356756
5 5 0 5 -1  1
10565308044956385551
7 2 6 1 -1  5
10565313456819092041
4 7 2 6 -1  1
10565517453290656471
5 3 5 2 -1  1
10565718210230481792
7 0 4 0 -1  1
10565742296813922412
6 4 6 3 -1  1
10565980370836761182
5 1 4 2 -1  1
10566274639447788119
5 5 7 6 -1  1
10566331529723156408
7 6 7 7 -1  2
10566361957933714972
4 3 5 4 -1  1
10566575845629828016
4 3 2 1 -1  1
10566619722872214399
3 4 4 3 -1  1
10566630532834167715
2 5 2 0 -1  1
10566879776440558912
5 3 6 4 -1  1
10567047840467495024
7 6 6 5 -1  1
10567066366028247286
6 6 5 6 -1  1
10567246394955471655
4 0 4 2 -1  1
10567297787108194576
6 4 4 6 -1  1
10567334018060256333
5 5 3 3 -1  1
10567516574036550643
6 3 4 1 -1  1
10567638576519730264
6 3 6 2 -1  1
10567792272143968062
6 7 5 7 -1  1
10567807671611640256
7 2 7 3 -1  1
10567912946360753544
5 6 4 5 -1  1
10567944573310733855
6 4 7 3 -1  1
10568049498300993956
7 2 6 3 -1  1
10568058957485691854
4 2 5 1 -1  1
6 0 5 0 -1  1
7 5 7 4 -1  1
10568254185428068639
6 3 6 7 -1  1
10568276596753714449
7 1 7 2 -1  1
10568493180252894222
5 3 4 3 -1  1
10568631997769464957
7 4 7 6 -1  1
10568652237678382242
5 6 3 5 -1  1
10568827260349569153
7 2 4 5 -1  1
10569053299175457490
5 3 4 2 -1  1
10569066416098098017
7 4 7 1 -1  1
10569178403581107571
3 2 4 4 -1  1
10569341884403897381
6 4 3 1 -1  1
10569397621982360722
7 5 7 4 -1  2
10569408600917809694
5 3 6 4 -1  1
10569524217371525368
2 0 4 2 -1  1
10569788695323640414
1 0 3 0 -1  1
10569826408216538512
4 4 1 4 -1  1
10569897835050461913
7 0 7 5 -1  1
10569958493902749854
4 0 2 2 -1  1
10570003482138716997
2 6 3 7 -1  1
10570134161434559397
7 3 4 6 -1  1
10570159607900577993
7 5 6 4 -1  2
10570184280216758956
4 5 5 4 -1  1
10570514130654703755
5 5 5 3 -1  4
10570666793511785385
5 2 4 3 -1  1
10570705458724422302
7 5 4 5 -1  1
10570717723889677860
5 5 4 3 -1  1
10570756026236609339
7 0 7 3 -1  1
10570862469466956349
6 1 5 1 -1  1
10570885627424924029
5 3 3 1 -1  1
10571053959483571972
4 4 4 3 -1  2
10571135854941089301
4 2 3 2 -1  1
10571177248169260485
5 6 5 5 -1  1
10571203246115202477
7 0 7 1 -1  1
10571242624967007872
3 7 3 3 -1  1
10571374319079592680
7 1 5 2 -1  1
10571431475978562258
1 5 1 4 -1  1
10571534264115415849
6 3 7 2 -1  2
10571907843563542206
7 3 3 3 -1  1
10572130382117488560
6 6 5 5 -1  1
10572167524504023597
4 1 3 1 -1  1
10572342201163105994
5 0 4 2 -1  1
10572504413162138830
2 7 1 7 -1  1
10572622053701856768
6 4 5 6 -1  1
10572825820332731529
6 0 5 0 -1  1
10573049990278200899
7 7 7 6 -1  1
10573105063150513837
5 5 4 7 -1  1
10573407645063759407
7 5 7 3 -1  2
10573490143306412833
4 6 3 5 -1  1
10573719695555552860
6 5 4 5 -1  1
10574159848835486425
0 2 6 2 -1  1
10574209289538254204
4 0 3 0 -1  2
10574624500237368947
6 1 5 1 -1  1
10574630978899804561
4 5 6 3 -1  1
10574760543158132500
3 1 2 2 -1  1
10574767806358896994
2 5 4 4 -1  1
10574839771788608433
4 7 3 7 -1  1
10574896106937640147
6 6 2 2 -1  1
10574960209046002422
7 3 5 5 -1  1
10574962157293674279
7 5 4 5 -1  1
10574982371288609115
1 0 0 0 -1  1
10575019888989724417
6 1 5 1 -1  1
10575022085304605835
7 3 6 4 -1  1
7 4 7 6 -1  1
10575074889100602106
6 6 5 5 -1  2
10575193035220180514
7 5 5 3 -1  1
10575237784900013565
2 7 2 6 -1  1
10575288782586425492
7 6 7 7 -1  1
10575389951393348646
5 4 3 5 -1  1
10575427105047789235
1 1 2 2 -1  1
10575434884590620237
6 1 5 1 -1  1
10575485353899946850
4 4 5 3 -1  1
10575494208074055804
5 2 4 2 -1  1
10575906028916804893
4 6 5 5 -1  1
10576106571147367136
7 4 7 3 -1  1
10576131297077448438
5 5 4 7 -1  1
10576134251986356012
1 2 3 4 -1  1
10576162545536914156
6 3 3 6 -1  1
10576334028377900139
5 6 4 7 -1  1
10576342528488072445
6 2 5 2 -1  1
10576388930290288223
3 1 2 2 -1  1
5 5 3 4 -1  2
10576396102532957387
4 2 3 2 -1  1
10576407668678668109
7 2 7 3 -1  1
10576670446316029859
7 2 5 4 -1  1
10576755261055897388
7 4 7 2 -1  1
10576878106858110311
3 1 4 3 -1  1
10577019231945220505
5 2 4 1 -1  1
10577030050048041089
5 1 2 1 -1  1
10577152672987885442
6 2 5 2 -1  1
10577157656162034311
6 6 2 2 -1  1
10577315528963525739
6 7 4 7 -1  1
10577393251068355876
3 5 1 6 -1  1
10577465368377459845
7 1 7 5 -1  1
10577530410968441545
4 1 3 1 -1  1
10577657849023599470
2 7 1 7 -1  1
10577773424153483160
2 2 1 2 -1  1
10577807591839605334
5 3 5 7 -1  1
10577841681418877626
7 4 4 1 -1  1
10577890570150254683
4 4 5 6 -1  1
10578419067103072979
5 2 4 2 -1  1
10578507011820000248
6 2 5 1 -1  1
10578972717249219345
7 3 7 2 -1  1
10578984964691712048
3 1 2 2 -1  1
10579229138332404514
7 5 6 4 -1  1
10579289789249295225
4 1 4 3 -1  1
10579490409281943608
5 1 4 1 -1  1
10579748233940809004
7 3 7 1 -1  1
10579906788759362814
7 2 6 1 -1  1
10580224610012292891
5 3 4 3 -1  1
10580239527854389360
6 1 4 1 -1  1
10580288448701901500
7 1 5 2 -1  2
10580390531578745263
7 2 0 2 -1  1
10580485121894392120
4 4 3 4 -1  1
10580486069830372910
5 3 6 2 -1  1
10580564846533001610
7 1 5 0 -1  1
10580600199553695207
2 1 2 2 -1  1
10580627726441772778
3 5 4 4 -1  1
10580648746694822055
6 5 5 5 -1  1
10580846215232141673
6 5 7 6 -1  1
10580957123738427376
6 1 4 1 -1  1
10581197670572829225
3 6 2 6 -1  1
10581382346028711504
7 5 6 5 -1  1
10581399798455293379
5 0 6 1 -1  1
10581511326927576318
6 7 5 7 -1  1
10581530509884376369
5 7 4 7 -1  2
10582387523694608481
2 6 2 7 -1  1
10582397346825467130
5 4 6 4 -1  1
10582437125006657775
4 4 5 5 -1  1
10582550409781895260
7 6 7 7 -1  2
10582640768465361039
7 4 5 3 -1  1
10582784572865333952
7 3 4 3 -1  1
10583205199105363309
5 6 5 1 -1  1
10583329779286047271
5 4 4 4 -1  1
10583352765121070512
3 2 1 3 -1  1
10583418305724862322
1 0 3 0 -1  1
10583548046041057791
7 0 5 1 -1  1
10583557051898060337
7 2 5 2 -1  1
10583930314055253871
6 7 5 7 -1  1
10583944059371307371
6 1 1 6 -1  1
10584028271414632229
7 1 7 0 -1  1
10584115557153875610
1 1 1 3 -1  1
10584198434622589147
2 2 2 4 -1  1
10584249647933279036
7 2 3 6 -1  1
10584365695907173351
5 2 3 0 -1  1
10584668353673629694
6 6 4 4 -1  1
10584726581538004231
7 3 6 4 -1  1
10584789611991882095
5 7 4 6 -1  1
10584797608853611423
7 4 7 6 -1  1
10584944543030798509
4 4 6 4 -1  1
10585214718242428852
3 5 2 6 -1  1
10585302113151965280
4 4 1 1 -1  1
10585403892165964519
6 4 7 4 -1  1
10585517992247849795
3 2 2 1 -1  1
10585610464649760961
7 4 7 6 -1  2
10585697256568408040
5 5 6 3 -1  1
10585821387428236400
6 7 5 7 -1  1
10585917316497836593
4 0 3 0 -1  1
10585991729882254096
7 0 4 0 -1  1
10586092662507783030
6 5 4 5 -1  1
10586159519731521844
7 6 6 6 -1  1
10586188995093983920
4 3 3 2 -1  1
10586231112544958113
3 6 2 5 -1  1
6 4 5 4 -1  3
10586378543032970545
1 1 1 0 -1  1
10586452554962806641
3 2 3 7 -1  1
10586546631526811267
4 7 3 7 -1  1
10586576867112911078
7 2 7 3 -1  1
10586659341770848180
5 7 4 7 -1  1
10586744969639122947
5 0 4 1 -1  1
10587144440332471310
5 5 3 4 -1  1
10587164236481695905
0 0 0 1 -1  1
10587192932947111075
6 5 5 4 -1  1
10587444757972130667
6 7 4 7 -1  1
10587537485640407719
7 2 5 4 -1  1
10587652907458095793
4 1 3 1 -1  1
10587709228126100168
7 4 7 2 -1  1
10587763164701355088
3 1 2 2 -1  1
10587949628840284645
7 5 7 6 -1  1
10588052008564513719
7 7 6 6 -1  1
10588075196110133745
6 2 3 2 -1  1
10588373834735599559
7 0 7 5 -1  1
10588525137556379375
4 0 3 2 -1  1
10588821108935217160
3 3 2 5 -1  1
10588978865127606237
6 7 5 7 -1  1
10589860211321615066
4 2 3 3 -1  1
10589876579532905873
7 4 7 3 -1  1
10590010174457440735
4 0 3 1 -1  1
10590020521786462669
5 4 6 3 -1  1
10590065991229086792
7 2 6 1 -1  1
10590076231150309195
7 3 6 3 -1  1
10590122748180212076
6 3 4 4 -1  1
10590150508866402914
4 3 6 4 -1  2
10590212852188377385
4 2 2 2 -1  1
10590254787952498390
6 4 4 2 -1  1
10590756006349660854
6 1 4 1 -1  1
10590826242139653378
4 4 2 6 -1  1
10590945494546038992
4 0 3 1 -1  1
10591005780061556407
5 0 4 1 -1  1
10591006580695198756
5 7 6 6 -1  1
10591010342338219425
3 0 3 5 -1  1
10591049685499082791
7 2 7 3 -1  1
10591093639932541445
6 7 7 6 -1  1
10591111472600382905
7 3 2 3 -1  1
10591152264446853023
4 6 2 6 -1  1
10591281854936314465
6 6 7 6 -1  2
10591360245519660625
6 5 4 5 -1  1
10591652162850714758
4 7 3 5 -1  1
10591703182646022727
6 4 6 2 -1  1
10591744067938769548
6 7 5 7 -1  1
10591771213989318717
6 7 5 6 -1  1
10591913760892289146
7 4 7 6 -1  1
10591994709923287813
6 4 5 6 -1  1
10591994716385408508
7 5 7 3 -1  1
10592035643250466146
7 2 6 2 -1  1
10592356211447618190
5 6 4 5 -1  1
10592378694108279309
4 1 3 1 -1  1
10592435531372456040
5 5 3 4 -1  1
10592450284648969724
6 5 5 5 -1  1
10592492848095890241
7 1 5 2 -1  2
10592733169194392643
6 7 5 6 -1  1
10593053750816598059
4 6 3 5 -1  2
10593090989778599472
7 0 7 2 -1  2
10593135991670109872
6 1 4 1 -1  1
10593260576461873607
6 1 7 2 -1  1
10593277297083705472
1 2 1 7 -1  1
10593343443569004336
3 1 4 2 -1  1
10593381839912992252
5 5 6 5 -1  1
10593487834025259950
2 0 1 0 -1  1
10593497920183207574
7 4 0 4 -1  1
10593514053720197065
6 6 7 7 -1  1
10593577258514774703
6 3 4 3 -1  1
10593750101884030763
6 3 5 3 -1  1
10593932940991865236
4 4 3 4 -1  1
10594360288232390463
0 0 3 0 -1  1
10594365904930198584
5 2 4 2 -1  1
10594379097442504139
6 2 5 2 -1  1
10594395819367540515
7 5 4 2 -1  1
10594416451268167438
6 5 5 5 -1  1
10594439408038024989
6 5 4 5 -1  1
10594517964110003756
7 0 5 2 -1  1
10594534325988943639
7 6 7 5 -1  1
10594621619351539126
6 3 3 6 -1  1
10594676037212178308
7 3 7 4 -1  1
10594755013127350210
2 0 0 0 -1  2
10595144007207721554
6 0 4 0 -1  1
10595345732026710674
7 5 7 2 -1  2
10595418403283653437
5 5 6 3 -1  1
10595469597058924419
7 3 3 7 -1  1
10595518346239611596
3 2 2 1 -1  1
10595622272388284820
6 0 7 1 -1  1
10595775232958349277
5 5 3 4 -1  1
10595780832246681744
5 0 5 1 -1  3
10595896943662265791
4 1 3 1 -1  1
10595964945096216864
7 3 5 1 -1  1
10596126689239670187
5 4 4 3 -1  1
10596166667113900735
6 1 7 0 -1  1
10596453065454242340
7 7 7 5 -1  1
10596544321024892004
5 3 4 3 -1  2
10596944427395727060
7 4 5 3 -1  1
10597060298305062768
7 5 6 5 -1  1
10597273779393561983
1 2 0 4 -1  1
10597305500662834876
4 4 6 3 -1  1
10597383855857376733
6 1 4 1 -1  2
10597385019706213416
6 6 5 6 -1  1
10597418193178865853
4 6 3 6 -1  2
10597485808572584668
7 5 7 4 -1  1
10597624529144442501
4 4 3 5 -1  1
10597755396366961692
5 2 7 3 -1  1
10597959997952977762
7 1 5 2 -1  1
10598088433123171409
5 5 3 6 -1  1
10598121098259897211
1 7 0 7 -1  1
10598210914927026697
6 4 7 5 -1  1
10598640598339275972
6 4 5 3 -1  1
10598994385562238550
6 7 5 7 -1  1
10599046541129571243
4 7 3 7 -1  1
10599090508275192023
7 2 5 0 -1  1
10599483485531825613
6 4 5 5 -1  1
10599670613463968138
5 4 3 3 -1  1
10599907072244497618
3 6 5 4 -1  1
10599910306178755754
2 4 1 5 -1  1
10600102337053236215
6 4 4 4 -1  1
10600370852319140252
6 7 5 7 -1  1
10600477251936636448
6 7 4 7 -1  1
10600659573643436385
6 0 7 1 -1  1
10600842095711694738
4 4 7 1 -1  1
10600890474253289433
3 2 2 2 -1  1
10600947820574920471
3 6 5 4 -1  1
10600971148037747216
3 2 5 3 -1  1
10601160569098902943
7 4 7 6 -1  1
10601223942185225004
3 7 3 5 -1  1
10601294924391696718
4 0 3 0 -1  1
10601641953927482804
4 3 3 3 -1  1
10601658149980951950
5 2 4 2 -1  1
10601754109897907734
6 1 5 1 -1  1
10601885948204257904
7 5 7 4 -1  1
10601903698660385497
5 1 5 2 -1  1
10602028025210194092
7 2 5 4 -1  1
10602053144223903768
4 5 3 5 -1  1
10602151067451767444
5 3 4 4 -1  1
10602207543250293255
6 4 4 4 -1  1
10602254803032965499
6 2 4 2 -1  1
10602268412278127631
5 3 4 2 -1  1
10602721630223398048
6 4 5 4 -1  1
10602731296171438322
6 1 4 1 -1  1
10602772192910469709
4 1 3 2 -1  1
10602806227769659020
7 1 7 0 -1  1
10602904362076977114
5 5 6 5 -1  1
10602930757207111743
5 2 6 4 -1  1
10602982376629717102
5 7 6 6 -1  1
10603007579331558768
7 5 7 7 -1  3
10603042289682905209
4 7 4 6 -1  1
10603049639932443532
4 1 3 1 -1  1
10603091022998961734
6 4 5 5 -1  1
10603155861480281577
6 4 4 2 -1  1
10603703739889323401
6 2 6 3 -1  1
10603904753876478028
5 5 4 7 -1  2
10603998529633879399
7 2 6 1 -1  1
10604026078823587142
6 1 6 2 -1  1
10604050708764384954
6 6 1 1 -1  1
10604108480013779997
4 3 3 4 -1  1
10604322258683071297
7 2 6 3 -1  1
10604471023357916051
5 0 4 0 -1  1
10604687143965260155
6 4 2 0 -1  1
10604698782009513254
6 4 6 3 -1  1
10604720931028538772
7 2 4 5 -1  1
10605034412169420840
4 4 3 6 -1  1
10605117076118933357
7 1 5 0 -1  1
10605416485699891646
6 2 5 2 -1  2
10605515678077619021
5 1 4 1 -1  1
10605541732960505246
6 5 5 5 -1  1
10605552317093469526
3 2 3 7 -1  1
10605594966908034111
7 7 6 6 -1  1
10605635727940446720
3 7 5 7 -1  1
10605703825228587931
1 3 0 4 -1  1
10605945678873881839
7 0 7 2 -1  1
10606016881773200437
7 2 6 3 -1  1
10606302907696576182
6 3 3 0 -1  1
10606335266262849060
3 0 5 1 -1  1
10606367852008519573
7 3 6 3 -1  1
10606397540918799638
3 6 5 4 -1  1
10606563387298969966
7 2 6 3 -1  1
10606644152033620637
7 5 6 4 -1  3
10606807757463730195
7 4 6 4 -1  1
10607231138958119897
7 3 6 4 -1  1
10607271668718933550
4 6 5 5 -1  1
10607309878798749065
4 3 3 1 -1  1
10607310941511004110
6 1 4 1 -1  1
10607550072752803726
6 4 4 6 -1  1
10607590457428285862
3 1 2 2 -1  1
10607738670849888131
5 2 6 4 -1  1
10608022566099100619
1 1 3 2 -1  2
10608135377981085279
6 1 5 0 -1  1
10608251428986304691
5 6 6 5 -1  1
10608276784987338075
7 4 7 6 -1  1
10608293147688472994
5 2 6 4 -1  1
10608294973118502656
7 6 7 5 -1  1
10608434952340298847
3 4 4 4 -1  1
10608575291846999963
7 0 7 4 -1  1
10608687552824499589
3 1 5 2 -1  1
10608827567080282694
4 4 3 3 -1  1
10608859968556605311
4 5 3 4 -1  1
10608887385855727517
7 3 0 3 -1  1
10609056926078211418
6 4 3 7 -1  1
10609151797018247202
3 1 2 2 -1  1
10609186206160242224
3 7 2 6 -1  1
10609243773592105698
5 4 7 5 -1  1
10609613094329604277
6 4 5 5 -1  1
10609663840135650685
6 4 4 4 -1  1
10609666109340419027
6 3 7 1 -1  1
10609695811926897298
7 2 5 4 -1  1
10609733584534549126
7 5 2 0 -1  2
10609748810789453172
4 2 3 2 -1  1
10609753813978165367
5 3 4 4 -1  1
10609778472104672127
3 3 2 3 -1  1
10609930700136563790
7 3 7 0 -1  1
10609960185073333698
5 3 4 5 -1  1
10610100880191722211
5 3 4 5 -1  1
10610230140235551790
5 2 4 2 -1  1
10610383289930282860
2 4 3 2 -1  1
10610389403308962566
6 0 4 0 -1  1
10610421677400231799
5 2 4 2 -1  1
10610714067945223636
5 6 4 5 -1  1
10610750247171645853
5 0 5 4 -1  1
10610871746759604773
7 2 6 3 -1  1
10611004360139867739
1 2 1 0 -1  1
10611093211887212268
6 1 5 2 -1  1
10611374764011365731
3 6 5 6 -1  1
10611386757382917643
7 4 7 6 -1  1
10611387362601049578
5 4 3 6 -1  1
10611653218949595053
6 5 5 4 -1  1
10611994089244412161
4 2 2 3 -1  1
10612035816330987597
0 1 0 0 -1  1
10612426667918755159
6 2 5 0 -1  1
10612518161454758941
5 1 3 2 -1  1
10612703494443652245
6 0 4 0 -1  1
10612703734933390679
5 4 4 3 -1  4
7 3 4 3 -1  7
10612733700579090891
7 7 7 6 -1  1
10612833340847900473
3 6 2 5 -1  1
10612939571655405408
7 7 7 0 -1  1
10613126595857155136
5 5 6 4 -1  1
10613205781292253111
5 3 4 3 -1  1
10613233187799177409
6 3 4 4 -1  1
10613489092850238395
7 3 5 3 -1  1
10613566604221660825
3 4 2 4 -1  1
10613576676591863581
5 0 6 0 -1  1
10613626060348570307
6 3 5 3 -1  1
10613726557027893687
1 1 0 1 10  1
10613754700270404573
7 2 5 4 -1  1
10613833968388436657
3 6 4 7 -1  2
7 4 7 6 -1  1
10614006258259603846
6 7 5 6 -1  1
10614087760313467456
6 4 6 3 -1  1
10614390510389124338
5 4 4 4 -1  1
10614419632809722618
5 7 7 7 -1  1
10614474990039620836
1 4 0 4 10  1
10614840342070607959
5 6 4 5 -1  1
10614921665534964350
6 4 6 2 -1  1
10614967003507422189
3 4 2 2 -1  1
10615104058891240361
5 4 3 6 -1  1
10615126527111966635
5 5 5 4 -1  1
10615326730444731483
5 5 7 4 -1  1
10615343984136489512
7 0 1 0 -1  1
10615475034639736763
5 1 6 2 -1  1
10615639771220401309
5 4 5 5 -1  1
10615859534764781300
3 1 4 2 -1  1
10615942126251098434
1 0 1 6 -1  1
10616070971740477857
5 7 4 6 -1  1
10616168883426045232
1 7 0 7 -1  1
10616174541237618538
6 5 5 5 -1  2
10616190009955778606
7 3 7 4 -1  1
10616190240363197757
6 5 5 5 -1  1
10616225086969424647
4 2 3 3 -1  1
10616453985289197485
7 6 7 5 -1  1
10616507934429126727
2 4 4 4 -1  1
10616719589516148488
5 7 4 6 -1  1
10616861867637879060
6 1 5 1 -1  2
10616913592473474135
5 5 4 3 -1  5
10616943440362424115
1 3 1 2 -1  1
10617002215938453855
5 5 5 4 -1  1
10617458278034304506
5 7 4 5 -1  1
10617532867343448679
2 4 1 5 -1  1
10617543222560825083
6 7 7 7 -1  1
10617833629340744239
5 5 3 4 -1  1
10617835823587071252
5 3 5 2 -1  1
10617928496928329282
7 5 7 1 -1  1
10617928719012001748
4 5 1 2 -1  1
10618147640236270017
7 3 6 2 -1  2
10618170602133801058
5 0 6 0 -1  1
10618351024229310759
7 1 5 3 -1  1
10618371439384858435
6 0 5 0 -1  2
7 6 5 5 -1  5
10618540683055958058
7 2 7 1 -1  1
10618793071231757147
7 1 7 2 -1  1
10618864060899397902
7 3 5 1 -1  1
10618892683328974292
5 4 4 4 -1  1
10619281039616325002
5 0 3 1 -1  1
10619575397214338712
4 2 3 4 -1  1
10619682826890376977
7 7 7 3 -1  1
10619871597072792447
6 1 5 1 -1  1
10620176018817131711
3 5 6 5 -1  1
10620291367305366582
7 3 6 5 -1  1
10620484016949500683
4 7 3 5 -1  1
10620506005005068236
5 4 4 3 -1  1
10621097693220846264
7 4 7 6 -1  3
10621160563155316310
5 3 6 2 -1  1
10621200042090310513
3 3 3 5 -1  1
10621268510457333366
6 3 5 2 -1  1
10621342411245147659
5 6 4 5 -1  1
10621586757419197772
7 5 7 1 -1  2
10621745481009444644
6 7 5 7 -1  1
10622010667610798942
5 6 4 7 -1  2
10622087183374761398
5 5 4 7 -1  1
10622175583203129796
5 3 7 5 -1  1
10622489919241697108
1 5 0 5 10  1
10622722384552742465
6 3 5 2 -1  1
10622827543087375660
6 1 5 1 -1  1
10622828944733756746
5 4 2 1 -1  1
10623181993097116741
3 4 3 2 -1  1
10623435518089952891
2 6 2 2 -1  1
10623551052345982173
4 2 3 2 -1  1
10623651816459154559
4 0 3 2 -1  1
10623833773290437714
7 6 6 7 -1  1
10623836397280798958
6 4 5 4 -1  1
10623911717720849660
1 4 2 4 -1  1
10624065551695778371
4 3 4 5 -1  1
10624096654523118546
6 2 6 3 -1  1
10624250148947006170
5 6 5 5 -1  1
10624499650388956851
3 1 6 4 -1  1
10624517541598652945
7 3 5 4 -1  1
10624642251700520927
6 7 5 6 -1  1
10624907340876896080
7 3 1 3 -1  1
10625022175237704811
6 7 5 7 -1  1
10625574947600274151
5 4 2 4 -1  1
10625621695938729918
6 6 5 5 -1  1
10626075812043705376
5 2 4 0 -1  1
7 0 7 2 -1  1
10626277902705554967
3 0 2 1 -1  1
10626391733557200303
4 7 3 6 -1  1
10626401222043499179
7 3 6 4 -1  1
10626456285964497710
6 5 5 4 -1  1
10626465243785210145
5 2 4 4 -1  1
10626512242545976841
7 6 5 5 -1  1
10626741775469336332
2 3 4 2 -1  1
10626972475099246270
4 6 2 5 -1  1
10627085177245806168
4 3 3 4 -1  1
10627147459163153040
7 5 5 3 -1  1
10627202746099123270
7 0 7 1 -1  1
10627274312719774783
6 5 5 5 -1  1
10627294185916437859
1 5 0 4 -1  1
10627305158413930787
5 4 6 4 -1  3
10627475480610978473
3 5 1 4 -1  1
10627763200101580113
6 0 4 0 -1  1
10627880505926527039
7 2 6 1 -1  1
10628045397871070185
5 1 4 1 -1  1
10628127335191347969
3 2 3 3 -1  1
10628363309027397329
6 3 3 6 -1  1
10628444931905326004
6 7 4 7 -1  1
10628470149522105133
7 5 6 4 -1  1
10628646085453186955
1 3 2 1 -1  1
10628664024454917793
6 4 7 5 -1  1
10628809460427143455
6 3 7 4 -1  1
10628824687120455148
6 7 5 7 -1  1
10628844574650739866
7 5 7 4 -1  1
10628951504102216098
5 3 5 2 -1  1
10629076340391298113
6 7 5 7 -1  1
10629106562643497836
6 1 5 1 -1  1
10629187121968378467
6 1 4 3 -1  1
10629456780693578137
7 4 6 3 -1  1
10629491541718674353
5 5 4 7 -1  1
10629914198427288380
7 7 6 6 -1  1
10629938033558820695
5 2 7 0 -1  1
10630005040401837224
6 7 5 6 -1  1
10630180665909196790
7 7 6 7 -1  1
10630207214702989139
5 5 3 6 -1  1
10630586033561510087
1 0 2 0 -1  2
10630793032303762727
7 5 7 6 -1  1
10631537389142098525
7 3 4 0 -1  1
10631549776262331953
5 1 6 3 -1  1
10631614645229525881
7 6 6 4 -1  1
10631667361642413874
4 5 3 5 -1  1
10631762372674038341
7 3 6 3 -1  1
10631951870279715409
3 5 2 7 -1  2
10632115717469236811
3 4 4 6 -1  1
10632322972368159994
7 4 7 3 -1  1
10632339300953701898
6 4 7 3 -1  1
10632347885615255333
3 1 5 2 -1  1
10632408135656976273
2 3 3 2 -1  1
10632646049145188717
5 2 5 4 -1  1
10632769408857895277
6 1 5 2 -1  1
10632771410578471263
6 7 5 7 -1  1
10632917118958931886
6 1 5 2 -1  1
10632928442965651972
7 0 4 0 -1  1
10632949790497935883
7 1 3 5 -1  1
10633326750287737128
4 7 5 6 -1  1
10633435505818824132
4 7 3 5 -1  1
10633595956040710815
4 0 3 0 -1  1
10633657274695192994
6 5 4 5 -1  1
10633661110575148682
5 1 4 3 -1  1
10633673519287399013
6 5 5 4 -1  1
10634232277455456092
6 3 5 5 -1  1
10634365520012214771
7 6 6 7 -1  1
10634374832060829841
3 5 4 3 -1  1
10634445014088534144
4 4 3 4 -1  2
10634455094049449766
6 4 5 5 -1  2
10634457981711181225
2 5 2 1 -1  1
10634564905443020451
6 2 0 2 -1  2
10634600498792277537
7 6 6 6 -1  1
10634665042879485764
7 6 6 4 -1  1
10634782681703269877
6 3 5 1 -1  1
10635259461397011788
7 1 6 3 -1  3
7 2 4 5 -1  21
7 6 5 5 -1  5
10635633977317137947
0 2 3 2 -1  1
10635663014914745312
7 5 7 4 -1  1
10635700984989333388
7 0 7 4 -1  1
10635710491428161924
5 4 3 3 -1  1
10635734346222304275
6 4 6 6 -1  1
10635761000446926017
7 4 3 4 -1  1
10635971128728874815
4 0 3 0 -1  1
10636019576714859992
7 1 6 3 -1  1
10636060451168563494
7 2 6 1 -1  1
10636226221739569164
6 2 7 4 -1  1
10636662655766559511
4 2 3 0 -1  1
10636817156665127127
2 3 3 5 -1  1
10636887031208926943
5 5 6 3 -1  1
10636913666090863586
5 2 4 4 -1  2
10637141716109464716
6 4 4 3 -1  1
10637156139364329376
7 3 6 4 -1  1
10637317062518314062
7 1 5 2 -1  1
10637439810709940213
6 6 2 2 -1  1
10637524242015369668
0 3 3 0 -1  1
10637540403322340029
5 6 6 7 -1  1
10637665196870426157
6 1 5 1 -1  1
10637694986948212012
7 4 7 6 -1  1
10637769284846656985
7 4 0 4 -1  1
10637927082179004791
6 6 5 6 -1  1
10638038330320796795
5 5 3 7 -1  1
10638140799433061466
7 5 7 4 -1  1
10638222656575598432
7 0 7 2 -1  1
10638321699095544401
6 4 5 6 -1  1
10638384632590353920
4 7 3 7 -1  1
10638386730202395491
6 5 7 5 -1  1
10638470493611006757
6 3 5 5 -1  1
10638822499270324472
2 5 1 5 -1  1
10638889755452029669
6 5 5 5 -1  1
10638899657922908784
6 2 4 2 -1  1
10638911015359272126
0 4 0 2 -1  1
10639070698829389563
5 7 4 7 -1  1
10639209485640883863
7 2 7 5 -1  1
10639216014601798715
3 1 2 3 -1  1
10639372385377885958
5 1 4 2 -1  1
10639672445846809251
5 7 6 6 -1  1
10639675337816165615
3 4 2 6 -1  1
10639710988871010022
2 2 4 2 -1  1
10640093266343995616
4 3 3 3 -1  1
10640120656581334919
5 4 4 3 -1  1
10640486744818564074
1 2 0 2 10  1
10640683081895700790
6 3 4 4 -1  1
10640798796867265815
7 5 6 7 -1  1
10640989060521953707
7 2 7 5 -1  1
10641387180320634354
6 3 6 1 -1  1
10641495285553058017
3 2 4 0 -1  1
10641694548977111206
7 6 7 7 -1  1
10641719385859018143
6 4 4 4 -1  1
10641775344153539094
7 4 7 6 -1  1
10641788668940752603
6 4 5 4 -1  1
10641903219916956335
7 4 7 2 -1  1
10642212874090392268
6 4 4 5 -1  1
10642992190628760073
7 0 7 3 -1  1
10643011310223362063
5 5 4 6 -1  1
10643028012199121245
3 5 3 7 -1  1
10643138808694071712
5 3 4 4 -1  1
10643221166909085542
7 3 4 6 -1  1
10643265325378821686
6 5 4 5 -1  1
10643399026783689284
7 5 6 4 -1  1
10643767398445970058
7 2 4 5 -1  1
10643804065645238441
5 0 4 0 -1  1
10643921875351554527
5 2 4 3 -1  1
10643975044907404217
4 3 3 3 -1  1
10644342874841242079
5 4 6 4 -1  1
10644359668881608011
5 5 6 4 -1  1
10644488415189386771
4 5 3 5 -1  1
10644688607673592714
7 5 7 4 -1  1
10644757851543592096
6 5 5 4 -1  1
10644805056632328659
6 1 4 1 -1  1
10644827306018804114
5 5 7 4 -1  1
10644971544123915386
7 6 6 5 -1  1
10645235502426396236
2 2 1 2 -1  1
10645609541084676406
6 3 5 3 -1  1
10645668540758588357
2 3 3 1 -1  1
10645711461837155996
7 4 7 2 -1  1
10645773138516601773
5 4 4 4 -1  1
10646021057122180604
7 0 7 3 -1  1
10646113481311511442
2 1 5 1 -1  1
10646411754561342269
7 5 7 3 -1  1
10646557934208489640
4 4 5 4 -1  1
10646693620792745278
7 5 7 1 -1  1
10647098339901659722
4 5 3 5 -1  1
10647153851523455034
7 3 5 1 -1  1
10647416209557550012
5 3 4 3 -1  1
10647516732783824630
7 4 7 6 -1  3
10647520665864522661
7 4 7 6 -1  1
10647768292278759584
0 7 0 2 -1  1
10648070297927973429
3 2 2 3 -1  1
10648332645725578824
7 3 5 1 -1  1
10648451611265259586
4 6 3 5 -1  1
10648580599602850914
6 3 5 4 -1  1
10648916909744802331
7 5 7 6 -1  1
10648953590469925255
4 2 5 1 -1  1
10649047152480931234
6 3 3 3 -1  1
10649131858610105457
3 5 2 5 -1  1
10649151061482569380
5 2 3 3 -1  1
10649180483799654267
7 1 7 0 -1  1
10649312305253739194
3 5 2 4 -1  1
10649428581661167352
6 3 3 0 -1  1
10649786641312062601
3 6 2 5 -1  1
10650046133298555517
4 2 3 0 -1  1
10650186684598405285
3 6 1 5 -1  1
10650374709239349096
7 3 6 2 -1  1
10650467316411740188
2 6 4 5 -1  1
10650479248826357418
6 1 5 2 -1  1
10650856806422663777
7 3 7 1 -1  1
10650875978981978771
7 1 5 1 -1  1
10650880865262249231
5 4 5 3 -1  1
10650931343300013469
5 7 2 4 -1  1
10650964847857568796
3 0 2 0 -1  1
10651058497789635160
7 0 0 0 -1  2
10651160569215357747
6 6 5 6 -1  1
10651479022748036786
1 3 2 3 -1  1
10651557426298816031
5 3 4 4 -1  1
10652024225110826572
6 0 5 0 -1  1
10652192513796397911
3 2 1 2 -1  1
10652266548506450019
5 4 4 5 -1  1
10652278590831495775
7 4 6 4 -1  1
10652282039984842316
5 2 0 2 -1  1
10652347587589960237
6 3 4 3 -1  1
6 6 5 6 -1  1
7 5 4 2 -1  5
7 6 5 5 -1  5
7 6 6 4 -1  1
10652404824501810048
7 0 6 0 -1  1
10652408219177923934
4 2 3 2 -1  1
10652501814365299751
7 5 6 6 -1  1
10652531565164194989
5 1 6 1 -1  1
10652729173981482295
5 1 4 2 -1  1
10652781906736283358
7 3 7 1 -1  1
10653231678823320344
4 6 4 7 -1  1
10653256186001438937
5 1 6 1 -1  1
10653397739732724828
6 3 4 4 -1  1
10653718697892893982
7 2 6 1 -1  1
10653888266191692979
4 7 3 6 -1  1
10653993647850870597
6 4 3 7 -1  1
10654202733208561106
7 6 6 7 -1  1
10654222547784557501
3 2 5 3 -1  1
10654318462625358800
5 0 6 1 -1  1
10654401945056842689
6 4 5 4 -1  1
10654482734841566112
6 7 5 7 -1  1
10654534716965513692
5 6 7 7 -1  1
10654593976539672780
7 5 5 4 -1  1
10654757786196024456
6 0 5 1 -1  1
10655329094961216812
7 4 7 6 -1  1
10655343859304293648
3 3 0 6 -1  1
10655435919945565294
4 2 5 1 -1  1
10655576515774106828
4 4 3 3 -1  1
10655720519901538954
6 1 4 1 -1  1
10655720611057464552
6 2 5 2 -1  1
10655788126199994027
6 3 5 1 -1  1
10655800335421410286
0 0 0 5 -1  1
10656436328056029863
5 1 4 1 -1  1
10656696328566824034
6 0 5 0 -1  1
10656737488480965604
7 1 6 2 -1  1
10656844775584999266
5 6 3 5 -1  1
10656870394567923277
4 6 5 5 -1  1
10657292660964811424
7 3 4 3 -1  1
10657425643095481863
6 7 5 6 -1  8
10657591240561806248
7 0 7 2 -1  1
10657758318496352151
6 5 5 5 -1  1
10657826277933263450
7 3 7 4 -1  1
10657998093513835734
5 6 4 6 -1  1
10658026384255278523
3 3 3 6 -1  1
10658068336076481955
3 3 1 5 -1  1
10658155755840004599
7 6 5 4 -1  1
10658218615527822591
5 7 6 6 -1  1
10658242375234864176
7 0 5 0 -1  1
10658541308143763918
6 3 5 5 -1  1
10658562196682354535
7 4 7 6 -1  1
10658578964884166180
6 5 5 4 -1  2
10658624439236879574
3 6 2 7 -1  1
10658629177840304610
6 6 5 5 -1  1
10658666058893402553
5 0 4 0 -1  1
10658849794133283704
5 3 6 4 -1  1
10658916555786348087
6 1 5 2 -1  1
10658929016845823058
4 6 4 2 -1  2
10659306046709496295
5 6 4 6 -1  1
10659599673055763353
3 7 2 7 -1  1
10659824704691596287
7 4 7 6 -1  1
10659921245136269915
7 6 5 6 -1  1
10660489878173808120
6 7 6 6 -1  1
10660574976534822203
6 2 5 2 -1  1
10660797351607688382
6 1 4 1 -1  1
10660943323506143061
0 4 0 6 -1  1
10660944744209948987
6 6 7 5 -1  1
10661281925185338783
3 3 5 3 -1  1
10661462524624007864
4 7 5 5 -1  1
10661566020323401428
7 5 6 4 -1  1
10661624199333443758
6 5 6 6 -1  1
10661628121162988380
7 2 5 4 -1  1
10661701054731528111
6 1 5 2 -1  2
10662005843473536121
5 2 4 3 -1  2
10662232946529502170
7 1 6 0 -1  1
10662249867110981520
3 2 2 2 -1  2
10662329000060825623
4 3 3 4 -1  1
10662366411620266884
6 3 4 5 -1  1
10662541261639888696
3 5 5 3 -1  1
10662822858656190649
6 1 5 1 -1  1
10662835137424346759
6 3 6 5 -1  1
10663118148840689852
5 5 4 6 -1  1
10663171841645155000
5 3 6 4 -1  2
10663261807412801828
5 0 4 0 -1  1
10663480292308500201
5 6 7 5 -1  1
10663642803798984414
2 3 3 3 -1  1
10663643421620243191
7 1 5 2 -1  1
10663717271940654065
7 2 7 1 -1  1
10663763039296261018
7 5 3 1 -1  1
10663937292031891085
7 3 5 4 -1  1
10664079899711530329
7 7 6 7 -1  2
10664200778858375189
7 5 6 6 -1  1
10664253408596041344
5 7 1 7 -1  1
10664386539258041932
7 7 7 3 -1  1
10664417470734676253
6 4 4 5 -1  1
10664483457259663658
5 2 3 3 -1  1
10664491676601487794
6 5 4 4 -1  2
10664500802357860490
6 6 3 3 -1  1
10664609987518598115
7 2 4 5 -1  1
10664900812397500740
7 4 7 1 -1  1
10665270737355560470
5 5 3 4 -1  1
10665290374214453482
7 0 7 2 -1  1
10665535179432519192
4 4 3 4 -1  1
10665808868235914798
6 6 5 6 -1  1
10666285532506015478
6 0 5 0 -1  1
10666318351577943314
6 0 7 0 -1  1
10666385695230899912
0 3 1 2 -1  1
10666655739519798719
6 1 0 1 -1  1
10666982731420193961
7 5 6 5 -1  1
10667018599477208949
6 3 7 5 -1  1
10667179266241298854
6 6 7 5 -1  1
10667322947793232494
6 2 5 2 -1  1
10667398478683915006
1 2 2 2 -1  1
10667497138100297658
3 0 1 2 -1  1
10667523041538546394
5 6 2 6 -1  1
10667571186009741245
7 5 7 6 -1  1
10667658068542500718
7 7 7 1 -1  1
10667686558483543582
4 2 4 4 -1  1
10667714635586297109
3 1 2 2 -1  1
10667786396779010145
4 0 5 2 -1  1
10667951111545094224
4 4 6 3 -1  1
10667960599508991914
6 2 6 1 -1  1
10668260564262282699
4 4 3 4 -1  1
10668364597167380923
7 2 4 5 -1  1
10668412132353260481
4 1 3 2 -1  1
10668444676287052351
3 1 3 6 -1  1
10668722739667579905
5 4 4 4 -1  1
10668951649276691985
6 7 5 7 -1  3
10668957089419677651
6 2 5 2 -1  1
10669035419590529683
7 5 6 5 -1  1
10669140056275230979
7 1 4 1 -1  1
10669281675825035841
5 4 2 4 -1  1
10669356327956679727
5 5 6 3 -1  2
10669533594231545026
6 2 5 4 -1  1
10669702263467569229
7 3 5 4 -1  1
10669776866641727212
6 3 3 6 -1  1
10670631223645323079
4 5 6 6 -1  1
10670651032824037450
5 6 4 6 -1  1
10670705191447894193
5 4 4 3 -1  1
10670781048719818048
4 5 3 5 -1  1
10670851294813556777
3 1 2 2 -1  2
10671318988421625017
6 3 5 3 -1  1
10671432302467795800
2 5 3 6 -1  1
10671469017741142060
7 6 6 5 -1  1
10671527115089409155
2 3 1 3 -1  1
10671794658646992603
4 2 6 3 -1  1
10671802832976019378
7 2 6 3 -1  1
10671986429961861511
7 4 7 6 -1  1
10672007611247697333
3 1 6 4 -1  1
10672059499185410869
6 7 5 7 -1  1
10672430488737959367
1 3 5 7 -1  1
10672528449705372641
7 0 7 1 -1  1
10672655476211368834
3 1 5 2 -1  1
10672685338712439034
3 4 5 5 -1  1
10672690326187354952
5 6 4 7 -1  1
10672755648211054980
3 2 3 1 -1  1
10672768723941221770
5 1 3 3 -1  1
10672775066404822797
6 1 4 1 -1  1
10672891994869135795
3 2 1 3 -1  2
10672972625968654809
3 5 2 6 -1  1
10673055842058310077
6 4 5 6 -1  1
10673086126013606188
4 1 5 2 -1  1
10673092482057351423
4 7 3 5 -1  1
10673098192196070555
5 0 7 2 -1  1
10673133689415473099
7 5 7 4 -1  1
10673194297884026133
5 5 4 6 -1  1
10673198351178377222
4 1 3 1 -1  1
10673299683785852081
7 3 4 3 -1  1
10673352411623007754
4 6 3 4 -1  1
10673468411918458606
4 1 3 1 -1  1
10673525245289298790
6 3 5 5 -1  1
10673533031541254786
5 4 4 3 -1  1
10673679560524445595
6 1 4 1 -1  1
10673845733691321280
7 1 7 3 -1  1
10673864808399117241
4 2 3 3 -1  1
10673891767892516395
5 4 6 4 -1  1
10674107702609435483
7 3 6 2 -1  1
10674182869254517266
5 2 5 3 -1  1
10674209566187058685
3 4 4 6 -1  1
10674313072249644817
7 3 7 2 -1  1
10674397962992721572
7 0 7 1 -1  1
10674478023223330491
6 4 5 4 -1  1
10674496494505893242
7 1 6 3 -1  1
10674736832877700583
6 4 6 3 -1  1
10674788552668445832
7 7 7 5 -1  1
10675091139378696507
4 1 3 1 -1  1
10675120588243097219
4 4 3 2 -1  1
10675214790776255402
4 2 6 0 -1  1
10675287967271695202
4 5 2 4 -1  1
10675545440711020112
4 5 4 6 -1  1
10675573109102015775
3 3 1 2 -1  1
10675850682722469414
5 5 6 3 -1  1
10675883260444652010
4 6 0 2 -1  1
6 5 4 5 -1  1
10675908445807531164
6 7 5 7 -1  1
10676071969815315298
6 6 5 5 -1  1
10676355981836696870
6 4 5 3 -1  1
10677063971009577831
4 5 3 6 -1  1
10677090847806332844
3 7 2 5 -1  1
10677231831108929427
6 3 5 5 -1  1
10677265249930310739
7 3 5 1 -1  1
10677352345525188093
5 2 3 3 -1  1
10677354598004580425
6 6 2 2 -1  1
10677403793359346722
7 3 0 3 -1  1
10677429773904478191
5 0 1 4 -1  2
10677471296705116857
7 3 7 7 -1  1
10677522455162418549
4 5 3 6 -1  1
10677633651552830119
5 6 4 4 -1  1
10677783980714278911
5 2 4 4 -1  1
10677795236810712063
5 1 4 1 -1  1
10677840277150675040
3 6 3 1 -1  1
10677953541359796562
7 3 7 2 -1  1
10677959653704188378
6 3 2 7 -1  1
10678336659425273305
5 3 4 1 -1  1
10678394928286102304
7 2 5 4 -1  1
10678421252766181003
6 0 4 0 -1  1
10678548995257239783
6 0 4 0 -1  1
10678752431827746362
4 4 3 4 -1  1
10678960908990016736
7 0 7 3 -1  1
10679060960656886174
3 6 2 6 -1  1
10679247440461060239
4 4 5 3 -1  1
10679742929772861067
7 1 6 0 -1  1
10679895246361561533
6 4 5 2 -1  1
10680038951340478026
5 6 6 6 -1  1
10680226995966390836
7 3 6 3 -1  1
10680482545538082414
6 7 4 7 -1  1
10680485753456718439
7 6 6 5 -1  1
10680492544956564617
7 0 7 2 -1  1
10680624245385249484
5 5 6 4 -1  1
10680688501240261108
7 6 5 5 -1  1
10680784432171906307
6 5 6 7 -1  1
10680914491837565878
6 0 5 0 -1  1
7 4 7 6 -1  1
10680986090766442081
7 6 6 6 -1  1
10681008268363420421
4 5 5 6 -1  1
10681013449304073211
7 3 0 3 -1  1
10681145345169170477
3 4 3 7 -1  1
10681156516327215889
5 5 6 4 -1  1
10681169079759535704
4 2 7 5 -1  1
10681175943662255497
6 7 4 7 -1  1
10681260471689264396
6 0 5 0 -1  1
10681287966434113222
5 1 4 0 -1  1
10681479455413919291
7 5 6 4 -1  5
10681567761741351801
4 6 4 3 -1  1
10681844249913206752
6 5 7 6 -1  1
10681942389477915793
6 6 5 6 -1  3
10682006552790775489
6 7 4 7 -1  1
10682085382941886379
5 5 7 3 -1  1
10682122113219565011
7 6 6 6 -1  1
10682172002182093497
4 5 3 5 -1  1
10682191605967065236
4 5 3 5 -1  1
10682231533179216939
7 4 6 2 -1  1
10682525891390662018
3 0 5 1 -1  1
10682568478309132390
6 0 4 0 -1  1
10682586079231263150
7 5 6 5 -1  1
10682776290626911831
4 6 2 4 -1  1
10682882422990003823
5 3 4 3 -1  1
10682894492926502457
7 4 5 2 -1  1
10682900669922318744
6 5 5 5 -1  3
10683031362968805286
7 0 7 2 -1  1
10683113197083277101
6 6 5 6 -1  1
10683232181289866116
6 2 5 2 -1  1
10683265678638708238
3 3 2 3 -1  1
10683308895017100910
7 4 7 2 -1  1
10683330093462150312
4 1 6 1 -1  1
10683343725358178505
7 0 7 4 -1  1
10683370164149307943
7 6 6 5 -1  1
10683376608431057693
5 3 4 4 -1  1
10683449516471968411
5 6 6 5 -1  1
10683455758600034260
6 6 4 5 -1  1
10683590638392965547
6 5 6 2 -1  1
10683793284748833508
7 0 7 3 -1  1
10683798290017213080
5 2 5 3 -1  1
10683906113976002596
7 2 4 5 -1  1
10684237492324565364
6 6 5 6 -1  1
10684258562368759764
3 3 2 2 -1  1
10684407080398375795
3 1 4 3 -1  1
10684833233491273946
6 1 5 2 -1  1
10684970470555489915
5 1 6 3 -1  1
10685127284624648254
3 3 2 3 -1  1
10685169649301931401
6 4 4 4 -1  2
10685279503620780031
3 3 3 6 -1  1
10685349309714700288
2 3 2 4 -1  1
10685395623166126214
6 2 6 3 -1  1
10685653466228232816
6 3 4 2 -1  1
10685841819473306292
3 4 2 5 -1  1
10686005401650953992
7 4 6 3 -1  1
10686169659133200095
7 7 6 7 -1  1
10686353024601874188
7 5 7 3 -1  1
10686578292169423688
7 6 2 6 -1  1
10686598264595942111
3 1 2 1 -1  1
10686631528829965532
7 4 6 2 -1  1
10686742418405067893
7 6 7 7 -1  1
10686754509674950243
3 2 2 2 -1  1
10686936839321409923
0 4 0 3 -1  1
10687028036257193982
6 1 5 1 -1  1
10687127744647441321
7 5 7 2 -1  1
10687156878668427177
6 1 5 2 -1  1
10687156994586645064
4 2 3 3 -1  1
10687265691257557851
4 0 3 0 -1  1
10687328647647095905
7 6 3 6 -1  2
10687372377056925439
7 5 7 4 -1  1
10687433005903355556
5 7 4 7 -1  1
10687469965571759798
3 0 4 1 -1  1
10687543851671889501
3 1 6 4 -1  1
10687631650402175384
5 4 5 5 -1  1
10687789367649990862
4 4 3 5 -1  1
10687842529890022009
7 5 6 4 -1  1
10688427635022140725
4 6 3 6 -1  1
10688447841584518633
6 6 5 6 -1  2
10688463990297356781
7 4 3 4 -1  1
10688695881153183105
5 5 4 4 -1  1
10688717132180882879
7 6 6 4 -1  1
10689093042447981265
6 3 5 4 -1  1
10689295026977343246
5 2 4 1 -1  1
10689312836374234943
5 5 4 3 -1  1
10689487429211185657
7 2 5 0 -1  1
10689531292247200775
5 2 4 0 -1  1
10689753838997823585
3 4 2 3 -1  1
10690007193915614214
7 0 7 1 -1  1
10690029062382466489
7 6 6 7 -1  1
10690329049982358582
7 5 6 4 -1  1
10690484012386395776
4 2 3 4 -1  1
10690593911507215983
1 0 2 2 -1  1
10690855606480182752
1 4 0 5 -1  1
10690925669326650534
3 2 2 2 -1  1
10691169171084783735
7 2 6 3 -1  1
10691265846837681615
4 0 7 3 -1  1
10691347524828514964
7 3 7 1 -1  1
10691577488805073834
6 4 4 4 -1  1
10692047850620985135
6 4 5 3 -1  3
10692281304436168840
3 0 2 0 -1  1
10692378929275197051
6 7 5 7 -1  1
10692410444835535734
6 4 7 4 -1  1
10692448419743604209
5 6 6 4 -1  1
10692471990569721991
6 4 5 3 -1  1
6 6 4 6 -1  1
10692506510306894089
4 5 2 3 -1  1
10692545045476579127
7 6 5 7 -1  1
10692595013560767664
6 7 5 6 -1  1
10692857018459723316
6 2 4 2 -1  1
10693128418377528509
5 1 4 1 -1  2
10693325181800608181
4 6 3 6 -1  1
10693339331626072398
3 2 5 2 -1  1
10693373329697252776
7 2 7 3 -1  1
10693419737304120666
4 7 3 7 -1  1
10693608152330179024
6 0 4 0 -1  1
10693687993152116385
6 5 5 5 -1  1
10693744357375130500
1 1 1 0 -1  1
10693821696412946148
6 4 5 4 -1  1
10693843291646650086
4 3 3 2 -1  1
10693916245111000947
6 3 4 2 -1  1
10693960626522796111
7 2 7 4 -1  2
10694151582210902519
6 5 4 5 -1  1
10694204121716462743
7 7 0 7 -1  1
10694209848526176472
7 4 6 3 -1  1
10694373171501248167
7 5 6 5 -1  1
10694392961632723585
7 2 5 2 -1  1
10694473592201776183
1 2 1 7 -1  1
10694498708093857157
2 3 3 4 -1  1
10694664523019090476
5 5 6 3 -1  1
10694968549166395724
5 1 7 3 -1  1
10695057500532079469
7 4 7 6 -1  1
10695173313454712582
7 0 7 1 -1  1
10695244594321948032
6 6 5 4 -1  1
10695271452700045323
5 2 4 1 -1  1
10695300377170569429
7 2 7 4 -1  1
10695424944887696621
5 1 3 3 -1  1
10695446035620794833
5 5 4 3 -1  1
10695590880222134430
3 6 6 3 -1  1
10695731492815362964
1 0 1 4 -1  1
10695978424706135660
6 5 3 5 -1  1
10696037973756300282
7 3 7 1 -1  1
10696168105188414924
6 5 5 5 -1  1
10696209054909139130
5 4 0 4 -1  1
10696307026930631547
7 3 6 3 -1  1
10696749840605420649
5 1 1 5 -1  1
10696769315841117432
7 4 7 6 -1  1
10696955008593574216
3 3 5 4 -1  1
10697054403309086603
7 3 5 1 -1  1
10697137644875703081
5 5 6 4 -1  1
10697154396139054580
7 4 7 3 -1  1
10697230433735421212
4 3 5 4 -1  1
10697478013463426848
0 0 3 3 -1  1
10697496422319947345
5 7 4 7 -1  1
10697502250181479343
4 5 3 5 -1  1
10697564168314501736
7 0 7 3 -1  1
10697680952366782596
3 6 4 7 -1  1
10697696253732594544
5 1 4 1 -1  1
10697879096238217894
7 0 7 2 -1  1
10697952255895350880
6 3 4 2 -1  1
10698032178803715942
7 4 6 4 -1  1
10698077923753176736
5 0 4 0 -1  1
10698530892862479305
5 5 4 4 -1  1
10698712934036879379
5 0 4 0 -1  1
10698764302827743264
0 2 1 2 -1  1
10699027453128250365
5 1 3 2 -1  1
10699200905964811593
6 2 3 5 -1  2
10699209099124913483
7 4 7 3 -1  1
10699308475073362673
5 5 4 3 -1  1
10699467274666947457
7 6 7 5 -1  1
10699829461755550905
0 5 0 6 -1  1
10700029705249020750
6 2 5 2 -1  1
10700284821247116766
6 2 4 0 -1  1
10700381023566411996
7 6 5 5 -1  1
10700484847319845917
4 2 5 0 -1  1
10700494555650126652
6 1 5 2 -1  1
10700661463145852727
7 3 4 0 -1  1
10700678490603182691
6 3 7 4 -1  1
10700685025135310288
6 7 4 7 -1  1
10700864650217464744
6 7 5 7 -1  1
10701106252547262899
1 3 1 1 -1  2
10701226590732606657
7 6 7 7 -1  1
10701238335084549386
7 3 4 3 -1  1
10701246021625966011
6 2 5 1 -1  1
10701340958297513038
7 5 7 2 -1  1
10701352492354737989
6 7 5 7 -1  1
10701596296985287044
7 6 6 6 -1  1
10701645078263063324
7 2 5 0 -1  1
10701722314939369727
7 2 7 1 -1  1
10701853094927123682
7 3 6 2 -1  1
10701885578816625317
7 0 7 2 -1  1
10701942780860468946
6 7 4 6 -1  1
10701986624661429749
7 6 6 7 -1  1
10702025646649219876
5 6 5 5 -1  1
10702076359638510419
3 7 3 4 -1  1
10702098257383482796
7 4 3 0 -1  1
10702120129818540537
4 7 3 6 -1  1
10702172629559169556
6 7 2 3 -1  1
10702318704420922609
7 1 2 1 -1  1
10702493419383694392
7 3 6 2 -1  1
10702872750651161161
7 4 7 3 -1  1
10702997602934148732
7 3 6 2 -1  1
10703199731962327764
7 6 6 6 -1  1
10703453621915317346
7 4 7 0 -1  1
10703498109447013360
5 7 6 7 -1  1
10703598935473931161
6 1 4 1 -1  1
10703852320393869952
1 2 0 3 -1  1
10703893529725191409
5 4 4 3 -1  1
10703935545579937617
5 2 6 3 -1  3
10704226856175099394
3 4 2 2 -1  1
10704299833259588024
7 1 4 1 -1  1
10704327369023115722
5 3 4 3 -1  1
10704509575742515666
3 5 2 5 -1  1
10704597208709592826
5 7 4 7 -1  1
10705182665306145389
5 3 4 4 -1  1
10705208380071258610
4 0 3 0 -1  1
10705225559274019686
5 3 4 4 -1  1
10705230210208682405
5 4 4 3 -1  2
10705481111488257955
4 4 3 5 -1  1
10705489085814268782
7 1 6 3 -1  1
10705526246646579413
5 6 5 7 -1  1
10705599849376921592
6 5 5 6 -1  1
10705783588997491366
5 3 4 2 -1  1
10705906982384993386
6 0 5 0 -1  1
10705991164262938231
7 6 6 6 -1  1
10706083725223688716
6 3 5 5 -1  1
10706090729846572454
6 3 6 4 -1  1
10706167953778068675
1 5 4 2 -1  1
10706663699996851257
3 6 4 4 -1  1
10706805962845108091
7 5 7 2 -1  1
10706989939422940455
6 5 6 4 -1  3
10707047867189867769
3 1 0 4 -1  1
10707127810758502724
5 4 4 3 -1  1
10707174687233970971
4 5 5 7 -1  1
10707331476477856515
1 1 1 4 -1  1
10707358390409245223
5 0 3 1 -1  1
10707716904562999070
2 3 3 2 -1  1
10707731597854629281
7 5 7 4 -1  2
10707756714879586415
5 3 2 0 -1  1
5 3 4 2 -1  1
10707757388741269267
7 2 6 3 -1  1
10707980244533315933
7 4 7 6 -1  2
10707993323856003505
5 3 5 4 -1  1
10708125620950147950
4 2 3 1 -1  1
10708144307434050058
4 6 3 6 -1  1
10708208764783700021
7 2 5 4 -1  1
10708266667781043180
4 7 4 4 -1  1
10708654054251659643
6 2 7 1 -1  1
10708686261426321904
7 4 7 6 -1  1
10709153326009954826
3 2 2 2 -1  1
10709467037864461043
6 7 7 6 -1  1
10709637131621146373
3 2 2 3 -1  1
10709807900896575831
4 0 2 1 -1  1
10710016478644260576
7 0 7 3 -1  1
10710067224892875064
5 5 5 6 -1  1
10710073927609412205
4 3 5 3 -1  1
10710181783657429240
3 7 2 5 -1  1
10710412804467660845
6 4 5 6 -1  1
10710492625602133449
4 2 3 2 -1  1
10710713236712774127
7 4 6 3 -1  1
10710763784084884870
1 0 2 0 -1  1
10710836266073536893
3 3 5 4 -1  2
10711349901364140562
4 7 3 6 -1  1
10711418783918198078
6 5 4 5 -1  1
10711474542769403907
7 5 6 4 -1  1
10711493522452508100
5 1 5 0 -1  1
10711502042947286160
7 6 5 5 -1  1
10711539202499777130
7 1 5 2 -1  1
10711575077559782988
5 2 4 2 -1  1
10711765649136714879
4 4 3 3 -1  3
10711835528412481726
7 6 5 5 -1  1
10711960601265424515
3 2 2 0 -1  1
10712397792324161363
6 2 5 2 -1  1
10712419331116201247
3 4 5 3 -1  1
10712624321587243720
4 4 0 4 -1  2
10712901466421010296
7 6 6 6 -1  1
10713046118068679734
7 6 5 5 -1  1
10713086094774502505
5 5 4 5 -1  1
10713113540008596742
7 6 7 7 -1  1
10713119627312213494
7 5 6 6 -1  1
10713185548660334012
4 7 3 7 -1  1
10713211397054426879
6 4 5 5 -1  1
10713236187252881099
6 5 4 7 -1  1
10713339718990462685
7 2 6 1 -1  1
10713536927289407159
3 5 2 5 -1  1
10713633480915881178
3 5 2 7 -1  1
10713781613752319788
3 4 2 5 -1  1
10713985805174915231
3 1 2 2 -1  1
10714097767155212051
5 2 3 1 -1  1
10714144402809942149
4 0 3 0 -1  1
10714316757033738395
5 1 4 1 -1  1
10714342639118945889
7 1 6 3 -1  1
10714397480565196616
7 0 6 0 -1  1
10714533273214646350
2 1 2 3 -1  1
10714620666772853691
6 0 5 0 -1  1
7 5 6 6 -1  2
10715071640023892268
4 2 3 2 -1  1
10715209096820867677
6 2 4 4 -1  1
10715270585204513539
5 6 4 6 -1  1
10715286491220597556
7 3 6 4 -1  1
10715315567318679913
6 2 5 1 -1  2
10715537771102407232
0 6 0 7 -1  1
10715602176893022655
7 4 7 6 -1  2
10715833118568140132
7 2 0 2 -1  1
10716027097118273344
7 3 6 2 -1  1
10716027664919959206
4 1 3 2 -1  1
10716219615507920137
6 0 4 0 -1  1
10716290886431730669
5 5 4 4 -1  1
10716416960321828807
5 4 4 6 -1  1
10716430806829669401
5 2 6 4 -1  1
10716534637855104175
7 2 7 0 -1  1
10716647102632370954
7 4 7 2 -1  1
10716663713358237325
6 3 4 3 -1  1
10716938963190249308
4 3 3 3 -1  1
10717003464411160989
4 0 5 2 -1  1
10717040207616257845
3 1 6 4 -1  1
10717247906194478656
7 5 7 4 -1  1
10717297433886012104
6 1 5 1 -1  1
10717708599178122614
7 5 7 4 -1  1
10717949872205946986
7 5 7 4 -1  1
10718026541995393912
7 3 3 3 -1  2
10718315386119754631
5 6 5 4 -1  1
10718331518330075169
7 7 7 3 -1  1
10718369553172274732
7 5 5 3 -1  1
10718433259697694649
6 3 5 4 -1  1
10718564673437085781
4 0 2 1 -1  1
10718597127720465825
5 1 2 4 -1  1
10718869624300196657
5 5 6 4 -1  1
10718912782278884958
5 3 4 3 -1  1
10718931772117914792
5 5 7 3 -1  1
10718948348154671244
6 6 6 5 -1  1
10718982403468415196
3 4 3 5 -1  1
10719198568657549362
6 0 4 0 -1  1
10719239668910932538
6 6 5 5 -1  1
10719290701726011252
7 2 3 6 -1  1
10719495257108048808
7 0 4 3 -1  1
10719786589984327557
1 4 0 5 -1  1
10719878403051627095
6 3 6 6 -1  1
10719914999631145707
4 1 3 1 -1  1
10719966593903424572
5 4 4 3 -1  1
10720017050998171482
6 7 5 6 -1  1
10720020979682209960
5 7 4 6 -1  1
10720049104531523379
6 3 5 4 -1  1
10720054639317008253
1 0 1 5 -1  1
10720159372469640418
5 6 4 6 -1  1
10720471612512652816
3 4 0 7 -1  1
10720520091326542831
4 7 5 6 -1  1
10720565095665126382
5 5 4 3 -1  1
10720777647543607699
5 3 5 2 -1  1
10720818483914084279
2 3 2 2 -1  1
10721246433866153347
3 2 0 5 -1  1
10721421923607958662
7 1 6 1 -1  1
10721470435201347995
4 1 4 2 -1  1
10721732547162577792
3 1 2 2 -1  1
10721755104727367531
5 5 6 5 -1  1
10721775900600907954
5 5 1 5 -1  1
10721814041157354792
3 1 5 2 -1  1
10721978729749005439
3 6 1 4 -1  1
10722303769340656471
4 4 2 2 -1  1
10722395293712181517
5 3 4 4 -1  1
10722514158041384129
7 4 7 6 -1  1
10722553715546090859
4 2 1 5 -1  1
10722744291997396760
7 3 6 4 -1  1
10722780782858633846
6 6 5 5 -1  1
10722969197411702097
5 2 7 4 -1  1
10723074110516061598
7 4 7 6 -1  1
10723336031299151792
4 6 3 6 -1  3
10723381551881823571
3 1 5 1 -1  3
10723447246726460339
5 3 4 2 -1  1
10723468648197612207
3 4 2 3 -1  2
10723547694823573771
6 2 3 2 -1  1
10724021870351690981
6 5 5 4 -1  1
10724142156295856251
7 2 6 3 -1  1
10724408880688423763
3 3 3 2 -1  1
10724500797076229104
3 7 2 6 -1  1
10724576322801446948
5 4 4 4 -1  1
10724810130292948793
4 3 3 3 -1  1
10724871322546206033
7 5 6 4 -1  1
10725298867943016044
6 7 5 7 -1  1
10725420750503470866
7 2 4 2 -1  3
10725597354182088538
5 2 4 2 -1  1
10725814779410577367
6 1 6 3 -1  2
10725827950524799456
6 2 3 2 -1  1
10725937289049883262
5 6 4 6 -1  1
10725951274686586474
6 2 5 2 -1  1
10726092782560501124
4 4 3 3 -1  1
10726132262560042636
7 6 7 3 -1  1
10726219343732207250
3 6 3 7 -1  1
10726859667140475040
6 1 5 0 -1  1
10726947139343759123
4 6 3 5 -1  1
10727102915759857970
0 4 2 5 -1  2
10727281010014949348
5 2 3 1 -1  1
10727363196521695459
6 2 4 2 -1  1
10727381088842465300
5 4 7 3 -1  1
10727557211433573541
7 2 7 1 -1  1
10727582047533807602
7 6 5 6 -1  1
10727715923328672002
7 6 6 7 -1  1
10728299722707219299
2 7 4 7 -1  1
10728336478840865367
5 4 2 7 -1  1
10728343758257211151
6 6 7 5 -1  1
10728416483957581435
6 3 5 5 -1  1
10728609069253789836
7 5 6 4 -1  1
10728620902637403939
6 1 5 2 -1  1
10728642031155772346
4 4 3 3 -1  1
10728657004001203975
5 7 1 3 -1  1
10728685796583489117
3 7 0 7 -1  1
10728685873001723978
7 6 5 5 -1  8
10728780322778385453
4 4 3 4 -1  1
10728938385306509854
6 1 4 1 -1  1
10728948801174447578
6 3 5 3 -1  1
7 6 6 4 -1  1
10729082864934403591
4 2 6 0 -1  1
10729317615596169650
3 4 2 6 -1  1
10729318641671283373
4 2 3 2 -1  1
10729395684171603519
5 4 6 3 -1  1
10729528112946500787
6 4 5 2 -1  1
10729573666145927056
6 1 5 2 -1  1
10729642715645007282
6 5 5 7 -1  1
10729725464399713797
5 4 4 3 -1  1
10729923247884331266
5 2 3 4 -1  2
10729960311663475215
5 2 6 4 -1  1
5 3 4 3 -1  1
7 3 6 3 -1  2
10730025691622398045
4 5 3 4 -1  2
10730059329904062307
5 6 3 7 -1  1
10730196701828363811
7 1 6 1 -1  1
10730264194478416804
4 3 3 2 -1  1
10730422082555461310
6 1 4 1 -1  2
10730839985561862712
6 7 5 7 -1  1
10731184085740454779
1 7 4 4 -1  1
10731290706284223156
6 4 2 0 -1  1
10731293124358681597
3 5 2 4 -1  1
10731543714047233034
2 0 2 1 -1  1
10731572212622110439
5 2 4 3 -1  1
10731688632556599593
5 1 4 2 -1  1
10732051821381213784
1 1 0 1 -1  1
1 1 1 0 -1  1
10732256514024559649
7 1 6 3 -1  1
10732370567781858876
3 7 6 4 -1  1
10732466962557524701
4 2 5 1 -1  1
10732480152795487105
7 7 6 6 -1  1
10732616181838935455
4 0 3 2 -1  1
10732791345756822657
7 6 7 5 -1  1
10732902522042792970
7 7 7 4 -1  1
10733005014916801080
6 4 7 3 -1  1
10733152112713643229
5 6 6 4 -1  1
10733279521959624999
7 4 7 6 -1  2
10733330086002158095
5 5 4 5 -1  1
10733501013634177608
7 0 7 1 -1  1
10733633353033333694
3 2 6 2 -1  1
10733784042457784821
5 2 7 4 -1  2
10734027970634355642
6 1 7 3 -1  1
10734178119985663110
5 2 3 3 -1  1
10734231487620391935
5 0 4 1 -1  1
10734277622965272616
7 3 2 3 -1  1
10734388936726470800
6 2 3 5 -1  1
10734454682203719904
4 1 3 1 -1  1
10734455808452053069
7 3 5 3 -1  1
10734520042055846883
6 3 5 3 -1  1
10734576011942918540
4 6 7 3 -1  1
10734726874401388361
6 5 4 5 -1  1
10734904403972577552
7 0 7 4 -1  1
10735232677948873016
7 7 6 6 -1  1
10735307868447429209
6 3 5 4 -1  1
10735414669583817708
6 5 7 5 -1  1
10735606697666353696
5 2 6 4 -1  1
10735842341268223315
5 7 5 5 -1  1
10735927105025812295
5 1 4 1 -1  1
10736292504659467379
4 0 3 0 -1  1
10736381544478801988
4 0 0 0 -1  2
10736638983528559631
5 5 5 4 -1  1
10736890827339476906
4 5 5 5 -1  1
10736897027033218373
6 5 1 5 -1  1
10737017724412221821
7 5 6 5 -1  1
10737235747505691392
6 5 5 6 -1  1
10737328538398135881
6 7 4 7 -1  1
10737333149175343662
6 7 5 7 -1  1
10737422481850138943
6 0 4 0 -1  1
10737426188505140055
6 4 2 4 -1  1
10737449581852643462
3 4 4 3 -1  1
10737603590948928228
5 0 4 0 -1  1
10737619940298578434
6 0 4 0 -1  1
10737709622157370517
6 4 5 3 -1  1
10737734042355542266
5 6 4 7 -1  1
10737907841793094402
4 2 5 3 -1  1
10737967827933174742
7 3 5 1 -1  1
10738023634428340528
5 2 6 4 -1  1
10738089241292747412
6 5 7 4 -1  1
10738091087673913541
4 6 3 6 -1  1
10738238790873558914
3 2 2 0 -1  1
10738244657035806193
6 2 5 3 -1  1
10738257072509770684
0 1 5 1 -1  1
10738267370012065625
6 5 5 5 -1  1
10738345426431220232
5 5 4 4 -1  1
10738421823968891538
4 5 3 4 -1  1
10738442634405268590
7 4 7 6 -1  1
10738498293041487853
4 3 3 4 -1  1
10738553552993476122
4 1 3 2 -1  1
10738585744156994966
7 4 5 5 -1  1
10738659218414162806
4 5 3 4 -1  1
10738723449532012930
7 2 7 4 -1  1
10738808848880084143
6 6 5 5 -1  1
10738873549034133689
4 7 5 5 -1  1
10739227276254133553
4 3 3 5 -1  1
10739251479616801818
5 4 4 4 -1  1
10739270210545249727
7 3 7 5 -1  1
10739336697744905902
7 4 7 6 -1  2
10739355386904443685
0 3 0 7 -1  1
10739377017548585654
7 5 7 3 -1  1
10739480485445048313
4 0 3 0 -1  1
10739548589448677923
4 1 3 1 -1  1
10739647151025432757
3 1 7 5 -1  1
10739982014232974728
0 4 2 2 -1  1
10740157789744826875
5 5 6 4 -1  1
10740220530811381482
6 3 4 4 -1  1
10740261434021567991
6 4 5 4 -1  1
10740427179893247320
7 5 7 3 -1  1
10740443005771277706
5 6 6 6 -1  1
10740834161543139463
6 1 5 1 -1  1
10740993372824768392
7 5 7 4 -1  1
10741084750322978900
6 6 7 5 -1  1
10741135773024588764
5 5 4 4 -1  1
10741220899783667902
6 3 5 1 -1  1
10741315358476531828
7 3 6 3 -1  1
10741374364121174996
7 4 7 6 -1  1
10741409058121481143
5 4 3 5 -1  1
10741433568311008987
7 7 6 6 -1  1
10741601711077052106
5 5 6 7 -1  1
10741736859652121042
5 2 6 4 -1  1
10741777673929661016
5 5 6 6 -1  1
10741972215829483662
5 4 7 2 -1  1
10742145059486887625
2 4 1 4 -1  1
10742180327752028678
7 6 7 5 -1  1
10742495664354911905
1 2 0 0 -1  1
10742602252052723315
0 6 0 3 -1  1
10742607308341647354
2 2 4 4 -1  1
10743132273340895477
6 3 6 4 -1  1
10743239523130921719
7 4 3 0 -1  1
10743250767727081000
5 4 6 3 -1  1
10743506070429559520
5 2 4 2 -1  1
10743564467735215068
0 5 3 5 -1  1
10743639039544400528
3 7 6 4 -1  1
10743718322226609428
7 1 7 2 -1  1
10743845316016694624
7 5 7 4 -1  1
10743903750526951761
5 4 3 5 -1  2
10744085655793233415
5 6 6 4 -1  1
10744279334305716169
7 1 6 0 -1  1
10744389687356450248
7 5 5 3 -1  1
10744604170048626516
5 3 7 1 -1  1
10744683885799878428
6 6 4 6 -1  1
10744901384974931107
2 4 3 3 -1  1
10745218817010941015
7 2 3 6 -1  1
10745236821303350144
6 6 5 7 -1  1
10745380544376922666
5 3 4 4 -1  1
10745459804269145901
6 4 6 5 -1  1
10745653226401871755
6 5 6 4 -1  2
10745800855530593833
6 6 5 6 -1  1
10745893108379860184
5 3 6 2 -1  1
10745927675396836371
6 3 5 3 -1  1
10746149540371904864
6 5 5 4 -1  1
10746436115905990918
7 4 6 5 -1  1
10746451324070245730
4 6 3 6 -1  1
10746596277592965420
4 1 3 1 -1  1
10746698247167285232
5 6 4 7 -1  3
10746745720389583804
7 3 7 4 -1  1
10747050593840660013
5 2 4 3 -1  1
10747061918914677165
6 5 5 4 -1  1
10747120039027445660
0 6 0 4 -1  1
10747131882310239376
0 3 0 6 -1  1
10747135948287072664
5 3 6 3 -1  1
10747195190374514033
7 0 7 1 -1  1
10747376862872626798
1 4 1 2 -1  2
10747385371595519416
4 4 3 3 -1  1
10747630551385153270
6 1 5 1 -1  1
10747700146505297107
4 5 3 7 -1  1
10747731425217406334
5 5 6 3 -1  1
10747771906337209259
4 2 2 1 -1  1
10747783079736206018
5 4 4 3 -1  1
10747976893325070673
6 7 6 6 -1  1
10748065750680065544
4 4 3 3 -1  1
10748157349945179649
6 4 5 5 -1  1
10748232281772262267
5 1 5 2 -1  1
10748285550259390782
5 6 4 5 -1  1
10748404569783144655
4 5 3 4 -1  1
10748429194562989788
1 5 3 7 -1  1
10748676750753701426
6 7 5 7 -1  1
10748700626975308233
6 3 5 1 -1  1
10748909850835522793
5 4 6 3 -1  1
10748980781483324540
2 2 2 5 -1  1
10749178967859592284
5 2 4 0 -1  1
10749275756870296961
4 5 5 6 -1  1
10749386700451780536
5 2 3 3 -1  1
10749416750190143599
7 6 6 6 -1  1
10749990259786002160
6 6 5 6 -1  1
10750039682041657322
5 3 4 4 -1  1
10750236491718650002
5 0 4 0 -1  2
10750360333826357404
5 1 6 3 -1  1
10750678959793377693
7 5 6 5 -1  1
10751081614084425240
6 5 5 6 -1  1
10751293681837398000
7 2 5 4 -1  1
10751407904172124790
5 6 4 4 -1  1
10751418095125308252
2 3 5 6 -1  1
10751627664649901788
6 4 5 4 -1  1
10751972316441534155
5 4 7 6 -1  1
10752134454444688273
3 3 2 3 -1  1
10752183383286919488
3 3 4 4 -1  1
10752303963098692255
6 4 7 6 -1  1
10752333202867492402
7 2 5 3 -1  1
10752407882097854629
6 5 4 5 -1  2
10752435079562001358
3 6 6 3 -1  1
10752533894306731606
6 2 5 2 -1  10
10752581086289906278
5 7 6 6 -1  1
10752688495747008236
2 6 1 6 -1  2
10752932918654141128
6 6 5 6 -1  1
10752960847871876312
7 2 3 6 -1  1
10753228233998171620
7 3 1 3 -1  1
10753516964931492250
5 2 7 0 -1  1
10753608873273082527
7 3 0 3 -1  1
10753870362330302979
7 1 5 2 -1  1
10753893669955163766
6 5 4 5 -1  1
10753911097039310485
5 3 4 4 -1  1
10753915811259226146
6 4 7 3 -1  2
10753945470035722396
6 1 6 5 -1  1
10754074358223103388
5 2 4 3 -1  1
10754095747011630446
6 6 5 6 -1  1
10754102453234910012
4 4 2 3 -1  1
10754110361919513333
7 6 7 1 -1  1
10754141351403631946
7 5 7 2 -1  2
10754202974387807640
0 1 1 3 -1  2
10754207912303178686
3 6 4 5 -1  1
10754217200916296842
6 3 4 1 -1  1
10754339484704269608
7 2 5 4 -1  1
10754347642710070574
7 6 7 5 -1  1
10754496851976420039
5 5 4 7 -1  1
10754626676772089631
7 7 0 7 -1  1
10754783182664215972
5 0 4 0 -1  1
10754962197909943210
4 1 3 1 -1  1
10755103848120128292
6 7 4 7 -1  1
10755165383516317346
5 4 4 4 -1  1
10755233172728613433
6 6 5 6 -1  1
10755316733583477126
5 5 4 3 -1  1
10755334397187283293
4 1 3 2 -1  1
10755796766496594440
7 6 6 6 -1  1
10756032472499683153
5 4 4 3 -1  1
10756124232075419905
7 1 6 1 -1  1
10756226426486651041
5 6 4 5 -1  1
10756260672886926941
6 2 1 2 -1  1
10756283844507427505
5 5 3 7 -1  1
10756479060330202701
5 4 4 3 -1  1
10756827901134892862
5 2 4 4 -1  1
10756831781535272438
3 1 4 3 -1  1
10756871003144677272
5 5 6 4 -1  1
10756885926891103458
7 0 7 2 -1  1
10756928710982261017
5 5 4 3 -1  1
10756981616344575339
6 4 4 4 -1  1
6 6 5 6 -1  1
7 1 5 2 -1  2
10757269284762024439
6 2 7 2 -1  1
10757504204182586887
3 4 4 2 -1  1
10757508478396956828
7 4 7 6 -1  1
10757707471497572091
5 7 0 2 -1  1
10757869688781281297
7 0 1 0 -1  1
10757941912275247809
2 3 4 2 -1  1
10758008599913855082
6 3 4 2 -1  1
10758109249736402521
7 1 4 4 -1  1
10758209376488116873
6 3 5 2 -1  1
10758256421202798424
7 1 7 3 -1  1
10758441989833808146
7 6 6 6 -1  1
10758455787747998440
5 0 6 1 -1  1
10758500503170979322
6 1 5 0 -1  2
10758796792323534281
7 1 6 3 -1  1
10759097806804567463
7 2 5 4 -1  1
10759228097467635345
7 6 6 7 -1  1
10759454636288857469
5 0 4 2 -1  1
10759923993735436745
6 1 5 3 -1  1
10759940319176409076
6 1 5 1 -1  1
10760237726333406838
1 7 0 6 -1  1
10760250282908725119
4 1 3 1 -1  1
10760378624284008804
7 0 7 2 -1  1
10760392947764939538
7 5 7 6 -1  1
10760532418710817667
3 1 4 2 -1  1
10760909520178525245
7 6 6 6 -1  1
10760945144287668756
5 0 2 0 -1  1
10761011097199980840
7 2 4 5 -1  1
10761019419816420213
4 4 3 5 -1  1
10761045235554895862
7 5 6 4 -1  1
10761109605220886378
5 4 6 5 -1  3
10761143627003292515
4 5 2 3 -1  1
10761201751200172007
1 4 2 3 -1  1
10761341833638252036
6 4 5 3 -1  1
10761890503172828851
5 6 6 5 -1  1
10761916672890741469
3 0 3 6 -1  1
10762045825910035652
5 4 7 2 -1  1
10762047440787375731
6 5 4 5 -1  1
10762183010537432457
6 6 7 5 -1  1
10762279327035365863
6 6 5 6 -1  1
10762484452078919704
7 7 7 6 -1  1
10762488435537656886
4 7 5 6 -1  1
10762667524971303789
6 7 4 7 -1  1
10762770622124512791
7 5 7 4 -1  1
10762811865719357439
5 6 4 6 -1  1
10762856898101216887
5 7 4 6 -1  1
10763068535141612124
6 6 5 6 -1  1
10763105001460616649
5 4 4 4 -1  1
10763297791119581762
4 4 3 4 -1  1
10763447170949144567
6 6 5 6 -1  5
7 1 6 3 -1  1
7 2 4 5 -1  1
10763454713942097747
5 3 4 4 -1  1
10763574234267495105
7 1 7 7 -1  1
10763916557854767055
1 3 0 5 -1  1
10764118022354771922
5 5 4 6 -1  1
10764423463904000722
6 5 7 5 -1  1
10764534466322715130
6 4 2 0 -1  1
10764616804108545747
4 7 5 5 -1  1
10764752600107591185
6 6 7 5 -1  3
10765123530024710215
4 4 5 2 -1  1
10765225778760347245
6 6 5 6 -1  1
10765299668885531514
6 5 4 5 -1  1
10765337710331343783
6 4 4 2 -1  1
10765341275823630737
6 2 4 2 -1  1
10765368550970469035
4 1 5 2 -1  1
10765493359252823767
5 3 5 2 -1  1
10765640876247486308
7 5 6 4 -1  1
10765751070946203274
5 1 5 3 -1  1
10765776032365451057
7 3 7 1 -1  1
10765786749591702061
7 3 6 3 -1  1
10765974897125412289
1 2 3 2 -1  1
10766017011104768240
4 0 3 1 -1  1
10766066813045827767
4 1 3 1 -1  1
10766235676548945084
7 3 1 3 -1  1
10766274135448645445
1 6 2 6 -1  1
10766285377410099959
4 4 5 4 -1  1
10766287667876299032
7 6 6 6 -1  2
10766378215390961644
7 3 4 0 -1  1
10766789520576675547
7 5 7 3 -1  1
10766899596198201845
7 4 7 6 -1  2
10767061136909374697
7 6 7 7 -1  1
10767165317390433762
7 0 7 4 -1  1
10767236514576301337
4 5 6 6 -1  1
10767279585520776981
5 3 5 4 -1  1
10767312972184823280
5 5 4 3 -1  2
10767372120137372573
7 5 5 3 -1  1
10767494599575715226
5 5 4 3 -1  1
10767502282969524501
3 7 5 5 -1  1
10767544042831702393
7 0 4 3 -1  1
10767702005291981155
6 3 6 4 -1  1
10767864510864410972
6 1 4 1 -1  1
10767982252564897485
1 5 1 4 -1  1
10767996249698863428
5 5 5 6 -1  1
10768005309591313942
6 1 7 0 -1  1
10768010567895323693
5 6 4 6 -1  1
10768025760676827341
5 1 3 0 -1  1
10768038105836062156
4 4 2 3 -1  3
10768091301226612502
3 6 2 4 -1  1
10768140877747965175
6 4 5 3 -1  1
10768315468899239425
6 0 4 0 -1  1
10768390671716970968
4 5 3 5 -1  1
10768468974407874076
7 4 7 6 -1  3
10768537525630284983
7 6 6 7 -1  1
10768542617825542621
6 6 5 6 -1  1
10768550926256315968
7 4 7 6 -1  1
10768669273915475817
7 5 7 2 -1  1
10768670275143139422
7 6 5 7 -1  1
10768770348500061895
6 4 6 5 -1  1
10768945843370542066
5 0 4 1 -1  1
10769031411532721686
1 2 1 4 -1  1
10769067648616967643
7 3 4 3 -1  1
10769298666479095276
5 1 3 2 -1  1
10769867496383615605
4 0 3 1 -1  1
10769884865203355271
6 4 5 4 -1  1
10769928043581482678
7 2 0 2 -1  1
10770214927392182334
7 0 7 1 -1  1
10770716344080059377
5 5 3 6 -1  23
6 4 4 4 -1  44
6 4 5 4 -1  13
10770761593812750131
5 1 4 1 -1  1
10770937402710993641
7 1 7 7 -1  1
10771339626839162662
5 0 2 0 -1  1
10771393882666797625
6 6 4 4 -1  1
10771454336955334651
4 5 6 4 -1  1
10771483012734946402
6 4 5 5 -1  1
10771570067116687056
5 2 4 1 -1  2
10771679949754712271
3 7 3 6 -1  1
10771689564355061035
7 4 6 4 -1  1
10772150845851545542
6 5 5 5 -1  1
10772601044898472144
7 6 6 6 -1  1
10772606832187810551
1 2 3 3 -1  1
10772750060787392966
5 3 6 2 -1  1
10772795359988929176
0 5 1 5 -1  1
10772816993323326176
4 6 3 6 -1  1
10772820586973554583
3 2 2 2 -1  1
10773045033726532530
5 3 4 2 -1  1
10773082115279925283
5 1 5 2 -1  1
10773230803950015639
7 1 5 2 -1  1
10773298942408886664
1 1 0 1 -1  1
10773333747913758330
4 5 5 6 -1  1
10773511718579500402
5 4 6 3 -1  1
10773522639397955005
7 5 6 6 -1  1
10773528523205825643
3 7 3 3 -1  1
10773580764740483046
7 1 5 2 -1  1
10773844948282856106
6 6 5 5 -1  1
10773951576498862238
5 4 6 5 -1  1
10773966068296128141
6 7 4 7 -1  1
10774014998562329273
7 6 7 5 -1  1
10774036123235156465
4 2 6 4 -1  1
10774089502390064873
7 3 4 0 -1  2
10774279867359723144
5 3 5 1 -1  1
10774861984362186194
4 4 3 5 -1  1
10774886637999628130
7 7 7 1 -1  1
10774945252940887958
7 4 7 6 -1  1
10775336784603935426
6 3 5 3 -1  1
10775695990853987100
6 0 4 0 -1  1
10775776769853049385
3 2 1 4 -1  1
10775929751252414776
6 3 4 2 -1  1
10776128033782729841
6 3 5 1 -1  2
7 3 6 2 -1  2
10776339694665749956
7 3 7 2 -1  1
10776452803886670780
3 2 3 3 -1  1
10776520979342916474
6 3 5 4 -1  1
10776776508614358595
6 3 5 3 -1  1
10776864302935108031
7 5 7 6 -1  1
10776978716108432442
0 2 7 2 -1  1
10777101885060387434
5 3 3 2 -1  1
10777130476397047542
6 3 7 2 -1  1
10777219402995025642
4 0 3 0 -1  1
10777281798829927856
7 3 6 3 -1  1
10777355860425208315
6 4 3 7 -1  1
10777500672679641909
7 0 7 2 -1  1
10777642178927127994
4 4 3 3 -1  1
10777674953707337835
7 0 1 0 -1  1
10777699986198289952
5 2 3 3 -1  1
10777747084397833880
5 1 5 0 -1  1
10778104130507742368
6 1 4 3 -1  1
10778105815412150127
4 6 3 6 -1  1
10778136190416876738
7 3 4 6 -1  1
10778170062332479555
4 4 3 3 -1  1
10778239856573797186
6 7 5 7 -1  1
10778252347478431421
1 4 1 5 -1  1
10778264350454317465
7 5 3 5 -1  1
10778625292660473343
7 6 6 6 -1  1
10778666668468556353
7 3 5 3 -1  1
10779184131955475857
7 6 5 5 -1  1
10779321656224162446
1 7 3 5 -1  1
10779331726020282526
0 7 2 7 -1  1
4 6 4 5 -1  1
10779578075941199366
0 6 1 5 -1  1
10779585028771533356
7 5 7 4 -1  1
10779600102892796767
6 5 3 2 -1  1
10779811800479686393
5 5 4 3 -1  1
10779857026686460965
3 3 3 4 -1  1
10780075685972077705
4 0 3 0 -1  1
10780140349235086921
5 3 4 4 -1  1
10780252231377245072
3 6 5 7 -1  6
10780560943714349988
1 3 0 3 -1  1
10780944247121547016
7 0 7 2 -1  1
10781232742422816842
2 6 2 7 -1  1
10781255288396466539
5 7 4 6 -1  1
10781263380592300816
7 6 7 7 -1  1
10781566340715728211
6 5 6 4 -1  1
10781644505053445482
7 4 7 5 -1  1
10781822976980785422
6 2 4 2 -1  1
10781947015680140015
5 4 6 4 -1  1
10782034341492864395
7 1 7 4 -1  1
10782184318049797320
3 2 2 0 -1  1
10782396597079815260
6 7 4 7 -1  1
10782411004939645251
7 2 7 5 -1  1
10782506259078325157
4 3 5 1 -1  1
10782718993110695942
4 2 3 3 -1  1
10782764602305157450
7 2 7 1 -1  1
10782865432389844278
7 5 5 6 -1  1
10783133413696436166
7 3 5 3 -1  2
10783220083158687733
3 1 5 3 -1  1
10783235681477170095
4 3 5 5 -1  1
10783615496566880059
3 1 2 2 -1  1
10783667424997292590
7 6 7 7 -1  1
10783766266588929158
4 6 3 6 -1  1
10783835473749367642
5 2 4 2 -1  1
10784150051827783796
5 7 4 6 -1  1
10784171327943895736
4 0 3 0 -1  2
10784251845128751282
5 1 4 1 -1  1
10784451976460967987
3 4 3 5 -1  1
10784493152295254771
7 1 4 1 -1  1
10784713945953325530
4 7 1 7 -1  1
10785170131920859902
6 6 5 6 -1  1
10785206552555755039
2 2 1 1 -1  1
10785225229631225599
2 6 2 7 -1  1
10785266982188387452
4 2 2 3 -1  1
10785470464834458027
7 4 7 6 -1  1
10785559908435899334
4 0 2 1 -1  1
10785608673388797397
5 3 4 4 -1  1
10785617438405541276
7 5 6 5 -1  1
10785716109660962892
7 6 6 7 -1  1
10785910988072250173
5 3 4 3 -1  1
10785968621991948243
5 5 6 4 -1  1
10785982767816645003
2 6 0 7 -1  1
10785994215543554998
2 7 1 6 -1  1
10786355092753378721
6 0 5 0 -1  1
10786405128249788581
3 7 2 7 -1  1
10786407179444362036
2 5 3 4 -1  1
10786640540107939689
6 2 4 2 -1  1
10787224143891600219
4 2 3 2 -1  1
10787335535978810589
6 4 5 4 -1  1
10787379219352634572
3 1 4 3 -1  1
10787631565684919327
5 3 1 3 -1  1
10787739905639123149
7 5 6 6 -1  1
10787791490964201012
1 2 2 1 -1  1
10787819657210778366
5 2 4 4 -1  1
10787889413271509915
0 2 3 2 -1  1
10787965786707441692
7 5 7 6 -1  1
10788203871236249337
6 5 6 4 -1  1
10788211753983529077
1 3 1 0 -1  2
10788305328023935448
4 3 4 6 -1  1
10788598368085853909
5 5 6 4 -1  1
10788631582228296319
4 2 2 3 -1  1
10788653278177904117
3 1 3 6 -1  1
10788667735798445238
6 6 0 0 -1  1
10788735689872601177
2 2 1 1 -1  1
10788737057193148156
5 2 2 2 -1  1
10788818125544348679
6 6 7 6 -1  1
10788835769285659633
3 3 1 1 -1  1
10788856914504731585
6 2 6 4 -1  1
10788953756352852625
5 7 4 5 -1  1
10789116480752903506
6 4 4 5 -1  1
10789175684540952743
5 1 6 2 -1  1
10789185147882710075
3 4 4 2 -1  1
10789458257672789400
6 4 5 3 -1  1
10789639523641183125
4 2 2 1 -1  1
10789708405829360504
6 1 4 1 -1  1
10789731031629891619
7 1 7 3 -1  1
10789734600427161319
4 4 6 3 -1  1
10789770454504944779
7 1 5 0 -1  2
10789873736213128669
6 3 7 4 -1  1
10790039801411990931
4 5 3 5 -1  1
10790099307184288146
6 6 5 7 -1  1
10790240005559502642
7 5 5 6 -1  1
10790297305647967323
6 2 7 2 -1  1
10790337839823229075
5 6 5 2 -1  2
10790469484033197225
3 3 2 1 -1  1
10790473764748430101
7 5 7 3 -1  1
10790493989682924742
7 7 7 4 -1  1
10790556100180907532
3 4 2 3 -1  1
10790562019810809435
5 5 4 6 -1  1
10790610850870853368
4 3 6 3 -1  1
10790645765221761971
6 3 5 5 -1  1
10790765061996168357
7 3 7 4 -1  1
10791148741900954938
3 6 2 7 -1  1
10791322337933325326
7 3 5 3 -1  1
10791369910186689887
5 5 4 4 -1  1
10791371375389370194
5 6 6 4 -1  3
10791471337967485503
5 0 1 0 -1  1
10791517823500688003
6 5 5 4 -1  1
10791527599233047912
3 7 4 6 -1  1
10791720079837705981
5 3 5 5 -1  1
10791827805083162445
7 0 7 3 -1  1
10792024985453078915
3 0 2 0 -1  1
10792176857381644103
5 1 3 3 -1  1
10792247046966344657
3 3 6 6 -1  1
10792346739916458566
6 6 5 6 -1  1
10792360103897953250
7 0 7 1 -1  1
10792593466133278527
4 4 3 6 -1  1
10792645031306600633
7 6 6 5 -1  1
10792764788122215145
5 4 0 4 -1  1
10792765945673599681
6 7 7 7 -1  1
10792768688498618241
3 5 5 6 -1  1
10792788951200123820
7 5 7 3 -1  2
10792830247100731987
1 4 2 2 -1  1
10792998205877797344
2 0 1 0 -1  1
10793173734253354393
5 3 6 2 -1  1
10793199232042644364
7 3 5 3 -1  1
10793694267410941248
6 1 7 1 -1  1
10793749864107216516
5 4 4 3 -1  1
10793804449175619328
7 2 5 4 -1  1
10794067380731469154
7 5 7 4 -1  1
10794177231197511205
1 1 6 6 -1  1
10794226060359376657
4 5 3 5 -1  1
10794616916791523779
7 4 7 6 -1  1
10794686988780885974
5 1 6 1 -1  1
10794733237512937760
7 1 6 3 -1  1
10794746801389934003
6 1 5 1 -1  1
10794862924234812071
7 4 7 2 -1  1
10794901483283739439
7 2 6 1 -1  1
10795107211888067020
3 6 2 4 -1  1
10795121435149709988
7 2 5 4 -1  1
10795199426283011939
4 2 7 5 -1  1
10795257801052066293
7 0 7 2 -1  1
10795318880295762160
4 3 3 4 -1  1
10795360718719683466
3 5 2 6 -1  1
10795714428618835419
5 4 4 5 -1  1
10795835807328044098
5 5 3 4 -1  3
10796205653012814263
7 7 7 6 -1  1
10796248275240518487
4 1 3 2 -1  1
10796791910869915120
7 5 5 3 -1  1
10796853051822932351
2 5 2 7 -1  1
10796928590601235413
6 3 7 4 -1  3
10797217849220545797
7 6 6 6 -1  1
10797393921471213689
6 2 7 3 -1  1
10797453849322114366
1 5 1 0 -1  1
10797564881468052661
4 4 3 4 -1  1
10797719587265319328
5 3 7 2 -1  1
10797741558435547845
6 6 6 7 -1  1
10797894086707373294
6 1 6 2 -1  1
10797958213010166288
5 6 7 5 -1  1
10797978172668874118
6 3 4 2 -1  1
10798001881844566923
6 3 4 3 -1  1
10798068178983270186
2 6 1 5 -1  1
10798323056191951123
3 7 4 6 -1  1
10798385889246764723
3 3 2 5 -1  1
10798505745168997812
0 5 0 3 -1  1
10798531148600657889
7 4 6 4 -1  1
10798562039433550032
7 5 6 5 -1  1
10799297034165515699
6 4 5 3 -1  1
10799833888939481370
6 7 5 7 -1  1
10799983923881324444
2 5 4 3 -1  1
10800016684252577069
7 6 6 4 -1  1
10800063947943449697
6 5 6 4 -1  1
10800100186960174229
4 2 3 3 -1  1
10800206678930751898
7 5 4 2 -1  1
10800346661079463100
7 3 5 3 -1  1
10800478662761565134
2 7 1 7 -1  1
10800530812018500855
5 4 4 5 -1  1
10800705162855143439
5 7 6 6 -1  2
10801071502968110977
5 2 3 3 -1  1
10801258083975055350
5 3 7 4 -1  1
10801290677762397929
2 3 0 2 -1  2
10801313708809650275
5 5 2 2 -1  1
10801454223664945143
4 2 5 3 -1  1
10801463487450990254
1 1 1 0 -1  1
10801483471691022041
7 2 7 3 -1  1
10801822026079295621
4 6 3 6 -1  1
10801870687455850865
6 6 5 6 -1  1
10801934706233640254
7 4 7 6 -1  1
10801992979749046493
7 4 6 5 -1  1
10802024798235931322
7 6 6 7 -1  1
10802074212523059648
6 4 4 6 -1  1
10802390149958821713
4 2 2 3 -1  1
10802789769432313880
4 1 3 1 -1  1
10803192548849024937
3 4 2 2 -1  1
10803236015294235546
4 3 4 1 -1  1
10803339872703073390
7 7 7 1 -1  1
10803348067416628961
3 5 0 2 -1  1
10803566627960899907
7 2 6 1 -1  1
10803651583731021504
7 2 0 2 -1  1
10803706800640685456
2 3 2 2 -1  1
10803976102785687709
4 5 6 3 -1  1
10804261466051031362
7 6 7 0 -1  1
10804314130574464069
4 2 3 3 -1  1
10804353047104574178
6 3 5 5 -1  1
10804408381645283581
6 5 5 5 -1  1
10804420322249243268
6 0 2 0 -1  1
10804432007039412003
3 4 2 4 -1  1
10804692299944832684
4 5 3 4 -1  1
10804699493670258396
7 6 6 6 -1  1
10805223431066747106
6 2 5 2 -1  1
10805236315384274563
5 5 3 4 -1  2
10805398717986073569
2 7 1 6 -1  1
10805528466005584638
5 5 4 6 -1  1
10805603192168694996
0 7 4 7 -1  1
10805630232362874123
4 5 5 4 -1  1
10805702750859854832
3 6 4 5 -1  1
10805813004866422806
2 6 6 2 -1  1
10805949683189999567
7 2 3 2 -1  1
10805953319919133910
2 0 2 6 -1  1
10806106256408206147
7 1 6 3 -1  1
10806370971271592245
7 5 7 4 -1  1
10806417137826077162
7 3 4 3 -1  1
10806500674843530415
7 2 6 3 -1  1
10806631634263017334
2 6 3 7 -1  1
10806796841021353499
5 5 5 4 -1  1
10806852843407369864
4 6 3 6 -1  1
10806858584849178582
1 2 3 0 -1  1
10806889727230612135
7 1 7 4 -1  1
10807033374428040010
4 3 3 4 -1  1
10807056593914939360
6 5 5 5 -1  1
10807194624363885642
1 1 2 0 -1  1
10807199319909814564
5 3 5 6 -1  2
10807275063297104075
5 2 3 1 -1  1
10807396169624931518
5 4 6 3 -1  1
10807450378574458462
7 2 4 5 -1  2
10807470618694211019
2 1 4 2 -1  1
10807531393080313700
7 3 7 5 -1  1
10807551292444475508
6 5 4 5 -1  1
10807637281537048992
4 4 5 3 -1  1
10807670130918545056
3 2 2 2 -1  1
10807817063722117487
4 2 3 3 -1  1
10807890945782154464
3 4 6 4 -1  1
10807900114252002220
7 2 4 2 -1  1
10807989752321326280
4 6 3 6 -1  1
10808155812637680253
6 1 5 1 -1  1
10808351417325423699
6 3 4 2 -1  1
10808396292592375812
7 2 6 1 -1  1
10808686853744417075
7 2 5 4 -1  1
10808704152451699426
0 5 2 7 -1  1
10808841204829880834
7 4 5 6 -1  1
10809069703734992364
6 1 5 0 -1  1
10809373200954562259
7 4 6 4 -1  1
10809375803439747665
7 4 7 6 -1  1
10809578775964563954
6 2 6 5 -1  1
10809663612310336795
6 2 4 2 -1  1
10809684822776700383
7 2 7 1 -1  2
10809977190448550943
6 3 5 2 -1  2
10810071401720365815
5 6 4 7 -1  1
10810131446940190071
5 3 5 2 -1  1
10810291928444817021
4 2 3 2 -1  1
10810394671711057050
6 0 3 3 -1  1
10810443874675862066
6 5 4 5 -1  2
10810548794009340852
1 1 2 2 -1  1
10810597846018954193
5 2 4 3 -1  1
10810752436042894836
5 5 6 5 -1  1
10810785380518744833
7 2 5 4 -1  1
10810918654833919147
6 6 4 6 -1  1
10810987128640827790
5 2 6 4 -1  1
10811048721961687784
7 3 6 2 -1  1
10811064580228472523
6 3 5 1 -1  1
10811107530567858448
6 6 5 5 -1  1
10811215825501114013
5 3 2 6 -1  1
10811460850256765799
4 3 5 5 -1  1
10811465042598218608
6 1 5 0 -1  1
10811656465876968393
7 5 7 4 -1  1
10811742275273949520
3 6 2 5 -1  1
10811882365388220039
7 3 7 4 -1  1
10812197661871820446
2 3 2 5 -1  2
10812344822717818324
2 5 1 5 -1  1
10812428108375856222
5 3 3 1 -1  1
10812430195604369130
7 0 5 2 -1  1
10812605242110880899
2 6 6 2 -1  1
10812839635506853766
4 5 5 5 -1  1
10812882330754097019
1 1 1 3 -1  1
10812968063211574762
6 0 5 0 -1  1
10813273444586546598
6 4 7 4 -1  1
10813407138573787191
4 4 2 3 -1  1
10813479519432476033
5 3 4 2 -1  1
10813591690044448098
3 3 2 2 -1  1
10813759185664050260
4 7 3 7 -1  1
10814160196650360040
7 7 7 5 -1  1
10814268126015269389
1 4 0 4 -1  2
10814330215498242119
6 6 4 4 -1  1
10814685008499572225
7 6 7 3 -1  1
10814730314799775556
6 6 7 5 -1  1
10814846979945544567
0 0 3 3 -1  1
10815208205810203849
6 4 5 4 -1  1
10815522353151113606
6 1 4 1 -1  1
10816063959335523915
6 2 4 2 -1  2
10816167301625273580
5 4 4 4 -1  1
10816262961131352498
7 6 7 5 -1  1
10816286128274653468
5 3 4 4 -1  1
10816389648509419115
6 6 4 6 -1  3
10816434420149861868
5 5 5 6 -1  1
10816569831462212495
7 5 6 4 -1  1
10817053726255144763
6 5 5 5 -1  1
10817215171018713935
0 6 0 5 -1  1
10817220873168314735
5 5 5 6 -1  1
10817365600237339310
7 0 7 2 -1  2
10817511018252817898
4 1 3 0 -1  3
10817530401463253859
7 1 6 2 -1  1
10817788306722081050
7 5 7 4 -1  1
10817829373862500833
7 0 5 0 -1  1
10817841079081030339
6 7 5 6 -1  1
10817926196089531741
3 0 2 0 -1  1
10817991572299147984
3 1 2 0 -1  1
7 3 7 6 -1  1
10818115405099329157
5 2 7 2 -1  1
10818328756766051663
5 4 4 3 -1  1
10818492869654561010
1 4 2 3 -1  1
10818820042447334289
6 6 6 5 -1  1
10818911389319644375
5 1 3 1 -1  1
10818978570698548026
6 0 5 0 -1  1
10819423212379447470
6 3 4 5 -1  1
10819637105938018733
7 6 6 6 -1  1
10819749059750640041
6 6 3 3 -1  1
10820167576422694699
5 4 4 3 -1  1
10820251135012662564
4 4 3 5 -1  1
10820279348767240500
6 3 6 4 -1  1
10820580821462721618
7 2 6 2 -1  1
10820587166356213799
7 6 7 7 -1  1
10820666405122736502
0 5 2 5 -1  1
10820767718766505194
7 5 7 4 -1  1
10821053693256744461
7 3 3 3 -1  1
10821098381432409904
7 5 7 3 -1  1
10821539324112825237
7 2 5 0 -1  1
10821571221880691896
6 6 5 5 -1  1
10821579205820631446
7 6 7 7 -1  1
10821709083042357285
5 5 4 5 -1  1
10822026905234870593
5 0 4 0 -1  1
10822050564627745186
1 2 7 2 -1  1
10822303550936807424
5 4 4 3 -1  2
5 5 4 3 -1  1
10822449458998297201
5 5 3 4 -1  1
10822550027340200102
7 5 3 5 -1  1
10822881029252028748
7 2 7 3 -1  1
10823082792148888776
7 3 7 5 -1  1
10823126201196238987
7 7 7 6 -1  1
10823288967348356185
6 4 5 4 -1  1
10823456216063966897
4 4 3 3 -1  1
10823834706981867693
3 0 2 2 -1  1
10823863937763548278
4 5 3 5 -1  3
10823907945798293635
4 2 3 2 -1  1
10823907979386621998
4 1 3 1 -1  1
10823969568877923168
2 3 4 4 -1  1
10824364280711124031
3 1 4 3 -1  1
10824391254148142599
7 2 3 2 -1  1
10824410744780318070
6 2 1 2 -1  1
10824484593161609476
0 4 0 3 -1  1
10824663740189280903
6 0 5 0 -1  1
10824760358095945266
6 1 5 0 -1  1
10824769898825638523
4 4 3 2 -1  1
10824857433606023081
7 2 2 2 -1  1
10824864194155092905
7 1 5 2 -1  1
10824906736272976317
6 2 5 4 -1  1
10824921205574064007
7 1 6 0 -1  1
10824973422471222116
6 1 4 1 -1  3
10825033243653760001
7 1 5 2 -1  1
10825087491366098772
2 7 2 6 -1  1
10825097530908971396
2 1 2 2 -1  1
10825161526597457563
6 5 5 6 -1  1
10825163159842104604
4 3 3 1 -1  1
10825268519675884704
7 6 5 5 -1  1
10825536111891518960
4 3 5 3 -1  1
10825669612624671329
4 7 3 5 -1  1
10825831042191303536
7 5 6 7 -1  2
10825842864998700004
7 2 3 6 -1  2
7 2 5 4 -1  1
10825871282428139216
4 1 3 0 -1  1
10825996909596677734
6 4 7 3 -1  1
10826019541641808028
7 6 6 6 -1  1
10826063810447981977
4 1 3 1 -1  1
10826068961471775168
6 2 3 2 -1  1
10826356350250518089
3 1 6 4 -1  1
10826416541773989976
6 0 4 0 -1  1
10826422783770811596
4 3 3 4 -1  1
10826603890680371593
6 3 5 5 -1  1
10826603902642231970
1 4 1 2 -1  1
10826606055862720688
5 4 4 3 -1  1
10826893024407218028
7 2 5 4 -1  1
10827114638901956421
2 6 1 7 -1  1
10827123779121817002
6 2 5 1 -1  1
10827235509762713860
6 3 7 4 -1  2
10827533046639047032
6 6 5 6 -1  1
10827555174594105892
2 4 2 3 -1  1
10827762944866735996
6 4 5 4 -1  1
10827797084057227017
6 4 3 1 -1  1
10827822339146451978
5 3 5 7 -1  1
10827882742203862931
0 0 5 5 -1  1
10827966196721682293
6 6 5 5 -1  1
10827987009151123311
7 2 6 2 -1  1
10828040744960177871
5 7 5 3 -1  1
10828124275172946407
3 2 2 2 -1  1
10828247726685586891
3 5 4 4 -1  1
10828297435914246842
1 6 0 6 -1  1
10828389290402445469
2 4 6 4 -1  1
10828682912423545909
4 3 3 2 -1  1
6 2 5 2 -1  1
7 4 7 6 -1  1
10828795484831423912
7 4 5 4 -1  1
10829025856621693637
4 3 7 3 -1  1
10829081890914010011
7 3 4 3 -1  1
10829104463165992964
7 4 6 3 -1  1
10829173218984334857
6 3 4 2 -1  1
10829242590480060525
5 2 4 3 -1  1
10829330266387693561
6 4 5 6 -1  1
10829546093228388993
7 6 5 5 -1  12
10829652985340203805
3 4 2 4 -1  1
10829786114946415308
6 2 5 2 -1  1
10829871392472122360
4 4 3 4 -1  1
10829882502039895270
6 1 5 2 -1  1
10829940241695808557
7 3 7 1 -1  1
10829991265354182539
7 2 6 3 -1  1
10830220451985541969
6 7 4 7 -1  1
10830283563171589764
3 1 2 2 -1  1
10830491808312354724
5 4 4 6 -1  1
10830577666782592214
4 1 3 1 -1  1
10830637057555977870
3 1 2 1 -1  1
10830688720847494357
7 3 7 2 -1  1
10830761803465487525
4 0 4 5 -1  1
10831008656429500214
5 1 5 0 -1  1
10831084611372035231
0 1 1 0 -1  1
10831101665991441871
3 5 2 7 -1  1
10831241557953572002
6 4 5 5 -1  3
10831252910520475562
7 5 6 4 -1  1
10831374294134511313
1 2 1 0 -1  1
10831480137399413801
3 1 4 3 -1  1
10831505301893853278
5 3 3 3 -1  1
10831528649775624269
4 4 4 5 -1  1
10831692052705059255
6 2 6 3 -1  1
10831914106813056497
5 4 4 4 -1  1
10832214805740095782
7 2 6 1 -1  1
10832293496512909124
3 5 3 2 -1  1
10832410648013219216
6 4 5 5 -1  1
10832436157203597064
2 6 1 7 -1  1
10832595043159740473
6 3 5 3 -1  1
10832677332228726601
2 2 3 0 -1  1
10832787124621149600
7 6 6 5 -1  1
10832790394193100689
7 6 6 6 -1  1
10832999932748453637
6 7 4 7 -1  2
10833027166463156516
4 4 1 1 -1  1
10833371704954435244
7 5 4 2 -1  1
10833419167136560260
6 5 4 5 -1  1
10833513024816448322
3 2 5 3 -1  1
10833735131980280413
7 4 4 4 -1  1
10833933070383704460
5 5 3 4 -1  1
10834038057406048505
3 7 6 4 -1  1
10834159954221046757
5 7 4 5 -1  1
10834206567438400166
1 2 0 2 -1  1
10834436960015692591
5 4 4 3 -1  1
10834515522767645873
1 1 1 0 -1  1
10834577693421742953
3 4 3 3 -1  1
10834578048675351115
6 2 6 4 -1  1
10834578301339339188
6 2 4 2 -1  1
10834632813515577716
3 1 2 2 -1  1
10834919550591735565
7 4 7 6 -1  1
10835039022356991153
1 7 2 7 -1  1
10835077626553828687
6 6 5 5 -1  1
10835372374856890607
4 3 2 2 -1  1
10835559487194580817
6 2 4 4 -1  1
10835657997501978195
0 7 3 7 -1  3
10835964786722461855
4 4 3 3 -1  4
10836143566972996096
6 1 4 3 -1  1
10836206162450490334
7 2 7 0 -1  1
10836451630583658367
6 7 6 1 -1  1
10836542161033467501
5 4 4 3 -1  1
10836556303379445014
2 4 1 5 -1  1
10836804189594214046
5 3 7 4 -1  1
10837183940645609577
7 4 7 6 -1  1
10837211860947960961
7 2 5 4 -1  9
7 4 7 6 -1  1
10837298253743068068
7 6 6 7 -1  1
10837341751822259413
6 4 6 5 -1  1
10837370932056310607
5 5 3 4 -1  1
10837397249923193593
3 1 2 2 -1  1
7 2 6 1 -1  1
10837552230486397856
4 2 3 3 -1  1
10837735459117261969
7 2 6 2 -1  1
10837924976337325229
6 4 6 5 -1  1
10838297311461820219
6 5 5 4 -1  1
10838397125805877481
4 0 0 0 -1  1
10838586038761381526
7 1 7 3 -1  1
10838653803098701896
5 5 4 3 -1  1
10838782270841496357
5 2 5 3 -1  1
10839195491452524954
6 3 4 3 -1  1
10839279641057453349
0 6 1 4 -1  1
