10839555987116874211
4 2 6 4 -1  1
10839689571326516903
6 6 5 6 -1  1
10839851203423279962
7 2 6 3 -1  1
10840069487208360341
2 7 1 6 -1  3
10840280729350852819
3 4 2 4 -1  1
10840315861205096064
6 5 5 5 -1  1
10840568806713831432
4 3 3 2 -1  1
10841238788971949102
2 2 3 2 -1  1
10841343607910767539
1 1 2 1 -1  2
10841407729867900729
5 7 6 5 -1  1
10841515746566852417
5 2 4 0 -1  1
10841573109346318900
3 3 2 1 -1  1
10841937596264294759
7 0 6 0 -1  1
10842388216159094817
5 4 3 2 -1  1
10842484139489277536
3 0 1 0 -1  1
10842691713750751631
5 5 4 5 -1  1
10843033525975685431
3 5 1 4 -1  1
10843092962552005055
7 3 6 2 -1  1
10843145130279055911
4 3 7 0 -1  1
10843213175852703050
5 0 4 2 -1  1
10843489435167989615
1 1 1 3 -1  1
10843736746716890410
4 4 3 5 -1  2
10843821374104930228
5 6 6 6 -1  1
10843886086108917811
5 2 3 3 -1  1
10843918248978848779
6 5 4 5 -1  1
10844084772173547588
4 1 5 2 -1  1
10844126548196123105
5 0 4 0 -1  1
10844242120316331101
3 7 6 4 -1  1
10844284902451661472
7 5 7 3 -1  1
10844510776792524453
7 6 5 5 -1  2
10844623901848448243
0 6 0 1 -1  1
10844707779354288098
3 2 5 0 -1  1
10845140192667726816
6 6 5 6 -1  1
10845180164172807624
7 6 7 7 -1  1
10845207353950031686
3 3 3 1 -1  2
10845782225949981940
7 6 7 0 -1  1
10845951906979542987
3 4 1 2 -1  3
10846337041418586004
7 3 0 3 -1  1
10846480428011510808
7 0 7 2 -1  1
10846488434635166247
4 2 4 7 -1  1
10846558674526035707
4 1 2 3 -1  1
10846575131206577088
7 6 6 5 -1  1
10846581956422162581
1 0 2 0 -1  1
10846792241642525041
4 5 5 4 -1  1
10846875990863718025
4 2 2 2 -1  1
10846997645178381449
0 1 2 3 -1  1
10847130276168763965
5 4 6 3 -1  1
10847185315921614500
7 0 7 2 -1  1
10847331369857225520
6 6 6 5 -1  1
10847351230269366380
7 0 3 0 -1  1
10847737149266668262
6 5 5 4 -1  1
10847754756032806814
7 3 6 4 -1  1
10847800846702981047
6 0 6 3 -1  1
10847936468032357450
6 4 5 6 -1  1
10847938188446600894
4 2 3 3 -1  7
5 5 3 4 -1  1
7 1 5 2 -1  2
7 4 7 6 -1  2
10848176748965523898
6 5 6 2 -1  1
10848323602351410299
5 0 4 0 -1  1
10848323941829204072
3 7 3 1 -1  1
10848572744252117254
7 4 6 5 -1  1
10848737171542149844
5 2 4 2 -1  1
10848929671079061676
6 3 3 3 -1  1
10849031667933536834
7 1 6 3 -1  1
10849034914566002609
3 0 3 6 -1  1
10849212145525910464
5 1 4 1 -1  1
10849241847223387849
3 4 1 2 -1  1
10849262568336318763
7 2 5 4 -1  2
10849297095912929329
6 2 7 1 -1  1
10849386604099011987
6 2 4 2 -1  1
10849403442924729139
5 5 7 4 -1  3
10849548349402108935
5 4 2 1 -1  1
10849994298465507274
7 5 7 4 -1  1
10850066894388465275
6 3 5 5 -1  2
10850098776703116144
6 6 5 6 -1  1
10850117178674283961
7 3 4 3 -1  1
10850199361360036727
1 0 0 1 -1  1
10850450258459457595
7 5 6 4 -1  1
10850493183105397449
7 1 6 3 -1  1
10850510203374898956
6 0 4 0 -1  1
10850516466983162259
3 1 2 2 -1  1
10850844809347613356
4 6 3 7 -1  1
10850994570171075488
6 2 5 2 -1  1
10851043535766702773
7 4 7 6 -1  1
10851119744055943318
6 5 5 5 -1  1
10851144348493494670
5 2 4 4 -1  1
10851626581171104876
7 3 6 4 -1  1
10851734934973980417
7 3 6 3 -1  9
10851751311894945840
5 0 4 0 -1  1
10852194006003421897
6 1 4 1 -1  1
10852370629042352280
4 4 3 5 -1  1
10852423288298313027
7 7 7 6 -1  1
10852468198224699051
5 7 6 7 -1  1
10852511102415898399
7 6 7 4 -1  1
10852621465275411045
6 5 7 5 -1  1
10852698208317648567
6 7 3 4 -1  1
10852765829758143937
6 4 5 4 -1  1
10852816301600550348
7 5 7 3 -1  1
10852865887032548489
4 6 3 6 -1  1
10852868303379239529
1 2 3 4 -1  1
10852970661441347707
1 0 2 0 -1  1
10853028781409147170
6 0 6 3 -1  1
10853362437573706460
7 2 3 6 -1  1
10853517754248734616
5 2 4 2 -1  1
10854146822890866163
5 7 4 7 -1  1
10854252708678773450
6 4 7 4 -1  1
10854253420767059295
3 5 5 5 -1  1
10854439644162272828
5 1 4 1 -1  1
10854482685963368969
3 7 1 7 -1  1
10854524421887925370
4 2 3 2 -1  1
10854553320360573430
6 3 4 4 -1  1
10854643572520951022
7 2 7 4 -1  1
10854878876050796031
6 1 4 1 -1  1
10854931763859638529
0 4 1 5 -1  1
10854956035941652761
7 3 7 2 -1  1
10854975114682282894
7 3 7 2 -1  2
10855148367477210995
3 6 2 6 -1  1
10855338937670298914
7 3 6 4 -1  1
10855746982950629328
6 6 5 5 -1  1
10855829272254483885
3 7 2 6 -1  1
10855885301914439782
5 6 4 5 -1  1
10856021800711186836
4 7 5 7 -1  2
10856172697641243548
7 5 6 4 -1  2
10856399849505902075
6 4 7 3 -1  2
10856536882584339168
7 1 5 2 -1  1
10856564862234358519
4 7 3 7 -1  1
10856587511422531783
6 6 5 6 -1  1
10856607882484514678
6 6 5 6 -1  1
10856658966170156307
6 6 5 6 -1  1
10856929870615351743
4 2 5 3 -1  1
10856934459047174859
6 6 4 6 -1  1
10856970485418094486
2 1 2 5 -1  1
10857151850046173067
1 5 1 1 -1  1
10857224292314795724
7 2 7 5 -1  1
10857250090808499309
6 4 4 5 -1  1
10857430716290870732
6 0 4 0 -1  1
10857499511274297147
5 5 3 4 -1  1
10857838449106047012
3 5 2 5 -1  1
10857883257676123301
5 2 4 0 -1  1
10857886940721280536
6 2 5 3 -1  1
10858032229121689321
5 5 4 4 -1  1
10858032637689134747
7 5 6 6 -1  1
10858434411249770342
5 2 4 2 -1  1
10858449019105283730
7 6 5 5 -1  1
10858474414091774455
2 4 2 6 -1  1
10858561255637701025
6 3 3 6 -1  1
10858728023838938480
7 6 6 6 -1  1
10859148185101915003
4 1 3 1 -1  1
10859149410852008491
6 7 4 7 -1  1
10859171228954272166
5 1 4 1 -1  1
10859465415976904224
7 5 7 2 -1  1
10859923376548517125
4 5 3 4 -1  1
10859955667975712460
7 0 5 2 -1  1
10860037618665909458
1 2 1 4 -1  1
10860109393786846175
7 2 7 1 -1  1
10860163346874930325
4 5 4 3 -1  1
10860179088673239098
6 3 6 2 -1  1
10860186391474135295
4 5 6 3 -1  1
10860348322192978719
5 3 3 4 -1  1
10860821538272035696
4 3 2 2 -1  1
10860923387704063872
7 1 7 0 -1  1
10861000333940515586
7 3 4 6 -1  1
10861074845283790564
5 7 1 7 -1  1
10861362029562335361
6 7 4 7 -1  1
10861483529906431294
5 5 4 3 -1  1
10861538572601886626
7 5 5 4 -1  1
10861595365198182817
1 0 1 2 -1  1
10861978934241258060
4 3 2 3 -1  1
10862540923467725890
5 1 6 2 -1  1
10862839877608300794
7 4 7 3 -1  2
10863018770037744201
7 4 7 6 -1  2
10863042286246145683
6 6 5 6 -1  1
10863230658048654285
2 1 4 2 -1  1
10863279705259419578
4 6 3 6 -1  1
10863366707756743817
4 3 2 2 -1  1
10863574743031477245
6 7 4 7 -1  1
10863792133282557155
7 5 7 3 -1  1
10863878718189971307
7 3 6 3 -1  1
10864172702324020403
3 3 2 1 -1  1
10864292808439643079
6 7 5 7 -1  1
10864343342863457711
5 4 4 4 -1  1
10864378810549036591
7 5 7 3 -1  1
10864729587399366899
5 6 6 5 -1  1
10864790982008234750
5 2 4 0 -1  3
10864804481587582153
6 4 5 3 -1  2
10865073027288795703
5 5 4 7 -1  1
10865145156489419201
7 7 6 7 -1  1
10865662258816433998
6 7 4 6 -1  1
10865745963826393070
7 4 0 4 -1  1
10865768924972421104
2 7 1 7 -1  1
10865861067303387718
7 4 7 6 -1  2
10866102334781581971
6 4 4 2 -1  1
10866166342132048380
7 4 6 2 -1  1
10866267967287626796
6 5 4 5 -1  1
10866347475537242042
4 7 5 7 -1  1
10866506365026270641
7 2 3 6 -1  2
10866654353869295153
2 4 1 4 -1  1
10866724906081694187
4 4 3 6 -1  1
10866775316268417113
5 5 4 4 -1  1
10866795337521665689
4 7 3 6 -1  1
10866802448879064384
7 3 4 0 -1  1
10866945408674415673
5 4 6 4 -1  1
10867068119782133990
6 5 5 5 -1  1
10867170408040636996
1 0 1 1 -1  1
10867353569302601520
5 0 6 1 -1  1
10867366588763847284
4 2 3 3 -1  1
10867419726210577412
7 2 5 0 -1  2
7 2 6 1 -1  2
10867521780148887275
4 4 3 2 -1  1
10867596239490202245
7 4 6 6 -1  1
10867609219244554773
7 6 7 7 -1  1
10867742833015625688
5 7 3 7 -1  1
10867818794483068089
3 4 5 6 -1  1
10867907483887295658
6 2 4 2 -1  1
10867920559184306875
2 3 4 2 -1  1
10867935985586192035
7 1 5 2 -1  1
10868014006677885886
1 1 3 1 -1  1
10868021660541977447
7 6 7 5 -1  1
10868084086580897263
3 5 6 5 -1  1
10868102725273173073
4 6 5 4 -1  1
10868375362388745719
7 2 6 2 -1  1
10868411813727163449
6 5 6 6 -1  1
10868520539470994029
6 6 5 5 -1  1
10868523631641235928
1 0 1 6 -1  1
10868728069278182673
6 0 5 1 -1  1
10868770682677764600
6 3 5 1 -1  1
10868806762588235128
4 1 3 1 -1  1
10868910239192284261
2 1 5 4 -1  1
10868935859286804100
6 3 5 2 -1  36
10869077623866702603
6 5 4 5 -1  1
10869169527672279627
5 5 1 5 -1  1
10869266436070694080
7 4 7 6 -1  1
10869488391494046542
6 1 5 1 -1  1
10869516173452957469
2 3 6 3 -1  1
10869630311166951659
3 1 4 2 -1  1
10869962230315457186
0 5 0 6 -1  1
10870166123861301775
4 5 3 5 -1  1
10870330856064693951
5 5 6 3 -1  1
10870417811605025854
7 5 7 4 -1  1
10870463420614339360
6 6 5 6 -1  1
10870570771080324325
6 4 5 5 -1  1
10870621139124410444
2 3 1 2 -1  1
10870630585652205198
7 1 6 3 -1  1
10870819923002359285
4 2 2 3 -1  1
10870870140205804391
4 4 6 3 -1  1
10871072205927441923
1 3 0 1 -1  1
10871072282575277307
4 1 4 5 -1  1
10871158883500285931
5 1 6 1 -1  1
10871506576635541575
6 0 5 0 -1  1
10871543861144874893
4 1 3 1 -1  1
10871600989864423566
4 6 5 7 -1  1
10871638334255162208
7 6 5 5 -1  3
10872019417862803662
4 1 7 4 -1  1
10872071553296209739
7 5 7 4 -1  1
10872186772200881713
7 6 6 6 -1  1
10872358662519599179
5 5 3 5 -1  1
10872396866842236340
6 1 6 0 -1  1
10872512695603884794
7 5 5 6 -1  2
10872679800846675903
6 3 4 3 -1  1
10872824837975742301
6 4 7 3 -1  1
10872941421482827088
7 5 7 4 -1  1
10872941930731439242
6 6 5 6 -1  1
10873089123735267035
5 4 4 4 -1  1
10873097270629206896
5 7 5 6 -1  1
10873527231021013428
4 2 3 2 -1  2
10873812233375364183
3 0 1 2 -1  1
10874062477746459829
6 1 4 3 -1  1
10874231831183567779
4 4 3 4 -1  1
10874355855648463719
7 2 3 6 -1  1
10874685696535837412
6 5 3 2 -1  1
10874866286590050037
5 2 4 2 -1  1
10874922661940421405
3 7 3 6 -1  4
10875020315838007353
6 2 5 2 -1  1
10875041593000950352
3 4 2 6 -1  2
10875251744407071884
6 3 4 2 -1  2
10875294539811808508
7 1 5 2 -1  4
10875431969983168978
7 2 4 5 -1  1
10875447184169464383
3 3 4 4 -1  1
10875543779284299725
5 5 3 3 -1  1
10875577439075809978
7 4 0 4 -1  1
10875659788047797389
5 1 4 1 -1  1
10875692060665692921
1 0 3 0 -1  1
10876212758756235614
6 3 7 5 -1  1
10876223348542888073
3 0 2 1 -1  1
10876372017695023278
4 2 3 3 -1  1
10876386318144359907
1 1 1 2 -1  1
10876388343639110248
6 6 5 5 -1  3
10876745729415855943
5 4 4 4 -1  1
10876815384162265306
5 7 3 7 -1  1
10877140721933614448
3 6 3 2 -1  1
10877309937557125539
4 3 5 1 -1  1
10877625976129259239
7 3 6 1 -1  1
10877641068536258677
6 7 7 5 -1  1
10877877601117960835
7 3 5 3 -1  1
10878178787594440208
6 5 5 5 -1  3
10878260385037810565
7 5 5 3 -1  1
10878376183081204928
5 2 4 3 -1  1
10878545594932237302
3 4 4 2 -1  1
10878563117638812696
1 3 0 4 -1  1
10878681337200621926
3 7 1 7 -1  1
10878909308817935399
4 4 5 5 -1  1
10879013611945132489
6 3 4 5 -1  1
10879268361904193435
6 7 5 7 -1  1
10879291237799688281
6 0 5 1 -1  1
10879335583630420149
6 3 7 3 -1  1
10879340633990020187
6 4 7 6 -1  1
10879387417028427402
5 0 4 0 -1  1
10879399809510592089
6 5 7 6 -1  1
10879518675342374775
4 5 1 5 -1  1
10879759139854644661
6 5 4 5 -1  3
10879771631636987350
5 5 7 4 -1  1
10879980034265443697
7 4 7 6 -1  1
10879999296405024376
7 0 7 3 -1  1
10880035424273362023
6 7 5 5 -1  1
10880221150305230588
3 3 1 2 -1  1
10880360869659484355
5 5 6 3 -1  1
10880435613336814151
5 2 7 4 -1  1
10880607219073421515
6 7 5 7 -1  1
10880652704635857622
6 5 7 5 -1  1
10880678194639833300
7 7 7 6 -1  1
10880835574235129569
7 4 5 4 -1  1
10881029695988763962
6 4 5 4 -1  1
10881031052514467657
5 5 4 5 -1  1
10881054445570950798
7 7 7 3 -1  1
10881181446170947027
6 6 3 3 -1  1
10881243354066330604
5 6 7 6 -1  1
10881395135912507860
3 0 1 2 -1  1
10881438812827023136
5 6 4 7 -1  1
10881582808542835536
5 3 7 3 -1  1
10881696845628427641
0 4 3 1 -1  1
10882029900166972918
7 3 6 4 -1  1
10882201201504495091
5 4 4 3 -1  1
10882480921490021235
5 0 4 0 -1  1
10882559771241704029
6 4 7 5 -1  1
10882828745220339973
7 4 5 6 -1  1
10882925966925230740
6 4 3 1 -1  1
10883286231315216052
5 6 4 5 -1  1
10883321499898492146
3 0 4 2 -1  1
10883382724018807289
5 5 2 2 -1  1
10883391161654979760
7 4 5 5 -1  1
10883726285112464073
4 1 3 1 -1  1
10883726641913879578
7 5 7 4 -1  1
10883729318690131040
6 0 7 0 -1  1
10883849429603298626
6 7 5 6 -1  1
10883880392439416172
5 0 4 1 -1  2
10884150674674813667
0 0 1 0 -1  1
10884172708915164817
7 6 7 5 -1  1
10884232101446477254
7 5 7 3 -1  1
10884243845227810267
3 0 5 2 -1  1
10884324480764912506
5 5 7 4 -1  1
10884459645999792150
7 7 6 7 -1  1
10884831137579883470
1 4 0 4 10  1
10884937913346954205
6 0 5 0 -1  1
10885080679773117951
6 6 6 7 -1  1
10885260980972030235
7 3 6 2 -1  1
10885325337692462403
6 3 7 2 -1  1
10885534917897070330
4 2 5 3 -1  1
10885549982677312391
4 5 6 4 -1  1
10885743957472406901
7 4 7 6 -1  1
10885749924761895340
7 4 5 4 -1  1
10885763407619872990
6 4 6 2 -1  1
10885787166241542822
4 3 7 3 -1  1
10886304951856812428
6 6 5 6 -1  1
10886350389069841780
1 1 1 0 -1  1
10887035953197939761
7 5 7 3 -1  1
10887099613608826506
2 0 2 5 -1  1
10887161048013949964
6 0 7 2 -1  1
10887244457758798263
5 5 6 3 -1  1
10887665044601422512
6 7 4 7 -1  1
10887676371001093687
6 6 7 7 -1  1
10887700324603991980
5 2 3 3 -1  1
10887819490680784840
6 4 5 3 -1  1
10888279842402109213
5 5 3 4 -1  1
10888292293326753817
4 1 4 2 -1  1
10888379990585768046
5 4 6 3 -1  1
10888432016939424021
3 5 1 4 -1  4
10888562776362842965
7 2 0 2 -1  1
10888610622250493005
5 0 5 1 -1  1
10888739000545359040
5 4 4 3 -1  2
10888918395441065310
6 4 5 5 -1  1
10888923258878286075
6 2 4 2 -1  1
10889316675763020485
7 3 7 5 -1  1
10889482948586178089
5 7 6 6 -1  1
10889705985897024593
7 6 4 6 -1  1
10889918451434086255
5 3 6 2 -1  1
10889927110032773386
7 4 6 4 -1  1
10890031386102816949
5 5 4 3 -1  1
10890111964294423949
1 7 5 3 -1  1
10890808392449644086
6 0 5 1 -1  1
10890866181039710910
6 3 5 1 -1  1
10891086191322848993
6 2 5 2 -1  1
10891238223286790956
5 5 4 3 -1  3
10891259043819032198
4 5 2 3 -1  1
10891438904137063447
7 1 6 3 -1  1
10891644078328938582
3 1 1 2 -1  1
10891964721800905637
3 7 2 7 -1  1
10892149929020318698
6 0 4 0 -1  1
10892263201487968976
5 0 4 1 -1  1
10892317591140948756
4 3 3 3 -1  1
10892388256284491148
5 2 3 3 -1  1
10892492111028981596
7 1 7 2 -1  1
10892609945750489594
7 3 6 2 -1  1
10892634505142042718
6 1 5 1 -1  1
10892686271044133865
7 3 6 2 -1  1
10892699458233645342
3 2 4 2 -1  1
10892733830659877577
4 3 3 3 -1  1
10892780538556183469
5 3 7 2 -1  1
10892902596721608632
6 4 6 3 -1  1
10892905154034031310
7 5 6 3 -1  1
10892923699198817694
7 5 6 3 -1  1
10893042410918645426
5 5 4 3 -1  1
10893079047421490391
2 0 5 0 -1  1
10893136282953935532
7 2 4 5 -1  1
10893207980458309491
4 5 3 5 -1  1
10893434137945157490
5 5 4 3 -1  1
10893441762344392135
6 2 2 2 -1  1
10893754041595344923
6 5 3 2 -1  1
10893770190332338544
5 0 4 1 -1  1
10894470186306920152
7 3 5 4 -1  1
10894611331081980274
5 5 6 3 -1  1
10894671282669692638
4 2 3 1 -1  1
10894787784910130507
4 3 3 2 -1  1
10894828371312558664
7 4 7 2 -1  1
10895147433471364243
5 5 6 3 -1  1
10895447114029955519
6 0 4 0 -1  1
10895447931204137988
3 3 1 3 -1  1
10895640527869008000
6 1 4 1 -1  1
10895918491953871546
7 4 7 6 -1  2
10896202176300114902
6 6 6 5 -1  1
10896233356504796615
4 3 7 3 -1  1
10896262007189003535
5 1 4 0 -1  1
10896493424544187576
7 4 5 4 -1  1
10897152784610989400
6 4 7 4 -1  2
10897203933301529286
7 5 6 4 -1  1
10897293377952189577
7 6 5 5 -1  2
10897305681068216846
5 1 4 1 -1  1
10897329290017237543
6 1 5 2 -1  2
10897630235805681535
4 1 4 3 -1  1
10897746963827844850
5 4 4 5 -1  1
10898094619466770880
5 5 5 6 -1  1
10898171099604706660
4 5 3 4 -1  3
10898187464087711721
3 1 2 2 -1  1
10898410443969646888
7 4 7 6 -1  1
10898416694507108723
4 2 3 3 -1  1
10898538364569468745
7 3 4 0 -1  1
10898609596617802535
7 1 5 1 -1  1
10899364732931170771
6 4 5 6 -1  2
10899372775057514838
4 3 3 2 -1  1
10899430230206085925
5 3 5 4 -1  1
10899517723480735888
7 1 6 2 -1  2
10899783152762161900
4 0 3 1 -1  1
10899853662923458812
6 6 4 6 -1  1
10899963163509148490
6 5 4 5 -1  3
10900120074615080770
5 4 4 4 -1  1
10900366835663987473
7 6 7 5 -1  1
10900709295449912640
5 1 6 1 -1  1
10900798018398553527
5 7 6 6 -1  1
10900843857387971825
7 0 7 4 -1  1
10900942232232936747
6 3 7 1 -1  1
10900945998160182960
7 0 7 3 -1  1
10901122120240075770
7 3 6 4 -1  1
10901264388960580844
5 3 4 4 -1  1
10901493074501238242
5 6 4 5 -1  1
10901656425275710347
6 2 6 6 -1  1
10901732907048043982
7 6 7 7 -1  1
10901773496340375111
7 5 7 4 -1  1
10901830972453576427
4 0 3 2 -1  1
10902013825719315778
7 2 3 2 -1  2
10902040282879078415
7 5 3 1 -1  1
10902208690025196390
6 3 5 4 -1  1
10902231017525137691
7 5 7 4 -1  1
10902235480354285936
5 1 6 3 -1  1
10902288391313697483
5 6 6 6 -1  1
10902495923407995632
3 5 5 3 -1  1
10902522880545693103
3 1 2 2 -1  1
10902524312222863188
5 3 3 3 -1  1
10902562177417192433
6 4 5 6 -1  1
10902731269440677106
2 4 2 0 -1  1
10902953938323700916
5 0 4 0 -1  1
10903014051783724357
6 6 4 6 -1  1
10903019328325535320
5 3 4 2 -1  1
10903144444110751870
3 1 2 0 -1  1
10903190626427471651
7 6 6 7 -1  1
10903826795466286952
6 2 4 2 -1  1
10903942278937283586
7 6 7 7 -1  1
10904015492201206501
4 0 3 0 -1  1
10904206156358622977
6 4 5 2 -1  1
10904444999796347408
6 2 7 2 -1  2
10904537853577716972
6 5 5 4 -1  1
10904690550677902339
7 3 5 1 -1  1
10904749352787696726
6 5 4 5 -1  1
10904783650216374421
5 6 4 6 -1  1
10904854475733475206
7 3 5 5 -1  1
10904877889929987195
1 4 2 5 -1  1
10904914858137415789
7 2 4 2 -1  1
10904942932334644000
6 5 5 6 -1  1
10905009012684311630
1 4 0 4 10  1
10905209428964551419
7 4 7 6 -1  1
10905331561538800372
6 4 5 3 -1  1
10905479774747577355
3 2 2 2 -1  1
10905718720271814651
6 6 7 6 -1  1
10905727165746384456
6 3 5 1 -1  1
10905818509858718981
5 6 4 6 -1  1
10905849163102149485
3 4 5 4 -1  1
10905890088662871343
4 4 3 4 -1  1
10905895155944302567
7 1 6 3 -1  1
10905909879563527574
4 0 5 1 -1  1
10906009454072827226
7 1 6 3 -1  1
10906095595294302046
1 0 4 3 -1  1
10906311343436462678
7 7 6 7 -1  1
10906411252187772482
5 2 2 2 -1  1
10906494063769829601
6 0 4 0 -1  1
10906629629950095329
6 5 4 5 -1  1
10906630286889483469
7 3 6 2 -1  1
10906870304825709029
5 2 4 3 -1  1
10906877477090029161
7 5 6 6 -1  1
10906930784131998041
0 2 0 7 -1  1
10906964614936316112
7 3 7 5 -1  1
10906978643483432176
6 3 5 2 -1  1
10907370002482654260
3 0 2 0 -1  1
10907425530563501784
4 2 3 1 -1  1
10907463629854654281
6 4 5 5 -1  2
10907570681635359032
6 4 7 5 -1  1
10907757279521558551
4 6 2 4 -1  1
10907972326390675217
7 0 3 0 -1  1
10908022813830210260
2 4 4 4 -1  1
10908094339311063238
2 2 2 7 -1  1
10908198421652527043
3 4 4 4 -1  1
10908354979976116689
7 5 5 3 -1  2
10908447899302063812
5 6 6 4 -1  1
10908475175304545097
3 1 4 0 -1  1
10908574127965355577
5 1 4 1 -1  1
10908864797338598354
5 4 4 3 -1  1
10909191908681717770
6 7 5 7 -1  1
10909207504368055381
7 6 7 5 -1  1
10909240675028954082
7 4 5 5 -1  1
10909272743048526781
6 6 5 6 -1  2
10909429906172065091
5 0 3 0 -1  1
10909490189586484144
7 3 6 3 -1  1
10909648287273693710
7 1 6 3 -1  1
10909888324495902586
5 1 4 2 -1  1
10909919643824910470
7 2 4 5 -1  1
10910406061262541753
6 4 4 6 -1  1
10910587003525283203
7 5 7 3 -1  1
10910927394430182049
4 1 3 0 -1  1
10911024419718485974
5 3 4 3 -1  1
6 4 4 4 -1  1
10911039465926029049
4 4 3 4 -1  1
10911083841024255312
7 0 7 2 -1  1
10911287956816502623
5 2 5 1 -1  1
10911433873152194884
7 6 6 6 -1  1
10911489052366122469
5 6 4 5 -1  1
10911555142804273228
5 0 5 1 -1  1
10911558977593234652
5 4 5 2 -1  1
10911606993370293902
6 4 4 2 -1  1
10911634239139486690
7 1 5 0 -1  1
10911674917740186806
5 4 4 6 -1  1
10911844198131572329
7 7 7 6 -1  1
10911845655426349389
4 5 3 5 -1  3
10913306714121128508
5 1 6 3 -1  1
10913380393621801552
4 2 5 4 -1  1
10913394072168625467
7 5 7 4 -1  1
10913486670320289320
1 2 1 0 -1  1
10913701805330414371
5 2 4 0 -1  1
10913909969761634188
4 4 3 5 -1  1
10913987174025860916
3 0 2 0 -1  1
10914198275229203821
6 3 4 2 -1  1
10914261828538033937
7 3 3 3 -1  1
10914293816196497062
4 3 3 2 -1  1
10914360581126820393
4 1 3 1 -1  1
10914372870203323654
3 7 3 5 -1  1
10914401471031793439
7 1 7 2 -1  1
10914669291698508848
7 4 7 6 -1  1
10914674493336465905
6 1 5 1 -1  1
10914706693761164383
4 5 3 7 -1  1
10914816670828814164
7 5 7 3 -1  1
10914970915929842933
4 4 6 4 -1  1
10915072605584631605
7 5 3 5 -1  1
10915082126587567326
2 3 1 3 -1  1
10915127903980880363
4 0 3 0 -1  1
10915138864783873027
0 7 0 6 -1  1
10915214714667658721
3 2 1 2 -1  1
3 2 4 2 -1  1
10915226629341231527
3 4 1 3 -1  1
10915345870770303753
7 0 7 3 -1  2
10915433552718487445
7 3 6 3 -1  1
10915457764442420475
4 1 3 1 -1  1
10915489998311985609
3 3 2 3 -1  1
10915584176824745438
6 7 7 6 -1  1
10915658472701475597
7 3 6 3 -1  1
10915663778928560348
5 0 7 1 -1  1
10916032270302154301
6 5 4 5 -1  1
10916088556418961596
1 4 2 5 -1  1
10916188807835109426
7 6 7 5 -1  1
10916328211828060021
5 4 4 4 -1  1
10916333295756851413
6 6 5 6 -1  1
10916344796677117737
6 5 5 5 -1  2
10916345815889382532
7 4 7 6 -1  1
10916465145252108562
3 1 2 1 -1  1
10916760313063747204
4 1 3 1 -1  1
10916944653606321419
5 4 4 6 -1  1
10917050919803285781
5 4 6 2 -1  1
10917071490315393799
5 1 4 2 -1  1
10917086358286439124
4 4 3 2 -1  1
10917180090135194240
7 5 7 4 -1  1
10917194013708123344
6 7 4 7 -1  1
10917325794452007337
7 3 6 4 -1  1
10917502723006147443
4 5 3 6 -1  1
10917606385047324709
7 5 6 6 -1  1
10917773780795600625
3 4 5 5 -1  1
10917865486340467523
5 1 5 4 -1  1
10917885681782179346
6 7 5 7 -1  1
10917909182895056701
2 2 4 0 -1  1
10917910626705229180
0 7 3 7 -1  1
10917942804429184381
7 2 7 1 -1  1
10918006348474162846
7 0 1 0 -1  1
10918049424181252550
4 2 5 4 -1  1
10918260928654516228
5 4 4 3 -1  1
10918274826213840311
1 0 2 0 -1  1
10918344280487850955
7 7 2 7 -1  1
10918559177413694360
3 2 2 4 -1  1
10918574412050085925
7 5 6 6 -1  1
10918579417472223048
7 3 6 4 -1  2
10918777783988060418
7 3 7 6 -1  1
10918859047626602054
5 5 4 5 -1  1
10919041468638987999
7 2 3 2 -1  1
10919479808246343074
5 5 6 3 -1  1
10919812100233136722
2 0 1 1 -1  1
10919896517448342400
5 0 4 1 -1  1
10920125916332340574
4 6 5 4 -1  1
10920208457343204100
6 1 5 1 -1  1
10920404138640925547
2 0 4 2 -1  1
10920447191837015439
6 3 4 4 -1  1
10920786810568298601
7 3 4 3 -1  1
10920977469789562698
5 6 6 7 -1  1
10920980463276939662
5 4 4 3 -1  1
10921032641850610942
6 0 5 0 -1  1
6 4 5 4 -1  2
7 1 5 2 -1  1
10921275294621852667
4 1 2 0 -1  1
10921499774419784266
7 0 7 2 -1  1
10921757531309237341
7 3 6 3 -1  1
10921833564667334466
7 5 7 3 -1  1
10921876974168675810
3 6 4 7 -1  1
10921886870962560454
7 7 7 6 -1  1
10921938183240897975
6 5 5 5 -1  1
10922021114552039034
3 1 4 2 -1  1
10922125176238018721
5 0 4 0 -1  1
10922152826681715204
2 2 5 5 -1  1
10922157610539989687
6 5 4 5 -1  1
10922207323605804436
7 0 6 0 -1  1
10922239368114351351
6 2 1 2 -1  1
10922464895985034533
7 6 7 7 -1  1
10922506495975364740
6 5 7 4 -1  1
10922684364448222125
2 6 5 3 -1  1
10922692109022564627
2 4 1 4 -1  1
10923019681894598659
6 3 4 2 -1  1
10923051477784709274
5 4 2 7 -1  1
10923085029606650731
7 0 7 3 -1  1
10923116911580560255
1 5 2 5 -1  1
4 5 2 5 -1  1
10923414915304680326
5 1 1 5 -1  1
10923415180011889892
7 0 7 5 -1  1
10923560946373742044
2 3 2 1 -1  1
10923716704876561152
4 2 6 3 -1  1
10923790861614400357
6 1 5 1 -1  1
10923975049299120252
7 0 7 2 -1  1
10924069485240365951
4 1 4 2 -1  1
10924224580056662793
6 4 5 4 -1  1
10924250048836181632
7 2 6 3 -1  1
10924316844287484371
5 2 6 2 -1  1
10924334457028517247
3 1 1 2 -1  1
10924335904719902029
7 6 6 7 -1  1
10924422746500348147
7 2 6 3 -1  2
10924925112459635741
6 2 3 5 -1  1
10925234810607931915
7 4 7 6 -1  1
10925253348729825555
7 5 7 0 -1  1
10925768038403856765
6 6 7 5 -1  1
10925827215188882385
0 5 1 5 -1  1
10925829223924825853
7 1 6 3 -1  1
10925989864902175172
6 3 5 3 -1  1
10926233850766036944
5 2 3 2 -1  1
10926400863075505668
6 4 7 3 -1  1
10926562447062537998
5 7 4 6 -1  1
10926649971453068937
4 1 3 1 -1  1
10926700210620501898
7 4 7 3 -1  1
10926817492171865421
6 1 5 1 -1  1
10927045383540833479
4 5 3 6 -1  1
10927068235541391367
2 4 1 4 -1  1
10927211547374653034
4 0 3 0 -1  1
10927223618198759778
7 5 5 3 -1  1
10927252503464547800
2 6 3 5 -1  1
10927340273853318369
3 4 4 4 -1  1
10927345052931353995
7 0 6 0 -1  3
10927354630735972042
4 0 3 0 -1  1
10927464280351200070
7 5 7 3 -1  1
10927592535518002029
4 0 2 1 -1  1
10927638041360785846
7 4 7 6 -1  1
10927674563860199626
7 5 7 4 -1  1
10927683806686297946
6 3 5 1 -1  1
10927744581899317757
7 5 5 3 -1  1
10928092256623948287
7 3 0 3 -1  1
10928146643796667179
5 3 7 4 -1  1
10928281001054170258
5 5 3 6 -1  1
10928485193524747308
7 6 5 5 -1  1
10928813036795987940
6 4 7 5 -1  2
10928989687257279651
5 5 5 4 -1  1
10929301628796747581
5 1 7 3 -1  1
10929384840744729556
3 3 0 6 -1  1
10929577558575932421
7 6 6 6 -1  1
10930207647907585191
4 4 4 3 -1  1
10930411793693075353
6 2 5 3 -1  1
10930443738982330629
6 5 4 5 -1  1
10930473826007010519
4 2 1 5 -1  1
10930580480595491162
2 1 5 4 -1  1
10930682175817670477
6 1 7 2 -1  2
10930909149796147423
6 6 7 5 -1  1
10930920789591023182
2 3 6 3 -1  1
10931137854652453497
5 4 5 1 -1  1
10931208920447161499
6 6 4 4 -1  1
10931356196937604333
4 0 1 0 -1  1
10931387934350130955
6 0 4 0 -1  1
10931405947342112376
7 4 7 3 -1  2
10931407871632463514
7 5 7 4 -1  1
10931468236020426337
5 2 4 0 -1  1
10931735312101087217
4 3 2 4 -1  1
10931993345842624489
7 2 4 5 -1  1
10931997992847775858
7 5 5 3 -1  1
10932027042673591269
7 2 7 5 -1  1
10932160555775982432
7 3 6 2 -1  1
10932486481651485144
3 5 5 6 -1  1
10932588120031606541
5 4 4 4 -1  2
10932669832958378291
3 4 2 3 -1  1
10932744979215626457
7 1 1 1 -1  1
10932783752559377045
7 2 6 3 -1  1
10932822972779886900
7 6 6 7 -1  1
10932871544400692503
2 4 1 4 -1  1
10933084940119754171
6 6 5 6 -1  1
10933097856740047092
7 3 5 1 -1  1
10933227045252799680
7 5 6 4 -1  1
10933637491387441305
6 2 6 5 -1  1
10933968345478584295
4 6 3 4 -1  1
10934091058097020964
3 1 4 2 -1  1
10934140134728380805
5 3 3 5 -1  1
10934316878657344017
5 0 4 1 -1  1
10934395419897220181
6 0 5 2 -1  1
10934594485453322258
7 2 7 0 -1  1
10934757387873772811
7 2 6 1 -1  1
10934798995505581011
0 5 0 1 -1  1
10934956575812643663
6 0 7 0 -1  1
10935866975044770644
6 4 5 3 -1  1
10936042304312686027
7 4 7 5 -1  1
10936097654613399945
7 0 7 4 -1  1
10936287423884081985
6 6 7 7 -1  1
10936419988190236488
5 5 3 4 -1  1
10936697930464346528
6 4 5 4 -1  1
10936793436972129880
5 2 3 0 -1  1
10937127302331564818
6 6 5 6 -1  1
10937378189258404905
7 5 6 4 -1  1
10937768660074906247
6 7 7 6 -1  2
10938274785281169256
4 6 3 5 -1  1
10938539214257797400
1 2 2 4 -1  1
10938700137690422501
5 5 3 6 -1  1
10938780020409861856
7 2 5 4 -1  1
10938847616654435328
5 2 4 3 -1  1
10938881625776620628
7 5 6 6 -1  1
10938946582728959967
4 2 5 3 -1  1
10938957299513188055
4 1 3 1 -1  1
10939110793992757744
7 3 3 7 -1  1
10939146038530466759
7 3 5 1 -1  1
10939287053795440697
6 0 6 4 -1  1
10939338250277583319
5 2 6 2 -1  1
10939415084388109604
3 0 0 0 -1  2
10939441698967358953
6 5 5 5 -1  1
10939683349543417703
7 2 6 2 -1  1
10939690865261610661
6 5 5 6 -1  1
10939910898014552033
4 2 3 2 -1  1
10939925009909014421
7 1 6 3 -1  2
10940261134281166930
6 5 5 5 -1  1
10940464208549807628
1 2 4 2 -1  1
5 2 4 2 -1  1
10940521088739306279
6 6 5 7 -1  1
10940658144142223055
4 5 3 4 -1  1
10940673374378714152
4 5 3 5 -1  1
10940673950086754629
7 7 4 7 -1  1
10940693700406204095
5 6 3 4 -1  2
10940702962424966795
5 2 6 4 -1  2
10940745183867257498
5 4 4 4 -1  1
10940871278167409765
5 6 2 3 -1  1
10940902269733831807
5 7 6 7 -1  1
10941211843519866252
5 0 2 3 -1  1
10941234333126364377
6 3 4 4 -1  1
10941379561402894703
6 4 4 5 -1  1
10941679533675170123
7 5 7 4 -1  3
10941918228082296292
7 5 7 4 -1  1
10942197860988111854
7 6 6 7 -1  1
10942520684173149023
6 6 5 6 -1  1
10942529888184114780
1 4 3 4 -1  1
10942615321622709483
5 0 1 0 -1  1
10942924873778106355
7 4 5 2 -1  1
10942949985853345401
5 6 4 5 -1  2
10943011555792435521
4 4 3 3 -1  1
10943273292862433056
7 5 5 7 -1  1
10943285211298464998
6 2 4 2 -1  1
7 2 5 4 -1  1
10943320221884240289
5 4 4 4 -1  1
10943343976889939314
5 4 6 5 -1  1
10943375424409021551
7 6 5 5 -1  1
10943520698600154682
4 3 2 2 -1  1
4 3 5 1 -1  3
10943608435732383608
6 5 4 5 -1  1
10943679884427026977
4 3 5 1 -1  2
10943751842634651206
7 4 7 3 -1  1
10943800435546816944
4 0 3 0 -1  1
10943903837292235456
5 4 6 5 -1  1
10944071869952487712
6 5 6 4 -1  1
10944255500249180990
7 5 5 7 -1  1
10944428190320121564
5 1 4 1 -1  1
10944649614825998696
4 2 3 0 -1  2
10944666548270640175
7 4 7 6 -1  1
10944730748459866237
0 6 0 7 -1  1
10944762514410159067
5 3 3 2 -1  1
10944814511426839427
2 5 0 3 -1  1
10944864172753462371
2 7 1 7 -1  1
10945025324399117957
7 4 0 4 -1  1
10945043731863458491
3 6 3 7 -1  1
10945699377966750712
5 1 3 0 -1  1
10945779199023350704
3 4 4 2 -1  1
10945789468533167739
5 1 3 2 -1  2
10945901879596063643
5 3 4 2 -1  1
10946053380167151515
5 2 4 0 -1  2
10946352253900640934
6 5 7 4 -1  1
10946356057505428013
3 2 2 2 -1  1
10946590043160833715
6 3 5 1 -1  1
10946675866127515289
7 6 7 5 -1  1
10946772841431832373
5 2 4 2 -1  1
10946910944841598252
7 0 7 2 -1  1
10947057474664319357
2 2 0 3 -1  1
10947262717007409619
5 5 6 4 -1  3
10947320597309044965
7 2 1 2 -1  1
10947321157691812868
2 2 2 1 -1  1
10947342835875554771
5 3 4 4 -1  1
10947520055869004397
4 0 1 0 -1  1
10947536345289401132
5 2 4 3 -1  1
10947721882448126558
4 5 4 0 -1  1
10947726795132487575
5 6 5 7 -1  1
10947762794020740364
4 1 3 0 -1  1
10947812874888605373
6 1 5 2 -1  1
10948538929034318826
7 5 6 6 -1  1
10948832692065368935
1 1 0 1 -1  3
10948953036279601813
7 7 6 6 -1  1
10949298864231739043
5 2 4 4 -1  1
10949315238868579989
4 3 0 3 -1  1
10949391343918092496
6 2 5 2 -1  1
10949534113061402297
0 3 6 3 -1  1
10949569272673341261
6 3 5 5 -1  1
10949625892252221309
6 2 4 2 -1  1
10949790652608844076
6 5 5 5 -1  2
10949911557462578715
4 2 6 0 -1  1
10950060510307020181
2 2 4 3 -1  1
10950259489546367407
7 2 7 3 -1  2
10950284045997968530
5 4 2 1 -1  1
10950320563046057364
7 3 6 2 -1  1
10950363134288360969
5 5 4 6 -1  1
10950591837838467902
5 2 4 0 -1  1
10950603848683156237
5 5 5 6 -1  1
10951021239517780953
7 5 7 4 -1  1
10951210677345616040
7 6 6 6 -1  1
10951314131374893649
7 4 5 5 -1  1
10951362727901842238
6 0 4 0 -1  1
10951374158870809162
6 2 5 2 -1  1
10951386762396649434
6 7 4 7 -1  3
10951414409077252312
7 1 6 3 -1  1
10951520073675208044
7 2 3 2 -1  1
10951557115476881667
3 4 1 3 -1  1
10951712915455662949
5 6 5 5 -1  1
10951770846002492002
7 0 7 2 -1  1
10952101423152163879
7 5 2 5 -1  1
10952123976250890201
4 5 3 4 -1  1
10952388304119032411
7 3 5 1 -1  1
10952683252611385281
4 6 3 6 -1  1
10952697075654179790
0 2 4 6 -1  1
10952945966090856889
4 7 3 7 -1  1
10953238889689669930
6 1 5 1 -1  1
10953834993593337921
5 3 4 3 -1  1
10953861728209447791
7 2 3 6 -1  1
10954139929840669895
0 2 3 2 -1  1
10954352231512479689
6 3 7 5 -1  1
10954357066267315577
6 3 3 3 -1  1
10954500849717686474
7 3 5 3 -1  1
10954651998348377472
5 6 1 6 -1  1
10954721743199478229
7 3 4 3 -1  1
10954777754908488114
3 4 1 3 -1  1
10954785050923469448
7 3 4 0 -1  1
10954850280951128796
7 6 7 7 -1  1
10954892609943191980
1 3 2 3 -1  2
10955140262852695228
7 6 6 6 -1  1
10955217914031837743
6 6 5 6 -1  1
10955234664894979639
7 0 7 3 -1  1
10955386026994998884
3 4 2 4 -1  1
10955408582251682474
4 2 3 3 -1  1
10955462150669324751
3 4 2 2 -1  1
10955847181325188034
6 4 5 4 -1  1
10955907305617883099
5 1 4 0 -1  1
10955957545768525941
7 2 6 3 -1  1
10956001945127975215
6 3 5 3 -1  1
10956097253849372983
3 4 5 3 -1  1
10956110920871805773
7 5 5 3 -1  4
10956190992256082807
5 7 4 5 -1  2
10956504800247251877
7 6 7 5 -1  1
10956798321052674631
4 4 3 3 -1  1
10956827958555869472
7 5 6 6 -1  1
10956854836158810839
5 1 3 2 -1  1
10956855430583411117
6 3 6 5 -1  1
10956856456013097819
6 0 4 0 -1  1
10957016946151601014
3 3 2 5 -1  2
10957073912548433170
4 7 5 6 -1  1
10957193735703829284
7 2 5 1 -1  2
10957294743982506118
6 4 7 4 -1  1
10957518890471256273
7 5 7 4 -1  1
10957525025247235302
4 2 3 2 -1  1
10957637882917506182
5 3 5 2 -1  1
10957964192637038710
7 0 7 1 -1  1
10958104277608958470
7 0 6 0 -1  1
10958220180580280416
7 5 7 4 -1  1
10958230985150748554
7 4 7 6 -1  1
10958362292545511245
7 7 7 2 -1  1
10958470845942943748
6 6 5 6 -1  1
10958553761382974544
4 6 3 6 -1  1
10958738584586381213
6 1 2 5 -1  1
10958789690334334874
7 5 7 6 -1  1
10958793578074752046
7 6 5 5 -1  1
10958830494189075859
7 3 3 7 -1  1
10959116604302667916
6 7 5 7 -1  1
10959216180604850396
1 2 1 6 -1  1
10959267566338298242
4 4 3 5 -1  1
10959394406697754915
7 1 5 2 -1  1
10959470450963574815
5 5 5 4 -1  1
10959575070049684117
4 1 3 1 -1  1
10959607280113791704
7 5 1 5 -1  1
10959863622851552943
2 2 4 3 -1  1
10960021963310281352
7 5 6 6 -1  3
10960076194470384806
6 4 4 4 -1  1
10960277651003214746
7 3 7 6 -1  1
10960290157734039123
7 4 2 4 -1  1
10960864081641892702
6 1 5 2 -1  1
10961321905354252581
6 7 5 7 -1  1
10961356908253099090
6 4 5 3 -1  2
10961622675957662252
7 1 4 1 -1  1
10961632624825202442
3 0 2 0 -1  1
10961830186638291007
7 0 7 1 -1  1
10961951673741085678
2 0 5 3 -1  1
10961966037596150986
6 5 4 5 -1  1
10962136237935482992
7 1 7 3 -1  1
10962182620479297017
1 1 1 0 -1  1
10962212210388140612
6 1 3 4 -1  1
10962383724882281599
3 4 1 3 -1  1
10962509563898241611
6 6 4 6 -1  1
10962578299873486029
6 7 5 7 -1  1
10962579720906228965
6 4 5 4 -1  3
7 1 6 3 -1  2
10962583941465484708
6 6 5 6 -1  1
10962645379398423199
7 4 7 6 -1  1
10962780140291812236
7 5 6 4 -1  1
10962915841616570679
6 2 2 2 -1  1
10962957986829601951
3 2 4 0 -1  1
10962989213378600853
6 3 5 3 -1  1
10963092492772324219
1 2 3 1 -1  1
10963241049691918397
7 5 7 4 -1  1
10963340945103165085
7 5 6 5 -1  1
10963625796121293180
3 1 2 1 -1  1
10963649599091158073
2 5 7 5 -1  1
10963751704003226541
6 7 4 7 -1  1
10964179010664907347
7 5 6 4 -1  1
10964597135612929029
7 6 6 6 -1  1
10964740417966309251
2 4 2 1 -1  1
10964752711865823234
6 3 6 4 -1  1
10964812967378825930
2 3 4 2 -1  1
10965155681467177186
6 3 1 3 -1  1
10965258913018331126
3 5 2 4 -1  1
10965318483220043955
7 2 6 2 -1  1
10965355520750619062
7 1 7 4 -1  2
10965358817427646794
5 0 4 1 -1  1
10965418137533255970
4 0 3 2 -1  1
10965429351542425795
6 0 4 2 -1  3
10965442734968609559
6 1 5 2 -1  1
10965538812936865943
3 5 4 5 -1  1
10965582173660346156
5 0 4 1 -1  1
10965755932250935823
5 1 3 2 -1  1
10965765937552253127
4 1 3 1 -1  2
10965808453068858553
4 2 1 2 -1  1
10966223355644013723
5 2 5 3 -1  1
10966286127979437436
7 6 7 7 -1  1
10966319802212184956
6 0 4 0 -1  1
10966325301844791100
5 4 6 3 -1  1
10966340168997533058
4 4 3 3 -1  1
10966528654764707027
5 5 4 7 -1  1
10966844104412543258
3 3 1 3 -1  1
10966916496416361784
7 6 7 7 -1  1
10966966079469883568
7 4 7 2 -1  2
10967354161527712234
6 6 5 6 -1  1
10967369782820086599
7 4 6 4 -1  1
10967532095554944554
4 7 3 7 -1  1
10967646181766336534
4 0 3 1 -1  1
10967766823794548135
0 4 4 0 -1  1
10967852810914401492
3 0 4 1 -1  1
10967870791820926941
7 0 7 3 -1  1
10967918266952785220
6 7 5 7 -1  1
10968245063073968480
4 1 3 1 -1  1
10968257666441425159
4 3 3 3 -1  1
10968266839020341626
7 3 5 5 -1  1
10968288371341639152
4 1 6 1 -1  1
10968535152641255365
4 0 3 1 -1  1
10968582492994611633
5 4 4 3 -1  30
5 5 4 3 -1  11
10968613752624608324
3 2 2 3 -1  1
10968836437340240925
2 0 2 1 -1  1
10968898271314596537
2 1 2 4 -1  2
10968916634538969024
2 0 5 3 -1  1
10968990825818295631
7 2 3 6 -1  1
10969289311418252435
6 1 7 3 -1  1
10969574566896699769
6 4 5 3 -1  1
10969733368826537651
1 2 2 3 -1  1
10969791781192743111
1 0 2 0 -1  2
10969804445937120693
6 5 4 5 -1  1
10969956521692203015
6 3 5 1 -1  1
10970036573536650788
7 6 6 6 -1  1
10970126942468204848
7 1 5 1 -1  1
10970173008623378275
7 2 5 4 -1  1
10970265311517304927
7 4 7 6 -1  1
10970453747064518437
6 6 5 6 -1  1
10970482890710944347
4 4 3 6 -1  1
10970508781856890157
4 3 3 4 -1  1
10970651822818873343
4 4 3 4 -1  1
10970727483352139599
5 4 6 3 -1  1
10970946209709298707
6 1 4 1 -1  6
6 1 5 1 -1  3
6 2 4 2 -1  4
6 3 4 3 -1  25
6 4 5 4 -1  1
6 6 5 6 -1  19
7 1 5 2 -1  1
10970963957512823152
5 2 4 3 -1  1
10971013562097855939
5 2 6 4 -1  1
10971063738662665325
3 2 0 5 -1  1
10971250903630133381
7 2 5 2 -1  1
10971260900280676893
7 3 6 2 -1  1
10971375915309102443
7 2 6 3 -1  1
10971434176974763958
5 2 4 2 -1  1
10971500606644663766
7 0 7 1 -1  1
10971895429308848856
7 2 5 4 -1  1
10971916588202467992
4 5 6 6 -1  2
10971945321864909635
7 5 7 1 -1  1
10971950503794456872
3 4 5 3 -1  1
10972147010092965069
1 2 3 3 -1  1
10972155104329040770
6 5 7 6 -1  1
10972479008966270328
7 0 7 2 -1  1
10972618831616423685
5 3 3 3 -1  1
10972722274581981609
5 2 4 2 -1  1
10972854265627252374
7 0 5 0 -1  1
10972919555268469090
2 7 4 5 -1  1
10973050345803560248
5 5 5 4 -1  1
10973224722978518487
7 6 5 5 -1  1
10973338993735303237
6 4 5 5 -1  3
10973447213769831158
6 5 7 5 -1  1
10973484553470637793
7 1 6 1 -1  1
10973500196906377011
5 2 3 3 -1  1
10973767455323604617
5 0 4 0 -1  1
10974007168145628823
6 2 4 2 -1  1
10974103181235873914
5 4 4 4 -1  1
10974344849385197755
2 3 0 5 -1  1
10974354866771815999
4 0 3 1 -1  1
10974552869571218937
3 1 4 1 -1  1
10974681582391978302
5 3 6 5 -1  1
10974897481525323222
7 4 0 4 -1  1
10974905136552070185
7 5 7 6 -1  1
10974953763757556365
4 1 3 1 -1  2
10975167797850155619
7 6 3 6 -1  1
10975170485581238389
7 0 7 1 -1  1
10975372958312415237
2 3 5 0 -1  1
10975429508050825102
3 1 2 2 -1  4
3 1 6 4 -1  3
10975509828013081654
0 1 2 1 -1  1
10975538818614718539
7 7 6 6 -1  1
10975805489342996830
7 6 7 7 -1  1
10975851703853774776
7 7 7 3 -1  1
10976002069708887824
6 3 7 2 -1  1
10976028991724641794
2 7 5 4 -1  1
10976272492764688446
4 2 3 3 -1  1
10976298593045868643
4 2 4 5 -1  1
10976366940956031497
5 6 4 6 -1  1
10976367050212582609
6 1 5 2 -1  1
10976834617767459233
6 4 4 6 -1  1
10977016464908469659
6 7 7 7 -1  1
10977066572870887464
3 4 3 3 -1  1
10977133848845392159
4 3 1 6 -1  1
10977181365108968995
4 4 4 3 -1  1
10977194825976732832
1 0 2 1 -1  2
10977290766229161241
4 0 3 2 -1  1
10977389795217049103
6 3 7 2 -1  1
10977615458854611402
6 5 6 4 -1  1
10977637771181969875
4 5 4 4 -1  1
10977848336740053595
4 1 3 1 -1  1
10977907248325146826
7 2 7 1 -1  1
10977992729016121957
5 5 4 4 -1  1
10977996667383876003
3 3 1 5 -1  1
10978067445554557052
7 4 7 6 -1  1
10978168666865169286
4 4 6 3 -1  1
10978208572404791672
6 2 6 4 -1  1
10978230022251304103
6 7 4 7 -1  1
10978265937600160645
5 0 4 0 -1  1
10978562023240491571
7 1 7 0 -1  1
10978592783165710693
0 4 0 0 -1  2
10978854040110528747
5 6 4 4 -1  1
10978997304415501450
6 2 6 1 -1  2
10979004255725108704
7 6 7 5 -1  1
10979109853907970187
3 5 2 4 -1  1
10979117905335052445
6 3 5 4 -1  1
10979184794040686717
3 3 2 3 -1  1
10979286020768795351
3 3 1 4 -1  1
10979444251235985452
7 0 6 0 -1  2
10979471890613708580
4 7 3 7 -1  1
10979516040418354056
5 4 3 5 -1  1
10979522562175352627
6 5 4 5 -1  1
10980487635134716411
4 0 3 1 -1  1
10980888533077805555
5 5 7 4 -1  2
10980971968529031235
5 5 1 1 -1  1
10980976680999968479
4 1 3 1 -1  1
10981087870086564236
7 6 6 5 -1  2
10981100242268073461
6 2 5 2 -1  1
10981171162976532103
6 3 7 3 -1  1
10981300380037625281
5 2 5 3 -1  1
10981562076791912143
0 2 0 3 -1  1
10981566099272190051
7 4 5 4 -1  1
10981781047377021666
4 3 7 3 -1  2
10981784288213508572
4 0 4 4 -1  1
10981838109880954708
7 1 5 2 -1  1
10981930289239061495
4 4 3 4 -1  1
10982164296278196927
5 0 6 0 -1  1
10982209506662549778
6 0 4 0 -1  1
10982288682022123620
1 3 2 3 -1  1
10982339120822833933
7 6 6 7 -1  1
10982633077648146836
6 4 5 4 -1  1
10982684594189547320
6 4 6 3 -1  1
10982736533690089912
7 1 5 2 -1  1
10982904274433747283
5 1 4 3 -1  1
10983090895551392410
7 5 7 4 -1  1
10983195818545115253
6 7 5 7 -1  1
10983241125216757313
3 2 3 1 -1  1
10983304835661191133
0 6 6 0 -1  1
10983377699393111534
7 3 7 0 -1  1
10983393545045855311
5 1 6 3 -1  1
10983444683461804327
6 0 5 0 -1  1
10983802325783188322
5 1 6 1 -1  1
10984339195672514045
6 5 5 5 -1  1
10984460742261564714
6 5 5 5 -1  1
10984480110853739247
6 4 5 4 -1  5
10984533024001493709
3 6 2 5 -1  1
10984543940478269189
7 4 7 1 -1  1
10984681438833708611
5 3 3 2 -1  1
10985087453032639128
5 2 6 4 -1  1
10985226964175837616
6 3 5 3 -1  1
10985260626359980280
7 3 4 3 -1  1
10985431049852222948
6 4 5 4 -1  1
10985435031813692030
6 0 4 0 -1  1
10985452845443171560
5 6 5 7 -1  1
10985470169400859835
7 3 7 2 -1  1
10985513257257881244
6 3 4 2 -1  1
10985595193774658771
5 4 4 3 -1  1
10985706565855490484
5 1 4 3 -1  1
10985708891411914367
7 6 5 5 -1  1
10985811510518271337
7 2 5 0 -1  3
10986077154682522576
6 0 4 0 -1  1
10986147598310384700
3 5 4 4 -1  1
10986355484834464647
4 6 3 6 -1  1
10986371187721234864
0 0 0 7 -1  1
10986634669699210854
7 0 7 1 -1  1
10986721594204741467
7 3 6 2 -1  1
10986749416881486346
4 7 3 6 -1  1
10986818931772460261
1 1 2 0 -1  1
10987160772244544816
5 6 5 5 -1  1
10987415564141720851
6 3 7 4 -1  1
10987758680833890802
3 0 3 4 -1  1
10987852282510400552
4 7 5 6 -1  1
10987991760949007898
6 5 2 1 -1  1
10988121164811088390
4 4 3 3 -1  1
10988182026244843132
6 6 5 6 -1  1
10988226938815376986
6 1 4 1 -1  1
10988808953544775615
7 4 7 3 -1  1
10988829904152973705
6 7 5 7 -1  2
10988887192778531727
7 3 6 4 -1  2
10989032060129907507
5 4 6 5 -1  1
10989345286168275399
6 0 4 0 -1  1
10989350184873131782
3 4 2 4 -1  1
10989428077065449989
7 6 7 5 -1  1
10989927139003871786
5 5 6 6 -1  1
10990000237998745592
5 0 5 1 -1  1
10990058837574813177
6 6 5 5 -1  1
10990100607504873500
6 3 7 5 -1  1
10990152967169772988
5 3 4 3 -1  1
10990275353967441475
5 2 4 4 -1  1
10990575598737142336
5 0 4 0 -1  1
10990886372228652483
2 3 0 4 -1  1
10991187147987585933
4 2 3 2 -1  1
10991220882938431326
3 6 5 4 -1  1
10991280043217179717
2 0 3 0 -1  1
10991286574461386190
2 2 0 4 -1  1
10991331095894361290
5 5 6 6 -1  1
10991441287257950698
7 3 3 3 -1  1
10991527563881314001
4 0 3 0 -1  1
10991611183308980974
7 3 5 1 -1  1
10991805733299303547
7 1 5 2 -1  1
10991858567549082868
1 2 2 2 -1  1
10992133744997394298
4 4 5 2 -1  2
10992159272558097913
6 4 7 4 -1  1
10992264605764178374
6 1 1 6 -1  1
10992350520635397089
5 0 4 1 -1  1
10992473215975295514
4 4 4 5 -1  1
10992710661093166474
6 6 5 5 -1  3
10992847276227072071
4 3 4 2 -1  1
10992865840257479416
6 3 3 0 -1  1
10993191804374236545
7 2 5 4 -1  1
10993561484942007828
7 5 6 6 -1  1
10993750305275633148
4 5 3 6 -1  1
10993767831101159637
6 2 5 2 -1  12
6 3 4 3 -1  2
7 4 7 6 -1  1
10993843168497810403
7 5 6 5 -1  1
10993850796675980727
6 6 5 5 -1  1
10994026204326470717
7 6 5 5 -1  1
10994036497346616698
5 2 5 1 -1  1
10994127983432900102
4 4 5 4 -1  1
10994265851347479114
5 4 4 4 -1  1
10994342846456261636
6 6 1 1 -1  1
10994620721118987625
4 0 7 3 -1  1
10994683152313940679
7 5 7 3 -1  1
10994724673382416126
7 1 6 3 -1  1
10994981758114406821
5 5 4 3 -1  3
10995162565201678645
4 4 3 4 -1  1
10995354358693023738
4 3 3 4 -1  1
10995426379048073129
7 5 7 1 -1  1
10995430206127522273
6 5 5 6 -1  1
10995719125113141601
7 1 0 1 -1  1
10995766952353020915
5 6 4 6 -1  1
10995815250901149928
5 1 7 1 -1  1
10995849624462083730
5 5 1 5 -1  1
10995911018011044522
6 5 5 4 -1  1
10996035300291699833
7 4 6 4 -1  2
10996093224631995100
6 4 7 5 -1  1
10996124782248553383
0 4 1 5 -1  1
10996245789078619993
5 4 4 4 -1  1
10996249144792312924
4 1 3 1 -1  1
10996422399684050685
7 2 5 4 -1  1
10996483581361141744
7 4 7 6 -1  1
10996566086808422900
7 5 7 4 -1  1
10996734064785420554
5 0 4 1 -1  1
10996826422454622254
2 5 1 6 -1  1
10996994707675640596
1 3 5 3 -1  1
10997176468071217348
7 5 6 6 -1  1
10997311186787844429
7 2 1 2 -1  1
10997455194149875553
6 0 3 3 -1  1
10997500544953676894
7 2 7 4 -1  1
10997561293432434799
7 2 3 6 -1  1
10997588898169282191
4 4 3 4 -1  1
10997613401290906446
3 5 5 7 -1  1
10997817562481770816
7 5 7 4 -1  1
10997842735724996826
7 4 7 6 -1  1
10997990075666377180
6 4 6 6 -1  1
10998034065079191180
5 1 2 4 -1  1
10998242830896998445
2 2 1 3 -1  1
10998267450414016792
7 1 6 3 -1  1
10998291474085490192
6 3 7 5 -1  1
10998337955073235485
6 5 5 4 -1  1
10998357010688049773
3 2 1 3 -1  1
10998423023355704714
5 0 4 0 -1  1
10998506542872850956
2 3 2 4 -1  1
10998765865286156033
3 7 3 6 -1  1
10998815256204143522
3 6 4 7 -1  2
10998909978788329664
4 5 3 4 -1  1
10998913483862201002
6 5 7 6 -1  1
10998919287659794471
5 6 4 4 -1  1
10999084487741717849
3 4 4 3 -1  1
10999138599276209975
5 1 4 1 -1  1
10999171690889992154
7 6 6 4 -1  1
10999275042980965142
0 2 0 3 -1  1
10999394379159321511
6 3 4 2 -1  1
10999789700858616043
4 4 3 3 -1  1
10999969444507311280
5 2 3 3 -1  1
11000120129521790349
2 1 3 3 -1  1
11000251475455550407
3 1 4 0 -1  1
11000433333550434397
7 7 7 2 -1  1
11000453639686899086
6 2 4 2 -1  1
11000457048014547135
5 5 7 4 -1  2
11000841446484455544
4 5 3 5 -1  1
11000849272680975711
0 5 6 5 -1  1
11000860446487404403
5 3 4 3 -1  1
11000970924131445578
7 6 7 7 -1  1
11000971819427249083
6 2 5 2 -1  1
11001159289452364934
7 3 4 0 -1  1
11001501625820348233
4 1 6 1 -1  1
11001535473989787436
2 2 3 3 -1  2
11001585528986147551
5 4 6 5 -1  1
11002066600578307698
5 5 4 4 -1  1
11002145188926068758
6 2 0 2 -1  1
11002448133590645382
1 3 1 0 -1  1
11002479623463944380
6 4 4 4 -1  1
11002519791841118321
7 4 7 6 -1  1
11002529612162853196
7 6 7 7 -1  1
11002542192691668709
4 5 4 3 -1  1
11003010409875053899
2 0 4 0 -1  1
11003033079313972519
5 3 4 2 -1  1
11003050452845363663
5 1 4 3 -1  1
11003062266444153154
5 7 0 7 -1  1
11003169880661132441
3 3 2 2 -1  1
11003186086330508649
4 0 3 0 -1  1
11003413829208430453
3 7 0 7 -1  1
11003607490858736750
3 0 0 3 -1  2
11003630051233379301
5 5 6 4 -1  1
11003777555608403422
5 3 4 4 -1  1
11003795243664628045
6 1 5 2 -1  9
11004237170069537854
5 4 6 5 -1  1
11004323393129773004
4 5 5 5 -1  1
11004457272964824486
6 6 5 6 -1  1
11004680289061299097
6 6 5 6 -1  1
11004704658327846021
1 7 2 7 -1  1
11004948444001890335
5 4 4 5 -1  1
11004968026406890323
7 3 4 3 -1  1
11005410507601483339
3 4 2 3 -1  1
11005687637118252171
7 6 6 7 -1  2
11005701142498940629
6 2 7 2 -1  2
11005997398571914884
6 3 4 4 -1  1
11006035326794670368
1 0 0 0 -1  1
11006052651199309154
5 2 5 1 -1  1
6 2 5 1 -1  1
11006113556442664923
3 2 2 3 -1  1
11006136785907215662
7 5 6 6 -1  1
11006169189393899990
1 3 1 0 -1  1
11006290094286162366
3 3 5 2 -1  1
11006413342734720499
6 3 3 3 -1  1
11006487006452801871
6 6 5 6 -1  2
11006617116221464997
5 3 4 3 -1  1
11006642088578812640
5 5 3 6 -1  1
11006693666559526254
5 1 5 2 -1  1
11006700146894437343
7 1 7 2 -1  1
11006716833701967714
6 4 5 5 -1  1
11006833409634359341
7 3 5 3 -1  1
11006981466146320148
5 7 5 6 -1  1
11007018903206402981
7 4 7 6 -1  1
11007065705931859715
3 4 4 4 -1  1
11007406873942331087
6 7 4 7 -1  1
11007594527166134943
4 3 5 1 -1  3
7 4 7 6 -1  1
11007599494860437849
4 1 2 1 -1  1
11007854709982280839
0 6 1 6 -1  1
11007915817443817141
7 2 5 4 -1  1
11008631767013723389
6 7 4 7 -1  1
11008741669706517750
4 2 5 4 -1  2
11008834369206015973
3 1 6 4 -1  1
11009156527667853268
4 4 3 4 -1  1
11009315500084802373
6 2 5 4 -1  1
11009379981802940888
5 5 7 6 -1  1
11009507185907862230
7 3 6 3 -1  1
11009561807092282864
6 7 7 6 -1  2
11009763750826564893
7 6 7 3 -1  1
11009942159265419336
5 2 4 3 -1  1
11010136043701037347
7 4 7 6 -1  1
11010202275625651420
7 6 5 5 -1  1
11010345665728007015
6 1 4 3 -1  1
11010456745482331975
3 5 6 5 -1  1
11010538234721046904
4 3 3 4 -1  1
11010543690963866834
7 4 4 4 -1  1
11010590339835248520
4 2 3 2 -1  1
11010740633335429697
3 6 2 5 -1  1
11010761648247962421
4 2 3 3 -1  1
11010886805584908796
3 4 2 2 -1  1
11010961615491517410
6 6 5 6 -1  1
11010973880869813480
4 4 3 4 -1  1
11010995190423652588
4 7 3 7 -1  1
11011039377349677005
6 0 5 0 -1  1
11011421750575384433
6 3 5 5 -1  1
11011529956727795923
3 7 2 6 -1  1
11011612034609494810
6 2 5 1 -1  3
11011824785024269990
5 2 4 4 -1  1
11012036362211534843
0 0 0 2 -1  2
11012088293715892001
5 2 6 1 -1  1
11012106870330920245
5 1 4 1 -1  1
11012161437178831371
4 5 4 7 -1  1
11012197529828922948
6 4 4 6 -1  1
11012279764565712567
4 5 3 6 -1  1
11012292328949309545
5 2 3 3 -1  1
11012343439679388287
5 6 4 6 -1  1
11012916456529953409
3 0 2 1 -1  1
11012925894658341068
1 0 2 0 -1  1
11013072881859215308
1 6 2 4 -1  1
11013094571554867733
4 4 4 3 -1  1
11013215986528931344
2 6 2 3 -1  1
11013252008278369492
7 3 7 4 -1  1
11013315779713903207
5 3 4 3 -1  1
11013523328527028790
5 2 4 2 -1  1
11013819092809761286
4 3 1 0 -1  1
11014020325056074595
6 0 4 0 -1  1
11014428660113418574
7 0 6 0 -1  1
11014534102600718517
5 0 4 0 -1  1
11014545531358691086
4 2 3 2 -1  1
11014746693211838185
6 5 7 5 -1  1
11014834332903546034
3 0 2 0 -1  1
11014930777724065568
5 6 5 2 -1  1
11015122374046381226
1 4 1 3 -1  1
11015253799749672331
6 3 7 5 -1  1
11015304910529901541
5 4 4 3 -1  1
11015486975747033677
6 0 4 0 -1  1
11015542197748910053
6 6 4 4 -1  1
11015599782112954480
7 0 7 4 -1  1
11015771523567704172
5 2 4 1 -1  1
11015830511546256146
7 4 1 4 -1  1
11015866313924365999
3 6 2 7 -1  1
11015950748630531045
6 3 4 2 -1  1
11016345434529281641
4 2 3 3 -1  1
11016394672882043199
4 1 3 2 -1  1
11016459766582449221
6 7 5 6 -1  1
11016697548021944925
7 3 6 2 -1  1
11016774547333691890
7 0 7 4 -1  1
11017530196739710423
4 4 3 4 -1  1
11017837391168842861
6 7 5 7 -1  1
11017899687810749324
6 3 6 5 -1  2
11017978783462379941
6 1 5 1 -1  1
11017979032693698662
7 4 7 2 -1  1
11017996331132331756
5 4 4 4 -1  1
11018009497467867866
6 2 5 1 -1  1
11018177973198914866
6 5 5 4 -1  1
11018275510980734144
7 5 6 6 -1  1
11018450138701547077
4 0 5 2 -1  1
11018713381231088530
1 5 2 5 -1  1
11018895669980332694
7 1 7 0 -1  1
11018928848083889401
3 4 5 3 -1  1
11018970363123579545
7 1 5 2 -1  1
11019236534656301637
5 5 4 6 -1  1
11019310084896272066
6 5 4 5 -1  1
11019344866718697213
4 1 3 0 -1  1
11019505115211153156
5 5 4 3 -1  1
11019624034628105316
7 3 7 2 -1  1
11019932937665682502
7 0 7 4 -1  1
11020167241897881746
3 3 4 4 -1  1
11020447819420016377
7 6 6 4 -1  1
11020560753222883527
7 3 0 3 -1  1
11020595730694394073
4 2 0 2 -1  1
11020653955720381793
7 1 6 3 -1  1
11020723476102207883
5 3 4 4 -1  1
11020821434684393180
1 0 1 1 -1  1
11021031158439098738
4 2 6 3 -1  1
11021040221542215667
6 3 5 2 -1  1
11021232018134791429
6 7 4 7 -1  1
11021323855627303412
0 4 6 4 -1  1
11021513431971063962
7 5 7 4 -1  1
11021658712736163817
7 3 7 2 -1  1
11021843378043477162
6 0 4 0 -1  1
11022141208079042475
7 3 6 2 -1  1
11022295847461784503
5 5 4 7 -1  2
11022328450769712193
4 2 3 2 -1  1
11022505439709248182
7 4 0 4 -1  1
11022884917311569299
3 1 4 3 -1  1
11023457008223399816
6 2 4 2 -1  1
11023483145512834288
6 2 2 2 -1  1
11023567103018924619
6 4 4 3 -1  1
11023600213945184737
7 2 4 5 -1  1
11023828590726160664
6 3 7 3 -1  1
11023835759363235376
3 6 2 7 -1  1
11023989729177580810
5 3 3 4 -1  1
11024175623479697544
4 5 2 7 -1  1
11024297782874714732
1 4 2 2 -1  1
11024540486384963295
3 1 2 0 -1  1
11024548756276875709
3 7 2 7 -1  1
11024596910565894815
5 5 6 3 -1  1
11024684288073599811
5 5 3 6 -1  1
11024762559533626877
6 7 5 7 -1  1
11024932325520056125
5 4 5 5 -1  1
11024936874894881469
4 2 6 4 -1  1
11025018546573725201
6 6 7 5 -1  1
11025126621909653537
4 7 5 5 -1  1
11025166055806596704
7 0 1 0 -1  1
11025212644082870130
4 4 3 3 -1  1
11025258414624460283
7 1 5 2 -1  1
11025359859858855236
2 6 1 6 -1  1
11025380813071109790
5 2 4 0 -1  1
11025482601421714021
3 3 2 4 -1  1
11025832341512037755
4 1 4 4 -1  1
11025902136880726110
7 2 7 3 -1  1
11025976402492351034
4 6 3 7 -1  1
11026050203588934191
7 0 7 2 -1  1
11026356353946946235
7 4 7 6 -1  1
11026445508762459881
6 4 5 5 -1  1
11026518875166914322
1 5 5 1 -1  1
11026580797421946589
3 7 2 6 -1  1
11026722233364442095
6 0 4 0 -1  1
11026758519261118223
7 6 6 7 -1  1
11026854119220463258
6 6 7 5 -1  1
11027099042084483595
5 5 4 5 -1  1
11027168458657933685
3 2 2 2 -1  1
11027177159988679025
6 1 5 2 -1  1
11027228170598095129
7 4 7 2 -1  1
11027286215750448816
5 1 6 2 -1  1
11027509410935677253
6 3 5 5 -1  1
11027558461504991475
5 5 4 3 -1  1
11027599946477681696
0 2 1 0 -1  1
11027779592345787375
6 4 0 4 -1  1
11027958488528202852
7 4 6 2 -1  1
11028238932215234068
6 1 5 1 -1  1
11028494595582461904
7 2 6 3 -1  1
11028506948767404173
6 1 4 1 -1  1
11028526969137574239
6 7 5 7 -1  1
11028644064429399834
6 1 5 2 -1  1
11028949625814719874
5 3 6 4 -1  1
11029073013671570039
5 4 4 4 -1  1
11029123204674718494
7 0 7 3 -1  1
11029435409179342053
6 7 5 7 -1  1
11029441690568834411
5 5 6 3 -1  1
11029442008299960118
7 2 6 3 -1  12
11029537538072796323
3 4 3 5 -1  1
11030064878036174511
6 5 3 2 -1  1
11030467303458711458
7 0 7 1 -1  1
11030613523696721476
4 0 3 1 -1  1
11030933167312004486
6 6 5 5 -1  1
11031075377607959835
4 2 3 3 -1  1
11031187434816433202
7 0 7 1 -1  1
11031191519185138967
7 3 4 0 -1  1
11031352959896817734
7 5 6 4 -1  1
11031355306226380805
7 0 1 0 -1  1
11031379084803533149
3 6 2 5 -1  1
11031474466131751469
6 2 4 2 -1  1
11031500992272482146
4 3 6 2 -1  1
11031792246759275878
6 3 2 3 -1  1
11031817165516915791
4 6 2 6 -1  1
11031830034549935835
5 2 4 3 -1  1
11032286274395291853
3 6 3 4 -1  1
11032558327043725878
6 0 4 0 -1  2
11032706418285902128
7 6 7 7 -1  1
11032744610721408755
7 2 4 5 -1  1
11032820379996877590
7 0 7 1 -1  1
11033056286932200631
4 1 2 2 -1  1
11033082847497547727
7 6 6 5 -1  1
11033131531134907777
7 1 5 2 -1  1
11033158503448816346
7 2 7 1 -1  1
11033341959088782991
5 5 6 7 -1  1
11033386644257486368
5 6 4 7 -1  1
11033458976550828212
4 2 3 3 -1  1
11033564854148622856
6 6 7 5 -1  1
11033565912015222228
5 3 4 3 -1  1
11033583602193155510
5 7 6 6 -1  1
11033623090999576452
6 4 7 3 -1  1
11034002287985910478
5 5 4 3 -1  1
11034002916004302226
7 4 6 2 -1  1
11034132332585629568
3 2 4 0 -1  2
11034157504440688107
5 7 4 6 -1  1
11034390588974604013
1 3 1 2 -1  1
11034521728254543288
5 2 4 2 -1  1
11034749396601184830
5 4 4 4 -1  1
11034980804756161894
4 0 4 5 -1  1
11035035881402357367
5 2 5 4 -1  1
11035088754846216638
7 0 7 2 -1  1
11035167270259079939
7 5 6 5 -1  1
11035396339804520640
5 3 4 3 -1  1
11035569829370472830
5 2 4 0 -1  1
11035571344580076128
7 4 7 3 -1  1
11035719915495937374
4 3 5 2 -1  2
11035755099996896561
4 3 3 2 -1  1
6 4 5 4 -1  1
11035756058866842517
1 3 3 5 -1  1
11035862496178486225
3 1 6 4 -1  1
11035882296839249786
7 1 1 1 -1  1
11036039023048241412
4 1 1 4 -1  1
11036131281897743870
7 5 6 6 -1  9
7 6 5 5 -1  5
11036236890793984267
5 3 4 4 -1  1
11036316695967872819
5 5 3 4 -1  1
11036867754638350761
5 5 3 4 -1  1
11037141877255653248
7 6 6 6 -1  1
11037178484677213194
5 4 6 4 -1  2
11037207333527553795
5 6 5 5 -1  1
11037242768744625371
6 2 5 0 -1  1
11037264074494567199
4 1 3 0 -1  1
11037398454418616006
3 5 4 3 -1  1
3 6 2 5 -1  1
11037450754545005330
6 3 5 4 -1  1
11037550397451579866
3 3 4 2 -1  1
11037702587928911260
4 4 5 2 -1  1
11037746493342596362
5 4 4 4 -1  2
11037768271946233369
3 5 3 3 -1  1
11037990048748644759
5 2 4 0 -1  1
11038135024434373379
2 6 0 6 -1  1
11038205757121681593
5 0 4 2 -1  1
11038436103473125721
7 7 6 7 -1  1
11038480707651031786
7 3 6 4 -1  1
11038762266906914171
7 5 7 4 -1  1
11038822823773162314
3 1 2 3 -1  1
11039097050202238193
4 2 6 0 -1  1
11039302461370643168
3 6 2 4 -1  1
11039612289527134018
6 2 5 2 -1  2
11039623121992087380
4 2 3 3 -1  1
11039694653774815582
4 4 3 2 -1  1
11039733713032447039
7 7 6 6 -1  1
11039745111005674664
6 0 0 0 -1  1
11039842716103755077
5 1 4 1 -1  1
11039844932405987123
7 7 7 2 -1  1
11039998561289026317
5 4 7 4 -1  1
11040427470051652313
7 4 1 4 -1  1
11040546879974358054
6 4 7 3 -1  1
11040567508098234727
5 5 6 4 -1  1
11040789664672367745
7 3 7 4 -1  1
11040944757255324030
6 6 5 6 -1  1
11040977347641932150
4 5 3 5 -1  1
11041051836123040041
4 7 3 7 -1  1
11041074425746749421
6 4 5 4 -1  1
11041106861614411944
7 3 6 2 -1  1
11041182361376672667
5 2 5 6 -1  1
11041280640994087547
4 5 7 2 -1  1
11041283017992357293
3 7 1 7 -1  1
11041303854706931793
3 2 1 2 -1  1
11041579024244440100
7 1 7 2 -1  1
11041813018755831988
6 2 4 1 -1  1
11041843381168402318
7 0 7 2 -1  1
11041928457875557133
4 2 3 3 -1  1
11042012318141726792
5 6 4 6 -1  1
11042030374150642198
7 1 7 3 -1  1
11042224204743055151
2 6 2 0 -1  1
11042424234669362525
3 5 2 7 -1  1
11042725860326322499
7 5 6 6 -1  1
11042820775641226847
7 2 4 5 -1  1
11043373073321917412
3 3 3 1 -1  1
11043442740476887749
6 6 3 3 -1  1
11043589896287111358
5 4 4 5 -1  1
11043626514156554237
7 4 7 6 -1  1
11043667003220680429
6 1 5 1 -1  2
11044104253854758091
5 0 5 2 -1  1
11044126109454173867
3 3 3 6 -1  1
11044224441112502631
7 2 1 2 -1  1
11044230989383658539
5 5 6 3 -1  1
11044274853133232666
1 1 2 1 -1  1
11044323861376513007
6 6 4 5 -1  1
11044385065130757022
3 4 2 5 -1  1
11044681548403336019
6 3 6 2 -1  1
11044706774748913720
7 5 6 6 -1  1
11045086537048406722
1 0 1 3 -1  1
11045426411449991539
7 4 4 4 -1  1
11045793123235401345
4 4 5 6 -1  1
11046129039884622418
6 6 5 6 -1  1
11046336888859321618
7 0 1 0 -1  1
11046353860402190570
5 2 5 5 -1  1
11046401402535151541
6 4 5 4 -1  4
11046470458026658222
7 3 7 0 -1  1
11046481111001590110
4 5 6 3 -1  1
11046517629557034542
5 7 4 7 -1  1
11046788193331865006
7 7 7 6 -1  1
11046841768866449196
5 1 4 3 -1  1
11046896475046764137
4 4 3 5 -1  1
11046951596016498161
2 0 4 0 -1  1
11047018303406532066
4 3 4 6 -1  1
11047139156694744218
4 6 3 6 -1  1
11047234133907628725
7 5 6 6 -1  1
11047234155832140365
7 5 6 6 -1  1
11047313844174032589
4 3 5 3 -1  1
11047860621440285867
7 5 3 1 -1  2
11048047916901973554
7 2 6 1 -1  1
11048100946561935767
7 5 6 4 -1  1
11048123381118949195
5 1 4 2 -1  1
11048140698585562561
1 3 3 4 -1  1
11048193793439084712
3 6 5 4 -1  1
11048293567314091254
7 4 5 2 -1  1
11048309776642105876
4 4 3 4 -1  1
11048548851009595862
1 3 3 5 -1  1
11048609449391281598
1 7 6 7 -1  1
11048658347722669645
4 4 3 4 -1  1
11048699483483068721
7 3 6 4 -1  1
11048933351896411247
4 5 4 4 -1  2
11049693635121519751
5 4 4 3 -1  1
11049766547645957687
4 1 4 0 -1  2
11049797843952007264
6 3 4 2 -1  1
11049820008848830529
4 3 2 4 -1  1
11050121998225960420
5 2 7 0 -1  1
11050187737181160550
2 5 6 5 -1  1
11050398957626179469
7 3 6 3 -1  1
11050688852950079866
3 5 4 3 -1  1
11050807013383398974
5 0 4 0 -1  1
11050825707783777843
5 7 4 7 -1  1
11051013387324291141
7 6 6 6 -1  1
11051107116343613219
4 3 6 2 -1  1
11051219110074154433
7 0 7 2 -1  1
11051345340049638080
3 2 5 1 -1  1
11051466696804243879
6 3 4 2 -1  1
11051491269224210056
3 1 1 2 -1  1
11051584284996513276
3 7 4 7 -1  1
11051719318766049589
5 7 4 6 -1  1
11051829735613250695
2 3 1 3 -1  1
11051885262954039002
1 0 3 0 -1  1
11051983193457697216
3 5 5 6 -1  1
11052092641219712757
5 4 4 4 -1  1
11052155169675481418
5 2 5 6 -1  3
11052157200101467711
3 1 5 0 -1  1
11052243309782085946
4 2 7 5 -1  3
11052342785535811549
6 0 6 3 -1  1
11052986994657781910
6 3 7 2 -1  1
11053027143331341275
4 7 3 7 -1  1
11053180777707001102
5 4 6 5 -1  1
11053261021644842546
6 6 5 5 -1  1
11053359504837965560
2 4 1 4 -1  1
11053369180681990157
7 4 6 3 -1  1
11053379058597471408
5 1 2 1 -1  1
11053450960820179918
7 2 5 4 -1  1
11053599752906784439
2 3 2 2 -1  1
11053745685404096161
4 5 3 6 -1  2
11053871269558108741
3 6 3 2 -1  1
11053959861900119773
2 2 3 4 -1  3
11053984681009780919
4 6 1 6 -1  1
11054088474348709363
4 3 6 2 -1  1
11054130545297683379
7 1 1 7 -1  1
11054291138270732264
7 7 6 7 -1  1
11054438299751254473
7 2 3 2 -1  1
11054444830483951417
7 2 7 3 -1  1
11054650913805702324
5 4 4 4 -1  1
11054720835168055792
6 3 7 5 -1  1
11054733260543536937
5 1 6 1 -1  3
11054913211322565785
5 4 4 4 -1  1
11055039814656031138
6 7 5 7 -1  1
11055065298942237025
4 4 3 4 -1  1
11055264974963393131
6 1 5 1 -1  1
11055316110871256741
4 2 3 2 -1  1
11055325752838686104
5 2 4 4 -1  1
11055450108197274898
7 3 4 6 -1  1
11055700530526162831
7 2 7 4 -1  1
11055976515980712098
6 5 7 5 -1  1
11056051285293936469
7 1 5 1 -1  1
11056269725538400980
6 5 5 5 -1  1
11056297362599356075
3 3 5 3 -1  1
11056321556875938017
5 5 1 1 -1  1
11056380938710110767
6 1 5 2 -1  1
11056606568193393865
5 5 3 6 -1  1
11056974410751381973
4 2 2 4 -1  1
11057084633369962433
7 2 5 4 -1  1
11057183552635918891
3 3 6 6 -1  1
11057195800179435257
6 2 5 2 -1  1
11057621614938975055
4 2 3 0 -1  1
11057634559111808423
5 6 3 4 -1  1
11057801419331046439
7 2 6 3 -1  1
11057879710955388376
6 3 5 4 -1  1
11057928503890442433
7 3 6 2 -1  1
11057967648272959916
7 6 7 7 -1  1
11057974473282602626
4 6 3 7 -1  1
11058087181354342298
7 7 0 7 -1  1
11058382842281273821
7 6 6 6 -1  1
11058391551864106544
5 5 6 4 -1  1
11058496450716807722
5 3 0 3 -1  1
11058909258442365734
5 5 4 5 -1  1
11058964479135565276
6 2 5 3 -1  1
11059008387103025755
4 1 3 1 -1  1
11059201460743586413
7 4 7 6 -1  1
11059305283851871151
4 2 3 2 -1  1
11059318258637237288
6 3 7 5 -1  1
11059426516334320281
4 6 3 6 -1  1
11059482427698251884
4 7 3 6 -1  1
11059542629318925942
4 6 3 6 -1  1
11059563391387009808
7 0 7 1 -1  1
11059655019435865676
3 6 4 5 -1  1
11059794107324365867
6 6 7 6 -1  1
11059962666488899487
7 3 7 0 -1  1
11060004983177757334
5 1 2 1 -1  1
11060019173139267826
6 4 5 4 -1  1
11060125095659344370
5 4 6 3 -1  1
11060410672309347670
7 0 7 5 -1  1
11060539865758940414
5 4 4 2 -1  1
11060814525409488625
3 1 2 0 -1  1
11061015066809333092
4 5 5 4 -1  1
11061376977766944925
1 4 1 2 -1  1
11061581828667476314
1 0 1 1 -1  1
11061664580351466458
5 3 4 4 -1  1
11061689386941519775
5 4 6 4 -1  1
11062071483011888001
6 5 5 5 -1  1
11062260531944908612
4 5 6 3 -1  3
11062523587480258501
5 5 4 3 -1  1
11062550901922705900
7 4 7 1 -1  1
11062665987108897658
7 5 5 3 -1  1
11062753447112967359
6 2 6 3 -1  1
11062778344383104533
7 4 7 6 -1  1
11062788460126970046
7 2 2 2 -1  1
11063285785089295131
6 0 5 0 -1  2
6 4 4 4 -1  1
11063549754004935477
2 3 3 3 -1  1
11063739967628964429
7 1 6 3 -1  1
11063793948584295949
7 4 7 5 -1  1
11064058194532718516
5 1 4 3 -1  1
11064075090543404145
7 5 6 5 -1  1
11064225027632376449
6 5 5 5 -1  1
11064321340241109521
6 3 7 5 -1  1
11064339932132412042
4 4 2 4 -1  1
11064447166543777397
7 0 7 1 -1  2
11064520573345826158
6 6 5 5 -1  1
11064544417967149718
6 0 5 2 -1  1
11064808407504273701
3 6 2 5 -1  1
11065234811551868300
1 0 0 0 -1  1
11065271382679832293
6 4 5 4 -1  3
11065325448226637906
5 5 3 3 -1  1
11065347760804638343
5 4 6 4 -1  1
11065399522798225438
5 5 4 5 -1  1
11065435089905194651
6 3 4 4 -1  1
11065646715699403399
7 4 7 1 -1  1
11066007843662003088
7 5 6 4 -1  1
11066175761975303310
6 6 4 6 -1  1
11066219210887286061
7 0 7 1 -1  1
11066576166565214169
7 4 7 6 -1  1
11066631589600726600
7 2 7 1 -1  1
11066642662742143208
6 6 7 6 -1  1
11066700734926108610
6 4 5 3 -1  1
11066760398149291907
5 6 4 5 -1  1
11067280982114271742
6 1 2 5 -1  1
11067443482650081757
7 1 4 4 -1  1
11067612626563999597
5 3 4 1 -1  1
11067615827926078796
4 3 3 3 -1  1
11067616431632924182
7 5 7 2 -1  1
11067760245615426776
5 2 4 4 -1  1
11067772568619335044
7 4 7 0 -1  1
11067891024033234697
3 1 2 2 -1  1
11067975911079004255
6 4 5 3 -1  1
6 7 5 7 -1  1
11068045363565570023
6 7 7 7 -1  1
11068050459108947217
6 6 5 6 -1  1
11068247314149178337
3 4 4 2 -1  2
11068287259791113660
4 6 6 4 -1  1
11068303461580626926
4 4 6 3 -1  2
11068434641682452829
7 2 6 1 -1  1
11068455559710984381
6 7 4 7 -1  1
11068475988562108841
3 7 3 5 -1  2
11068482285523516441
6 2 5 1 -1  1
11068496433849060799
5 2 3 3 -1  1
11068663074100553954
6 7 7 6 -1  3
11068684138120096317
6 6 4 4 -1  1
11068779687840019677
2 2 2 1 -1  1
11068783883203041284
6 4 6 2 -1  1
11069011310183035065
5 1 4 1 -1  1
11069120449338330139
7 4 7 0 -1  1
11069143759663555905
7 6 6 6 -1  1
11069193359152693576
7 6 5 7 -1  1
11069245477497069596
4 5 6 6 -1  1
11069292740473487190
5 5 6 3 -1  2
6 6 4 6 -1  1
11069379687937646837
4 7 3 5 -1  1
11069628341264044308
6 2 5 2 -1  1
11069721851458203756
6 3 4 3 -1  1
7 5 3 1 -1  4
11069729202249803781
7 5 7 6 -1  1
11069741581068365253
2 3 0 4 -1  1
11069914448908298988
6 2 5 2 -1  1
11069933347881203580
4 4 3 4 -1  1
11070170171959916287
4 4 1 1 -1  1
11070243589794721910
5 5 5 6 -1  1
11070325936617078406
3 3 1 5 -1  1
11070355958886205606
0 1 0 5 -1  1
11070358654987293296
4 2 3 2 -1  1
11070499128320316136
4 6 5 5 -1  1
11070499325557618919
5 6 6 6 -1  1
11070627740370139200
5 5 4 3 -1  1
11070846969384304378
6 3 6 4 -1  1
11071172960729930392
7 5 6 4 -1  1
11071182488517415766
7 3 7 5 -1  1
11071288176579346375
7 1 5 2 -1  1
11071318093834376933
4 2 3 2 -1  1
11071652579993447867
7 2 7 3 -1  1
11071711186357302252
1 4 2 6 -1  1
11072004029209374271
6 3 5 1 -1  2
11072006749562748555
6 3 5 5 -1  1
11072104463234865509
7 0 2 0 -1  1
11072175577622870242
5 3 4 4 -1  1
11072284999677948432
7 7 6 6 -1  1
11072824639194214660
6 4 4 4 -1  3
11073232288461496881
3 1 1 3 -1  1
11073486794906557267
4 2 3 2 -1  3
11073512557876909702
6 1 5 1 -1  1
11073599794004510061
4 3 6 4 -1  1
11073713981911133870
4 3 2 2 -1  1
11073748037033585580
6 3 4 3 -1  1
11073845713733019169
7 5 6 6 -1  2
11074025389596203686
1 1 4 4 -1  1
11074165211535605747
6 0 5 0 -1  1
11074262704734514530
7 5 7 3 -1  1
11074319164909558455
6 0 5 0 -1  1
11074523730071856375
6 3 5 2 -1  1
11074686120284765129
3 2 4 3 -1  1
11074730907064418714
1 2 3 1 -1  1
11074794575751571874
7 3 7 4 -1  2
11074797340254266886
2 2 4 1 -1  1
11074817203296552575
4 3 3 2 -1  4
7 1 5 2 -1  1
11074881854095015003
4 3 5 1 -1  1
11075204211211092254
6 1 2 5 -1  1
11075283993337326930
4 4 3 4 -1  1
11075377687259229994
4 6 6 6 -1  2
11075407345369650571
7 5 5 7 -1  1
11075433737479428444
5 6 4 5 -1  1
11075475746389177783
6 3 4 2 -1  1
11075655005974144513
3 5 5 5 -1  1
11075685166558837588
6 5 2 5 -1  1
11076005982308910959
6 5 5 5 -1  1
11076230222101513232
5 5 3 4 -1  1
11076283003219741557
7 6 6 7 -1  1
11076344026065684485
7 2 6 2 -1  1
11076595746763574875
7 2 6 2 -1  1
11076650069043455748
4 2 6 1 -1  1
11076689076562896734
3 1 3 3 -1  1
11076722140925484543
7 3 6 2 -1  1
11076789888198942956
6 4 7 5 -1  1
11077044573678999487
6 5 7 5 -1  1
11077258784527577922
7 4 7 6 -1  1
11077378371880316422
7 5 7 7 -1  3
11077485845774522601
5 5 4 5 -1  1
11077540440551575005
2 0 2 7 -1  1
11077567029137695317
7 4 7 3 -1  1
11077906534692805494
5 3 7 5 -1  1
11077962588071692004
5 4 6 5 -1  1
11078122823311693737
6 7 5 7 -1  1
11078194917137544326
6 4 5 3 -1  1
11078206587293182941
7 1 6 3 -1  1
11078312452296809533
2 0 5 3 -1  1
11078639430875023350
5 5 3 4 -1  1
11078712941578611345
6 0 5 1 -1  1
11078889280099641678
7 6 5 5 -1  1
11078907656333033219
6 4 6 5 -1  1
11078939578864298970
7 4 7 5 -1  1
11079015622552350133
3 1 2 2 -1  3
11079253961581507000
5 5 7 3 -1  1
11079341660583198026
5 5 4 3 -1  1
11079405115397143241
4 2 6 0 -1  3
11079504882411613607
7 6 6 6 -1  1
11079571817009721956
5 5 4 7 -1  1
11079574452500629020
5 5 3 3 -1  1
11079767623254748584
6 2 5 2 -1  1
11079807621916791239
7 0 7 1 -1  1
11079840164337983047
7 3 5 3 -1  1
11079910153306402194
6 1 7 2 -1  1
11080226762857073116
5 3 3 5 -1  1
11080316093055897059
2 3 2 6 -1  1
11080369978244036224
4 1 4 3 -1  1
11080423622729841172
6 4 5 6 -1  1
11080453915243043148
7 3 6 2 -1  7
7 6 5 5 -1  8
11080547758516861569
3 0 2 0 -1  1
11080667939996433904
5 4 4 3 -1  1
11080767113124592332
5 7 4 7 -1  1
7 6 6 7 -1  1
11080813011377333478
5 0 4 0 -1  1
11080857722644315947
7 5 7 4 -1  1
11080980744819662635
6 0 5 0 -1  1
11081018747918904523
6 3 4 2 -1  1
11081031000298782524
3 4 5 5 -1  1
11081169818336899321
6 2 6 4 -1  2
11081376933685465455
5 0 1 0 -1  1
11081575499100098622
3 4 3 5 -1  2
11081680199320201329
4 3 3 4 -1  1
11081962195843855528
5 1 5 0 -1  1
11082057120035641849
7 4 7 6 -1  2
11082160745578952963
5 5 6 3 -1  2
11082167237171480297
5 0 4 0 -1  2
11082225929303086813
7 5 6 6 -1  1
11082305881169418920
4 1 1 4 -1  1
11082561412737799377
0 4 7 4 -1  1
11082684606981377936
7 4 2 4 -1  1
11082860292167524585
5 4 6 4 -1  1
11082911043873195966
3 1 2 2 -1  1
11083056780144835856
3 2 1 0 -1  1
11083068580681326022
7 5 7 4 -1  1
11083080161741048248
7 3 0 3 -1  1
11083220284670026803
6 3 5 2 -1  1
11083373809316006460
2 2 1 2 -1  1
11083462421843215816
7 0 7 5 -1  1
11083519428473257508
6 3 5 5 -1  1
11083590969146236518
3 4 4 2 -1  1
11083981246453851414
3 2 1 4 -1  1
11084036409329223740
4 1 3 1 -1  1
11084081867111890685
3 1 4 0 -1  1
11084215334916597427
3 3 6 3 -1  1
11084503287077847542
5 4 4 3 -1  1
11084742574235151125
7 0 5 0 -1  1
11085049250357618247
7 3 6 3 -1  1
11085271951257764848
2 0 7 5 -1  1
11085474839257911970
5 4 6 4 -1  3
11085706587079721666
5 5 4 3 -1  1
11085721509655132168
3 4 2 5 -1  1
11085725071866795723
7 6 7 7 -1  2
11085840787868326572
3 3 3 4 -1  1
11085957749843545046
2 4 3 3 -1  1
11085970618528062974
5 2 6 0 -1  1
11086270652238636549
5 3 4 5 -1  1
11086275452463760326
5 6 4 5 -1  1
11086466988034759356
5 5 3 4 -1  1
11086612594198721132
4 2 6 1 -1  1
11086657607283015735
7 5 6 4 -1  1
11086807311804730427
4 4 6 4 -1  1
11086876272855559259
6 1 4 1 -1  1
11086891372880805244
2 3 1 3 -1  1
11086981234356718039
4 0 5 2 -1  1
11087075146242958094
5 2 4 0 -1  1
11087259253469975413
6 3 6 5 -1  1
11087266237367994791
7 2 5 2 -1  1
11087266428980553882
5 1 7 3 -1  1
11087308512870580397
5 3 4 3 -1  1
11087436615768464869
6 5 6 4 -1  1
11087648463227061994
4 3 2 2 -1  1
11087703946016381460
2 0 4 2 -1  1
11087784491395294040
0 3 0 4 -1  1
11087938462237716883
7 5 7 2 -1  1
11088112530620942953
6 4 3 1 -1  1
11088128719528147270
5 3 4 2 -1  1
11088286235510808182
0 4 1 4 -1  1
11088442482067520589
7 4 7 6 -1  1
11088561213008691201
5 5 4 5 -1  1
11089136074210325719
7 3 7 5 -1  1
11089163082635002241
6 4 5 4 -1  1
11089186318944677744
5 6 6 5 -1  1
11089408061344847959
4 5 3 5 -1  1
11089420377634158067
7 6 6 4 -1  1
11089486505193580790
5 5 4 6 -1  2
11089603607147260425
2 6 1 5 -1  1
11089728129076805998
4 5 3 4 -1  1
11089817477566558996
3 1 2 2 -1  1
11089928196649074560
7 5 6 4 -1  1
11089964499785161944
7 4 6 4 -1  1
11090130021388962904
4 7 3 6 -1  1
11090171184590891767
5 3 6 4 -1  1
11090205609960256507
7 7 2 7 -1  1
11090321922588885753
4 7 3 6 -1  1
11090579294953311829
1 3 4 3 -1  1
11090594998778746798
7 5 7 3 -1  1
11090674477467959368
6 4 3 1 -1  1
11090690462596365501
4 5 3 4 -1  2
11090749471026041026
6 0 5 1 -1  1
11090901394927851945
4 6 4 1 -1  1
11091110795142577295
4 3 3 2 -1  1
11091191689120129807
6 1 3 4 -1  1
11091411238805719941
6 1 7 3 -1  1
11091443968088960762
4 3 4 4 -1  1
11091554618662852523
6 3 4 4 -1  1
11091592795138769455
6 3 5 4 -1  1
11091721738705341922
6 5 4 5 -1  1
11091852106564601050
7 0 7 4 -1  1
11092023379942131586
4 5 0 5 -1  1
11092116212564703714
7 5 6 4 -1  1
11092406019963958044
6 2 4 4 -1  1
11092614659942262699
6 0 5 0 -1  1
11092780166085019775
7 3 3 7 -1  1
11093143477093812769
5 3 7 1 -1  1
11093171967596138484
4 7 2 6 -1  1
11093272988184427454
6 4 6 2 -1  1
11093308155564673613
1 5 2 5 -1  1
11093506432567531036
4 0 3 1 -1  1
11093820749878102864
7 6 5 5 -1  1
11093875582378798806
6 4 4 6 -1  1
11093901309662628093
6 6 5 6 -1  1
11093910399683262485
1 4 1 2 -1  1
11093970821030106038
4 3 3 2 -1  1
11094030614528812411
6 6 5 5 -1  1
11094285352189445095
6 7 5 7 -1  1
11094301603918783104
5 7 3 5 -1  1
11094642625578690930
5 2 5 3 -1  1
11094679048373260068
4 3 3 2 -1  1
11094899521654113143
4 4 6 2 -1  1
11094915353773085842
4 4 3 3 -1  1
11094935490122429109
6 4 5 5 -1  1
11095065692069645416
7 1 6 1 -1  1
11095294608483188621
5 5 1 1 -1  1
11095318542717735329
7 6 7 7 -1  1
11095503803644929151
6 3 5 3 -1  1
11095990211856281393
7 6 6 5 -1  1
11096083933618970944
7 3 5 1 -1  2
11096097162993350647
3 7 1 7 -1  1
11096461172081366051
3 6 2 5 -1  1
11096479780062526654
4 4 1 1 -1  1
11096693304161550748
6 3 4 2 -1  1
11096736149929289756
6 7 5 7 -1  1
11096938898242877103
7 3 6 2 -1  1
11097209077986784071
6 4 6 0 -1  1
11097256109411075393
6 5 6 2 -1  1
11097538096829987384
7 3 6 2 -1  1
11097765825057384663
7 5 6 4 -1  1
11097782491509659632
6 4 6 3 -1  1
11097987445551779470
0 2 1 4 -1  1
11098165466247788604
6 4 5 5 -1  1
11098431782316275693
5 5 7 4 -1  1
11098560908240711395
6 3 3 6 -1  1
11098590551668095644
1 1 2 0 -1  1
11098769981379235133
1 3 3 3 -1  1
11098879726466790012
4 3 2 2 -1  1
11099352512306792928
6 2 5 2 -1  2
11099526139439021228
7 5 7 2 -1  1
11099663238791776145
4 3 3 5 -1  1
11099792076758197572
5 6 5 3 -1  1
11099898366818307443
5 5 6 3 -1  1
11100029712517763568
4 4 5 2 -1  1
11100141552576506815
2 5 4 5 -1  1
11100352664230967805
4 6 5 5 -1  1
11100451579656565815
6 3 5 5 -1  1
11100464313232581633
7 6 7 7 -1  1
11100475686523179227
7 4 7 6 -1  1
11100514393418606154
7 2 4 5 -1  1
11100695738290351356
7 2 5 4 -1  1
11100815641088103419
7 5 7 0 -1  1
11100923268080559860
4 3 3 3 -1  1
11100962055141960986
6 6 5 5 -1  1
11101111887176215597
6 3 5 2 -1  1
11101167231804205774
7 0 6 0 -1  1
11101181751112227633
5 0 4 1 -1  1
11101283127104374861
7 6 7 7 -1  1
11101322338321949363
7 3 6 2 -1  1
11101552023760510388
7 4 6 4 -1  1
11101661676070263288
5 5 4 7 -1  1
11101911476339721403
5 6 5 7 -1  1
11102068953194351546
2 0 1 0 -1  1
11102136056000273348
4 4 3 4 -1  1
11102241520513202138
6 4 4 4 -1  2
11102598568877370920
7 3 4 0 -1  1
11102624657559762631
6 5 7 6 -1  1
11102645406960681332
5 4 3 4 -1  3
11102771600414323221
4 0 3 1 -1  1
11103158020723006564
3 1 2 1 -1  1
11103207109702126037
6 6 7 6 -1  1
11103219454508890562
6 0 5 0 -1  1
11103268914027821170
5 1 5 4 -1  1
11103275212280437249
4 1 4 0 -1  1
11103307376820736127
4 5 2 6 -1  1
11103471842005376733
6 2 5 2 -1  1
11103602209969452843
2 6 3 5 -1  1
11103604319934128702
7 1 6 3 -1  3
11103692022857610635
2 5 1 3 -1  1
11103876377296633600
5 4 4 4 -1  1
11104191969539818966
7 1 5 1 -1  1
11104286980052006033
7 5 7 4 -1  1
11104563495700827762
3 3 2 3 -1  1
11104616405475906487
4 1 1 1 -1  1
11104676938307144944
6 4 4 2 -1  1
11104722109261769480
4 3 3 4 -1  1
11104735136709215991
7 7 5 7 -1  1
11104948134363503330
4 5 3 5 -1  1
11104962637287644854
5 4 4 3 -1  1
11105238547571708318
6 2 4 2 -1  2
11105241868090731485
4 5 5 6 -1  1
11105575790587004204
6 6 6 7 -1  1
11105610023261232785
5 5 5 6 -1  1
11105648255195614553
7 1 6 1 -1  1
11105676699602804475
2 7 5 4 -1  1
11105787350060958966
7 4 7 3 -1  1
11105839252821116025
7 5 7 3 -1  1
11105902539234902946
6 4 5 4 -1  2
11106193963517167775
7 3 7 2 -1  1
11106263882833114438
6 3 5 5 -1  1
11106297951025375222
6 3 4 2 -1  1
11106453485858682706
5 2 4 4 -1  1
11106674605289867289
7 5 7 0 -1  1
11107080599416466328
5 0 3 1 -1  1
11107129796838923480
7 5 4 2 -1  1
11107289116670670472
4 4 4 3 -1  1
11107559338128107323
4 1 3 1 -1  1
11108312069355532523
5 5 5 7 -1  1
11108312267289228594
7 3 3 3 -1  1
11108491667893544579
1 0 4 0 -1  1
11108702021416551080
7 3 7 4 -1  1
11108715148637650842
7 4 7 6 -1  1
11108753241200665520
2 2 1 2 -1  1
11109046935566064940
7 3 6 3 -1  1
11109176129789944497
4 5 4 4 -1  1
11109239587274440304
6 7 4 7 -1  1
11109272522877641242
7 2 4 5 -1  1
11109302258357111257
6 1 3 4 -1  1
11109379008408348568
4 7 3 7 -1  1
11109568246877328736
7 0 7 5 -1  1
11109748728581928236
5 5 7 4 -1  1
11110305664680622104
4 7 5 5 -1  1
11110354168270416834
6 0 4 0 -1  1
11110368294462774389
6 5 5 5 -1  1
11110393133529481166
7 2 5 4 -1  1
11110444593303978489
5 5 2 2 -1  1
11110543629418275646
6 4 5 3 -1  1
11110845265336241293
7 2 6 3 -1  1
11110848569584763125
7 4 5 3 -1  1
11110869031980922131
7 0 7 4 -1  1
11110873776241194096
6 4 6 2 -1  1
11110921265811695491
6 4 5 4 -1  1
11111134089286397267
4 7 3 7 -1  1
11111208134751575692
3 0 5 2 -1  2
11111481728320533955
6 0 5 0 -1  1
11111495526312973852
7 0 7 3 -1  1
11111637379120326201
4 3 3 3 -1  1
11111732855950867415
4 1 3 1 -1  1
11112016074546392678
6 7 5 7 -1  1
11112199967873138158
4 3 3 3 -1  1
11112860886955474304
1 2 3 2 -1  1
11112965243201607058
5 4 4 3 -1  1
11113067322808826414
4 0 4 5 -1  1
11113227560819817423
6 6 5 7 -1  1
11113264951965580911
2 5 5 2 -1  1
11113372115732391874
7 2 6 3 -1  1
11113559584866658734
5 5 0 5 -1  1
11113794177357862077
1 1 0 3 -1  1
11113965541751546062
5 4 4 5 -1  1
11114116733878414532
6 1 6 4 -1  2
11114361259032325749
7 6 7 5 -1  1
11114390725237680457
3 0 2 0 -1  1
11114396663010260401
3 5 5 3 -1  1
11114570250149521105
5 7 4 7 -1  1
11114901619181063846
7 5 7 6 -1  1
11115004690021443061
4 4 6 2 -1  1
11115327780500495776
6 5 5 5 -1  1
11115570829010100673
5 3 2 6 -1  1
11115688890969689503
6 5 5 7 -1  1
11115701135523667391
5 4 6 3 -1  1
11115730424644156755
1 5 2 3 -1  1
11115891858229044727
4 3 5 1 -1  1
11116230206724549241
1 5 1 3 -1  1
11116520183675989761
4 3 3 3 -1  1
11116588859674587955
4 5 3 4 -1  1
11116676312302907866
6 7 7 6 -1  1
11116922341837045145
7 3 5 4 -1  1
11117012154989137712
5 1 6 2 -1  1
11117072411726675419
5 6 4 6 -1  1
11117123818743526145
7 2 4 5 -1  1
11117287799389874220
6 1 6 5 -1  1
11117340690966264401
5 6 4 5 -1  1
11117351456585713652
3 5 2 7 -1  2
11117717408919159733
3 4 5 5 -1  1
11117778279353423372
7 7 4 7 -1  1
11117824811562209298
3 7 3 6 -1  1
11117915344486753570
5 5 6 3 -1  1
11118249871437361229
3 6 1 5 -1  1
11118344893578707305
5 0 4 0 -1  1
11118809207171516895
6 7 5 7 -1  1
11118839162590081207
6 2 5 2 -1  4
11118922425030247071
7 4 7 6 -1  1
11119219378303010612
7 0 7 4 -1  1
11119277330043919152
7 1 5 2 -1  1
11119346676660473050
6 2 5 2 -1  1
11119375404828800855
4 3 3 3 -1  1
11119493749245073521
1 5 5 1 -1  1
11119568077757333280
3 4 3 7 -1  1
11119620348846600809
7 7 7 4 -1  1
11119943412452327580
4 6 3 6 -1  1
11119986371916376667
6 3 4 1 -1  1
11120049654498575818
5 2 4 4 -1  1
5 3 4 4 -1  6
11120177793928759267
2 4 1 4 -1  1
11120315573419579487
3 3 5 5 -1  1
11120438829883406804
5 2 4 4 -1  1
11120561009223275168
7 1 7 3 -1  1
11120684577936728141
6 6 5 5 -1  1
11120838428301079345
4 0 3 1 -1  1
11121022231705736812
3 5 5 7 -1  1
11121277946210130747
5 4 4 6 -1  1
11121361133561528937
0 3 2 5 -1  1
11121479311505061185
6 7 5 7 -1  2
11121506226965520726
3 3 2 3 -1  1
11121518901227909822
3 4 2 4 -1  1
11121530969872319538
7 6 7 4 -1  1
11121752649636711207
2 4 2 7 -1  2
2 4 3 4 -1  2
11121863765374351173
5 5 4 7 -1  1
11121890259150454005
4 3 4 7 -1  1
11122009523309317388
6 0 5 0 -1  1
11122026578355546729
6 5 7 4 -1  1
11122026809462978762
6 1 5 2 -1  1
11122201919101002334
4 4 0 0 -1  1
11122301802350883596
0 4 1 3 -1  1
11122360948736902118
5 5 4 6 -1  1
11122362647026491207
4 0 3 1 -1  1
11122480956739305143
0 1 1 2 -1  1
11122599590521309742
4 3 5 1 -1  1
11122647740255416261
6 7 5 7 -1  1
7 5 7 4 -1  1
11122685865533189221
6 3 7 4 -1  1
11122733934002962882
7 0 7 2 -1  1
11122834255130257135
6 3 5 2 -1  1
11122945140677650882
7 2 4 5 -1  2
11122945486666874407
4 3 0 3 -1  1
11123115728916251292
0 1 3 4 -1  1
11123327129669739373
5 5 3 4 -1  1
11123357631045460502
4 3 3 1 -1  1
11123615897537953693
5 5 4 3 -1  1
11123623149659813134
1 5 2 6 -1  3
11123644067239598472
7 3 6 3 -1  1
11124211405709726585
6 3 4 2 -1  1
11124452356193855330
4 2 3 4 -1  1
11124503943580775086
6 0 6 6 -1  1
11124533382343317205
6 1 5 1 -1  1
11124553946483314947
2 2 3 4 -1  1
11124626245541694011
7 5 7 4 -1  1
11124792007788474026
6 4 5 5 -1  1
11124882747520103095
2 5 4 6 -1  1
11125025361145809963
4 3 7 3 -1  1
11125056018980047541
5 5 6 7 -1  1
11125203728858330069
5 4 4 5 -1  1
11125389901817659221
7 7 6 7 -1  1
11125458864932258039
4 5 2 7 -1  1
11125594709522992173
5 0 6 1 -1  1
11125725026846510305
7 7 7 3 -1  1
11125734731849069661
7 4 6 5 -1  1
11126032213668405835
3 6 2 5 -1  1
11126573067720880170
4 2 6 1 -1  1
11126587321927028089
2 1 4 3 -1  1
11126624425776516617
6 6 5 6 -1  1
11127372354312545455
6 3 7 5 -1  1
11127539853000482270
6 7 5 7 -1  1
11127554762275349169
6 7 4 6 -1  1
11127592191287332052
7 2 6 3 -1  2
11127710966015091704
0 2 1 1 -1  1
11127801353360825785
4 0 3 0 -1  1
11127949019968884289
6 2 3 2 -1  1
11128235677907165617
2 7 6 7 -1  1
11128255139692542799
3 3 1 5 -1  1
11128330636662886450
5 5 5 4 -1  1
11128356930212104249
3 1 5 2 -1  1
11128468100886316755
5 2 4 2 -1  1
11128522586498942807
6 5 5 4 -1  2
11128579650786146109
1 6 1 0 -1  1
11128641166147108980
4 5 3 6 -1  1
11128685581180535120
5 0 4 0 -1  1
11128796911156812050
6 5 6 6 -1  1
11129312244312111057
5 5 3 4 -1  2
11129687723667297269
5 5 7 4 -1  1
11129960729844716294
7 7 6 6 -1  1
11130256791492002072
6 1 4 3 -1  3
11130372746402242226
1 1 1 2 -1  2
11130491006153059867
5 6 4 6 -1  1
11130648863885227511
6 3 4 4 -1  1
11130746738159422149
2 5 0 3 -1  1
11130961631670788100
4 7 5 7 -1  1
11131031506911859288
7 6 7 7 -1  1
11131319255777005203
6 5 5 5 -1  1
11131537394955465089
6 3 4 2 -1  1
11131722242788374033
4 1 3 0 -1  1
11131813293642901043
5 3 5 2 -1  1
11131816321308793480
7 2 6 2 -1  1
11131892560258059107
7 5 7 4 -1  1
11131957155273464263
6 7 6 4 -1  1
11132146844892662141
7 5 6 4 -1  1
11132502450256418238
7 2 6 1 -1  1
11132568802902608082
5 5 3 4 -1  1
11132716787131854069
7 2 6 1 -1  1
11132895492490021831
7 3 6 3 -1  1
11133042152491261212
7 6 6 5 -1  1
11133100027186629637
6 5 6 4 -1  1
11133100544336964696
6 3 5 1 -1  1
11133128747052902599
6 4 5 4 -1  1
11133256367754877442
1 3 4 3 -1  1
11133573348807369569
6 2 5 2 -1  1
11133688909255218203
4 3 5 3 -1  1
11133800323601767280
5 2 4 2 -1  1
11133898390872233786
6 5 7 4 -1  1
11133922105134738338
5 5 3 4 -1  1
11133927131729744042
6 6 5 7 -1  1
11134134251176920207
4 5 3 4 -1  1
11134145037791158159
4 2 5 2 -1  1
11134267927133844009
5 2 5 1 -1  2
11134450406284968522
4 2 3 1 -1  1
11134750827855841355
6 3 5 3 -1  1
11134817077155132470
2 6 1 4 -1  1
11134858364016748151
7 6 7 5 -1  1
11134983938204589108
7 2 5 4 -1  1
11135248655045601321
7 3 7 2 -1  1
11135625500567327086
6 3 4 3 -1  1
11135679801559021652
5 4 4 3 -1  1
11135944193379759180
5 7 4 7 -1  1
11135973847396757240
3 2 2 2 -1  1
11136037714471698722
6 4 5 4 -1  1
11136085556021255354
6 3 5 3 -1  1
11136203323373591427
7 5 6 4 -1  1
11136304661353863266
3 3 3 2 -1  1
11136423617987347008
4 6 5 7 -1  1
11136452643480037677
4 2 3 2 -1  1
11136577040470204038
7 2 6 1 -1  1
11136577235039352983
7 5 7 6 -1  1
11136606714526531946
5 1 4 3 -1  1
11136618085878492222
3 3 2 4 -1  1
11136855127299329372
3 5 2 5 -1  1
11136874131580948961
7 6 6 7 -1  1
11136956159980536346
2 3 2 6 -1  1
11137054994860884661
4 1 3 2 -1  1
11137235609800922469
7 3 3 3 -1  1
11137384229638499297
6 3 5 4 -1  1
11137660282523541658
3 5 1 7 -1  1
11137728078025132542
4 2 6 4 -1  1
11137762108294875217
7 2 5 0 -1  1
11137895324156799430
5 3 3 4 -1  3
11137905040671162897
7 1 7 3 -1  1
11137939644154348450
6 4 5 3 -1  1
11138104352439562610
7 5 7 4 -1  1
11138106075547312625
6 3 5 2 -1  1
11138151884210312428
6 3 7 3 -1  1
11138158323862216187
6 2 2 2 -1  1
11138184649008464200
6 4 7 4 -1  1
11138226289177340140
6 6 5 5 -1  1
11138233869715761902
5 5 4 3 -1  1
11138488010858457736
6 6 5 6 -1  1
11138524761981190530
4 3 4 1 -1  1
11138547826116234332
5 1 4 1 -1  1
11138580029630510448
6 4 5 4 -1  1
11138742294563128967
2 5 3 5 -1  2
11138753155470213470
6 4 4 3 -1  1
11138978998468947758
5 2 4 2 -1  1
11139017292516773032
3 7 2 6 -1  1
11139033138480441641
5 6 4 7 -1  1
11139098687749194694
7 5 5 3 -1  1
11139172828507548556
4 5 3 3 -1  1
11139345819990699578
7 3 7 2 -1  1
11139607111448067856
7 7 7 6 -1  1
11139860932200933224
4 2 5 0 -1  1
11140081720409665709
7 5 5 3 -1  1
11140094612628309141
5 5 5 6 -1  1
11140109997246525464
7 5 7 3 -1  1
11140131175584567835
6 3 4 4 -1  1
11140389375000765388
6 3 6 4 -1  1
11140395105436697251
6 7 5 7 -1  1
11140465846150530034
1 7 5 3 -1  1
11140891839623446858
6 7 6 6 -1  1
11140956088810166031
5 3 4 4 -1  1
11141066598891781148
7 6 7 7 -1  1
11141375153622319232
5 0 4 1 -1  1
11141917138390833596
6 4 5 3 -1  1
11141926470430798456
4 1 2 0 -1  1
11142208885866498226
5 0 4 0 -1  1
11142274211720624985
5 0 4 0 -1  1
11142401285984845500
4 4 4 5 -1  1
11142550205938966696
3 0 2 0 -1  1
11142587455066541728
3 4 4 4 -1  1
11142694763902189651
6 2 4 2 -1  1
11142838107739709809
5 5 2 2 -1  1
11142838221100265366
6 6 5 6 -1  1
7 1 6 3 -1  1
11142980093027127965
5 1 4 2 -1  1
11143084168847572404
4 3 4 4 -1  1
11143099358832422992
5 3 4 3 -1  1
11143221563246029089
6 4 4 4 -1  1
11143340156982083818
4 1 5 2 -1  3
11143475509129608635
6 4 6 3 -1  1
11143752585776830598
7 6 7 7 -1  1
11143771008068389768
7 1 7 0 -1  1
11143829823991650101
4 6 5 6 -1  1
11144157398487638495
7 2 7 5 -1  1
11144559443504213710
6 6 5 6 -1  1
11144872184609609889
7 0 7 2 -1  1
11145033495495920153
7 7 7 3 -1  1
11145221142107789059
7 1 5 1 -1  1
11145272948342234917
7 1 7 2 -1  1
11145334250716384097
1 6 1 7 -1  1
11145537657780204535
7 6 6 6 -1  2
11145733029065997065
7 4 5 5 -1  1
11145781709312618446
5 3 4 3 -1  1
11145872756992778880
0 3 3 3 -1  1
0 3 5 3 -1  1
11145968348037541882
6 4 4 4 -1  1
11145972717282024445
4 4 3 6 -1  1
11146003835874259324
0 3 4 7 -1  1
11146103760427080016
7 6 5 7 -1  3
11146207408092727047
6 4 5 3 -1  1
11146259955429219904
6 3 5 3 -1  1
6 7 5 7 -1  1
11146282822100268436
6 7 5 7 -1  1
11146883567795816386
5 2 3 3 -1  1
11146953597781357969
4 5 5 5 -1  1
11147011256484543055
4 4 3 2 -1  2
11147177912932810652
1 5 3 7 -1  1
11147372432389399799
1 0 1 2 -1  1
11147764048440219313
6 6 5 5 -1  1
11147775289074520100
5 4 4 3 -1  1
11147804162003039701
5 2 4 4 -1  1
11147848716075462516
6 4 6 2 -1  1
11147899392151802765
3 3 3 4 -1  1
11147912133971820740
3 2 5 1 -1  1
11148005590175003287
4 3 5 5 -1  1
11148081986519287992
5 3 4 2 -1  1
11148212920691932471
6 5 5 5 -1  1
11148218093672624975
7 0 7 2 -1  1
11148474698330947055
4 6 6 5 -1  1
11148602663912032085
4 3 2 4 -1  1
11148798415395196758
4 2 2 0 -1  1
11149054276750626005
0 3 6 3 -1  1
11149724660797839860
7 7 5 7 -1  2
11149732858611135624
5 1 6 0 -1  1
11149885551447911169
5 2 4 2 -1  1
11150165921433718756
2 3 1 1 -1  1
11150203247333759079
7 1 6 3 -1  1
11150286208208354567
4 3 2 2 -1  1
11150458408330579449
7 3 4 3 -1  2
11150458479875115783
6 5 4 6 -1  1
11150459523622987960
4 5 3 5 -1  1
11150497459305442975
6 2 1 2 -1  1
11150619339892201427
6 1 5 0 -1  2
11150721950588380522
3 4 2 6 -1  1
6 3 5 3 -1  1
11151117595397075352
7 1 6 3 -1  1
11151153271124836761
5 6 4 6 -1  1
11151227908717256678
7 5 6 4 -1  1
11151372467404772968
7 3 4 0 -1  1
11151455240113454613
2 6 2 5 -1  1
11151483750583809596
7 4 3 0 -1  3
11151590927934381489
5 5 6 6 -1  1
11151706809480710882
6 3 4 4 -1  1
11151862927821080317
5 3 4 4 -1  1
11151882675945329067
7 0 7 5 -1  1
11152022505055415546
3 2 4 3 -1  1
11152082101698682561
6 3 5 3 -1  1
11152090342540878595
1 1 3 1 -1  1
11152362724737638445
4 6 3 5 -1  1
11152363284739765849
5 7 6 6 -1  1
11152369407488330267
5 2 4 2 -1  2
11152407586447197782
7 5 7 4 -1  1
11152959759953164725
7 4 7 5 -1  1
11153209013042003998
6 0 5 0 -1  1
11153306368530834892
2 3 1 4 -1  1
11153395076441689269
7 3 7 0 -1  1
11153407590891727537
1 1 5 1 -1  1
11153566123721329390
5 0 5 3 -1  1
11153847360590527859
5 5 6 3 -1  1
11153935350803628993
6 5 5 6 -1  1
11153980760990016232
6 1 5 0 -1  1
11154039840477982008
6 1 4 2 -1  1
11154429676077350640
7 5 7 3 -1  1
11154574315691373263
6 6 4 6 -1  1
11154583317570646602
2 0 5 3 -1  1
11154703694611617246
7 7 7 6 -1  1
